0.6855
0.6934
0.6807
0.6631
0.6338
0.6211
0.6338
0.6553
0.6895
0.6719
0.6904
0.7285
0.7393
0.6895
0.6885
0.7119
0.7432
0.6826
0.6738
0.6787
0.6855
0.6738
0.7285
0.7842
0.7676
0.79
0.8066
0.7441
0.748
0.7363
0.6914
0.708
0.7158
0.6953
0.6855
0.71
0.7197
0.6885
0.7061
0.7266
0.6953
0.6934
0.7129
0.7334
0.7139
0.7471
0.7646
0.7422
0.7109
0.6768
0.6416
0.6299
0.6172
0.6191
0.6074
0.6299
0.6963
0.6934
0.7168
0.8008
0.8613
0.8262
0.7793
0.7168
0.6885
0.6602
0.6543
0.6621
0.6455
0.6133
0.6104
0.6113
0.6328
0.6709
0.708
0.8242
0.8496
0.8652
0.875
0.8613
0.8291
0.7266
0.666
0.6455
0.6484
0.7129
0.7002
0.6953
0.7881
0.8711
0.7979
0.7471
0.8184
0.8135
0.7314
0.6943
0.7129
0.7275
0.7109
0.6777
0.6826
0.708
0.7217
0.6855
0.6689
0.6934
0.7227
0.7168
0.6943
0.7197
0.7451
0.7295
0.6992
0.7002
0.7295
0.7061
0.6943
0.6602
0.6436
0.6338
0.6445
0.6934
0.7471
0.7441
0.6777
0.6543
0.6445
0.6436
0.6699
0.7061
0.7021
0.6592
0.6504
0.6523
0.6953
0.7461
0.7559
0.6973
0.6729
0.6709
0.71
0.7598
0.7744
0.7334
0.6875
0.6777
0.6973
0.7178
0.7373
0.7139
0.6797
0.6689
0.6768
0.707
0.7354
0.7393
0.6973
0.6709
0.6836
0.7129
0.7344
0.7275
0.6875
0.6738
0.71
0.7441
0.7891
0.752
0.7119
0.7139
0.7344
0.7402
0.7129
0.6816
0.665
0.667
0.668
0.6846
0.6768
0.7021
0.7734
0.8281
0.8145
0.8145
0.7617
0.7324
0.7451
0.7871
0.8066
0.7891
0.7686
0.7275
0.6865
0.6592
0.626
0.6045
0.5869
0.5762
0.584
0.623
0.6416
0.6641
0.6797
0.6826
0.6582
0.6563
0.666
0.6758
0.6592
0.6426
0.6377
0.6221
0.625
0.6563
0.7012
0.7344
0.7168
0.6768
0.7012
0.707
0.7119
0.7295
0.7578
0.7314
0.6963
0.6689
0.6445
0.6377
0.6357
0.6689
0.7168
0.7676
0.8096
0.8145
0.7334
0.7607
0.7725
0.6934
0.7383
0.8652
0.7686
0.7803
0.8545
0.7988
0.79
0.8105
0.7813
0.7832
0.8047
0.8047
0.7822
0.7646
0.7021
0.7021
0.708
0.7139
0.751
0.7715
0.8184
0.8379
0.835
0.7969
0.8047
0.8359
0.8438
0.7617
0.752
0.749
0.7549
0.7607
0.6973
0.7051
0.7021
0.6729
0.6602
0.6875
0.7041
0.7246
0.7559
0.6982
0.6709
0.6934
0.7383
0.7607
0.7051
0.7041
0.7549
0.7803
0.7246
0.751
0.8057
0.8018
0.7324
0.7461
0.7568
0.7559
0.7334
0.7705
0.7773
0.7461
0.7793
0.7764
0.7549
0.7207
0.7383
0.7471
0.7139
0.6943
0.7324
0.7637
0.7344
0.7227
0.7666
0.7842
0.7373
0.751
0.7539
0.7266
0.71
0.7393
0.7432
0.7178
0.7207
0.7383
0.7148
0.6973
0.7295
0.7295
0.7275
0.6836
0.6963
0.6973
0.6924
0.6719
0.7061
0.709
0.6836
0.6807
0.7051
0.7217
0.7051
0.6758
0.6816
0.709
0.7129
0.6846
0.6748
0.7109
0.7334
0.7461
0.709
0.709
0.7344
0.7432
0.7158
0.6973
0.7236
0.7227
0.7158
0.6865
0.6689
0.6846
0.6963
0.6982
0.6719
0.6504
0.6631
0.6904
0.6895
0.6641
0.6484
0.6328
0.625
0.6367
0.665
0.7217
0.6982
0.6943
0.7471
0.792
0.79
0.7393
0.7021
0.7402
0.7637
0.7832
0.7441
0.7041
0.7373
0.748
0.7959
0.8008
0.8086
0.7461
0.7275
0.7383
0.7285
0.7012
0.6973
0.7344
0.793
0.7939
0.7988
0.835
0.7607
0.7148
0.6768
0.6416
0.6289
0.6182
0.625
0.6465
0.6602
0.6631
0.6504
0.6875
0.6602
0.6465
0.6816
0.7725
0.8193
0.7275
0.7217
0.7822
0.8281
0.7695
0.7246
0.6807
0.6504
0.6279
0.6201
0.6025
0.5889
0.5713
0.5596
0.5469
0.5439
0.5293
0.5176
0.5176
0.5029
0.5029
0.5
0.4932
0.4961
0.4883
0.4873
0.4883
0.4795
0.4873
0.4814
0.4814
0.4785
0.4824
0.4893
0.4824
0.4834
0.4805
0.4902
0.4971
0.4961
0.5117
0.5137
0.5166
0.5186
0.5146
0.5137
0.5166
0.5049
0.5029
0.5
0.4941
0.4971
0.4893
0.4844
0.4824
0.4746
0.4697
0.4717
0.4736
0.4707
0.4697
0.4756
0.4736
0.4814
0.4746
0.4795
0.4863
0.4824
0.5
0.499
0.499
0.5078
0.4971
0.499
0.4971
0.4912
0.4854
0.4795
0.4717
0.4746
0.4697
0.4648
0.4609
0.4639
0.4541
0.4512
0.4502
0.4521
0.4502
0.4492
0.4492
0.4482
0.4482
0.4463
0.4492
0.4492
0.4453
0.4434
0.4463
0.4482
0.4453
0.4453
0.4512
0.4512
0.4531
0.4482
0.4473
0.4492
0.4512
0.4502
0.4482
0.4482
0.4404
0.4463
0.4492
0.4453
0.4395
0.4404
0.4395
0.4404
0.4385
0.4336
0.4307
0.4346
0.4326
0.4316
0.4277
0.4258
0.4238
0.4258
0.4277
0.4238
0.4189
0.4219
0.4268
0.418
0.415
0.418
0.417
0.4209
0.4189
0.4199
0.415
0.416
0.4141
0.418
0.418
0.416
0.4121
0.417
0.417
0.415
0.4111
0.4131
0.4121
0.4111
0.4082
0.4072
0.4082
0.4102
0.4043
0.4023
0.4023
0.4082
0.4033
0.4004
0.3994
0.4033
0.4043
0.4033
0.4004
0.3994
0.4033
0.4043
0.4014
0.4004
0.4043
0.4023
0.4023
0.4043
0.4023
0.4053
0.3994
0.4023
0.4053
0.4043
0.4014
0.3965
0.3975
0.3994
0.4014
0.3936
0.3916
0.3955
0.3984
0.3936
0.3955
0.3926
0.3906
0.3896
0.3945
0.3955
0.3916
0.3936
0.3857
0.3857
0.3896
0.3896
0.3887
0.3828
0.3838
0.3848
0.3887
0.3818
0.3818
0.3799
0.3818
0.3818
0.3799
0.376
0.3809
0.3818
0.3799
0.3779
0.375
0.377
0.375
0.3789
0.3799
0.3799
0.3789
0.3799
0.376
0.3799
0.3779
0.3779
0.376
0.3779
0.3779
0.3789
0.3789
0.374
0.375
0.373
0.377
0.377
0.373
0.374
0.373
0.375
0.375
0.374
0.3721
0.3711
0.3691
0.3721
0.374
0.374
0.374
0.3721
0.3701
0.3701
0.376
0.376
0.3721
0.3721
0.3721
0.3779
0.3701
0.3691
0.3711
0.3711
0.3691
0.3682
0.3662
0.3691
0.3711
0.3672
0.3672
0.3662
0.3672
0.3711
0.3672
0.3672
0.3672
0.3691
0.3652
0.3682
0.3711
0.3672
0.3662
0.3682
0.3721
0.3701
0.3711
0.373
0.374
0.3789
0.3789
0.3779
0.376
0.377
0.3838
0.3896
0.4004
0.4141
0.4336
0.4395
0.4375
0.4336
0.4316
0.4326
0.4355
0.4287
0.4258
0.4219
0.4209
0.4189
0.416
0.4189
0.4287
0.4346
0.4375
0.4336
0.4346
0.4375
0.4531
0.4766
0.5029
0.5029
0.4844
0.4717
0.4658
0.4629
0.4707
0.4883
0.4961
0.4902
0.4795
0.4717
0.4678
0.4785
0.5039
0.5283
0.5371
0.5117
0.4961
0.4883
0.4814
0.4932
0.5117
0.5273
0.5156
0.5
0.4932
0.5029
0.5313
0.5752
0.5664
0.5313
0.5127
0.5039
0.5137
0.5293
0.543
0.5166
0.5039
0.4971
0.4912
0.4873
0.5088
0.5762
0.6289
0.6074
0.5615
0.5342
0.5225
0.541
0.5986
0.6396
0.6113
0.5674
0.5479
0.5479
0.5996
0.6846
0.6787
0.6035
0.5723
0.5586
0.5732
0.625
0.6465
0.5898
0.5645
0.5615
0.6133
0.7334
0.7266
0.6387
0.5957
0.6055
0.6465
0.6885
0.6211
0.5908
0.6104
0.6602
0.6758
0.6074
0.5859
0.6162
0.6963
0.6611
0.6055
0.5898
0.6201
0.6641
0.6396
0.5986
0.5889
0.627
0.6816
0.6357
0.5967
0.6025
0.6328
0.6572
0.627
0.5938
0.5957
0.6182
0.6357
0.6123
0.5664
0.5439
0.5371
0.5313
0.5469
0.5811
0.5859
0.5625
0.5576
0.583
0.6367
0.6484
0.5967
0.5781
0.584
0.6064
0.6152
0.5859
0.5713
0.5977
0.6777
0.7012
0.625
0.5986
0.6172
0.6953
0.75
0.6592
0.6221
0.6348
0.7002
0.71
0.6387
0.6143
0.6406
0.7158
0.6855
0.6318
0.6162
0.6318
0.7168
0.8096
0.7324
0.6465
0.6152
0.6162
0.6748
0.7891
0.7402
0.6533
0.625
0.6553
0.7822
0.8213
0.708
0.6406
0.6182
0.6572
0.793
0.8086
0.7041
0.6406
0.6318
0.7041
0.8379
0.752
0.6631
0.6484
0.6973
0.8125
0.7266
0.6514
0.6328
0.6611
0.7627
0.7451
0.6572
0.6318
0.6328
0.6699
0.7148
0.6826
0.6348
0.624
0.6533
0.7168
0.7178
0.6504
0.6309
0.6494
0.6875
0.6963
0.6436
0.6201
0.6318
0.6787
0.708
0.6611
0.627
0.6221
0.6523
0.6836
0.6738
0.626
0.6084
0.6133
0.6348
0.6943
0.6631
0.6299
0.623
0.6523
0.6982
0.709
0.6553
0.624
0.6182
0.6406
0.6973
0.7344
0.6611
0.6299
0.6211
0.6523
0.7217
0.7334
0.6553
0.6328
0.6387
0.6797
0.7256
0.6631
0.6416
0.6543
0.6943
0.7344
0.6943
0.6455
0.6299
0.6367
0.6719
0.7139
0.6523
0.6328
0.6436
0.6719
0.6982
0.6484
0.6279
0.625
0.6455
0.6885
0.665
0.6309
0.6182
0.6348
0.6797
0.7168
0.6523
0.6367
0.6523
0.6758
0.6836
0.6455
0.6426
0.6641
0.6729
0.6777
0.6426
0.6338
0.6553
0.6826
0.6787
0.6445
0.6396
0.6709
0.7168
0.7295
0.668
0.6455
0.6582
0.6738
0.6963
0.6494
0.6299
0.6387
0.6729
0.71
0.665
0.6533
0.6719
0.6914
0.6543
0.6436
0.6611
0.6787
0.6504
0.6357
0.6563
0.6797
0.6553
0.6455
0.667
0.6807
0.6582
0.6367
0.6455
0.6641
0.7041
0.6768
0.6484
0.6719
0.7207
0.7266
0.6641
0.6748
0.6934
0.7129
0.6846
0.6465
0.6514
0.665
0.6768
0.668
0.6367
0.627
0.6436
0.6816
0.665
0.6406
0.6504
0.6807
0.6973
0.6875
0.6455
0.6426
0.666
0.6895
0.6719
0.6377
0.6289
0.6348
0.6377
0.623
0.6035
0.6006
0.5898
0.5811
0.5723
0.5596
0.5527
0.5498
0.5527
0.5791
0.6396
0.6465
0.6104
0.6104
0.6436
0.6836
0.708
0.6563
0.6318
0.6338
0.6523
0.7158
0.666
0.6416
0.6445
0.6602
0.6465
0.624
0.6104
0.5957
0.5996
0.5986
0.5928
0.6084
0.6289
0.6602
0.6357
0.6299
0.6484
0.6572
0.6475
0.623
0.6074
0.6025
0.5986
0.5898
0.5957
0.6309
0.7012
0.6934
0.7441
0.8018
0.7383
0.7227
0.7393
0.7441
0.6807
0.7051
0.7217
0.709
0.6689
0.7129
0.7393
0.7559
0.7061
0.6729
0.6816
0.6875
0.7109
0.6816
0.6631
0.6855
0.7158
0.6895
0.6484
0.6582
0.6553
0.6289
0.6172
0.623
0.6064
0.6143
0.6221
0.6445
0.6279
0.6338
0.667
0.6846
0.6543
0.6387
0.6553
0.6729
0.6816
0.6445
0.6689
0.7002
0.7002
0.6709
0.708
0.707
0.6885
0.6553
0.6123
