1.248
1.228
1.244
1.228
1.189876
1.24
1.236
1.244
1.224
1.228
1.232
1.228
1.224
1.212
1.22
1.212
1.204
1.168
1.192
1.192
1.172
1.188
1.196
1.176
1.188
1.184
1.2
1.204
1.2
1.208
1.22
1.204
1.196
1.216
1.18
1.208
1.208
1.188
1.192
1.172
1.196
1.196
1.18
1.188
1.188
1.176
1.168
1.192
1.172
1.196
1.184
1.172
1.164
1.148
1.192858
1.168
1.16
1.223863
1.152
1.197828
1.198798
1.148
1.16
1.156
1.164
1.22616
1.176
1.168
1.188
1.196
1.188
1.216
1.216
1.2
1.216
1.196
1.22
1.216
1.184
1.2
1.196
1.184
1.192
1.196
1.172
1.204
1.184
1.2
1.184
1.212
1.192
1.212
1.172
1.216
1.208
1.176
1.204
1.196
1.196
1.2
1.18
1.208
1.204
1.196
1.208
1.216
1.196
1.212
1.212
1.196
1.224
1.216
1.184
1.216
1.192
1.204
1.204
1.172
1.204
1.208
1.184
1.2
1.208
1.196
1.192
1.2
1.176
1.192
1.196
1.184
1.18
1.2
1.212
1.192
1.224
1.216
1.204
1.232
1.212
1.204
1.216
1.2
1.208
1.216
1.192
1.204
1.208
1.18
1.2
1.204
1.184
1.208
1.212
1.212
1.192
1.212
1.208
1.2
1.212
1.196
1.22
1.216
1.188
1.208
1.208
1.172
1.212
1.2
1.176
1.204
1.2
1.184
1.192
1.2
1.18
1.2
1.208
1.176
1.208
1.204
1.184
1.208
1.208
1.176
1.208
1.2
1.172
1.2
1.208
1.176
1.196
1.204
1.18
1.188
1.196
1.192
1.2
1.18
1.144
1.188
1.156
1.172
1.168
1.16
1.184
1.18
1.172
1.18
1.18
1.16
1.18
1.18
1.152
1.2
1.2
1.176
1.188
1.192
1.18
1.204
1.212
1.2
1.192
1.212
1.216
1.196
1.212
1.212
1.172
1.208
1.2
1.156
1.204
1.192
1.16
1.2
1.192
1.164
1.192
1.188
1.204
1.18
1.2
1.196
1.18
1.204
1.208
1.168
1.208
1.2
1.168
1.2
1.204
1.184
1.188
1.192
1.176
1.18
1.204
1.196
1.18
1.2
1.176
1.188
1.188
1.172
1.188
1.192
1.192
1.176
1.196
1.164
1.18
1.18
1.184
1.152
1.188
1.18
1.144
1.192
1.184
1.152
1.192
1.184
1.156
1.2
1.196
1.156
1.204
1.192
1.156
1.192
1.176
1.16
1.18
1.184
1.184
1.172
1.196
1.18
1.172
1.192
1.184
1.18
1.144
1.196
1.172
1.2
1.196
1.16
1.208
1.192
1.156
1.2
1.188
1.156
1.188
1.188
1.16
1.176
1.184
1.168
1.192
1.196
1.184
1.192
1.18
1.168
1.188
1.168
1.176
1.168
1.152
1.152
1.184
1.18
1.144
1.172
1.18
1.168
1.188
1.168
1.188
1.192
1.168
1.192
1.184
1.148
1.184
1.172
1.148
1.176
1.172
1.148
1.18
1.18
1.168
1.176
1.188
1.168
1.172
1.176
1.172
1.16
1.172
1.172
1.152
1.184
1.172
1.144
1.18
1.176
1.156
1.172
1.176
1.16
1.172
1.184
1.18
1.168
1.184
1.188
1.164
1.184
1.156
1.176
1.188
1.196
1.176
1.204
1.184
1.192
1.190962
1.2
1.224
1.204
1.16
1.208
1.192
1.16
1.204
1.196
1.156
1.204
1.192
1.156
1.2
1.196
1.164
1.204
1.2
1.176
1.2
1.2
1.2
1.16
1.2
1.196
1.168
1.2
1.196
1.164
1.2
1.2
1.168
1.216
1.208
1.164
1.204
1.2
1.168
1.212
1.2
1.172
1.208
1.208
1.184
1.208
1.208
1.184
1.2
1.22
1.196
1.188
1.212
1.196
1.176
1.216
1.188
1.184
1.216
1.18
1.172
1.216
1.18
1.168
1.208
1.184
1.172
1.204
1.176
1.168
1.2
1.184
1.164
1.196
1.196
1.156
1.192
1.184
1.148
1.192
1.18
1.152
1.188
1.184
1.156
1.184
1.188
1.172
1.192
1.196
1.172
1.184
1.196
1.2
1.156
1.204
1.196
1.156
1.2
1.184
1.156
1.188
1.188
1.168
1.164
1.192
1.164
1.156
1.188
1.164
1.156
1.192
1.164
1.184
1.192
1.168
1.16
1.2
1.176
1.14
1.184
1.18
1.156
1.172
1.184
1.156
1.148
1.176
1.156
1.152
1.18
1.172
1.14
1.168
1.176
1.148
1.16
1.192
1.152
1.168
1.192
1.164
1.164
1.2
1.192
1.152
1.184
1.192
1.168
1.16
1.196
1.188
1.148
1.188
1.18
1.16
1.156
1.188
1.16
1.156
1.188
1.176
1.144
1.18
1.172
1.14
1.14
1.172
1.148
1.136
1.184
1.172
1.136
1.144
1.172
1.156
1.144
1.176
1.168
1.148
1.188
1.18
1.152
1.16
1.184
1.152
1.14
1.172
1.168
1.14
1.168
1.176
1.168
1.16
1.196
1.192
1.156
1.188
1.188
1.164
1.172
1.196
1.176
1.152
1.188
1.176
1.144
1.176
1.172
1.168
1.128
1.16
1.172
1.128
1.156219
1.168
1.136
1.148
1.16
1.132
1.164
1.176
1.152
1.172
1.192
1.168
1.16
1.2
1.156
1.16
1.188
1.16
1.176
1.196
1.196
1.164
1.204
1.196
1.18
1.18
1.196
1.188
1.172
1.204
1.184
1.172
1.212
1.18
1.164
1.204
1.208
1.16
1.196
1.18
1.144
1.168
1.18
1.144
1.164
1.172
1.152
1.136
1.188
1.188
1.16
1.164
1.2
1.172
1.168
1.208
1.184
1.148
1.148
1.188
1.164
1.148
1.14
1.188
1.164
1.152
1.196
1.184
1.16
1.168
1.192
1.188
1.16
1.176
1.196
1.172
1.164
1.196
1.176
1.16
1.196
1.188
1.156
1.156
1.176
1.184
1.16
1.192
1.168
1.156
1.172
1.188
1.144
1.148
1.184
1.16
1.152
1.192
1.16
1.16
1.192
1.168
1.164
1.196
1.2
1.16
1.18
1.196
1.164
1.164
1.192
1.168
1.2
1.196
1.168
1.172
1.204
1.192
1.144
1.172
1.176
1.148
1.168
1.184
1.152
1.152
1.168
1.168
1.14
1.176
1.176
1.132
1.18
1.172
1.152
1.192
1.176
1.16
1.2
1.18
1.136
1.188
1.192
1.156
1.164
1.2
1.2
1.168
1.176
1.204
1.172
1.172
1.204
1.192
1.152
1.176
1.192
1.176
1.164
1.2
1.172
1.148
1.192
1.172
1.148
1.192
1.188
1.148
1.176
1.184
1.164
1.152
1.192
1.156
1.148
1.196
1.188
1.152
1.176
1.192
1.152
1.14
1.192
1.164
1.14
1.188
1.148
1.164
1.192
1.16
1.184
1.184
1.16
1.188
1.184
1.16
1.192
1.216
1.176
1.172
1.212
1.18
1.168
1.2
1.204
1.16
1.164
1.204
1.172
1.172
1.2
1.184
1.168
1.212
1.2
1.176
1.18
1.204
1.18
1.172
1.208
1.196
1.18
1.18
1.208
1.188
1.168
1.18
1.208
1.176
1.164
1.196
1.192
1.18
1.168
1.192
1.188
1.176
1.188
1.18
1.16
1.18
1.156
1.18
1.168
1.156
1.184
1.144
1.144
1.14
1.168
1.14
1.168
1.152
1.136
1.16
1.164424
1.168627
1.192
1.18
1.172
1.188
1.204
1.192
1.164
1.208
1.188
1.176
1.204
1.188
1.192
1.188
1.172
1.192
1.192
1.172
1.216
1.188
1.18
1.212
1.18
1.192
1.212
1.184
1.168
1.168
1.2
1.188
1.188
1.192
1.192
1.22
1.188
1.192
1.204
1.204
1.192
1.2
1.212
1.208
1.172
1.208
1.2
1.192
1.212
1.188
1.196
1.212
1.176
1.176
1.208
1.172
1.168
1.204
1.172
1.176
1.204
1.172
1.172
1.2
1.156
1.168
1.188
1.152
1.196
1.184
1.156
1.184
1.196
1.164
1.184
1.204
1.172
1.18
1.208
1.176
1.164
1.18
1.19783
1.196
1.224
1.188
1.18
1.2
1.188
1.18
1.2
1.176
1.176
1.192
1.16
1.168
1.192
1.164
1.164
1.2
1.168
1.176
1.204
1.172
1.18
1.2
1.184
1.172
1.192
1.184
1.164
1.156
1.172
1.156
1.168
1.168
1.148
1.184
1.172
1.148
1.196
1.156
1.172
1.188
1.168
1.196
1.2
1.18
1.2
1.208
1.184
1.192
1.204
1.18
1.164
1.2
1.188
1.152
1.188
1.184
1.152
1.152
1.188
1.152
1.164
1.184
1.16
1.16
1.188
1.172
1.164
1.184
1.184
1.152
1.136
1.148
1.14
1.172
1.144
1.144
1.182715
1.14
1.128
1.148
1.136
1.183436
1.178384
1.166773
1.207591
1.185134
1.148
1.132
1.168
1.156
1.142206
1.188
1.156
1.18
1.168
1.156
1.172
1.184
1.192
1.184
1.16
1.204
1.2
1.168
1.212
1.192
1.2
1.212
1.212
1.172
1.204
1.192
1.184
1.208
1.176
1.18
1.2
1.184
1.18
1.204
1.184
1.172
1.204
1.18
1.176
1.204
1.184
1.176
1.208
1.18
1.172
1.208
1.18
1.172
1.2
1.168
1.176
1.196
1.168
1.172
1.204
1.168
1.176
1.184
1.172
1.176
1.2
1.176
1.18
1.212
1.176
1.176
1.208
1.168
1.18
1.208
1.168
1.176
1.208
1.168
1.188
1.192
1.164
1.176
1.196
1.168
1.176
1.176
1.16
1.192
1.18
1.148
1.196
1.188
1.16
1.196
1.18
1.144
1.16
1.164
1.128
1.144
1.156
1.136
1.164
1.16
1.148
1.152
1.176
1.176
1.148
1.148
1.18
1.156
1.168
1.18
1.156
1.164
1.184
1.148
1.168
1.188
1.14
1.184
1.168
1.148
1.192
1.176
1.152
1.196
1.188
1.148
1.164
1.18
1.156
1.16
1.184
1.172
1.156
1.192
1.164
1.156
1.18
1.164
1.144
1.164
1.18
1.14
1.156
1.18
1.148
1.176
1.128
1.188743
1.152
1.168272
1.156
1.152
1.15788
1.164
1.16
1.144
1.176
1.18
1.16
1.188
1.188
1.172
1.168
1.2
1.196
1.16
1.216
1.18
1.172
1.204
1.176
1.16
1.176
1.188
1.136
1.168
1.156
1.124
1.16
1.168
1.168
1.144
1.18
1.156
1.18
1.184
1.16
1.156
1.192
1.184
1.164
1.168
1.196
1.16
1.16
1.192
1.18
1.152
1.152
1.172
1.18
1.156
1.164
1.184
1.148
1.152
1.184
1.14
1.16
1.188
1.16
1.164
1.188
1.164
1.152
1.18
1.168
1.152
1.176
1.172
1.152
1.176
1.196
1.148
1.16
1.184
1.164
1.148
1.188
1.16
1.164
1.196
1.16
1.168
1.188
1.176
1.156
1.18
1.164
1.156
1.176
1.184
1.144
1.184
1.184
1.168
1.2
1.184
1.18
1.176
1.18
1.164
1.168
1.196
1.16
1.192
1.184
1.172
1.192
1.168
1.128
1.2
1.184
1.168
1.184
1.192
1.176
1.176
1.2
1.168
1.156
1.18
1.172
1.148
1.184
1.18
1.144
1.184
1.164
1.176
1.204
1.176
1.172
1.204
1.188
1.168
1.188
1.168
1.152
1.16
1.176
1.176
1.152
1.16
1.176
1.16
1.164
1.196
1.18
1.176
1.212
1.208
1.184
1.2
1.212
1.196
1.2
1.204
1.208
1.208
1.18
1.208
1.204
1.188
1.176
1.196
1.172
1.164
1.188
1.192
1.168
1.192
1.188
1.168
1.188
1.188
1.172
1.18
1.196
1.196
1.172
1.216
1.208
1.168
1.204
1.192
1.172
1.164
1.184
1.172
1.176
1.212
1.176
1.2
1.204
1.18
1.192
1.196
1.18
1.196
1.212
1.18
1.212
1.204
1.18
1.2
1.204
1.188
1.172
1.196
1.192
1.184
1.216
1.184
1.184
1.204
1.184
1.176
1.192
1.172
1.172
1.188
1.192
1.168
1.196
1.188
1.168
1.188
1.188
1.172
1.16
1.188
1.176
1.152
1.168
1.164
1.16
1.168
1.156
1.176
1.18
1.156
1.18
1.184
1.16
1.176
1.18
1.156
1.18
1.188
1.168
1.184
1.196
1.192
1.172
1.188
1.172
1.192
1.152
1.144
1.170508
1.156437
1.132
1.148
1.172
1.14
1.172
1.192
1.16
1.176
1.2
1.18
1.176
1.192
1.196
1.18
1.2
1.196
1.176
1.192
1.192
1.164
1.164
1.176
1.18
1.152
1.144
1.156
1.164
1.156
1.16
1.176
1.164
1.156
1.168
1.176
1.164
1.188
1.168
1.176
1.18
1.188
1.156
1.172
1.16
1.184
1.184
1.168
1.192
1.184
1.18
1.196
1.188
1.176
1.188
1.184
1.18
1.2
1.176
1.172
1.168
1.188
1.168
1.148
1.156
1.16
1.14
1.148
1.152
1.14
1.168
1.136
1.14
1.168
1.152
1.152
1.184
1.156
1.184
1.18
1.164
1.164
1.196
1.168
1.156
1.192
1.184
1.148
1.192
1.164
1.156
1.192
1.18
1.156
1.164
1.188
1.168
1.172
1.196
1.172
1.176
1.2
1.18
1.184
1.188
1.188
1.2
1.176
1.188
1.168
1.192
1.144
1.144
1.156
1.156
1.136
1.148
1.144
1.172
1.164
1.172
1.18
1.16
1.176
1.164
1.184
1.156
1.204
1.192
1.164
1.176
1.208
1.168
1.184
1.204
1.152
1.196
1.192
1.168
1.196
1.204
1.18
1.172
1.196
1.192
1.18
1.192
1.188
1.172
1.188
1.176
1.176
1.192
1.18
1.164
1.18
1.164
1.172
1.192
1.172
1.196
1.196
1.168
1.168
1.176
1.172
1.164
1.16
1.172
1.168
1.168
1.18
1.16
1.192
1.176
1.188
1.172
1.192
1.188
1.176
1.188
1.196
1.18
1.176
1.188
1.172
1.18
1.188
1.164
1.2
1.188
1.168
1.2
1.208
1.18
1.2
1.196
1.192
1.208
1.2
1.188
1.188
1.184
1.196
1.18
1.2
1.192
1.18
1.2
1.192
1.188
1.196
1.188
1.176
1.18
1.184
1.168
1.184
1.168
1.156
1.168
1.164
1.164
1.188
1.164
1.16
1.184
1.164
1.168
1.176
1.164
1.164
1.188
1.156
1.16
1.18
1.156
1.16
1.188
1.156
1.172
1.192
1.176
1.172
1.196
1.176
1.16
1.18
1.172
1.16
1.18
1.172
1.152
1.18
1.172
1.168
1.18
1.172
1.168
1.18
1.176
1.16
1.176
1.176
1.156
1.168
1.172
1.156
1.164
1.16
1.148
1.156
1.176
1.14
1.152
1.176
1.148
1.156
1.18
1.152
1.148
1.172
1.16
1.156
1.188
1.168
1.176
1.204
1.176
1.168
1.184
1.172
1.156
1.18
1.156
1.152
1.184
1.152
1.156
1.18
1.156
1.156
1.172
1.156
1.16
1.18
1.176
1.16
1.18
1.196
1.16
1.176
1.2
1.164
1.18
1.196
1.172
1.18
1.188
1.184
1.172
1.192
1.188
1.164
1.176
1.192
1.148
1.168
1.168
1.152
1.144
1.156
1.136
1.144
1.156
1.132
1.144
1.168
1.144
1.136
1.176
1.156
1.166416
1.136
1.14
1.132
1.136
1.128
1.152
1.148
1.168209
1.152
1.16
1.136
1.16
1.184
1.144
1.192
1.176
1.152
1.172
1.188
1.152
1.176
1.2
1.156
1.188
1.192
1.164
1.148
1.2
1.168
1.184
1.192
1.176
1.172
1.204
1.172
1.192
1.208
1.168
1.188
1.2
1.172
1.184
1.204
1.16
1.196
1.212
1.172
1.184
1.208
1.176
1.196
1.196
1.18
1.192
1.196
1.172
1.184
1.18
1.156
1.176
1.188
1.168
1.184
1.204
1.168
1.212
1.2
1.172
1.176
1.192
1.18
1.168
1.18
1.184
1.164
1.18
1.196
1.188
1.192
1.192
1.176
1.184
1.22
1.18
1.184
1.208
1.192
1.18
1.192
1.192
1.184
1.176
1.188
1.172
1.16
1.132
1.14929
1.176
1.132
1.16
1.18
1.188
1.164
1.192
1.196
1.184
1.188
1.2
1.192
1.192
1.196
1.18
1.18
1.188
1.184
1.172
1.192
1.196
1.18
1.192
1.188
1.188
1.2
1.192
1.188
1.192
1.184
1.192
1.216
1.172
1.184
1.196
1.192
1.172
1.196
1.184
1.172
1.184
1.18
1.168
1.184
1.18
1.164
1.176
1.176
1.168
1.164
1.2
1.172
1.168
1.172
1.184
1.176
1.164
1.18
1.168
1.16
1.18
1.16
1.156
1.176
1.156
1.152
1.18
1.14
1.148
1.184
1.156
1.14
1.164
1.156
1.156
1.136
1.16
1.136
1.176
1.14
1.128
1.152
1.16
1.192218
1.180273
1.157751
1.136
1.152
1.136
1.168
1.176
1.164
1.164
1.196
1.176
1.172
1.204
1.172
1.172
1.184
1.18
1.176
1.184
1.18
1.176
1.2
1.168
1.176
1.188
1.16
1.172
1.172
1.156
1.164
1.18
1.152
1.164
1.188
1.164
1.156
1.18
1.18
1.176
1.192
1.176
1.168
1.184
1.188
1.172
1.192
1.184
1.168
1.176
1.164
1.16
1.164
1.164
1.148
1.172
1.188
1.16
1.188
1.196
1.168
1.184
1.2
1.18
1.184
1.192
1.184
1.176
1.188
1.188
1.19753
1.216
1.196
1.2
1.208
1.184
1.208
1.204
1.184
1.184
1.2
1.2
1.18
1.192
1.2
1.184
1.188
1.192
1.18
1.172
1.192
1.18
1.172
1.18
1.16
1.18
1.156
1.176
1.176
1.164
1.172
1.164
1.164
1.172
1.16
1.176
1.172
1.16
1.172
1.176
1.172
1.188
1.18
1.18
1.188
1.18
1.18
1.196
1.188
1.184
1.196
1.18
1.188
1.184
1.168
1.184
1.184
1.168
1.18
1.184
1.164
1.172
1.176
1.172
1.176
1.184
1.172
1.184
1.184
1.188
1.172
1.18
1.192
1.172
1.172
1.168
1.152
1.168
1.168
1.152
1.172
1.172
1.152
1.176
1.172
1.168
1.16
1.176
1.168
1.164
1.176
1.172
1.176
1.188
1.188
1.168
1.132
1.18
1.16
1.168
1.16
1.176
1.176
1.18
1.168
1.188
1.176
1.168
1.184
1.192
1.172
1.204
1.196
1.196
1.204
1.184
1.188
1.188
1.172
1.188
1.18
1.172
1.192
1.184
1.164
1.188
1.184
1.168
1.179483
1.2
1.196
1.184
1.172
1.196
1.184
1.176
1.164
1.22
1.16
1.164
1.168
1.144
1.164
1.132
1.166368
1.136
1.168
1.172
1.156
1.196
1.196
1.184
1.188
1.204
1.176
1.18
1.204
1.18
1.168
1.2
1.184
1.196
1.172
1.16
1.168
1.128
1.186234
1.14
1.128
1.185811
1.14
1.136
1.124
1.14
1.132
1.184568
1.128
1.14
1.182121
1.148
1.132
1.124
1.172
1.144
1.136
1.16
1.16
1.144
1.164
1.156
1.148
1.172
1.144
1.136
1.16
1.148
1.178973
1.168199
1.163902
1.162559
1.156
1.156
1.128
1.18
1.172
1.14
1.184
1.164
1.14
1.18
1.168
1.148
1.152
1.176
1.148
1.164
1.176
1.184
1.16
1.176
1.184
1.168
1.16
1.184
1.176
1.16
1.172
1.168
1.16
1.172
1.164
1.16
1.172
1.18
1.168
1.18
1.196
1.168
1.128
1.156
1.148
1.148
1.136
1.144
1.14
1.14
1.132
1.152
1.14
1.18
1.164
1.148
1.156
1.152
1.14
1.16
1.152
1.148
1.176
1.144
1.184
1.172
1.16
1.16
1.172
1.192
1.144
1.144
1.156
1.152
1.14
1.176
1.172
1.144
1.172
1.172
1.148
1.148
1.176
1.148
1.152
1.184
1.16
1.176
1.172
1.152
1.152
1.176
1.144
1.14
1.156
1.14
1.128
1.156
1.136
1.128
1.144
1.14
1.128
1.168
1.16
1.124
1.172
1.16
1.116
1.156
1.152
1.124
1.132
1.156
1.12
1.132
1.156
1.132
1.132
1.152
1.136
1.14
1.164
1.16
1.136
1.168
1.176
1.148
1.148
1.16
1.164
1.148
1.16
1.16
1.144
1.156
1.172
1.152
1.16
1.172
1.168
1.14
1.164
1.152
1.148
1.172
1.16
1.148
1.172
1.152
1.152
1.18
1.156
1.16
1.18
1.16
1.148
1.16
1.148
1.14
1.16
1.148
1.144
1.168
1.152
1.144
1.172
1.156
1.144
1.168
1.156
1.144
1.168
1.152
1.156
1.176
1.144
1.156
1.176
1.168
1.152
1.176
1.168
1.152
1.18
1.152
1.152
1.164
1.152
1.152
1.156
1.156
1.144
1.16
1.156
1.16
1.192
1.168
1.168
1.192
1.152
1.176
1.184
1.148
1.16
1.184
1.14
1.136
1.164
1.176
1.152
1.152
1.184
1.168
1.16
1.176
1.164
1.16
1.172
1.168
1.16
1.176
1.18
1.164
1.18
1.176
1.168
1.176
1.188
1.152
1.18
1.18
1.156
1.168
1.172
1.164
1.18
1.172
1.152
1.176
1.176
1.168
1.184
1.176
1.16
1.176
1.188
1.164
1.18
1.184
1.176
1.168
1.192
1.176
1.156
1.168
1.16
1.148
1.164
1.188
1.148
1.18
1.172
1.148
1.164
1.164
1.156
1.164
1.168
1.148
1.164
1.184
1.164
1.168
1.192
1.172
1.172
1.18
1.176
1.168
1.168
1.168
1.16
1.164
1.164
1.152
1.164
1.16
1.156
1.192
1.16
1.156
1.18
1.172
1.152
1.184
1.18
1.144
1.112
1.144
1.156
1.172
1.152
1.16
1.176
1.164
1.168
1.2
1.184
1.164
1.188
1.18
1.164
1.176
1.18
1.164
1.18
1.18
1.176
1.172
1.18
1.172
1.176
1.18
1.172
1.164
1.168
1.164
1.164
1.188
1.184
1.172
1.192
1.196
1.168
1.172
1.192
1.152
1.16
1.164
1.156
1.148
1.18
1.148
1.152
1.168
1.144
1.152
1.168
1.148
1.148
1.172
1.148
1.152
1.176
1.152
1.152
1.184
1.144
1.156
1.164
1.152
1.156
1.172
1.148
1.148
1.172
1.156
1.156
1.184
1.16
1.164
1.196
1.18
1.172
1.2
1.192
1.164
1.188
1.204
1.16
1.18
1.172
1.16
1.168
1.188
1.152
1.164
1.196
1.172
1.176
1.2
1.172
1.172
1.196
1.176
1.168
1.18
1.184
1.168
1.176
1.188
1.16
1.176
1.176
1.172
1.172
1.184
1.164
1.168
1.184
1.18
1.18
1.2
1.176
1.172
1.184
1.176
1.156
1.156
1.164
1.16
1.148
1.184
1.156
1.152
1.176
1.164
1.164
1.188
1.16
1.164
1.168
1.156
1.152
1.164
1.152
1.148
1.172
1.144
1.136
1.156
1.152
1.14
1.156
1.144
1.132
1.152
1.156
1.144
1.152
1.156
1.144
1.176
1.156
1.136
1.16
1.18
1.156
1.164
1.184
1.148
1.148
1.16
1.148
1.148
1.172
1.164
1.144
1.168
1.176
1.152
1.168
1.172
1.168
1.152
1.172
1.172
1.14
1.152
1.16
1.148
1.136
1.172
1.152
1.14
1.136
1.124
1.176
1.188
1.184
1.172
1.16
1.172
1.168
1.156
1.172
1.168
1.156
1.18
1.164
1.18
1.18
1.176
1.176
1.18
1.172
1.168
1.18
1.168
1.16
1.168
1.164
1.148
1.168
1.16
1.152
1.164
1.172
1.148
1.176
1.176
1.16
1.168
1.18
1.156
1.156
1.172
1.156
1.152
1.172
1.16
1.156
1.18
1.168
1.16
1.172
1.16
1.16
1.18
1.168
1.16
1.168
1.168
1.16
1.176
1.172
1.156
1.172
1.164
1.156
1.164
1.16
1.14
1.156
1.156
1.14
1.152
1.144
1.136
1.172
1.132
1.144
1.18
1.14
1.136
1.164
1.148
1.136
1.152
1.152
1.136
1.168
1.156
1.148
1.172
1.164
1.148
1.168
1.176
1.152
1.168
1.18
1.16
1.172
1.176
1.16
1.156
1.172
1.164
1.152
1.176
1.168
1.16
1.18
1.172
1.172
1.192
1.192
1.172
1.188
1.18
1.168
1.188
1.18
1.168
1.176
1.172
1.164
1.172
1.18
1.172
1.168
1.188
1.18
1.172
1.188
1.184
1.164
1.184
1.188
1.164
1.18
1.188
1.172
1.168
1.168
1.164
1.156
1.164
1.168
1.14
1.164
1.164
1.148
1.184
1.188
1.164
1.172
1.176
1.176
1.172
1.176
1.168
1.152
1.168
1.16
1.156
1.168
1.156
1.148
1.168
1.144
1.156
1.168
1.14
1.16
1.184
1.152
1.164
1.192
1.168
1.176
1.204
1.168
1.172
1.176
1.16
1.164
1.18
1.164
1.164
1.18
1.168
1.16
1.18
1.172
1.18
1.188
1.164
1.168
1.18
1.168
1.176
1.204
1.18
1.18
1.216
1.184
1.188
1.2
1.184
1.192
1.2
1.18
1.18
1.196
1.188
1.184
1.188
1.172
1.168
1.192
1.176
1.18
1.204
1.188
1.18
1.18
1.196
1.168
1.188
1.192
1.172
1.172
1.192
1.188
1.176
1.196
1.196
1.172
1.176
1.18
1.152
1.156
1.168
1.152
1.152
1.188
1.176
1.152
1.161565
1.148
1.168
1.164
1.156
1.172
1.212
1.172
1.176
1.188
1.188
1.18
1.188
1.184
1.188
1.18
1.184
1.168
1.192
1.196
1.188
1.208
1.196
1.184
1.192
1.18
1.172
1.18
1.172
1.172
1.192
1.184
1.176
1.188
1.184
1.184
1.204
1.2
1.192
1.208
1.184
1.176
1.188
1.188
1.172
1.196
1.18
1.168
1.176
1.184
1.16
1.172
1.168
1.148
1.16
1.196
1.156
1.168
1.184
1.18
1.172
1.184
1.18
1.164
1.18
1.172
1.16
1.192
1.156
1.16
1.148
1.164
1.156
1.168
1.176
1.156
1.184
1.176
1.168
1.192
1.188
1.168
1.196
1.204
1.172
1.184
1.192
1.18
1.172
1.188
1.18
1.172
1.204
1.18
1.184
1.192
1.192
1.172
1.188
1.188
1.176
1.192
1.192
1.168
1.184
1.188
1.168
1.184
1.18
1.16
1.184
1.2
1.168
1.184
1.192
1.176
1.176
1.184
1.16
1.164
1.164
1.156
1.156
1.176
1.144
1.168
1.188
1.156
1.18
1.192
1.168
1.168
1.18
1.172
1.168
1.196
1.18
1.184
1.196
1.192
1.176
1.196
1.192
1.176
1.184
1.164
1.172
1.184
1.196
1.184
1.196
1.196
1.18
1.2
1.192
1.168
1.188
1.2
1.176
1.192
1.196
1.172
1.196
1.192
1.172
1.196
1.2
1.18
1.184
1.192
1.184
1.184
1.192
1.192
1.176
1.196
1.192
1.172
1.188
1.192
1.172
1.2
1.2
1.18
1.2
1.188
1.172
1.18
1.188
1.172
1.164
1.184
1.18
1.156
1.192
1.184
1.16
1.184
1.192
1.164
1.192
1.2
1.184
1.16
1.171437
1.153002
1.152
1.156
1.164
1.14
1.164
1.16
1.148
1.168
1.164
1.16
1.176
1.168
1.156
1.164
1.164
1.152
1.172
1.164
1.148
1.168
1.168
1.152
1.18
1.172
1.156
1.18
1.176
1.156
1.184
1.18
1.164
1.184
1.172
1.156
1.18
1.16
1.16
1.176
1.156
1.168
1.176
1.156
1.16
1.16
1.156
1.156
1.18
1.164
1.168
1.18
1.172
1.16
1.18
1.168
1.152
1.184
1.168
1.172
1.184
1.168
1.168
1.176
1.168
1.164
1.176
1.168
1.156
1.184
1.176
1.164
1.188
1.188
1.184
1.192
1.196
1.18
1.192
1.192
1.18
1.172
1.184
1.18
1.164
1.184
1.188
1.172
1.188
1.192
1.176
1.172
1.192
1.188
1.164
1.184
1.176
1.168
1.172
1.168
1.16
1.172
1.16
1.16
1.184
1.164
1.164
1.176
1.172
1.156
1.168
1.172
1.16
1.148
1.168
1.16
1.148
1.172
1.172
1.16
1.192
1.156
1.172
1.188
1.184
1.168
1.18
1.176
1.164
1.184
1.168
1.168
1.176
1.172
1.16
1.18
1.18
1.172
1.196
1.188
1.172
1.18
1.192
1.184
1.172
1.176
1.172
1.164
1.176
1.176
1.16
1.18
1.172
1.16
1.152
1.18
1.188
1.192
1.156
1.184
1.192
1.18
1.2
1.208
1.188
1.204
1.196
1.18
1.192
1.192
1.176
1.188
1.192
1.176
1.188
1.184
1.168
1.188
1.188
1.168
1.192
1.184
1.168
1.184
1.196
1.172
1.184
1.184
1.168
1.168
1.188
1.18
1.164
1.172
1.168
1.16
1.176
1.168
1.156
1.176
1.172
1.164
1.18
1.172
1.176
1.192
1.18
1.164
1.152
1.172
1.164
1.152
1.156
1.172
1.168
1.16
1.172
1.168
1.148
1.16
1.16
1.164
1.172
1.164
1.176
1.188
1.164
1.172
1.18
1.164
1.164
1.168
1.156
1.144
1.16
1.156
1.136
1.136
1.172
1.164
1.152
1.168
1.16
1.164
1.152
1.168
1.18
1.172
1.168
1.184
1.18
1.168
1.18
1.176
1.18
1.204
1.18
1.176
1.184
1.18
1.168
1.188
1.18
1.168
1.18
1.184
1.164
1.168
1.192
1.16
1.16
1.164
1.16
1.16
1.176
1.168
1.168
1.184
1.172
1.16
1.184
1.168
1.16
1.172
1.18
1.176
1.16
1.176
1.18
1.16
1.164
1.184
1.164
1.168
1.172
1.152
1.172
1.188
1.18
1.172
1.188
1.184
1.16
1.18
1.176
1.152
1.168
1.164
1.144
1.172
1.176
1.148
1.172
1.184
1.16
1.16
1.192
1.16
1.152
1.176
1.16
1.156
1.16
1.18
1.156
1.152
1.156
1.164
1.16
1.144
1.168
1.152
1.164
1.176
1.16
1.172
1.184
1.164
1.152
1.172
1.156
1.152
1.164
1.156
1.156
1.168
1.168
1.148
1.124
1.156
1.164
1.152
1.156
1.148
1.172
1.172
1.164
1.184
1.184
1.176
1.188
1.192
1.176
1.184
1.18
1.168
1.164
1.168
1.16
1.168
1.176
1.16
1.176
1.172
1.168
1.184
1.176
1.184
1.192
1.16
1.168
1.176
1.152
1.164
1.192
1.16
1.16
1.176
1.168
1.156
1.192
1.172
1.18
1.172
1.184
1.176
1.164
1.172
1.192
1.156
1.176
1.188
1.16
1.176
1.184
1.172
1.172
1.184
1.168
1.196
1.192
1.176
1.168
1.18
1.176
1.18
1.168
1.188
1.168
1.172
1.18
1.164
1.156
1.168
1.168
1.156
1.168
1.18
1.152
1.176
1.184
1.152
1.14
1.164
1.172
1.168
1.144
1.152
1.16
1.148
1.148
1.18
1.16
1.188
1.16
1.12
1.116
1.132
1.152
1.156
1.156
1.144
1.136
1.14
1.152
1.144
1.16
1.148
1.164
1.18
1.148
1.172
1.184
1.156
1.176
1.172
1.172
1.148
1.188
1.152
1.16
1.156
1.156
1.188
1.156
1.156
1.18
1.192
1.148
1.184
1.192
1.148
1.176
1.164
1.176
1.176
1.168
1.172
1.192
1.168
1.168
1.2
1.188
1.164
1.192
1.2
1.172
1.208
1.2
1.184
1.2
1.196
1.18
1.192
1.192
1.164
1.148
1.168
1.164
1.156
1.152
1.152
1.152
1.144
1.156
1.148
1.136
1.148
1.148
1.144
1.156
1.152
1.144
1.16
1.152
1.148
1.156
1.144
1.148
1.168
1.136
1.144
1.172
1.148
1.144
1.16
1.148
1.136
1.16
1.16
1.152
1.14
1.205307
1.188567
1.147958
1.160509
1.159402
1.181125
1.166088
1.128
1.164
1.176
1.156
1.188
1.18
1.168
1.192
1.18
1.168
1.192
1.188
1.18
1.184
1.196
1.168
1.188
1.192
1.192
1.156
1.184
1.188
1.168
1.168
1.168
1.18
1.168
1.188
1.172
1.18
1.18
1.18
1.164
1.18
1.172
1.16
1.164
1.164
1.148
1.144
1.156
1.144
1.148
1.16
1.168
1.156
1.188
1.168
1.164
1.168
1.16
1.152
1.16
1.156
1.156
1.164
1.156
1.168
1.184
1.168
1.168
1.204
1.164
1.164
1.176
1.184
1.164
1.184
1.184
1.172
1.184
1.192
1.184
1.172
1.192
1.192
1.168
1.18
1.188
1.188
1.168
1.188
1.184
1.172
1.188
1.18
1.164
1.188
1.188
1.164
1.196
1.184
1.168
1.192
1.188
1.184
1.176
1.2
1.196
1.172
1.192
1.192
1.176
1.184
1.196
1.184
1.176
1.196
1.184
1.172
1.18
1.176
1.152
1.176
1.184
1.152
1.184
1.184
1.164
1.164
1.192
1.164
1.156
1.176
1.172
1.172
1.184
1.168
1.184
1.164
1.156
1.172
1.164
1.168
1.192
1.168
1.16
1.188
1.188
1.16
1.184
1.18
1.168
1.18
1.176
1.164
1.18
1.18
1.156
1.164
1.192
1.172
1.168
1.208
1.192
1.176
1.172
1.2
1.188
1.184
1.188
1.18
1.14
1.144
1.148
1.148
1.152
1.164
1.148
1.152
1.18
1.156
1.156
1.188
1.156
1.16
1.188
1.16
1.156
1.168
1.164
1.16
1.164
1.164
1.148
1.128
1.17404
1.169141
1.168903
1.193506
1.148
1.144
1.152
1.168
1.152
1.144
1.16
1.16
1.144
1.168
1.152
1.156
1.18
1.156
1.16
1.192
1.164
1.16
1.192
1.18
1.164
1.18
1.2
1.192
1.164
1.196
1.204
1.188
1.18
1.196
1.184
1.176
1.192
1.18
1.168
1.188
1.184
1.184
1.184
1.196
1.176
1.168
1.188
1.188
1.16
1.184
1.184
1.164
1.18
1.192
1.18
1.176
1.188
1.184
1.176
1.196
1.212
1.184
1.184
1.2
1.188
1.204
1.204
1.2
1.184
1.204
1.208
1.18
1.184
1.192
1.168
1.2
1.196
1.176
1.168
1.196
1.176
1.172
1.18
1.176
1.136
1.156
1.16
1.152
1.152
1.196
1.172
1.168
1.184
1.188
1.18
1.2
1.16
1.184
1.164
1.16
1.172
1.152
1.176
1.176
1.156
1.184
1.18
1.176
1.192
1.212
1.176
1.196
1.2
1.188
1.184
1.192
1.184
1.18
1.2
1.196
1.18
1.192
1.188
1.168
1.188
1.192
1.176
1.196
1.188
1.172
1.188
1.192
1.172
1.2
1.196
1.18
1.2
1.204
1.176
1.2
1.196
1.184
1.176
1.184
1.188
1.168
1.168
1.172
1.168
1.156
1.196
1.192
1.164
1.172
1.184
1.152
1.164
1.164
1.16
1.152
1.14
1.132
1.156
1.168
1.156
1.172
1.18
1.168
1.184
1.188
1.172
1.18
1.176
1.172
1.164
1.184
1.184
1.18
1.184
1.192
1.172
1.176
1.176
1.164
1.152
1.156
1.156
1.148
1.168
1.168
1.148
1.176
1.148
1.169243
1.199597
1.132
1.14
1.146193
1.18336
1.175332
1.176936
1.179787
1.16442
1.167366
1.14
1.152
1.152
1.152
1.176
1.14
1.155415
1.154486
1.128
1.136
1.184
1.188
1.172
1.192
1.196
1.188
1.196
1.192
1.188
1.16
1.184
1.18
1.168
1.196
1.188
1.156
1.168
1.172
1.156
1.184
1.196
1.164
1.176
1.196
1.188
1.164
1.172
1.176
1.152
1.172
1.176
1.152
1.148
1.168
1.16
1.152
1.168
1.164
1.156
1.168
1.168
1.16
1.172
1.172
1.16
1.164
1.184
1.168
1.148
1.168
1.16
1.152
1.168
1.168
1.16
1.18
1.188
1.192
1.172
1.184
1.188
1.164
1.208
1.192
1.176
1.184
1.204
1.176
1.188
1.184
1.164
1.184
1.176
1.168
1.172
1.176
1.168
1.18
1.184
1.168
1.176
1.184
1.172
1.18
1.188
1.192
1.184
1.2
1.188
1.188
1.204
1.192
1.18
1.196
1.176
1.196
1.196
1.172
1.2
1.192
1.172
1.196
1.196
1.172
1.184
1.184
1.164
1.184
1.188
1.176
1.18
1.192
1.18
1.176
1.188
1.188
1.176
1.2
1.192
1.176
1.176
1.18
1.18
1.16
1.176
1.176
1.152
1.172
1.176
1.16
1.16
1.176
1.172
1.156
1.18
1.18
1.156
1.168
1.184
1.168
1.18
1.188
1.188
1.172
1.168
1.18
1.172
1.16
1.172
1.172
1.16
1.176
1.168
1.156
1.156
1.18
1.16
1.18
1.18
1.164
1.156
1.172
1.168
1.164
1.18
1.172
1.156
1.148
1.168
1.172
1.164
1.172
1.188
1.192
1.168
1.188
1.18
1.184
1.188
1.18
1.184
1.172
1.168
1.184
1.18
1.18
1.188
1.196
1.184
1.188
1.18
1.172
1.18
1.172
1.172
1.192
1.172
1.184
1.18
1.156
1.172
1.172
1.184
1.168
1.192
1.192
1.164
1.184
1.18
1.18
1.192
1.184
1.188
1.192
1.176
1.18
1.2
1.172
1.152
1.164
1.188
1.188
1.184
1.192
1.196
1.2
1.208
1.196
1.204
1.208
1.2
1.196
1.196
1.192
1.196
1.196
1.2
1.2
1.188
1.196
1.188
1.176
1.188
1.148
1.156
1.172
1.172
1.148
1.168
1.16
1.156
1.172
1.172
1.176
1.184
1.184
1.188
1.204
1.204
1.2
1.204
1.192
1.188
1.196
1.172
1.204
1.204
1.184
1.2
1.208
1.192
1.2
1.204
1.188
1.204
1.2
1.18
1.196
1.2
1.18
1.204
1.204
1.18
1.188
1.192
1.164
1.188
1.18
1.16
1.176
1.2
1.164
1.2
1.18
1.184
1.172
1.18
1.168
1.148
1.164
1.168
1.168
1.172
1.144
1.156
1.14
1.156
1.144
1.148
1.132
1.12
1.132
1.124
1.128
1.173475
1.17597
1.136
1.156
1.128
1.176
1.176
1.152
1.184
1.168
1.16
1.176
1.196
1.16
1.152
1.172
1.16
1.144
1.188
1.164
1.176
1.152
1.184
1.188
1.168
1.168
1.144
1.16
1.136
1.144
1.14
1.124
1.144
1.148
1.14
1.168
1.124
1.144
1.128
1.128
1.148
1.148
1.156
1.148
1.14
1.176
1.164
1.156
1.18
1.168
1.152
1.172
1.164
1.16
1.16
1.156
1.152
1.164
1.156
1.156
1.168
1.152
1.152
1.16
1.156
1.152
1.16
1.152
1.156
1.168
1.152
1.16
1.184
1.156
1.148
1.176
1.156
1.164
1.176
1.16
1.16
1.176
1.18
1.156
1.168
1.168
1.16
1.172
1.172
1.16
1.156
1.184
1.156
1.16
1.176
1.156
1.124
1.16
1.172
1.18
1.168
1.164
1.172
1.172
1.176
1.176
1.172
1.16
1.176
1.18
1.172
1.176
1.176
1.172
1.188
1.184
1.156
1.168
1.152
1.144
1.148
1.14
1.14
1.172
1.156
1.156
1.184
1.176
1.164
1.176
1.176
1.16
1.168
1.164
1.14
1.152
1.156
1.148
1.144
1.172
1.168
1.136
1.168
1.16
1.144
1.16
1.16
1.152
1.164
1.16
1.156
1.18
1.168
1.156
1.172
1.164
1.156
1.16
1.168
1.152
1.156
1.16
1.16
1.136
1.116
1.14
1.16
1.168
1.148
1.152
1.136
1.152
1.164
1.144
1.172
1.172
1.16
1.176
1.192
1.176
1.188
1.188
1.18
1.18
1.184
1.164
1.188
1.18
1.152
1.168
1.164
1.148
1.164
1.164
1.152
1.156
1.176
1.16
1.16
1.172
1.16
1.16
1.164
1.164
1.156
1.172
1.168
1.164
1.176
1.176
1.156
1.168
1.172
1.152
1.16
1.164
1.156
1.148
1.168
1.172
1.148
1.144
1.18
1.16
1.156
1.18
1.172
1.144
1.172
1.168
1.14
1.168
1.152
1.14
1.16
1.16
1.144
1.168
1.16
1.148
1.164
1.168
1.16
1.176
1.164
1.16
1.176
1.148
1.172
1.172
1.148
1.172
1.168
1.156
1.164
1.148
1.144
1.152
1.152
1.132
1.16
1.156
1.152
1.168
1.156
1.144
1.16
1.152
1.144
1.164
1.168
1.152
1.172
1.16
1.168
1.172
1.16
1.164
1.168
1.168
1.156
1.18
1.164
1.152
1.156
1.16
1.136
1.156
1.172
1.152
1.152
1.168
1.156
1.164
1.168
1.168
1.152
1.164
1.164
1.148
1.168
1.164
1.152
1.184
1.172
1.168
1.192
1.172
1.168
1.176
1.168
1.156
1.176
1.172
1.156
1.168
1.172
1.164
1.176
1.164
1.16
1.16
1.144
1.156
1.164
1.152
1.144
1.16
1.156
1.144
1.16
1.144
1.14
1.12
1.148
1.164
1.156
1.164
1.148
1.16
1.164
1.16
1.16
1.176
1.176
1.172
1.176
1.176
1.164
1.172
1.168
1.16
1.168
1.152
1.152
1.148
1.128
1.144
1.152
1.136
1.148
1.164
1.144
1.152
1.168
1.14
1.156
1.152
1.144
1.16
1.16
1.144
1.14
1.152
1.14
1.124
1.116
1.160379
1.1755
1.195127
1.150831
1.119132
1.176863
1.132
1.136
1.176
1.192
1.184
1.188
1.172
1.176
1.18
1.168
1.164
1.18
1.172
1.164
1.172
1.172
1.156
1.16
1.152
1.156
1.176
1.16
1.164
1.172
1.16
1.176
1.164
1.152
1.164
1.168
1.164
1.168
1.172
1.16
1.168
1.172
1.164
1.16
1.184
1.156
1.168
1.176
1.16
1.148
1.164
1.156
1.152
1.168
1.164
1.156
1.192
1.184
1.16
1.18
1.18
1.16
1.168
1.176
1.156
1.152
1.176
1.152
1.184
1.18
1.156
1.176
1.18
1.168
1.168
1.18
1.172
1.16
1.168
1.164
1.152
1.168
1.16
1.152
1.164
1.176
1.152
1.176
1.192
1.172
1.164
1.176
1.18
1.164
1.152
1.148
1.16
1.152
1.168
1.172
1.168
1.18
1.168
1.164
1.176
1.164
1.18
1.184
1.168
1.172
1.184
1.18
1.164
1.184
1.18
1.176
1.2
1.176
1.18
1.192
1.184
1.172
1.176
1.184
1.164
1.16
1.176
1.172
1.16
1.148
1.164
1.16
1.148
1.172
1.164
1.156
1.172
1.164
1.164
1.168
1.172
1.164
1.176
1.168
1.156
1.16
1.172
1.156
1.152
1.164
1.164
1.148
1.164
1.176
1.176
1.164
1.164
1.152
1.172
1.156
1.184
1.172
1.16
1.172
1.18
1.16
1.164
1.176
1.168
1.156
1.14
1.14567
1.146041
1.12
1.164
1.16
1.152
1.18
1.168
1.16
1.168
1.16
1.164
1.16
1.144
1.156
1.156
1.144
1.152
1.18
1.16
1.168
1.188
1.176
1.168
1.176
1.176
1.16
1.18
1.176
1.16
1.172
1.172
1.16
1.172
1.164
1.164
1.16
1.172
1.156
1.136
1.116
1.136
1.148
1.136
1.14
1.136
1.152
1.148
1.14
1.168
1.168
1.16
1.164
1.168
1.168
1.16
1.156
1.152
1.144
1.148
1.12
1.144
1.14
1.128
1.156
1.148
1.132
1.176
1.176
1.144
1.164
1.16
1.148
1.164
1.152
1.144
1.164
1.144
1.132
1.148
1.16
1.152
1.132
1.152
1.168
1.136
1.148
1.164
1.144
1.152
1.168
1.156
1.152
1.164
1.152
1.152
1.164
1.148
1.144
1.164
1.152
1.148
1.152
1.144
1.128
1.144
1.14
1.132
1.156
1.152
1.148
1.18
1.164
1.156
1.18
1.176
1.148
1.164
1.16
1.14
1.152
1.16
1.136
1.172
1.168
1.14
1.168
1.164
1.152
1.156
1.176
1.148
1.148
1.176
1.16
1.148
1.148
1.172
1.172
1.172
1.152
1.172
1.176
1.156
1.16
1.164
1.156
1.148
1.16
1.156
1.148
1.128
1.148
1.148
1.156
1.14
1.152
1.16
1.152
1.156
1.16
1.164
1.172
1.176
1.16
1.164
1.172
1.172
1.168
1.164
1.164
1.176
1.176
1.148
1.172
1.184
1.148
1.156
1.168
1.152
1.14
1.16
1.152
1.144
1.156
1.152
1.148
1.168
1.156
1.148
1.164
1.16
1.148
1.152
1.16
1.148
1.16
1.16
1.136
1.164
1.144
1.14
1.152
1.136
1.128
1.148
1.124
1.124
1.148
1.124
1.124
1.14
1.144
1.128
1.152
1.152
1.128
1.128
1.148
1.148
1.152
1.124
1.152
1.152
1.136
1.136
1.16
1.144
1.148
1.168
1.168
1.148
1.18
1.172
1.16
1.168
1.184
1.168
1.152
1.168
1.168
1.144
1.16
1.148
1.128
1.148
1.16
1.116
1.124
1.144
1.136
1.116
1.144
1.14
1.124
1.144
1.16
1.144
1.168
1.168
1.148
1.156
1.16
1.148
1.144
1.164
1.156
1.148
1.168
1.16
1.152
1.168
1.148
1.152
1.148
1.14
1.156
1.156
1.144
1.152
1.164
1.148
1.14
1.164
1.164
1.14
1.16
1.156
1.14
1.116
1.136
1.152
1.148
1.132
1.164
1.16
1.152
1.164
1.176
1.144
1.152
1.156
1.144
1.156
1.164
1.136
1.16
1.152
1.148
1.152
1.156
1.144
1.152
1.148
1.144
1.16
1.14
1.152
1.168
1.144
1.152
1.172
1.132
1.156
1.176
1.148
1.176
1.176
1.164
1.152
1.184
1.16
1.168
1.18
1.172
1.156
1.172
1.16
1.14
1.16
1.152
1.14
1.136
1.132
1.16
1.14
1.14
1.16
1.14
1.156
1.168
1.144
1.156
1.176
1.152
1.148
1.164
1.14
1.152
1.18
1.148
1.16
1.172
1.148
1.16
1.176
1.14
1.168
1.156
1.136
1.148
1.144
1.144
1.156
1.144
1.16
1.176
1.16
1.168
1.172
1.168
1.148
1.156
1.156
1.144
1.172
1.16
1.156
1.18
1.156
1.152
1.168
1.152
1.148
1.16
1.136
1.156
1.156
1.132
1.152
1.172
1.156
1.156
1.184
1.156
1.148
1.148
1.148
1.128
1.148
1.152
1.14
1.164
1.156
1.14
1.168
1.172
1.164
1.168
1.172
1.168
1.152
1.172
1.172
1.16
1.172
1.188
1.156
1.176
1.172
1.152
1.172
1.16
1.132
1.144
1.148
1.132
1.152
1.164
1.136
1.144
1.172
1.168
1.144
1.16
1.18
1.152
1.172
1.164
1.164
1.164
1.164
1.170789
1.136
1.156
1.164
1.16
1.152
1.156
1.18
1.152
1.16
1.168
1.16
1.172
1.164
1.152
1.164
1.16
1.148
1.168
1.16
1.14
1.164
1.156
1.152
1.152
1.148
1.148
1.168
1.144
1.156
1.172
1.152
1.152
1.164
1.144
1.16
1.16
1.148
1.156
1.152
1.136
1.156
1.156
1.148
1.16
1.16
1.14
1.156
1.144
1.132
1.148
1.164
1.136
1.168
1.156
1.14
1.152
1.168
1.148
1.156
1.172
1.156
1.156
1.176
1.144
1.16
1.164
1.152
1.164
1.168
1.136
1.128
1.14
1.152
1.148
1.132
1.156
1.14
1.144
1.152
1.144
1.172
1.144
1.148
1.164
1.164
1.144
1.152
1.156
1.16
1.14
1.168
1.164
1.144
1.152
1.164
1.164
1.144
1.16
1.164
1.156
1.168
1.16
1.144
1.152
1.156
1.14
1.152
1.152
1.132
1.152
1.144
1.128
1.128
1.148
1.156
1.14
1.144
1.152
1.14
1.136
1.144
1.136
1.14
1.144
1.132
1.148
1.148
1.12
1.152
1.144
1.136
1.148
1.168
1.144
1.156
1.156
1.152
1.136
1.156
1.152
1.144
1.148
1.156
1.136
1.148
1.148
1.128
1.144
1.148
1.128
1.148
1.152
1.128
1.148
1.16
1.136
1.14
1.152
1.148
1.124
1.144
1.144
1.14
1.116
1.136
1.14
1.124
1.14
1.14
1.136
1.152
1.144
1.144
1.156
1.148
1.136
1.156
1.16
1.128
1.108
1.132
1.144
1.148
1.148
1.14
1.148
1.16
1.148
1.164
1.172
1.148
1.144
1.156
1.156
1.132
1.151794
1.135496
1.15993
1.154358
1.156884
1.163502
1.150337
1.112
1.148
1.196
1.184
1.2
1.208
1.204
1.184
1.18
1.184
1.176
1.16
1.172
1.176
1.148
1.164
1.16
1.136
1.152
1.16
1.14
1.168
1.172
1.16
1.176
1.184
1.168
1.164
1.176
1.16
1.172
1.176
1.152
1.164
1.18
1.16
1.16
1.18
1.16
1.164
1.18
1.16
1.164
1.176
1.184
1.164
1.184
1.164
1.188
1.176
1.168
1.136
1.136
1.14
1.132
1.12
1.132
1.132
1.132
1.144
1.148
1.14
1.152
1.14
1.132
1.14
1.152
1.132
1.136
1.144
1.132
1.136
1.144
1.124
1.144
1.148
1.136
1.148
1.148
1.14
1.136
1.144
1.144
1.124
1.14
1.148
1.128
1.136
1.144
1.136
1.156
1.172
1.156
1.16
1.172
1.168
1.16
1.16
1.152
1.152
1.16
1.144
1.128
1.148
1.156
1.144
1.136
1.152
1.152
1.144
1.156
1.144
1.14
1.156
1.144
1.124
1.136
1.148
1.152
1.132
1.16834
1.153273
1.162896
1.176226
1.152
1.172
1.176
1.192
1.196
1.204
1.196
1.204
1.192
1.176
1.18
1.176
1.176
1.168
1.172
1.16
1.164
1.168
1.156
1.168
1.164
1.108
1.108
1.108
1.144
1.14
1.12
1.14
1.148
1.116
1.156
1.152
1.136
1.176
1.172
1.148
1.18
1.172
1.144
1.164
1.168
1.164
1.16
1.172
1.176
1.152
1.168
1.164
1.14
1.16
1.16
1.152
1.172
1.176
1.164
1.16
1.168
1.164
1.184
1.184
1.18
1.176
1.18
1.172
1.16
1.168
1.168
1.148
1.176
1.176
1.168
1.192
1.188
1.16
1.18
1.184
1.16
1.168
1.176
1.164
1.16
1.168
1.16
1.156
1.156
1.144
1.156
1.156
1.124
1.128
1.136
1.124
1.112
1.16401
1.150733
1.176411
1.173689
1.165918
1.160507
1.14
1.156
1.164
1.156
1.168
1.164
1.188
1.152
1.148
1.156
1.152
1.14
1.156
1.156
1.14
1.16
1.164
1.156
1.18
1.172
1.152
1.176
1.152
1.164
1.172
1.164
1.16
1.184
1.188
1.16
1.148
1.104
1.104
1.12
1.128
1.16
1.152
1.14
1.18
1.168
1.132
1.16
1.172
1.144
1.172
1.18
1.16
1.156
1.172
1.156
1.152
1.16
1.16
1.164
1.188
1.172
1.172
1.184
1.156
1.192
1.16
1.196
1.176
1.164
1.184
1.184
1.164
1.188
1.144097
1.192
1.18
1.168
1.156
1.168
1.156
1.164
1.168
1.164
1.168
1.192
1.176
1.18
1.192
1.176
1.172
1.188
1.172
1.172
1.192
1.168
1.168
1.18
1.168
1.164
1.18
1.156
1.164
1.168
1.16
1.152
1.164
1.16
1.152
1.172
1.16
1.156
1.168
1.168
1.156
1.176
1.16
1.164
1.164
1.16
1.148
1.156
1.156
1.132
1.164
1.156
1.14
1.128
1.16
1.152
1.14
1.168
1.168
1.14
1.172
1.168
1.136
1.176
1.172
1.148
1.172
1.18
1.156
1.176
1.184
1.16
1.172
1.184
1.152
1.132
1.14
1.164
1.164
1.168
1.156
1.16
1.176
1.156
1.148
1.176
1.164
1.16
1.176
1.16
1.16
1.168
1.164
1.172
1.18
1.176
1.172
1.176
1.172
1.156
1.172
1.168
1.156
1.168
1.164
1.164
1.172
1.164
1.164
1.172
1.16
1.16
1.176
1.16
1.148
1.176
1.176
1.164
1.168
1.168
1.152
1.152
1.172
1.16
1.14
1.156
1.16
1.144
1.156
1.176
1.16
1.164
1.184
1.168
1.172
1.196
1.172
1.184
1.184
1.18
1.16
1.172
1.172
1.152
1.172
1.172
1.156
1.184
1.168
1.168
1.176
1.168
1.168
1.184
1.176
1.156
1.176
1.172
1.16
1.176
1.176
1.172
1.192
1.176
1.172
1.2
1.192
1.168
1.192
1.17359
1.176
1.188
1.196
1.188
1.184
1.196
1.2
1.18
1.196
1.196
1.168
1.188
1.188
1.172
1.192
1.168
1.148
1.164
1.148
1.164
1.16
1.144
1.168
1.156
1.148
1.176
1.156
1.156
1.184
1.16
1.164
1.188
1.188
1.156
1.1379
1.124
1.152
1.152
1.156
1.152
1.176
1.176
1.168
1.192
1.192
1.188
1.188
1.185863
1.192
1.18
1.188
1.184
1.176
1.172
1.176
1.164
1.152
1.172
1.164
1.144
1.164
1.176
1.156
1.18
1.192
1.172
1.16
1.16
1.164
1.148
1.164
1.168
1.148
1.152
1.172
1.152
1.132
1.156
1.168
1.136
1.156
1.168
1.132
1.148
1.148
1.14
1.124
1.144
1.144
1.136
1.144
1.132
1.132
1.152
1.148
1.132
1.16
1.156
1.14
1.164
1.128
1.144
1.136
1.124
1.136
1.112
1.108
1.124
1.108
1.1
1.096
1.17125
1.140389
1.12656
1.132013
1.148813
1.139986
1.138176
1.127599
1.143341
1.130397
1.114959
1.137341
1.159923
1.133834
1.154397
1.115564
1.14273
1.152693
1.148837
