0.992
0.98
0.988
1
0.972
0.964
0.98
0.984
1
1.004
0.992
0.98
0.98
1.004
1.016
0.98
0.972
0.976
0.936
0.916
0.908
0.9
0.92
0.944
0.948
0.952
0.964
0.96
0.964
0.964
0.972
0.976
0.952
0.952
0.96
0.964
0.944
0.952
0.948
0.932
0.912
0.92
0.908
0.928
0.952
0.96
0.964
0.996
1.008
1.024
1.016
0.996
1.004
1.016
1.012
0.98
0.936
0.94
0.964
0.968
0.964
0.992
1.02
1.036
1.028
1.04
1.04
1.04
1.02
1.02
1.016
1.028
1.024
1.028
1.02
1.012
1.02
1.008
1.008
0.996
0.98
0.984
0.98
0.972
0.976
0.98
0.98
0.976
0.98
0.992
0.992
0.956
0.96
0.92
0.912
0.908
0.912
0.904
0.912
0.896
0.88
0.9
0.896
0.908
0.912
0.932
0.936
0.94
0.932
0.912
0.888
0.884
0.872
0.896
0.92
0.948
0.984
1.008
1.028
1.056
1.048
1.044
1.06
1.064
1.044
1.024
1.016
1.004
0.984
0.988
0.98
0.98
0.98
0.98
0.98
0.996
0.996
0.996
0.992
0.956
0.952
0.948
0.928
0.92
0.916
0.904
0.892
0.904
0.924
0.94
0.936
0.936
0.956
0.968
0.968
0.956
0.976
0.98
0.988
0.984
0.976
1
1
0.996
1.008
1
0.984
0.976
0.98
0.972
0.976
0.984
0.984
0.948
0.924
0.888
0.88
0.888
0.908
0.912
0.904
0.944
0.952
0.948
0.916
0.932
0.956
0.98
0.992
1
1.016
1.024
1.02
1.004
1.008
1.008
1
0.992
0.992
0.992
1
1
0.992
1.004
1.008
0.972
0.956
0.956
0.964
0.948
0.94
0.944
0.952
0.944
0.96
0.976
0.976
0.992
0.976
1
0.992
0.98
0.968
0.984
0.988
0.976
0.984
0.984
0.984
0.964
0.956
0.96
0.956
0.936
0.948
0.956
0.948
0.952
0.968
0.972
0.968
0.948
0.964
0.952
0.94
0.952
0.968
0.964
0.964
0.976
0.976
0.964
0.964
0.972
0.968
0.964
0.956
0.96
0.956
0.948
0.96
0.98
0.98
0.964
0.952
0.932
0.94
0.936
0.924
0.944
0.944
0.936
0.904
0.92
0.916
0.892
0.9
0.908
0.896
0.892
0.892
0.896
0.916
0.94
0.98
1.012
1.024
1.028
1.044
1.04
1.032
1.036
1.036
1.016
1.004
1.004
1.008
1
0.988
0.98
0.996
0.984
0.956
0.968
0.976
0.98
0.972
0.964
0.984
0.98
0.972
0.98
0.996
1
1.004
1.012
1.012
1.004
0.992
1.012
1.02
1.008
0.996
1.016
1.004
0.984
0.972
0.98
0.988
0.976
0.98
0.988
0.988
0.988
0.996
1
0.98
0.972
0.972
0.984
0.96
0.964
0.972
0.972
0.956
0.96
0.968
0.98
0.968
0.96
0.984
0.976
0.964
0.972
0.976
0.968
0.96
0.972
0.968
0.972
0.96
0.956
0.94
0.94
0.96
0.968
0.976
0.976
1
1.004
1.004
0.988
1.016
1.008
0.996
1
1.004
1
0.984
0.968
0.988
0.988
0.988
0.96
0.98
0.984
0.988
0.972
0.988
0.992
0.988
0.98
0.972
0.984
0.992
0.992
0.988
0.992
1
1.004
1.016
1.02
1.024
1.008
0.988
1.004
1
1.004
0.98
0.972
0.972
0.972
0.96
0.94
0.948
0.96
0.948
0.928
0.952
0.968
0.968
0.94
0.964
0.972
0.984
0.968
0.976
0.972
0.972
0.96
0.968
0.98
0.988
1
1
1.012
1.004
0.992
1.004
1.004
0.996
0.988
1
0.992
0.972
0.968
0.984
0.98
0.988
0.972
0.988
0.996
0.996
0.98
0.988
0.988
0.988
0.972
0.976
0.98
0.98
0.964
0.968
0.972
0.988
0.976
0.976
0.972
0.976
0.972
0.972
0.98
0.996
0.984
0.988
1
0.972
0.956
0.952
0.892
0.896
0.9
0.936
0.948
0.956
0.984
0.984
0.984
0.992
0.996
0.996
0.98
0.956
0.972
0.98
0.988
0.996
0.996
1.02
1.016
1.016
1.016
1
0.992
0.98
0.988
0.988
0.988
0.988
1
1.008
1.008
1.012
0.996
0.98
0.98
0.968
0.968
0.952
0.944
0.944
0.94
0.916
0.932
0.948
0.968
0.964
0.976
1.012
1.008
0.988
0.996
1.008
1.004
0.992
1.008
1.012
1.012
1.008
1.016
1.02
1.008
1.02
1.028
1.028
1.016
1.024
1.028
1.02
1.016
1.02
1.016
1.016
0.996
0.996
0.996
0.992
0.968
0.98
0.976
0.976
0.952
0.964
0.976
0.972
0.984
1
1.008
0.988
0.996
0.992
0.984
0.96
0.976
0.972
0.96
0.968
0.98
0.98
0.98
1.012
1.012
1
0.996
1.008
1
0.988
0.988
1.004
0.992
0.988
1
0.996
1
0.984
1.004
1.012
1.008
0.996
1.008
1
0.988
0.988
1.008
1.016
1.032
1.016
1.036
1.052
1.056
1.04
1.032
1.048
1.06
1.052
1
0.984
0.98
0.948
0.968
0.972
0.96
0.976
1.016
1.032
1.044
1.06
1.06
1.064
1.056
1.044
1.04
1.04
1.028
1.008
1
1.008
1.012
1.008
0.996
1.004
1
0.96
0.932
0.9
0.9
0.912
0.9610794
0.973065
0.876
0.904
0.94
0.932
0.94
0.96
0.944
0.948
0.948
0.92
0.924
0.92
0.916
0.908
0.916
0.912
0.908
0.932
0.944
0.968
0.968
0.988
1.012
1.032
1.04
1.04
1.02
1.016
1
1.008
0.996
0.992
0.992
0.984
0.98
0.972
0.984
0.98
0.976
0.972
0.98
0.972
0.972
0.972
0.972
0.968
0.968
0.98
0.98
0.988
0.984
0.992
1
1
0.996
0.992
1
1
1.004
0.984
0.992
0.988
0.988
0.992
0.984
1.004
1.012
0.996
1
0.992
1.008
1.004
0.992
0.988
0.992
0.988
0.984
0.976
0.984
0.98
0.988
0.964
0.972
0.984
0.988
0.976
0.992
0.988
0.996
1
1.008
1.004
0.988
0.988
0.988
0.98
0.96
0.968
0.968
0.968
0.964
0.972
0.98
0.98
0.972
0.98
0.968
0.976
0.98
0.98
0.968
0.984
0.988
0.988
0.98
0.992
0.996
0.992
0.984
0.992
0.996
1
0.996
1
1
1.004
1
1
1.012
1.016
1.004
1.008
1.012
0.996
0.98
0.976
0.992
0.992
0.976
0.972
0.984
0.98
0.96
0.96
0.968
0.98
0.976
0.964
0.98
0.984
0.968
0.96
0.972
0.968
0.964
0.952
0.964
0.972
0.972
0.972
0.976
0.984
0.972
0.976
0.98
0.984
0.972
0.992
0.996
0.992
0.98
0.988
0.996
0.992
0.98
0.996
0.996
0.988
0.98
0.98
0.996
0.992
0.984
0.972
0.98
0.988
0.98
0.98
1.008
1.008
0.984
0.972
0.908
0.912
0.928
0.932
0.968
1.004
1.02
1.008
1.004
1.008
1.004
0.988
0.996
1.008
1
0.988
0.992
1.004
1.008
0.992
1.008
1.02
1.028
1.028
1.04
1.04
1.04
1.016
1.012
1.024
1.016
1.016
1
1.012
1.012
1
0.992
1
0.996
0.988
0.968
0.96
0.972
0.976
0.976
0.972
0.976
0.992
0.988
0.968
0.98
0.996
0.996
0.996
1
1.012
1.024
1.008
1.008
1.004
1.016
0.992
0.992
1
1
0.98
0.992
1.004
1.004
1
0.992
1
1.012
1.004
0.988
0.996
0.996
0.988
0.976
0.988
0.988
0.984
0.98
0.988
0.996
1.004
0.996
0.984
1
1.008
1
0.98
0.988
0.992
1
0.98
0.992
1.004
1
0.992
1.012
1.028
1.024
1.012
1.02
1.032
1.028
1.012
1.032
0.992
0.972
0.932
0.928
0.924
0.92
0.916
0.944
0.948
0.916
0.932
0.952
0.944
0.952
0.972
0.976
0.972
0.992
1.012
1.032
1.016
1.008
0.992
1.004
0.956
0.968
0.936
0.948
0.956
0.952
0.912
0.928
0.904
0.916
0.932
0.932
0.952
0.908
0.924
0.932
0.924
0.932
0.94
0.94
0.944
0.936
0.948
0.964
0.98
1
1
1.032
1.036
1.036
1.04
1.052
1.048
1.052
1.04
1.028
1.028
0.98
1.004
0.996
0.972
0.968
0.96
0.956
0.956
0.912
0.932
0.932
0.928
0.916
0.916
0.92
0.92
0.912
1.04171
0.896
0.896
0.908
0.936
0.952
0.984
1.016
1.024
1.032
1.052
1.048
1.056
1.044
1.02
1.028
1.016
1.008
1.008
1
1.004
1.016
1.012
0.996
1
1.008
1.012
0.996
0.996
0.988
0.988
1.004
1.008
0.992
0.976
0.988
0.988
0.996
0.976
0.964
0.956
0.972
0.988
0.996
0.988
0.944
0.908
0.912
0.932
0.94
0.96
0.988
1.02
1.032
1.028
1.032
1.032
1.028
1.016
1.02
1.02
1.024
1.024
1.02
1.024
0.976
0.984
0.972
0.964
0.952
0.96
0.968
0.972
0.988
0.992
1.004
1
0.988
1.004
1.004
1
1
1
1
1.008
1.012
1.008
0.988
0.996
1
0.992
0.984
0.988
0.992
0.984
0.972
0.98
0.988
0.976
0.976
0.98
0.972
0.96
0.968
0.96
0.96
0.968
0.968
0.952
0.964
0.972
0.956
0.96
0.984
0.984
0.976
0.98
0.992
0.988
0.98
0.988
1
1
1.004
1.008
0.992
0.988
1.004
1.004
1
0.98
0.956
0.968
0.968
0.948
0.956
0.968
0.976
0.964
0.964
0.984
0.98
0.964
0.968
0.968
0.968
0.984
0.984
0.972
0.98
0.992
0.996
0.996
1
1.004
1.004
0.992
0.992
0.988
0.936
0.956
0.932
0.924
0.932
0.932
0.924
0.92
0.92
0.892
0.908
0.908
0.92
0.932
0.948
0.952
0.964
0.984
1.004
1.008
1.024
1.024
0.992
0.996
0.94
0.916
0.924
0.944
0.96
0.972
0.98
0.972
0.992
1
0.988
0.98
0.992
0.996
0.984
0.976
0.988
1.004
1.004
0.992
1.016
1.02
1.016
1
1.004
0.996
0.996
0.988
0.984
1.012
1.008
1.012
0.996
1.004
1.016
1.004
0.988
0.996
1.004
0.992
0.988
1
0.992
0.976
0.988
0.988
0.988
0.976
0.996
1
0.996
0.984
1.004
1.004
1
1.008
0.992
0.992
1.004
1.004
0.996
0.992
0.996
1.004
1.012
1.008
0.992
1.012
1
0.992
0.984
1.004
1.004
0.996
0.984
1.004
1.008
1.004
0.992
0.992
1
0.996
0.976
0.984
1.004
1.008
1.004
1.008
1.02
1.016
1.008
1.004
1.008
1.004
0.992
1.012
1.012
1.004
0.996
1
1.008
1.024
1.012
0.996
1.004
1.004
1
0.992
0.992
0.996
0.996
0.988
0.996
1.012
1.016
1.008
1.028
1.024
1.016
1.004
1.02
1.024
1.028
1.004
1.012
1.016
1.012
1.004
0.992
1.016
1.02
1.004
1
1.024
1.028
1.008
1.016
1.016
1
0.988
1
1.004
0.984
0.996
1.012
1.008
1.008
1.028
1.008
0.98
0.988
0.98
0.984
0.98
0.984
0.984
0.996
1.004
1
1
0.976
0.968
0.98
0.984
0.98
0.98
0.992
0.996
1
1.008
1.024
1.028
1.02
1.016
1.012
1.016
1.004
1.004
1.016
1.028
1.008
1.02
1.028
1.02
1.008
1.016
1.024
1.008
1.008
1.016
1.016
1.004
1.016
1.024
1.012
1.016
1.024
1.028
1.008
1.012
1.016
1.012
1.004
0.996
1
1.008
1.012
1.004
1.004
1.004
1.004
1
0.98
0.996
0.992
0.988
1
1.004
0.996
0.992
0.992
1.004
1.004
1.008
0.96
0.96
0.912
1.011619
1.013866
0.904
0.928
0.948
0.952
0.972
0.992
1.004
1.004
1.016
1.024
1.036
1.024
1.036
1.06
1.08
1.076
1.088
1.076
1.064
1.048
1.064
1.064
1.04
1.048
1.052
1.04
1.028
1.048
1.044
1.032
1.02
1.024
1.032
1.024
1.032
1.028
1.028
1.024
1.012
1.024
1.02
1.016
1
1.008
1
1
0.984
0.988
0.992
1
0.992
0.996
1.004
1.008
0.996
0.996
1.02
1.024
1.02
1.024
1.036
1.04
1.02
1.02
1.012
1.008
1
1.008
1.004
0.996
1
1.008
1.008
0.984
0.984
0.992
0.992
0.988
0.98
1.004
1.02
1.04
1.032
1.052
1.072
1.056
1.048
1.056
1.052
1.032
1.024
1.044
1.044
1.036
1.02
1.032
1.036
1.024
1.016
1.024
1.024
1.012
1.008
0.996
1.008
0.996
1.02
1.044
1.048
1.04
1.036
1.04
1.04
1.016
1.02
1.024
1.02
1.012
1.024
1.028
1.02
1.02
1.024
1.02
0.988
0.996
0.992
0.98
0.984
0.98
1.008
1.024
1.012
1.024
1.044
1.048
1.036
1.04
1.056
1.056
1.048
1.036
1.036
1.044
1.024
1.036
1.04
1.048
1.036
1.032
1.04
1.036
1.036
1.024
1.024
1.04
1.04
1.04
1.02
1.032
1.04
1.02
0.996
1.004
0.992
0.968
0.984
0.96
0.976
0.988
0.976
0.988
0.996
0.976
1
1.004
0.992
1.008
1.028
1.04
1.028
1.056
1.048
1.024
1.024
1.012
1.024
1.028
1.02
1.036
1.036
1.032
1.028
1.044
1.048
1.056
1.052
1.04
1.052
1.036
1.02
0.988
0.988
0.984
0.972
0.984
1
0.996
0.984
1
1.004
0.996
1.008
0.992
0.972
0.984
1.004
1.012
1.024
1.028
1.048
1.056
1.04
1.04
1.048
1.044
1.04
1.028
1.016
1.02
1.012
1.004
1.008
1.012
1.02
1
0.992
0.996
0.988
0.984
1
1
0.98
0.992
1.008
1
0.996
1.02
1.036
1.024
1.012
1.036
1.024
1.016
1.032
1.048
1.044
1.028
1.04
1.044
1.036
1.024
1.036
1.036
1.032
1.02
1.036
1.032
1.02
1.016
1.016
1.024
1.02
1.012
1.016
1.028
1.04
1.024
1.02
1.028
1.024
1.004
1.004
1.012
1.016
1.016
0.996
1.016
1.004
0.996
1
1.032
1.028
1.016
1.036
1.036
1.024
1.024
1.032
1.024
1.012
1.008
1.024
1.016
1.02
0.996
1
1.012
0.996
0.988
1.016
1.032
1.024
1.024
1.048
1.064
1.052
1.036
1.052
1.036
1.02
1.004
1.02
1.024
1.012
1
1.016
1.028
1.052
1.016
0.996
1.004
0.996
0.964
0.984
0.996
1.028
1.02
1.048
1.068
1.068
1.056
1.072
1.06
1.064
1.072
1.072
1.072
1.076
1.076
1.072
1.076
1.088
1.092
1.092
1.092
1.076
1.068
1.084
1.084
1.08
1.044
1.028
1.044
1.044
1.028
1.004
1.036
1.052
1.036
1.032
1.056
1.08
1.072
1.052
1.048
1.06
1.064
1.044
1.024
1.016
1.024
1.024
1.02
1.036
1.044
1.06
1.06
1.052
1.052
1.048
1.044
1.048
1.056
1.056
1.04
1.052
1.024
1.004
1.016
1.024
1.028
1.032
1.06
1.076
1.088
1.068
1.084
1.088
1.084
1.076
1.064
1.044
1.056
1.056
1.056
1.044
1.052
1.056
1.044
1.032
1.036
1.056
1.072
1.052
0.984
0.944
0.96
0.956
0.976
0.988
1.004
1.056
1.072
1.084
1.1
1.108
1.1
1.088
1.08
1.068
1.068
1.064
1.068
1.072
1.064
1.076
1.08
1.084
1.084
1.072
1.064
1.04
1.044
1.044
1.056
1.04
1.044
1.064
1.06
1.02
1.048
1.052
1.028
1.016
1.024
1.008
1.004
1.024
1.04
1.032
1.04
1.068
1.072
1.06
1.032
1.016
0.996
1.004
0.976
1
1.004
1
0.98
0.992
0.996
0.988
0.964
0.976
0.96
0.976
0.988
0.996
1.004
1.02
1.036
1.056
1.076
1.076
1.084
1.084
1.092
1.084
1.092
1.1
1.096
1.092
1.076
1.076
1.052
1.024
1.032
1.04
1.036
1.036
1.052
1.064
1.048
1.04
1.052
1.06
1.064
1.04
1.04
1.036
1.02
1.016
1.024
1.028
1.02
1.036
1.036
1.024
1.016
1.02
1.012
0.996
0.976
0.988
1.012
1.024
1.008
1.012
1.04
1.04
1.032
1.044
1.048
1.028
1.04
1.06
1.068
1.04
1.056
1.052
1.048
1.048
1.056
1.056
1.044
1.032
1.052
1.048
1.036
1.052
1.052
1.04
1.044
1.06
1.068
1.044
1.052
1.068
1.072
1.06
1.072
1.088
1.072
1.052
1.064
1.072
1.056
1.04
1.036
1.044
1.024
1.016
1.036
1.044
1.036
1.04
1.044
1.056
1.056
1.052
1.068
1.064
1.048
1.048
1.056
1.048
1.024
1.024
1.032
1.04
1.028
1.016
1.028
1.044
1.048
1.04
1.028
1.044
1.044
1.052
1.044
1.068
1.068
1.064
1.056
1.068
1.068
1.048
1.032
1.036
1.016
1.016
1.02
1.032
1.04
1.004
0.996
1
0.988
1.016
1.02
0.992
1.004
1.008
0.988
0.956
0.988
1.008
1
1.012
1.036
1.036
1.048
1.048
1.052
1.036
1.052
1.06
1.032
1.048
0.988
1.016
1.02
0.988
0.996
0.984
0.948
0.956
0.916
1.078532
1.033106
0.9705833
0.9915513
1.000308
1.060827
1.029528
1.031029
1.020535
0.9964015
1.081307
1.034616
0.945335
1.042024
0.9994973
0.9779541
1.008765
0.9795041
0.9902871
0.9940674
0.9556166
1.047106
0.924
0.936
0.94
1.022377
0.9755969
1.062285
1.032323
1.006196
0.916
0.928
0.94
0.96
0.96
0.972
0.984
0.984
0.992
0.996
1.008
1
0.988
0.988
0.988
0.984
0.98
0.968
0.968
0.968
0.976
0.972
0.968
0.988
0.988
0.988
0.988
0.976
0.972
0.98
0.968
0.972
0.988
0.988
1
0.992
0.992
1.004
0.992
0.984
0.976
0.98
0.968
0.968
0.984
0.984
0.976
0.964
0.944
0.928
1.0501
1.049497
1.04746
1.042654
0.924
0.936
0.948
0.956
0.984
0.988
0.968
0.968
0.988
0.988
0.984
0.992
1
0.992
0.992
1.008
1.004
0.996
0.988
1
1.004
0.992
0.98
0.984
0.988
0.996
0.984
0.992
1
0.992
1
1.012
1.012
1
1.004
1.008
1
0.996
0.996
0.992
0.992
0.984
0.996
0.996
0.992
1.008
1.012
1.012
1.004
1.016
1.008
1
0.996
0.996
0.996
0.98
0.976
0.984
0.992
0.984
0.972
0.972
0.984
0.972
0.972
0.984
0.992
0.996
0.988
0.988
0.988
0.996
0.984
0.988
0.992
0.976
0.968
0.988
0.984
0.984
0.98
0.996
1.004
0.988
0.992
1
1
0.996
1.016
1.028
1.044
1.052
1.06
1.044
1.036
1.032
1.028
1.024
1.016
1.024
1.028
1.024
1.024
1.04
1.044
1.024
1.04
1.04
1.028
1.02
1.032
1.028
1.024
1.024
1.04
1.036
1.032
1.04
1.052
1.036
1.024
1.036
1.028
1.028
1.028
1.04
1.028
1.016
1.012
1.004
0.988
1.004
0.996
0.996
0.992
1.024
1.036
1.032
1.028
1.028
1.028
1.024
1.016
1.036
1.04
1.04
1.032
1.04
1.028
1.024
1.016
1.02
1.028
1.012
1.028
1.048
1.048
1.036
1.044
1.06
1.048
1.036
1.036
1.052
1.044
1.036
1.032
1.04
1.02
1.008
1.016
1.024
1.02
1.016
1
1.02
1.004
0.96
0.972
0.944
0.956
0.976
0.984
0.996
1.012
1.02
1.008
1.024
1.02
1.016
1.02
1.032
1.02
1.028
1.028
1.044
1.04
1.036
1.052
1.068
1.068
1.068
1.06
1.056
1.012
1.012
1.024
1.016
1
1.008
1.004
0.988
0.984
0.984
0.992
0.988
0.984
0.972
0.952
0.972
0.968
0.976
0.976
0.98
1.004
0.984
0.992
0.996
0.992
1.004
1.012
1.016
1.028
1.056
1.08
1.076
1.072
1.084
1.08
1.072
1.08
1.064
1.076
1.08
1.084
1.064
1.072
1.076
1.072
1.064
1.048
1.072
1.068
1.06
1.044
1.06
1.06
1.036
1.016
1.036
1.036
1.02
1.036
1.044
1.048
1.032
1.052
1.056
1.056
1.036
1.036
1.044
1.048
1.048
1.044
1.032
1.04
1.04
1.036
1.028
1.052
1.056
1.056
1.052
1.064
1.06
1.044
1.036
1.056
1.068
1.056
1.036
1.068
1.06
1.056
1.036
1.036
1.04
1.044
1.024
1.048
1.064
1.06
1.052
1.076
1.08
1.068
1.064
1.076
1.08
1.068
1.064
1.064
1.052
1.044
1.048
1.048
1.04
1.02
1.036
1.048
1.052
1.056
1.072
1.076
1.056
1.064
1.06
1.048
1.056
1.064
1.072
1.064
1.072
1.08
1.08
1.068
1.052
1.06
1.068
1.036
1.04
1.044
1.04
1.032
1.028
1.052
1.06
1.044
1.04
1.056
1.048
1.04
1.02
1.028
1.028
1.028
1.02
1.04
1.06
1.068
1.056
1.064
1.052
1.044
1.048
1.052
1.068
1.044
1.024
1.016
0.976
0.964
0.968
0.992
0.992
1.024
1.048
1.068
1.048
1.052
1.052
1.052
1.048
1.068
1.076
1.072
1.076
1.096
1.088
1.072
1.08
1.084
1.08
1.068
1.076
1.084
1.076
1.068
1.088
1.088
1.088
1.076
1.084
1.072
1.06
1.044
1.064
1.056
1.032
1.016
1.036
1.04
1.028
0.996
1.008
0.996
0.976
0.964
0.928
1.037715
1.015366
1.006489
0.932
0.96
0.98
0.988
1.016
1.036
1.032
1.028
1.048
1.056
1.06
1.06
1.076
1.08
1.08
1.092
1.088
1.064
1.052
1.048
1.032
1
0.956
0.964
0.968
0.984
0.976
0.988
1.024
1.032
1.036
1.064
1.048
1.032
1.036
1.036
1.02
1.016
1.016
0.96
0.984
0.972
0.972
0.972
0.976
0.984
1.024
1.044
1.06
1.096
1.112
1.116
1.096
1.092
1.096
1.08
1.076
1.088
1.088
1.068
1.072
1.084
1.084
1.064
1.076
1.076
1.06
1.048
1.064
1.084
1.076
1.052
1.064
1.072
1.048
1.052
1.056
1.044
1.036
1.048
1.056
1.052
1.04
1.056
1.06
1.052
1.048
1.064
1.068
1.06
1.06
1.052
1.056
1.028
1.012
1.012
1.024
1.024
1.036
1.06
1.068
1.052
1.048
1.06
1.056
1.048
1.06
1.064
1.076
1.064
1.064
1.068
1.048
1.044
1.056
1.064
1.072
1.068
1.076
1.088
1.04
0.976
0.992
1.004
1.004
0.984
1.012
1.024
1.008
1.024
1.048
1.044
1.036
1.044
1.064
1.048
1.072
1.08
1.056
1.06
1.072
1.072
1.092
1.084
1.084
1.088
1.08
1.04
1.056
1.048
1.028
1.012
1.008
0.988
0.976
0.968
0.96
0.972
0.988
1.008
1.008
1.036
1.044
1.052
1.068
1.068
1.076
1.092
1.084
1.048
1.06
1.064
1.072
1.044
1.012
1.012
1.004
0.988
0.976
0.972
0.96
0.944
0.924
0.92
0.928
0.944
0.972
0.996
1.02
1.048
1.052
1.036
1.024
1.024
1.032
1.004
1.024
1.008
0.996
0.988
1
1.008
1.016
1.024
1.02
1.016
1.024
1.044
1.036
1.044
1.044
1.06
1.044
1.04
1.048
1.036
1
1
0.94
0.952
0.948
0.936
0.936
0.94
0.944
0.944
0.948
0.94
0.96
0.964
0.96
0.984
0.992
0.98
1.004
0.98
0.988
0.968
0.964
0.972
0.976
0.984
0.984
0.968
0.972
0.98
0.952
0.968
0.968
0.98
0.992
1.012
1.016
1.028
1.028
1.036
1.028
1.036
1.028
1.024
1.036
1.056
1.06
1.06
1.056
1.004
1.004
0.964
0.944
0.928
0.936
0.908
0.924
0.936
0.952
0.952
0.964
0.964
0.956
0.968
0.904
0.916
0.896
0.904
0.916
0.92
0.928
0.924
0.908
0.92
0.928
0.92
0.916
0.904
0.916
0.928
0.908
0.92
0.936
0.948
0.964
1
0.996
1.02
1.032
1.008
0.988
0.956
0.948
0.956
0.92
0.928
0.952
0.972
0.972
0.972
0.968
0.936
0.94
0.94
0.948
0.932
0.916
0.904
0.924
0.928
0.932
0.968
0.976
0.988
0.952
0.976
0.976
0.972
0.972
0.944
0.936
0.9
0.908
0.9865713
0.904
0.908
0.92
0.944
0.936
0.932
0.94
0.948
0.94
0.92
0.924
0.912
0.916
0.924
0.932
0.892
0.924
0.936
0.948
0.924
0.964
0.972
0.952
0.932
0.924
0.928
0.92
0.932
0.956
0.952
0.936
0.94
0.916
0.916
0.916
0.912
0.892
0.92
0.94
0.944
0.96
0.96
0.932
0.964
0.956
0.896
0.9
0.92
0.956
0.992
1.028
1.06
1.064
1.064
1.072
1.06
1.04
1.032
1.04
0.988
0.976
0.972
0.952
0.944
0.932
0.908
0.932
0.936
0.944
0.916
0.944
0.944
0.956
0.96
0.956
0.992
1.024
1.056
1.08
1.072
1.084
1.084
1.04
1.028
0.98
0.976
0.972
0.984
0.988
0.972
0.972
0.976
0.964
0.94
0.948
0.96
0.96
0.976
0.98
0.992
0.996
1.02
1.036
1.008
0.972
0.98
0.976
0.948
0.936
0.924
0.916
0.924
0.936
0.936
0.916
0.932
0.924
0.94
0.948
0.96
0.92
0.952
0.96
0.936
0.964
0.968
0.988
0.992
0.964
0.96
0.972
0.968
0.952
0.96
0.932
0.968
0.976
0.98
0.952
0.92
0.948
0.96
0.996
1.016
1.024
1.044
1.064
1.068
1.068
1.072
1.072
1.072
1.072
1.056
1.048
1.052
1.052
1.044
1.044
1.032
1.04
0.988
0.996
0.988
0.984
0.944
0.952
0.976
0.972
0.956
0.968
0.952
0.928
0.948
0.968
0.984
0.984
1.016
1.024
1.036
1.044
1.04
1.044
1.052
1.052
1.04
1.032
1.052
1.064
1.084
1.092
1.096
1.084
1.076
1.088
1.088
1.096
1.104
1.088
1.08
1.052
1.068
1.064
1.056
1.032
1.044
1.056
1.052
1.044
1.02
0.992
0.996
0.996
0.996
0.94
0.932
0.924
0.924
0.932
0.932
0.924
0.932
0.94
0.952
0.956
0.936
0.948
0.952
0.92
0.952
0.956
0.956
0.956
0.92
0.936
0.944
0.936
0.956
0.96
0.952
0.96
0.956
0.932
0.924
0.932
0.944
0.944
0.932
0.948
0.956
0.94
0.96
0.976
0.984
1
1.024
1.044
1.044
1.044
1.02
0.972
0.984
0.968
0.964
0.924
0.936
0.9
0.912
0.908
0.932
0.94
0.96
0.98
1.012
1.024
1.04
1.056
1.056
1.044
1.052
1.056
1.056
1.06
1.064
1.06
1.048
1.052
1.056
1.056
1.06
1.068
1.06
1.052
1.052
1.052
1.052
1.048
1.032
1.032
1.04
1.052
1.048
1.032
1.052
1.068
1.064
1.044
1.06
1.052
1.032
1.008
1.012
1.024
1.004
0.996
1.02
1.036
1.036
1.028
1.04
1.048
1.052
1.044
1.048
1.04
1.04
1.024
1.044
1.044
1.04
1.032
1.024
1.028
1.04
1.02
1.016
1.02
1.028
1.008
1.02
1.032
1.036
1.024
1.028
1.012
1.004
1.004
1.032
1.032
1.024
1.016
1.024
1.032
1.016
1.012
1.036
1.044
1.02
1.032
1.052
1.056
1.048
1.064
1.064
1.064
1.044
1.048
1.052
1.044
1.036
1.048
1.06
1.036
1.044
1.044
1.048
1.044
1.044
1.04
1.028
1.036
1.056
1.06
1.044
1.064
1.068
1.052
1.056
1.052
1.032
1.02
1.024
1.024
1.008
1.016
1.044
1.048
1.04
1.056
1.052
1.036
1.024
1.036
1.032
1.024
1.032
1.052
1.04
1.036
1.048
1.044
1.024
1.032
1.04
1.04
1.024
1.036
1.048
1.04
1.04
1.052
1.06
1.044
1.052
1.06
1.048
1.04
1.052
1.06
1.044
1.048
1.06
1.052
1.052
1.048
1.044
1.032
1.036
1.048
1.048
1.04
1.052
1.064
1.044
1.048
1.056
1.036
1.032
1.056
1.056
1.048
1.056
1.064
1.064
1.044
1.052
1.064
1.056
1.04
1.056
1.06
1.032
1.016
1.032
1.036
1.04
1.072
1.084
1.06
0.996
0.98
0.972
0.948
0.98
0.984
0.984
1.016
1.024
1.02
1.024
1.06
1.072
1.08
1.072
1.076
1.068
1.052
1.064
1.072
1.068
1.052
1.068
1.072
1.068
1.06
1.064
1.068
1.06
1.048
1.064
1.068
1.056
1.076
1.076
1.052
1.048
1.048
1.028
1.012
1.036
1.032
1.008
1.016
1.02
1.008
1.004
1.024
1.02
1.012
1.04
1.036
1.016
1.032
1.036
1.024
1.028
1.036
1.048
1.032
1.04
0.98
0.968
0.964
0.944
0.924
0.916
0.928
0.92
0.924
0.932
0.9893119
0.924
0.92
0.928
0.948
0.936
0.92
0.944
0.944
0.944
0.94
0.932
0.952
0.952
0.948
0.96
0.988
1.004
1.024
1.024
1.044
1.032
0.964
0.944
0.952
0.964
0.96
0.908
0.912
0.92
0.924
0.928
0.932
0.924
1.009315
0.9710602
1.095563
1.060804
0.9764008
1.002558
1.000308
1.045537
0.932
0.944
0.948
0.952
0.976
0.988
1.016
1.032
1.056
1.068
1.092
1.092
1.072
1.076
1.072
1.08
1.068
1.048
1.052
1.048
1.048
1.036
1.028
1.052
1.06
1.036
1.036
1.056
1.056
1.032
1.044
1.052
1.068
1.044
1.06
1.076
1.064
1.052
1.048
1.044
1.028
1.032
1.056
1.032
1
1.016
1.02
1.016
1.012
1.028
1.028
1.02
1.04
1.048
1.044
1.036
1.052
1.052
1.032
1.06
1.068
1.056
1.06
1.064
1.06
1.052
1.052
1.06
1.06
1.072
1.096
1.096
1.072
1.076
1.072
1.044
1.004
0.988
0.992
0.984
0.968
0.972
0.984
0.98
0.948
0.972
0.944
0.952
0.964
0.976
0.996
0.972
0.968
0.944
0.96
0.956
0.956
0.952
0.932
0.932
0.932
0.944
0.944
0.948
0.964
0.984
0.964
0.98
0.968
0.976
0.972
0.976
0.992
1.012
1.032
1.06
1.08
1.084
1.092
1.096
1.108
1.096
1.084
1.08
1.08
1.064
1.052
1.016
1.036
0.92
1.12
0.996
0.984
0.98
0.944
0.952
0.932
0.956
0.964
0.964
0.924
0.94
0.924
0.936
0.956
0.976
0.988
0.952
0.948
0.96
0.964
0.928
0.956
0.948
0.96
0.956
0.952
0.968
0.988
0.988
0.98
0.964
0.96
0.928
0.94
1.014925
1.027093
1.016849
0.94
0.972
1
1.016
1.036
1.052
1.048
1.048
1.056
1.052
1.052
1.06
1.052
1.056
1.064
1.076
1.088
1.08
1.076
1.064
1.06
1.044
1.024
1.008
1
1.004
0.984
1
1.016
1.024
1.028
1
0.972
0.988
1
0.972
0.944
0.948
0.908
0.928
0.936
0.944
0.948
0.92
0.936
0.956
0.964
0.98
0.984
0.964
0.956
0.94
0.936
0.956
0.964
0.932
0.932
0.948
0.952
0.94
0.928
0.944
0.948
0.916
0.94
0.944
0.94
0.912
0.932
0.952
0.972
1.016
1.032
1.06
1.072
1.064
1.072
1.056
1.06
1.064
1.068
1.084
1.088
1.084
1.072
1.072
1.056
1.06
1.06
1.068
1.056
1.056
1.064
1.052
1.032
1.02
1.04
1.072
1.084
1.088
1.084
1.08
1.06
1.024
0.992
0.952
0.936
0.936
0.944
0.94
0.948
0.948
0.952
0.968
0.98
0.976
0.972
0.972
0.988
1.008
1.02
1.028
1.044
1.052
1.064
1.056
1.052
1.032
1.032
1.036
1.04
1.044
1.06
1.056
1.064
1.04
1.004
1.008
0.996
1
1.024
1.044
1.052
1.052
1.072
1.064
1.048
1.044
1.044
1.028
1.016
1.032
1.028
1.004
1.02
1.044
1.04
1.056
1.052
1.056
1.044
1.052
1.052
1.048
1.036
1.032
1.04
1.028
1.012
1.024
1.024
0.988
0.984
1
1
0.992
1.012
1.028
1.016
1.04
1.068
1.06
1.036
1.052
1.052
1.028
1.04
1.04
1.028
1.04
1.06
1.052
1.048
1.064
1.088
1.08
1.076
1.08
1.064
1.056
1.056
1.068
1.1
1.108
1.08
1.088
1.076
1.04
1.028
1.036
1.052
1.064
1.052
1.064
1.092
1.048
1.036
1.036
1.028
1.012
0.996
1.016
1.028
1.024
1.016
1.044
1.048
1.04
1.024
1.064
1.068
1.04
1.036
1.048
1.06
1.048
1.052
1.052
1.044
1.028
1.052
1.072
1.068
1.064
1.076
1.08
1.072
1.036
1.04
1.052
1.048
1.04
1.032
1.056
1.064
1.06
1.08
1.1
1.1
1.076
1.096
1.096
1.064
1.06
1.06
1.056
1.028
1.04
1.036
1.032
1.016
1.036
1.032
1.016
1.024
1.052
1.056
1.044
1.056
1.064
1.056
1.04
1.048
1.044
1.032
1.016
1.024
1.024
1.02
1.012
1.036
1.04
1.036
1.02
1.036
1.048
1.036
1.032
1.032
1.028
1.02
1.012
1.032
1.036
1.008
1.012
1.024
1.024
1.004
1.028
1.032
1.032
1.028
1.044
1.032
1.028
1.044
1.048
1.02
1.028
1.036
1.024
1.004
1.008
1.012
1.004
1
1.024
1.028
1.024
1.016
1.028
1.036
1.012
1.028
1.04
1.048
1.036
1.052
1.06
1.052
1.044
1.056
1.02
1.008
0.972
0.96
0.96
0.956
0.924
0.932
0.94
0.936
0.948
0.968
0.976
0.988
1.012
1.032
1.04
1.044
1.068
1.04
1.004
0.984
0.992
0.988
0.996
1.024
1.048
1.048
1.06
1.08
1.084
1.064
1.056
1.072
1.08
1.048
1.052
1.068
1.06
1.036
1.056
1.052
1.052
1.044
1.056
1.056
1.044
1.032
1.052
1.052
1.032
1.052
1.068
1.06
1.048
1.068
1.084
1.064
1.064
1.064
1.048
1.04
1.04
1.036
1.024
1.036
1.056
1.044
1.036
1.048
1.056
1.048
1.052
1.048
1.024
1.02
1.044
0.996
0.932
0.916
0.924
1.01406
1.065219
0.916
1.007478
0.908
0.908
0.928
0.916
0.92
0.912
0.924
0.932
0.948
0.952
0.96
0.964
0.948
0.912
1.07084
0.9597901
1.037107
1.020428
1.023781
1.029728
0.9977873
1.003931
0.979114
0.9772021
1.027052
1.032311
0.928
0.956
0.988
1.008
0.98
0.98
0.972
0.96
0.964
0.98
0.984
0.972
0.976
0.972
0.964
0.98
0.98
0.98
0.984
0.94
0.912
0.908
0.928
0.912
1.018423
0.916
0.944
0.968
0.992
1.004
1.02
1.02
1.032
1.044
1.044
1.048
1.056
1.068
1.064
1.072
1.06
1.048
1.064
1.064
1.052
1.044
1.04
1.024
1.02
1
0.992
0.996
0.988
0.976
0.976
0.996
1.012
1.024
1.032
1.048
1.06
1.064
1.056
1.064
1.064
1.06
1.056
1.048
1.048
1.044
1.028
1.012
1.032
1.028
1.024
1.024
1.04
1.04
1.032
1.032
1.032
1.02
1.016
1.016
1.016
1
1.008
1.024
1.008
1.008
1.016
1.02
1.012
1.016
1.02
1.028
1.016
1.016
1.008
1
0.992
1
0.996
0.996
0.984
1.008
1.004
1
0.992
1.004
1.028
0.988
0.996
1.008
0.964
0.968
0.948
0.944
0.932
0.92
0.924
0.932
0.924
1.051985
0.924
0.92
1.092914
0.916
0.92
0.936
0.956
0.972
1.008
1.02
1.012
0.984
0.992
1.004
0.984
0.972
0.98
0.992
1.004
1.024
1.044
1.048
1.064
1.088
1.084
1.1
1.092
1.084
1.088
1.056
1.06
1.06
1.064
1.06
1.052
1.032
1.04
1.04
1.044
1.02
1.016
1.028
1.028
1.02
1.024
1.044
1.036
1.016
0.996
1
1.004
0.992
0.988
1
1.016
1.004
1.02
1.036
1.032
1.016
1.032
1.036
1.028
1.02
1.032
1.036
1.02
1.016
1.032
1.028
1.02
1.044
1.06
1.052
1.04
1.052
1.044
1.036
1.02
1.036
1.02
1.024
1.02
0.984
0.984
1.008
1.008
1.008
1.028
1.04
1.024
1.028
1.048
1.044
1.028
1.048
1.04
1.032
1.032
1.04
1.024
1.044
1.044
1.048
1.04
1.016
1
0.976
0.984
0.976
0.968
0.988
1
1
1.02
1.052
1.072
1.068
1.072
1.068
1.06
1.072
1.064
1.064
1.044
1.044
1.044
1.036
1.044
1.052
1.036
1.04
1.052
1.044
1.028
1.04
1.048
1.044
1.032
1.052
1.064
1.04
1.024
1.048
1.044
1.032
1.02
1.024
1.032
1.024
1.048
1.072
1.068
1.056
1.06
1.056
1.024
1.016
1.02
1.016
1
1.024
1.044
1.024
1.036
1.032
1.036
1.008
1.008
1.028
1.02
1.012
1.032
1.04
1.036
1.024
1.036
1.048
1.04
1.036
1.044
1.048
1.028
1.024
1.036
1.036
1.024
1.024
1.04
1.048
1.032
1.012
1.024
1.024
1.008
1.004
1.028
1.02
1.012
1.028
1.04
1.008
1.012
1.012
1
0.996
0.976
0.932
0.916
0.928
0.94
0.948
0.956
0.936
0.94
0.932
0.94
0.936
1.00616
0.9403286
1.060489
0.94
0.98
1
1.02
1.044
1.04
1.04
1.052
1.06
1.06
1.032
1.032
1.036
1.008
1
1.012
1.004
0.976
0.956
0.956
0.936
0.948
0.972
0.988
0.98
1.024
1.056
1.084
1.1
1.112
1.108
1.1
1.1
1.116
1.096
1.092
1.104
1.092
1.088
1.072
1.064
1.068
1.076
1.076
1.044
1.036
1.044
1.044
1.028
1.052
1.068
1.064
1.088
1.1
1.084
1.072
1.072
1.032
0.988
0.928
0.94
1.002183
1.003024
1.065186
1.01778
0.92
0.956
1.012
1.032
1.056
1.096
1.088
1.096
1.092
1.088
1.072
1.064
1.064
1.056
1.056
1.076
1.08
1.096
1.092
1.1
1.096
1.068
1.068
1.064
1.036
1.028
1.052
1.06
1.028
1.048
1.068
1.04
1.056
1.064
1.044
1.048
1.056
1.052
1.048
1.064
1.06
1.052
1.056
1.056
1.06
1.04
1.036
1.048
1.06
1.052
1.048
1.056
1.06
1.036
1.044
1.044
1.044
1.024
1.04
1.04
1.028
1.008
1.032
1.048
1.044
1.02
1.028
1.024
0.996
0.992
1.016
1.02
1.016
1.036
1.04
1.04
0.996
1.016
1.032
1.032
1.048
1.084
1.088
1.076
1.072
1.076
1.048
1.056
1.056
1.044
1.04
1.036
1.064
1.04
1.012
1.008
1.004
1
1.04
1.06
1.06
1.076
1.096
1.088
1.072
1.084
1.072
1.044
1.064
1.072
1.076
1.048
1.012
0.992
0.964
0.972
0.98
0.98
0.98
1.004
1.004
0.996
1.008
1.004
0.996
0.988
0.96
0.9928625
1.043716
1.032165
1.037457
0.936
0.944
0.976
1.004
1.004
1.016
1.008
1.02
1.02
1.02
1.008
1.012
1.028
1.044
1.048
1.084
1.096
1.108
1.112
1.096
1.092
1.096
1.1
1.08
1.084
1.056
1.032
1
1
1
1.016
1.036
1.024
1.032
1.04
1.04
1.028
1.056
1.072
1.072
1.092
1.084
1.064
1.056
1.06
1.068
1.056
1.06
1.064
1.068
1.044
1.048
1.056
1.044
1.032
1.048
1.052
1.052
1.04
1.048
1.052
1.04
1.04
1.056
1.044
1.04
1.064
1.06
1.028
1.012
1.02
1.016
1.016
1.048
1.06
1.044
1.052
1.06
1.056
1.04
1.044
1.048
1.048
1.04
1.06
1.06
1.048
1.04
1.044
1.04
1.028
1.04
1.048
1.036
1.028
1.052
1.064
1.052
1.04
1.048
1.048
1.024
1.028
1.032
1.028
1.02
1.036
1.048
1.024
1.032
1.052
1.056
1.044
1.04
1.056
1.052
1.036
1.052
1.04
1.024
1.02
1.036
1.04
1.028
1.036
1.04
1.008
0.972
0.936
0.968
0.94
1.058067
1.030729
1.067561
1.036276
1.05634
0.94
0.968
1
1.004
1.036
1.044
1.028
1.036
1.036
1.024
1.028
1.04
1.028
1.02
1.044
1.068
1.068
1.076
1.1
1.108
1.092
1.072
1.08
1.084
1.08
1.068
1.076
1.076
1.084
1.056
1.06
1.064
1.056
1.028
1.048
1.028
1
1.028
1.076
1.064
1.052
1.032
1.008
1
1.012
1
0.964
0.984
1.008
1.008
1.008
1.032
1.048
1.076
1.104
1.112
1.092
1.096
1.096
1.1
1.092
1.104
1.1
1.088
1.068
1.092
1.092
1.1
1.088
1.112
1.112
1.056
1.064
1.084
1.056
1.072
1.088
1.052
1.052
1.06
1.04
1.044
1.064
1.056
1.052
1.072
1.092
1.076
1.088
1.096
1.088
1.084
1.092
1.088
1.072
1.088
1.084
1.068
1.06
1.072
1.08
1.068
1.092
1.104
1.1
1.08
1.08
1.076
1.064
1.048
1.064
1.064
1.056
1.048
1.056
1.06
1.044
1.04
1.072
1.068
1.044
1.06
1.048
1.032
1.012
1.024
1.028
1.032
1.012
1.032
1.032
1.02
1.016
1.032
1.032
1.024
1.032
1.036
1.036
1.016
1.016
1.036
1.052
1.016
1.008
1.024
1.032
1.028
1.068
1.072
1.056
1.052
1.076
1.064
1.068
1.096
1.096
1.072
1.08
1.084
1.06
1.068
1.076
1.048
1.044
1.064
1.072
1.06
1.072
1.088
1.064
1.068
1.068
1.068
1.056
1.068
1.068
1.064
1.048
1.064
1.064
1.052
1.048
1.076
1.064
1.048
1.064
1.068
1.056
1.036
1.06
1.06
1.056
1.052
1.068
1.068
1.048
1.044
1.064
1.072
1.056
1.048
1.056
1.064
1.048
1.028
1.048
1.06
1.044
1.024
1.056
1.056
1.036
1.048
1.056
1.032
1.016
1.04
1.012
0.996
1.012
1.024
1.016
1.02
1.048
1.052
1.048
1.064
1.092
1.076
1.064
1.08
1.084
1.088
1.072
1.084
1.096
1.076
1.064
1.076
1.08
1.056
1.084
1.096
1.076
1.072
1.088
1.076
1.056
1.088
1.08
1.06
1.052
1.06
1.052
1.028
1.04
1.048
1.052
1.052
1.072
1.1
1.076
1.076
1.084
1.084
1.06
1.068
1.072
1.056
1.044
1.056
1.052
1.052
1.048
1.064
1.076
1.064
1.052
1.068
1.064
1.052
1.068
1.096
1.088
1.068
1.072
1.052
1.056
1.04
1.036
1.06
1.06
1.044
1.028
1.052
1.064
1.072
1.052
1.072
1.056
1.06
1.028
1.024
1.008
0.976
0.956
1.097179
1.07322
1.045658
1.099109
1.093496
0.976
0.988
0.972
1.008
1.028
0.992
1.077455
1.066245
0.952
1.034862
0.972
1.004
1.028
1.072
1.084
1.096
1.088
1.088
1.088
1.08
1.08
1.068
1.056
1.068
1.072
1.084
1.084
1.08
1.076
1.06
1.064
1.076
1.08
1.068
1.056
1.068
1.06
1.056
1.04
1.04
1.056
1.072
1.064
1.068
1.088
1.088
1.056
1.032
1.06
1.076
1.068
1.072
1.088
1.084
1.056
1.056
1.048
1.028
1.036
1.036
1.036
1.044
1.044
1.036
1.02
1.032
1.028
1.032
1.024
1.044
1.048
1.044
1.032
1.048
1.064
1.036
1.036
1.048
1.048
1.044
1.072
1.084
1.088
1.072
1.056
1.028
1.012
1
1.012
1.012
0.996
1.036
1.068
1.072
1.08
1.092
1.08
1.068
1.084
1.084
1.068
1.056
1.072
1.06
1.064
1.08
1.088
1.084
1.08
1.076
1.08
1.08
1.06
1.06
1.064
1.052
1.044
1.048
1.056
1.044
1.032
1.048
1.064
1.04
1.024
1.056
1.056
1.032
1.012
1.056
1.072
1.056
1.048
1.048
1.008
1.012
1.036
1.032
1.04
1.06
1.056
1.048
1.064
1.072
1.068
1.064
1.076
1.072
1.056
1.064
1.06
1.048
1.048
1.052
1.052
1.048
1.04
1.052
1.068
1.072
1.068
1.068
1.044
1.06
1.088
1.08
1.08
1.1
1.1
1.08
1.052
1.052
1.056
1.052
1.036
1.06
1.084
1.08
1.064
1.088
1.1
1.092
1.064
1.076
1.084
1.072
1.056
1.072
1.08
1.076
1.068
1.088
1.1
1.112
1.104
1.088
1.088
1.096
1.084
1.068
1.076
1.088
1.084
1.052
1.036
1.064
1.08
1.052
1.04
0.988
0.996
1.008
0.98
0.964
0.98
0.976
0.996
1.02
1.028
0.996
0.972
0.984
0.984
1
0.996
1.016
1.056
1.056
1.056
1.096
1.112
1.08
1.08
1.08
1.088
1.104
1.092
1.1
1.116
1.124
1.104
1.116
1.116
1.108
1.092
1.1
1.104
1.112
1.108
1.092
1.1
1.1
1.076
1.072
1.084
1.096
1.096
1.088
1.108
1.116
1.092
1.088
1.112
1.112
1.084
1.084
1.092
1.1
1.088
1.068
1.088
1.08
1.068
1.076
1.08
1.056
1.044
1.06
1.056
1.04
1.068
1.068
1.06
1.048
1.064
1.072
1.052
1.064
1.092
1.124
1.112
1.124
1.128
1.116
1.092
1.088
1.096
1.08
1.072
1.096
1.088
1.08
1.068
1.08
1.052
1.04
1.052
1.056
1.036
1.056
1.064
1.044
1.032
1.048
1.04
1.032
1.048
1.052
1.052
1.044
1.072
1.076
1.068
1.068
1.072
1.056
1.036
1.052
1.072
1.068
1.06
1.06
1.02
1.028
1.02
1.04
1.056
1.056
1.068
1.092
1.084
1.076
1.092
1.092
1.088
1.1
1.1
1.08
1.032
1.036
1.028
0.984
1.008
1.02
1.028
1.02
1
1.024
1.028
1.02
1.032
1.044
1.02
1.024
1.028
1.028
1.016
1.024
1.04
1.044
1.044
1.052
1.068
1.072
1.056
1.064
1.068
1.064
1.06
1.076
1.072
1.056
1.048
1.056
1.048
1.024
1.012
1.04
1.048
1.052
1.04
1.052
1.056
1.048
1.028
1.048
1.052
1.044
1.028
1.044
1.056
1.044
1.032
1.052
1.064
1.052
1.048
1.056
1.068
1.056
1.076
1.088
1.076
1.056
1.064
1.06
1.036
1.044
1.044
1.02
1.04
1.056
1.044
1.052
1.076
1.076
1.076
1.092
1.108
1.096
1.096
1.1
1.1
1.088
1.08
1.088
1.088
1.08
1.088
1.072
1.068
1.1
1.124
1.12
1.088
1.1
1.108
1.092
1.068
1.088
1.084
1.088
1.056
1.068
1.096
1.084
1.076
1.1
1.112
1.076
1.08
1.056
1.004
0.988
0.98
0.968
0.972
0.976
0.968
0.992
1
1.004
1.02
1.044
1.024
1.032
1.04
1.02
1.032
1.036
1.02
1.024
1.04
1.052
1.052
1.06
1.064
1.052
1.024
1
1
1.012
1.012
0.984
0.972
0.964
0.952
0.952
0.952
0.976
0.988
1.012
1.012
1.028
1.04
1.04
1.044
1.064
1.064
1.072
1.064
1.08
1.08
1.068
1.068
1.084
1.08
1.084
1.096
1.108
1.096
1.092
1.1
1.088
1.076
1.08
1.052
1.036
1.056
1.06
1.048
1.06
1.072
1.076
1.08
1.088
1.108
1.088
1.08
1.08
1.1
1.104
1.088
1.04
1
0.964
0.964
0.976
0.976
0.98
1.016
1.016
1.012
1.036
1.06
1.052
1.064
1.068
1.08
1.068
1.088
1.108
1.06
1.016
0.984
0.972
0.948
0.956
0.948
0.96
0.996
1.016
1.016
1.044
1.052
1.04
1.052
1.068
1.064
1.08
1.096
1.104
1.08
1.108
1.12
1.108
1.092
1.044
0.972
0.956
0.96
0.96
0.956
0.964
0.98
0.984
0.984
1.004
1.02
1.032
1.016
1.028
1.044
1.04
1.016
1.028
1.048
1.06
1.056
1.052
1.06
1.068
1.048
1.064
1.068
1.08
1.068
1.076
1.084
1.076
1.064
1.068
1.06
1.064
1.036
1.052
1.06
1.052
0.992
0.952
0.944
1.084016
0.936
0.928
1.012748
1.113683
1.089888
1.025744
0.9970213
1.008401
1.043379
1.025062
0.944
0.972
0.996
0.988
0.988
1.028
1.04
1.06
1.048
1.06
1.096
1.1
1.084
1.096
1.092
1.084
1.036
0.936
1.020114
0.9981606
1.030945
1.004071
0.9720104
0.928
0.944
0.968
0.98
0.996
1.004
1.004
1.024
1.06
1.072
1.076
1.08
1.064
1.072
1.064
1.064
1.06
1.06
1.064
1.056
1.044
1.028
1.024
1.044
1.04
1.024
1.016
1.032
1.036
1.02
1.024
1.032
1.032
1.024
0.984
0.976
0.948
1.016244
1.06325
1.009034
1.051839
0.928
0.964
0.98
1
1.012
1.024
1
1.004
1.012
1.004
1
1.012
1.012
1.02
1.008
1.016
1.02
1.028
1.008
1.02
1.024
1.024
1.044
1.032
1.036
1.04
1.028
1.012
1.024
1.004
0.988
0.984
1.004
1.004
0.98
1.008
0.996
0.972
0.996
1.012
1.008
1.02
1.02
1.028
1.036
1.048
1.068
1.068
1.072
1.104
1.108
1.096
1.096
1.096
1.08
1.06
1.064
1.064
1.052
1.068
1.088
1.092
1.072
1.068
1.084
1.068
1.056
1.064
1.076
1.04
1.048
1.04
1.024
1.024
1.036
1.032
1.016
1.028
1.028
1.012
0.996
1.008
1.004
0.996
1.028
1.04
1.036
1.056
1.056
1.052
1.036
1.04
1.052
1.036
1.036
1.04
1.04
1.032
1.036
1.048
1.052
1.056
1.072
1.076
1.072
1.06
1.044
1.052
1.044
1.012
0.984
0.992
0.976
0.924
0.956
0.976
0.996
0.988
0.988
0.992
1
1.008
1.032
1.04
1.048
1.04
1.044
1.068
1.068
1.06
1.064
1.064
1.08
1.072
1.076
1.08
1.06
1.052
1.056
1.056
1.064
1.06
1.048
1.068
1.072
1.068
1.052
1.064
1.068
1.068
1.052
1.052
1.072
1.08
1.068
1.064
1.08
1.08
1.048
1.052
1.056
1.06
1.048
1.056
1.06
1.06
1.048
1.036
1.036
1.032
1.024
1.04
1.052
1.048
1.036
1.06
1.06
1.052
1.032
1.036
1.04
1.016
0.988
1
0.988
0.98
0.98
0.988
0.964
0.964
0.992
1
0.992
1.012
1.02
1.012
1.024
1.028
1.02
1.004
1.016
1.016
1.012
1.008
1.032
1.036
1.012
1.024
1.036
1.032
1.032
1.032
1.044
1.04
1.036
1.04
1.024
1.016
1.032
1.052
1.056
1.064
1.064
1.036
1.012
1.008
0.988
0.968
0.98
0.992
0.976
0.976
0.952
0.9540212
0.904
0.904
1.010491
1.031278
0.92
0.936
0.952
0.968
0.988
1.012
1.012
1.016
1.028
1.032
1.028
1.044
1.056
1.06
1.052
1.068
1.068
1.056
1.052
1.072
1.052
1.04
1.064
1.068
1.048
1.056
1.048
1.036
1.016
1.032
0.992
0.952
0.956
0.956
0.968
0.952
0.952
0.964
0.964
0.96
0.976
1
0.996
0.992
1.008
1.024
1.028
1.016
1.036
1.048
1.036
1.032
1.04
1.024
1.032
1.024
1.032
1.028
1.024
0.996
1
1
0.992
1.004
1.012
1.004
1.008
1.016
0.972
0.948
0.908
1.020347
0.932
0.956
1
1.024
1.036
1.036
1.04
1.04
1.044
1.04
1.052
1.064
1.068
1.08
1.08
1.076
1.076
1.056
1.044
1.04
1.028
1.004
0.992
0.996
1.008
1.012
1
0.996
1.008
1.012
1
0.992
1
1.012
0.988
1.02
1.02
1.02
1.004
1.016
1.016
1.02
1.008
1.016
1.012
1.008
0.992
1
1.008
0.992
0.988
0.996
0.984
0.972
0.988
0.98
0.98
0.972
0.984
0.996
1
0.988
0.976
0.996
0.992
0.98
0.968
0.988
1
0.984
0.98
1.004
1.012
0.984
0.98
0.992
0.996
0.98
0.988
0.968
0.948
0.96
0.972
0.98
0.988
1.016
1.008
1.008
1.024
1.024
1
1.024
1.016
1.008
1.036
1.036
1.032
1.02
1.024
1.016
1.004
1.008
1
0.968
0.98
1
1.012
1
1.008
1.02
1.012
0.992
0.992
0.992
0.96
0.956
0.976
0.976
0.98
0.992
0.98
0.956
0.948
0.952
0.952
0.96
0.988
0.984
0.976
0.988
1
0.992
0.992
1.024
1.024
1.012
1.012
1.016
1.008
1
1.004
1.004
0.996
1.008
1.004
1
1.012
1.02
1.008
0.992
1
1.008
0.992
0.988
1.012
1.008
1
0.98
1.004
0.992
0.984
1
1.008
1
1.016
1.048
1.036
1.032
1.052
1.06
1.044
1.048
1.008
0.996
0.984
0.98
0.976
1
1.008
1
1.016
1.032
1.008
1.012
0.996
0.972
0.972
0.96
0.948
0.952
0.96
0.952
0.9
0.908
0.924
0.928
0.932
0.928
0.936
0.96
0.968
0.992
1.008
1.012
1.028
1.032
1.04
1.048
1.028
1.036
1.036
1.032
1.028
1.012
1.016
1.016
1.016
1.012
1.004
1.004
0.996
0.98
1.004
1.016
1.02
1.016
1.016
1.028
1.016
0.996
0.992
0.988
0.984
0.956
0.956
0.968
0.968
0.968
0.968
0.98
0.98
0.964
0.988
0.984
0.968
0.968
0.984
0.992
0.988
0.988
1
1.008
0.984
0.992
1.008
0.996
0.992
0.992
1
0.992
0.984
1
1
1
0.98
1.004
1.012
0.988
0.976
0.996
0.988
0.972
0.972
0.996
1.004
0.992
0.988
1.004
1.012
1.004
1.008
1.02
1.016
0.996
1.012
1.02
1.008
1.008
1.016
0.996
0.996
1.024
1.028
1.024
1.032
1.064
1.06
1.052
1.06
1.06
1.056
1.04
1.056
1.052
1.036
1.036
1.044
1.044
1.004
0.976
0.984
0.968
0.972
0.984
0.992
1.004
1.02
0.992
0.964
0.952
0.94
0.928
0.932
0.932
0.94
0.928
0.944
0.964
0.972
0.98
1.008
1.032
1.032
1.032
0.968
0.92
0.94
0.948
0.956
0.984
1.008
1.008
0.992
1
1.024
1.048
1.052
1.072
1.076
1.02
0.968
0.976
0.968
0.948
0.936
0.932
0.932
1.002625
0.912
0.896
0.912
0.904
0.9
0.9753815
0.908
0.916
0.94
0.968
1.016
1.044
1.06
1.052
1.06
1.076
1.016
0.98
0.984
0.976
0.972
0.968
0.952
0.932
0.948
0.964
0.964
0.992
1.024
1.048
1.08
1.088
0.9669406
1.104
1.096
1.072
1.052
1.056
1.072
1.072
1.052
1.044
1.036
1.032
1.008
0.992
1.008
1.02
1.04
1.02
1.004
1.036
1.044
1.044
1.052
1.044
1.024
1.032
1.032
1.02
1
1.008
1
0.996
0.992
1
1.012
1.004
1.004
1.028
1.032
1.028
1.036
1.044
1.032
1.016
1.044
1.04
1.036
1.028
1.044
1.052
1.02
1.012
1.02
1.032
1.028
1.044
1.06
1.036
1.036
1.064
1.048
1.02
1.016
1.008
0.992
0.996
1.012
1
0.988
1.004
1.012
0.996
0.98
1
0.996
0.988
1.004
1.016
1
0.992
1.004
1.012
1.004
1
1.032
1.028
1.02
1.032
1.04
1.024
1.012
1.024
1.016
1
1
1.02
1.02
1.02
1.036
1.028
1.016
1.004
1.004
1.012
1.008
1
1.016
1.004
0.984
0.988
0.98
0.96
0.956
0.98
0.988
0.972
0.956
0.976
0.976
0.964
0.98
0.988
0.976
0.996
1
1.012
1
1.012
1.008
0.988
0.996
1.004
0.992
0.98
0.996
0.984
0.98
0.98
0.988
0.988
0.98
0.992
1
0.976
0.992
0.992
0.964
0.976
0.984
0.98
0.972
0.976
0.988
0.988
0.984
0.984
0.988
0.984
0.972
0.992
0.988
0.98
0.98
1
0.988
0.972
0.96
0.972
0.968
0.964
0.952
0.96
0.964
0.964
0.956
0.972
0.972
0.948
0.968
0.98
0.972
0.952
0.968
0.968
0.956
0.94
0.96
0.96
0.964
0.976
0.976
0.968
0.952
0.968
0.964
0.952
0.968
0.98
0.968
0.968
0.988
0.996
0.992
0.988
1
0.98
0.96
0.96
0.964
0.956
0.952
0.96
0.968
0.988
0.956
0.936
0.94
0.956
0.96
0.964
0.988
0.988
0.988
1
1.012
1.012
1.004
0.996
0.992
0.98
0.976
0.992
0.992
0.988
0.992
1.008
1
0.996
0.988
1.004
1.004
0.996
0.988
0.992
1.012
0.996
0.988
0.988
0.996
1.012
0.984
1.008
1.02
1.02
1.004
1.02
1.016
1.02
1.016
1.024
1.036
1.016
1.012
1.024
1.032
1.02
1.032
1.044
1.04
1.028
1.04
1.02
1.012
1.024
1.036
1.02
1.036
1.044
1.036
1.012
1.028
1.028
1.008
1.012
1.024
1.032
1.012
1.036
1.04
1.036
1.024
1.028
1.028
1.012
1
1.016
1.004
0.996
0.992
1.004
1.008
0.984
0.988
0.988
0.984
0.972
1
1.024
1.016
1.004
1.032
1.028
0.996
0.996
1.008
0.988
0.968
0.996
1.012
1.012
1.004
1.02
1.012
0.996
0.992
0.988
0.976
0.984
0.996
0.992
0.984
1.004
1.004
0.988
0.968
0.98
0.996
0.996
0.98
0.98
0.988
0.996
0.984
0.98
1
1.008
0.984
0.992
0.996
0.996
0.964
0.968
0.972
0.952
0.928
0.944
0.92
0.876
0.9473995
0.876
0.9886845
0.892
0.896
0.904
0.924
0.948
0.94
0.944
0.96
0.984
0.988
1
1.008
1.012
1.016
1.008
1.012
1
1.012
1.02
1.016
1.004
1.024
1.02
1.02
1.004
0.996
1
1.012
0.988
0.972
0.948
0.928
0.9
0.888
0.9485542
0.9650655
0.9735165
0.876
0.912
0.912
0.928
0.94
0.94
0.964
0.968
0.996
0.988
1.004
1.024
1.012
1.008
1.008
0.996
0.996
0.968
0.972
0.98
0.976
0.944
0.972
0.988
1.004
1.016
1.032
1.032
1.008
1.012
1.012
1.004
1.02
1.04
1.056
1.068
1.064
1.08
1.084
1.08
1.08
1.068
1.06
1.06
1.052
1.044
1.028
1.032
1.036
1.024
1.016
1.02
1.028
1.024
1.004
1.02
1.024
1.028
1.012
1.024
1.028
1.024
1.028
1.032
1.024
1.008
1
0.996
1.004
1.004
1.004
1.028
1.032
1.02
1.016
1.024
1.016
1.004
1.004
1.004
1.008
0.984
1.004
1.02
1.012
1.004
0.996
1.004
0.996
0.984
0.988
1.004
0.996
0.984
0.992
0.996
0.996
0.984
0.996
1.012
1
1
1
0.984
0.976
0.98
0.988
1.012
1
1.02
1.032
1.008
1.008
1.016
1.004
0.996
1.008
1.008
1.016
1.008
1.012
1.016
1
1.008
1.032
1.012
1.008
1
1.012
1
0.988
1
0.996
0.996
0.984
0.976
0.996
0.992
0.992
1.008
1.004
0.992
0.972
0.96
0.948
0.948
0.92
0.876
0.884
0.876
0.884
0.9
0.9
0.924
0.948
0.96
0.952
0.944
0.916
0.932
0.944
0.964
0.988
0.996
0.988
0.984
0.992
1
1.016
1.028
1.028
1.016
0.992
0.968
0.96
0.948
0.976
1.004
1.012
1.008
1.008
0.992
0.976
0.972
0.944
0.964
0.94
0.924
0.908
0.884
1.040043
0.9495553
0.888
0.876
0.888
0.892
0.904
0.924
0.904
0.876
0.888
0.888
0.9
0.916
0.884
0.9
0.924
0.928
0.924
0.908
0.936
0.94
0.932
0.904
0.884
0.9804183
0.9746602
0.892
0.936
0.976
