0.988
0.984
0.96
1.028
1.004
1.016
0.984
1.028
1.004
0.944
0.952
0.96
0.932
0.956
0.984
0.996
0.976
0.98
0.964
0.98
0.992
0.98
0.976
1.02
1.032
1.008
0.98
1
1.012
1.024
0.988
1.004
1.004
0.988
0.98
0.992
0.988
0.968
0.996
0.988
0.984
0.992
0.992
0.988
0.928
0.94
0.92
0.88
0.864
0.988
0.984
1
0.984
0.972
0.956
0.956
0.968
0.956
0.964
0.964
0.956
0.968
0.984
0.972
0.952
0.944
0.984
0.996
1.032
1.024
1.012
1.004
1.02
1.016
0.992
1.012
1
0.984
0.976
0.996
0.996
0.992
0.968
0.972
0.992
0.996
0.996
1.008
1.004
1
0.98
0.98
0.968
0.936
0.932
0.956
0.976
0.952
0.936
0.912
0.92
0.924
0.952
0.952
0.964
0.992
0.964
0.972
1
1.02
0.988
0.984
1.084
1.028
0.996
0.98
0.996
1.008
0.964
1.044
0.996
1.008
0.996
0.964
0.964
0.972
0.94
1.024
0.98
1
1
0.984
0.956
0.964
0.94
1.044
0.972
0.98
1.004
0.992
0.972
0.932
0.956
1.092
1.016
0.992
1.008
0.992
0.924
0.916
1.036
1.024
0.992
0.96
0.956
0.98
0.988
0.984
0.996
1.008
1
0.988
1.008
1.016
1.008
0.976
0.98
1
0.992
0.972
1.008
1.008
1.008
0.948
0.988
0.992
1.004
0.976
0.956
0.976
0.976
0.996
1.008
0.992
0.972
0.984
0.976
0.976
1.012
1.028
1.004
1.004
1
0.98
0.976
1
1
0.992
1.016
1.012
0.988
0.976
1.016
0.996
0.98
0.992
0.996
0.968
0.972
0.988
0.972
0.956
0.964
0.964
0.956
0.948
0.976
0.972
0.952
0.948
0.98
0.98
0.952
0.964
0.976
0.972
0.944
0.956
0.956
0.936
0.924
0.952
0.948
0.924
0.928
0.964
0.952
0.92
0.94
0.968
0.944
0.928
0.96
0.964
0.94
0.948
0.968
0.944
0.944
0.956
0.956
0.912
0.928
0.94
0.924
0.932
0.972
0.948
0.936
0.956
0.952
0.928
0.924
0.932
0.948
0.916
0.908
0.948
0.944
0.936
0.932
0.948
0.936
0.928
0.948
0.968
0.936
0.928
0.956
0.948
0.936
0.94
0.96
0.948
0.936
0.94
0.948
0.956
0.932
0.912
0.952
0.968
0.964
0.948
0.952
0.972
0.96
0.952
0.972
0.996
0.984
0.96
0.972
0.972
0.96
0.948
0.98
0.98
0.96
0.964
0.98
0.976
0.948
0.964
0.984
0.96
0.948
0.952
0.972
0.96
0.944
0.932
0.964
0.952
0.944
0.972
0.956
0.928
0.908
0.956
1.016
1.008
1.012
0.964
0.924
0.924
0.92
0.864
0.928
0.916
0.932
0.936
0.936
0.896
0.904
0.872
0.84
0.82
0.848
0.888
0.916
0.972
0.992
1.02
1.012
1.012
0.952
0.944
1.076
1.008
1.024
1.044
1.036
1.024
1.02
1.016
0.976
0.964
1.06
1.04
1.032
0.996
1.004
1.028
1.032
1.036
1
0.988
0.968
1.076
0.976
0.996
1.024
1.02
0.996
0.972
0.992
0.952
0.984
1.008
0.992
0.988
0.968
0.944
0.96
0.996
0.964
0.96
0.976
0.988
0.968
0.968
0.98
0.976
0.948
0.956
0.988
1
0.976
0.968
0.992
0.976
0.948
0.972
0.972
0.968
0.964
0.984
1.012
0.992
0.976
0.964
0.992
0.996
0.992
0.976
1.004
1.004
1
0.992
1.008
1.012
1
0.968
0.972
0.992
0.984
0.976
0.988
0.996
0.96
0.936
0.956
0.98
0.976
0.956
0.96
0.984
0.98
0.956
0.968
0.988
0.976
0.956
0.976
0.988
0.972
0.96
0.96
0.952
0.936
0.944
0.972
0.936
0.92
0.928
0.928
0.916
0.916
0.944
0.952
0.932
0.928
0.94
0.936
0.908
0.888
0.916
0.912
0.912
0.896
0.92
0.972
0.972
0.948
0.952
0.94
0.916
0.94
0.94
0.896
0.924
0.94
0.948
0.94
0.936
0.944
0.968
0.956
0.964
0.98
1.004
0.98
0.936
0.996
1.004
0.992
0.964
0.972
0.964
0.932
1.004
1.016
1
0.964
0.996
0.972
0.94
0.928
1.008
0.98
0.92
0.968
0.988
0.96
0.9
0.92
1.052
1
0.964
0.944
0.944
1.052
1.04
0.988
0.956
0.896
0.892
0.964
1.016
1.028
1.048
1.044
1.052
1.024
1.004
1.012
1.024
1.02
1.02
1.012
1.032
1.036
1.028
1.004
1.012
1.008
0.968
0.944
0.952
0.968
0.9746635
0.96
0.952
0.972
0.98
0.956
0.96
1
1.004
0.988
0.972
0.996
0.992
0.98
0.96
0.98
0.972
0.952
0.952
0.972
0.972
0.952
0.932
0.968
0.984
0.956
0.956
0.964
0.984
0.976
0.968
0.984
0.996
0.988
0.952
0.936
0.98
1.004
1.008
0.992
0.98
1
1
0.968
0.94
0.96
0.984
0.964
0.948
0.992
0.996
0.968
0.988
1.008
1
0.976
1.004
0.972
0.98
0.976
0.932
0.948
0.948
0.916
0.956
0.964
0.94
0.912
0.88
0.92
0.94
0.944
0.948
0.98
1.004
0.988
1.02
1.004
0.996
0.968
1.004
1.016
1.032
1.028
1.024
1.056
1.02
1.04
1.036
1
1.02
1.024
1.016
1.004
1.02
1.008
0.968
0.96
0.968
1.02
0.996
0.968
0.956
0.98
0.98
0.948
0.928
0.988
1.008
1.012
0.98
0.988
0.972
1.04
0.996
1
1.016
0.968
0.988
0.992
0.984
0.968
0.948
0.944
0.924
0.936
0.968
0.972
0.968
1.004
1
0.988
1
1.008
1.024
0.984
1.004
0.996
1
0.98
1.004
1.004
1
0.98
1
1.016
0.992
0.964
0.94
0.96
0.964
0.964
0.94
0.936
0.952
0.988
0.988
0.976
0.976
0.976
0.988
0.976
0.96
0.944
0.912
0.984
1.024
1.024
0.988
0.972
0.956
0.972
0.988
0.976
1.004
1.004
0.992
0.988
1.004
1
1.004
0.988
0.984
0.988
0.992
1.008
0.984
1.004
1.004
1
0.988
1.008
1.012
0.984
0.992
0.992
0.988
0.984
0.992
0.988
0.98
0.952
0.956
0.98
0.964
0.952
0.936
0.952
0.972
0.956
0.936
0.956
0.972
0.948
0.932
0.948
0.9785495
0.916
0.936
0.952
0.944
0.936
0.96
0.98
0.976
0.98
0.988
0.992
0.964
0.98
0.992
0.984
0.968
0.964
0.976
0.96
0.948
0.968
0.972
0.96
0.948
0.956
0.988
0.964
0.96
0.988
1
0.968
0.98
1
0.988
0.96
0.996
0.98
0.96
0.972
0.988
0.976
0.976
0.98
0.98
0.96
0.92
0.94
0.992
0.96
0.936
0.948
0.968
0.976
0.956
0.956
0.968
0.952
0.932
0.932
0.928
0.992
0.96
0.968
0.976
0.952
0.96
0.956
0.976
0.968
0.964
0.964
0.932
0.944
0.964
0.948
0.94
0.956
0.96
0.944
0.96
0.964
0.952
0.944
0.96
0.964
0.956
0.956
0.98
0.98
0.956
0.968
0.98
0.968
0.964
0.976
0.984
0.964
0.96
0.984
0.988
0.968
0.976
1.004
0.996
0.996
1.02
1.004
0.968
0.996
0.988
0.98
0.988
0.988
0.984
0.976
0.992
1.004
0.988
0.98
0.996
0.996
0.976
0.984
1.004
1.02
0.984
0.976
0.996
0.98
0.96
0.976
0.984
0.96
0.956
0.98
0.972
0.96
0.956
0.988
0.98
0.956
0.972
0.988
0.964
0.98
1.004
0.988
0.972
0.988
1.004
0.98
0.972
0.992
1.004
0.988
1
1.004
0.992
0.98
1.012
0.996
0.976
0.98
1.004
1
0.98
0.972
0.988
0.996
0.968
0.984
0.992
0.996
0.972
0.992
0.992
0.976
1.008
1.008
0.996
0.996
1.012
1.012
0.984
1.016
1.016
1
1.024
1.028
0.988
0.988
1.008
0.996
0.96
0.98
0.984
0.992
0.968
0.996
0.98
0.968
0.964
0.988
0.992
0.98
0.968
0.972
0.988
0.936
0.912
0.916
0.956
0.98
0.976
0.984
1.016
1.024
1.008
1.024
1.028
1
0.98
1.004
0.996
0.984
0.992
1.02
0.992
0.976
1.008
1.008
0.98
0.976
1
0.976
0.944
0.912
0.908
0.996
1.02
1.008
0.996
0.952
0.896
0.892
0.936
0.932
0.996
1.028
1.044
1.036
1.024
1.028
1.024
1.02
0.996
1.016
1.024
1.02
1.012
1.02
1.024
1.016
1.012
1.028
1.024
1.008
0.992
1
1
0.976
0.972
0.992
0.988
0.972
0.952
1
1.016
0.996
0.972
0.992
1.008
1.004
0.984
1.004
1.028
1.016
0.988
0.984
0.996
1
0.984
1.004
1.008
0.988
1.008
1
0.984
0.964
0.984
0.992
0.968
0.968
0.992
0.996
0.972
0.996
0.988
0.956
0.932
0.944
0.96
1.008
0.972
1.004
0.996
0.984
0.972
1.036
1.024
0.94
1.04
1.02
0.98
1.016
1
0.972
0.936
0.976
1.016
0.976
0.976
1.004
0.988
0.964
0.984
1.024
0.94
1.012
1.02
0.992
0.976
0.992
1.004
0.984
0.956
1.016
1.028
1.04
1.004
1.012
0.988
1.02
0.992
1.004
0.98
0.968
0.98
0.992
0.972
0.98
0.996
0.956
0.94
0.96
0.988
0.98
0.96
0.98
0.968
0.944
0.98
0.984
0.988
0.956
0.964
0.972
0.98
0.964
0.984
0.988
0.968
0.972
0.988
0.98
0.972
0.992
0.988
0.968
0.976
0.984
0.964
0.964
0.988
0.976
0.948
0.952
0.96
0.944
0.916
0.896
0.936
1
1.044
0.94
0.888
0.876
0.92
0.932
0.944
0.964
0.984
0.984
0.976
0.988
1
0.976
0.988
1.008
0.988
0.9878289
1.012
1.028
1
1.004
1.016
0.876
1.116
0.984
0.972
0.956
0.944
0.952
0.964
0.956
0.948
0.956
0.956
0.932
0.92
0.952
0.96
0.936
0.928
0.948
0.924
0.9
0.916
0.92
0.924
0.92
0.964
0.984
0.964
0.952
0.968
0.952
0.936
0.956
0.948
0.94
0.964
0.976
0.964
0.956
0.964
0.952
0.94
0.948
0.964
0.948
0.96
0.972
0.96
0.932
0.936
0.956
0.952
0.952
0.984
0.984
0.96
0.96
0.984
0.976
0.968
1.008
1.012
0.996
0.992
1
0.992
0.972
0.976
0.976
0.968
0.972
0.996
0.98
0.972
0.988
0.972
0.964
0.976
0.98
0.964
0.952
0.98
0.98
0.972
0.992
1.016
1
0.988
1.016
1.012
0.988
0.996
0.98
0.984
0.98
1.024
1.028
1.004
1.02
1.04
1.024
1.016
1.024
1.028
1.008
1.016
1.012
0.988
1.008
1.02
0.996
1.004
0.988
1.044
0.992
0.972
0.912
0.856
0.868
0.928
0.98
1.036
1.028
1.036
1.052
1.052
1.032
1.016
1.02
1.032
1.008
1.044
1.072
1.04
1.004
1.024
1.016
1.008
0.992
1.02
1.012
0.988
0.952
1.04
0.976
0.988
1.004
1.016
0.98
0.968
0.98
0.996
0.984
0.92
0.912
1.1
1.036
0.98
0.992
1.016
1.012
0.964
0.956
0.948
1.028
0.992
1.004
1.004
0.972
0.992
0.948
0.936
1.028
1.028
1.004
0.98
0.984
0.976
0.952
0.9
1.044
0.984
0.964
0.984
1.012
1.02
1.008
1.016
1.012
0.984
1.012
1.012
0.996
0.984
1.016
1.016
1.012
1.036
1.02
1
0.984
1
0.98
0.984
1.004
0.988
0.988
1.012
1.008
0.988
0.98
0.996
0.984
0.964
0.96
0.94
1.032
1.056
1.04
1.032
1.036
1
1.008
1.036
1.048
1.008
1.004
1.008
1
0.984
1.008
1.008
0.996
0.9942488
0.988
0.98
0.96
0.94
0.924
0.916
0.896
0.924
0.964
1.008
1.056
1.056
1.016
1.044
1.044
1.028
0.996
1.016
1.056
1.032
1.016
1.02
0.972
1.088
1.08
1.052
1.052
1.048
1.056
1.052
1.056
1.048
1.024
1.016
1.028
1.04
1.044
1.056
1
1
1
1.016
1.012
1.012
1.02
1.048
1.032
1.004
1.008
1.036
1.036
1.012
0.988
1.024
1.008
0.988
0.96
1.108
1.028
1.016
1.016
1.036
1.012
0.972
1.088
1.04
1
1.008
1.016
1.008
0.98
1.004
1.012
1.024
1.02
0.984
0.984
1.012
1.024
1.012
0.988
0.984
1.016
1.028
1.024
1.048
1.032
1.028
1.032
1.044
1.048
1.02
1.032
1.036
1.02
1
1.02
1.008
0.976
0.992
0.992
0.976
0.94
0.98
0.98
0.968
0.944
0.972
0.98
0.948
0.944
0.964
0.956
0.94
0.952
0.98
0.972
0.952
0.984
0.976
0.964
0.964
0.98
0.968
0.964
0.972
0.976
0.956
0.98
0.976
0.952
0.96
0.992
1.004
0.956
0.972
0.964
0.952
0.944
0.976
1.004
1.008
0.996
0.996
1
0.976
0.984
1.012
1.008
0.988
0.992
0.996
0.992
0.988
1.016
1.02
0.992
0.976
0.98
0.964
0.928
0.912
0.94
0.948
0.932
0.944
0.968
0.94
0.92
0.964
0.98
0.964
0.956
0.996
1
0.952
0.964
0.964
0.94
0.94
0.96
0.98
0.984
0.98
0.988
1.008
0.988
0.98
1.008
1.004
0.984
0.98
1
1
0.996
1.016
1.036
1.024
1.036
1.04
1.024
1.004
1.008
1.008
0.988
1.012
1.016
0.996
0.984
1.004
0.972
0.98
0.972
0.992
0.964
0.952
0.964
0.96
0.932
0.964
0.948
0.984
0.936
0.908
0.888
0.912
0.956
0.968
0.992
1.012
0.992
0.952
0.9
0.88
0.932
0.976
1.028
1.028
1.02
1.024
1.016
1.004
0.972
0.936
0.92
0.932
0.952
0.956
0.988
0.988
1.004
1.004
0.984
0.96
0.972
1.028
1.032
1.052
1.012
1.028
1.012
1.012
0.968
0.98
0.972
1.004
1.02
1.028
1.04
1.008
1.028
1.008
1
1
0.988
0.988
0.984
0.988
0.96
0.96
0.968
0.984
0.996
0.992
1
0.968
0.956
0.928
1.08
1.076
1.072
1.064
1.052
1.02
1.032
1.028
1.016
1.036
1.036
1.016
1.028
1.036
1.032
1.052
1.052
1.02
1.008
1.004
0.992
1.004
0.984
0.992
1.012
1.024
1
1.004
1.012
1.008
1
0.984
0.968
0.916
0.948
0.956
0.964
0.988
1
1.012
0.988
0.972
0.976
0.94
0.976
0.972
0.956
0.972
0.98
0.944
0.964
0.968
0.988
0.984
0.996
1.004
1.024
1.028
1.036
1.06
1.068
1.048
1.036
1.032
1.008
1
1.024
1.044
1.048
1.016
1.012
1.032
1.044
1.028
1.024
1.028
1.04
1.024
0.98
0.976
0.976
0.948
0.964
0.956
0.94
0.98
0.98
0.98
0.952
0.948
0.928
0.928
0.904
0.912
0.916
0.936
0.932
0.952
1.004
1.008
0.996
0.996
1.012
1.016
0.992
1.028
1.04
0.996
0.988
0.972
1.001795
0.972
0.972
0.992
1.004
0.992
1.024
1.04
1.036
1
1.02
1.028
1.024
0.984
0.972
1.008
1.048
1.028
0.968
0.924
0.944
0.968
0.964
1
1
1.012
1.04
1.036
1.016
1.04
1.032
1.002122
1.036
1.048
1.032
1.052
1.064
1.032
0.984
1.052
1.016
0.944
0.92
0.96
0.976
1.016
1.008
1.056
1.064
1.068
1.036
1.068
1.044
1.02
1.028
1.032
1.028
1.024
0.98
1.068
1.048
1.008
1.032
1.044
1.008
0.972
1.032
1.032
1.024
0.996
0.984
1.016
1.008
0.984
0.964
0.968
1.044
1.048
1.02
1.008
1.008
1.012
1.012
1.012
1.028
1.052
1.052
1.032
1.056
1.048
1.032
1.04
1.032
1.024
1.028
1.04
1.028
1.028
1.04
1.032
1.008
1.008
1.024
0.996
0.984
1.008
0.988
0.964
0.96
0.988
1.024
1.016
1.024
0.992
1.024
1.012
0.984
0.988
1.012
1.008
0.996
0.964
1.004
1.02
1.016
1.032
1.028
1.036
1.024
1.04
1.024
1.004
1
1.02
1.016
0.996
0.976
1.016
1.02
1.012
0.988
1.02
1.032
1.02
1.004
1.02
1.016
0.992
0.992
1.02
1.032
1.02
1.02
1.024
1
1.012
1.024
1.008
1
1.032
1.024
1
1.02
1.024
1.02
1
1
0.996
0.996
0.964
0.984
0.992
0.976
0.952
0.916
0.916
1.012
1.068
1.06
1.024
0.996
1
0.952
0.912
0.856
0.84
0.888
0.944
0.984
1.012
1.044
1.048
1.04
1.028
1.04
1.024
0.992
0.976
0.988
0.992
1
0.992
1.024
1.032
1.028
1.016
1.036
1.02
1
1.028
1.016
1.016
0.988
1.012
1.012
1.008
1.008
1.012
0.988
0.992
1.02
1.016
0.996
0.976
0.988
1.008
0.996
0.96
0.956
0.988
1
0.972
0.952
0.968
0.972
0.948
0.944
0.972
0.972
0.968
0.968
0.98
0.988
0.964
0.984
0.976
0.976
0.952
0.972
0.972
0.968
0.968
0.984
0.972
0.964
0.976
0.972
0.96
0.972
0.984
0.968
0.96
0.968
0.972
0.96
0.948
1
0.992
0.976
0.984
1.008
1.012
1
1.004
1.028
1.008
0.992
0.976
0.992
1.004
0.964
0.972
1.012
1.008
1
1.016
1.028
1.024
0.996
1.004
1.016
0.996
1.004
1.016
0.988
1.004
1.016
1.004
0.988
1.032
1.032
1.012
1.02
1.024
1
1.004
1
0.992
1.02
1.036
1.016
0.984
0.996
0.968
0.948
0.952
0.948
0.912
0.852
0.872
0.996
1.028
0.976
0.948
0.904
0.852
0.848
0.864
0.88
0.868
0.892
0.924
0.92
0.888
0.92
0.94
0.968
0.984
0.976
0.96
0.936
0.972
0.984
0.972
0.96
0.932
0.908
0.912
0.932
0.964
0.976
0.976
0.968
0.98
1
1
1
1.016
0.992
0.984
0.996
1.008
1.012
0.98
0.996
1.012
1.012
1.02
1.016
1.04
1.06
1.052
1.06
1.004
1.002181
0.948
0.948
0.948
0.94
0.964
0.992
1
1.036
1.052
1.052
1.056
1.08
1.088
1.076
1.048
1.064
1.068
1.06
1.064
1.016
1.032
1.052
1.048
1.056
1.016
1.024
1.032
1.032
1.024
1.036
1.044
1.032
1.012
1.044
1.02
1.012
1.008
1.004
1
1.004
1.028
1.016
0.996
1.028
1.024
1.008
1.028
1.024
1.012
1.012
1.012
0.988
0.972
1.02
1.024
1
0.988
1.012
1.008
0.988
0.996
1
0.988
0.984
0.992
1
0.972
0.984
1
0.996
0.988
1.004
0.96
0.928
0.944
0.976
0.984
0.98
1.016
1.024
1.016
1.012
1.016
0.988
0.964
0.988
0.988
0.976
0.96
0.932
0.936
1.052
1.068
1.032
0.984
0.924
0.876
0.904
0.976
1.012
1.012
1.02
1.04
1.044
1.028
1.008
1.028
1.044
1.044
1.056
1.04
1.068
1.072
1.068
1.048
1.024
1.044
1.048
1.056
1.044
1.052
1.048
1.036
1.048
1.044
1.016
1.024
1.044
1.032
1.02
1.04
1.056
1.04
1.032
1.064
1.048
1.02
1.032
1.052
1.024
1.004
1.02
0.9986124
0.964
0.944
0.984
1.008
1.012
1.04
1.068
1.064
1.04
1.056
1.048
1.036
1.04
1.044
1.032
1.032
1.056
1.056
1.024
1.02
1.028
1.02
0.996
1.016
1.02
1.004
1
1.016
1
0.98
1.008
1.004
1
1.028
1.016
0.976
0.992
0.996
0.996
0.992
1.016
1.012
0.976
0.968
0.968
0.956
0.94
0.972
0.972
0.952
0.96
0.98
0.984
1.02
0.992
1.004
0.952
0.932
0.948
0.972
0.964
0.996
1.012
0.996
1.02
1.028
1.004
1.012
1.016
0.996
1.016
1.02
0.98
0.996
1.004
1.016
1
0.996
1.012
1.02
1.004
0.992
1.016
1.016
1.008
1
1.02
1.028
1.004
1
1.004
1
0.98
0.98
0.996
1.004
0.968
0.972
1.008
1.004
0.98
0.984
0.988
0.984
0.968
0.956
0.996
1.008
0.984
0.98
0.984
1.016
1.024
1.004
0.984
1.004
0.992
0.976
0.964
0.992
0.992
0.992
1.004
1.004
1.008
0.984
0.992
1.008
1.012
0.992
1.02
1.032
0.988
0.956
0.936
1.016
1.148
1.108
1.076
1.052
1.068
1.048
1.012
1.028
1.024
1.016
1.02
0.996
0.992
1
0.992
0.972
0.964
0.948
0.96
0.976
0.98
0.992
1.004
1.012
1.036
1.024
1.004
0.996
0.956
0.932
0.916
0.96
1.02
0.996
0.964
0.96
0.972
0.972
0.972
0.964
0.968
1.008
0.988
0.972
0.96
0.988
1.004
0.98
0.972
0.98
0.988
0.984
0.976
0.996
0.996
0.976
0.956
0.968
0.976
0.968
0.956
0.976
0.964
0.948
0.92
0.952
0.956
0.96
0.912
0.948
0.948
0.928
0.908
0.924
0.948
0.948
0.92
0.932
0.952
0.944
0.916
0.904
0.936
0.916
0.864
0.832
0.892
0.92
0.964
1
1.004
1.004
0.988
0.98
0.984
0.988
0.96
0.964
0.984
0.984
0.976
1
1
0.976
0.976
0.996
0.992
0.992
0.988
0.968
0.956
0.952
0.976
0.992
0.972
0.964
0.988
1
0.976
0.984
0.992
1
0.984
0.988
1.012
1.02
1.016
1.004
1.016
0.9993779
1.072
1.056
0.984
0.972
1.024
1.024
1
0.984
1
0.972
0.94
0.928
0.896
0.88
0.916
0.94
0.964
0.952
0.932
0.976
0.988
0.988
0.972
0.956
0.924
0.924
0.924
0.932
0.94
0.952
0.972
0.976
0.98
1.012
1.004
1
0.972
0.968
1.004
1.02
1.036
1.04
1.048
1.064
1.06
1.052
1.056
1.044
1.028
1.000099
1.068
1.06
1.064
1.028
1.004
1.004
0.904
1.084
1.024
1
0.944
0.952
0.944
0.96
0.912
0.908
0.888
0.94
0.948
0.948
0.888
0.972
0.92
0.88
0.892
0.928
0.952
0.964
1
1.024
1.048
1.048
1.02
1.02
1.036
1.036
1
1.072
1.032
1.028
1.012
1.016
1.036
1.036
1.032
1.048
1.04
1.032
1.004
0.972
1.116
1.06
1.024
1
1.012
1.008
1.004
0.988
0.972
1.008
1
0.972
0.968
1
0.968
0.948
0.932
0.996
0.996
0.984
0.972
0.944
0.916
0.956
0.956
0.932
0.936
0.916
0.876
0.9
0.94
0.944
0.888
0.872
0.892
0.956
0.988
1.004
1.008
1.02
1.028
1.012
0.988
1.004
0.988
0.948
0.952
0.944
1.001562
0.948
0.96
0.976
1.008
1.02
1.044
1.036
1.052
1.052
1.044
1.052
1.04
1.032
1.032
1.052
1.048
1.06
1.068
1.044
1.012
1.028
1.04
1.04
1.032
1.044
1.044
1.036
1.016
1.04
1.048
1.036
1
1.016
1.02
0.996
0.98
0.988
0.992
0.984
0.972
0.988
0.996
0.992
0.968
0.976
1.012
1.012
0.98
0.976
0.992
1
0.996
0.988
1
1.016
1
0.964
0.948
0.952
0.932
0.92
0.928
0.956
0.968
0.956
0.956
0.98
0.972
0.96
0.96
0.972
0.98
0.948
0.948
0.964
0.968
0.96
0.956
0.98
1.004
0.996
0.98
0.968
0.992
0.984
0.976
0.96
0.956
0.984
0.976
0.972
0.984
1.004
1.016
0.944
0.912
0.98
1.012
0.924
0.908
0.932
0.984
1.036
1.024
1.04
1.04
1.04
1.012
1.036
1.044
1.04
1.016
1.024
1.016
1.032
1.016
1.024
1.04
1.024
1.028
1.032
1.032
1.024
0.992
1.004
0.996
0.988
0.992
1.016
1.02
1.004
1.012
1.024
1.004
0.98
1.024
1.016
1.004
1.02
1.036
1.036
1.02
1.044
1.048
1.024
1.004
1.024
1.04
1.012
1.016
1.032
1.032
1.024
1.044
1.056
1.048
1.044
1.056
1.016
1
0.992
0.98
0.98
0.968
0.952
0.968
0.96
0.912
0.88
0.92
0.936
1.024
1.032
0.988
1.016
1.012
1.012
1.004
1.008
0.976
0.936
0.972
0.992
0.984
0.984
1.02
1.048
1.06
1.048
1.028
1.016
0.98
1.032
1.008
0.976
0.924
0.924
0.972
1.02
1.056
1.076
1.068
1.056
1.052
1.048
1.044
1.036
1.064
1.084
1.084
1.06
1.006962
1.076
1.06
1.02
1.02
1.028
1.024
1.032
1
1
1.012
1.008
0.98
0.964
0.968
0.996
1
0.984
1.007722
1.032
1.032
1.012
1.008
1.028
1.012
0.992
0.996
0.984
0.984
0.96
0.976
0.98
0.976
0.968
1
0.964
1.004
0.944
0.896
0.872
0.84
0.844
0.864
0.9
0.944
0.952
0.964
0.944
0.928
0.944
0.988
1.024
1.016
1.024
1.052
1.004
0.964
0.92
0.952
1.012
1.028
1.072
1.04
1.044
1.056
1.084
1.08
1.076
1.02
0.984
0.936
0.964
1.008
1.036
1.056
1.064
1.088
1.048
1.024
0.996
0.972
0.948
0.964
1.010395
0.928
0.936
0.948
0.964
1
1.068
1.084
1.076
1.052
1.08
0.904
1.184
1.08
1.08
1.104
1.104
1.084
1.068
1.044
1.08
1.072
1.04
1.02
1.012
1.036
1.056
1.028
1.016
1.024
1.04
1.016
1
1.032
1.028
1.036
1.012
1.064
1.064
1.028
0.996
0.992
0.992
0.976
0.968
0.996
1.016
0.952
0.976
0.984
0.976
0.96
0.956
0.928
0.892
0.928
0.96
0.964
0.972
0.992
1
0.96
1
1.004
1.032
1.02
1.028
1.036
1.02
1.028
1.028
1.024
1.012
0.992
1
0.992
1.012
1.02
1.052
1.036
1.056
1.064
1.048
1.012
1.036
1.028
1.036
1.016
0.984
0.976
1.012
0.98
0.972
0.968
0.992
1.016
1
1.012
1.044
1.032
1.028
1.028
1.04
1.04
1.028
1.044
1.052
1.024
1.012
1.028
1
1
1.008
0.992
0.96
0.96
0.984
0.98
0.976
0.948
0.928
0.964
0.968
0.94
0.944
0.912
0.888
0.916
0.972
0.98
1.016
1.032
1.052
1.052
1.036
1.052
1.076
1.056
1.044
1.024
1.024
1.048
1.044
1.028
1.016
1.056
1.064
1.048
1.052
1.072
1.088
1.072
1.076
1.068
1.056
1.028
1.052
1.056
1.06
1.04
1.064
1.056
1.04
1.036
1.032
1.036
1.012
1.048
1.048
1.032
1.012
1.028
1.036
1.032
1.004
1.032
1.032
1.024
1.012
1.052
1.056
1.044
1.032
1.064
1.06
1.048
1.052
1.056
1.048
1.04
1.036
1.032
1.004
1.004
0.996
0.98
0.98
1.024
1.032
1.012
1.024
1.028
1.004
0.984
1.008
1
0.976
0.956
0.98
1
0.992
1
1.032
1.024
1.004
0.976
0.992
0.988
0.984
0.96
0.968
0.98
0.976
0.948
0.96
0.964
0.94
0.928
0.9
0.88
0.984
0.972
0.916
0.872
0.876
0.912
0.924
0.92
0.944
0.984
1
0.98
0.98
0.964
0.976
0.972
0.956
0.988
0.98
0.98
0.976
0.992
0.98
0.96
0.956
0.96
0.948
0.92
0.928
0.944
0.94
0.936
0.96
0.976
0.996
0.992
1.024
1.024
0.996
0.976
0.984
1.008
1.024
1.012
1.036
1.076
1.052
1.044
1.084
1.08
1.052
1.064
1.052
1.056
1.068
1.056
1.044
1.056
1.076
1.052
1.072
1.072
1.02
1.008
1.04
1.008
1.08
1.04
1.044
1.012
1
1.04
1.032
0.996
1.012
1.024
0.972
1.028
1.048
1.028
1.012
1.032
1.016
0.996
0.988
1.044
1.024
1.016
1.044
1.036
1.024
1.032
1.032
1.02
1.06
1.04
1.012
1.044
1.032
1.004
1.036
1.036
0.992
1.016
1.044
1.012
1.016
1.056
1.048
1.032
1.036
1.076
1.06
1.024
1.076
1.084
1.048
1.032
1.052
1.036
1.024
1.04
1.048
1.016
1.028
1.024
0.996
1.044
1.032
1.02
1.016
1.032
1.036
1.008
1.04
1.052
1.016
0.984
1.048
1.028
0.872
1.18
1.024
1
1.02
1.032
1.016
0.992
1.048
1.024
1.024
1.028
1.024
0.98
0.94
0.972
1.064
0.956
0.912
0.928
1.036
1.036
1.02
1.052
1.068
1.048
1.084
1.08
1.036
1.024
1.004
1.116
1.024
1.04
1.056
1.044
1.008
1.016
1.012
0.996
0.988
1.004
0.964
0.996
1.004
0.968
0.904
0.932
0.944
0.964
0.964
1.012
1.04
1.04
1.012
1.044
1.036
1.012
1.032
1.032
1.016
1
1.028
0.984
0.984
1.016
1.036
1.064
1.048
1.064
1.076
1.052
1.024
1.024
1.004
0.976
0.976
0.988
1.012
1
1.036
1.06
1.036
1.036
1.056
1.04
1.024
1.044
1.036
1.012
1.036
1.028
1.004
1.016
1.064
1.048
1.036
1.056
1.04
1.02
1.04
1.04
1.012
1.008
1.044
1.068
1.044
1.056
1.064
1.052
1.056
1.06
1.04
1.02
1.024
1.032
1.012
1.028
1.052
1.044
1.012
1.028
1.012
0.976
0.992
1.04
1.016
1.008
1.044
1.052
1.024
1.02
1.04
1.024
1.008
1.036
1.048
1.02
1.036
1.048
1.012
1.008
1.008
1
0.972
1.025817
0.948
0.932
0.928
0.936
1
1.032
1.036
1.056
1.056
1.024
1.012
1.036
1.032
1.02
1.004
1.02
1.004
1.004
1.024
1.036
1.024
1.032
1.044
1.02
0.94
1.132
1.032
1.028
1.028
1.024
1.016
0.988
1.024
0.996
0.968
1.024
1.048
0.992
1.024
1.044
1.028
0.984
0.984
1.056
0.992
0.968
1.016
1.04
1.036
1.028
1.056
1.056
1.036
1.016
1.04
1.032
1.008
1.028
1.04
1.04
1.044
1.056
1.052
1.036
1.036
1.032
1.004
0.996
1.004
1.016
0.992
0.988
0.988
1.004
1.128
1.072
1.032
0.992
0.924
0.9
0.98
1.012
1.056
1.072
1.084
1.064
1.096
1.096
1.084
1.076
1.104
1.092
1.056
1.044
1.036
1.02
1.012
0.996
0.984
1.016
1.04
1.036
1.064
1.092
1.092
1.076
1.1
1.108
1.092
1.056
1.076
1.068
1.068
1.068
1.06
1.096
1.096
1.072
1.052
1.068
1.064
1.04
1.104
1.128
1.1
1.088
1.064
1.052
1.008
1.02
1.02
1.036
1.056
1.076
1.076
1.076
1.064
1.076
1.052
1.032
1.052
1.048
1.024
1.02
1.044
1.052
1.02
0.976
1
1.004
0.984
0.964
0.952
0.956
0.92
0.916
0.964
1
1.02
1.056
1.076
1.056
1.064
1.064
1.052
1.056
1.072
1.068
1.036
1.008
1.008
1.02
1.004
0.984
1.004
0.992
0.96
0.916
0.884
0.904
0.912
0.9
0.876
0.888
0.908
0.92
0.928
0.96
0.996
0.992
0.984
0.984
0.996
0.98
0.972
0.952
0.944
1.008
0.992
1
1
0.972
0.984
1.012
1.024
1.02
1.008
1.012
1.02
1.032
1
1.044
1.052
1.036
1.004
1.028
1.04
1.004
1
0.988
1.012
0.956
0.96
0.9
0.904
0.936
0.948
0.952
1.004
1.02
1.012
1.024
1.04
1.048
1.032
1.008
1.036
1.04
1.012
1.016
1.04
1.044
1.032
1.04
1.028
1.008
0.992
1.016
1.008
1.012
1.024
1.028
1.028
1.032
1.064
1.044
1.052
1.068
1.052
1.024
1.024
1.032
1.024
1.008
1.024
1.029812
0.928
0.956
0.972
0.96
0.964
1.048
1.044
1.036
1.084
1.072
1.056
1.06
1.072
1.044
1.032
1.036
1.016
0.984
1.02
1.012
0.984
1
1.028
1.030062
0.928
0.916
0.928
0.956
0.948
0.948
0.992
1.02
1.02
1.048
1.072
1.04
1.076
1.08
1.068
1.030219
1.056
1.088
1.064
1.064
1.08
1.088
1.076
1.08
1.088
1.072
1.06
1.072
1.064
1.068
1.072
1.076
1.048
1.064
1.06
1.032
1.052
1.048
1.012
1.008
1.048
1.056
1.024
1.048
1.056
1.032
1.024
1.056
1.056
1.048
1.056
1.068
1.02
1.004
1
0.996
0.976
1.012
1.036
1.04
1.1
1.108
1.076
1.08
1.072
1.048
1.052
1.044
1.008
1.02
1.04
1.028
1.016
1.028
1.012
1.012
1.048
1.04
1.016
1.036
1.028
1.012
1.02
1.04
1.036
1.012
1.044
1.04
1.008
0.98
1
1.008
0.988
1.024
1.044
1.028
1.028
1.04
1.04
1.004
1.008
1.036
1.044
1.008
1.024
1.048
1.036
1.016
1.032
1.028
1.032
1.052
1.052
1.008
1.02
1.024
1.02
1.028
1.056
1.036
1.02
1.048
1.04
1.02
1.024
1.032
1.016
1.036
1.06
1.032
1.008
1.04
1.012
1.008
1.016
1.008
0.98
1.012
1.016
0.996
1.008
1.024
1.012
1.004
1.024
1.016
0.992
0.984
0.992
0.924
0.92
0.94
0.94
0.932
0.98
1.016
0.992
0.996
1.028
1.016
1.028
1.052
1.052
1.024
1.044
1.02
1.008
1.052
1.024
1.012
1.036
1.016
1
1.036
1.028
1.012
1.028
1.004
0.972
0.988
1.004
0.972
0.936
0.928
1.02
1.048
1.04
1.044
1.044
1.048
1.036
1
1.012
0.992
0.98
1
1.008
0.988
1.016
1.024
1.016
1.02
1.012
1.008
1.012
1.004
0.984
0.976
0.992
0.992
0.98
1
0.996
0.972
0.984
0.996
1.004
0.984
0.992
1.004
0.972
0.984
0.988
0.948
0.936
0.976
0.992
0.988
0.98
1.024
1.024
0.996
0.996
1.016
1.008
0.98
0.996
1.016
1.024
1.04
1.056
1.048
1.048
1.06
1.036
1.044
1.08
1.06
1.052
1.076
1.072
1.056
1.076
1.044
1.032
1.028
1.016
0.976
0.984
0.996
0.992
0.984
1.036
1.032
1
1.004
1.04
1
0.988
1.016
1
0.984
1.016
1.04
1.012
1.02
1.044
1.016
1
1
0.972
1.004
1.028
1.028
1.008
1.036
1.02
1.016
1.032
1.032
1.008
0.996
1.008
0.988
0.948
1.008
1.056
1.02
1.012
1.024
1.004
1.028
1.016
0.968
1
1.08
1.036
1.036
1.036
1.024
1.004
1.012
1.004
0.956
1.024
1.024
0.996
0.976
1.016
1.012
0.976
1.004
1.068
1.016
1.032
1.008
0.996
1.004
1.044
1.024
1.04
1.04
1.02
1.052
1.028
1
0.996
1.06
0.988
1.012
1.028
1.016
1.036
1.052
1.024
1.044
1.044
1.031647
0.856
0.924
1.02
0.992
0.964
0.908
0.916
1.008
1.048
1.056
1.076
1.076
1.06
1.08
1.072
1.04
1.032
1.056
1.08
1.076
1.076
1.048
1.044
1.016
0.988
1.008
1.012
1.024
1.008
1.04
1.044
1.032
1.008
1
0.992
0.968
0.976
1.016
1.024
1.028
1.012
1.024
1.028
1.012
1.044
1.048
1.004
1.016
1.036
1.02
1.02
1.056
1.028
1.02
1.044
1.032
0.992
1
1.04
1.032
1.024
1.064
1.052
1.016
1.024
1.032
1.028
1.028
1.036
1.04
1
1.004
1.02
1.012
1.012
1.056
1.068
1.04
1.056
1.056
1.036
1.04
1.048
1.04
1.016
1.048
1.032
1.008
1.012
1.008
1
1.044
1.028
1.02
1.044
1.032011
1.004
0.976
0.956
0.92
0.92
1.052
1.092
1.084
1.084
1.064
1.092
1.096
1.112
1.084
1.08
1.072
1.056
1.068
1.088
1.084
1.1
1.104
1.076
1.064
1.028
1.02
0.992
1.02
1.004
1.036
1.052
1.048
1.04
1.048
1.052
1.044
1.072
1.08
1.076
1.076
1.056
1.076
1.08
1.08
1.048
1.04
1.056
1.068
1.072
1.068
1.04
1.048
1.048
1.036
1.004
1.032
1.02
1.004
0.972
1.012
1.024
1.008
1
1.036
1.052
1.024
1.036
1.048
1.044
1.044
1.06
1.048
1.044
1.036
1.072
1.08
1.052
1.052
1.068
1.08
1.056
1.068
1.084
1.076
1.064
1.084
1.076
1.044
1.072
1.072
1.056
1.088
1.068
1.052
1.052
1.068
1.072
1.06
1.06
1.064
1.052
1.064
1.088
1.076
1.056
1.08
1.084
1.024
1.048
1.036
1.024
1.008
1.032
1.036
1
1.008
1.024
0.984
1.016
1.033333
0.964
0.928
0.948
0.948
0.936
0.944
1.008
1.024
1.02
1.068
1.08
1.044
1.048
1.072
1.06
1.056
1.08
1.072
1.068
1.08
1.052
1.008
0.964
0.944
0.992
0.996
0.968
0.988
1.024
1.016
1.044
1.084
1.092
1.088
1.088
1.056
1.072
1.068
1.064
1.064
1.08
1.072
1.052
1.072
1.056
1.024
1.18
1.072
1.048
1.064
1.06
1.036
1.032
1.036
1.06
1.016
1.108
1.04
1.048
1.048
1.032
1.044
1.052
1.048
1.04
1.06
1.06
1.044
1.068
1.068
1.036
1.056
1.06
1.04
1.052
1.064
1.056
1.044
1.056
1.036
1.044
1.064
1.056
1.04
1.06
1.024
1.004
1.052
1.036
0.988
1.024
1.028
1.004
0.956
0.912
0.904
1.124
1.124
1.084
1.024
0.972
0.912
0.944
0.96
0.96
1.004
1
0.968
0.984
0.98
0.992
0.984
1.016
1.024
1.032
1.028
0.996
0.996
0.98
0.98
0.964
0.956
0.968
0.972
0.968
0.96
0.996
0.996
0.996
1.008
1.004
0.996
0.98
1.012
1.016
1.012
1.028
1.032
1.036
1.016
1.036
1.028
1.008
0.996
1
1.024
1.02
1.032
1.044
1.028
1.016
1.008
1.028
1.016
1.008
1.048
1.048
1.024
1.052
1.052
1.052
1.056
1.072
1.06
1.044
1.052
1.072
1.056
1.032
1.068
1.056
1.02
1.036
1.048
1.036
1.056
1.06
1.048
1.08
1.06
1.028
1.036
1.032
0.996
0.992
1.02
1.016
0.98
1.012
1.04
1.028
1.076
1.076
1.056
1.052
1.072
1.048
1.032
1.064
1.052
1.032
1.048
1.044
1.024
1.041456
0.968
0.936
0.948
1.004
1.02
1.036
1.1
1.088
1.092
1.116
1.08
1.064
1.068
1.044
1.056
1.076
1.076
1.06
1.088
1.068
1.048
1.06
1.056
1.04
1.064
1.06
1.048
1.068
1.056
1.032
1.044
1.048
1.048
1.064
1.072
1.052
1.064
1.08
1.044
1.044
1.072
1.04
1.056
1.068
1.052
1.032
1.052
1.04
1.012
1.016
0.992
0.976
0.984
0.996
0.984
1.024
0.968
0.94
0.888
0.876
0.876
0.9
0.892
1.044696
0.888
0.88
1.044883
0.872
0.88
0.904
0.892
0.904
0.952
0.972
0.972
0.928
0.884
0.908
0.948
0.972
0.98
1
1.004
1.032
1.04
1.044
1.032
1.04
1.04
1.056
1.052
1.036
1
1.016
1.012
1.012
1.028
1.028
1.044
1.02
1.004
0.952
0.988
1.004
1.016
1
1.004
1.032
1.052
1.072
1.08
1.092
1.088
1.108
1.076
1.028
1.068
1.152
1.092
1.056
1.036
1.02
0.988
0.928
0.9
0.896
0.94
1.036
1.104
1.112
1.12
1.128
1.112
1.12
1.112
1.1
1.076
1.064
1.068
1.06
1.048
1.072
1.084
1.068
1.028
1.04
1.052
1.036
1.036
1.036
1.036
1.036
1.016
1.04
1.056
1.068
1.064
1.052
1.048
1.044
1.064
1.072
1.036
1.028
1.052
1.06
1.052
1.08
1.084
1.068
1.064
1.08
1.048
1.06
1.048
1.032
1.036
1.056
1.072
1.056
1.072
1.088
1.068
1.064
1.088
1.06
1.024
1.024
1.02
0.992
0.964
1
1.04
1.036
1.053298
0.976
0.976
0.96
0.984
1.016
1.028
1.068
1.072
1.044
1.02
1.008
0.984
0.948
0.964
1.008
1.04
1.024
1.032
1.036
1.052
1.104
1.084
1.1
1.1
1.108
1.104
1.052
1.06
1.064
1.044
1.04
1.024
1.012
1.024
1.056
1.068
1.08
1.076
1.072
1.052
1.028
1.055172
1.06
1.036
1.004
1.036
1.044
1.052
1.024
1.044
1.06
1.04
1.044
1
1.044
1.028
1.024
1.008
1
0.988
0.968
0.944
0.916
0.924
0.932
0.924
0.956
0.996
1.02
1.056357
0.972
0.976
1.008
1.02
1.052
1.06
1.108
1.112
1.092
1.076
1.104
1.108
1.092
1.044
1.056
1.048
1.028
1.036
1.056
1.048
1.032
1.068
1.072
1.048
1.06
1.084
1.064
1.028
1.048
1.044
1.058008
1.084
1.08
1.06
1.1
1.084
1.076
1.108
1.104
1.068
1.096
1.072
1.064
1.08
1.052
1.04
1.076
1.064
1.048
1.06
1.048
1.036
1.084
1.068
1.052
1.056
1.04
1.016
1.04
1.04
1.028
1.064
1.044
1.028
1.060028
0.996
1.008
1.036
1.02
1.02
1.068
1.056
1.032
1.036
1.060631
0.96
0.968
1
1
1.012
1.056
1.06
1.032
1.06
1.064
1.036
1.004
1.028
1.032
1.028
1.044
1.048
1.04
1.02
1.024
1.052
1.024
1.012
1.04
1.04
1.036
1.008
1.052
1.048
1.02
1.06
1.056
1.064
1.084
1.076
1.052
1.052
1.044
1.02
1.024
1.04
1.036
1.052
1.04
1.008
1.016
1.02
0.992
0.988
1.036
1.032
1.008
1.02
1.012
0.992
0.984
1.032
1.02
1.012
1.016
1.024
1.012
0.984
1.008
1.004
0.972
1.012
1.04
1.028
1.052
1.036
0.988
0.976
0.968
0.984
0.988
1.04
1.06
1.06
1.056
1.072
1.072
1.08
1.096
1.068
1.06
1.1
1.052
1.064
1.076
1.06
1.068
1.096
1.052
1.032
0.996
0.996
1.124
1.104
1.092
1.068
1.048
1.024
1.048
1.048
1.02
1.056
1.048
1.072
1.028
1.02
1.032
1.032
1.052
1.076
1.084
1.128
1.108
1.096
1.096
1.084
1.072
1.104
1.108
1.12
1.12
1.108
1.1
1.092
1.088
1.084
1.06
1.052
1.068
1.08
1.064
1.076
1.056
1.04
1
1.04
1.072
1.104
1.084
1.132
1.108
1.08
1.1
1.096
1.08
1.064
1.076
1.08
1.068
1.116
1.065876
1.012
0.988
1
0.996
1.008
1.016
1.068
1.092
1.072
1.112
1.12
1.092
1.084
1.088
1.056
1.036
1.052
1.068
1.056
1.068
1.088
1.08
1.052
1.092
1.108
1.104
1.072
1.036
1.084
1.104
1.104
1.08
1.112
1.108
1.096
1.112
1.1
1.065706
1.144
1.108
1.112
1.108
1.096
1.108
1.104
1.092
1.076
1.064
1.06
1.06559
1.012
0.996
1
1.056
1.056
1.02
1.064
1.072
1.056
1.056
1.068
1.06
1.012
1.008
1.044
1.072
1.052
1.04
1.024
1.048
1.044
1.052
1.088
1.076
1.056
1.08
1.084
1.064
1.072
1.076
1.08
1.04
1.056
1.06
1.036
1.04
1.032
0.988
1
1.028
1.052
1.044
1.04
1.072
1.028
0.996
1.004
1.028
1.028
1.032
1.032
1.008
1.004
0.976
0.968
0.952
0.916
0.896
0.892
0.996
1.064708
1.164
1.156
1.104
1.072
1.068
1.076
1.064
1.064
1.056
1.032
1.036
1.052
1.072
1.032
1.052
1.06
1.092
1.052
1.072
1.084
1.068
1.036
1.052
1.08
1.072
1.036
1.068
1.072
1.04
1.064
1.08
1.08
1.06
1.08
1.096
1.072
1.044
1.072
1.068
1.06402
0.98
1
1.028
1.056
1.088
1.144
1.128
1.116
1.136
1.096
1.104
1.124
1.112
1.072
1.076
1.076
1.06
1.076
1.108
1.12
1.116
1.148
1.132
1.104
1.136
1.136
1.104
1.124
1.104
1.084
1.1
1.088
1.064
1.088
1.096
1.076
1.084
1.108
1.084
1.064
1.084
1.068
1.024
1.02
1.04
1.06
1.06
1.084
1.084
1.088
1.088
1.092
1.08
1.032
1.048
1.072
1.032
1.036
1.076
1.08
1.084
1.1
1.096
1.084
1.1
1.096
1.068
1.048
1.072
1.064
1.052
1.08
1.068
1.048
1.06
1.064
1.04
1.048
1.044
1.02
1.044
1.048
1.02
0.964
0.904
0.92
0.976
1.008
0.988
1.008
1.04
1.02
0.996
1.008
1.024
1.016
1.008
1.028
1.048
1.052
1.044
1.072
1.092
1.096
1.068
1.084
1.064
1.032
1.048
1.06
1.08
1.076
1.06
1.076
1.072
1.06
1.059788
1.016
1.028
1.032
1.076
1.104
1.06
1.108
1.12
1.104
1.1
1.112
1.112
1.06
1.092
1.076
1.068
1.08
1.08
1.072
1.068
1.092
1.1
1.052
1.068
1.072
1.036
1.04
1.052
1.036
1
1.04
1.052
1.052
1.08
1.084
1.068
1.052
1.064
1.06
1.044
1.072
1.068
1.04
1.028
1.052
1.06
1.028
1.052
1.064
1.064
1.052
1.084
1.056
1.024
1.044
1.06
1.028
1.024
1.044
1.028
1.024
1.072
1.068
1.048
1.084
1.064
1.04
1.056
1.028
1.02
1.032
1.012
1
1.056
1.06
1.072
1.044
1.072
1.06
1.048
1.052
1.08
1.068
1.06
1.088
1.08
1.064
1.032
1.104
1.116
1.104
1.092
1.088
1.064
1.06
1.04
1.028
1.004
0.948
0.92
0.932
0.928
0.904
0.944
0.988
1.02
1.004
0.98
0.996
0.996
0.984
0.972
0.952
0.94
0.912
0.944
0.96
0.936
0.96
0.972
0.988
0.996
1.008
0.992
1.04
1.06
1.052
1.024
1.02
1.02
1.024
1
1.024
1.048
1.044
1.072
1.072
1.056
1.088
1.084
1.068
1.108
1.088
1.064
1.08
1.052
1.044
1.056
1.052
1.012
1.028
1.012
0.988
0.952
0.908
0.996
1.064
1.048
1.052
1.06
1.052
1.048
1.064
1.048
1.044
1.06
1.076
1.06
1.064
1.052
1.056
1.072
1.088
1.096
1.088
1.068
1.036
1.008
0.976
0.96
0.996
1.052
1.06
1.064
1.024
1.052
1.028
0.964
0.92
0.968
1.008
1.068
1.096
1.108
1.12
1.076
1.02
1.128
1.04
1.044
1.064
1.044
1.044
1.08
1.076
1.056
1.084
1.072
1.06
1.044
1.06
1.048
1.016
1.036
1.04
1.016
1.004
1.048
1.052
1.036
1.048
1.056
1.056
1.024
1.02
1.004
0.944
0.948
0.944
0.932
0.928
0.94
0.928
0.912
0.904
0.888
0.88
0.888
0.888
0.94
0.964
0.956
0.964
1
0.916
1.172
1.032
1
1.028
1.044
1.008
1.024
1.056
1.02
1.02
1.064
1.052
1.032
1.076
1.06
1.068
1.048
1.056
1.044
1.04
1.036
1.064
1.04
1.052
1.06
1.052
1.04
1.08
1.072
1.048
1.048
1.052
1.028
1.032
1.04
1.024
0.996
1.004
1.092
1.06
1.044
1.02
1.068
1.076
1.052
1.096
1.108
1.092
1.092
1.096
1.076
1.076
1.072
1.064
1.064
1.08
1.068
1.06
1.072
1.072
1.068
1.084
1.072
1.064
1.092
1.124
1.104
1.06
1.064
1.084
1.08
1.06
1.052
1.06
1.06
1.032
1.032
1.064
1.06
1.032
1.056
1.06
1.06
1.036
1.08
1.092
1.068
1.084
1.116
1.088
1.052
1.056
1.06
1.04
1.064
1.096
1.064
1.004
1.012
1.032
1.012
1.004
1.076
1.092
1.052
1.028
1.052
1.028
0.944
0.9
0.936
0.98
1.072
1.072
1.044
1.044
1.056
1.044
1.012
1.04
1.04
1.02
1.04
1.06
1.04
1.048
1.072
1.052
1.024
1.044
1.044
1.02
1.04
1.084
1.044
1.068
1.068
1.036
1.06
1.072
1.06
1.04
1.068
1.048
1.052
1.044
1.076
1.06
1.06
1.032
0.992
0.944
0.956
0.928
0.884
0.936
1.008
1.024
1.084
1.096
1.064
1.072
1.096
1.108
1.092
1.104
1.1
1.076
1.064
1.072
1.116
1.112
1.1
1.1
1.1
1.088
1.088
1.056
1.064
1.052
1.041524
1.032
1.024
1.041556
1.096
1.032
1.04
1.092
1.108
1.084
1.092
1.08
1.06
1.048
1.072
1.064
1.052
1.036
1.044
1.04
1.028
1.04
0.996
1.084
1.124
1.08
1.052
1.056
1.056
1.041915
1.004
1.024
1.028
1.012
1.044
1.08
1.108
1.1
1.042067
1.048
1.048
1.04
1.028
1.036
1.052
1.048
1.04
1.06
1.076
1.052
1.032
1.048
1.044
1.056
1.032
1.032
1.048
1.048
1.024
1.044
1.048
1.04
1.012
1.04
1.044
1.028
1.04
1.072
1.044
1.052
1.064
1.06
1.036
1.044
1.064
1.076
1.064
1.12
1.088
1.072
1.08
1.088
1.056
1.072
1.092
1.064
1.056
1.072
1.092
1.044
1.076
1.076
1.068
1.076
1.092
1.076
1.092
1.088
1.044
1.052
1.068
1.052
1.06
1.044
1.056
1.012
0.952
0.956
0.956
0.92
0.92
0.888
0.888
0.884
0.872
0.864
1.043579
0.872
0.96
0.964
0.964
0.988
0.928
0.912
0.924
0.94
0.964
0.928
0.896
0.872
1.04382
1.043836
0.888
0.932
0.928
0.968
0.968
0.98
0.968
0.964
0.96
0.964
0.92
0.88
1.04403
0.896
0.936
0.94
0.944
0.92
0.912
0.888
0.916
0.94
0.932
0.932
0.936
0.948
0.972
0.972
1.056
0.992
0.952
1.044
1.008
0.96
0.964
0.988
1.02
1
1.012
1.008
1.028
1.052
1.064
1.052
1.044
0.992
1
1.08
1.06
1.044
1.08
1.096
1.108
1.1
1.084
1.1
1.092
1.076
1.044
1.064
1.1
1.088
1.068
1.072
1.052
1.056
1.076
1.088
1.064
1.06
1.08
1.072
1.06
1.072
1.084
1.072
1.092
1.084
1.04
1.036
1.06
1.056
1.056
1.08
1.064
1.045685
0.996
0.972
0.988
1.04
1.064
1.064
1.116
1.104
1.045996
1.016
0.992
1.004
1.02
1.024
1.046212
1
0.976
0.988
1.04
1.032
1.024
1.072
1.036
1.024
1.056
1.052
1.024
1.052
1.04
1.008
1.052
1.016
1.008
1.036
1.024
1
1.008
1.024
1.016
1
1.02
1.032
1.008
1.024
1.004
0.96
0.988
1.012
0.996
1
1.032
1.024
1.004
1.02
1.024
1.004
1.024
1.016
1.004
1.004
1.04
1.04
1.02
1.044
1.036
1.016
0.988
0.94
0.98
1.04
1.004
0.984
0.908
0.884
0.948
0.976
1.044
1.092
1.108
1.096
1.132
1.108
1.096
1.08
1.092
1.076
1.064
1.056
1.076
1.072
1.108
1.072
1.056
1.088
1.092
1.072
1.048
1.056
1.072
1.056
1.016
1.064
1.064
1.04
1.02
1.068
1.06
1.06
1.048
1.088
1.096
1.06
1.088
1.08
1.036
1.016
1.028
1.024
1.004
1.048
1.06
1.052
1.064
1.08
1.096
1.068
1.088
1.084
1.084
1.048
1.084
1.084
1.088
1.044
1.050569
0.968
0.948
0.988
0.996
1.004
1.092
1.136
1.050772
1.036
1.04
1.028
1.02
1.076
1.08
1.064
1.088
1.088
1.064
1.092
1.1
1.06
1.092
1.1
1.06
1.08
1.084
1.052
1.076
1.096
1.06
1.08
1.08
1.052
1.064
1.08
1.052
1.024
1.052
1.056
1.04
1.048
1.06
1.044
1.04
1.036
1.012
0.984
1.004
1.02
0.988
0.992
1.036
0.996
0.976
1
1.024
1
1.008
1.036
0.996
0.98
1.004
0.988
0.964
0.984
0.964
0.952
0.968
0.956
0.936
0.968
0.956
0.956
0.964
0.972
0.944
0.916
0.928
0.92
0.892
0.9
0.952
0.94
0.94
0.964
0.948
0.928
0.916
0.944
0.94
0.928
0.928
0.972
0.96
0.956
0.956
1.052888
1.052916
1.1
1.08
1.044
1.028
1.004
0.992
0.972
0.94
0.956
0.96
0.952
0.936
0.916
1.004
1.052
1.016
0.996
0.924
0.912
0.976
1.004
1.02
1.064
1.072
1.044
1.036
1.044
1.04
1.028
1.016
1.053788
1.08
1.056
1.012
1.004
1.036
1.06
1.076
1.08
1.1
1.116
1.116
1.1
1.104
1.108
1.1
1.1
1.076
1.08
1.076
1.056
1.052
1.08
1.08
1.068
1.056
1.072
1.036
0.992
0.988
1.012
1.044
1.064
1.048
1.08
1.072
1.036
1.048
1.076
1.06
1.056
1.104
1.104
1.076
1.104
1.116
1.112
1.096
1.116
1.136
1.096
1.112
1.104
1.076
1.084
1.096
1.104
1.088
1.056
1.048
1.052
1.04
1.088
1.088
1.08
1.064
1.092
1.084
1.068
1.104
1.068
1.044
1.064
1.092
1.08
1.068
1.064
1.064
1.04
1.056
1.064
1.06
1.08
1.08
1.036
1.024
1.036
1.04
1.004
1.06
1.056
1.04
1.032
1.084
1.08
1.044
1.044
1.048
1.04
1.016
1.044
1.064
1.064
1.04
1.072
1.068
1.048
1.068
1.064
1.04
0.996
1.128
1.144
1.084
1.04
0.96
0.944
1.008
1.036
1.072
1.092
1.052
1.06
1.092
1.096
1.108
1.116
1.104
1.104
1.108
1.112
1.108
1.124
1.116
1.116
1.084
1.092
1.056
1.044
1.032
1.032
1.02
0.98
1.012
1.02
1.024
1.012
1.02
1.004
0.992
0.972
0.956
0.96
0.984
1.008
0.988
0.98
0.988
1
1.048
1.092
1.092
1.088
1.08
1.044
1.048
1.076
1.116
1.104
1.096
1.1
1.092
1.057022
1.088
1.116
1.108
1.1
1.096
1.096
1.1
1.104
1.08
1.096
1.076
1.052
1.052
1.036
1.04
1.032
1.008
1
1.02
1.032
1.024
1.028
1.048
1.024
1.016
1.024
1.036
1.044
1.036
1.036
1.092
1.048
1.04
1.012
1.02
1.028
1.04
1.036
1.072
1.092
1.068
1.044
1.064
1.06
1.056
1.032
1.06
1.056
1.032
1.028
1.052
1.052
1.028
1.044
1.044
1.036
1.016
1.04
1.032
1.032
1.028
1.028
1.04
1.02
1.048
1.064
1.056
1.044
1.052
1.048
1.016
1.048
1.048
1.04
1.036
1.064
1.076
1.048
1.02
0.976
1.052
1.032
1
0.944
0.98
1.068
1.096
1.12
1.152
1.108
1.096
1.058055
1.012
1.036
1.044
1.052
1.064
1.08
1.084
1.092
1.076
1.104
1.1
1.068
1.1
1.076
1.088
1.056
1.072
1.072
1.06
1.072
1.096
1.1
1.092
1.044
0.96
0.956
1.056
1.036
1
0.956
0.876
1.058241
1.058244
0.884
0.892
0.904
0.916
0.92
0.908
0.92
0.964
0.972
0.98
0.96
1
1.008
0.996
1.008
1.02
1
0.984
0.976
0.984
1.036
1.044
1.056
1.056
1.052
1.036
1.024
1.032
1.092
1.092
1.1
1.12
1.116
1.124
1.116
1.088
1.108
1.12
1.116
1.1
1.108
1.12
1.1
1.072
1.044
1.048
1.02
0.972
0.908
0.916
0.932
0.916
0.96
1.064
1.072
1.088
1.1
1.116
1.096
1.068
1.056
1.076
1.08
1.088
1.072
1.1
1.104
1.116
1.112
1.144
1.152
1.152
1.132
1.14
1.132
1.124
1.116
1.056
1.028
1.068
1.096
1.136
1.112
1.132
1.136
1.124
1.104
1.12
1.128
1.1
1.104
1.104
1.096
1.1
1.112
1.1
1.08
1.096
1.1
1.076
1.088
1.1
1.1
1.072
1.104
1.104
1.1
1.108
1.12
1.1
1.088
1.096
1.096
1.064
1.076
1.076
1.04
1.016
1.044
1.036
1.008
1.028
1.068
1.072
1.052
1.076
1.072
1.052
1.092
1.08
1.068
1.06
1.052
1.04
1.052
1.06
1.044
1.068
1.08
1.056
1.08
1.06
1.04
1.04
1.052
1.06
1.032
1.044
1.04
1.028
1.052
1.052
1.04
1.024
1.06
1.076
1.072
1.064
1.076
1.084
1.052
1.057351
1.008
1.016
1.036
1.048
1.04
1.072
1.088
1.072
1.056
1.052
1.032
1.024
1.024
0.988
0.988
0.992
0.988
0.996
1.032
0.996
0.98
1.004
0.98
0.952
0.98
0.956
0.94
0.932
0.96
0.94
0.936
0.968
0.944
0.944
0.96
0.952
0.944
0.924
0.964
0.944
0.932
0.96
0.964
0.96
0.956
0.988
0.956
0.932
0.944
0.96
0.948
0.952
0.972
0.976
0.96
1.056559
0.936
0.916
0.964
0.98
0.968
1.032
1.056
1.056424
1.012
0.984
1.004
0.996
1.048
1.056
1.068
1.088
1.08
1.06
1.076
1.068
1.06
1.064
1.044
1.056136
0.988
0.96
0.972
0.992
1.008
1.056
1.084
1.072
1.076
1.072
1.044
1.064
1.076
1.048
1.028
1.068
1.08
1.044
1.052
1.096
1.12
1.076
1.092
1.092
1.064
1.08
1.084
1.104
1.076
1.08
1.088
1.06
1.08
1.092
1.06
1.076
1.092
1.092
1.096
1.116
1.124
1.084
1.02
1.004
1.14
1.092
1.016
0.952
0.956
1.036
1.072
1.108
1.124
1.132
1.112
1.112
1.096
1.1
1.12
1.112
1.144
1.14
1.12
1.14
1.136
1.148
1.132
1.116
1.112
1.116
1.12
1.088
1.104
1.096
1.084
1.072
1.1
1.096
1.08
1.116
1.12
1.1
1.088
1.116
1.088
1.08
1.084
1.088
1.076
1.068
1.088
1.092
1.064
1.092
1.072
1.06
1.048
1.064
1.068
1.06
1.076
1.084
1.076
1.084
1.104
1.076
1.052
1.064
1.068
1.068
1.108
1.108
1.092
1.108
1.108
1.088
1.096
1.072
1.06
1.068
1.064
1.036
1.064
1.068
1.056
1.088
1.104
1.088
1.1
1.108
1.068
1.068
1.08
1.076
1.048
1.064
1.06
1.036
1.064
1.084
1.056
1.072
1.1
1.06
1.064
1.064
1.048
1.052
1.04
1.012
1.048
1.068
1.04
1.04
1.04
1.016
1.016
1.012
1.016
1.028
1.072
1.092
1.084
1.08
1.036
1.012
1.036
1.056
1.044
1.016
0.996
0.98
0.968
0.932
0.948
1.024
1.04
1.064
1.056
1.088
1.092
1.08
1.096
1.108
1.104
1.096
1.096
1.104
1.092
1.088
1.1
1.1
1.092
1.08
1.076
1.104
1.116
1.08
1.072
1.068
1.068
1.06
1.052
1.188
1.1
1.084
1.072
1.06
1.092
1.052
1
0.964
0.876
0.924
0.964
0.984
0.992
0.996
0.932
0.992
0.948
0.92
0.904
0.912
0.936
0.98
0.948
0.972
0.992
0.972
0.964
1.024
1.012
0.952
0.988
0.968
0.952
0.956
0.932
0.904
