0.916
0.944
0.976
0.996
0.988
0.972
0.96
0.956
0.948
0.952
0.952
0.956
0.912
0.888
0.836
0.892
0.98
1.004
1.004
1.008
0.996
0.988
0.976
0.956
0.956
0.932
0.932
0.936
0.928
0.948
0.948
0.968
0.968
0.94
0.908
0.912
0.912
0.904
0.896
0.908
0.872
0.844
0.848
0.892
0.916
0.932
0.944
0.936
0.908
0.952
0.956
0.916
0.956
0.952
0.904
0.936
0.94
0.924
0.96
0.968
0.936
0.972
0.964
0.932
0.952
0.936
0.892
0.924
0.94
0.916
0.948
0.856
0.832
0.796
0.8
0.984
0.92
0.984
1.032
0.956
0.98
0.976
0.924
0.948
0.968
0.964
0.964
0.98
0.992
0.936
0.984
1.004
0.956
1.008
1.004
0.98
1.012
1.012
0.968
0.992
0.992
0.94
0.944
0.872
0.904
0.872
0.908
0.9
0.88
0.968
0.944
0.92
0.976
0.988
0.96
0.996
0.988
0.972
0.996
0.96
0.972
0.98
0.928
0.932
0.908
0.924
0.952
0.92
0.968
0.968
0.94
0.984
1
0.948
0.96
0.948
0.904
0.948
0.92
0.936
0.864
0.868
0.9245339
0.9456107
0.776
0.844
0.92
0.988
0.976
0.976
0.948
0.972
0.972
0.948
0.976
0.972
0.928
0.964
0.984
0.992
1.008
1.016
1.012
1.008
1.012
0.972
0.944
0.972
0.98
0.964
1.008
1
0.964
0.992
0.968
0.908
0.936
0.96
0.916
0.992
0.992
0.948
0.996
1.016
0.972
1.012
1.012
0.96
1.004
0.968
0.864
0.852
0.892
1.008
0.964
1.048
1.048
1.016
1.048
0.984
1.016
0.996
0.92
0.904
0.844
0.784
0.808
0.852
1.004
1.032
0.996
1.032
1.032
0.952
0.94
0.952
0.924
0.948
0.972
0.984
0.96
1.028
1.04
0.972
1.012
1.032
0.984
1.06
1.064
1.016
1.052
1.032
0.972
1.004
1.028
0.972
1.032
1.028
0.952
1.016
1.02
0.98
1.032
1.004
0.936
0.948
0.904
0.868
0.92
0.944
0.936
1.044
1.052
0.984
1.008
0.972
0.94
0.996
1.052
1.02
1.068
1.048
0.988
0.968
0.932
0.872
0.888
0.984
0.968
1.112
1.128
1.036
1.032
0.996
0.896
0.876
0.88
0.88
0.968
1.012
0.992
0.984
1.012
0.996
0.972
0.988
0.992
0.992
1.028
1.028
1.008
0.98
0.96
0.944
0.96
0.952
0.884
0.896
0.9
0.928
0.908
0.964
1
0.956
1
1.004
0.944
0.964
0.976
0.924
0.956
0.976
0.936
0.992
1.004
0.968
0.984
1.004
0.964
0.984
1.008
0.968
0.932
0.972
0.98
0.932
0.976
1.004
0.944
0.928
0.96
0.956
0.968
1.032
1.04
1.024
1.036
0.996
0.98
1.008
0.988
0.956
0.976
0.956
0.94
0.984
0.968
0.96
1.012
1.016
0.956
0.984
0.944
0.964
0.984
0.948
0.92
0.98
1.004
0.98
1.028
0.992
0.968
0.984
0.944
0.928
0.912
0.864
0.82
0.82
1.072
0.956
1.024
1.068
1.02
1.052
1.056
0.984
0.996
1
0.98
0.964
0.996
0.992
0.98
1
0.996
0.952
0.988
1.016
0.98
1.004
1.012
0.956
0.996
0.992
0.944
0.98
1.004
0.96
0.992
1.004
0.952
0.948
0.984
0.976
0.932
0.968
0.964
0.932
0.984
1.012
0.964
1.008
1.016
0.964
1.004
1
0.956
1
0.972
0.94
0.972
1.044
0.992
0.996
1.04
1.016
1
1.04
1.02
1.02
1.052
0.992
0.984
0.984
0.936
0.972
1.004
0.976
1.06
1.052
1.012
1.04
1
0.968
0.988
0.98
0.96
1
0.976
0.956
0.988
0.976
0.96
1.008
0.992
0.964
0.988
0.96
0.948
0.976
0.94
0.932
0.96
0.952
0.944
0.988
0.972
0.948
0.984
1.036
0.98
0.996
0.976
0.916
0.94
0.952
0.936
0.992
1.028
1
1.036
1.036
0.968
0.98
0.956
0.92
0.936
0.964
0.924
0.956
0.984
0.952
0.94
0.976
0.972
0.944
0.98
0.948
0.92
0.952
0.956
0.9
0.912
0.92
0.9
0.94
1.032
1.008
1.008
1.032
0.992
0.964
1
0.928
0.864
0.784
1.06734
0.9724979
0.9762639
1.077365
0.944
0.908
1
0.948
0.928
0.984
1
0.96
1
0.992
0.936
0.952
0.98
0.956
0.98
1.02
0.98
1.004
1.024
0.98
1.008
1.028
0.996
1.04
1.068
1.012
1.028
1.004
0.94
0.976
0.992
0.96
1.004
1.044
0.984
1.028
1.012
0.984
1.004
0.944
0.908
0.94
0.92
0.904
0.964
0.988
0.936
0.992
0.984
0.936
0.968
0.948
0.928
0.976
0.952
0.892
0.936
0.956
0.972
1.128
1.048
1.076
1.088
1.048
1.072
1.008
1.048
1.044
1.004
1.064
1.068
1.032
1.048
1.012
0.988
0.992
0.976
0.952
0.972
0.976
0.952
0.984
0.972
0.928
0.948
0.972
0.94
0.984
0.988
0.94
0.964
0.944
0.916
0.94
0.952
0.924
0.956
0.984
0.96
0.968
1.016
0.984
0.96
0.976
0.952
0.932
0.956
0.968
0.92
0.952
0.948
0.92
0.932
0.976
0.936
0.928
0.956
0.936
0.92
0.964
0.96
0.944
1
0.988
0.944
0.952
0.972
0.868
0.836
0.784
0.788
0.792
0.88
1
0.932
0.848
0.784
0.804
0.968
1.08
1.088
1.024
1.032
1.024
0.984
0.952
0.96
0.96
0.916
0.952
0.972
0.96
0.98
1.004
0.956
0.984
0.988
0.98
0.988
0.98
0.968
0.988
0.996
0.992
0.952
0.88
0.86
0.824
0.86
0.94
0.964
1
1.004
0.968
0.988
0.984
0.928
0.96
0.984
0.948
0.996
0.992
0.964
1.012
0.984
0.984
1.02
0.96
0.992
1.004
0.956
0.992
0.968
0.94
0.976
0.968
0.96
0.996
0.984
0.956
0.984
0.972
0.976
0.98
0.944
0.968
0.992
0.948
0.976
0.972
0.94
0.98
0.976
0.924
0.964
0.964
0.936
0.972
0.98
0.94
0.988
1
0.96
1.008
0.988
0.948
0.984
0.988
0.952
0.956
1
0.98
0.976
1.004
0.976
0.952
0.976
0.988
0.944
0.964
0.972
0.944
0.912
0.952
0.984
0.952
0.984
0.98
0.944
0.948
0.984
0.952
0.94
1.004
0.996
0.964
1
0.988
0.944
0.976
0.96
0.904
0.94
0.932
0.9
0.952
0.956
0.924
0.976
0.972
0.948
1
0.96
0.94
0.972
0.968
0.948
1.012
1.032
0.996
1.02
0.988
0.932
0.968
0.98
0.956
1.012
1.02
0.984
1.012
1.016
0.96
0.976
0.984
0.96
1
1.056
1.028
1.032
1.04
0.98
0.984
0.996
0.972
1.028
1.044
1.004
1.024
1.016
0.972
0.988
0.984
0.948
0.964
0.984
0.968
1.004
1.028
1.004
1.032
1.048
0.988
0.964
0.984
0.984
0.944
0.98
0.956
0.92
0.96
0.98
0.96
0.924
0.976
0.968
0.932
0.976
0.992
0.96
0.964
1.004
0.96
0.948
1
0.96
0.932
0.968
0.972
0.932
0.968
0.992
0.944
0.988
0.964
0.956
1.016
0.992
0.94
0.952
0.912
0.884
0.924
0.936
0.908
0.976
0.976
0.908
0.868
0.852
0.812
0.796
0.812
0.86
0.864
0.956
0.9
0.828
0.832
0.836
0.804
0.816
0.868
0.888
0.896
1.008
1.044
0.948
0.952
0.988
0.996
0.984
0.992
0.94
0.864
1.005761
0.8958064
0.812
0.9327917
1.092
1.072
1.008
1.012
1.02
1.008
0.988
1
1.008
0.984
1.004
1
0.992
1.008
1.024
1.052
1.048
0.956
0.936
0.94
0.912
0.964
0.992
0.992
0.94
0.96
0.972
0.98
1.032
1.052
1.032
1.044
1.02
0.944
0.936
0.968
1.004
0.976
1.02
1.044
0.984
1.028
1.012
0.936
0.96
0.944
0.904
0.984
1.064
1.016
1.108
1.108
1.048
1.096
1.072
1.028
1.032
1
0.976
1.016
0.984
0.984
1.012
0.98
0.96
0.984
0.98
0.936
0.992
1.016
0.964
0.992
0.988
0.948
0.992
0.964
0.912
0.94
0.948
0.92
1
1.032
1.048
1.048
1.064
1.044
0.996
1.02
0.992
0.944
0.972
0.96
0.912
0.948
1.016
1.024
1.112
1.096
1.02
1.052
1.008
1
1.036
0.984
0.964
0.984
0.972
0.956
1.012
1.04
1.004
1.012
1.02
0.984
1
1
0.968
0.972
0.98
0.98
0.948
0.98
0.964
0.9
0.88
0.916
0.996
1.004
1.032
1.112
1.076
1.096
1.104
1.008
1.028
1.012
0.968
1.02
1.056
1.008
1.044
1.032
0.912
0.932
0.992
1.012
1.036
1.06
1.004
1.044
1.048
1.008
1.028
1.02
0.972
0.996
1.008
0.972
1.012
1.004
0.96
0.984
0.992
0.956
1
1
0.976
1.004
1
0.948
0.976
0.996
0.952
0.992
1.012
0.972
0.992
1.004
0.964
0.972
0.984
0.972
0.924
0.968
0.992
0.988
0.976
1.004
1
0.896
0.9
0.828
0.8
0.9601322
1.066594
0.824
0.952
0.952
0.836
0.848
0.872
0.832
0.904
0.972
0.956
0.928
1
1.028
0.988
1
0.972
0.948
1.012
1.052
1.004
1.044
1.028
1.004
1.056
1.016
1.008
1.044
1.008
0.948
0.968
0.96
0.948
1.032
1.048
1.072
1.092
1.024
1.064
1.072
0.952
0.872
0.828
0.884
1.012565
1.108
1.052
1.06
1
0.996
1.012
1
1.076
1.144
1.132
1.092
1.1
1.068
1.04
1.036
1
0.988
0.996
0.996
1.004
1
1.012
1.04
1.032
1.02
1.02
0.996
0.96
0.96
0.904
0.852
0.864
0.952
1.024
0.936
0.908
0.956
0.964
0.928
0.972
0.988
0.932
0.984
0.992
0.948
0.972
1.008
0.956
0.928
0.96
0.964
0.932
1
1.044
0.996
1.04
1.048
1
1.024
1.024
0.964
0.988
0.992
0.952
1.016
1.036
0.992
1.036
1.04
1.008
1.072
1.072
1.024
1.04
1.016
0.984
0.996
0.992
0.968
1.024
1.032
1.016
1.056
1
0.98
0.976
0.94
0.932
1.016
1.008
1.004
1.072
1.064
1.036
1.1
1.076
1.036
1.048
1.024
0.988
1.016
0.996
0.976
1.008
1.02
0.964
1.012
1.02
0.96
0.992
0.984
0.956
1.004
1.024
0.98
1.012
1.008
0.952
0.976
0.972
0.94
0.904
0.948
0.976
0.956
0.992
1.048
1.032
1.06
1.072
1.028
1.06
1.004
0.876
0.804
1.018388
0.9999301
0.812
0.852
1.152
1.044
0.944
0.964
1
0.956
0.996
1.056
1.036
1.06
1.096
1.108
1.076
1.08
1.024
0.956
0.952
0.992
0.972
1.036
1.008
0.92
0.932
0.976
1.02
1.068
1.128
1.072
1.068
1.112
1.084
1
1.016
1.02
0.972
1.024
1.044
0.992
1.024
1.02
0.932
0.912
0.868
1.02
0.956
0.972
1.056
1.032
0.98
0.912
0.952
0.944
0.868
0.958781
1.108125
1.025967
1.012
0.92
0.86
0.964
1.012
1.02
1.052
1.056
1.04
1.088
1.092
1.092
1.096
1.084
1.068
1.068
1.04
0.984
1.032
1.076
1.1
1.12
1.068
0.976
0.984
1.016
1.036
1.072
1.092
1.048
1.052
1.044
0.992
1.028
1.076
1.08
1.104
1.072
1.004
1.02
1.004
0.948
1.008
1.024
0.992
1.076
1.128
1.04
1.084
1.04
0.972
1.012
1.016
0.968
1.036
1.036
0.996
1.056
1.048
1.008
1.032
0.996
1.012
1.044
1.016
0.964
1.016
1.016
0.952
0.98
1.004
0.988
0.98
1.016
1.024
0.972
0.988
0.992
0.96
0.98
0.992
0.98
1.04
1.06
1.028
1.064
1.04
0.98
1.004
0.984
0.956
0.988
0.984
0.944
0.996
1.012
0.96
1
1.02
0.956
0.976
0.972
0.924
0.952
0.988
0.968
1.04
1.044
0.956
0.964
0.996
1
0.98
1.028
1.028
0.996
1.044
1.056
1.024
1.056
1.04
0.972
1
1.016
0.976
1.028
1.104
1.032
1.076
1.064
1.008
1.008
0.944
0.9
0.908
0.984
1.012
1.184
1.164
1.14
1.136
1.092
1.08
1.072
1.008
0.932
0.94
0.956
0.964
1.044
1.104
1.048
1.1
1.072
1.056
1.068
1.016
1.052
1.016
0.988
1.036
1
0.988
1.016
0.968
0.96
0.976
0.936
0.924
0.968
0.944
0.968
1.02
0.992
0.964
1.008
1.008
0.976
0.992
0.984
0.976
1.068
1.088
1.044
1.064
1.036
0.968
0.98
0.996
0.96
0.992
1.032
1.012
1.048
1.04
0.984
1.02
1.04
0.98
1.024
0.996
0.956
0.992
1.02
0.956
1
1.044
0.98
1.012
1.016
0.952
0.892
0.824
0.8738886
1.044012
0.9692282
1.1
1.004
0.984
1
0.948
0.968
0.996
1.004
0.996
1.036
1.044
1.036
1.064
1.076
1.08
1.056
1.076
1.064
1.036
1.072
1.064
1.036
1.036
1.024
0.98
1.004
1.012
0.984
1.008
1
0.96
0.984
1.008
1.044
0.996
1.032
1.024
0.948
0.948
0.916
0.876
0.904
0.984
0.94
0.992
1.064
0.972
1.008
1.056
0.904
0.892
0.908
0.848
0.9347233
0.9889614
0.9375223
0.9565278
0.9632145
0.8956089
1.056593
1.013034
0.9307768
1.083313
1.030643
0.9847183
1.060652
1.059637
0.84
0.828
0.876
0.92
0.9
0.876
0.972
1.04
1
0.924
0.948
1.028
1.008
0.888
0.844
0.864
0.912
1.024
1.016
0.964
0.868
0.852
0.9
1.012
0.988
1.076
1.124
1.048
1.052
1.04
0.996
1.04
1.06
0.944
0.988
1.044
1.044
1.08
1.016
1.036
0.944
0.944
0.9
0.824
0.856
0.888
0.86
1.092
1.072
0.972
0.98
0.984
0.892
0.86
1.059856
0.88
0.968
1.024
1.012
1.016
0.968
0.992
0.988
0.944
0.968
0.976
0.968
1.028
1.096
1.068
1.024
1.068
1.06
1
1.032
1.032
0.988
0.988
0.992
0.928
0.952
0.976
0.932
0.968
0.968
0.94
1.008
1
0.944
0.98
0.948
0.976
0.964
0.976
1.032
1.044
1.044
1.016
1.008
0.992
0.944
0.968
0.98
0.964
0.952
1.032
1.052
0.972
1
1.076
1.004
1.028
0.992
0.972
1.012
1.016
0.968
1.004
1.008
0.96
1.012
1.044
0.992
1.044
1.052
1.028
1.076
1.056
0.976
0.952
0.876
1.05743
1.06
1.049056
1.00991
0.9944631
1.14
1.168
1.128
1.084
1.124
1.14
1.112
1.108
1.104
1.06
1.08
1.088
1.056
1.108
1.12
1.084
1.112
1.132
1.104
1.112
1.076
1.024
1.004
0.988
1.032
1.092
1.08
1.108
1.072
1.024
1.048
1.064
1.036
1.092
1.06
1.048
1.088
1.08
1.064
1.092
1.072
1.032
1.024
1.016
0.98
1.072
1.172
1.148
1.164
1.132
1.012
0.908
0.9964736
0.9765829
1.007752
0.968
0.96
0.872
0.948
0.956
1.016
1.064
1.012
1
1.028
1.036
1.032
1.06
1.056
1.032
1.064
1.084
1.088
1.048
1.072
1.1
1.084
1.088
1.02
1.008
1.06
1.104
1.076
1.084
1.116
1.116
1.084
1.108
1.1
1.056
1.096
1.1
1.068
1.1
1.108
1.068
1.08
1.072
1.024
1.056
1.072
1.024
1.06
1.084
1.044
1.092
1.096
1.032
1.024
1.02
1
0.964
1.064
1.156
1.084
1.124
1.132
1.068
1.088
1.08
1.056
1.096
1.072
1.04
1.104
1.044
0.9
0.864
0.9504037
1.169438
0.856
1.10842
0.972
0.956
0.9601835
1.006208
1.002258
1.081835
1.026917
1.036
0.984
0.972
0.944
0.92
0.884
0.856
0.892
1.08
1.049461
1.192
1.156
1.104
1.108
1.116
1.088
1.084
1.08
1.072
1.084
1.096
1.112
1.1
1.096
1.092
1.084
1.076
1.092
1.08
1.076
1.052
1.06
1.052
0.996
1.012
1.04
0.988
1.036
1.04
0.944
0.892
0.924
1.004
0.976
1.072
1.04
1.032
1.088
1.052
1.044
1.036
0.968
0.992
1.012
1
1.012
1.06
1.056
1.032
1.06
1.024
0.988
1.012
0.996
0.936
1
1.036
1
1.052
0.948
0.944
0.96
0.94
0.864
0.88
0.948
1.012
1
1.104
1.108
1.048
1.068
1.112
1.044
1.052
1.088
1.088
1.096
1.128
1.108
1.104
1.1
1.06
1.096
1.12
1.104
1.124
1.112
1.08
1.1
1.064
1.036
1.076
1.044
1.024
1.076
1.08
1.088
1.08
1.02
0.992
1.028
1.032
1.016
1.064
1.048
1
1.036
1.024
0.988
1.028
1.028
1
1.036
1.016
0.988
1.036
1.064
1.02
1.048
1.012
0.964
1.036
1.048
1.012
1.08
1.096
1.06
1.084
1.096
1.04
1.048
1.06
1.068
1.108
1.092
1.048
1.092
1.088
1.024
1.056
1.072
1.008
1.048
1.06
1.028
0.936
0.904
0.956
1.088
1.116
1.044
1.1
1.104
1.032
1.044
1.032
0.98
1.012
1.052
1.024
1.064
1.08
1.028
1.08
1.076
1.012
1.048
1.06
1.032
1.096
1.088
1.02
1.044
1.024
0.968
1.06
1.112
1.08
1.144
1.116
1.06
1.076
1.044
1.044
1.068
1.064
1.008
1.044
1.064
1.024
1.044
1.04
0.988
1.02
1.072
1.016
1.076
1.068
0.996
1.044
1.056
0.988
1.036
1.08
1.036
1.048
1.048
1
1.048
1.064
1.02
1.092
1.112
1.096
1.128
1.12
1.076
1.096
1.06
1.032
1.1
1.116
1.056
1.108
1.084
1.012
1.036
1.064
1.016
1.104
1.148
1.088
1.116
1.088
1.048
1.084
1.06
1.036
1.088
1.06
1.032
1.056
1.036
1.016
1.072
1.04
1.044
1.076
1.032
1.06
1.108
1.044
1.072
1.116
1.108
1.116
1.12
1.052
1.092
1.092
1.04
1.08
1.12
1.12
1.204
1.192
1.14
1.124
1.092
1.048
1.092
1.112
1.096
1.156
1.148
1.104
1.096
1.1
1.088
1.132
1.1
1.056
1.088
1.1
1.068
1.116
1.04
0.936
0.976
1.068
1.052
1.112
1.108
1.068
1.096
1.072
1.04
1.076
1.052
1.024
1.084
1.024
1.02
1.092
1.088
1.08
1.124
1.108
1.044
0.948
0.992
1.136
1.16
1.08
1.116
1.108
1.06
1.1
1.092
1.06
1.044
1.008
1.012
1.068
1.084
1.104
1.136
1.16
1.124
1.108
1.072
1.068
1.088
1.064
1.12
1.156
1.08
1.068
1.06
1.012
1.088
1.116
1.064
1.12
1.104
1.024
1.056
1.048
1.004
1.032
1.056
1.016
1.072
1.104
1.028
1.056
1.116
1.088
1.1
1.088
1.016
1.052
1.064
1
1.04
1.084
1.044
1.108
1.124
1.068
1.108
1.06
1.044
1.08
1.052
1.004
1.048
0.98
0.892
1.049568
0.864
1.048612
1.138561
1.18
1.12
1.156
1.144
1.104
1.116
1.1
1.072
1.048
1.048
1.04
1.08
1.124
1.124
1.124
1.124
1.104
1.112
1.088
1.088
1.104
1.088
1.056
1.064
1.064
1.06
1.076
1.084
1.048
1.088
1.096
1.056
1.064
1.084
1.032
1.02
1.028
1.008
0.972
1.044
1.116
1.072
1.104
1.076
1.02
1.068
1.072
0.984
1.032
1.076
1.036
1.1
1.104
1.048
1.092
1.112
1.056
1.104
1.044
0.924
0.9
0.9
1.035718
1.14676
0.951362
1.204
1.1
1.08
1.096
1.064
1.04
1.052
1.048
0.996
1.012
1.04
1.012
1.052
1.084
1.092
1.1
1.048
0.976
0.92
0.888
0.9
1.132
1.136
1.076
1.044
1.052
1.02
1
1.024
1.044
1.028
1.036
0.932
0.932
0.892
1.086963
1.057573
0.904
1.044
1.028
0.984
0.972
0.968
0.948
0.964
1.016
1.052
1.016
1.084
1.104
1.1
1.032
1.04
1.036
0.984
1.072
1.112
1.032
1.08
1.12
1.076
1.096
1.132
1.052
1.08
1.112
1.06
1.116
1.1
1.036
1.08
0.964
0.916
0.988
1.088
1.024
1.072
1.064
0.94
0.908
0.956
1.072
1.06
1.108
1.156
1.12
1.112
1.072
0.948
0.872
1.061417
1.071801
1.184
1.028
1.076
1.12
1.112
1.064
1.048
1.004
0.928
0.96
0.996
1.092
1.056
1.136
1.124
0.952
0.92
0.952
0.956
0.892
1.014443
1.025166
0.9814222
1.088
1.012
0.924
0.952
0.992
1.036
1.032
0.94
0.968
0.944
1.004
1.064
1.048
1.032
0.988
0.94
0.868
0.976984
1.064592
0.888
1.016
1
1.02
0.988
0.996
1.1
1.184
1.204
1.176
1.164
1.14
1.104
1.128
1.156
1.168
1.096
1.072
1.104
1.176
1.032
1.024
1.072
1.164
1.084
0.952
0.896
0.888
0.968
0.904
0.88
0.9
1.06
1.08
1.104
1.068
1.08
1.036
1.004
0.96
0.988
1
1.032
0.98
1.032
1.08
1.08
1.06
1.06
1.032
0.988
0.952
0.98
0.996
0.984
0.98
1.028
1.056
1.016
1.068
1.044
0.98
0.972
0.864
1.070313
1.045079
1.100445
0.892
0.904
1
1.088
1.056
1.02
1.036
1.016
0.964
0.98
1.04
1.092
1.072
1.148
1.148
1.08
1.132
1.144
1.084
1.116
1.136
1.084
1.116
1.108
1.06
1.136
1.156
1.104
1.164
1.136
1.052
1.04
1.008
0.972
1.02
1.044
1.012
1.08
1.116
1.044
0.984
1.06
1.112
1.084
1.108
1.104
0.988
0.976
1.032
1.064
1.02
1.084
1.124
1.112
1.068
1.12
1.12
1.048
1.004
0.964
0.88
1.170458
0.852
0.904
0.94
0.928
0.968
1.016
0.988
0.936
0.936
0.972
1
0.968
1.068
1.116
1.06
1.084
1.108
1.084
1.112
1.128
1.084
1.04
0.968
0.864
0.856
0.952
1.056
1.036
1.092
1.056
1
1.044
1.052
1
1.036
1.108
1.096
1.08
1.148
1.14
1.072
1.084
1.072
1.024
1.064
1.076
1.028
1.088
1.1
1.028
1.056
1.096
1.016
1.056
1.06
0.976
1.02
1.04
1.004
1.084
1.088
1.06
1.128
1.092
1.08
1.128
1.06
1.048
1.06
1.012
1.072
1.144
1.076
1.14
1.148
1.08
1.108
1.06
0.98
0.996
1.068
1.096
1.212
1.184
1.148
1.188
1.148
1.128
1.14
1.104
1.064
1.068
1.028
1.024
1.084
1.08
1.076
1.136
1.128
1.068
1.1
1.104
1.036
1.068
1.088
1.056
1.052
1.072
1.064
1.028
1.068
1.08
1.028
1.048
1.072
1.068
1.056
1.084
1.096
1.032
1.064
0.948
0.86
1.002727
0.8867948
1.098057
0.9887034
0.876
0.94
1.072
1.056
1
1.02
1.036
0.984
1.004
1.024
1.008
1.044
1.128
1.156
1.148
1.216
1.152
1.12
1.136
1.108
1.084
1.124
1.112
1.092
1.112
1.124
1.076
1.096
1.1
1.072
1.136
1.128
1.096
1.128
1.116
1.072
1.096
1.076
1.008
1.052
1.136
1.096
1.168
1.168
1.108
1.156
1.14
1.108
1.152
1.092
1.02
1.056
0.968
0.86
0.9887807
0.876
1.098001
1.048
1.12
1.132
1.068
1.064
1.06
1.004
0.964
1.02
1.072
1.04
1.108
1.124
1.048
1.076
1.064
1.024
1.068
1.092
1.064
1.088
1.076
1.052
1.06
1.044
1
1.028
1.036
0.98
1.024
1.064
1.016
1.024
1.02
0.952
0.968
0.976
0.948
0.992
0.996
0.952
1.028
1.06
0.996
1.02
1.016
0.988
1.032
1
0.956
1.016
1.048
1.008
1.056
1.044
1.004
0.92
0.924
1.016
1.144
1.036
0.988
0.916
0.876
0.9
1.076
1.02
1.016
1.068
1.076
1.028
1.048
1.076
1.016
1.016
1.06
1.104
1.1
1.092
1.116
1.108
1.108
1.088
1.068
0.912
0.848
1.016145
0.852
1.112
0.904
0.9566268
1.046031
1.025657
1.034914
1.059142
1.010993
0.928
1.052
1.02
1.024
1.036
0.968
0.9
0.888
0.956
1.18
0.988
0.98
1.076189
1.192
1.18
1.192
1.164
1.14
1.092
1.084
1.068
0.932
0.892
0.848
0.924
1.16
1.084
1.196
1.2
1.152
1.108
1.104
1.112
1.056
1.08
1.108
1.108
1.052
1.112
1.088
1
1.04
1.06
1.084
1.04
1.112
1.092
1.036
1.088
1.092
1.024
1.056
1.084
1.08
1.004
1.032
1.064
0.98
0.94
0.94
0.948
0.976
0.952
1.02
1.156
1.128
1.152
1.184
1.108
1.084
1.076
1.028
0.968
1
1.088
0.972
1.02
1.16
1.136
1.1
1.096
1.012
0.996
1.012
1.088
1.076
1.156
1.156
1.068
1.092
1.092
0.976
1.036
1.064
1.024
1.092
1.076
0.932
0.916
1.024644
1.059886
1.10869
0.848
1.112
0.988
0.976
1.028
0.988
0.896
0.856
0.864
0.912
0.972
1.096
1.072
1.052
1.048
0.94
0.916
0.964
1.06
1.108
1.052
1.1
1.12
1.052
1.032
1.064
1.084
1.024
1.076
1.088
1.048
1.06
1.072
1.084
1.036
1.056
1.056
1.048
1.004
1.028
1.004
0.968
1.012
1.068
1.1
1.052
1.076
1.08
1.056
0.996
1.012
1.032
1.032
1.072
1.104
1.096
1.048
1.1
1.088
1.028
1.044
1.012
0.976
1
0.98
0.988
1.104
1.056
0.96
0.9
0.892
0.9
0.96
0.9
0.852
1.069553
1.021088
1.115143
0.88
0.928
0.952
1.10545
1.07713
1.057444
1.002255
0.856
1.129116
1.136
1.084
1.084
1.076
1.024
1.052
1.06
1.076
1.152
1.152
1.144
1.136
1.128
1.092
1.028
1.02
0.98
0.896
0.88
0.896
1.144
1.028
1.108
1.164
1.112
1.048
1
0.98
0.9
0.904
1.012
1.064
1.044
1.112
1.14
1.052
1.072
1.072
1.012
0.936
0.968
1.024
1.068
1.036
1.104
1.104
1.032
1.064
1.072
1.02
1.056
1.076
1.016
1.032
1.052
1.02
0.984
0.996
0.944
0.892
0.904
0.924
0.86
1.007751
1.185496
1.14382
0.94
1.056
0.968
1.052
1.108
1.076
1.044
1.06
1.044
1.028
1.084
1.104
1.084
1.156
1.188
1.16
1.16
0.968
0.904
0.868
1.032275
0.872
0.876
0.952
1.032
0.976
0.96
0.996
1.04
1.036
1.084
1.1
1.072
1.092
1.116
1.088
1.128
1.1
1.048
1.012
1.032
1.128
1.092
0.98
1.02
1.064
1.064
0.996
1.012
1.044
1.056
0.952
0.916
0.884
0.984
1.076
1.024
1.092
1.116
1.068
1.104
1.088
1.032
1.084
1.104
1.064
1.076
1.084
1.036
1.076
1.116
1.108
1.108
1.136
1.1
1.072
1.076
1.02
0.976
1.068
1.152
1.132
0.9847163
1.204
1.136
1.136
1.092
1.052
1.076
1.1
1.056
1.12
1.124
1.076
1.124
1.112
1.032
1.06
1.096
1.076
1.156
1.136
1.048
1.068
1.088
1.044
1.128
1.156
1.128
1.172
1.136
1.064
1.068
1.04
0.996
1.088
1.132
1.092
1.148
1.148
1.088
1.1
1.068
1.008
1.072
1.088
1.064
1.156
1.172
1.128
1.148
1.1
1.064
1.12
1.116
1.096
1.116
1.076
1.032
1.068
1.056
1.012
1.06
1.064
1.012
1.044
1.04
0.988
1.044
1.076
1.008
1.068
1.076
1.016
1.06
1.052
1.024
1.064
1.068
1
1.052
1.06
1.052
1.116
1.108
1.076
1.12
1.076
1.048
1.092
1.048
1.048
1.096
1.096
1.088
1.12
1.088
1.092
1.124
1.096
1.152
1.132
1.104
1.128
1.08
0.92
1.009983
1.071701
1.039662
1.033294
0.9948488
1.052698
1.005596
0.908
0.9494303
1.031573
1.114449
1.019256
1.094744
0.9529234
1.05257
1.08928
1.075429
1.063029
1.015513
0.868
0.972
1.008
1.072
1.092
1.092
1.116
1.124
1.104
1.128
1.104
1.072
1.092
1.108
1.096
1.156
1.172
1.092
1.136
1.124
1.028
1.076
1.092
1.008
1.12
1.152
1.052
1.128
1.128
1.092
1.168
1.16
1.124
1.168
1.104
1.068
1.104
1.076
1.076
1.148
1.144
1.16
1.164
1.08
1.088
1.092
1.02
1.072
1.096
1.052
1.108
1.136
1.02
0.952
0.964
0.96
0.964
0.964
1.144
1.184
1.108
1.128
1.124
1.06
1.064
1.072
1.036
1.092
1.112
1.06
1.084
1.1
1.08
1.076
1.12
1.148
1.112
1.128
1.116
1.108
1.152
1.152
1.096
1.104
1.104
1.072
1.132
1.148
1.112
1.16
1.132
1.08
1.132
1.116
1.076
1.14
1.116
1.104
1.144
1.1
1.084
1.132
1.072
0.96
0.992
1.108
1.08
1.096
1.128
1.12
0.94
0.896
1.007426
0.9963333
1.069138
0.876
0.928
0.908
0.904
0.972
0.924
0.984
1.02
1.052
1.044
1.1
1.1
1.052
1.1
1.112
1.104
1.128
1.168
1.136
1.108
1.124
1.001753
1.052
1.056
1.116
1.204
1.16
1.148
1.144
1.08
1.108
1.104
1.052
1.128
1.156
1.088
1.148
1.184
1.144
1.184
1.156
1.112
1.16
1.132
1.008
0.956
0.972
1
1.056
1.124
1.192
1.188
1.232
1.172
1.136
1.128
1.08
1.036
1.1
1.124
1.096
1.18
1.184
1.132
1.14
1.128
1.092
1.14
1.168
1.128
1.124
1.1
1.04
1.056
1.048
0.988
0.984
1.088
1.16
1.116
1.248
1.216
1.132
1.152
1.1
1.056
1.076
1.04
0.98
1.024
1.104
1.08
1.028
1.084
1.068
1.02
1.084
1.152
1.104
1.148
1.16
1.092
1.14
1.136
1.088
1.084
1.088
1.024
1.024
1.068
1.084
1.092
1.196
1.18
1.108
1.14
1.128
1.064
1.116
1.144
1.128
1.136
1.116
1.192
1.24
1.192
1.188
1.156
1.088
1.12
1.144
1.072
1.092
1.096
1.008
1.04
1.108
1.084
1.072
1.108
1.048
1.06
1.12
1.108
1.088
1.108
1.072
1.056
1.088
1.112
1.084
1.14
1.104
1.04
1.092
1.1
1.044
1.088
1.096
1.044
1.076
1.088
1.068
1.072
1.112
1.088
1.052
1.048
0.948
0.876
1.032875
1.047832
1.1817
1.022622
1.079194
1.016
1.056
1.04
0.896
1.069217
1.002948
1.059726
1.156363
1.093075
1.066935
1.037388
1
1.04
0.984
0.984
0.976
0.956
0.948
1.088
1.124
1.072
1.032
1.016
1.012
1.012
1.008
1.008
1.012
0.98
0.972
1.012
1.052
1.084
1.096
1.096
1.072
1.068
1.064
1.088
1.052
0.988
1.012
1.06
1.148
1.212
1.212
1.184
1.104
1.084
1.084
1.108
1.096
1.124
1.144
1.164
1.132
1.08
1.06
1.036
0.996
0.964
1.02
1.172
1.192
1.08
1.12
1.168
1.092
1.164
1.132
1.036
1.032
0.984
0.912
0.933201
1.136164
0.916
1.112
0.992
1.068
1.132
1.116
1.136
1.16
1.04
0.94
0.970571
1.110805
1.185292
0.9715244
1.108256
1.04677
0.9632306
0.9668538
0.9612755
1.029479
0.9701021
1.107085
0.9
0.988
0.996
0.992
0.984
0.984
0.972
0.968
0.992
1.004
1.024
0.996
1.052
1.072
1.04
1
0.984
1.028
1.044
1.128
1.14
1.1
1.14
1.116
1.08
1.104
1.08
0.996
1.024
1.1
1.04
1.116
1.16
1.104
1.18
1.12
1.06
1.084
1.08
1.02
1.044
0.984
0.944
1.032
1.088
1.056
1.132
1.16
1.084
1.092
1.084
1.024
1.06
1.088
1.016
1.024
0.976
0.98
0.972
0.936
0.892
0.904
1.012
1.052
0.996
1
0.96
0.972
0.944
0.992
1.072
1.156
1.164
1.184
1.184
1.164
1.164
1.12
1.064
1.076
1.08
1.052
1.072
1.14
1.124
1.124
1.14
1.108
1.06
1.096
1.152
1.12
1.168
1.172
1.136
1.18
1.104
0.972
1.028
1.18
1.156
1.152
1.016
0.956
0.928
0.896
1.06
1.036
1.048
1.052
0.992
0.98
0.964
0.952
0.956
1.056
1.148
1.112
1.184
1.128
1.088
1.104
1.1
1.008
1.06
1.132
1.144
1.224
1.212
1.164
1.176
1.152
1.1
1.112
1.08
1.084
1.136
1.104
1.104
1.12
1.08
1.036
1.084
1.104
1.096
1.168
1.132
1.008
0.956
0.948
0.968
1.032
1.144
1.16
1.108
1.156
1.104
1.044
1.052
1.068
1.048
1.136
1.144
1.14
1.216
1.192
1.148
1.2
1.156
1.152
1.164
1.108
1.06
1.104
1.092
1.024
1.004
1.008
0.992
1.116
1.12
1.052
1.084
1.028
0.976
1
1.032
1.06
1.2
1.224
1.184
1.192
1.152
1.096
1.12
1.04
0.944
0.892
1.193305
1
1.152
1.112
1.176
1.172
1.1
1.12
1.12
1.076
1.088
1.088
1.044
1.128
1.108
1.052
1.096
1.108
1.052
1.072
1.1
1.084
1.192
1.172
1.06
1.08
1.176
1.14
1.12
1.14
1.056
1.06
1.084
1.016
1.04
1.18
1.148
1.096
1.136
1.112
1.056
1.076
1.1
1.04
1.076
1.12
1.084
1.06
1.08
0.992
0.908
0.9786515
1.11093
0.884
1.168
1.088
0.988
0.928
0.888
0.916
0.936
0.876
0.896
0.976
1.016
0.996
0.948
0.936
0.908
0.916
0.896
0.944
1.02
1.028
1.052
1.072
1.084
0.98
0.932
0.912
0.96
0.964
1.028
1.088
1.1
1.096
1.048
1.084
1.084
1.072
1.08
1.08
1.04
1.04
1.044
1.02
1.08
1.104
1.036
0.972
0.952
0.976
0.928
0.98
1.108
1.084
1.176
1.164
1.092
1.14
1.068
1.084
1.128
1.108
1.096
1.056
0.992
1.088
1.208
1.2
1.2
1.16
1.16
1.172
1.132
1.12
1.132
1.092
1.088
1.092
1.044
1.024
0.944
0.948
0.968
0.952
0.908
0.876
1.112759
1.084958
0.876
1.056
0.916
0.904
0.968
1.012
1.008
1.032
1.06
1.04
0.992
1.052
1.12
1.144
1.2
1.212
1.176
1.16
1.088
1.04
1.056
1.036
1.044
1.008
1.064
1.152
1.136
1.112
1.112
1.084
1.008
1.008
1.02
1.096
1.072
1.08
1.072
0.952
0.92
0.884
1.001577
0.936
0.896
1.008
1.084
1.136
1.1
1.06
1.044
1.088
1.088
0.948
0.912
0.88
1.092
1.112
1.164
1.192
1.144
1.136
1.132
1.112
1.14
1.164
1.136
1.184
1.18
1.128
1.16
1.152
1.152
1.184
1.156
1.144
1.16
1.112
1.192
1.192
1.096
1.092
1.008
1.032
1.088
1.128
1.14
1.208
1.156
1.188
1.136
1.108
1.132
1.084
1.076
1.076
1.052
1.12
1.128
1.084
1.168
1.132
1.08
1.004
0.932
1.063552
0.884
1.076
1.048
1.08
1.124
1.08
1.084
1.096
1.04
1.048
1.068
1.008
1.032
1.06
1.088
1.144
1.216
1.196
1.18
1.212
1.16
1.152
1.156
1.108
1.144
1.156
1.164
1.188
1.164
1.06
1.044
1.024
1.004
1.092
1.112
1.104
1.168
1.12
1.144
1.164
1.188
1.212
1.128
1.044
1.052
1.076
1.036
1.152
1.176
1.14
1.16
1.108
1.108
1.124
1.112
1.14
1.164
1.132
1.084
1.036
0.94
0.96
1.004
1.032
1.008
1.072
1.108
1.06
1.12
1.124
1.056
1.08
1.084
1.044
1.084
1.1
1.076
1.08
1.096
1.068
1.076
1.088
1.036
1.084
1.06
0.98
0.992
1
0.972
1.064
1.132
1.052
1.132
1.124
1.1
1.02
1.108
1.008
0.908
0.928
0.916
0.952
0.996
0.964
0.964
0.908
1.064452
1.118305
1.058771
1.144878
0.932
1.004
1.036
1.052
0.936
0.912
1.059355
1.150422
0.964
1.008
0.976
1.048
1.096
1.096
0.98
0.896
1.017205
1.003838
1.290837
1.024
1.024
0.948
1.036
1.1
1.136
1.152
1.164
1.148
1.132
1.108
1.148
1.144
1.16
1.184
1.22
1.212
1.192
1.172
1.08
0.936
1.059387
1.105053
1.126706
1.055379
1.119251
1.064
1.088
1.052
0.924
1.110277
1.073123
1.091108
1.08487
1.22281
0.98
1.040077
1.128
1.272
1.017768
1.276
1.212
1.156
1.132
1.136
1.152
1.18
1.224
1.216
1.18
1.184
1.224
1.224
1.14
1.18
1.212
1.256
1.224
1.188
1.208
1.216
1.196
1.168
1.148
1.156
1.152
1.184
1.2
1.232
1.188
1.18
1.12
1.008
1.024
1.104
1.172
1.064
1.176
1.18
1.08
1.1
1.116
1.128
1.116
1.168
1.128
1.128
1.124
1.036
1.04
1.024
1.016
1.088
1.168
1.124
1.172
1.176
1.116
1.136
1.12
1.044
1.056
1.064
1.028
1.072
1.112
1.06
1.104
1.136
1.092
1.108
1.068
0.96
0.908
1.098989
1.02
0.96
1.044
1.076
1.076
1.116
1.112
1.092
1.144
1.132
1.092
1.14
1.116
1.08
1.148
1.12
1.096
1.136
1.056
1.052
1.028
1.008
0.936
0.98
1.016
0.988
0.968
0.928
0.956
1.028
1.14
1.12
1.132
1.132
1.076
1.088
1.076
1.016
1.092
1.148
1.092
1.092
1.04
1.088
1.144
1.056
1.128
1.16
1.124
1.196
1.188
1.14
1.144
1.096
1.072
1.14
1.188
1.136
1.188
1.18
1.136
1.2
1.196
1.136
1.168
1.108
1.048
0.988
0.932
1.124487
1.1
1.13271
1.176
1.208
1.136
1.116
1.164
1.164
1.124
1.152
1.16
1.132
1.208
1.2
1.144
1.164
1.18
1.156
1.196
1.2
1.132
1.196
1.228
1.168
1.192
1.2
1.14
1.16
1.18
1.144
1.196
1.176
1.168
1.116
1.124
1.124
1.148
1.116
1.124
1.18
1.096
1.148
1.2
1.132
1.18
1.16
1.112
1.144
1.124
1.104
1.128
1.096
1.112
1.184
1.116
1.116
1.148
1.132
1.176
1.152
1.096
1.156
1.148
1.06
1.12
1.068
1.08
1.12
1.076
1.144
1.12
1.064
1.096
1.088
1.08
1.112
1.112
1.152
1.176
1.112
1.14
1.116
1.084
1.14
1.156
1.096
1.16
1.144
1.096
1.128
1.096
1.104
1.096
1.02
1.052
1.1
1.1
1.228
1.228
1.18
1.24
1.18
1.172
1.204
1.164
1.148
1.204
1.18
1.176
1.228
1.212
1.16
1.14
1.076
0.992
1.024
1.064
1.04
1.148
1.148
1.112
1.168
1.112
1.12
1.132
1.084
1.128
1.088
1.052
1.128
1.128
1.056
1.1
1.096
1.08
1.104
1.048
1.024
1.064
1.036
1.044
1.088
1.028
1.064
1.084
1.064
1.216
1.188
1.152
1.148
1.08
1.096
1.092
1.108
1.128
1.04
1.028
1.068
1.048
1.18
1.204
1.144
1.184
1.08
1.104
1.168
1.124
1.108
1.108
1.06
1.104
1.124
1.112
1.152
1.168
1.188
1.196
1.18
1.208
1.196
1.112
1.152
1.148
1.168
1.184
1.172
1.192
1.192
1.148
1.208
1.18
1.112
1.012
1.086623
1.048099
1.196435
1.093667
1.060822
1.100967
1.103496
1.18685
1.121537
1.164236
1.084379
1.129908
1.095576
1.122334
1.059265
1.032816
1.243708
1.154722
1.036703
1.077534
1.040955
1.2
1.164
1.184
1.172
1.148
1.132
1.18
1.164
1.116
1.12
1.156
1.18
1.228
1.204
1.18
1.156
1.148
1.148
1.152
1.172
1.22
1.196
1.22
1.192
1.168
1.088
1.08
1.108
1.168
1.236
1.28
1.18
1.176
1.257311
0.948
1.200823
1.100271
0.968
1.192
1.06
1.144
1.132
1.132
1.144
1.088
1.124
1.14
1.14
1.184
1.176
1.128
1.156
1.152
1.204
1.144
1.072
1.088
1.156
1.2
1.22
1.232
1.212
1.184
1.168
1.104
1.124
1.132
1.092
1.152
1.164
1.12
1.156
1.156
1.084
1.084
0.996
0.952
1.004
1.156
1.096
1.156
1.144
1.124
1.144
1.112
1.132
1.132
1.076
1.16
1.196
1.128
1.148
0.992
1.024
0.956
1.150019
1.088918
1.084906
1.064929
1.077227
1.220294
1.111547
1.06
1.024
1.052
1.076
1.032
0.98
0.992
1.008
1.028
1.2
1.228
1.24
1.248
1.236
1.228
1.232
1.188
1.108
1.156
1.168
1.152
1.208
1.196
1.184
1.212
1.172
1.18
1.172
1.06
1.108
1.116
1.088
1.152
1.116
1.168
1.176
1.108
1.128
1.148
1.112
1.152
1.096
1.096
1.144
1.08
1.16
1.176
1.132
1.164
1.124
1.112
1.156
1.132
1.172
1.176
1.136
1.196
1.14
1.172
1.18
1.112
1.184
1.18
1.18
1.212
1.18
1.236
1.184
1.148
1.164
1.12
1.128
1.132
1.064
1.112
1.128
1.108
1.132
1.144
1.136
1.16
1.136
1.16
1.152
1.108
1.14
1.112
1.092
1.156
1.144
1.116
1.172
1.176
1.148
1.16
1.124
1.144
1.184
1.1
1.104
1.132
1.124
1.2
1.188
1.164
1.2
1.148
1.216
1.24
1.168
1.172
1.128
1.092
1.18
1.208
1.196
1.236
1.216
1.216
1.204
1.184
1.192
1.196
1.116
1.092
1.111509
1.044
1.104
1.12
1.06
1.036
1.056
1.076
1.028
1.068
1.104
1.036
1.08
1.136
1.144
1.16
1.124
1.036
1.02
1.168
1.248
1.164
1.18
1.184
1.124
1.156
1.116
1.084
1.076
1.112
1.06
1.092
1.116
1.08
1.06
1.088
1.072
1.06
1.096
1.112
1.088
1.148
1.148
1.104
1.132
1.116
1.072
1.116
1.028
0.996
1.052
1.064
1.048
1.112
1.096
1.06
1.092
1.08
1.064
1.104
1.072
1.048
1.076
1.076
1.028
1.072
1.084
1.06
1.164
1.148
1.116
1.164
1.132
1.096
1.14
1.092
1.072
1.124
1.096
1.072
1.092
1.04
1.044
1.12
1.156
1.112
1.164
1.148
1.088
1.072
0.984
0.972
1.072
1.148
1.176
1.28
1.184
1.18
1.148
1.072
1.112
1.072
1.056
1.152
1.148
1.12
1.176
1.104
1.144
1.148
1.108
1.168
1.144
1.116
1.14
1.036
0.92
1.110514
1.173424
1.061848
1.092
1.024
0.968
1.044
1.068
0.996
1.036
1.06
1.06
1.004
1.012
1.028
1.044
1.056
1.048
1.056
1.08
1.088
1.108
1.124
1.1
1.088
1.072
1.028
1.06
1.096
1.132
1.036
1.016
1.064
1.092
1.096
1.096
1.096
1.08
1.02
1.032
1.04
1.06
1.056
1.116
1.1
1.108
1.104
1.132
1.096
1.048
1.128
1.184
1.124
1.112
1.144
1.088
1.072
1.14
1.096
1.084
1.06
0.956
0.928
1.024327
0.9
1.194197
0.908
1.059058
1.040988
0.928
0.948
0.988
1
1.004
1.08
1.088
1.016
1.068
1.084
0.964
0.972
0.912
1.006953
1.003778
1.048997
1.124891
1.15616
1.130436
0.928
0.964
0.996
1.012
1.008
0.988
0.944
0.948
0.972
1
1.024
1.04
1.028
1.048
1.068
1.144
1.152
1.156
1.156
1.156
1.184
1.06
1.012
1.02
1.096
1.188
1.136
1.116
1.176
1.188
1.16
1.14
1.12
1.088
1.04
0.996
1.048
1.136
1.172
1.152
1.096
1.112
1.128
1.164
1.128
1.132
1.124
1.108
1.068
1.104
1.132
1.168
1.156
1.124
1.176
1.164
1.112
1.12
1.116
1.092
1.124
1.024
1
1.06
1.088
1.056
1.124
1.148
1.104
1.148
1.104
1.072
1.104
1.096
1.076
1.104
1.092
1.1
1.136
1.096
1.056
1.108
1.108
1.08
1.12
1.132
1.1
1.172
1.172
1.128
1.16
1.156
1.092
1.116
1.104
1.044
0.996
0.964
1.048
1.256
1.059816
1.216
1.184
1.188
1.192
1.168
1.16
1.18
1.2
1.188
1.192
1.2
1.176
1.132
1.08
1.076
1.152
1.216
1.196
1.128
1.156
1.16
1.024
1
1.004
0.988
0.968
1.086978
1.038266
1.037471
1.139588
1.018472
1.207854
0.968
0.992
1.032
1.048
0.996
1.012
1.048
1.032
0.988
0.956
1.012
1.056
1.128
1
1
1.108
1.104
1.064
1.108
1.172
1.172
1.128
1.14
1.132
1.108
1.18
1.077821
1.09727
1.24
1.228
1.26
1.248
1.24
1.216
1.204
1.152
1.156
1.2
1.224
1.18
1.188
1.24
1.224
1.132
1.148
1.188
1.132
1.072
1.056
1.104
1.092
1.1
1.156
1.136
1.076
1.092
1.136
0.98
0.936
1.037176
0.924
1.047688
1.000376
1.072691
1.111084
1.105075
1.034612
1.034187
1.052471
0.908
0.952
0.964
0.956
0.952
0.952
0.952
0.944
0.924
0.92
0.94
0.98
0.984
1.06
1.116
1.14
1.16
1.128
1.048
0.968
0.936
1.04
1.184
1.192
1.192
1.18
1.112
1.14
1.136
1.104
1.16
1.168
1.136
1.172
1.148
1.096
1.124
1.084
1.032
1.1
1.208
1.144
1.22
1.196
1.188
1.236
1.16
1.168
1.164
1.112
1.144
1.1
1.12
1.148
1.092
1.128
1.156
1.108
1.188
1.148
1.096
1.148
1.028
1
1.024
0.976
0.948
1.024
1.112
1.104
1.124
1.16
1.128
1.052
1.128
1.14
1.148
1.188
1.156
1.124
1.104
1.14
1.144
1.228
1.228
1.152
1.176
1.16
1.1
1.124
1.192
1.168
1.188
1.18
1.148
1.156
1.16
1.136
1.092
0.98
0.988
1.028
1.056
0.936
1.185549
1.01781
1.079011
0.92
1.184
1.076
1.136
1.152
1.136
1.12
1.016
0.916
1.212952
1.085388
1.005279
1.04972
1.123176
1.068427
1.056693
0.964
1.084
1.056
1.028
1.032
1.008
0.968
0.964
1.028
1.164
1.144
1.228
1.232
1.1
1.008
0.98
1.012
0.976
1.04
1.092
1.1
1.08
1.08
1.068
1.032
0.976
0.944
1.004
1.128
1.18
1.14
1.064
1.02
0.92
1.075982
0.924
0.916
1.152
1.056
0.996
1.108
1.188
1.124
1.12
1.128
1.06
0.976
0.996
0.992
1.028
0.928
1.106521
1.202815
1.095445
1.170153
0.912
1.141805
1.094524
1.004226
0.92
0.924
1.02
1.084
1.152
1.16
1.128
1.06
1.108
1.056
1.016
1.124
1.208
1.188
1.092
1.108
1.14
1.176
1.116
1.128
1.084
1.008
0.992
1.024
1.04
1.148
1.168
0.996
0.956
1.004
1.124
1.2
1.192
1.176
1.132
1.072
1.096
1.112
1.208
1.216
1.075407
1.07755
1.111932
1.26
1.216
1.192
1.132
1.084
1.1
1.024
1.02
1.176
1.193258
1.26
1.292
1.244
1.196
1.212
1.2
1.144
1.152
1.2
1.176
1.236
1.256
1.204
1.256
1.208
1.152
1.128
1.136
1.072
1.128
1.22
1.18
1.18
1.096
1.008
1.036
1.084
1.26
1.260111
1.244
1.268
1.228
1.148
1.168
1.172
1.14
1.168
1.136
1.004
0.948
1.213704
1.106651
1.003252
1.076
1.076
1.128
1.108
1.052
1.076
1.068
1.004
1.048
1.108
1.128
1.232
1.208
1.168
1.26
1.216
1.22
1.248
1.192
1.136
1.176
1.212
1.156
1.228
1.216
1.188
1.228
1.168
1.176
1.172
1.128
1.2
1.192
1.136
1.168
1.168
1.128
1.176
1.18
1.132
1.164
1.176
1.18
1.236
1.228
1.16
1.22
1.196
1.204
1.224
1.156
1.132
1.232
1.228
1.216
1.228
1.176
1.124
1.148
1.144
1.132
1.18
1.172
1.16
1.192
1.148
1.112
1.144
1.136
1.14
1.204
1.14
1.124
1.108
1.044
1.016
1.188
1.188
1.156
1.212
1.14
1.148
1.132
1.064
1.144
1.2
1.148
1.204
1.164
1.14
1.228
1.192
1.164
1.208
1.156
1.168
1.2
1.14
1.18
1.18
1.148
1.208
1.164
1.156
1.212
1.176
1.172
1.156
1.108
1.168
1.212
1.188
1.228
1.196
1.184
1.192
1.128
1.132
1.12
1.02
1.02
1.164
1.204
1.204
1.22
1.152
1.176
1.136
1.12
1.14
1.1
1.124
1.22
1.244
1.256
1.224
1.228
1.244
1.18
1.192
1.052
0.96
0.96
0.96
1.016
1.004
0.948
1.113428
1.068
1.132
1.164
1.18
1.124
1.132
1.16
1.136
1.184
1.188
1.148
1.204
1.236
1.204
1.216
1.212
1.2
1.208
1.204
1.188
1.212
1.18
1.208
1.204
1.164
1.176
1.164
1.144
1.184
1.152
1.136
1.152
1.096
1.176
1.168
1.148
1.208
1.116
1.136
1.128
1.096
1.152
1.096
1.112
1.188
1.136
1.184
1.148
1.132
1.136
1.116
1.196
1.188
1.16
1.176
1.124
1.156
1.14
1.096
1.172
1.152
1.12
1.132
1.104
1.156
1.196
1.148
1.196
1.14
1.148
1.1
0.972
0.964
1.150416
1.198594
1.206085
1.188349
1.012
1.02
0.984
0.984
1.032
1.04
1
1.016
1.012
1
1.092
1.18
1.164
1.212
1.216
1.236
1.276
1.156
1.156
1.184
1.148
1.236
1.208
1.18
1.204
1.18
1.188
1.212
1.148
1.204
1.18
1.136
1.192
1.14
1.164
1.204
1.128
1.228
1.208
1.16
1.204
1.152
1.144
1.18
1.116
1.136
1.164
1.072
1.124
1.124
1.036
1.054123
1.197162
1.114479
1.154026
1.088
1.147513
1.169991
0.98
1.012
1.04
1.024
0.98
0.972
1.028
1.096
1.06
1.1
1.124
1.04
1.064
1.124
1.14
1.136
1.236
1.228
1.168
1.156
1.164
1.14
1.068
1.064
1.132
1.184
1.152
1.172
1.172
1.148
1.168
1.156
1.136
1.148
1.168
1.144
1.104
1.136
1.164
1.128
1.16
1.152
1.092
1.128
1.16
1.136
1.2
1.2
1.148
1.164
1.156
1.08
1.144
1.148
1.088
1.184
1.112
1.132
1.2
1.1
1.172
1.156
1.152
1.208
1.12
1.132
1.108
1.072
1.14
1.12
1.1
1.096
1.04
1.028
1.144
1.2
1.196
1.272
1.22
1.2
1.208
1.184
1.156
1.168
1.164
1.132
1.108
1.096
1.08
1.168
1.236
1.2
1.26
1.228
1.212
1.172
1.108
1.112
1.168
1.18
1.22
1.276
1.212
1.224
1.192
1.132
1.172
1.164
1.088
1.052
1.096
1.132
1.14
1.22
1.192
1.128
1.144
1.16
1.152
1.124
1.196
1.196
1.12
1.092
1.14
1.116
1.184
1.276
1.284
1.204
1.208
1.196
1.14
1.148
1.208
1.212
1.22
1.184
1.056
1.076
1.22
1.14
1.12
1.224
1.204
1.148
1.192
1.14
1.104
1.152
1.112
1.104
1.136
1.104
1.064
1.124
1.092
1.036
1.072
1.08
1.048
1.104
1.176
1.148
1.24
1.232
1.196
1.232
1.204
1.2
1.196
1.192
1.144
1.168
1.208
1.176
1.168
1.188
1.22
1.188
1.136
1.164
1.184
1.204
1.28
1.248
1.204
1.148
1.192
1.232
1.232
1.24
1.232
1.192
1.212
1.2
1.148
1.164
1.18
1.096
1.096
1.272
1.144
1.236
1.256
1.128
1.228
1.144
1.088
1.164
1.092
1.064
1.136
1.092
1.072
1.12
1.092
1.076
1.152
1.14
1.116
1.16
1.144
1.096
1.14
1.164
1.148
1.128
1.176
1.188
1.116
1.068
1.128
1.3
1.120951
1.012941
1.166028
1.292
1.26
1.26
1.228
1.204
1.132
1.124
1.196
1.204
1.212
1.244
1.18
1.224
1.22
1.152
1.176
1.164
1.116
1.156
1.172
1.108
1.152
1.128
1.1
1.1
1.1
1.104
1.112
1.14
1.116
1.152
1.164
1.108
1.156
1.14
1.104
1.132
1.136
1.128
1.172
1.172
1.148
1.096
1.136
1.14
1.12
1.184
1.22
1.184
1.096
1.092
1.16
1.096
1.144
1.252
1.14
1.164
1.184
1.092
1.196
1.148
1.092
1.18
1.104
1.092
1.196
1.092
1.096
1.128
1.08
1.144
1.128
1.064
1.116
1.096
1.056
1.096
1.112
1.08
1.128
1.14
1.1
1.128
1.14
1.144
1.164
1.156
1.108
1.136
1.16
1.128
1.16
1.152
1.072
1.088
1.128
1.124
1.18
1.188
1.128
1.14
1.2
1.164
1.144
1.16
1.108
1.084
1.14
1.144
1.116
1.144
1.12
1.084
1.108
1.14
1.096
1.148
1.172
1.14
1.168
1.184
1.124
1.048
1.036
1.136
1.18
1.256
1.284
1.2
1.196
1.128
1.02
1.08
1.188
1.136
1.14
1.072
0.956
1.124274
1.082631
1.106992
1.107901
1.113342
1.203741
1.085082
1.109653
0.936
0.96
0.968
0.924
0.96
0.992
1.02
1
0.992
0.964
1.172241
1.164853
1.17055
1.060629
1.224972
1.092
1.072
1.124
1.152
1.096
1.12
1.1
1.044
1.064
1.108
1.092
1.136
1.168
1.148
1.168
1.148
1.024
1.044
1.068
1.072
1.084
1.18
1.168
1.124
1.224
1.176
1.096
1.104
1.104
1.1
1.196
1.164
1.124
1.164
1.152
1.104
1.16
1.136
1.06
1.076
1.06
0.956
1.096632
1.211258
1.00603
1.093358
1.171572
1.046187
1.043679
1.031712
1.024326
1.063428
1.112283
0.9626596
1.104441
1.169635
0.98
1.056
1.008
1.06
1.096
1.068
1.044
1.04
1.056
1.1
1.148
1.148
1.168
1.184
1.1
1.064
1.112
1.116
1.112
1.168
1.2
1.132
1.164
1.14
1.076
1.1
1.084
1.012
1.052
1.112
1.08
1.128
1.144
1.084
1.068
1.084
1.096
1.06
0.98
0.916
1.215563
0.924
1.048
1
0.996
1.044
1.084
1.064
1.012
0.964
0.924
1.167221
0.976
0.972
1.088
1.136
1.104
1.12
1.144
1.116
1.112
1.144
1.088
1.1
1.184
1.172
1.092
1.188
1.204
1.072
1.02
0.996
0.96
0.896
1.129571
0.9711372
0.96
0.936
0.988
1.004
0.952
0.908
0.924
0.924
1.041706
0.952
1.028
1.024
0.924
0.944
0.936
0.892
0.9
0.908
0.892
1.056198
1.123354
1.071646
0.9980247
1.185497
1.076
1.036
1.052
1.076
1.1
1.092
1.112
1.112
1.088
1.12
1.14
1.072
1.076
1.108
1.076
1.156
1.144
1.136
1.164
1.112
1.096
1.104
1.044
1.028
1.028
0.968
0.956
1.032
1.104
0.956
0.888
1.132171
1.089086
1.151472
0.9883646
1.115699
1.040119
1.116909
1.069323
1.113421
1.158077
1.073287
1.137557
0.9968149
1.026445
1.169154
1.096243
0.9412463
0.9849853
0.94
1.02
1.008
0.996
0.988
0.992
1.02
0.96
1.056
1.104
1.048
1.14
1.168
1.152
1.124
1.088
1.032
1.04
1.076
1.128
1.096
1.14
1.132
1.044
1.1
1.124
1.06
1.152
1.136
1.148
1.208
1.152
1.164
1.084
1.184
1.24
1.132
1.084
0.996
1.012
1.04
0.96
0.932
0.968
0.984
1.024
1.096
1.052
0.932
0.916
0.88
1.052271
1.064
0.996
1.06
1.124
1.088
1.112
1.08
1.016
0.984
1.036
1.152
1.188
1.124
1.144
1.168
1.128
1.104
1.144
1.156
1.064
0.992
1.056
1.117107
1.055288
1.192
1.124
1.14
1.176
1.164
1.12
1.18
1.192
1.18
1.2
1.204
1.18
1.16
1.12
0.972
0.932
1.008
1.044
1.098931
1.224
1.208
1.228
1.204
1.192
1.18
1.124
1.16
1.152
1.14
1.228
1.176
1.156
1.188
1.136
1.128
1.104
1.048
1.1
1.12
1.08
1.144
1.14
1.104
1.132
1.128
1.104
1.136
1.1
1.056
0.988
1.056
1.112
1.072
1.22
1.14
1.124
1.16
1.072
1.104
1.104
1.064
1.12
1.064
1.064
1.136
1.112
1.088
1.128
1.096
1.072
1.072
1.016
0.984
0.992
1
1.004
1.056
1.052
1.068
1.12
1.068
1.076
1.088
1.036
1.092
1.08
1.028
1.052
1.044
1.028
1.06
0.944
0.9
1.109735
1.154983
1.051896
0.924
0.98
0.888
1.044451
0.935869
1.053816
1.010894
0.856
0.9849796
1.035458
0.892
0.956
1.004
1.016
1.076
1.096
1.076
1.088
1.084
1.096
1.044
1.08
1.116
1.136
1.184
1.172
1.084
1.112
1.092
1.032
0.976
1.024
1.128
1.148
1.1
1.16
1.164
1.092
1.124
1.116
1.08
1.168
1.172
1.1
1.112
1.064
1.032
1.104
1.144
1.072
1.096
1.168
1.116
1.152
1.184
1.128
1.128
1.136
1.104
1.092
1.128
1.124
1.12
1.148
1.144
1.116
1.144
1.14
1.108
1.132
1.152
1.128
1.136
1.116
1.032
0.944
0.94
0.96
0.988
1.048
1.168
1.14
1.148
1.164
1.084
1.06
1.068
1.024
1.088
1.092
0.984
1.012
1.04
1.016
1.12
1.176
1.108
1.176
1.152
1.124
1.12
1.076
1.064
1.092
1.096
1.084
1.116
1.084
1.076
1.104
1.068
1.084
1.132
1.1
1.096
1.124
1.08
1.108
1.128
1.076
1.12
1.152
1.068
1.1
1.108
1.056
1.124
1.14
1.084
1.112
1.088
1.076
1.14
1.116
1.064
1.136
1.1
1.032
1.044
1.068
1.012
1.076
1.124
1.08
1.128
1.1
1.044
1.052
1.052
1
1.012
1.02
0.996
1.024
1.056
1.048
1.1
1.136
1.076
1.124
1.116
1.044
0.948
0.872
1.090981
0.8991323
0.998789
1.033329
0.9688289
1.046918
1.051729
1.023267
0.8680598
1.189023
1.011895
1.066359
1.042171
1.089905
1.076578
1.010955
1.048302
0.856
0.9636724
1.148
1.132
1.164
1.164
1.148
1.076
1.144
1.164
1.1
1.156
1.077114
1.156
1.16
1.212
1.192
1.096
0.984
0.9921807
1.175488
0.872
0.9159298
0.956
0.948
0.956
0.92
0.856
0.9908008
1.072856
1.052628
0.9824027
0.836
0.868
0.976
0.964
0.952
0.924
0.864
0.828
0.955239
1.027852
1.017596
0.904257
1.020442
1.030231
1.124
0.956
0.948
0.948
1.104
1.192
1.152
1.116
0.98
0.884
0.844
0.888
0.968
1.168
1.072
1
0.992
1.044
1.08
1.056
