1.152
0.952
1.012
1.016
0.904
0.856
0.888
0.928
0.896
0.872
0.828
0.856
0.892
0.828
0.772
0.792
0.888
0.812
0.904
1.096
1.088
0.996
0.916
0.916
0.932
0.88
0.776
0.752
0.736
0.9056982
0.752
0.764
0.788
0.8
0.772
0.728
0.9312938
1.063654
0.9538509
0.9583629
1.075714
0.784
0.836
0.884
0.932
0.956
0.832
0.848
0.88
0.936
0.98
0.976
0.868
0.84
0.92
1.044
1.084
0.968
0.916
1.024
1.08
1.072
0.912
0.916
0.96
1.056
1.064
0.92
0.948
1.092
1.096
1.088
0.92
0.896
0.888
0.928
0.868
0.752
0.76
0.748
0.884
1.12
0.992
0.9
0.816
0.82
0.816
0.832
0.768
0.788
0.9
0.972
0.908
0.932
0.948
0.972
0.924
0.888
0.832
0.848
0.888
0.88
0.968
1.048
1.068
1.056
1.02
0.984
0.956
0.992
0.984
0.884
0.872
0.956
1.08
1.04
0.92
0.864
0.924
1.036
1.028
0.98
0.984
0.984
0.916
0.82
0.82
0.872
0.84
0.892
1.128
1.104
1.088
1.04
0.9
0.872
0.98
1.092
1.092
1.02
0.968
1.072
1.124
1.108
1.092
1.064
1.068
1.092
1.052
1.012
1.004
1.004
0.932
0.964
1.04
1.08
1.036
1.06
1.048
0.94
0.94
1.008
0.984
0.952
1.044
1.068
0.944
0.96
1.084
1.088
1.02
1.044
1.048
1
1.048
1.048
0.94
0.968
1.04
1.088
0.996
1.016
1.036
1.028
0.96
0.996
1.04
0.92
0.964
1.004
0.98
0.9
0.96
1.008
0.96
0.928
1.032
1.08
1.008
0.916
0.972
1.028
1.016
0.908
0.948
1.032
1.048
0.956
0.92
0.988
1.044
1.012
0.916
0.992
1.056
1.044
0.944
0.984
1.032
1.028
1.004
0.912
0.988
1.052
1.056
0.924
0.956
1.064
1.08
0.916
0.828
0.816
1.010161
1.164
1.044
1.032
1.116
1.092
1.092
0.972
0.96
0.988
1
1.008
1.044
1.032
0.976
1.004
1.008
0.96
1.044
1.044
0.952
0.972
1.044
0.952
0.972
1.112
1.088
0.992
1.064
1.06
1
0.952
0.984
1.044
0.996
0.892
0.956
1.12
1.024
0.976
1.092
1.112
0.984
0.976
1.048
1.072
1.056
0.98
1.004
1.052
1.072
0.964
1.024
1.08
1.06
0.952
0.972
1.048
1.04
0.96
1.044
1.076
1.06
1.02
1.028
1.04
0.992
1.064
0.996
0.9
0.868
0.92
1.072
1.028
0.976
1.044
1.032
1.024
1.012
1.008
1.012
0.988
0.84
0.844
0.896
1.02
1.024
0.944
0.984
1.064
1.044
0.936
0.88
0.948
1.084
1.04
0.892
0.864
0.796
0.808
1.092
1.068
1.012
1.08
1.108
1.096
1.016
0.984
1.02
1.044
0.992
0.912
0.932
0.984
0.94
1.04
1.048
0.964
1.016
1.068
1.056
0.932
0.976
1.052
1
0.912
1.06
1.112
1.004
1.052
1.096
1.068
1.052
1.088
1.056
1.004
1.068
1.056
0.952
1.032
1.072
1.024
1.044
1.028
0.916
0.948
1.036
1.052
0.96
0.984
1.04
1.036
0.98
1.036
1.064
1.016
1.044
1.04
0.976
0.996
0.984
0.884
0.94
1.088
1.02
0.96
1.036
1.06
0.956
0.968
0.988
0.948
0.864
0.94
1.068
0.964
0.972
1.048
1.068
0.972
1.024
1.028
1.008
1.024
1.028
0.984
1.02
1.048
1.036
1.044
0.996
0.988
1
0.972
0.864
0.872
0.96
0.988
0.956
1
1.012
0.892
0.944
1.032
0.984
1.064
1.072
0.976
1.024
1.064
0.98
0.972
0.996
0.96
0.996
1.028
0.948
0.984
1.048
0.952
0.988
1.036
0.952
0.964
1.016
0.884
0.896
1.052
1.096
0.956
0.968
1.092
1.092
1.08
0.968
0.94
1.012
1.056
0.9017425
1.168
1.092
0.912
0.832
1.024
1.164
1.12
1.088
1.06
1.028
1.056
1.068
1.048
1.012
0.9451533
0.976
1.044
0.936
0.92
1.04
1.092
1.048
1
1.04
1.044
1.004
1.056
1.052
0.992
1.044
1.064
1.068
0.96
0.94
0.98
1.072
0.948
1.004
1.12
1.088
0.984
1.036
1.044
1.036
1.02
0.968
0.908
0.828
0.824
0.868
1.02
0.94
1.02
0.976
0.952
1.016
1.008
1.004
0.964
0.852
0.812
0.864
0.836
0.932
1.1
1.08
0.964
0.9
0.94
1
1.044
1.064
0.944
1.012
1.072
1.068
1.04
1.052
0.984
1.012
1.032
0.94
0.892
0.976
1.068
1.08
1.004
0.936
0.964
0.996
0.944
1.008
1.068
1.04
0.932
1.004
1.096
1.052
1.028
0.96
1.036
1.048
1.004
0.968
1.012
1.012
0.932
0.892
0.968
1.036
1.048
0.936
0.968
1.028
1.044
0.984
1.008
1.036
0.92
0.972
1.06
1.06
1.008
1.004
1.016
1.008
0.936
0.988
1.044
1.004
1.004
0.968
0.928
0.968
1.048
0.964
1.012
1.028
0.972
1.064
1.08
0.964
0.988
1.064
1.052
0.976
1.02
1.028
0.944
0.892
0.928
1.048
1.008
1.052
1.044
1.06
0.988
0.972
0.972
1.024
0.932
0.912
0.916
0.936
0.868
0.852
0.896
1.008
1.04
0.936
0.916
0.96
1.012
1.048
1.004
0.972
0.932
0.96
1.024
0.896
0.812
0.832
0.84
1.028
1.136
1.024
1.116
1.1
0.996
0.996
1
0.924
0.848
0.84
0.908
0.812
0.872
1.092
1.088
0.98
1.012
1.068
1.076
1.048
0.98
1.028
1.032
0.984
1.052
1.092
1
1.056
1.08
1.072
0.988
1.012
1.048
0.996
1.044
1.052
0.992
0.976
1.016
1.056
1
0.988
1.052
1.08
1.004
0.936
0.98
1.024
1.008
0.924
0.976
1.048
1.016
0.912
0.976
1.06
1.084
1.06
0.984
1.032
1.052
0.948
0.972
1
1.064
1.036
1.012
1.072
1.084
0.996
0.996
1.012
1
0.936
1.02
1.048
1.012
1.016
1.004
1
0.9
0.876
0.94
1.044
0.904
1.008
1.084
1.064
0.984
1.012
1.072
1.072
0.96
0.976
0.996
1.008
0.952
0.952
1.016
0.924
0.912
0.916
0.852
0.896
0.992
1.004
0.912
0.976
1.032
0.988
0.912
0.996
1.072
1.06
1.024
1.044
1.044
0.9
0.908
0.98
1.048
0.944
1
1.076
0.944
0.916
0.812
0.784
0.864
1.084
0.956
1.012
1.084
1.064
0.96
1.008
0.968
0.972
1.024
1.028
1.036
0.94
0.928
1.028
1.072
1.072
1.076
0.964
0.996
0.96
0.98
0.98
1.012
1.02
1.036
1.052
1.064
0.96
0.952
0.928
0.936
0.884
0.932
1.06
1.02
1.012
0.996
0.952
0.94
0.92
0.828
0.78
0.772
0.84
1.184
1.116
1.076
1.068
1.124
1.096
0.976
1.024
1.044
1.024
1.016
0.956
0.98
1.016
0.908
0.884
0.94
1.036
0.952
1.032
1.048
1.048
1.052
0.956
0.976
1.024
0.96
0.952
0.976
1
0.92
0.944
0.96
1
0.884
0.884
0.924
0.892
0.956
0.964
1.008
1.004
0.908
0.876
0.904
0.932
0.964
0.984
0.988
0.908
0.94
0.996
0.98
0.908
0.876
0.912
0.988
0.9
1.024
1.068
1.052
0.964
1.024
1.076
1.076
1.028
1.052
1.02
0.96
0.976
1.032
1.028
0.988
0.948
0.964
0.968
0.868
0.888
0.988
1.016
0.896
0.896
0.92
0.952
0.92
0.92
0.964
0.976
0.952
0.892
0.904
0.976
0.976
0.956
0.98
1.012
1.012
0.904
0.932
0.908
1.048
1.108
1.032
0.98
0.972
0.972
0.9
0.904
0.908
0.868
0.904
1.004
0.996
0.924
0.988
1.036
1.056
1.016
1
0.92
0.976
1.052
1.044
1.064
1.088
1.016
0.992
1.06
1.048
0.944
1.004
1.084
1.104
0.988
0.988
1.02
1.06
0.988
1
1.048
1.04
0.94
0.956
1.02
1.044
1.004
1.06
1.08
0.976
1.012
1.052
1.048
1.048
0.956
1.004
1.048
1.044
0.98
0.972
0.952
0.892
0.936
0.964
0.948
0.9
1
1.056
0.952
0.956
0.98
0.96
0.956
0.952
0.876
0.848
0.884
0.984
0.936
0.968
1.032
1.04
0.96
0.948
1.008
1.028
0.956
0.96
0.992
0.984
0.984
1.008
1.04
0.972
1.016
1.076
1.024
0.952
0.944
0.904
1.012
1.072
1.064
0.972
1.024
1.076
1.06
0.96
1.004
1.02
0.944
0.908
0.996
1.06
0.912
0.82
0.888
0.98
1.076
1.104
1.096
0.988
0.952
0.964
1.008
1.004
1.008
0.908
1.008
1.112
1.112
0.984
1.068
1.084
1.044
0.944
1.02
1.068
1.024
0.936
1.1
1.136
1.112
1.04
1.112
1.024
1.024
1.024
1.044
0.988
1.016
1.024
0.948
1.008
1.116
1.124
1.1
1.052
1.056
1.044
0.948
0.956
1.012
1.028
0.98
1.016
1.064
0.988
0.964
1
1.068
0.992
0.976
1.024
0.92
0.904
1.024
0.988
0.944
1.02
1.056
0.968
0.976
1.028
0.984
0.908
1.012
1.076
0.996
0.948
1.012
1.036
0.912
0.992
0.988
1.044
1.036
0.956
0.936
0.98
1.036
1.04
1.036
1.08
1.152
1.036
1.028
1.076
1.06
1.056
1.04
0.996
0.888
0.916
0.804
0.78
0.908
1.092
0.972
1.024
1.096
1.06
1.032
1.02
0.96
1.04
1.048
1.036
1.052
0.944
1.016
1.064
1.012
0.94
1.052
1.072
0.976
1.044
1.076
1.012
0.92
0.964
1.052
1.016
0.948
1.08
1.092
0.964
1.004
1.084
1.072
0.976
1.048
0.984
1.012
1.084
1.04
0.88
0.804
0.824
0.82
0.9
1.132
1.132
1.032
1.056
1.068
1.024
0.964
0.932
0.924
0.856
1.028
1.176
1.128
0.952
0.904
1.108
1.048
1.024
1.04
0.932
1.008
1.124
1.096
1.092
1.08
1.008
0.996
1.064
1.084
1.08
0.96
1.02
1.044
1.024
0.976
1.032
1.048
0.972
1.052
1.056
0.964
0.992
1.008
0.964
0.964
1.008
1.012
0.94
0.96
1.016
0.868
0.876
1
1.036
0.984
1.004
1
0.92
0.972
1.036
1.012
0.972
0.972
0.968
0.912
0.948
0.988
0.956
0.908
1.044
1.092
1.092
1.064
1.04
1.064
1.048
1.052
1.04
1.032
0.944
0.94
0.96
1
0.928
0.94
1.012
1.032
0.916
0.92
0.968
1.032
0.912
0.932
1.044
1.036
0.932
0.952
1.04
1.036
0.956
1.008
1.076
1.06
0.968
1.024
1.06
1.04
1.008
1.068
1.06
0.976
1.024
1.044
1.008
1.004
1.052
1.024
1.004
1.044
1.036
0.972
0.992
1.024
1.004
0.984
1.016
1.024
0.972
1.032
1.052
0.984
1.008
1.036
1.048
0.996
1.024
1.048
1.04
0.968
1.02
1.052
0.992
0.964
1.028
1.056
0.988
1.028
1.064
1.008
0.888
0.944
1.048
1.032
0.984
1.028
1.052
0.96
0.988
1.028
0.952
0.948
1.024
1.048
0.976
0.976
1.016
1.024
1.016
1.072
1.076
0.964
1.036
1.092
1.028
0.944
1.036
1.036
0.988
1.004
1.028
0.98
1.012
1.036
1.024
0.948
0.98
1.04
1.004
0.932
0.988
1.02
0.976
0.88
0.9
0.988
0.976
0.952
1.008
1
0.904
0.92
0.988
1
0.928
0.988
1.036
0.988
0.932
0.98
1.008
0.96
0.916
1.004
1.048
0.996
0.932
1.012
1.072
1.016
1.012
1.02
1.008
0.936
0.908
0.992
1.08
0.956
1.036
1.06
1.032
0.936
0.992
1.032
1.056
0.98
0.968
1.056
1.068
1.024
1.044
1.064
1.052
1.028
0.988
1.004
1.02
0.928
0.936
1.044
1.008
0.96
1.08
1.028
0.996
1.068
1.064
0.948
1.004
1.04
0.968
1.028
1.02
0.9733625
1.056
1.096
1.036
1.1
1.124
1.084
0.964
1.028
1.06
1.016
1.024
1.044
1.012
1.012
1
0.98
0.988
0.984
0.936
0.94
0.984
0.924
0.948
0.944
0.884
0.872
0.908
0.944
0.832
0.86
0.948
0.952
0.952
0.984
1
0.976
0.976
0.888
0.944
1.032
1.04
0.924
0.904
0.972
1.036
0.972
1.148
1.128
0.988
1.044
1.084
1.012
1.056
1.048
0.992
0.868
0.944
1.06
0.988
1.036
1.064
1.052
1.064
1.056
1.064
1.036
0.92
0.956
1.056
1.064
1.004
1.044
1.076
0.984
0.992
1.012
0.928
0.92
1.016
1.072
1.032
1.044
1.052
1.012
0.94
0.976
1.012
1.044
1.028
0.976
1.036
1.068
1.06
0.92
0.876
0.976
1.132
0.944
1.016
1.152
1.092
0.988
1.072
1.096
0.964
0.98
1.088
1.048
1.024
1.096
1.104
1
1.032
1.072
1.068
1.084
1.104
1.084
1.044
1.048
1.036
1.02
1.052
1.032
1.016
1.028
1.032
0.928
0.952
1.084
1.072
0.972
0.996
0.996
0.972
0.964
1.024
1.028
0.952
0.884
1.008
1.108
0.968
1.008
1.06
0.988
0.976
1.036
1.044
0.904
0.952
1.02
0.92
0.96
1.04
1.04
0.964
1.032
1.06
1.036
0.988
1.024
1.052
1.076
1.076
1.06
1.032
1.032
0.964
0.908
1.072
1.132
1.012
1.04
1.056
1.024
0.98
1.004
1.036
1.052
1.012
1.024
1.016
1.100606
1.036768
1.076
1.02
1.12
1.1
0.94
1.032
1.092
1.036
1.084
1.1
1.068
0.908
0.82
1.040176
0.816
1.004
1.084
0.952
0.976
1.112
1.092
0.996
0.904
0.92
0.968
0.956
0.908
0.948
0.956
0.884
1.019179
0.9699501
1.143095
1.047863
0.84
0.936
0.952
0.944
0.94
0.932
0.928
0.936
0.932
0.928
0.932
0.928
0.932
0.904
0.88
0.816
0.828
0.88
0.956
0.884
0.86
0.92
1.004
0.952
0.928
1.012
1.024
0.972
0.96
1.004
1.004
1.004
1.02
1.012
0.92
0.956
1.004
0.964
0.992
1.088
1.072
1.016
1.056
1.036
0.96
0.992
1
0.936
1.024
1.052
1.044
1.048
1.04
1.04
1.092
1.096
1.088
1.068
1.032
0.992
0.86
0.88
1.148
1.028
0.98
1.068
1.012
0.996
1.096
1.088
1.016
1.136
1.1
1.02
0.972
1.044
1.056
1.056
0.98
1.052
1.124
1.072
1.028
1.076
1.06
1.036
1.044
1.076
1.02
0.932
0.868
0.932
1.14
1.104
0.944
1.016
1.124
1.056
0.996
1.04
1.044
0.964
1.024
1.048
1.024
1.052
1.04
1.028
1.044
1.036
0.988
1.012
1.076
1.104
1.084
1.024
0.968
1.028
1.036
1.004
0.9
1.008
1.128
0.96
0.972
1.068
1.04
1.016
1.092
1.076
0.924
0.932
0.98
0.984
0.924
1.096
1.136
1.068
1.112
1.128
1.052
1.052
0.996
0.8679109
1.065077
0.9783251
0.9343678
0.9971814
0.9374845
0.9594531
0.9671405
0.8887017
1.075264
1.024701
0.9292771
1.106046
1.044921
0.9916154
1.079579
1.078336
1.07417
1.064359
1.054417
1.008922
0.9909008
0.9854077
0.792
0.872
0.912
0.876
0.844
0.884
0.956
0.964
0.952
1.008
1.068
1.068
1.064
1.08
1.084
1.1
1.088
1.072
0.928
1.028
1.168
1.16
1.148
1.16
1.136
1.088
0.948
1.108
1.2
1.184
1.14
1.136
1.192
1.196
1.128
1.008
1.012
1.144
1.156
1.184
1.124
1.16
1.164
1.144
1.12
1.104
1.104
1.144
1.128
1.12
1.12
1.12
1.088
1.064
1.144
1.156
1.04
1.04
1.104
1.088
0.94
1.048
1.096
0.948
1.04
1.132
1.072
1.064
1.088
1.064
0.996
1.048
1.08
1.028
1.06
1.056
1.008
1.004
1.044
0.96
0.972
0.972
0.888
0.948
0.924
0.94
1.08
1.112
1.104
1.02
1.068
1.088
0.984
0.94
0.872
0.932
1.064
1.116
1.004
1.076
1.132
1.076
1.064
1.068
1.104
1.028
1.076
1.064
0.98
1.036
1.084
1.028
1.04
1.072
1.072
1.06
1.052
1.008
1.032
1.024
0.968
1
1.02
0.96
1.004
1.028
0.952
0.996
1.04
0.972
0.98
1.04
0.996
0.912
0.976
1.024
0.94
0.948
1.032
1.012
0.932
0.98
0.992
0.936
1.008
1.064
1
1.044
1.044
1.004
0.996
1.036
1.012
0.952
0.984
1.012
0.924
0.952
1
0.952
0.964
1.032
1.04
0.996
1.068
1.044
0.972
1.004
1.04
0.992
0.964
1.02
1.036
1.004
1.068
1.08
0.988
1.028
1.052
1.008
1.016
1.068
1.076
0.98
1.04
1.072
1.048
1
1.044
1.028
0.932
0.964
1.068
1.012
0.988
1.032
1.012
0.924
1.012
1.06
1.032
1.052
1.048
0.952
0.868
0.932
1.06
0.988
0.96
1.076
1.084
0.964
1.044
1.072
0.98
0.956
1.048
1.068
0.996
1.052
1.064
1.008
0.968
1.028
0.98
1.048
1.072
0.968
1.008
1.14
1.124
1.064
1.06
1.104
1.088
1.004
1.016
1.076
1.08
1.032
1.108
1.112
1.108
1.096
1.084
1.052
1.04
1.088
1.072
0.98
0.98
1.02
1.036
0.988
1.008
1.056
1.02
1.016
1.072
1.052
0.988
1.076
1.096
1.092
1.072
1.092
1.076
0.988
1.032
1.076
1.08
1.024
1.052
1.072
1.012
1
1.048
1.06
1.044
1.096
1.104
1.056
1.008
1.044
1.056
1.004
1.048
1.104
1.048
0.904
0.912
1.056
1.112
1.008
1.104
1.1
0.952
1
1.092
1.088
0.96
1.008
1.096
1.032
1.004
1.108
1.076
1
1.08
1.116
0.992
0.956
0.968
0.912
0.936
0.932
0.828
0.804
0.796
0.808
0.828
0.936
0.892
0.936
1.06
1.104
1.104
1.104
1.116
1.108
1.092
1.084
1.008
1.056
1.064
1.044
0.944
0.98
1.112
1.132
1.084
1.096
1.108
1.072
1.052
1.092
1.064
0.932
1.048
1.148
1.096
1.072
1.104
1.1
1.012
1.088
1.072
0.936
1.012
1.096
1.076
1.088
1.14
1.132
1.068
1.112
1.1
1.056
1.068
1.112
1.1
1.06
1.096
1.06
0.996
1.028
1.04
1.004
1.024
1.08
1.1
1
1.056
1.064
1.02
0.952
1.036
1.072
0.964
0.948
0.968
0.872
0.976
1.104
1.036
1.068
1.08
1.032
0.936
1.048
1.088
0.964
1.028
1.096
1.044
0.964
1.024
1.036
0.96
1.036
1.08
1
1.024
1.044
0.936
0.988
1.048
1.032
1.016
1.076
1.044
1.024
1.052
1.036
1.028
0.9581818
0.796
0.9941282
0.915972
1.169744
1.098718
0.9264482
0.9796571
0.9749319
1.067039
0.788
1.003217
0.788
0.8
0.808
0.804
0.816
0.812
0.808
0.796
1.027984
1.007143
1.006073
1.110363
0.9925331
1.121266
0.8947464
0.86
0.812
0.856
0.944
0.924
0.948
0.916
0.816
1.052292
1.018233
1.025027
1.037113
0.86
1.128
1.116
1.032
1.128
1.152
1.128
1.112
1.028
1.048
1.088
1.128
1.056
1.004
0.892
0.904
0.956
0.92
1.028
1.14
1.164
1.148
1.132
1.1
1.048
1.06
1.06
1.072
0.912
0.928
1.1
1.112
1.008
0.88
0.9
1.084
1.148
1.148
1.152
1.128
1.036
1.06
1.012
1.02
1.112
1.128
1.064
1.068
1.008
1.064
1.108
1.092
1.06
0.992
0.948
1.056
1.092
1.072
0.94
1.044
0.984
0.952
0.96
0.928
0.996
1.084
0.968
0.888
0.86
0.928
1.084
0.972
1.016
1.088
1.1
1.064
1.028
0.928
0.976
0.976
0.984
0.98
0.976
0.888
0.812
0.808
0.884
1.016
0.924
0.92
0.972
1.02
0.944
0.86
0.864
0.908
0.952
0.956
0.892
0.864
0.872
0.98
0.868
0.832
0.828
0.856
0.964
0.96
0.996
1.048
1.044
0.976
0.984
1.048
0.892
0.812
0.9728101
0.792
1.024
1.084
1.088
1.072
1.08
1.008
1.06
1.048
1
0.92
0.892
1.012
0.984
0.964
1.104
1.132
1.1
1.056
0.964
0.92
1.028
1.136
1.112
1.128
1.056
0.972
1.064
1.096
1.064
1.084
1.056
1.044
1.064
1.116
1.108
1.08
0.992
1.084
1.124
1.096
1.056
0.924
0.956
1.112
1.06
1.016
1.092
1.108
0.952
0.992
1.056
1.028
0.968
1.08
1.108
1.024
0.94
0.996
1.096
1.104
1.052
1.104
1.08
0.984
1.024
1.104
1.1
1.08
1.076
1.072
1.06
1.06
1.012
0.892
0.904
1.048
1.092
0.956
1.14
1.16
1.08
1.004
1.124
0.9882985
0.9376934
0.933802
0.816
0.812
0.808
1.035597
1.04633
0.828
1.017209
1.081486
1.164868
0.816
0.944
0.912
0.876
0.816
0.832
0.792
0.9774261
0.8
0.8431577
1.088158
0.932
1.076
1.064
1.052
0.98
0.924
0.936
0.948
0.92
0.916
0.94
0.916
0.852
0.848
0.856
0.884
0.896
0.808
0.9622456
0.9638548
1.090525
0.8
0.816
0.876
1.136
1.116
1.104
1.064
0.92
0.936
0.932
0.856
0.832
0.9942593
0.9251402
1.028787
1.00517
1.015903
1.043991
0.9881732
1.196
1.168
1.176
1.164
1.148
1.136
1.136
1.088
1.084
1.052
1.056
0.944
0.884
0.972
1.068
0.908
0.964
1.1
1.056
0.92
1.052
1.128
1.112
1.008
1.052
1.088
1.088
1.08
1.036
0.96
1.016
1.072
1.06
1.02
0.896
0.948
1.048
1.088
0.96
1.012
1.088
1.068
1
1.064
1.068
1.06
1.048
1.044
1.044
1.012
0.96
0.896
1.008
1.064
1.044
1
0.864
0.912
1.108
1.02
0.948
1.084
1.108
0.98
1
1.112
1.104
1.004
1.076
1.092
1.1
1.06
1.048
1.056
1.032
1.068
1.04
1.072
1.064
1.012
1.016
1.032
1.032
0.956
0.892
0.96
1.056
0.952
0.94
1.036
1.084
0.94
0.944
1.036
0.992
0.872
0.872
0.952
0.968
1.036
1.124
1.096
1.024
1.056
1.04
1.036
1
1.06
1.064
1.02
0.92
0.916
1.076
1.128
1.04
1.108
1.124
1.04
1.052
1.044
1.008
1.06
1.092
1.008
1.02
1.072
1.064
1.044
1.092
1.08
0.984
1
1.048
1.04
1.076
0.952
0.88
0.904
1.052
1.088
0.952
0.996
1.06
1.084
1.008
1.08
1.096
1.084
0.968
1.072
1.12
1.108
1.004
1.088
1.1
1.04
1.092
1.08
1.068
1.068
1.084
1.06
1.016
0.996
1.084
1.12
1.076
1.074792
0.992
1.108
0.944
1.044
1.12
1.12
1.052
0.956
1.036
1.088
0.988
1.072
1.092
1.088
1.064
1.112
1.076
1.044
1.108
1.116
1.076
0.98
0.964
1.192
1.152
1.032
1.1
1.088
0.996
0.96
1.152
1.144
1.012
1.104
1.088
1.072
1.108
1.076
1.056
1.092
1.088
1.072
1.096
1.096
1.084
1.08
1.04
1.084
1.052
1.036
1.116
1.108
1.052
1.01569
1.252
0.968
1.04
1.18
1.064
1.056968
1.18
1.116
0.996
1.112
1.144
1.064
1.088
1.084
1.024
1.128
1.096
1.012
1.112
1.116
1.1
1.128
1.116
1.12
1.104
1.032
1.1
1.1
1.084
1.012
1.096
1.076
1.064
1.088
1.1
1.104
1.064
1.06
1.052
1.056
1.14
1.092
0.948
0.872
0.988
1.18
1.124
1.048
1.108
1.104
1.104
1.072
0.988
0.852
0.832
0.98
1.076
0.992
0.856
1.116822
1.067985
1.011798
1.120832
1.109412
1.076577
1.053751
0.9897672
1.136771
0.9919246
1.197974
1.14965
1.019037
0.9606632
0.86
0.888
0.832
0.892
0.96
0.98
0.912
0.988
1.044
1.052
0.944
0.816
0.9847745
0.836
1.056371
1.2
1.228
1.2
1.22
1.208
1.172
1.14
1.064
1.188
1.144
1.18
1.164
1.156
1.144
1.164
1.152
1.048
1.16
1.184
1.156
1.112
1.144
1.124
1.012
1.08
1.084
1.108
0.964
0.896
0.832
1.021017
1.013625
0.9690468
1.036101
0.9814871
0.9162946
1.011512
1.10758
0.9972142
1.084717
0.9202958
1.035805
1.078354
1.062286
1.047901
0.9928069
0.82
0.9774833
0.9646543
1.049087
0.852
0.94
1.004
1.036
1.04
1.032
1.024
1.028
0.968
0.9709787
1.004803
1.022188
0.956
0.884
0.876
1.052
1.064
0.964
0.888
0.94
1.068
0.96
0.94
1.112
1.16
1.12
0.988
1.136
1.168
1.052
0.98
1.144
1.16
1.072
1
1.112
1.184
1.12
1.044
1.156
1.164
1.116
0.976
1.044
1.184
1.172
1.18
1.216
1.168
1.124
1.152
1.132
1.108
1.188
1.156
1.112
1.092
1.14
1.1
1.008
1.124
1.136
1.044
1.096
1.12
1.06
1.18
1.156
1.116
1.06
1.132
1.12
1.02
1.096
1.112
1.056
1.096
1.104
1.084
1.036
1.116
1.132
1.04
1.088
1.06
1.032
1.084
1.044
0.976
1.12
1.124
1.032
1.088
1.104
1.036
0.932
1.02
1.096
1.024
0.984
1.096
1.112
1.068
1.064
1.072
1.032
1.076
1.08
1.028
1.088
1.108
1.036
1.084
1.072
1.004
1.024
1.088
1.048
0.912
0.984
1.112
1.02
1.04
1.128
1.12
1.016
1.068
1.092
1.04
1.02
1.052
1.116
1.076
1.012
1.112
1.108
1.092
0.948
1.02
1.132
1.104
0.992
1.08
1.128
1.024
1.1
1.112
1.076
1.096
1.128
1.08
1.12
1.092
1.052
1.076
1.032
1.04
1.096
1.08
1.04
1.088
1.088
1
1.044
1.092
0.996
1.084
1.136
1.08
1.128
1.124
1.064
1.1
1.112
1.1
0.992
1.088
1.088
0.996
1.064
1.112
0.976
0.932
1.016
1.016
0.988
1.084
1.108
1.04
1.136
1.14
1.012
1.04
1.112
1.044
0.956
1.044
1.12
1.108
1.012
1.12
1.168
1.148
1.068
1.068
1.108
1.104
1.06
1.008
1.044
1.056
1.056
1.072
0.9
1.032
1.176
1.088
1
1.128
1.116
1.076
1.186526
1.156
1.036
1.108
1.156
1.1
1.076
1.124
1.08
1.08
1.108
1.1
1.092
1.132
1.152
1.108
1.092
1.116
1.108
1.028
1.088
1.1
1.044
1.016
1.088
1.096
0.996
1.056
1.104
1.024
1.116
1.104
1.012
0.916
0.992
1.14
1.116
1
1.156
1.136
0.96
0.928
1.028
0.9
0.832
1.003241
1
1.224
1.076
1.044
1.124
1.128
1.064
1.044
1.036
1.04
1.068
1.036
0.912
1.004
1.132
1.052
1.04
1.12
1.12
1.108
0.968
1.012
1.176
1.168
1.044
1.18
1.208
1.16
1.092
1.152
1.052
0.932
0.876
1.069532
1.057918
0.9810995
1.046927
1.158962
1.085599
0.884
0.956
0.932
1.055356
1.021107
0.9006197
1.135966
0.9444475
0.832
1.107098
1.193512
0.9457571
1.104332
1.033115
0.936333
0.9405977
0.9341959
1.013328
0.9445596
1.103429
1.207801
0.9575222
0.84
0.996
1.11089
1.109524
1.07726
0.952
0.98
1.056
1.092
1.12
1.092
1.096
1.1
1.108
1.108
1.108
1.104
1.124
1.072
1.02
1.108
1.128
1.052
1.116
1.132
1.056
1.048
1.14
1.092
1.152
1.144
1.068
1.116
1.104
1.048
1.128
1.14
0.968
1.136
1.14
1
1.104
1.18
1.168
1.1
1.156
1.164
1.08
1.14
1.136
1.084
1.136
1.088
1.044
1.092
1.072
1.032
1.1
1.06
0.956
1.012
1.072
1.028
1.02
1.116
1.132
1.056
1.104
1.096
1.02
1.068
1.084
1.052
1.048
1.1
1.104
1.072
1.064
1.084
1.004
0.96
1.036
1.096
1.032
1.096
1.088
1.024
1.024
1.108
1.04
1.064
1.104
1.068
1.044
1.092
1.1
1.084
1.076
1.088
1.064
0.992
1.052
1.1
1.084
1.064
1.096
1.108
0.952
0.948
0.996
1.016
0.884
0.988
1.18
1.132
1.084
1.112
1.144
1.06
1.108
1.112
1.048
1.08
1.144
1.116
1.052
1.132
1.12
1.044
1.088
1.008
0.944
1.1
1.164
1.036
1.156
1.136
1.04
1.076
1.04
1.036
0.944
0.936
0.98
1.048
1.104
0.992
1.016
1.116
0.996
0.968
0.956
0.968
0.864
0.832
0.9769387
0.868
1.028
1.084
1
1.04
1.068
1.056
1.056
1.044
0.964
0.988
1.056
1.112
1.08
0.968
1.06
1.148
1.144
1.124
1.036
1.12
1.144
1.12
1.088
1.14
1.156
1.076
1.148
1.176
1.132
1.104
1.12
1.104
1.092
1.14
1.156
1.152
1.072
1.128
1.124
1.104
1.08
1.14
1.136
1.056
1.1
1.132
1.084
1.116
1.144
1.08
1.1
1.1
0.992
1.052
1.108
1.036
1.092
1.156
1.116
1.092
1.144
1.124
0.976
1.004
1.14
1.156
1.112
1.148
1.16
1.104
1.116
1.1
0.968
1.044
1.096
1.04
1.08
1.152
1.128
1.064
1.108
1.084
1.048
1.096
1.1
1.016
1.076
1.1
1.076
1.12
1.128
1.116
1.024
1.08
1.096
1.064
1.08
1.116
1.108
1.044
1.108
1.084
0.996
1.044
1.092
1.008
1.024
1.092
1.064
1.042902
1.04
1.036
0.968
1.148
1.156
1.036
1.096
1.128
1.06
1.072
1.096
1.044
1.092
1.072
1.016
1.06
1.06
0.976
1.1
1.068
1.1
1.104
0.944
0.904
0.88
0.844
0.832
1.064
1.028
0.904
1.024
1.072
1.02
1.108
1.092
1.02
1.072
1.08
1.028
1.1
1.084
0.996
0.968
1.048
0.976
1.008
1.1
1.1
1.024
1.08
1.02
1.016
1.176
1.152
1.032
1.016
1.076
1.016
0.864
1.031094
0.876
1.192
1.088
1.08
1.136
1.032
1.116
1.112
1.036
1.104
1.036
0.904
0.912
0.98
0.948
1.104
1.108
1.104
1.088
1.068
1.112
1.088
0.976
1.036
1.112
1.092
1.1
0.996
1.036
1.128
1.112
1.004
1.12
1.148
1.028
1.068
1.116
1.06
0.996
0.944
1.092
1.128
1.084
1.064
1.124
1.14
1.08
1.12
1.124
1.028
1.064
1.14
1.14
1.052
1.056
1.088
1.092
0.968
1.084
1.156
1.084
0.984
1.144
1.188
1.156
1.104
1.076
1.004
1.144
1.156
1.132
1.02
1.084
1.124
1.116
1.112
1.004
1.068
1.04
1.1
1.112
1.092
1.032
1.1
1.108
1.092
1.048
1.096
1.088
1.124
1.112
1.104
1.06
1.094068
1.196
1.16
1.132
0.984
1.08
1.148
1.016
1.025106
1.124845
1.024993
1.130487
0.9751889
0.9596221
0.96
0.992
0.956
0.9
0.96
1.008
1.024
0.936
0.996
1.108
1.092
1.08
1.02
1.076
1.1
1.096
1.072
1.092
1.136
1.14
1.076
1.072
1.144
1.164
1.164
1.156
1.132
1.028
1.092
1.116
1.104
0.98
1.056
1.128
1.116
0.96
1.048
1.176
1.088
1.06
1.036
0.94
0.964
0.944
0.844
1.293967
1.023715
1.07661
1.101665
1.018929
1.092926
1.082051
1.038925
1.059721
1.052434
0.952
1.02
0.996
0.932
0.896
0.908
0.92
0.912
0.88
0.888
0.92
0.92
0.876
0.848
0.868
0.896
0.932
0.988
0.98
0.928
0.936
0.98
0.972
0.98
1.008
1.016
0.964
0.9
0.94
0.924
0.96
1.088
1.02
0.928
1.052
1.104
1.064
1.084
1
1.112
1.16
1.144
1.084
1.032
1.108
1.124
1.084
1.012
1.1
1.116
1.048
1.016
1.128
1.168
1.12
1.12
1.116
1.004
0.988
0.984
0.952
1
1.084
0.98
1.112
1.14
1.036
1.004
1.036
0.996
1.004
1.056
1.116
1.068
0.892
1.217227
1.005229
0.948
0.904
0.98
1.096
1.1
1.004
1.044
1.016
1.028
1.06
1.084
1.084
1.08
0.98
1.088
1.12
1.092
0.944
1.04
1.12
1.136
1.064
1.12
1.04
1.068
1.064
1.044
0.964
1.04
1.12
1.12
1.068
1.088
1.132
1.112
1.072
1.128
1.116
1.052
1.108
1.1
1.068
1.08
1.08
1.06
1.092
1.076
1.02
0.908
1.02
1.14
1.1
1.04
1.108
1.124
1.048
1.004
1.072
1.104
1.004
1.064
1.092
1.02
1.016
1.076
1.084
1.024
1.004
1.1
1.112
1.056
1.068
1.088
1.064
1.032
1.044
1.02
1.096
1.084
0.992
1.008
1.056
1.06
0.98
1.068
1.068
0.968
0.928
1.04
1.076
1.016
1.08
1.048
1.112
1.132
1.092
0.98
1.044
1.104
1.052
1.096
1.108
1.024
0.992
1.048
0.924
1.02
1.124
1.052
1.104
1.12
1.076
1.04
1.112
1.112
1.116
1.02
1.02
1.06
1.12
1.112
1.088
1.14
0.992
0.948
1.068
1.14
1.032
1.124
1.14
1.08
0.96
1.064
1.128
1.124
1.112
1.084
1.012
1.144
1.14
1.112
1.06
1.004
1.144
1.16
1.144
1.128
1.056
1.14
1.144
1.108
0.98
1.056
1.176
1.156
1.092
1.124
1.132
1.076
1.112
1.084
1.02
1.096
1.084
1.028
1.028
1.104
1.076
1.044
1.1
1.088
0.996
1.068
1.092
1.052
1.012
1.108
1.112
1.04
1.112
1.108
1.068
0.96
0.996
1.112
1.1
0.968
1.04
1.108
1.064
1.032
1.056
1.064
0.964
0.996
1.068
1.032
1.02
1.036
1.032
0.988
1.08
1.088
0.976
1.032
1.088
1.092
1.084
1.016
1.024
1.068
0.992
0.972
1.18
1.168
1.008
1.132
1.132
1.048
0.964
1.096
1.144
1.064
1.104
1.112
1.12
1.108
1.12
1.136
1.124
1.112
1.056
0.996
0.9
0.852
0.88
1.004
1.044
0.98
0.9877138
1.071521
1.091696
0.872
1.064
1.1
1.028
0.976
1.092
1.144
1.128
1.056
1.06
1.156
1.16
1.06
1.048
1.124
1.104
0.992
1.16
1.172
1.016
1.08
1.152
1.156
1
1.148
1.164
1.132
1.101636
1.136
1.076
1.092
1.164
1.136
1.016
1.12
1.148
1.024
1.228
1.224
1.188
1.204
1.196
1.152
1.084
1.168
1.184
1.144
1.148
1.156
1.1
1.036
1.06
1.112
1.14
0.988
1.064
1.14
1.104
1.14
1.156
1.128
1.128
1.136
1.116
1.052
1.124
1.144
1.124
1.184
1.184
1.128
1.116
1.124
1.08
1.04
1.096
1.076
0.948
1.108
1.152
1.06
1.092
1.136
1.06
1.056
1.108
1.092
1.172
1.132
1.076
1.124
1.108
1.008
1.096
1.116
1.008
0.924
1.116
1.132
1.008
1.104
1.136
1.068
1.088
1.112
1.072
1.088
1.124
1.096
1.036
0.968
1.02
1.048
0.94
1.016
1.036
0.968
0.876
0.912
0.96
0.976
0.896
0.948
1.032
1.048
1
1.076
1.096
1.08
0.956
0.964
1.048
1.08
0.968
1.26
1.216
1.072
1.164
1.184
1.12
1.052
1.16
1.132
1.012
1.124
1.148
1.136
1.088
1.1
1.112
1.084
1.096
1.144
1.144
1.076
1.108
1.124
0.988
1.08
1.18
1.144
0.992
0.984
1.208
1.168
1.076
1.192
1.172
1.128
1.188
1.16
1.072
1.052
1.104
1.036
1.032
1.152
1.14
1.1
1.104
1.076
1.044
1.012
1.156
1.128
1.08
0.972
1.14
1.12
0.984
1.035591
0.9908761
1.22
1.216
1.188
1.088
1.04
1.164
1.164
1.172
1.172
1.16
1.136
1.116
1.068
0.964
1.08
1.152
1.052
0.992
0.96
0.952
0.952
0.888
0.92
0.916
0.884
1.162525
0.9
0.988
1.008
1
0.984
0.98
0.984
1.02
1.036
0.968
0.976
1.008
1.024
0.96
1.068
1.084
0.936
0.932
1.112
1.128
1.032
1.112
1.148
1.056
1.132
1.132
1.072
1.152
1.14
1.068
1.104
1.104
1.044
1.06
1.132
1.104
1.132
1.16
1.1
1.14
1.14
1.088
1.096
1.116
1.068
1
1.136
1.152
1.072
1.1
1.136
1.14
1.116
1.14
1.072
1.004
1.088
1.12
1.012
1.076
1.12
1.072
1.136
1.152
1.076
1.108
1.112
1.052
1.096
1.048
0.92
1.108
1.04
0.968
1.076
1.044
1.156
1.14
1.084
1.148
1.124
1.1
1.132
1.144
1.096
1.112
1.112
1.088
1.124
1.128
1.036
1.084
1.108
1.104
1.04
1.076
1.084
1.048
1.132
1.152
1.064
1.128
1.164
1.072
1.124
1.172
1.1
1.076
1.116
1.064
1
1.112
1.084
1.042435
0.952
1.068
1.176
1.16
1.156
1.176
1.12
1.068
1.124
1.08
1.028
1.092
1.096
1.048
1.068
1.036
1.108
1.132
1.064
1.052
1.076
1.068
1.04
1.08
1.076
1.004
0.96
0.992
1
0.964
1.092
1.104
1.036
1.04
1.056
1.052
1.032
1.002565
0.872
1.008
1.056
1.072
1
1.02
0.908
0.908
0.86
0.924
1.052
1.068
1.088
1.024
1.004
1.128
1.036
1.004
1.052
1.108
1.072
0.94
0.892
1.047722
0.908
1.044
1.052
1.132
1.084
1.096
1.092
1.112
1.008
0.976
0.904
0.98
1.092
1.108
1.032
1.124
1.1
1.12
1.128
1.08
1.064
1.044
1.068
1.104
1.108
1.108
1
0.98
0.948
1.016
1
0.924
0.88
1.048768
0.864
0.904
0.872
1.145163
1.069359
1.118772
1.026108
1.078804
1.038919
1.069856
0.9966586
0.9659154
1.210321
1.107082
0.9701859
1.017445
0.9749648
1.22501
1.159469
1.042854
1.102549
1.031753
1.027141
1.004022
1.018321
0.852
0.904
0.944
0.972
0.996
1.028
0.94
0.948
1.1
1.16
1.14
1.108
1
1.156
1.148
1.136
1.064
1.172
1.164
1.124
1.24
1.208
1.2
1.136
1.148
1.22
1.196
1.104
1.028
1.204
1.184
1.12
1.18
1.188
1.148
1.112
1.14
1.152
1.044
1.136
1.164
1.124
1.1
1.132
1.124
1.096
1.136
1.136
1.052
1.132
1.136
1.064
1.088
1.084
1.048
1.012
1.144
1.132
1.052
1.08
0.996
0.944
0.86
0.852
1.244
1.188
1.152
1.068
1.12
1.12
1.036
1.104
1.12
1.068
1.084
1.096
1.108
1.06
1.096
1.104
1.024
1.068
1.104
1.052
1.096
1.108
1.016
0.992
1.032
1.068
0.996
1.028
0.984
0.98
1.124
1.148
1.064
1.104
1.088
0.988
1.112
1.136
1.076
1.076
1.096
1.056
1.056
1.068
1.048
1.016
0.892
1
1.168
1.168
1.124
1.08
1.048
1.068
1.036
0.94
0.996
1.064
1.08
0.996
0.988
1.072
1.068
0.984
1.064
1.092
1.028
1.096
1.092
1.096
1.008
1.052
1.124
1.104
1.088
1.076
1.14
1.104
1.04
0.912
1
1.184
1.108
1
1.192
1.124
0.952
1.128
1.156
1.072
1.12
1.128
1.072
1.056
1.104
1.08
1.024
1.108
1.08
1.096
1.096
1.044
1.072
1.112
1.1
1.056
1.092
1.084
1.032
1.004
1.124
1.12
1
1.072
1.096
1
1.056
1.028
1.052
1
0.928
0.864
0.936
1.136
1.06
1.016
1.132
1.136
1.076
1.1
1.152
1.128
1.052
1.088
1.092
1.072
1.056
1.1
1.1
1.08
1.108
1.06
1.036
1.12
1.084
1.024
1.076
1.02
0.952
1.104
1.096
1.02
1.108
1.104
1.072
1.08
1.096
1.068
1.072
1.084
1.088
1.124
1.04
0.98
1.048
1.172
1.072
1.193065
0.932
1.067189
1.080049
1.0893
1.162422
1.033267
0.948
0.908
0.984
1.024
0.928
0.936
0.984
1.02
0.976
0.916
1.016
1.108
1.096
1.06
1.104
1.096
1.044
1.096
1.1
1.052
1.076
1.1
1.052
1.048
1.084
1.052
1.024
1.128
1.092
1.016
1.08
1.068
0.984
1.1
1.128
1.032
1.092
1.132
1.052
1.136
1.136
1.1
0.984
1.156
1.18
1.116
1.148
1.16
1.076
1.14
1.144
1.084
1.116
1.124
1.08
1.112
1.128
1.1
1.056
1.124
1.124
0.98
1.076
1.148
1.088
1.072
1.104
1.056
0.972
1.096
1.112
1.032
1.148
1.176
1.132
1.14
1.124
1.036
1.072
1.104
1.044
1.06
1.104
1.08
1.008
1.048
1.04
0.964
1.08
1.1
1.068
0.936
1.036
1.136
1.104
1.084
1.124
1.108
1.064
1.124
1.124
1.064
1.108
0.996
0.948
1.06
1.148
1.132
1.044
1.116
1.144
1.06
1.112
1.088
1.092
1.096
1.096
1.008
1.032
0.992
0.94
1.1
1.164
1.116
1.124
1.116
1.1
1.052
1.088
1.084
1.024
1.088
1.068
0.996
0.988
1.052
1.02
1.010839
1.208146
1.051857
1.031163
0.9933764
0.9899342
1.042592
1.130811
1.167294
1.137706
1.058682
1.090106
0.936
0.964
0.936
1.034167
0.912
1.044
1.112
1.1
0.996
1.104
1.152
1.136
1
1.132
1.132
1.092
1.044
1.216
1.204
1.104
1.168
1.196
1.144
1.032
1.112
1.156
1.152
1.08
1.2
1.18
1.14
1.192
1.176
1.136
1.037187
1.184
1.052
1.092
1.196
1.168
1.148
1.172
1.136
1.092
1.16
1.148
1.108
1.168
1.168
1.144
1.068
1.164
1.208
1.16
1.116
1.152
1.128
1.128
1.164
1.144
1.092
1.16
1.168
1.08
1.132
1.136
1.084
1.088
1.124
1.096
1.036
1.112
1.116
1.04
1.104
1.064
0.96
1.159547
0.972
1.196
1
1.12
1.176
1.06
1.06
1.124
1.092
1.072
1.176
1.136
1.088
1.04
1.092
1.128
1.124
1.12
1.056
1.104
1.132
1.136
1.112
1.016
1.012
1.088
1.164
1.004
1.048
1.148
1.132
0.94
0.928
0.976
1.008
0.904
0.88
0.904
1.020352
1.239899
1.088746
0.924
1.111292
1.040872
1.124
1.112
0.992
0.912
1.02
1.096
1.08
0.996
0.992
1.068
1.084
1.004
0.952
1.004
1.06
0.88
0.976
1.204
1.148
1.088
1.16
1.148
1.108
1.02
1.088
1.156
1.06
1.152
1.188
1.152
1.116
1.12
1.112
1.092
1.096
1.108
1.112
1.12
1.048
0.924
1.3
1.172
1.036
1.212
1.16
0.984
1.128
1.148
1.116
1.156
1.164
1.132
1.076
1.168
1.184
1.16
1.124
1.188
1.14
1.104
1
0.98
1.28
1.224
1.144
1.176
1.156
1.104
1.12
1.176
1.12
1.052
1.052389
1.22
1.108
1.144
1.2
1.152
1.04
1.024
1.124
1.112
1.064
1.176
1.164
1.152
1.148
1.156
1.168
1.12
1.08
0.996
1.06
1.14
1.124
1.1
1.132
1.096
0.952
1.108
1.18
1.08
0.992
1.12
1.132
0.976
1.028
1.14
1.124
1.012
1.14
1.156
1.18
1.192
1.168
1.128
1.076
0.992
1.196
1.208
1.172
1.164
1.116
1.168
1.132
1.056
0.936
1.256
1.18
0.988
1.204
1.132
0.956
1.076
1.18
1.144
1.04
1.148
1.168
1.124
1.044
1.092
1.064
0.96
1.012
1.14
1.092
0.948
1.144
1.18
1.176
1.172
1.152
1.144
1.164
1.096
1.164
1.18
1.164
1.024
0.984
1.108
1.116
1.024
1.12
1.16
1.116
1.14
1.156
1.096
1.136
1.148
1.16
1.148
1.124
1.124
1.116
1.116
1.068
1.144
1.132
0.9947122
1.224
1.008
1.232
1.172
1.052
1.104
1.204
1.2
1.132
1.1
1.112
1.008
1.192
1.196
1.156
1.192
1.172
1.188
1.184
1.16
1.124
0.98
0.916
1.08
1.112
0.944
0.928
0.948
1.012
0.92
1.077712
0.876
1.18
0.988
1.122012
0.908
0.884
1.048
1.116
1.116
1.06
0.964
1.04
1.104
1.084
0.988
0.956
1.088
1.1
1.104
0.944
1.02
1.12
1.112
1.052
1.06
1.068
1.084
1.036
1.04
1.044
1.024
1.108
1.112
1.104
1.064
1.112955
1.208
1.172
1.12
0.996
1.04
1.168
0.988
0.952
1.188
1.176
0.968
1.136
1.188
1.128
0.956
1.116
1.128
1.12
1.012
1.096
1.164
1.144
1.06
1.164
1.156
1.036
1.096
1.132
1.064
1.044
1.068
1.076
1.064
1.1
1.108
1.076
1.104
1.084
1.068
1.092
1.056
1.08
1.14
1.108
1.004
1.12
1.1
0.932
1.06
1.16
1.116
1.144
1.18
1.16
1.128
1.108
1.12
1.152
1.116
1.132
1.116
1.144
1.108
1.08
1.128
1.092
0.932
1.024711
0.872
1.023984
1.072
1.188
1.24
1.068
1.152
1.208
1.176
1.056
1.192
1.192
1.104
1.048
1.084
0.996
0.94
1.043547
1.191112
0.9964199
1.164
1.116
1.096
1.04
1.066751
0.964
0.888
1.220276
1.072144
0.9790265
0.876
0.936
1.252
1.244
1.088
1.148
1.164
1.144
1.12
1.004
1.056
1.14
1.156
1.112
1.168
1.164
1.12
1.116
1.116
1.036
1.02
1.072
1.068
0.952
1.1
1.004
1.196
1.184
1.132
1.148
1.144
1.148
1.156
1.152
1.172
1.148
1.064
1.027378
1.208
0.988
1.14
1.204
1.148
1.2
1.176
1.192
1.176
1.208
1.2
1.184
1.132
0.964
0.956
1.22
1.16
1.04
1.184
1.196
1.196
1.204
1.176
1.176
1.152
1.144
1.12
1
1.008
0.952
0.928
0.876
1.110936
0.952
1.04
0.864
0.9
0.928
0.904
1.047113
1.03332
1.049398
1.081471
1.192879
0.856
1.068154
0.88
0.996
1.06
1.024
0.932
0.976
1.036
0.912
0.92
1.032
1.04
0.896
0.98
1.14
1.112
0.996
1.06
1.108
1
1.096
1.12
1.024
0.98
1.096
1.12
1.08
1.056
1.152
1.144
1.108
1.164
1.132
1.052
1.112
1.092
0.968
1.152
1.136
1.088
1.048
1.144
1.1
1.04
1.148
1.112
1.153196
1.284
1.176
1.18
1.172
1.14
1.076
1.172
1.164
1.12
1.092
1.012
1.088
1.2
1.148
1.064
1.112
1.104
1.004
1.088
1.12
1.116
1.02
1.044
1.108
1.112
0.992
1.144
1.152
1.14
1.052
1.1
1.096
1.08
0.98
1.124
1.164
1.148
1.012
1.1
1.104
1.112
0.96
0.976
0.976
0.92
1.118508
1.063469
0.9585601
1.033296
1.035574
1.075227
1.16779
1.241129
1.186009
1.061779
0.9417869
1.042827
1.078117
1.133937
1.14259
1.122
0.9682968
1.134156
1.038342
1.084227
1.076788
1.102888
1.073041
0.9479675
1.125581
1.099652
1.051465
1.079796
1.08094
1.087337
1.192226
1.08
1.1
1
1.072
1.124
1.128
1.12
1.068
0.956
1.112
1.196
1.168
1.08
1.144
1.196
1.172
1.036
1.136
1.196
1.196
1.056
1.024
1.076
1.02
1.164
1.148
0.972
1.008
1.16
0.956
1.012
1.156
1.124
1.096
1.036
0.972
1.06
1.076
1.016
1
1.076
1.04
1.016
0.88
0.916
1.084
1.072
1.088
1.016
0.924
0.956
1.012
1.053265
0.996
1.1
1.004
1.076
1.116
1.112
1.096
0.972
1.056
1.124
1.124
0.988
1.088
1.152
1.056
1.136
1.084
1.084
0.972
0.928
0.992
1.136
1.132
1.104
1.124
1.12
1.1
1.148
1.076
1.112
1.076
1.152
1.132
1.068
0.972
0.988
1.132
1.136
1.176
1.16
1.144
1.144
1.136
1.088
1.04
1.108
1.06
1.116
1.128
1.14
1.096
0.996
1.104
1.164
1.148
1.156
1.132
1.084
1.008
1.252
1.236
1.16
1.188
1.184
1.124
1.028
1.144
1.14
1.08
1.156
1.144
1.14
1.108
1.096
1.128
1.06
1.06
1.096
1.132
1.004
1.048
1.18
1.128
1.056
1.12
1.052
1.1
1.08
1.056
1.064
1.036
0.98
0.948
1.068
1.092
0.944
1
1.136
1.148
1.144
1.056
0.992
1.092
1.108
1.004
1.104
1.14
1.14
1.076
1.092
1.116
1.028
1.092
1.056
1.064
0.98
0.86
0.872
0.872
0.912
1.136
1.14
1.012
1.004
1.076
1.096
1.044
0.992
1.1
1.116
1.056
1.016
1.12
1.16
1.14
1.044
1.056
0.976
1.0805
0.912
1.136
1.104
1.224
1.176
1.164
1.116
1.072
1.072
1.104
1.088
1.1
1.152
1.16
1.132
1.12
1.048
1.132
1.144
1.004
1.06
1.128
1.192
1.088
1.136
1.16
1.192
1.152
1.064
1.148
1.144
1.128
1.084
1.096
1.148
1.02
0.896
0.912
0.916
0.964
0.976
1.144
1.052
1.12
1.08
1.088
1.084
1.064
1.144
1.16
1.128
1.032
1.116
1.14
1.076
1.072
1.124
1.104
1.04
1.132
1.156
1.148
1.024
1.028
0.972
1.06
1.056
1.104
1.152
1.14
1.12
1.104
1.032
1.072
1.068
1.044
1.092
1.068
1.064
1.064
0.976
1.028
1.108
1.084
0.996
0.984
0.908
1.068
1.044
1.092
1.132
1.1
1.092
1.104
1.112
1.1
1.14
1.136
1.092
1.154674
1.048
1.052
1.104
0.992
0.892
0.928
1.146201
1.152928
0.888
1.004
0.972
0.88
0.996
1.076
0.996
0.912
0.988
1.04
0.936
0.952
1.052
1.084
0.984
1.004
1.128
1.092
1.008
1.12
1.12
1
1.072
1.144
1.144
1.144
1.032
1.044
0.98
1.128
1.168
1.12
1.016
1.096
1.148
1.084
1.092
1.044
1.044
1.08
1.032
1.104
1.132
1.096
1.044
1.112
1.092
1.024
1.084
1.06
1.008
1.12
1.136
1.076
1.084
1.064
1
1.08
1.116
1.056
1.132
1.1
0.956
1.036
0.952
1.044
1.136
1.132
1.036
1.076
1.124
1.028
0.976
1.068
1.096
1.088
1.092
0.96
1.012
0.956
1.027039
1.036
1.104
1.152
1.14
1.008
1.064
1.108
1.124
1.004
1.048
1.164
1.132
1.004
1.092
1.172
1.2
1.072
1.108
1.116
1.144
1.112
1.092
1.048
1.008
1.084
1.04
1.04
1.1
1.104
1.092
0.984
0.992
1.092
1.124
1.024
0.988
1.12
1.104
1.218957
0.98
1.152
1.076
1.024
1.172
1.084
1.072
1.008
1.008
1.12
1.148
1.12
1.028
1.136
1.176
1.156
1.076
1.12
1.1
1.036
1.032
1.128
1.168
1.156
1.064
1.124
1.136
1.092
1
1.088
1.088
1.04
0.98
1.076933
0.856
1.032
1.168
1.184
1.136
1.088
1
1.036
1.172
1.184
1.152
1.044
1.1
1.144
1.152
1.052
1.128
1.148
1.116
1.012
1.112
1.144
1.14
1.044
1.132
1.144
1.068
1.056
1.148
1.116
1
1.104
1.132
1.06
1.112
1.108
1.084
0.996
1.108
1.156
1.1
1.052
1.1
1.076
1
1.08
1.096
1.056
0.948
1.096
1.16
1.084
0.956
1.056
1.12
1.108
0.96
1.036
1.108
1.028
1.092
1.156
1.128
1.052
1.116
1.112
1.02
1.06
1.092
1.068
0.972
1.032
1.112
1.108
1.048
1.104
1.096
1.012
1.036
1.028
0.932
1.004
1.108
1.08
1.032
1.104
1.08
1.044
1.104
1.104
1.008
1.056
1.072
1.096
1.032
1.08
1.096
1.032
1.092
1.108
1.056
1.112
1.076
0.968
1.088
1.14
1.156
1.1
1.096
1.152
1.148
1.096
1.084
1.084
1.036
0.976
0.992
1.12
1.132
1.08
1.116
1.092
0.968
1.072
0.936
0.88
0.888
0.92
1.211038
0.86
0.964
1.04
0.908
0.9732881
1.074671
1.084
1.068
1.024
1.052
1.056
1.068
1.056
0.968
1
1.136
1.148
1.136
1.02
0.956
1.044
1.112
1.096
0.96
1.064
1.156
1.12
1.024
1.072
1.088
1.096
0.96
0.976
1.06
1.02
1.012
1.076
1.036
0.936
1.032
1.068
1.068
0.992
1.028
1.092
1.052
0.972
1.012
1.036
0.98
0.924
0.992
1.08
0.98
1.112
1.112
1.096
0.968
1.024
1.1
1.1
1
1.044
1.06
0.948
1.004
1.104
1.1
0.98
1.04
1.116
1.056
0.968
1.08
1.144
1.12
1.028
1.024
1.092
1.08
0.956
1.024
1.088
1.052
0.984
1.052
1.068
0.984
1.04
1.028
0.956
1.004
1.052
1.04
0.936
0.996
1.04
1.032
1.024
0.92
1.048
1.108
1.068
0.952
0.904
1.165291
1.020058
0.9
0.888
1.148
1.144
1.032
1
1.076
1.044
0.94
1.044
1.108
0.944
1.076
1.056
1.024
1.04
0.944
0.94
0.916
0.892
1.016862
0.964
1.06
0.928
0.984
0.968
0.908
0.856
1.002913
0.9
0.98
0.988
0.956
0.984
0.992
1.04
1.032
0.976
0.98
0.904
0.912
1.088
1.136
1.104
1.104
1.088
1.032
1.016
1.128
1.116
0.9937452
1.24
1.196
1.136
1.068
1.2
1.148
1.056
1.136
1.16
1.148
1.176
1.144
1.084
1.136
1.112
1.084
0.984
1.108
1.132
1.096
1.172
1.152
1.084
1.052
1.112
1.148
1.068
1.1
1.104
1.06
1.016
1.104
1.132
1.056
1.108
1.128
1.092
0.976
1.048
1.064
0.988
1.064
1.164
1.128
1.128
1.044
0.956
1.056
1.104
1.052
1.092
1.092
1.084
1.072
1.004
1.04
1.036
0.972
0.864
0.968
1.148
1.104
1.052
0.96
1.044
1.104
1.1
0.964
0.96
1.088
1.136
1.044
1.044
1.132
1.116
0.968
0.996
1.044
1.048
1.008
1.028
1.024
0.888
0.932
1.1
1.092
1.064
1.036
0.9
0.968
1.056
1.068
0.964
0.988
1.1
1.096
1.04
1.08
1.096
1.076
1.012
1.068
1.092
1.056
0.9
0.944
0.912
1.04
1.132
1.084
1.052
1.056
0.956
1.008
0.972
1.033859
1.152
1.132
1.02
1.124
1.124
1.108
1.084
0.984
1.004
1.092
1.1
1.096
1.096
0.972
1.108
1.168
1.12
0.976
1.08
1.168
1.16
1.076
1.068
1.16
1.132
1.04
1.116
1.148
1.128
1.064
1.012
1.08
1.108
1.06
0.996
1.14
1.112
1.04
0.944
1.084
1.128
1.012
1.116
1.136
1.12
1.104
1.076
1.088
1.116
1.116
1.072
1.008
1.116
1.144
1.132
1.032
1.064
1.116
1.112
1.104
1.064
1.076
1.1
1.048
1.02
1.212
1.172
1.056
1.092
1.164
1.1
1.004
1.152
1.144
1.068
1.092
1.132
1.136
1.06
1.108
1.18
1.12
1.16
1.14
1.12
1.032
1.116
1.148
1.104
1.048
1.104
1.14
1.048
1.076
1.104
1.104
1.108
1.036
1.068
1.112
1.136
1.056
1.1
1.132
1.104
1
1.072
1.132
1.128
1.06
1.044
1.108
1.096
0.956
1.032
1.124
1.076
0.972
1.12
1.156
1.076
1.116
1.12
1.1
1.024
1.116
1.148
1.144
1.092
1.06
1.136
1.068
1.081825
1.028
1.036
1.136
1.124
0.976
1.108
1.104
1.02
0.964
1.06
1.084
0.968
1.024
1.112
1.092
0.972
1.016
1.064
1.036
1.08
1.144
1.116
1.02
1.116
1.144
1.056
0.9063837
1.136
1.02
1.008
1.136
1.124
1.008
1.028
1.064
1.092
1.08
0.936
1.004
1.112
1.068
1.02
1.084
1.096
1.052
0.944
1.052
1.092
1.08
0.96
1.068
1.08
0.996
0.884
0.976
1.096
1.052
0.908
1.028
1.104
1.008
1.056
1.068
0.98
1.008
1.076
1.056
0.96
1.068
1.084
0.988
0.908
1.048
1.088
1.08
0.948
0.964
1.068
1.092
1.052
0.936
1.048
1.112
1.112
1.08
0.972
1.044
1.1
1.064
0.952
0.976
1.072
1.104
1.024
1.04
1.124
1.1
1.08
0.936
0.948
1.108
1.072
1.016
1.112
1.124
0.964
1.02
1.116
1.084
0.952
1.08
1.116
1.08
1.024
1.112
1.112
1.04
1.06
1.092
1.072
1.048
1.06248
1.144
1.12
1.108
1.068
0.936
0.912
1.032
1.124
1.116
1.108
1.1
1.02
0.924
1.032
1.088
1.088
0.968
0.948
1.072
1.132
1.12
1.004
1.048
1.088
1.056
1.024
0.908
1.004
1.132
1.092
1.044
1.128
1.108
1.124
1.092
1.104
1.088
1.028
0.94
1
1.06
1.052
0.916
1.036
1.084
0.992
0.912
0.932
0.864
1.133172
1.19225
0.836
0.828
0.848
0.936
1.016
0.996
0.984
1
0.996
0.916
0.904
1.056
1.096
1.028
1.004
0.976
1.08
1.096
0.988
0.884
0.832
1.135475
1.095137
0.9115061
0.9945458
1.01287
1.090762
1.030855
0.9455442
1.162915
1.105679
0.904
0.992
1.028
1.036
0.96
0.972
0.996
1.008
0.964
0.948
0.992
1.064
1.008
0.98
1.172
1.172
1.18
1.172
1.16
1.056
1.152
1.14
1.1
0.936
1.156
1.188
1.088
1.136
1.16
1.156
1.02
1.108
1.16
1.124
1.028
1.172
1.156
1.064
1.064
1.14
1.148
1.088
0.972
1.112
1.136
1.076
1.012
1.1
1.124
1.068
1.088
1.064
0.94
1.068
1.14
1.092
0.936
1.008
1.144
1.124
1.024
1.096
1.032
0.98
0.892
0.848
0.948
1.1
1.072
1.052
1.04
1.036
1.036
1.028
0.9
1.04688
1.119222
0.9301533
1.077789
1.04
1.112
1.156
1.104
0.908
0.92
1.068
1.06
1.028
0.976
1.116
1.156
1.048
1.044
1.108
1.1
0.972
1.088
1.136
1.108
0.928
1.068
1.108
1.048
1.02
1.092
1.124
1.104
0.964
0.968
1.068
1.096
1.056
0.94
0.96
1.072
1.116
1.052
0.96
1.008
1.04
1.036
0.896
0.944
1.072
1.02
0.936
0.992
1.08
0.992
0.932
1.016
0.968
0.988
1.076
1.092
1.008
0.948
0.988
1.024
1.044
0.904
0.996
1.08
1.04
0.9816254
1.070655
0.812
1.015359
1.066489
0.824
0.904
0.8
0.82
0.848
0.876
0.884
0.832
1.117158
1.018868
0.816
0.852
0.804
1.092963
0.824
1.06
1.068
0.968
0.828
0.876
1.112
0.932
0.848
0.976
1.14
1.128
0.976
0.884
0.964
1.164
1.148
1.056
0.904
0.92
1.116
0.964
0.968
0.968
0.9263949
