0.996
0.992
0.968
1
0.976
0.98
0.996
0.988
0.98
0.996
0.996
1
0.992
0.98
0.988
0.96
0.972
0.972
0.976
0.972
0.96
0.956
0.992
0.988
0.984
0.984
1.02
0.984
0.984
0.976
0.968
0.992
0.992
0.96
0.96
0.984
1.004
0.976
0.98
0.992
1.02
0.992
1.008
0.992
0.996
0.976
0.98
0.992
0.98
0.984
0.976
0.972
0.996
0.972
0.968
1
1.008
0.984
0.988
1.012
1.004
0.996
1.008
1.012
0.988
1.016
1.008
0.984
1
1.004
1.008
1.012
1.024
0.984
1.004
1.004
0.976
0.972
0.996
0.964
0.988
0.988
0.964
0.972
0.988
1.008
1.004
0.988
0.976
0.968
0.94
0.924
0.968
0.968
0.924
0.96
0.996
0.98
1
1.016
1.004
0.98
1.016
1.012
0.98
1
1.012
1.02
1.028
1.052
1.016
1.036
1.016
1.024
1.04
1.004
1.016
1.036
1.012
1
1.032
1
1.016
1.004
0.96
1.036
1.02
1
1.004
1.016
0.984
1.004
0.992
0.972
1.008
1.012
0.988
0.984
1.008
0.988
0.98
0.996
0.992
0.98
0.988
0.988
1.008
1.008
1
0.972
1.008
1.012
0.968
0.992
0.996
0.98
1.012
0.992
0.98
0.984
0.984
0.972
1
0.996
0.988
1.024
1.016
1.004
1.016
1.016
1
0.98
1.016
0.996
0.964
0.992
0.996
0.972
0.992
0.992
0.98
0.996
0.972
0.968
1
0.976
1.008
1.008
0.972
0.992
1.004
0.996
0.988
1.012
1.02
0.996
1.012
1.024
1.012
1.044
1.032
1.028
1.036
1.036
1.024
1
1.036
1.016
0.996
1.012
1.024
1.016
1.056
1.04
1.032
1.044
1.012
1.032
1.036
0.98
1.016
1.016
1.016
1.032
1.04
0.992
1.04
1.016
1.016
1.04
1.032
0.996
1.04
1.02
1.012
1.028
1.028
1
1.032
1.052
1.02
1.052
1.04
1.04
1.032
1.012
1.012
1.024
0.992
1.012
1.004
0.996
0.988
1.02
0.992
1
1.02
1.008
1.012
1.04
1.008
1.004
1.036
1.024
1.032
1.028
1.032
1.008
1.028
1.036
1.004
1.008
1.008
1
1.012
1.024
1.016
0.996
1.028
1.028
1.028
1.068
1.064
1.052
1.064
1.048
1.028
1.04
1.052
1.024
1.044
1.008
1.016
1.032
1.048
1.024
1.04
1.048
1.024
1.044
1.028
1.028
1.044
1.032
1.012
1.032
1.048
1.032
1.076
1.084
1.064
1.056
1.06
1.044
1.048
1.052
1.064
1.072
1.056
1.056
1.044
1.072
1.056
1.024
1.072
1.044
1.036
1.056
1.06
1.036
1.056
1.052
1.004
1.048
1.056
1.036
1.036
1.056
1.076
1.068
1.06
1.072
1.052
1.044
1.056
1.052
1.032
1.028
1.04
1.012
1.036
1.028
1.008
1.06
1.044
1.032
1.048
1.072
1.06
1.052
1.064
1.06
1.048
1.048
1.064
1.056
1.056
1.08
1.068
1.064
1.08
1.064
1.068
1.076
1.06
1.032
1.048
1.048
1.032
1.068
1.06
1.028
1.068
1.088
1.056
1.064
1.084
1.08
1.056
1.076
1.06
1.052
1.048
1.044
1.023579
0.972
1.072
1.064
1.08
1.084
1.064
1.096
1.084
1.024
1.064
1.052
1.048
1.08
1.048
1.048
1.064
1.044
1.072
1.084
1.068
1.052
1.072
1.048
1.052
1.068
1.036259
1.089282
1.064
1.04548
1.128
1.096
1.092
1.072
1.088
1.06
1.04
1.068
1.028
1.016
0.992
0.996
0.992
0.996
1.008
1.012
1
1.044
1.048
1.032
1.048
1.056
1.028
1.032
1.024
1.016
1.012
1.036
1.016
1.016
0.984
1.016
1
0.984
1.012
0.98
0.984
0.988
0.988
0.984
0.992
1.012
0.992
1.008
1.012
1.012
1.016
1.024
1.02
1.04
1.044
1.028
1.064
1.036
1.044
1.004
1.048
1.048
1.032
1.052
1.024
1.036
1.06
1.036
1.016
1.072
1.02
1.016
1.072
1.032
1.016
1.052
1.02
0.988
1.032
1.032
1.012
1.024
1
1.012
1.036
1.032
1.048
1.068
1.02
1.068
1.06
1.044
1.06
1.056
1.048
1.028
1.052
1.044
1.036
1.072
1.044
1.04
1.024
1.052
1.032
1.044
1.052
1.056
1.08
1.036
1.044
1.036
1.04
1.052
1.052
1.04
1.04
1.076
1.032
1.04
1.056
1.016
1.004
1.052
1.056
1.044
1.06
1.076
1.02
1.036
1.048
1.052
1.044
1.088
1.04
1.04
1.06
1.064
1.052
1.044
1.060217
1.032
1.02
1.024
0.988
1.024
1.04
1.012
1.012
1.056
1.024
1.024
1.064
1.028
1.032
1.056
1.02
1.032
1.028
1.024
1.028
1.016
1.02
1.052
1.032
1.044
1.08
1.068
1.068
1.08
1.048
1.04
1.088
1.064
1.072
1.076
1.072
1.06
1.084
1.072
1.044
1.052
1.068
1.048
1.06
1.08
1.072
1.056
1.068
1.048
1.04
1.048
1
1.064
1.056
1.028
1.068
1.136
1.052
1.052
1.068
1.052
1.032
1.072
1.048
1.064
1.06
1.056
1.072
1.088
1.084
1.072
1.068
1.04
1.064
1.064
1.048
1.056
1.068
1.048
1.056
1.072
1.076
1.08
1.096
1.06
1.068
1.068
1.076
1.084
1.08
1.064
1.064
1.088
1.06
1.052
1.08
1.068
1.052
1.02
1.048
1.024
1
1.036
1.056
1.072
1.044
0.992
1.114868
1.077826
1.064
1.088
1.06
1.092
1.056
1.092
1.08
1.056
1.08
1.06
1.052
1.076
1.052
1.068
1.064
1.072
1.052
1.08
1.076
1.056
1.068
1.092
1.064
1.08
1.092
1.08
1.08
1.108
1.096
1.072
1.08
1.084
1.092
1.068
1.064
1.06
1.072
1.076
1.048
1.08
1.06
1.036
1.08
1.072
1.064
1.08
1.108
1.088
1.084
1.108
1.068
1.064
1.096
1.096
1.112
1.096
1.076
1.068
1.096
1.084
1.048
1.088
1.1
1.08
1.096
1.104
1.092
1.052
1.096
1.08
1.06
1.084
1.08
1.072
1.092
1.052
1.048
1.088
1.06
1.076
1.084
1.08
1.072
1.04
1.052
1.032
1.030812
0.988
1.084
1.048039
1.156
1.12
1.116
1.144
1.128
1.096
1.108
1.12
1.124
1.076
1.1
1.064
1.084
1.112
1.096
1.096
1.084
1.124
1.084
1.144
1.108
1.084
1.104
1.1
1.12
1.056
1.044
1.064
1.032
1.028
1.04
1.028
1.024
1.056
1.036
1.024
1.048
1.032
1.036
1.056821
1.068
1.068
1.048
1.044
1.088
1.06
1.06
1.072
1.084
1.052
1.104
1.056
1.084
1.1
1.072
1.104
1.112
1.092
1.092
1.1
1.076
1.076
1.092
1.064
1.036
1.092
1.04
1.068
1.068
1.048
1.06
1.06
1.044
1.06
1.056
1.048
1.076
1.08
1.04
1.084
1.06
1.056
1.064
1.072
1.06
1.044
1.076
1.064
1.028
1.064
1.056
1.052
1.076
1.064
1.04
1.072
1.076
1.024
1.068
1.056
1.044
1.032
1.048
1.044
1.024
1.072
1.044
1.044
1.052
1.04
1.032
1.076
1.036
1.056
1.06
1.052
1.06
1.072
1.036
1.064
1.04
1.016
1.04
1.04
1.02
1.036
1.012
1.004
1.056
1.036
1
1.04
1.04
1.02
1.04
1.04
1.032
1.048
1.024
1.04
1.044
1.024
1.024
1.032
1.004
1.024
1.008
1
1.004
1.02
1
1.036
1.044
1.032
1.04
1.052
1.036
1.084
1.068
1.068
1.056
1.076
1.068
1.072
1.068
1.08
1.068
1.08
1.06
1.04
1.052
1.06
1.06
1.04
1.084
1.104
1.052
1.068
1.052
1.04
1.068
1.084
1.064
1.092
1.088
1.076
1.068
1.056
1.036
1.088
1.068
1.056
1.092
1.096
1.1
1.084
1.068
1.072
1.12
1.096
1.064
1.1
1.072
1.06
1.088
1.064
1.06
1.06
1.048
1.064
1.072
1.056
1.068
1.052
1.056
1.08
1.08
1.056
1.088
1.092
1.076
1.076
1.072
1.064
1.116
1.084
1.064
1.096
1.088
1.06
1.072
1.084
1.06
1.088
1.104
1.076
1.072
1.1
1.084
1.072
1.088
1.096
1.084
1.088
1.08
1.06
1.068
1.110773
1.108
1.088
1.064
1.112
1.084
1.068
1.084
1.084
1.06
1.064
1.068
1.076
1.036
1.088
1.056
1.076
1.084
1.06
1.092
1.08
1.048
1.084
1.088
1.076
1.056
1.1
1.068
1.064
1.104
1.096
1.092
1.072
1.076
1.084
1.1
1.104
1.092
1.072
1.076
1.072
1.048
1.068
1.056
1.06
1.068
1.072
1.04
1.08
1.084
1.056
1.072
1.072
1.064
1.08
1.06
1.06
1.084
1.068
1.08
1.112
1.076
1.092
1.108
1.084
1.072
1.076
1.072
1.084
1.068
1.056
1.092
1.088
1.072
1.064
1.092
1.072
1.076
1.084
1.068
1.068
1.088
1.068
1.048
1.06
1.064
1.068
1.088
1.084
1.116
1.084
1.06
1.072
1.08
1.056
1.072
1.112
1.068
1.104
1.1
1.068
1.108
1.132
1.072
1.052
1.088
1.068
1.048
1.092
1.08
1.056
1.076
1.052
1.064
1.072
1.06
1.056
1.08
1.1
1.072
1.068
1.076
1.064
1.1
1.08
1.084
1.072
1.1
1.068
1.06
1.072
1.096
1.068
1.084
1.052
1.056
1.084
1.08
1.06
1.084
1.096
1.072
1.12
1.092
1.072
1.096
1.096
1.092
1.072
1.132
1.1
1.052
1.112
1.08
1.084
1.088
1.068
1.052
1.084
1.08
1.084
1.096
1.084
1.096
1.12
1.092
1.08
1.128
1.116
1.052
1.092
1.088
1.06
1.088
1.08
1.08
1.072
1.068
1.08
1.072
1.064
1.104
1.076
1.08
1.108
1.116
1.1
1.1
1.128
1.124
1.104
1.132
1.092
1.132
1.136
1.104
1.116
1.1
1.084
1.08
1.108
1.084
1.1
1.092
1.052
1.076
1.092
1.056
1.084
1.088
1.068
1.104
1.088
1.088
1.1
1.088
1.052
1.08
1.088
1.044
1.056
1.056
1.04
1.056
1.108
1.092
1.096
1.112
1.072
1.08
1.068
1.048
1.088
1.06
1.084
1.072
1.06
1.092
1.06
1.068
1.056
1.068
1.06
1.088
1.056
1.044
1.084
1.068
1.064
1.108
1.076
1.068
1.1
1.056
1.076
1.088
1.076
1.064
1.084
1.088
1.056
1.072
1.068
1.028
1.056
1.04
1.032
1.036
1.068
1.036
1.068
1.064
1.06
1.048
1.056
1.06
1.048
1.072
1.068
1.044
1.072
1.096
1.068
1.076
1.068
1.032
1.036
1.044
1.036
1.028
1.068
1.048
1.04
1.096
1.044
1.076
1.072
1.052
1.052
1.052
1.048
1.048
1.052
1.04
1.032
1.032
1.056
1.032
1.036
1.044
1.052
1.052
1.048
1.044
1.04
1.076
1.064
1.072
1.072
1.088
1.096
1.084
1.06
1.116
1.1
1.088
1.068
1.08
1.04
1.068
1.084
1.04
1.044
1.064
1.068
1.084
1.12
1.08
1.104
1.092
1.068
1.076
1.108
1.064
1.088
1.1
1.08
1.068
1.128
1.104
1.096
1.08
1.128
1.068
1.052
1.1
1.072
1.06
1.076
1.056
1.068
1.096
1.08
1.072
1.1
1.072
1.08
1.084
1.06
1.08
1.088
1.052
1.08
1.076
1.112
1.08
1.14
1.088
1.064
1.144
1.084
1.084
1.104
1.096
1.092
1.104
1.116
1.084
1.064
1.08
1.072
1.092
1.088
1.052
1.064
1.064
1.052
1.088
1.072
1.04
1.076
1.104
1.076
1.088
1.092
1.092
1.08
1.092
1.088
1.088
1.072
1.052
1.088
1.072
1.052
1.08
1.072
1.076
1.1
1.068
1.064
1.104
1.068
1.088
1.112
1.092
1.1
1.108
1.1
1.108
1.1
1.08
1.1
1.112
1.116
1.084
1.108
1.108
1.104
1.104
1.104
1.084
1.132
1.136
1.084
1.088
1.112
1.116
1.116
1.128
1.128
1.12
1.104
1.084
1.1
1.092
1.06
1.068
1.092
1.076
1.092
1.08
1.1
1.068
1.068
1.096
1.076
1.096
1.1
1.068
1.092
1.068
1.072
1.064
1.1
1.068
1.1
1.08
1.068
1.1
1.064
1.088
1.104
1.072
1.06
1.08
1.072
1.08
1.088
1.052
1.096
1.088
1.088
1.1
1.096
1.076
1.084
1.072
1.064
1.096
1.084
1.06
1.084
1.076
1.04
1.084
1.06
1.06
1.12
1.088
1.088
1.108
1.088
1.068
1.112
1.08
1.052
1.08
1.084
1.048
1.08
1.076
1.104
1.108
1.1
1.08
1.092
1.092
1.092
1.1
1.088
1.072
1.104
1.108
1.088
1.096
1.084
1.08
1.1
1.096
1.068
1.104
1.088
1.108
1.08
1.052
1.092
1.056
1.084
1.084
1.056
1.104
1.084
1.076
1.112
1.088
1.084
1.112
1.1
1.104
1.1
1.092
1.08
1.104
1.088
1.072
1.096
1.096
1.08
1.136
1.14
1.108
1.136
1.124
1.108
1.092
1.136
1.096
1.076
1.112
1.084
1.056
1.1
1.112
1.088
1.088
1.108
1.084
1.088
1.088
1.088
1.104
1.116
1.092
1.092
1.104
1.112
1.096
1.088
1.112
1.1
1.08
1.092
1.084
1.068
1.096
1.072
1.1
1.092
1.076
1.1
1.096
1.064
1.092
1.08
1.06
1.076
1.068
1.084
1.08
1.08
1.048
1.088
1.096
1.1
1.08
1.128
1.108
1.116
1.132
1.128
1.108
1.084
1.064
1.084
1.08
1.092
1.124
1.096
1.152
1.132
1.116
1.084
1.14
1.092
1.1
1.104
1.068
1.092
1.088
1.056
1.088
1.072
1.064
1.084
1.068
1.092
1.076
1.092
1.116
1.124
1.084
1.108
1.128
1.1
1.14
1.104
1.084
1.088
1.116
1.088
1.108
1.084
1.076
1.108
1.088
1.08
1.104
1.092
1.104
1.112
1.096
1.1
1.092
1.084
1.112
1.128
1.096
1.124
1.124
1.088
1.092
1.128
1.088
1.128
1.1
1.12
1.104
1.108
1.076
1.116
1.092
1.068
1.088
1.08
1.056
1.088
1.088
1.08
1.124
1.092
1.104
1.112
1.092
1.124
1.096
1.096
1.168
1.112
1.08
1.124
1.1
1.104
1.112
1.104
1.084
1.104
1.096
1.064
1.112
1.096
1.088
1.116
1.084
1.12
1.092
1.068
1.088
1.112
1.088
1.108
1.12
1.088
1.112
1.14
1.12
1.112
1.136
1.112
1.1
1.12
1.112
1.092
1.128
1.144
1.092
1.092
1.132
1.112
1.088
1.148
1.156
1.108
1.132
1.144
1.096
1.112
1.124
1.116
1.092
1.084
1.096
1.076
1.099316
1.100511
1.148
1.076
1.092
1.1
1.072
1.092
1.076
1.088
1.088
1.076
1.096
1.108
1.104
1.108
1.092
1.108
1.088
1.092
1.104
1.092
1.096
1.084
1.088
1.104
1.096
1.104
1.096
1.076
1.1
1.076
1.092
1.124
1.092
1.104
1.108
1.08
1.096
1.116
1.096
1.104
1.1
1.108
1.112
1.088
1.12
1.108
1.076
1.084
1.088
1.068
1.084
1.08
1.064
1.096
1.088
1.08
1.108
1.088
1.084
1.096
1.072
1.076
1.108
1.068
1.104
1.088
1.08
1.096
1.08
1.08
1.056
1.084
1.072
1.068
1.088
1.064
1.068
1.1
1.112
1.068
1.084
1.108
1.068
1.08
1.08
1.056
1.016
1.044
1.068
1.06
1.06
1.08
1.048
1.068
1.068
1.072
1.056
1.076
1.084
1.052
1.04
1.072
1.052
1.08
1.092
1.072
1.092
1.088
1.076
1.076
1.072
1.08
1.092
1.068
1.096
1.088
1.048
1.068
1.064
1.068
1.044
1.024
1.056
1.04
1.036
1.088
1.056
1.088
1.08
1.072
1.076
1.076
1.06
1.092
1.072
1.068
1.072
1.068
1.08
1.052
1.06
1.076
1.06
1.072
1.1
1.084
1.072
1.064
1.064
1.06
1.06
1.044
1.076
1.076
1.052
1.072
1.056
1.056
1.064
1.092
1.076
1.076
1.076
1.052
1.068
1.084
1.056
1.084
1.048
1.04
1.044
1.056
1.044
1.04
1.064
1.06
1.048
1.06
1.088
1.056
1.076
1.064
1.052
1.088
1.04
1.06
1.02
1.028
1.048
1.032
1.02
1.028
1.032
1.012
1.068
1.052
1.056
1.052
1.04
1.044
1.068
1.052
1.064
1.04
1.076
1.08
1.076
1.04
1.056
1.04
1.024
1.072
1.068
1.06
1.06
1.068
1.068
1.08
1.088
1.076
1.104
1.092
1.036
1.076
1.064
1.068
1.112
1.06
1.068
1.088
1.08
1.096
1.06
1.068
1.064
1.056
1.06
1.068
1.032
1.052
1.06
1.048
1.056
1.076
1.044
1.048
1.072
1.04
1.06
1.072
1.04
1.072
1.056
1.036
1.04
1.072
1.04
1.072
1.032
1.064
1.068
1.056
1.06
1.032
1.056
1.072
1.056
1.064
1.068
1.092
1.056
1.06
1.06
1.064
1.052
1.076
1.08
1.06
1.08
1.12
1.072
1.084
1.088
1.048
1.052
1.072
1.052
1.048
1.044
1.04
1.084
1.052
1.04
1.076
1.048
1.036
1.068
1.072
1.064
1.064
1.064
1.06
1.084
1.048
1.08
1.064
1.044
1.076
1.084
1.08
1.1
1.08
1.092
1.096
1.108
1.092
1.088
1.108
1.08
1.096
1.096
1.076
1.08
1.096
1.104
1.076
1.104
1.096
1.092
1.092
1.096
1.08
1.092
1.1
1.084
1.024
1.056
1.068
1.016
1.128
1.092
1.056
1.092
1.072
1.06
1.052
1.064
1.052
1.092
1.088
1.088
1.076
1.092
1.076
1.084
1.088
1.092
1.112
1.088
1.104
1.104
1.08
1.052
1.088
1.064
1.076
1.08
1.076
1.096
1.084
1.072
1.08
1.088
1.048
1.092
1.068
1.052
1.064
1.068
1.052
1.092
1.1
1.068
1.096
1.096
1.076
1.096
1.072
1.068
1.104
1.092
1.064
1.096
1.08
1.084
1.1
1.08
1.06
1.1
1.096
1.064
1.096
1.092
1.088
1.104
1.088
1.1
1.12
1.096
1.092
1.084
1.116
1.068
1.084
1.108
1.084
1.096
1.08
1.096
1.092
1.108
1.052
1.084
1.056
1.072
1.08
1.036
1.052
1.064
1.044
1.048
1.06
1.044
1.056
1.08
1.024
1.076
1.048
1.08
1.104
1.055209
1.1
1.128
1.104
1.1
1.136
1.035164
1.124
1.096
1.12
1.104
1.076
1.096
1.088
1.092
1.088
1.092
1.092
1.104
1.08
1.084
1.104
1.068
1.064
1.108
1.072
1.048
1.076
1.028
1.044
1.068
1.028
1.064
1.064
1.06
1.052
1.06
1.02
1.04
1.06
1.016
1.084
1.048
1.02
0.968
1.068
1.102379
1.08
1.06
1.048
1.092
1.064
1.028
1.04
1.052
1.052
1.052
1.064
1.076
1.064
1.072
1.084
1.064
1.072
1.108
1.076
1.076
1.076
1.08
1.08
1.076
1.088
1.06
1.036
1.072
1.068
1.052
1.032
1.032
1.016
1.032
1.004
0.996
1.008
1
1.032
1.048
1.044
1.02
1.036
1.012
1.028
1.016
0.984
0.996
0.988
1.008
1.028
1.036
1.032
1.036
1.032
1.052
1.032
1.028
1.044
1.032
0.996
1.02
0.996
1
0.988
0.992
1.008
1.008
1
1.008
0.984
0.968
0.976
0.972
1.004
0.98
0.988
0.964
1
1.016
0.98
1.008
1
1
0.992
1.012
0.992
1.008
0.996
0.988
1.008
0.968
0.98
1.016
0.98
1.024
1.008
0.988
1
1.004
0.98
0.996
1
0.976
1.004
1.008
0.972
1.032
0.988
1.004
1.004
1.004
0.996
1.02
1.008
1.004
1.04
0.988
1.004
1.036
1.004
1.008
1.016
0.992
0.992
1.012
1.02
1
1.008
0.972
0.984
1.012
0.988
0.996
1.036
1.024
1.012
1.036
1.004
1.032
1.016
1.032
1.008
1.016
1.016
1.012
1.024
1.024
1.06
1.056
1.028
1.036
1.044
1.028
1.04
1.052
1.028
1.036
1.076
1.032
1.04
1.052
1.048
1.06
1.056
1.056
1.044
1.02
1.008
1.036
1.012
0.992
1.016
0.98
1.004
1.012
1.004
1.032
1.012
1.04
1.052
1.048
1.044
1.068
1.052
1.044
1.032
1.008
1.028
1.036
1.012
1.06
1.052
1.012
1.024
1.024
1.02
1.04
1.024
1.024
1.028
1.068
1.084
1.044
1.06
1.056
1.064
1.06
1.036
1.036
1.052
1.056
1.064
1.044
1.056
1.04
1.06
1.048
1.08
1.06
1.036
1.056
1.056
1.052
1.092
1.06
1.088
1.072
1.036
1.056
1.08
1.04
1.056
1.092
1.052
1.076
1.072
1.108
1.072
1.016
1.08
1.028
0.988
1.04
1.02
0.996
1.028
1.024
1.044
1.068
1.036
1.06
1.056
1.052
1.06
1.06
1.044
1.028
1.04
1.028
1.056
1.028
1.048
1.048
1.028
1.06
1.044
1.04
1.06
1.056
1.048
1.064
1.048
1.048
1.068
1.052
1.036
1.052
1.032
1.04
1.044
1.016
1.02
1.032
1.044
1.04
1.052
1.036
1.048
1.052
1.036
1.06
1.076
1.044
1.036
1.048
1.028
1.048
1.04
1.02
1.032
1.04
1.016
1.02
1.044
1.016
1.028
1.04
1.02
1.02
1.044
0.992
1.052
1.012
1.016
1.02
1.004
1.012
1.008
1.028
1.02
1.012
1.016
1.008
1.012
1.008
1
1.016
1
0.996
1.02
1.04
1.012
1.032
1.028
1.008
1.04
1.02
1.024
1.048
1.036
1.068
1.076
1.068
1.04
1.032
1.028
1.068
1.056
1.052
1.056
1.06
1.064
1.052
1.048
1.048
1.048
1.056
1.08
1.072
1.1
1.104
1.056
1.08
1.104
1.068
1.096
1.064
1.068
1.08
1.064
1.08
1.108
1.076
1.056
1.092
1.072
1.052
1.068
1.056
1.068
1.056
1.032
1.044
1.04
1.04
1.06
1.012
1.036
1.044
1.024
1.036
1.044
1.028
1.044
1.048
1.036
1.036
1.048
1.04
1.064
1.076
1.048
1.076
1.072
1.068
1.084
1.088
1.124
1.06
1.1
1.096
1.052
1.08
1.076
1.056
1.052
1.048
1.056
1.052
1.048
1.036
1.096
1.056
1.04
1.032
1.032
1.02
1.02
1.032
1.02
1.036
1.052
1.044
1.048
1.048
1.024
1.052
1.06
1.028
1.036
1.028
1.032
1.06
1.072
1.008
1.056
1.076
1.052
1.06
1.02
1.044
1.076
1.052
1.052
1.056
1.044
1.056
1.064
1.048
1.056
1.088
1.056
1.072
1.088
1.056
1.06
1.096
1.068
1.088
1.1
1.06
1.096
1.084
1.08
1.092
1.088
1.064
1.06
1.072
1.084
1.072
1.06
1.052
1.088
1.08
1.056
1.096
1.076
1.072
1.084
1.068
1.052
1.064
1.052
1.084
1.088
1.052
1.096
1.076
1.064
1.072
1.06
1.056
1.048
1.036
1.064
1.056
1.028
1.04
1.052
1.036
1.044
1.068
1.056
1.068
1.08
1.048
1.068
1.04
1.044
1.068
1.084
1.056
1.072
1.084
1.064
1.06
1.08
1.052
1.056
1.044
1.048
1.028
1.06
1.048
1.056
1.068
1.072
1.06
1.072
1.1
1.076
1.112
1.084
1.084
1.068
1.112
1.1
1.056
1.084
1.112
1.076
1.1
1.048
1.024
1.056
1.044
1.04
1.072
1.048
1.036
1.04
1.04
1
1.024
1.028
1.077427
1.012
1.04
1.036
1.048
1.036
1.048
1.072
1.04
1.072
1.068
1.056
1.076
1.048
1.024
1.068
1.04
1.064
1.072
1.056
1.072
1.04
1.06
1.072
1.076
1.092
1.084
1.06
1.08
1.076
1.076
1.088
1.068
1.12
1.084
1.056
1.088
1.088
1.068
1.092
1.088
1.072
1.088
1.116
1.064
1.108
1.096
1.088
1.056
1.084
1.076
1.072
1.096
1.068
1.076
1.08
1.056
1.076
1.072
1.044
1.06
1.052
1.076
1.064
1.052
1.056
1.068
1.048
1.04
1.04
1.036
1.028
1.032
1.028
1.04
1.012
1.04
1.02
1.016
1.048
1.044
1.04
1.06
1.056
1.056
1.08
1.068
1.04
1.056
1.072
1.056
1.076
1.076
1.044
1.04
1.052
1.048
1.044
1.064
1.036
1.028
1.06
1.052
1.064
1.088
1.032
1.088
1.068
1.072
1.084
1.092
1.072
1.08
1.088
1.072
1.084
1.112
1.088
1.084
1.096
1.104
1.08
1.092
1.104
1.088
1.12
1.128
1.08
1.096
1.096
1.068
1.108
1.096
1.092
1.112
1.116
1.084
1.1
1.1
1.108
1.12
1.072
1.096
1.076
1.036
1.08
1.068
1.02
1.052
1.052
1.04
1.044
1.06
1.032
1.017181
1.096174
1.088
1.056
1.076
1.08
1.072
1.076
1.08
1.06
1.084
1.068
1.056
1.072
1.072
1.072
1.084
1.064
1.076
1.096
1.06
1.092
1.084
1.056
1.048
1.092
1.068
1.096
1.096
1.084
1.096
1.12
1.08
1.096
1.096
1.056
1.088
1.084
1.092
1.1
1.084
1.072
1.08
1.104
1.084
1.084
1.096
1.06
1.08
1.08
1.072
1.092
1.12
1.108
1.088
1.096
1.092
1.1
1.116
1.056
1.116
1.08
1.06
1.124
1.08
1.032
1.012
1.016
1.04
1.036
1.004
1.065369
1.047812
1.064
1.108
1.08
1.096
1.108
1.1
1.08
1.076
1.08
1.064
1.068
1.072
1.06
1.012
1.048
1.02
1.032
1.028
1.048
1.068
1.052
1.064
1.072
1.084
1.084
1.088
1.068
1.092
1.1
1.096
1.1
1.104
1.076
1.124
1.08
1.104
1.116
1.072
1.084
1.084
1.068
1.108
1.112
1.116
1.1
1.056
1.096
1.092
1.076
1.116
1.116
1.076
1.116
1.084
1.076
1.1
1.088
1.112
1.108
1.112
1.096
1.136
1.084
1.064
1.088
1.052
1.048
1.068
1.04
1.08
1.076
1.064
1.08
1.084
1.084
1.076
1.052
1.08
1.096
1.068
1.084
1.072
1.052
1.088
1.092
1.06
1.104
1.088
1.092
1.084
1.084
1.084
1.104
1.112
1.092
1.1
1.136
1.112
1.08
1.1
1.128
1.12
1.08
1.132
1.12
1.112
1.084
1.108
1.068
1.104
1.108
1.064
1.136
1.092
1.132
1.104
1.092
1.112
1.108
1.088
1.108
1.128
1.084
1.108
1.092
1.076
1.112
1.096
1.06
1.088
1.084
1.076
1.116
1.088
1.092
1.084
1.084
1.088
1.068
1.084
1.108
1.088
1.1
1.08
1.06
1.068
1.108
1.092
1.092
1.096
1.056
1.08
1.06
1.068
1.096
1.096
1.072
1.104
1.1
1.08
1.1
1.108
1.084
1.104
1.1
1.104
1.116
1.136
1.108
1.124
1.16
1.132
1.104
1.104
1.108
1.104
1.092
1.08
1.104
1.092
1.024
1.068
1.068
1.116
1.064
1.096
1.06
1.068
1.072
1.048
1.064
1.096
1.06
1.092
1.096
1.084
1.084
1.084
1.08
1.1
1.056
1.128
1.12
1.064
1.112
1.064
1.084
1.072
1.044
1.048
1.044
1.052
1.032
1.084
1.072
1.06
1.068
1.08
1.08
1.1
1.092
1.092
1.108
1.12
1.104
1.064
1.108
1.072
1.044
1.104
1.06
1.056
1.088
1.064
1.044
1.052
1.04
1.06
1.04
1.012
1.056
1.008
1.02
1.036
1.052
1.06
1.076
1.052
1.076
1.056
1.06
1.048
1.068
1.084
1.072
1.04
1.076
1.088
1.02
1.076
1.056
1.072
1.052
1.084
1.064
1.08
1.036
1.024
1.084
1.068
1.07843
1.054513
1.172
1.092
1.08
1.08
1.076
1.084
1.048
1.052
1.04
1.088
1.08
1.08
1.112
1.1
1.08
1.092
1.084
1.1
1.104
1.1
1.084
1.092
1.076
1.072
1.08
1.088
1.084
1.056
1.068
1.108
1.112
1.088
1.1
1.1
1.068
1.084
1.064
1.084
1.096
1.068
1.08
1.068
1.064
1.076
1.1
1.096
1.116
1.12
1.104
1.096
1.072
1.128
1.108
1.112
1.112
1.056
1.076
1.128
1.088
1.148
1.116
1.096
1.116
1.092
1.084
1.092
1.1
1.084
1.092
1.092
1.104
1.072
1.092
1.1
1.076
1.092
1.072
1.088
1.1
1.052
1.116
1.116
1.08
1.1
1.068
1.08
1.096
1.072
1.088
1.068
1.08
1.12
1.148
1.124
1.12
1.112
1.112
1.1
1.096
1.076
1.128
1.112
1.084
1.128
1.088
1.108
1.088
1.056
1.096
1.112
1.088
1.072
1.084
1.092
1.076
1.096
1.112
1.128
1.112
1.088
1.132
1.104
1.052
1.1
1.08
1.016
1.04
1.068
1.076
1.112
1.112
1.076
1.088
1.064
1.052
1.048
1.084
1.068
1.068
1.076
1.048
1.068
1.064
1.04
1.076
1.076
1.052
1.028
1.072
1.044
1.036
1.044
1.04
1.06
1.072
1.048
1.064
1.068
1.044
1.072
1.076
1.056
1.08
1.128
1.1
1.084
1.148
1.128
1.096
1.108
1.072
1.056
1.056
1.04
1.092
1.056
1.036
1.04
1.04
1.044
1.036
1.076
1.052
1.092
1.112
1.06
1.092
1.084
1.084
1.108
1.068
1.088
1.08
1.104
1.12
1.088
1.112
1.108
1.116
1.112
1.092
1.08
1.104
1.072
1.076
1.08
1.068
1.1
1.104
1.088
1.088
1.076
1.072
1.072
1.076
1.08
1.108
1.108
1.096
1.088
1.076
1.06
1.068
1.072
1.036
1.06
1.028
1.096
1.08
1.068
1.064
1.032
1.052
1.08
1.104
1.096
1.092
1.048
1.108
1.068
1.084
1.092
1.088
1.056
1.088
1.06
1.088
1.088
1.096
1.12
1.112
1.108
1.096
1.124
1.1
1.072
1.096
1.1
1.108
1.096
1.088
1.104
1.096
1.092
1.096
1.096
1.14
1.1
1.092
1.068
1.064
1.056
1.072
1.084
1.072
1.088
1.08
1.112
1.088
1.088
1.08
1.072
1.092
1.128
1.072
1.108
1.108
1.096
1.096
1.112
1.088
1.112
1.124
1.088
1.088
1.116
1.084
1.112
1.116
1.084
1.128
1.1
1.1
1.12
1.104
1.088
1.104
1.088
1.076
1.112
1.076
1.068
1.092
1.068
1.08
1.088
1.076
1.068
1.076
1.092
1.084
1.052
1.068
1.064
1.04
1.112
1.076
1.088
1.092
1.068
1.064
1.044
1.092
1.092
1.068
1.084
1.068
1.052
1.064
1.068
1.068
1.044
1.024
1.036
1.056
1.056
1.036
1.024
1.032
1.076
1.044
1.052
1.048
1.06
1.08
1.072
1.04
1.056
1.052
1.044
1.024
1.044
1.048
1.016
1.044
1.048
1.048
1.08
1.108
1.072
1.076
1.044
1.064
1.084
1.084
1.076
1.076
1.044
1.044
1.032
1.06
1.072
1.068
1.068
1.02
1.028
1.048
1.044
1.072
1.044
1.024
1.052
1.056
1.056
1.072
1.02
1.02
1.028
1.016
1.064
1.032
1.032
1.056
1.06
1.08
1.024
1.048
1.036
1.048
1.048
1.068
1.052
1.057619
1.060712
1.029331
1.044
1.068
1.048
1.06
1.072
1.04
1.06
1.048
1.068
1.072
1.084
1.112
1.12
1.128
1.136
1.116
1.088
1.116
1.104436
1.084216
1.046038
1.148
1.128
1.104
1.1
1.124
1.108
1.104
1.1
1.104
1.008
1.004
1.11709
1.124
1.09267
1.168
1.128
1.124
1.116
1.112
1.148
1.132
1.12
1.148
1.14
1.136
1.168
1.156
1.116
1.112
1.128
1.108
1.108
1.108
1.116
1.148
1.08
1.1
1.084
1.096
1.1
1.104
1.124
1.124
1.108
1.132
1.124
1.092
1.108
1.1
1.108
1.116
1.104
1.112
1.084
1.096
1.096
1.08
1.108
1.084
1.068
1.088
1.08
1.1
1.116
1.092
1.112
1.088
1.08
1.088
1.092
1.104
1.084
1.08
1.072
1.06
1.068
1.048
1.092
1.072
1.108
1.096
1.1
1.12
1.116
1.092
1.056
1.072
1.08
1.052
1.04
1.092
1.112
1.12
1.136
1.1
1.056
1.116
1.084
1.104
1.088
1.084
1.044
1.076
1.032
1.084
1.108
1.088
1.096
1.076
1.068
1.08
1.08
1.068
1.072
1.012
1.012
1.04
1.004
1
1.004
1.07549
0.996
1.036
1.110897
1.110463
1.012
1.108928
1.105066
1.101151
1.004
1.02
1.06
1.036
1.004
1.02
1.083442
1.076297
1.074168
1.064948
1.079422
1.048219
1.149881
1.121532
1.008
1.052735
1.074116
1.072308
1.109261
1.083803
1.093841
1.085583
1.085239
1.12707
1.07999
1.131604
1.056
1
1.041181
1.052
1.048
1.084
1.068
1.044
1.104778
1.052
1.024
1.064
1.044
1.052
1.076
1.084
1.068
1.072
1.1
1.084
1.108
1.104
1.1
1.12
1.104
1.108
1.092667
1.104
1.148
1.128
1.112
1.116
1.096
1.136
1.136
1.12
1.14
1.124
1.128
1.096
1.084
1.104
1.096
1.092
1.08
1.128
1.124
1.14
1.128
1.104
1.124
1.12
1.14
1.128
1.12
1.132
1.136
1.128
1.128
1.136
1.128
1.148
1.12
1.128
1.128
1.116
1.144
1.092
1.12
1.124
1.104
1.108
1.096
1.064
1.068
1.032
1.084
1.099599
1.168
1.18
1.14
1.132
1.112
1.072
1.08
1.048
1.044
1.06
1.04
1.056
1.096
1.076
1.084
1.124
1.088
1.064
1.08
1.072
1.052
1.092
1.092
1.084
1.08
1.084
1.04
1.116
1.092
1.08
1.08
1.072
1.08
1.08
1.076
1.084
1.128
1.076
1.088
1.124
1.116
1.124
1.104
1.128
1.112
1.092
1.128
1.128
1.108
1.128
1.116
1.076
1.112
1.092
1.1
1.148
1.1
1.136
1.144
1.124
1.104
1.108
1.112
1.128
1.104
1.124
1.116
1.092
1.128
1.14
1.104
1.12
1.128
1.096
1.132
1.144
1.112
1.124
1.088
1.112
1.104
1.112
1.116
1.096
1.088
1.112
1.116
1.116
1.144
1.104
1.116
1.104
1.072
1.104
1.092
1.088
1.124
1.076
1.084
1.092
1.08
1.096
1.076
1.104
1.112
1.092
1.104
1.1
1.12
1.116
1.124
1.092
1.132
1.128
1.108
1.132
1.096
1.12
1.14
1.124
1.136
1.128
1.108
1.104
1.156
1.12
1.1
1.144
1.128
1.132
1.18
1.124
1.12
1.14
1.112
1.124
1.132
1.116
1.148
1.172
1.128
1.124
1.136
1.096
1.112
1.12
1.112
1.108
1.076
1.112
1.108
1.072
1.092
1.104
1.088
1.1
1.092
1.068
1.108
1.084
1.092
1.092
1.104
1.104
1.108
1.084
1.112
1.124
1.076
1.108
1.108
1.108
1.148
1.092
1.084
1.088
1.1
1.096
1.1
1.112
1.136
1.088
1.124
1.14
1.116
1.148
1.188
1.14
1.156
1.196
1.156
1.132
1.148
1.144
1.152
1.148
1.12
1.096
1.16
1.148
1.124
1.164
1.124
1.136
1.12
1.124
1.124
1.096
1.12
1.116
1.088
1.116
1.128
1.096
1.088
1.12
1.136
1.116
1.12
1.112
1.128
1.14
1.124
1.112
1.128
1.116
1.096
1.136
1.104
1.116
1.14
1.092
1.108
1.108
1.076
1.124
1.12
1.116
1.128
1.112
1.056
1.084
1.06
1.064
1.092
1.056
1.112
1.076
1.084
1.076
1.072
1.092
1.108
1.084
1.08
1.104
1.092
1.088
1.068
1.076
1.096
1.08
1.112
1.108
1.124
1.128
1.092
1.108
1.124
1.108
1.112
1.124
1.12
1.132
1.132
1.12
1.124
1.128
1.112
1.14
1.096
1.12
1.116
1.1
1.132
1.136
1.12
1.12
1.14
1.124
1.14
1.132
1.108
1.112
1.152
1.08
1.104
1.096
1.108
1.116
1.1
1.124
1.124
1.1
1.124
1.124
1.108
1.132
1.088
1.1
1.12
1.112
1.088
1.088
1.084
1.104
1.104
1.084
1.108
1.072
1.1
1.08
1.076
1.096
1.088
1.096
1.108
1.096
1.084
1.084
1.1
1.136
1.116
1.072
1.14
1.104
1.12
1.1
1.116
1.128
1.124
1.132
1.132
1.128
1.108
1.116
1.124
1.108
1.132
1.136
1.128
1.132
1.096
1.112
1.128
1.12
1.104
1.132
1.116
1.116
1.152
1.132
1.148
1.176
1.12
1.14
1.14
1.144
1.14
1.124
1.12
1.148
1.123673
1.152
1.136
1.156
1.16
1.14
1.152
1.128
1.156
1.14
1.14
1.156
1.148
1.14
1.132
1.156
1.144
1.164
1.156
1.148
1.128
1.152
1.156
1.132
1.18
1.156
1.132
1.16
1.152
1.092
1.112
1.132
1.104
1.164
1.132
1.152
1.108
1.104
1.148
1.104
1.132
1.096
1.1
1.116
1.124
1.088
1.124
1.128
1.092
1.108
1.148
1.052
1.096881
1.101867
1.152
1.108
1.076
1.088
1.076
1.064
1.056
1.072
1.064
1.096
1.088
1.056
1.06
1.08
1.092
1.076
1.06
1.068
1.052
1.052
1.052
1.056
1.056
1.076
1.084
1.088
1.056
1.048
1.088
1.064
1.12
1.112
1.112
1.1
1.076
1.064
1.096
1.1
1.124
1.112
1.108
1.112
1.092
1.12
1.116
1.112
1.104
1.084
1.124
1.128
1.08
1.096
1.108
1.096
1.092
1.076
1.064
1.1
1.056
1.092
1.08
1.084
1.12
1.076
1.108
1.108
1.116
1.12
1.14
1.12
1.1
1.132
1.152
1.108
1.132
1.128
1.14
1.152
1.14
1.136
1.152
1.092
1.104
1.092
1.104
1.112
1.112
1.116
1.112
1.088
1.104
1.14
1.116
1.124
1.112
1.096
1.116
1.076
1.068
1.084
1.052
1.084
1.072
1.028
1.072
1.092
1.1
1.14
1.136
1.124
1.14
1.124
1.116
1.116
1.112
1.14
1.128
1.12
1.092
1.072
1.12
1.092
1.108
1.12
1.108
1.124
1.112
1.128
1.132
1.116
1.132
1.148
1.124
1.108
1.108
1.096
1.116
1.096
1.08
1.116
1.088
1.072221
1.070544
1.111122
1.136
1.116
1.168
1.18
1.156
1.152
1.136
1.148
1.14
1.12
1.124
1.148
1.156
1.124
1.128
1.116
1.1
1.152
1.128
1.164
1.168
1.188
1.152
1.148
1.14
1.124
1.108
1.12
1.136
1.12
1.108
1.136
1.108
1.124
1.136
1.12
1.1
1.116
1.104
1.112
1.136
1.092
1.12
1.16
1.128
1.14
1.148
1.152
1.144
1.16
1.176
1.128
1.132
1.156
1.148
1.14
1.132
1.144
1.164
1.124
1.136
1.12
1.084
1.112
1.128
1.124
1.136
1.132
1.112
1.112
1.108
1.084
1.088
1.104
1.04
1.108
1.084
1.064
1.068
1.072
1.068
1.108
1.08
1.116
1.072
1.088
1.112
1.1
1.104
1.104
1.088
1.096
1.12
1.084
1.104
1.096
1.092
1.104
1.096
1.096
1.12
1.096
1.08
1.124
1.116
1.116
1.136
1.124
1.072
1.104
1.096
1.088
1.112
1.104
1.128
1.14
1.128
1.132
1.14
1.124
1.152
1.108
1.096
1.132
1.128
1.104
1.128
1.1
1.132
1.108
1.112
1.136
1.108
1.092
1.12
1.1
1.08
1.1
1.056
1.104
1.128
1.084
1.096
1.064
1.044
1.072
1.052
1.016
1.084
1.064
1.052
1.048
1.056
1.076
1.044
1.072
1.04
1.024
1.052
1.056
1.036
1.084
1.048
1.048
1.056
1.024
1.024
1.012
1.016
1.106103
1.024
1.094346
1.024
1.119992
1.008
1.04
1.032
1.036
1.044
1.008
1.052
1.06
1.06
1.084
1.032
1.092
1.12
1.06
1.056
1.064
1.076
1.104
1.08
1.064
1.1
1.024
1.068
1.092
1.064
1.072
1.084
1.072
1.036
1.08
1.056
1.1
1.14
1.076
1.076
1.068
1.08
1.108
1.108
1.084
1.076
1.096
1.068
1.068
1.092
1.068
1.072
1.084
1.036
1.056
1.056
1.044
1.08
1.052
1.12
1.116
1.084
1.12
1.04
1.112
1.092
1.064
1.072
1.092
1.096
1.14
1.084
1.108
1.076
1.048
1.068
1.052
1.056
1.056
1.044
1.092
1.08
1.068
1.036
1.096
1.056
1.08
1.076
1.104
1.092
1.092
1.096
1.108
1.072
1.084
1.088
1.092
1.08
1.056
1.092
1.12
1.076
1.148
1.084
1.084
1.12
1.08
1.12
1.15041
1.075226
1.021427
1.11946
1.116
1.088
1.128
1.1
1.072
1.104
1.116
1.104
1.132
1.116
1.112
1.12
1.116
1.116
1.124
1.168
1.128
1.12
1.164
1.14
1.1
1.136
1.108
1.092
1.124
1.1
1.108
1.128
1.096
1.108
1.104
1.124
1.104
1.088
1.096
1.116
1.084
1.104
1.108
1.092
1.092
1.084
1.064
1.088
1.072
1.052
1.072
1.088
1.088
1.06
1.012
1.012
1.056
1.016
1.068381
1.069015
1.004
1.004
1.016
1.008
1.11974
1.08099
1.016
1.053324
1.094804
1.085343
1.056
1.012
1.04
1.04
1.089676
1.032
1.032
1.024
1.012
1.008
1.02
1.100989
1.068
1.064
1.04
1.068
1.096
1.052
1.04
1.076
1.052
1.048
1.076
1.032
1.048
1.068
1.036
1.024
1.052
1.056
1.076
1.088
1.072
1.108
1.08
1.072
1.088
1.048
1.04
1.068
1.02
1.02
1.032
1.036
1.028
1.04
1.032
1.064
1.084
1.052
1.064
1.076
1.04
1.052
1.044
1.036
1.068
1.068
1.02
1.06
1.032
1.04
1.048
1.016
1.06
1.072
1.056
1.056
1.092
1.064
1.056
1.04
1.072
1.084
1.088
1.06
1.08
1.048
1.052
1.052
1.088
1.1
1.116
1.088
1.112
1.116
1.088
1.116
1.08
1.092
1.116
1.088
1.08
1.08
1.104
1.068
1.108
1.084
1.112
1.104
1.112
1.104
1.128
1.136
1.136
1.116
1.128
1.16
1.136
1.124
1.116
1.132
1.08
1.096
1.036
1.02
1.052
1.056
1.06
1.068
1.064
1.08
1.08
1.104
1.1
1.092
1.1
1.124
1.08
1.088
1.088
1.1
1.124
1.112
1.112
1.112
1.104
1.124
1.144
1.108
1.14
1.16
1.116
1.12
1.14
1.12
1.1
1.136
1.124
1.144
1.124
1.112
1.152
1.148
1.1
1.148
1.108
1.108
1.116
1.116
1.132
1.084
1.108
1.052
1.068
1.052
1.088
1.07974
1.044
1.048
1.04
1.104
1.096
1.072
1.08
1.1
1.08
1.036
1.109673
1.044
1.084075
1.056
1.100396
1.156
1.136
1.136
1.152
1.14
1.122983
1.128
1.124
1.128
1.132
1.108
1.136
1.14
1.124
1.108
1.124
1.14
1.12
1.116
1.116
1.124
1.156
1.156
1.144
1.152
1.148
1.136
1.144
1.148
1.14
1.132
1.103258
1.132
1.136
1.144
1.148
1.16
1.176
1.148
1.14
1.144
1.124
1.144
1.12
1.116
1.108
1.056
1.108
1.12
1.116
1.112
1.112
1.108
1.12
1.072
1.1
1.088
1.096
1.116
1.136
1.104
1.124
1.108
1.112
1.116
1.132
1.128
1.1
1.136
1.116
1.132
1.144
1.12
1.128
1.148
1.12
1.148
1.168
1.156
1.132
1.148
1.1
1.136
1.096
1.108
1.156
1.12
1.124
1.156
1.104
1.164
1.128
1.096
1.14
1.116
1.108
1.156
1.088
1.108
1.1
1.096
1.12
1.096
1.14
1.128
1.112
1.092
1.128
1.112
1.092
1.116
1.108
1.112
1.104
1.104
1.108
1.104
1.108
1.08
1.076
1.116
1.108
1.096
1.1
1.08
1.088
1.108
1.108
1.108
1.108
1.096
1.124
1.088
1.068
1.1
1.124
1.092
1.104
1.104
1.092
1.132
1.092
1.092
1.068
1.072
1.1
1.052
1.06
1.084
1.096
1.08
1.056
1.088
1.104
1.112
1.096
1.128
1.112
1.1
1.088
1.096
1.072
1.056
1.076
1.064
1.112
1.08
1.12
1.136
1.104
1.108
1.132
1.092
1.088
1.136
1.104
1.152
1.108
1.072
1.12
1.116
1.1
1.116
1.12
1.06
1.12
1.076
1.004
1.104
1.076
1.036
1.06
1.152
1.128
1.112
1.164
1.076
1.068
1.068
1.080238
1.06
1.144
1.068
1.08
1.032
1.072
1.048
1.052
1.044
1.072
1.032
1.036
1.02
1.024
1.068
1.088
1.072
1.096
1.076
1.068
1.072
1.072
1.068
1.064
1.08
1.076
1.076
1.064
1.104
1.096
1.1
1.088
1.112
1.068
1.06
1.1
1.088
1.06
1.092
1.088
1.128
1.104
1.096
1.096
1.1
1.06
1.076
1.096
1.056
1.06
1.132
1.052
1.1
1.08
1.068
1.1
1.1
1.084
1.096
1.092
1.104
1.096
1.068
1.068
1.076
1.036
1.104
1.1
1.076
1.072
1.12
1.076
1.092
1.108
1.096
1.08
1.056
1.092
1.076
1.096
1.1
1.112
1.116
1.128
1.068
1.116
1.123366
1.044
1.072
1.132
1.056
1.028
1.156
1.072
1.124
1.118713
1.105541
1.096374
1.08
1.076
1.068
1.096
1.104
1.088
1.096
1.08
1.052
1.108
1.06
1.068
1.044
1.036
1.070639
1.129452
1.036
1.028
1.036
1.044
1.088
1.1
1.1
1.1
1.076
1.124
1.096
1.084
1.112
1.156
1.144
1.144
1.128
1.1
1.108
1.108
1.164
1.071301
1.152
1.112
1.136
1.096
1.14
1.06
1.153709
1.108
1.148
1.124
1.124
1.092
1.112
1.108
1.072
1.14
1.168
1.128
1.104
1.1
1.108
1.136
1.136
1.12
1.124
1.128
1.096
1.132
1.14
1.148
1.148
1.14
1.14
1.108
1.024
1.108
1.092
1.076
1.134141
1.016
1.068
1.016
1.144
1.104
1.084
1.1
1.08182
1.096
1.088
1.112
1.1
1.096
1.084
1.06
1.032
1.05844
1.1
1.08
1.067797
1.048
1.036
1.036
1.096424
1.06
1.016
1.044
1.081549
1.036
1.044
1.052
1.068
1.12
1.092
1.076
1.096
1.08
1.1
1.08
1.076
1.08
1.136
1.068
1.116
1.124
1.116
1.092
1.104
1.104
1.072
1.096
1.072
1.06
1.128
1.128
1.072
1.064
1.088
1.096
1.076
1.068
1.068
1.132
1.148
1.1
1.056
1.08
1.06
1.072
1.052
1.064
1.052
1.06
1.078992
1.112
1.061146
1.096
1.084
1.064
1.088
1.064
1.092
1.072
1.04
1.084
1.044
1.072
1.084
1.092
1.092
1.088
1.1
1.128
1.096
1.068
1.128
1.08
1.088
1.092
1.08
1.088
1.084
1.056
1.08
1.08
1.12
1.124
1.112
1.116
1.14
1.144
1.104
1.108
1.168
1.132
1.132
1.084
1.056
1.064
1.08
1.06
1.088
1.064
1.084
1.084
1.056
1.04
1.048
1.04
1.024
1.056
1.068
1.048
1.048
1.06
1.092
1.06
1.088
1.068
1.072
1.056
1.032
1.068
1.044
1.06
1.044
1.048
1.076
1.08
1.044
1.06
1.04
1.028
1.088324
1.02
1.044
1.016
1.02
1.052
1.032
1.036
1.052
1.02
1.044
1.04
1.068
1.028
1.048
1.036
1.092
1.088
1.088
1.072
1.092
1.064
1.068
1.052
1.052
1.056
1.032
1.04
1.056
1.048
1.032
1.064
1.052
1.08
1.08
1.072
1.052
1.072
1.056
1.044
1.064
1.1
1.088
1.06
1.088
1.048
1.088
1.036
1.012
1.076
1.036
1.065411
1.088
1.028
1.004
1.032
1.004
1
1.039118
1.016
1.012
1.04
1.02
1.044
1.077072
1.044
1.02
1.016
1.032
1.068
1.032
1.06
1.064
1.052
1.08
1.084
1.08
1.064
1.096
1.032
1.072
1.072
1.104
1.112
1.06
1.06
1.084
1.064
1.044
1.072
1.02
1.06
1.044
1.148
1.114959
1.112
1.084
1.092
1.056
1.056
1.056
1.092
1.072
1.056
1.124
1.076
1.108
1.132
1.064
1.032
1
1.070497
1.148
1.105468
1.168
1.156
1.112
1.152
1.164
1.148
1.024
1.039504
1.092
1.085684
1.168
1.164
1.144
1.144
1.136
1.104
1.136
1.08
1.072
1.104
1.088
1.076
1.052
1.16
1.108
1.068
1.102392
1.095916
1.068
1.14
1.164
1.090054
1.096
1.148
1.104
1.092
1.036
1.012
1.064
1.064
1.104
1.14
1.048
1.08
1.1
1.124
1.068
1.092
1.092
1.136
1.124
1.067496
1.172
1.14
1.104
1.152
1.14
1.132
1.172
1.156
1.124
1.124
1.136
1.132
1.152
1.14
1.128
1.068
1.060774
1.055578
1.089314
1.057771
1.156
1.07121
1.078106
1.132
1.104
1.032
1.12
1.104
1.092
1.064
1.08
1.13984
1.072
1.152
1.148
1.116
1.076
1.168
1.065683
1.148
1.091828
1.087119
1.05631
1.152
1.16
1.08249
1.156
1.132
1.144
1.172
1.14
1.168
1.126922
1.148
1.128
1.148
1.136
1.112
1.104
1.088
1.052
1.096969
1.084765
1.144
1.104
1.124
1.112
1.032
1.104
1.132
1.108
1.116
1.08
1.1
1.12
1.116
1.112
1.08
1.1
1.12
1.14
1.116
1.08
1.092
1.12
1.052
1.068
1.108
1.096
1.104
1.104
1.12
1.104
1.116
1.136
1.144
1.156
1.116
1.084
1.092
1.072
1.096
1.136
1.124
1.072
1.08
1.12
1.12
1.132
1.132
1.116
1.1
1.12
1.068
1.124
1.088
1.084
1.12
1.12
1.096
1.1
1.1
1.104
1.084
1.068
1.116
1.1
1.08
1.092
1.136
1.116
1.116
1.136
1.136
1.128
1.12
1.076
1.136
1.104
1.1
1.116
1.124
1.108
1.112
1.112
1.128
1.112
1.124
1.12
1.124
1.1
1.1
1.092
1.12
1.12
1.088
1.084
1.088
1.072
1.076
1.096
1.076
1.072
1.116
1.1
1.088
1.092
1.08
1.08
1.084
1.072
1.06
1.028
1.124
1.06
1.052
1.064
1.048
1.016
1.088
1.092
1.096
1.068
1.084
1.084
1.112
1.052
0.988
1.048
1.059679
1.1
1.02
1.01113
1.052
1.105118
1.036
1.028238
1.116
1.012
1.09301
1.127486
1.0282
1.04
1.032
1.032
1.028
1.032
1.091015
1.112
1.08
1.08
1.04
1.08
1.096
1.061724
1.132
1.124
1.136
1.12
1.088
1.092
1.14
1.022066
1.144
1.104
1.144
1.124
1.12
1.144
1.128
1.14
1.1
1.12
1.136
1.096
1.1
1.132
1.136
1.06
1.068
1.048
1.012
1.064
1.076
1.076
1.072
1.08
1.076
1.064
1.06
1.096
1.116
1.088
1.108
1.056
1.016
1.02
1.076
1
1.112
1.08
1.004
1.088
1.072
1.056
1.024
1.076
1.048
1.004
1.017861
1.015154
1.124
1.08
1.092
1.1
1.1
1.092
1.112
1.12
1.12
1.088
1.052
1.068
1.052
1.016
1.072
1.108
1.108
1.096
1.1
1.104
1.104
1.032
1.076
1.044
1.08
1.076
1.108
1.116
1.132
1.084
1.116
1.072
0.972
1.041929
1.124
1.056
1.06
1.104
1.012
1.076
1.08
1.032
1.064
1.028
1.04
1.044
1.048
1.028
1.044
1.008
1.068
1.032
1.028
1
0.988
1.011061
1.074492
0.996
1.115954
1.044
1.015454
1.02
1.032
1.068
1.076198
0.968
1.07533
1.052
1.052
1.04
1.036
1.048
1.06
1.056
1.068
1.056
1.056
1.012
1.060497
0.996
1.020521
1.004
1.046491
1.041568
0.972
1.066189
0.964
0.98
0.972
1.012
1.02
1.004
1.008
1.024
1.016
1.016
0.988
0.996
0.976
0.976
0.964
1.03587
0.96
1.075448
1.035301
0.972
1.07718
1.014838
1.008428
1.141399
0.988
1.02
1.048
1.008
1.036
1.016
1.056
1.012
1.036
1.036
1.06
1.104
1.108
1.08
1.030605
1.051581
1.108
1.061236
1.02792
1.104
1.057164
1.124
1.112
1.116
1.12
1.12
1.092
1.051538
1.12
1.128
1.12
1.1
1.116
1.033168
1.064
0.972
1.040922
1.116
1.037616
1.101398
1.016327
1.124
1.005467
1.04
1.038632
1.046512
1.076
1.04
1.04968
0.988
1.08
1.04
1.048
1.048
1.116
1.08
1.064
1.06
1.096
1.088
1.096
1.072
1.048
1.028
1.032
1.052
0.992
0.984
0.976
1.019194
0.948
0.972
1.000712
1.069332
0.98
1.021231
1.028
0.984
0.996
1.02
1.032
0.996
1.004581
1.028
1.044
1.044
1.036
0.976
1.028
1.024
1.02
0.992
1.028
1
1.044
1.032
1.04
1.004
0.996
1.008
1.008
0.952
0.984
0.984
1.052
1.064
1.06
1.056
1.028
1.092
1.052
1.012
1.096
1.072
0.992
1.084
1.072
1.108
1.015721
1.016663
1.068
1.012
1.054676
1.072
1.104
1.023699
1.064
1.092
1.096
1.02
1.052
0.984
1.028
0.936
0.948
0.972
0.936
1.008
0.976
1.040396
0.996
1.004
0.944
1.008
0.956
1.012
0.94
1.012
1.004
0.98
0.992
1.004
0.996
0.996
0.956
0.992
0.976
0.948
0.98
1.02
0.936
0.992
0.976
0.98
0.984
1.024
1.024
1.032
1.06
1
1.032
1.028
0.996
1.004
1.008
0.952
1.012
0.964
0.964
1
1.016
0.988
1.024
1.012
0.984
1.068
1.024
0.976
1.064
1.02
0.98
1.044
0.952
1.016
1.016
0.972
1.024
1.036
1.008
1.012
1.068
1.04
1.008
1.036
0.98
1.016
1.012
1.028
0.968
0.96
0.9863741
1.032
0.956
1.004
0.98
0.924
0.912
1.005712
0.9895098
1.001656
0.94
0.952
0.956
0.9713501
1.008
0.964
0.944
0.956
0.94
1.004
1.016
0.972
0.968
1.012
1.064
1.056
1.032
0.952
1.036
1.02
0.92
1.02
0.924
1.032
0.948
1.028
0.992
1
1.056
1.048
1.004
1.06
1.024
0.996
1.04
1.008
1.076
1.032
1.064
0.984
1.032
1.008
0.964
1.024
0.936
0.92
0.908
1.024
0.908
0.9468993
1.044476
0.904
0.948
1.002351
0.9472979
0.9659583
0.9486969
1.048528
0.924
1.02176
0.936
0.92
0.98
1.004
0.992
1.056
1.024
1.004
0.948
1.04
0.948
1.044
1.012
1.048
1.04
1.064
1.024
1.024
1.032
0.9695454
1.044
0.992
0.988
1.048
1.04
