1.076
1.06
1.108
1.096
1.048
1.112
1.116
1.088
1.068
1.108
1.132
1.108
1.128
1.128
1.124
1.096
1.06
1.088
1.1
1.132
1.116
1.14
1.148
1.112
1.076
1.08
1.088
1.092
1.096
1.088
1.076
1.072
1.092
1.108
1.072
1.056
1.08
1.072
1.04
1.04
1.056
1.02
0.996
1.028
1.036
1.008
1
1.02
1.028
0.992
1.004
1.02
1.004
1.004
1.06
1.064
1.044
1.084
1.092
1.048
1.048
1.072
1.044
1.016
1.02
1.028
1.04
1.084
1.072
1.036
1.06
1.06
1.028
1.028
1.056
1.044
1.058684
1.12
1.076
1.08
1.076
1.024
1.04
1.064
1.036
1.06
1.072
1.048
1.052
1.088
1.064
1.06
1.092
1.088
1.048
1.072
1.08
1.04
1.06
1.088
1.064
1.088
1.112
1.064
1.084
1.108
1.076
1.056
1.088
1.08
1.048
1.088
1.092
1.056
1.048
1.08
1.048
1.04
1.06
1.048
1.032
1.064
1.072
1.036
1.06
1.084
1.06
1.052
1.096
1.072
1.064
1.08
1.08
1.06
1.08
1.112
1.072
1.092
1.112
1.088
1.072
1.096
1.072
1.056
1.076
1.072
1.04
1.076
1.104
1.068
1.08
1.116
1.08
1.068
1.092
1.088
1.04
1.072
1.076
1.04
1.052
1.072
1.04
1.06
1.088
1.072
1.044
1.072
1.092
1.048
1.06
1.072
1.048
1.044
1.072
1.064
1.064
1.08
1.068
1.048
1.076
1.084
1.04
1.076
1.088
1.04
1.076
1.092
1.068
1.056
1.1
1.08
1.044
1.048
1.056
1.024
1.028
1.056
1.024
1.056
1.068
1.04
1.048
1.064
1.036
1.074947
1.092
1.06
1.088
1.088
1.056
1.072
1.104
1.08
1.072
1.036
1.016
1.133067
1.096
1.088
1.04
1.044
1.068
1.04
1.028
1.072
1.032
1.084
1.08
1.084
1.052
1.076
1.072
1.04
1.064
1.068
1.028
1.044
1.076
1.052
1.048
1.08
1.084
1.06
1.084
1.088
1.072
1.072
1.092
1.068
1.06
1.08
1.06
1.048
1.068
1.072
1.04
1.06
1.076
1.06
1.088
1.08
1.052
1.064
1.092
1.064
1.056
1.096
1.08
1.056
1.096
1.092
1.072
1.096
1.12
1.076
1.088
1.108
1.08
1.096
1.084
1.032
1.04
1.044
1.072
1.068
1.036
1.068
1.084
1.068
1.096
1.096
1.064
1.092
1.124
1.08
1.076
1.104
1.072
1.068
1.092
1.072
1.052
1.08
1.08
1.056
1.092
1.076
1.048
1.076
1.064
1.04
1.064
1.084
1.056
1.06
1.084
1.06
1.056
1.08
1.056
1.052
1.084
1.056
1.056
1.076
1.068
1.052
1.076
1.068
1.056
1.068
1.08
1.052
1.068
1.072
1.06
1.088
1.08
1.064
1.076
1.08
1.068
1.104
1.116
1.076
1.072
1.032
1.06
1.048
1.052
1.092
1.08
1.068
1.108
1.090015
1.148
1.136
1.076
1.072
1.072
1.04
1.036
1.056
1.064
1.028
1.06
1.072
1.052
1.096
1.144
1.1
1.14
1.12
1.112
1.096
1.116
1.08
1.092
1.116
1.072
1.108
1.116
1.088
1.08
1.116
1.096
1.084
1.116
1.096
1.076
1.104
1.1
1.06
1.084
1.092
1.068
1.068
1.052
1.036
1.032
1.06
1.036
1.036
1.072
1.052
1.048
1.068
1.064
1.048
1.072
1.08
1.068
1.096
1.116
1.096
1.084
1.128
1.112
1.092
1.124
1.104
1.092
1.104
1.116
1.088
1.1
1.1
1.072
1.094226
1.145358
1.1
1.036
1.044
1.032
1.056
1.108
1.1
1.1
1.128
1.112
1.088
1.108
1.084
1.06
1.096
1.092
1.068
1.092
1.1
1.06
1.072
1.096
1.064
1.112
1.144
1.096
1.116
1.128
1.076
1.1
1.104
1.068
1.08
1.092
1.048
1.088
1.096
1.024
1.124
1.108
1.084
1.072
1.1
1.092
1.096
1.12
1.112
1.088
1.1
1.112
1.068
1.1
1.112
1.08
1.076
1.104
1.08
1.072
1.1
1.08
1.068
1.104
1.116
1.096
1.12
1.092
1.076
1.1
1.084
1.068
1.1
1.1
1.064
1.084
1.084
1.048
1.072
1.076
1.044
1.06
1.076
1.044
1.08
1.1
1.072
1.116
1.12
1.092
1.116
1.096
1.052
1.064
1.072
1.044
1.056
1.084
1.056
1.092
1.124
1.084
1.108
1.104
1.076
1.092
1.1
1.06
1.076
1.08
1.052
1.076
1.1
1.06
1.076
1.108
1.108047
1.124
1.096
1.112
1.124
1.084
1.108
1.108
1.068
1.096
1.084
1.076
1.108
1.116
1.088
1.128
1.052822
1.08
1.036
1.012
1.008
1.04
1.076
1.068
1.104
1.124
1.072
1.096
1.092
1.06
1.096
1.088
1.048
1.08
1.072
1.048
1.076
1.084
1.076
1.104
1.084
1.064
1.092
1.088
1.068
1.108
1.112
1.076
1.084
1.104
1.072
1.1
1.112
1.084
1.096
1.072392
1.076
1.068
1.064
1.036
1.068
1.08
1.056
1.096
1.108
1.076
1.108
1.116
1.076
1.096
1.1
1.076
1.104
1.112
1.092
1.116
1.104
1.068
1.084
1.116
1.08
1.104
1.108
1.064
1.028
1.148
1.068
1.06
1.08
1.088
1.072
1.088
1.104
1.068
1.092
1.116
1.084
1.088
1.108
1.1
1.06
1.016
1.028
1.06
1.076
1.088
1.044
1.068
1.092
1.072
1.096
1.132
1.116
1.12
1.14
1.148
1.152
1.144
1.144
1.148
1.096
1.108
1.1
1.08
1.1
1.112
1.14
1.124
1.144
1.164
1.104
1.124
1.116
1.072
1.112
1.104
1.056
1.08
1.076
1.048
1.08
1.064
1.052
1.076
1.084
1.072
1.112
1.1
1.076
1.104
1.08
1.072
1.1
1.1
1.072
1.096
1.096
1.088
1.124
1.112
1.092
1.112
1.104
1.072
1.108
1.08224
1.072
1.048
1.008
1.032
1.076
1.06
1.076
1.104
1.08
1.072
1.084
1.024
1.008
1.012
1.028
1.052
1.052
1.076
1.096
1.084
1.072
1.088
1.088
1.068
1.096
1.096
1.076
1.096
1.072
1.06
1.096
1.084
1.068
1.108
1.096
1.084
1.108
1.08
1.088
1.104
1.096
1.076
1.108
1.088
1.076
1.104
1.096
1.08
1.1
1.084
1.072
1.1
1.1
1.068
1.104
1.092
1.072
1.092
1.096
1.06
1.088
1.1
1.072
1.104
1.096
1.08
1.104
1.076
1.064
1.076
1.048
1.052
1.064
1.028
1.036
1.036
1.072
1.1
1.084
1.08
1.116
1.1
1.072
1.084
1.072
1.048
1.076
1.088
1.064
1.096
1.088
1.072
1.12
1.1
1.096
1.12
1.112
1.068
1.092
1.072
1.072
1.104
1.088
1.08
1.116
1.092
1.08
1.112
1.096
1.076
1.096
1.096
1.08
1.1
1.096
1.08
1.104
1.076
1.068
1.108
1.116
1.084
1.1
1.088
1.06
1.08
1.088
1.064
1.092
1.104
1.076
1.104
1.1
1.06
1.072
1.104
1.08
1.068
1.1
1.084
1.06
1.1
1.088
1.056
1.076
1.104
1.076
1.012
1.024
1.04
1.044
1.088
1.088
1.072
1.104
1.104
1.072
1.108
1.136
1.14
1.108
1.132
1.144
1.14
1.12
1.128
1.128
1.136
1.104
1.14
1.164
1.172
1.16
1.172
1.164
1.12
1.136
1.136
1.112
1.092
1.132
1.14
1.092
1.104
1.108
1.084
1.128
1.14
1.076
1.092
1.108
1.088
1.084
1.112
1.096
1.088
1.116
1.084
1.08
1.096
1.076
1.076
1.088
1.1
1.068
1.108
1.12
1.137124
1.109267
1.144
1.104
1.128
1.128
1.104
1.128
1.124
1.08
1.116
1.14
1.112
1.108
1.116
1.084
1.116
1.116
1.08
1.124
1.128
1.084
1.088
1.04
1.056
1.04
1.056
1.084
1.076
1.088
1.088
1.06
1.076
1.092
1.068
1.08
1.104
1.084
1.104
1.12
1.088
1.112
1.108
1.072
1.104
1.124
1.096
1.1
1.128
1.096
1.104
1.124
1.104
1.1
1.132
1.096
1.096
1.128
1.108
1.08
1.112
1.104
1.056
1.088
1.104
1.08
1.108
1.104
1.072
1.068
1.116
1.136
1.104
1.12
1.128
1.084
1.084
1.092
1.084
1.06
1.108
1.096
1.108
1.116
1.128
1.096
1.132
1.14
1.092
1.12
1.12
1.084
1.12
1.116
1.1
1.148
1.096
1.1
1.12
1.128
1.088
1.1
1.092
1.068
1.104
1.136
1.104
1.112
1.104
1.072
1.096
1.1
1.048
1.084
1.088
1.06
1.08
1.064
1.052
1.076
1.064
1.064
1.1
1.108
1.072
1.1
1.112
1.072
1.088
1.12
1.08
1.096
1.132
1.096
1.108
1.132
1.092
1.088
1.116
1.104
1.092
1.108
1.096
1.096
1.116
1.12
1.088
1.144
1.128
1.092
1.136
1.132
1.096
1.112
1.1
1.056
1.076
1.096
1.06
1.076
1.092
1.072
1.108
1.128
1.096
1.124
1.116
1.084
1.108
1.104
1.088
1.116
1.12
1.08
1.092
1.1
1.084
1.128
1.14
1.112
1.124
1.108
1.116
1.108
1.088
1.116
1.132
1.1
1.124
1.108
1.072
1.124
1.124
1.088
1.108
1.116
1.092
1.108
1.12
1.096
1.104
1.136
1.096
1.116
1.128
1.104
1.1
1.12
1.088
1.076
1.084
1.068
1.06
1.096
1.084
1.052
1.092
1.108
1.076
1.088
1.104
1.076
1.088
1.076
1.064
1.1
1.06
1.084
1.112
1.084
1.08
1.092
1.06
1.024
1.016
1.048
1.036
1.072
1.1
1.056
1.084
1.1
1.072
1.076
1.096
1.076
1.08
1.1
1.08
1.052
1.092
1.084
1.08
1.112
1.112
1.088
1.12
1.092
1.064
1.1
1.104
1.072
1.104
1.088
1.02
1.115017
1.068
1.056
1.04
1.096
1.112
1.08
1.128
1.136
1.092
1.136
1.152
1.116
1.148
1.164
1.164
1.164
1.106177
1.168
1.176
1.188
1.176
1.152
1.192
1.192
1.136
1.156
1.156
1.152
1.104
1.14
1.152
1.128
1.136
1.14
1.144
1.116
1.128
1.136
1.088
1.104
1.116
1.068
1.06
1.08
1.04
1.085914
1.008
1.048
1.02
1.064
1.088
1.064
1.092
1.08
1.072
1.1
1.1
1.104
1.164
1.164
1.116
1.104
1.1
1.1
1.128
1.1
1.104
1.136
1.12
1.108
1.144
1.136
1.1
1.132
1.124
1.096
1.144
1.16
1.136
1.192
1.188
1.124
1.16
1.14
1.112
1.14
1.148
1.128
1.116
1.14
1.1
1.116
1.132
1.088
1.1
1.12
1.076
1.088
1.108
1.052
1.048
1.092
1.076
1.068
1.128
1.132
1.088
1.104
1.112
1.064
1.084
1.12
1.084
1.08
1.12
1.096
1.08
1.116
1.108
1.092
1.14
1.156
1.104
1.12
1.14
1.1
1.132
1.128
1.1
1.124
1.128
1.104
1.148
1.132
1.104
1.14
1.14
1.08
1.108
1.104
1.072
1.072
1.166918
1.056
1.112
1.092
1.052
1.104
1.088
1.12
1.136
1.136
1.116
1.14
1.136
1.1
1.136
1.148
1.108
1.14
1.168
1.16
1.152
1.184
1.188
1.168
1.132
1.148
1.152
1.128
1.176
1.18
1.14
1.148
1.164
1.12
1.148
1.14
1.12
1.104
1.124
1.092
1.08
1.12
1.128
1.076
1.096
1.108
1.088
1.104
1.12
1.1
1.116
1.088
1.064
1.084
1.08
1.056
1.088
1.088
1.068
1.112
1.112
1.072
1.088
1.068
1.016
1.128007
1.04
1.052
1.02
1.06
1.088
1.048
1.068
1.068
1.032
1.052
1.064
1.048
1.068
1.076
1.056
1.064
1.072
1.056
1.088
1.072
1.06
1.096
1.092
1.084
1.116
1.12
1.1
1.112
1.088
1.084
1.096
1.068
1.096
1.14
1.1
1.088
1.12
1.128
1.104
1.128
1.084
1.1
1.12
1.072
1.084
1.108
1.084
1.116
1.136
1.1
1.12
1.12
1.1
1.128
1.144
1.116
1.16
1.148
1.1
1.108
1.112
1.084
1.068
1.072
1.02
1.028
1.056
1.076
1.056
1.06
1.072
1.052
1.064
1.104
1.116
1.092
1.132
1.128
1.112
1.136
1.132
1.112
1.14
1.132
1.096
1.116
1.112
1.076
1.112
1.116
1.084
1.08
1.056
1.064
1.056
1.088
1.112
1.1
1.152
1.16
1.12
1.16
1.124
1.116
1.116
1.088
1.056
1.084
1.096
1.064
1.08
1.1
1.124
1.088
1.084
1.104
1.056
1.028
1.056
1.048
1.052
1.088
1.108
1.064
1.051377
1.028
1.044
1.02
1.04
1.088
1.06
1.092
1.12
1.096
1.112
1.136
1.136
1.124
1.156
1.164
1.12
1.164
1.2
1.196
1.137708
1.099887
1.080729
1.156
1.192
1.164
1.132
1.128
1.132
1.136
1.124
1.164
1.168
1.144
1.172
1.172
1.128
1.16
1.164
1.096
1.096
1.112
1.116
1.072
1.164
1.128
1.104
1.16
1.148
1.096
1.12
1.136
1.076
1.108
1.1
1.092
1.136
1.168
1.112
1.12
1.152
1.1
1.096
1.124
1.1
1.116
1.18
1.168
1.172
1.184
1.128
1.136
1.132
1.112
1.112
1.132
1.108792
1.188
1.14
1.116
1.116
1.116
1.064
1.068
1.08279
1.092367
1.056
1.096
1.14
1.14
1.112
1.132
1.128
1.096
1.116
1.136
1.144
1.136
1.188
1.196
1.156
1.192
1.204
1.164
1.152
1.164
1.172
1.132
1.168
1.168
1.124
1.148
1.156
1.144
1.124
1.14
1.136
1.116
1.152
1.176
1.128
1.168
1.156
1.124
1.136
1.156
1.12
1.14
1.132
1.096
1.132
1.14
1.108
1.132
1.132
1.096
1.124
1.128
1.08
1.112
1.132
1.092
1.124
1.095226
1.088
1.08
1.052
1.096
1.1
1.088
1.124
1.132
1.1
1.116
1.112
1.1
1.132
1.104
1.116
1.124
1.072
1.08
1.104
1.072
1.104
1.128
1.064
1.076
1.04
1.076
1.072
1.072
1.104
1.076
1.08
1.1
1.088
1.088
1.12
1.112
1.1
1.132
1.112
1.116
1.148
1.112
1.144
1.168
1.148
1.16
1.172
1.156
1.124
1.136
1.124
1.104
1.148
1.144
1.1
1.132
1.1
1.092
1.124
1.12
1.124
1.168
1.164
1.14
1.164
1.14
1.096
1.112
1.112
1.096
1.116
1.096
1.092
1.14
1.144
1.128
1.16
1.168
1.132
1.168
1.176
1.12
1.128
1.128
1.104
1.096
1.132
1.096
1.1
1.132
1.136
1.088
1.096
1.116
1.056
1.056
1.088
1.064
1.08
1.12
1.116
1.08
1.112
1.12
1.08
1.104
1.136
1.112
1.072
1.092
1.08
1.052
1.056
1.04
1.064
1.052
1.092
1.08
1.06
1.096
1.1
1.084
1.12
1.112
1.104
1.152
1.156
1.124
1.144
1.156
1.112
1.12
1.136
1.116
1.108
1.136
1.14
1.1
1.136
1.136
1.124
1.124
1.144
1.116
1.096
1.136
1.152
1.096
1.136
1.16
1.124
1.148
1.164
1.128
1.148
1.144
1.104
1.104
1.14
1.116
1.088
1.12
1.092
1.072
1.12
1.096
1.132
1.148
1.12
1.068
1.12
1.116
1.08
1.068
1.072
1.024
1.02
1.072
1.08
1.068
1.128
1.128
1.12
1.168
1.18
1.116
1.152
1.156
1.108
1.124
1.092
1.052
1.108
1.132
1.116
1.16
1.168
1.092
1.16
1.184
1.128
1.096
1.128
1.096
1.084
1.136
1.108
1.08
1.148
1.112
1.104
1.16
1.144
1.108
1.14
1.14
1.104
1.084
1.112
1.068
1.116
1.12
1.04
1.057582
1.138904
1.116818
1.075169
1.152221
1.125529
1.102248
1.016
1.140544
1.139967
1.036
1.016
1.048
1.068
1.044
1.08
1.092
1.072
1.1
1.108
1.088
1.128
1.152
1.116
1.128
1.156
1.168
1.132
1.176
1.14
1.116
1.148
1.144
1.112
1.152
1.184
1.136
1.168
1.188
1.152
1.188
1.176
1.14
1.172
1.172
1.128
1.176
1.14
1.128
1.164
1.152
1.124
1.132
1.092
1.08
1.076
1.096
1.112
1.096
1.124
1.156
1.108
1.14
1.164
1.116
1.136
1.16
1.112
1.112
1.124
1.08
1.084
1.12
1.092
1.1
1.14
1.1
1.116
1.136
1.084
1.092
1.104
1.076
1.092
1.12
1.096
1.088
1.104
1.092
1.076
1.108
1.092
1.084
1.104
1.092
1.076
1.12
1.116
1.092
1.132
1.116
1.084
1.116
1.12
1.092
1.12
1.108
1.088
1.124
1.132
1.088
1.116
1.124
1.08
1.092
1.056
1.028
1.056
1.04
1.076
1.108
1.076
1.108
1.116
1.076
1.076
1.08
1.06
1.056
1.084
1.08
1.064
1.1
1.104
1.072
1.104
1.104
1.056
1.092
1.1
1.06
1.092
1.104
1.076
1.108
1.132
1.072
1.092
1.096
1.072
1.088
1.1
1.076
1.092
1.12
1.092
1.08
1.096
1.068
1.068
1.096
1.072
1.068
1.092
1.064
1.076
1.108
1.104
1.092
1.116
1.104
1.088
1.112
1.112
1.088
1.116
1.112
1.084
1.12
1.124
1.084
1.108
1.096
1.068
1.076
1.096
1.064
1.088
1.112
1.1
1.088
1.112
1.096
1.1
1.124
1.096
1.092
1.128
1.116
1.096
1.12
1.136
1.088
1.116
1.124
1.084
1.124
1.116
1.084
1.112
1.108
1.044
1.140745
1.076
1.096
1.116
1.132
1.092
1.096
1.124
1.1
1.108
1.136
1.156
1.128
1.156
1.164
1.132
1.148
1.152
1.128
1.152
1.16
1.14
1.144
1.156
1.16
1.132
1.14
1.136
1.112
1.14
1.132
1.108
1.152
1.164
1.124
1.156
1.172
1.112
1.156
1.164
1.12
1.136
1.144
1.104
1.14
1.152
1.112
1.164
1.132
1.108
1.148
1.156
1.104
1.132
1.112
1.096
1.128
1.116
1.104
1.14
1.124
1.132
1.144
1.104
1.12
1.132
1.1
1.108
1.112
1.084
1.104
1.12
1.092
1.108
1.124
1.092
1.084
1.108
1.076
1.096
1.112
1.084
1.092
1.096
1.068
1.096
1.084
1.072
1.1
1.084
1.096
1.128
1.112
1.124
1.156
1.116
1.132
1.136
1.096
1.032
1.068
1.044
1.088
1.108
1.152
1.132
1.096
1.124
1.076
1.092
1.1
1.088
1.104
1.128
1.144
1.144
1.144
1.168
1.164
1.152
1.192
1.2
1.176
1.184
1.172
1.196
1.156
1.18
1.208
1.156
1.176
1.184
1.144
1.168
1.192
1.152
1.136
1.156
1.128
1.124
1.148
1.116
1.124
1.144
1.132
1.124
1.136
1.096
1.092
1.12
1.112
1.096
1.132
1.124
1.104
1.132
1.116
1.1
1.12
1.116
1.096
1.12
1.108
1.092
1.12
1.092
1.088
1.112
1.116
1.096
1.116
1.124
1.104
1.144
1.144
1.112
1.14
1.116
1.1
1.076
1.052
1.064
1.048
1.084
1.092
1.076
1.104
1.116
1.076
1.1
1.112
1.072
1.104
1.112
1.096
1.132
1.096
1.108
1.124
1.104
1.132
1.172
1.136
1.156
1.132
1.124
1.14
1.112
1.076
1.128
1.128
1.1
1.136
1.128
1.104
1.136
1.108
1.144
1.176
1.136
1.14
1.152
1.124
1.156
1.168
1.12
1.156
1.156
1.12
1.148
1.176
1.144
1.164
1.124
1.136
1.16
1.112
1.112
1.136
1.108
1.1
1.132
1.116
1.108
1.136
1.12
1.1
1.128
1.132
1.092
1.116
1.08
1.04
1.092
1.044
1.068
1.088
1.072
1.1
1.124
1.084
1.12
1.128
1.096
1.124
1.136
1.1
1.12
1.144
1.124
1.124
1.16
1.16
1.136
1.152
1.144
1.116
1.156
1.16
1.128
1.152
1.14
1.132
1.176
1.184
1.14
1.164
1.152
1.132
1.148
1.144
1.104
1.12
1.14
1.096
1.108
1.072
1.068
1.068
1.104
1.136
1.092
1.104
1.116
1.116
1.08
1.112
1.132
1.096
1.132
1.152
1.1
1.136
1.132
1.128
1.096
1.216
1.14
1.188
1.156
1.128
1.136
1.161568
1.128
1.136
1.144
1.108
1.116
1.144
1.112
1.128
1.148
1.088
1.112
1.132
1.12
1.12
1.144
1.112
1.1
1.132
1.12
1.14
1.148
1.148
1.156
1.196
1.156
1.12
1.156
1.156
1.108
1.132
1.144
1.1
1.06
1.116
1.116
1.148
1.076
1.096
1.08
1.104
1.116
1.084
1.104
1.108
1.088
1.12
1.132
1.108
1.128
1.16
1.124
1.14
1.152
1.14
1.148
1.176
1.184
1.184
1.160932
1.132
1.132
1.124
1.104
1.152
1.184
1.156
1.188
1.18
1.136
1.168
1.152
1.1
1.128
1.14201
1.116
1.124
1.14
1.144
1.2
1.232
1.192
1.22
1.156
1.168
1.212
1.164
1.208
1.192
1.192
1.192
1.144
1.156
1.16
1.132
1.164
1.176
1.156
1.112
1.144
1.112
1.108
1.1
1.064
1.092
1.08
1.132
1.128
1.116
1.14
1.128
1.12
1.152
1.128
1.112
1.136
1.124
1.108
1.144
1.136
1.116
1.144
1.16
1.164
1.232
1.188
1.192
1.16
1.152
1.18
1.204
1.148
1.156
1.196
1.168
1.132
1.148
1.108
1.14
1.168
1.136
1.136
1.148
1.112
1.148
1.164
1.132
1.136
1.16
1.096
1.16
1.172
1.144
1.188
1.2
1.144
1.172
1.2
1.164
1.204
1.208
1.152
1.18
1.18
1.144
1.156
1.184
1.164
1.14
1.204
1.164
1.112
1.128
1.148
1.096
1.14
1.124
1.052
1.108
1.136
1.116
1.06
1.068
1.064
1.116
1.148
1.096
1.116
1.144
1.104
1.144
1.164
1.124
1.112
1.16
1.16
1.12
1.14
1.16
1.12
1.172
1.196
1.16
1.216
1.232
1.176
1.216
1.228
1.176
1.168
1.188
1.156
1.156
1.2
1.176
1.22
1.13919
1.176
1.184
1.208
1.148
1.172
1.188
1.156
1.112
1.136
1.164
1.132
1.156
1.192
1.148
1.152
1.164
1.128
1.112
1.148
1.104
1.132
1.164
1.144
1.116
1.148
1.128
1.128
1.172
1.176
1.192
1.228
1.184
1.148
1.172
1.136
1.144
1.196
1.144
1.18
1.208
1.168
1.088
1.152
1.144
1.112
1.192
1.188
1.156
1.156
1.124
1.12
1.148
1.136
1.148
1.2
1.192
1.176
1.216
1.18
1.156
1.192
1.212
1.136617
1.112
1.06
1.126468
1.142147
1.108061
1.064
1.218719
1.104
1.14
1.092
1.128
1.132
1.104
1.092
1.112
1.072
1.187669
1.112541
1.076
1.156
1.188
1.212
1.156
1.176
1.192
1.172
1.18
1.228
1.236
1.22
1.224
1.224
1.176
1.156
1.176
1.124
1.16
1.22
1.208
1.184
1.216
1.208
1.156
1.16
1.176
1.184
1.14
1.144
1.164
1.1
1.172
1.168
1.136
1.16
1.172
1.132
1.168
1.196
1.156
1.22
1.212
1.172
1.2
1.16
1.132
1.148
1.136
1.132
1.172
1.148
1.104
1.072
1.056
1.13542
1.056
1.06
1.1
1.1
1.092
1.132
1.092
1.1
1.136
1.084
1.112
1.124
1.088
1.12
1.172
1.108
1.14
1.156
1.104
1.144
1.16
1.116
1.14
1.148
1.1
1.14
1.18
1.14
1.172
1.18
1.136
1.152
1.172
1.156
1.168
1.196
1.184
1.16
1.184
1.184
1.164
1.192
1.148
1.136
1.164
1.148
1.14
1.184
1.148
1.12
1.144
1.108
1.096
1.144
1.124
1.088
1.116
1.096
1.06
1.116
1.104
1.064
1.096
1.108
1.076
1.112
1.116
1.068
1.108
1.108
1.08
1.108
1.14
1.1
1.136
1.156
1.112
1.14
1.144
1.108
1.132
1.136
1.084
1.136
1.152
1.112
1.136
1.14
1.104
1.136
1.128
1.092
1.136
1.148
1.108
1.148
1.156
1.116
1.16
1.172
1.128
1.152
1.176
1.12
1.148
1.144
1.1
1.128
1.136
1.108
1.136
1.136
1.096
1.116
1.14
1.096
1.144
1.148
1.124
1.164
1.156
1.1
1.136
1.164
1.116
1.156
1.128
1.12
1.156
1.168
1.116
1.144
1.124
1.072
1.056
1.08
1.076
1.096
1.148
1.136
1.108
1.164
1.152
1.132
1.168
1.188
1.14
1.168
1.18
1.128
1.164
1.164
1.108
1.136
1.124
1.104
1.116
1.112
1.084
1.112
1.088
1.08
1.112
1.096
1.108
1.132
1.108
1.128
1.152
1.1
1.136
1.148
1.1
1.14
1.156
1.128
1.172
1.176
1.152
1.228
1.192
1.192
1.16
1.14
1.18
1.172
1.14
1.184
1.196
1.164
1.208
1.2
1.136
1.172
1.164
1.12
1.164
1.156
1.14
1.196
1.164
1.176
1.2
1.164
1.16
1.184
1.152
1.108
1.144
1.12
1.104
1.127812
1.1
1.076
1.1
1.128
1.092
1.144
1.144
1.104
1.136
1.132
1.112
1.164
1.172
1.156
1.2
1.152
1.168
1.216
1.196
1.212
1.224
1.2
1.164
1.167916
1.196
1.212
1.176
1.148
1.188
1.184
1.152
1.196
1.156
1.112
1.148
1.148
1.116
1.156
1.144
1.104
1.124
1.108
1.096
1.14
1.136
1.128
1.156
1.16
1.12
1.156
1.14
1.124
1.148
1.144
1.12
1.132
1.072
1.084
1.068
1.128
1.156
1.112
1.144
1.128
1.088
1.112
1.104
1.088
1.136
1.128
1.1
1.128
1.12
1.112
1.14
1.116
1.14
1.172
1.168
1.16
1.2
1.164
1.188
1.176
1.156
1.144
1.144
1.124
1.152
1.132
1.136
1.172
1.144
1.168
1.176
1.128
1.128
1.132
1.104
1.076
1.112
1.092
1.104
1.132
1.1
1.14
1.16
1.116
1.128
1.14
1.112
1.136
1.148
1.108
1.132
1.148
1.112
1.14
1.16
1.12
1.18
1.164
1.132
1.172
1.156
1.124
1.16
1.156
1.12
1.148
1.16
1.116
1.144
1.168
1.112
1.152
1.148
1.1
1.152
1.172
1.148
1.204
1.14
1.152
1.156
1.108
1.136
1.148
1.12
1.124
1.152
1.144
1.128
1.16
1.064
1.141056
1.108
1.14
1.144
1.144
1.068
1.068
1.048
1.092
1.088
1.104
1.08
1.128
1.148
1.136
1.156
1.184
1.164
1.14
1.164
1.184
1.172
1.156
1.188
1.192
1.14
1.168
1.172
1.124
1.16
1.184
1.144
1.168
1.156
1.156
1.16
1.128
1.192
1.22
1.18
1.192
1.16
1.112
1.136
1.14
1.104
1.136
1.16
1.12
1.172
1.176
1.132
1.176
1.188
1.116
1.096
1.052
1.076
1.056
1.092
1.12
1.092
1.132
1.16
1.12
1.12
1.152
1.1
1.12
1.144
1.1
1.132
1.156
1.12
1.148
1.148
1.112
1.156
1.132
1.1
1.144
1.124
1.104
1.164
1.152
1.132
1.196
1.148
1.148
1.144
1.116
1.128
1.16
1.149609
1.140489
1.164
1.2
1.156
1.148
1.192
1.176
1.16
1.188
1.184
1.156
1.176
1.168
1.124
1.16
1.156
1.108
1.124
1.128
1.088
1.08
1.116
1.116
1.084
1.128
1.124
1.084
1.116
1.12
1.072
1.108
1.112
1.08
1.104
1.12
1.088
1.104
1.12
1.112
1.1
1.132
1.104
1.096
1.132
1.108
1.092
1.136
1.076
1.076
1.096
1.108
1.132
1.116
1.148
1.168
1.14
1.148
1.168
1.144
1.124
1.148
1.124
1.088
1.104
1.092
1.068
1.108
1.12
1.076
1.112
1.124
1.08
1.104
1.092
1.068
1.108
1.12
1.08
1.108
1.128
1.096
1.128
1.156
1.128
1.156
1.152
1.148
1.18
1.16
1.14
1.184
1.16
1.14
1.184
1.176
1.172
1.212
1.18
1.168
1.208
1.204
1.168
1.188
1.136
1.116
1.152
1.132
1.108
1.152
1.12
1.108
1.14
1.124
1.096
1.14
1.14
1.112
1.148
1.124
1.096
1.124
1.1
1.076
1.108
1.108
1.108
1.156
1.14
1.132
1.172
1.128
1.14
1.156
1.1
1.136
1.144
1.116
1.156
1.128
1.124
1.14
1.112
1.136
1.172
1.152
1.172
1.2
1.152
1.184
1.196
1.136
1.164
1.176
1.128
1.16
1.172
1.148
1.18
1.172
1.164
1.184
1.088
1.056
1.08
1.076
1.116
1.128
1.104
1.156
1.152
1.124
1.176
1.136
1.124
1.164
1.16
1.152
1.196
1.164
1.148
1.176
1.144
1.132
1.168
1.168
1.16
1.184
1.132
1.148
1.164
1.144
1.144
1.18
1.136
1.176
1.176
1.14
1.176
1.168
1.132
1.168
1.168
1.152
1.184
1.148
1.152
1.176
1.148
1.144
1.136
1.104
1.116
1.144
1.12
1.168
1.172
1.12
1.14
1.14
1.092
1.116
1.144
1.084
1.072
1.048
1.14
1.176
1.192
1.16
1.132
1.14
1.128
1.112
1.16
1.18
1.176
1.22
1.196
1.1
1.124
1.128
1.204
1.129178
1.1746
1.172
1.216
1.2
1.164
1.16
1.192
1.12
1.14
1.172
1.152
1.16
1.176
1.176
1.156
1.188
1.172
1.18
1.212
1.148
1.164
1.184
1.148
1.12
1.204
1.212
1.168
1.212
1.192
1.132
1.212
1.224
1.172
1.196
1.172
1.168
1.184
1.14
1.104
1.136
1.164
1.08
1.14
1.148
1.144
1.164
1.216
1.168
1.2
1.120279
1.16
1.18
1.18
1.136
1.132
1.168
1.136
1.148
1.164
1.12
1.14
1.148
1.124
1.16
1.176
1.12
1.1
1.04
1.08
1.064
1.076
1.128
1.088
1.112
1.132
1.092
1.124
1.152
1.132
1.156
1.168
1.12
1.168
1.168
1.132
1.2
1.2
1.156
1.18
1.148
1.144
1.16
1.14
1.14
1.16
1.136
1.104
1.12
1.116
1.096
1.144
1.136
1.148
1.192
1.172
1.174035
1.075225
1.168
1.184
1.156
1.08
1.116
1.1
1.068
1.136
1.128
1.096
1.152
1.148
1.112
1.156
1.132
1.116
1.164
1.148
1.132
1.196
1.168
1.128
1.16
1.128
1.096
1.144
1.108
1.116
1.14
1.136
1.132
1.16
1.128
1.136
1.124
1.056
1.142817
1.048
1.096
1.128
1.128
1.084
1.124
1.132
1.088
1.108
1.14
1.104
1.112
1.132
1.128
1.136
1.152
1.14
1.104
1.108
1.08
1.06
1.068
1.108
1.056
1.108
1.092
1.052
1.056
1.032
1.056
1.048
1.127004
1.129942
1.135188
1.106736
1.112156
1.090041
1.088296
1.132587
1.137219
1.124454
1.152437
1.188752
1.106834
1.048214
1.155009
1.099715
1.100368
1.155559
1.113304
1.083113
1.128264
1.117916
1.122549
1.134749
1.110359
1.14304
1.11514
1.04
1.052
1.068
1.13282
1.028
1.157415
1.052
1.084
1.096
1.1
1.132
1.144
1.112
1.128
1.164
1.168
1.132
1.156
1.168
1.152
1.16
1.14
1.1
1.084
1.06
1.044
1.036
1.1
1.152
1.136
1.092
1.068
1.084
1.08
1.072
1.06
1.028
1.06
1.092
1.12
1.136
1.076
1.12
1.136
1.164
1.16
1.112
1.156
1.172
1.168
1.108
1.072
1.052
1.1
1.124
1.096
1.108
1.124
1.132
1.088
1.116
1.14
1.14
1.104
1.144
1.152
1.1
1.096
1.128
1.14
1.096
1.124
1.136
1.088
1.104
1.124
1.076
1.104
1.12
1.1
1.092
1.136
1.132
1.108
1.14
1.144
1.104
1.116
1.124
1.076
1.1
1.124
1.108
1.12
1.156
1.148
1.108
1.152
1.152
1.108
1.12
1.12
1.076
1.112
1.132
1.096
1.12
1.148
1.12
1.132
1.092
1.036
1.088
1.048
1.1
1.128
1.092
1.088
1.108
1.088
1.076
1.112
1.104
1.076
1.096
1.104
1.068
1.104
1.132
1.084
1.1
1.116
1.112
1.116
1.168
1.124
1.136
1.172
1.128
1.124
1.14
1.116
1.088
1.104
1.116
1.092
1.136
1.152
1.112
1.144
1.148
1.092
1.132181
1.192
1.184
1.148
1.16
1.108
1.14
1.148
1.112
1.148
1.164
1.124
1.148
1.168
1.124
1.144
1.152
1.096
1.128
1.152
1.128
1.16
1.10732
1.196
1.208
1.116
1.144
1.164
1.132
1.14
1.16
1.108
1.12
1.152
1.124
1.136
1.176
1.14
1.124
1.14
1.112
1.076
1.036
1.024
1.064
1.048
1.104
1.124
1.096
1.128
1.132
1.1
1.116
1.132
1.084
1.116
1.132
1.096
1.12
1.132
1.104
1.096
1.128
1.14
1.108
1.152
1.164
1.112
1.136
1.156
1.108
1.128
1.136
1.124
1.1
1.14
1.136
1.116
1.14
1.128
1.096
1.12
1.128
1.096
1.128
1.144
1.088
1.116
1.124
1.068
1.092
1.108
1.064
1.088
1.096
1.052
1.084
1.108
1.084
1.088
1.108
1.088
1.092
1.12
1.108
1.088
1.112
1.088
1.072
1.108
1.092
1.056
1.088
1.112
1.08
1.1
1.112
1.072
1.112
1.136
1.116
1.1
1.12
1.12
1.072
1.112
1.128
1.092
1.128
1.156
1.104
1.108
1.136
1.104
1.104
1.12
1.124
1.076
1.108
1.12
1.08
1.112
1.132
1.088
1.12
1.144
1.108
1.104
1.136
1.112
1.096
1.124
1.116
1.076
1.036
1.032
1.096
1.132
1.176
1.192
1.196
1.132
1.144
1.14
1.128
1.112
1.144
1.168
1.128
1.156
1.184
1.184
1.152
1.192
1.204
1.204
1.172
1.172
1.184
1.188
1.164
1.204
1.208
1.152
1.156
1.184
1.14
1.156
1.18
1.148
1.128
1.144
1.132
1.12
1.148
1.136
1.092
1.116
1.14
1.096
1.14
1.144
1.104
1.14
1.14
1.084
1.036
1.084
1.052
1.084
1.1
1.064
1.088
1.092
1.056
1.084
1.1
1.08
1.112
1.076
1.076
1.088
1.068
1.084
1.092
1.064
1.12
1.164
1.12
1.168
1.184
1.132
1.16
1.164
1.124
1.144
1.132
1.112
1.172
1.168
1.132
1.164
1.156
1.132
1.176
1.188
1.132
1.176
1.18
1.144
1.164
1.176
1.136
1.156
1.16
1.116
1.144
1.156
1.124
1.148
1.164
1.112
1.112
1.056
1.072
1.072
1.068
1.124
1.116
1.116
1.150867
1.156
1.148
1.1
1.124
1.144
1.108
1.148
1.168
1.108
1.124
1.14
1.1
1.116
1.132
1.088
1.104
1.128
1.1
1.112
1.16
1.144
1.108
1.144
1.14
1.096
1.12
1.136
1.112
1.144
1.16
1.116
1.132
1.144
1.112
1.136
1.112
1.064
1.06
1.04
1.096
1.116
1.08
1.104
1.128
1.104
1.084
1.104
1.14
1.088
1.12
1.12
1.064
1.068
1.08
1.052
1.044
1.068
1.072
1.032
1.072
1.072
1.04
1.056
1.064
1.032
1.052
1.06
1.044
1.056
1.084
1.092
1.076
1.116
1.116
1.084
1.104
1.12
1.084
1.112
1.12
1.08
1.1
1.116
1.084
1.108
1.124
1.08
1.096
1.108
1.072
1.084
1.112
1.076
1.108
1.124
1.076
1.096
1.108
1.048
1.084
1.1
1.072
1.088
1.1
1.056
1.096
1.1
1.068
1.116
1.112
1.06
1.088
1.112
1.06
1.084
1.092
1.068
1.088
1.12
1.076
1.096
1.104
1.064
1.08
1.096
1.084
1.044
1.084
1.1
1.056
1.092
1.108
1.076
1.088
1.092
1.068
1.064
1.096
1.104
1.06
1.092
1.116
1.08
1.104
1.144
1.128
1.112
1.148
1.16
1.112
1.088
1.072
1.064
1.096
1.124
1.124
1.08
1.12
1.152
1.1
1.132
1.152
1.112
1.108
1.132
1.104
1.112
1.132
1.124
1.1
1.128
1.124
1.1
1.116
1.116
1.092
1.128
1.124
1.096
1.136
1.14
1.096
1.128
1.132
1.08
1.12
1.128
1.084
1.12
1.144
1.1
1.14
1.152
1.1
1.12
1.124
1.08
1.08
1.112
1.072
1.096
1.128
1.124
1.092
1.132
1.128
1.092
1.12
1.14
1.116
1.164
1.184
1.112
1.132
1.144
1.096
1.12
1.156
1.1
1.096
1.112
1.104
1.068
1.112
1.08
1.052
1.092
1.08
1.064
1.104
1.092
1.06
1.1
1.092
1.052
1.084
1.088
1.056
1.076
1.108
1.092
1.076
1.124
1.112
1.096
1.128
1.112
1.088
1.124
1.116
1.116
1.136
1.148
1.108
1.144
1.148
1.124
1.164
1.18
1.152
1.196
1.196
1.132
1.152
1.196
1.144
1.16
1.164
1.116
1.152
1.168
1.124
1.152
1.14
1.084
1.124
1.116
1.024
1.004
1.02
1.048
1.02
1.068
1.096
1.056
1.108
1.12
1.056
1.084
1.092
1.036
1.06
1.072
1.044
1.072
1.092
1.076
1.08
1.108
1.092
1.068
1.096
1.08
1.052
1.076
1.084
1.06
1.088
1.092
1.064
1.1
1.104
1.072
1.1
1.096
1.064
1.096
1.112
1.072
1.104
1.104
1.056
1.084
1.096
1.072
1.076
1.1
1.1
1.076
1.1
1.1
1.068
1.108
1.108
1.056
1.092
1.108
1.072
1.104
1.132
1.112
1.088
1.1
1.092
1.064
1.084
1.096
1.08
1.116
1.112
1.088
1.116
1.1
1.072
1.108
1.108
1.088
1.116
1.12
1.076
1.116
1.116
1.084
1.12
1.128
1.108
1.136
1.12
1.092
1.12
1.108
1.064
1.052
1.032
1.052
1.012
1.06
1.064
1.028
1.036
1.064
1.036
1.048
1.06
1.056
1.012
1.052
1.072
1.112
1.104
1.088
1.116
1.104
1.06
1.084
1.096
1.068
1.084
1.116
1.12
1.1
1.148
1.152
1.1
1.108
1.132
1.12
1.072
1.096
1.104
1.06
1.064
1.088
1.1
1.056
1.092
1.1
1.092
1.06
1.088
1.104
1.06
1.076
1.088
1.08
1.056
1.076
1.1
1.064
1.088
1.1
1.08
1.096
1.12
1.108
1.088
1.116
1.124
1.088
1.116
1.108
1.048
1.068
1.096
1.092
1.06
1.088
1.104
1.056
1.084
1.1
1.068
1.096
1.116
1.092
1.076
1.108
1.096
1.08
1.112
1.132
1.072
1.1
1.096
1.072
1.072
1.112
1.096
1.08
1.104
1.1
1.056
1.076
1.088
1.052
1.076
1.048
1.012
1.052
1.016
1.052
1.06
1.052
1.068
1.076
1.088
1.056
1.072
1.076
1.04
1.068
1.076
1.048
1.08
1.112
1.108
1.108
1.144
1.148
1.092
1.136
1.156
1.096
1.128
1.152
1.108
1.116
1.12
1.084
1.052
1.084
1.076
1.048
1.076
1.084
1.052
1.072
1.072
1.04
1.06
1.126335
1.1
1.088
1.044
1.08
1.092
1.068
1.072
1.116
1.092
1.068
1.112
1.132
1.084
1.12
1.152
1.112
1.128
1.148
1.148
1.104
1.14
1.16
1.136
1.16
1.172
1.116
1.144
1.152
1.116
1.136
1.16
1.12
1.144
1.172
1.124
1.12
1.148
1.132
1.072
1.088
1.06
1.056
1.092
1.076
1.08
1.104
1.08
1.072
1.076
1.072
1.04
1.08
1.06
1.08
1.1
1.092
1.052
1.092
1.084
1.056
1.104
1.124
1.088
1.132
1.136
1.104
1.152
1.16
1.112
1.14
1.088
1.052
1.076
1.064
1.092
1.112
1.064
1.088
1.088
1.08
1.04
1.088
1.096
1.056
1.08
1.08
1.064
1.032
1.06
1.084
1.056
1.076
1.092
1.092
1.052
1.08
1.096
1.076
1.092
1.124
1.1
1.108
1.132
1.116
1.104
1.116
1.128
1.088
1.128
1.132
1.104
1.132
1.156
1.136
1.14
1.168
1.104
1.144
1.156
1.112
1.136
1.092
1.052
1.084
1.048
1.096
1.108
1.064
1.092
1.12
1.092
1.068
1.08
1.052
1.024
1.056
1.056
1.024
1.048
1.068
1.036
1.068
1.08
1.04
1.068
1.088
1.036
1.056
1.068
1.044
1.04
1.06
1.072
1.028
1.072
1.096
1.064
1.08
1.092
1.08
1.076
1.104
1.124
1.06
1.112214
1.102227
1.1
1.044
1.096
1.116
1.084
1.1
1.144
1.108
1.072
1.1
1.136
1.096
1.104
1.112
1.088
1.068
1.092
1.096
1.048
1.08
1.084
1.064
1.06
1.096
1.116
1.084
1.074119
1.028
1.064
1.116
1.156
1.172
1.176
1.096
1.144
1.128
1.16
1.12
1.144
1.156
1.148
1.092
1.04
1.076
1.084
1.052
1.1
1.088
1.052
1.044
1.056
1.064
1.024
1.044
1.068
1.088
1.072
1.124
1.132
1.096
1.12
1.124
1.116
1.088
1.112
1.12
1.08
1.116
1.124
1.08
1.112
1.112
1.084
1.112
1.124
1.084
1.132
1.136
1.076
1.112
1.132
1.084
1.112
1.104
1.072
1.088
1.116
1.076
1.1
1.124
1.1
1.124
1.16
1.116
1.112
1.124
1.104
1.084
1.12
1.12
1.088
1.14
1.152
1.096
1.144
1.16
1.12
1.148
1.164
1.088
1.128
1.14
1.104
1.1
1.124
1.124
1.108
1.148
1.132
1.088
1.104
1.108
1.056
1.108
1.116
1.072
1.112
1.128
1.076
1.096
1.12
1.08
1.076
1.1
1.092
1.064
1.104
1.104
1.068
1.092
1.112
1.068
1.092
1.104
1.052
1.108
1.104
1.068
1.108
1.108
1.076
1.096
1.108
1.068
1.108
1.128
1.108
1.128
1.136
1.092
1.12
1.12
1.076
1.072
1.088
1.084
1.032
1.06
1.084
1.048
1.056
1.092
1.072
1.052
1.084
1.12
1.092
1.124
1.148
1.12
1.116
1.116
1.1
1.076
1.108
1.124
1.084
1.112
1.104
1.056
1.088
1.1
1.068
1.08
1.124
1.092
1.072
1.1
1.068
1.072
1.116
1.084
1.084
1.136
1.108
1.072
1.048
1.016
1.088
1.06
1.068
1.084
1.04
1.088
1.104
1.048
1.056
1.084
1.056
1.056
1.084
1.076
1.06
1.084
1.064
1.052
1.072
1.06
1.044
1.084
1.088
1.048
1.064
1.092
1.036
1.072
1.088
1.044
1.068
1.064
1.036
1.08
1.088
1.052
1.08
1.092
1.06
1.072
1.092
1.064
1.084
1.096
1.076
1.092
1.128
1.076
1.1
1.1
1.08
1.096
1.116
1.132
1.072
1.144
1.164
1.124
1.096
1.052
1.072
1.108
1.076
1.096
1.104
1.064
1.08
1.084
1.048
1.072
1.108
1.116
1.104
1.168
1.156
1.12
1.132
1.124
1.092
1.112
1.112
1.1
1.136
1.144
1.124
1.16
1.14
1.116
1.164
1.136
1.132
1.132
1.1
1.076
1.112
1.132
1.072
1.108
1.12
1.06
1.104
1.116
1.072
1.1
1.116
1.092
1.104
1.132
1.116
1.112
1.136
1.112
1.088
1.132
1.128
1.088
1.124
1.1
1.068
1.092
1.096
1.036
1.076
1.104
1.08
1.064
1.116
1.1
1.076
1.1
1.092
1.08
1.084
1.096
1.048
1.08
1.096
1.036
1.068
1.084
1.048
1.056
1.08
1.088
1.056
1.1
1.112
1.072
1.092
1.12
1.096
1.12
1.14
1.092
1.12
1.128
1.108
1.14
1.172
1.14
1.144
1.144
1.112
1.128
1.148
1.104
1.14
1.124
1.076
1.092
1.136
1.088
1.128
1.144
1.104
1.084
1.116
1.108
1.08
1.092
1.076
1.032
1.016
1.048
1.068
1.036
1.052
1.076
1.032
1.056
1.08
1.056
1.06
1.092
1.068
1.044
1.084
1.064
1.044
1.076
1.08
1.036
1.08
1.108
1.068
1.096
1.116
1.076
1.08
1.092
1.044
1.068
1.084
1.072
1.06
1.096
1.092
1.064
1.096
1.104
1.068
1.1
1.116
1.068
1.08
1.104
1.064
1.08
1.1
1.068
1.092
1.112
1.088
1.084
1.116
1.1
1.06
1.08
1.096
1.068
1.096
1.116
1.068
1.108
1.14
1.124
1.088
1.104
1.12
1.096
1.12
1.136
1.112
1.128
1.132
1.064
1.1
1.072
1.032
1.076
1.048
1.088
1.112
1.084
1.1
1.104
1.08
1.044
1.056
1.06
1.02
1.044
1.044
1.024
1.036
1.06
1.044
1.04
1.06
1.048
1.024
1.064
1.068
1.04
1.064
1.072
1.064
1.112
1.128
1.104
1.116
1.132
1.112
1.028
0.996
1.044
1.064
1.076
1.044
1.048
1.084
1.076
1.06
1.076
1.1
1.104
1.092
1.112
1.116
1.076
1.08
1.124
1.128
1.088
1.108
1.132
1.108
1.072
1.108
1.124
1.104
1.12
1.144
1.136
1.136
1.164
1.14
1.112
1.128
1.136
1.076
1.12
1.156
1.084
1.104
1.128
1.112
1.116
1.156
1.124
1.092
1.104
1.084
1.096
1.14
1.108
1.068
1.096
1.096
1.096
1.144
1.124
1.092
1.132
1.136
1.104
1.148
1.128
1.116
1.128
1.092
1.076
1.104
1.088
1.068
1.116
1.096
1.044
1.076
1.036
1.072
1.088
1.044
1.044
1.056
1.012
1.04
1.028
1.012
1.02
1.048
1.024
1.028
1.048
1.068
1.028
1.056
1.06
1.032
1.068
1.08
1.044
1.064
1.076
1.048
1.084
1.092
1.068
1.08
1.096
1.068
1.08
1.108
1.08
1.104
1.152
1.12
1.088
1.132
1.152
1.112
1.144
1.164
1.1
1.136
1.144
1.12
1.132
1.156
1.108
1.128
1.12
1.076
1.112
1.112
1.084
1.12
1.116
1.096
1.108
1.072
1.092
1.116
1.084
1.052
1.024
1.044
1.04
1.036
1.072
1.068
1.032
1.056
1.076
1.04
1.064
1.084
1.06
1.052
1.092
1.056
1.056
1.092
1.08
1.072
1.1
1.096
1.056
1.088
1.088
1.048
1.076
1.072
1.024
1.068
1.072
1.032
1.06
1.068
1.032
1.048
1.076
1.056
1.064
1.088
1.04
1.04
1.064
1.072
1.056
1.084
1.116
1.084
1.112
1.116
1.076
1.108
1.132
1.112
1.14
1.152
1.104
1.156
1.12845
1.152
1.176
1.065121
1.136
1.148
1.156
1.104
1.144
1.172
1.116
1.136
1.136
1.092
1.104
1.14
1.096
1.096
1.144
1.116
1.116
1.14
1.136
1.104
1.132
1.128
1.076
1.096
1.153881
1.132743
1.168
1.08
1.108
1.104
1.06
1.068
1.052
1.075456
1.032
1.056
1.064
1.052
1.008
1.02
1
1.024
1.044
1.012
1.04
1.028
1.032
1.036
1.056
1.08
1.052
1.132
1.132
1.104
1.116
1.14
1.148
1.096
1.148
1.144
1.104
1.128
1.144
1.144
1.088
1.108
1.128
1.096
1.1
1.116
1.092
1.068
1.116
1.116
1.092
1.112
1.092
1.036
1.08
1.076
1.044
1.064
1.112
1.076
1.096
1.108
1.076
1.08
1.112
1.108
1.076
1.124
1.108
1.072
1.092
1.12
1.08
1.092
1.124
1.076
1.116
1.128
1.128
1.12
1.152
1.136
1.112
1.136
1.12
1.096
1.092
1.096
1.06
1.108
1.076
1.044
1.084
1.088
1.064
1.084
1.088
1.044
1.092
1.08
1.024
1
1.04
1.068
1.064
1.036
1.072
1.08
1.044
1.056
1.088
1.06
1.052
1.084
1.104
1.06
1.112
1.128
1.108
1.072
1.04
1.092
1.124
1.08
1.108
1.128
1.072
1.084
1.1
1.056
1.064
1.088
1.072
1.048
1.072
1.068
1.032
1.056
1.08
1.044
1.048
1.064
1.04
1.048
1.072
1.072
1.036
1.064
1.068
1.032
1.052
1.064
1.056
1.044
1.076
1.076
1.032
1.08
1.1
1.068
1.068
1.1
1.076
1.06
1.084
1.088
1.056
1.088
1.108
1.076
1.084
1.104
1.084
1.06
1.076
1.076
1.032
1.06
1.096
1.052
1.064
1.096
1.064
1.016
1.036
1.08
1.12
1.112
1.076
1.104
1.12
1.08
1.084
1.104
1.092
1.072
1.112
1.128
1.08
1.096
1.096
1.068
1.052
1.076
1.064
1.036
1.08
1.1
1.06
1.068
1.084
1.088
1.044
1.068
1.08
1.056
1.068
1.112
1.104
1.08
1.14
1.156
1.104
1.096
1.036
1.048
1.06
1.008
1.008
1.02
1.012
1.016
1.032
1.036
1.004
1.024
1.044
1.004
1.028
1.032
1.024
1.004
1.04
1.048
1.012
1.044
1.044
1.012
1.048
1.072
1.044
1.076
1.084
1.052
1.064
1.056
1.064
1.032
1.068
1.088
1.052
1.068
1.08
1.08
1.076
1.108
1.112
1.072
1.096
1.108
1.096
1.088
1.108
1.104
1.06
1.076
1.088
1.048
1.06
1.068
1.044
1.056
1.064
1.056
1.036
1.06
1.056
1.016
1.036
1.048
1.016
1.036
1.036
1.04
1.008
1.012
1
1.028
1.032
1.016
1.044
1.056
1.032
1.048
1.064
1.02
1.036
1.048
1.012
1.04
1.06
1.056
1.056
1.088
1.1
1.052
1.08
1.088
1.072
1.104
1.116
1.06
1.084
1.096
1.064
1.068
1.096
1.1
1.068
1.104
1.1
1.052
1.072
1.088
1.068
1.084
1.096
1.076
1.052
1.084
1.108
1.048
1.048
1.08
1.096
1.06
1.072
1.072
1.064
1.024
1.064
1.072
1.044
1.064
1.068
1.036
1.04
1.052
1.052
1.024
1.06
1.088
1.08
1.032
1.076
1.096
1.06
1.068
1.1
1.092
1.064
1.092
1.104
1.092
1.076
1.136
1.12
1.068
1.08
1.096
1.064
0.98
1.04355
1.024
1.06
1.116
1.128
1.108
1.044
1.068
1.072
1.048
1.052
1.064
1.08
1.044
1.068
1.096
1.108
1.092
1.068
1.088
1.092
1.1
1.048
1.06
1.076
1.092
1.052
1.076
1.088
1.092
1.068
1.088
1.08
1.06
1.064
1.064
1.064
1.04
1.088
1.12
1.084
1.1
1.116
1.1
1.072
1.1
1.108
1.084
1.104
1.124
1.084
1.088
1.096
1.06
1.088
1.108
1.088
1.088
1.116
1.06
1.024
1.048
1.02
1.036
1.076
1.06
1.032
1.06
1.084
1.036
1.064
1.064
1.036
1.06
1.076
1.092
1.068
1.112
1.12
1.084
1.108
1.108
1.072
1.076
1.08
1.044
1.072
1.12
1.084
1.092
1.104
1.08
1.048
1.092
1.076
1.044
1.088
1.088
1.052
1.068
1.092
1.044
1.064
1.084
1.06
1.06
1.084
1.06
1.04
1.068
1.076
1.028
1.028
1.008
1.008
0.988
1
1.028
1.06
1.06
1.048
1.076
1.053616
1.08479
1.064
1.072
1.056
1.036
1.064
1.064
1.04
1.068
1.088
1.108
1.072
1.088
1.12
1.116
1.084
1.128
1.172
1.172
1.136
1.164
1.164
1.096
1.108
1.128
1.112
1.088
1.108
1.116
1.08
1.088
1.1
1.08
1.1
1.104
1.068709
1.108
1.08
1.06
1.076
1.108
1.056
1.072
1.08
1.064
1.032
1.088
1.092
1.072
1.056
1.028
1.056
1.044
1.04
1.065574
1.12
1.036
1.056
1.048
1.032
1.06
1.044
1.036
1.072
1.08
1.056
1.1
1.116
1.076
1.104
1.046225
1.075448
1.128
1.164
1.164
1.108
1.148
1.136
1.088
1.112
1.12
1.084
1.104
1.124
1.128
1.104
1.132
1.124
1.08
1.092
1.124
1.1
1.092
1.124
1.128
1.096
1.128
1.136
1.092
1.132
1.152
1.092
1.1
1.108
1.088
1.032
1.052
1.064
1.036
1.068
1.096
1.068
1.096
1.076
1.04
1.044
1.08
1.036
1.084
1.104
1.048
0.992
1.036
1.032
1.024
1.036
1.06
1.016
1.064
1.068
1.06
1.048
1.076
1.104
1.064
1.068
1.076
1.072
1.04
1.064
1.076
1.076
1.044
1.084
1.088
1.088
1.04
1.052
1.08
1.096
1.064
1.096
1.116
1.084
1.088
1.088
1.084
1.048
1.068
1.08
1.048
1.068
1.092
1.1
1.04
1.06
1.072
1.04
1.052
1.068
1.072
1.036
1.076
1.088
1.056
1.084
1.104
1.096
1.068
1.092
1.112
1.076
1.076
1.092
1.1
1.1
1.052
1.02
1.04
1.052
1.036
1.068
1.092
1.048
1.076
1.1
1.072
1.076
1.088
1.06
1.024
1.04
1.064
1.028
1.04
1.06
1.084
1.048
1.088
1.104
1.08
1.084
1.104
1.096
1.08
1.116
1.132
1.104
1.124
1.124
1.076
1.108
1.12
1.068
1.088
1.108
1.04
1.076
1.092
1.056
1.064
1.084
1.04
1.04
1.064
1.024
1.052
1.064
1.032
1.06
1.08
1.044
1.02
1.068
1.052
1.036
1.06
1.072
1.044
1.076
1.092
1.06
1.084
1.096
1.076
1.084
1.104
1.084
1.064
1.1
1.104
1.06
1.092
1.08
1.08
1.108
1.092
1.108
1.132
1.1
1.12
1.116
1.076
1.076
1.116
1.116
1.084
1.104
1.088
1.02
1.012
1.048
1.02
1.044
1.076
1.048
1.06
1.08
1.072
1.04
1.072
1.096
1.056
1.072
1.092
1.06
1.06
1.08
1.068
1.04
1.064
1.08
1.056
1.076
1.076
1.068
1.06
1.076
1.08
1.064
1.096
1.104
1.048
1.096
1.124
1.088
1.096
1.108
1.08
1.076
1.112
1.14
1.084
1.124
1.124
1.084
1.116
1.144
1.112
