0.748
0.74
0.736
0.744
0.744
0.732
0.728
0.74
0.728
0.72
0.732
0.732
0.724
0.74
0.736
0.732
0.724
0.732
0.736
0.732
0.732
0.736
0.74
0.736
0.728
0.728
0.732
0.732
0.732
0.728
0.724
0.72
0.716
0.7
0.696
0.692
0.688
0.688
0.692
0.7
0.708
0.716
0.712
0.712
0.712
0.72
0.712
0.712
0.704
0.716
0.72
0.72
0.724
0.724
0.72
0.724
0.736
0.736
0.744
0.736
0.744
0.748
0.752
0.736
0.744
0.752
0.752
0.748
0.752
0.76
0.768
0.772
0.748
0.764
0.768
0.76
0.748
0.756
0.764
0.772
0.76
0.748
0.748
0.736
0.736
0.728
0.732
0.732
0.736
0.724
0.724
0.732
0.732
0.724
0.724
0.728
0.728
0.712
0.708
0.7
0.692
0.688
0.684
0.688
0.706674
0.792
0.704
0.704
0.716
0.728
0.728
0.724
0.732
0.732
0.736
0.724
0.728
0.732
0.732
0.724
0.724
0.728
0.736
0.732
0.728
0.732
0.736
0.724
0.728
0.736
0.736
0.732
0.724
0.736
0.74
0.732
0.728
0.74
0.732
0.728
0.724
0.736
0.732
0.728
0.728
0.728
0.728
0.724
0.732
0.74
0.732
0.724
0.736
0.732
0.728
0.728
0.732
0.74
0.724
0.732
0.74
0.736
0.736
0.74
0.74
0.736
0.728
0.74
0.74
0.74
0.732
0.724
0.72
0.724
0.728
0.716
0.72
0.712
0.712
0.712
0.716
0.712
0.708
0.708
0.708
0.7
0.692
0.696
0.68
0.68
0.68
0.688
0.7
0.704
0.708
0.7
0.716
0.716
0.72
0.712
0.716
0.724
0.724
0.712
0.72
0.732
0.728
0.724
0.728
0.736
0.74
0.74
0.74
0.744
0.74
0.732
0.74
0.748
0.74
0.732
0.732
0.74
0.732
0.728
0.736
0.736
0.74
0.732
0.736
0.74
0.74
0.736
0.732
0.728
0.732
0.74
0.732
0.732
0.724
0.732
0.728
0.72
0.72
0.72
0.728
0.724
0.724
0.712
0.716
0.72
0.728
0.736
0.724
0.72
0.704
0.708
0.72
0.72
0.728
0.736
0.732
0.728
0.724
0.732
0.728
0.724
0.716
0.704
0.708
0.692
0.692
0.692
0.692
0.7
0.712
0.728
0.74
0.74
0.748
0.736
0.732
0.744
0.74
0.74
0.732
0.728
0.736
0.74
0.736
0.736
0.732
0.732
0.736
0.728
0.728
0.728
0.732
0.72
0.724
0.724
0.732
0.72
0.724
0.728
0.728
0.716
0.716
0.72
0.716
0.712
0.712
0.712
0.712
0.708
0.708
0.712
0.704
0.704
0.708
0.716
0.712
0.712
0.712
0.72
0.72
0.72
0.728
0.728
0.716
0.72
0.724
0.712
0.716
0.716
0.724
0.716
0.716
0.716
0.724
0.72
0.72
0.72
0.724
0.72
0.72
0.708
0.708
0.708
0.696
0.7
0.692
0.688
0.688
0.68
0.684
0.688
0.7
0.692
0.696
0.708
0.708
0.712
0.708
0.716
0.724
0.72
0.716
0.728
0.732
0.728
0.724
0.728
0.732
0.74
0.748
0.752
0.756
0.752
0.748
0.74
0.736
0.74
0.74
0.736
0.72
0.728
0.728
0.732
0.728
0.732
0.736
0.736
0.74
0.736
0.74
0.736
0.736
0.732
0.716
0.712
0.716
0.708
0.7
0.696
0.7
0.688
0.684
0.688
0.688
0.692
0.684
0.692
0.684
0.684
0.676
0.676
0.672
0.668
0.668
0.68
0.688
0.704
0.7
0.708
0.728
0.736
0.728
0.728
0.736
0.728
0.724
0.736
0.74
0.728
0.724
0.736
0.74
0.732
0.732
0.74
0.744
0.74
0.732
0.728
0.732
0.72
0.728
0.728
0.728
0.724
0.728
0.728
0.72
0.728
0.72
0.724
0.72
0.724
0.716
0.712
0.712
0.716
0.716
0.712
0.712
0.716
0.712
0.708
0.708
0.708
0.708
0.704
0.704
0.708
0.7
0.7
0.704
0.708
0.704
0.704
0.712
0.712
0.708
0.716
0.712
0.712
0.712
0.72
0.724
0.716
0.72
0.716
0.72
0.716
0.712
0.72
0.712
0.704
0.7
0.696
0.7
0.684
0.692
0.696
0.696
0.716
0.724
0.732
0.744
0.768
0.768
0.752
0.764
0.768
0.784
0.76
0.752
0.76
0.756
0.744
0.76
0.772
0.756
0.752
0.752
0.752
0.744
0.744
0.748
0.744
0.744
0.744
0.752
0.752
0.744
0.748
0.752
0.748
0.74
0.748
0.756
0.744
0.748
0.748
0.752
0.744
0.748
0.748
0.756
0.756
0.744
0.744
0.748
0.74
0.74
0.744
0.748
0.752
0.752
0.74
0.744
0.748
0.748
0.752
0.74
0.744
0.736
0.736
0.744
0.736
0.732
0.736
0.736
0.74
0.744
0.752
0.748
0.752
0.756
0.752
0.752
0.744
0.744
0.74
0.748
0.744
0.748
0.752
0.752
0.732
0.736
0.72
0.716
0.708
0.712
0.708
0.72
0.724
0.728
0.728
0.744
0.74
0.74
0.732
0.744
0.736
0.728
0.732
0.732
0.736
0.724
0.736
0.744
0.756
0.744
0.74
0.756
0.752
0.752
0.752
0.76
0.764
0.756
0.752
0.76
0.76
0.756
0.752
0.756
0.764
0.752
0.756
0.76
0.76
0.76
0.764
0.772
0.768
0.76
0.76
0.768
0.756
0.76
0.76
0.76
0.756
0.744
0.752
0.756
0.748
0.748
0.748
0.76
0.748
0.756
0.748
0.756
0.744
0.752
0.756
0.744
0.748
0.748
0.748
0.776
0.76
0.76
0.76
0.764
0.768
0.76
0.76
0.768
0.764
0.756
0.756
0.76
0.752
0.752
0.752
0.752
0.76
0.748
0.756
0.764
0.756
0.752
0.752
0.756
0.756
0.752
0.748
0.752
0.76
0.752
0.752
0.748
0.756
0.76
0.744
0.752
0.756
0.76
0.752
0.752
0.748
0.752
0.744
0.748
0.744
0.752
0.74
0.74
0.756
0.748
0.744
0.744
0.744
0.744
0.74
0.74
0.744
0.748
0.74
0.748
0.748
0.744
0.744
0.752
0.756
0.748
0.748
0.76
0.772
0.76
0.752
0.76
0.752
0.748
0.74
0.74
0.732
0.724
0.716
0.712
0.708
0.7
0.704
0.708
0.712
0.732
0.74
0.744
0.748
0.748
0.756
0.764
0.764
0.752
0.76
0.76
0.756
0.756
0.772
0.78
0.772
0.776
0.784
0.784
0.788
0.776
0.768
0.768
0.78
0.792
0.78
0.772
0.772
0.768
0.776
0.784
0.784
0.772
0.78
0.792
0.796
0.78
0.784
0.78
0.784
0.772
0.776
0.78
0.792
0.764
0.776
0.792
0.776
0.772
0.78
0.78
0.776
0.772
0.78
0.772
0.776
0.78
0.768
0.76
0.756
0.76
0.768
0.76
0.76
0.764
0.752
0.748
0.748
0.756
0.756
0.744
0.76
0.764
0.764
0.764
0.772
0.776
0.764
0.768
0.768
0.764
0.756
0.76
0.764
0.772
0.756
0.76
0.768
0.764
0.748
0.748
0.76
0.764
0.756
0.752
0.752
0.752
0.744
0.744
0.744
0.752
0.748
0.744
0.752
0.756
0.748
0.752
0.756
0.752
0.756
0.76
0.764
0.764
0.752
0.764
0.76
0.76
0.764
0.764
0.78
0.776
0.784
0.792
0.796
0.78
0.776
0.788
0.792
0.788
0.772
0.772
0.776
0.772
0.764
0.76
0.76
0.768
0.756
0.76
0.76
0.768
0.76
0.772
0.776
0.772
0.76
0.776
0.776
0.764
0.768
0.78
0.784
0.772
0.772
0.784
0.776
0.772
0.776
0.78
0.756
0.76
0.76
0.76
0.756
0.752
0.752
0.756
0.744
0.748
0.76
0.764
0.756
0.76
0.764
0.768
0.756
0.776
0.772
0.768
0.756
0.768
0.76
0.76
0.752
0.764
0.764
0.76
0.764
0.772
0.772
0.768
0.764
0.772
0.772
0.768
0.76
0.776
0.78
0.776
0.772
0.78
0.772
0.76
0.772
0.772
0.768
0.756
0.764
0.772
0.764
0.768
0.772
0.772
0.76
0.764
0.768
0.76
0.76
0.764
0.768
0.76
0.756
0.772
0.776
0.764
0.76
0.776
0.78
0.78
0.772
0.764
0.784
0.776
0.764
0.772
0.772
0.776
0.764
0.784
0.788
0.792
0.776
0.768
0.772
0.772
0.76
0.764
0.768
0.76
0.764
0.776
0.784
0.792
0.776
0.784
0.788
0.764
0.756
0.748
0.74
0.724
0.732
0.732
0.732
0.732
0.752
0.74
0.736
0.728
0.728
0.732
0.732
0.732
0.748
0.752
0.776
0.768
0.764
0.784
0.784
0.788
0.78
0.788
0.792
0.788
0.788
0.784
0.78
0.772
0.792
0.788
0.776
0.776
0.788
0.792
0.776
0.788
0.792
0.776
0.776
0.776
0.768
0.76
0.784
0.776
0.768
0.776
0.788
0.792
0.768
0.772
0.78
0.78
0.772
0.768
0.764
0.768
0.768
0.76
0.76
0.756
0.768
0.752
0.748
0.744
0.74
0.732
0.74
0.72
0.74
0.736
0.752
0.764
0.78
0.764
0.776
0.78
0.772
0.764
0.78
0.772
0.764
0.768
0.772
0.772
0.764
0.776
0.776
0.78
0.764
0.78
0.792
0.78
0.776
0.788
0.8
0.792
0.784
0.792
0.796
0.784
0.78
0.784
0.792
0.784
0.788
0.788
0.784
0.776
0.792
0.792
0.788
0.776
0.784
0.796
0.796
0.784
0.792
0.792
0.788
0.78
0.796
0.816
0.8
0.8
0.808
0.816
0.808
0.812
0.828
0.832
0.808
0.796
0.8
0.788
0.776
0.78
0.776
0.772
0.764
0.772
0.776
0.776
0.76
0.772
0.776
0.768
0.764
0.78
0.792
0.776
0.772
0.788
0.776
0.776
0.772
0.772
0.776
0.772
0.78
0.804
0.792
0.776
0.78
0.796
0.796
0.792
0.796
0.792
0.78
0.776
0.776
0.776
0.788
0.784
0.788
0.772
0.772
0.772
0.784
0.78
0.776
0.776
0.792
0.792
0.776
0.776
0.78
0.78
0.784
0.78
0.784
0.792
0.78
0.8
0.796
0.812
0.8
0.796
0.808
0.796
0.788
0.8
0.796
0.792
0.788
0.812
0.84
0.836
0.804
0.812
0.812
0.8
0.792
0.8
0.796
0.796
0.788
0.796
0.78
0.776
0.768
0.76
0.752
0.756
0.736
0.76
0.748
0.744
0.74
0.736
0.76
0.768
0.776
0.78
0.776
0.784
0.788
0.784
0.772
0.776
0.784
0.796
0.788
0.784
0.804
0.808
0.824
0.816
0.804
0.808
0.808
0.808
0.812
0.808
0.812
0.816
0.796
0.792
0.796
0.796
0.804
0.792
0.8
0.8
0.8
0.782559
0.796
0.772
0.776
0.78
0.78
0.788
0.784
0.78
0.776
0.776
0.768
0.768
0.776
0.784
0.78
0.78
0.776
0.776
0.776
0.768
0.768
0.772
0.768
0.76
0.768
0.772
0.76
0.764
0.776
0.772
0.776
0.784
0.784
0.776
0.78
0.788
0.816
0.816
0.784
0.776
0.796
0.796
0.796
0.788
0.796
0.788
0.78
0.772
0.772
0.776
0.772
0.788
0.788
0.796
0.788
0.8
0.8
0.8
0.792
0.792
0.784
0.788
0.776
0.784
0.788
0.792
0.776
0.788
0.788
0.796
0.792
0.788
0.812
0.828
0.808
0.788
0.812
0.816
0.796
0.808
0.804
0.8
0.792
0.8
0.788
0.788
0.788
0.788
0.792
0.78
0.788
0.792
0.784
0.792
0.796
0.796
0.792
0.792
0.808
0.792
0.792
0.8
0.808
0.812
0.796
0.784
0.796
0.792
0.78
0.776
0.776
0.78
0.776
0.764
0.776
0.776
0.768
0.764
0.776
0.776
0.772
0.776
0.784
0.804
0.792
0.784
0.788
0.792
0.792
0.78
0.792
0.788
0.792
0.788
0.792
0.796
0.792
0.784
0.788
0.792
0.784
0.784
0.78
0.804
0.8
0.788
0.788
0.796
0.792
0.78
0.784
0.804
0.792
0.784
0.792
0.792
0.808
0.808
0.804
0.788
0.792
0.776
0.764
0.756
0.748
0.748
0.756
0.76
0.772
0.78
0.78
0.78
0.792
0.8
0.796
0.78
0.78
0.788
0.784
0.776
0.788
0.788
0.78
0.78
0.788
0.784
0.776
0.784
0.792
0.788
0.788
0.788
0.796
0.792
0.788
0.776
0.772
0.788
0.792
0.792
0.784
0.788
0.796
0.78
0.784
0.804
0.808
0.804
0.832
0.828
0.828
0.82
0.82
0.824
0.82
0.804
0.804
0.812
0.812
0.792
0.808
0.8
0.804
0.8
0.804
0.812
0.804
0.796
0.8
0.808
0.82
0.8
0.808
0.812
0.796
0.8
0.808
0.808
0.82
0.804
0.8
0.796
0.776
0.78
0.776
0.804
0.788
0.776
0.776
0.776
0.78
0.76
0.776
0.764
0.76
0.76
0.76
0.764
0.752
0.752
0.768
0.768
0.764
0.768
0.776
0.792
0.776
0.784
0.8386893
0.8028407
0.788
0.804
0.812
0.796
0.788
0.8
0.8
0.8
0.796
0.812
0.82
0.804
0.812
0.828
0.832
0.824
0.8
0.816
0.832
0.82
0.792
0.792
0.824
0.82
0.8
0.788
0.804
0.796
0.82
0.796
0.788
0.792
0.812
0.824
0.796
0.8
0.812
0.816
0.812
0.812
0.816
0.828
0.816
0.816
0.824
0.828
0.82
0.828
0.856
0.856
0.848
0.828
0.84
0.852
0.836
0.816
0.824
0.828
0.8
0.792
0.772
0.768
0.756
0.748
0.74
0.744
0.736
0.744
0.768
0.78
0.78
0.792
0.816
0.812
0.812
0.804
0.808
0.816
0.804
0.796
0.8
0.816
0.816
0.804
0.812
0.828
0.824
0.816
0.828
0.832
0.82
0.8
0.816
0.808
0.812
0.804
0.808
0.808
0.816
0.812
0.812
0.824
0.812
0.796
0.816
0.824
0.816
0.816
0.804
0.844
0.848
0.824
0.804
0.796
0.808
0.8
0.78
0.772
0.78
0.792
0.78
0.772
0.776
0.792
0.788
0.784
0.8
0.836
0.8092858
0.8
0.8
0.82
0.8
0.804
0.82
0.836
0.812
0.808
0.844
0.864
0.828
0.812
0.828
0.856
0.836
0.812
0.84
0.836
0.832
0.824
0.816
0.84
0.84
0.836
0.816
0.828
0.824
0.812
0.804
0.8
0.796
0.804
0.808
0.796
0.8
0.816
0.812
0.792
0.796
0.812
0.808
0.788
0.796
0.808
0.788
0.8
0.816
0.836
0.828
0.828
0.836
0.832
0.836
0.836
0.836
0.832
0.824
0.828
0.852
0.8497309
0.8195199
0.876
0.88
0.872
0.84
0.82
0.808
0.784
0.768
0.768
0.744
0.752
0.756
0.764
0.772
0.78
0.776
0.768
0.8
0.808
0.796
0.776
0.78
0.784
0.784
0.764
0.772
0.784
0.796
0.796
0.792
0.78
0.768
0.804
0.82
0.82
0.848
0.86
0.836
0.808
0.804
0.816
0.824
0.82
0.828
0.82
0.82
0.816
0.796
0.808
0.808
0.792
0.804
0.792
0.804
0.788
0.788
0.8
0.8
0.796
0.804
0.8
0.792
0.804
0.796
0.788
0.788
0.788
0.8
0.796
0.78
0.776
0.772
0.78
0.776
0.78
0.776
0.784
0.776
0.792
0.8
0.804
0.808
0.816
0.824
0.808
0.808
0.804
0.784
0.768
0.788
0.776
0.772
0.764
0.768
0.764
0.76
0.764
0.764
0.76
0.768
0.78
0.772
0.768
0.772
0.772
0.776
0.788
0.804
0.8
0.784
0.792
0.8
0.792
0.784
0.784
0.804
0.792
0.784
0.788
0.796
0.808
0.788
0.8
0.7811969
0.824
0.812
0.816
0.824
0.82
0.8
0.808
0.804
0.804
0.812
0.828
0.824
0.828
0.82
0.828
0.832
0.816
0.82
0.82
0.828
0.816
0.824
0.836
0.828
0.808
0.812
0.808
0.812
0.804
0.812
0.82
0.808
0.788
0.804
0.804
0.8
0.796
0.816
0.828
0.82
0.816
0.82
0.832
0.852
0.848
0.82
0.812
0.824
0.8
0.784
0.776
0.756
0.796099
0.744
0.756
0.776
0.776
0.784
0.788
0.828
0.816
0.796
0.784
0.8
0.788
0.788
0.784
0.796
0.792
0.784
0.78
0.8
0.808
0.8
0.812
0.812
0.816
0.8
0.82
0.824
0.828
0.82
0.82
0.828
0.824
0.82
0.824
0.828
0.84
0.828
0.836
0.852
0.84
0.836
0.832
0.832
0.828
0.836
0.816
0.836
0.828
0.836
0.848
0.828
0.828
0.836
0.848
0.84
0.84
0.832
0.832
0.808
0.792
0.776
0.768
0.772
0.772
0.764
0.768
0.764
0.772
0.768
0.772
0.776
0.808
0.812
0.8
0.816
0.828
0.816
0.824
0.828
0.82
0.832
0.84
0.86
0.86
0.848
0.86
0.864
0.872
0.864
0.86
0.864
0.856
0.868
0.852
0.82
0.836
0.836
0.824
0.808
0.816
0.812
0.808
0.8
0.812
0.804
0.8
0.788
0.796
0.804
0.8
0.792
0.808
0.812
0.816
0.8
0.808
0.816
0.824
0.82
0.824
0.836
0.836
0.824
0.82
0.824
0.808
0.796
0.812
0.82
0.816
0.796
0.816
0.832
0.824
0.796
0.78
0.792
0.796
0.776
0.76
0.752
0.752
0.8035237
0.744
0.8438037
0.764
0.788
0.784
0.784
0.792
0.808
0.792
0.8
0.808
0.804
0.792
0.804
0.804
0.808
0.804
0.808
0.8
0.824
0.836
0.824
0.832
0.836
0.832
0.824
0.836
0.844
0.832
0.836
0.848
0.868
0.84
0.844
0.856
0.836
0.836
0.84
0.848
0.832
0.844
0.852
0.824
0.844
0.852
0.844
0.844
0.844
0.844
0.824
0.836
0.848
0.828
0.82
0.828
0.816
0.812
0.816
0.816
0.812
0.812
0.828
0.824
0.812
0.812
0.836
0.8
0.804
0.82
0.812
0.804
0.808
0.816
0.832
0.808
0.836
0.824
0.848
0.82
0.808
0.82
0.82
0.804
0.804
0.812
0.804
0.816
0.824
0.828
0.824
0.824
0.832
0.824
0.832
0.844
0.828
0.828
0.84
0.824
0.824
0.836
0.84
0.832
0.824
0.828
0.824
0.824
0.828
0.84
0.828
0.82
0.828
0.836
0.824
0.816
0.844
0.836
0.848
0.84
0.856
0.876
0.852
0.828
0.828
0.832
0.82
0.808
0.82
0.828
0.82
0.808
0.82
0.816
0.804
0.824
0.816
0.808
0.816
0.816
0.804
0.82
0.828
0.816
0.816
0.824
0.832
0.816
0.812
0.828
0.824
0.808
0.828
0.828
0.832
0.804
0.804
0.82
0.82
0.832
0.832
0.828
0.84
0.824
0.836
0.844
0.832
0.832
0.844
0.844
0.836
0.82
0.816
0.812
0.808
0.812
0.796
0.808
0.792
0.78
0.764
0.78
0.8206361
0.76
0.752
0.752
0.8215225
0.76
0.748
0.768
0.772
0.776
0.756
0.752
0.76
0.78
0.792
0.784
0.804
0.792
0.78
0.776
0.792
0.8
0.816
0.808
0.804
0.788
0.796
0.804
0.82
0.8
0.82
0.796
0.796
0.8
0.808
0.832
0.824
0.808
0.82
0.808
0.804
0.792
0.804
0.808
0.8
0.8
0.796
0.78
0.784
0.796
0.792
0.792
0.808
0.808
0.808
0.812
0.808
0.816
0.828
0.824
0.864
0.848
0.832
0.84
0.836
0.812
0.82
0.816
0.812
0.8
0.808
0.8
0.816
0.784
0.792
0.788
0.776
0.772
0.772
0.764
0.772
0.772
0.772
0.776
0.76
0.772
0.772
0.792
0.788
0.8
0.784
0.772
0.796
0.796
0.784
0.8
0.812
0.808
0.82
0.816
0.832
0.804
0.804
0.812
0.812
0.804
0.812
0.816
0.808
0.82
0.82
0.812
0.812
0.804
0.8
0.808
0.816
0.804
0.8
0.808
0.804
0.812
0.792
0.8
0.812
0.792
0.792
0.792
0.808
0.788
0.788
0.788
0.784
0.772
0.78
0.788
0.78
0.78
0.788
0.772
0.784
0.788
0.792
0.796
0.796
0.82
0.82
0.808
0.8
0.804
0.808
0.804
0.796
0.8124335
0.8
0.808
0.824
0.82
0.824
0.828
0.828
0.812
0.804
0.808
0.8
0.784
0.796
0.796
0.792
0.784
0.792
0.804
0.808
0.804
0.816
0.796
0.804
0.82
0.82
0.816
0.828
0.812
0.812
0.812
0.828
0.796
0.804
0.8
0.796
0.796
0.796
0.8
0.804
0.808
0.812
0.8
0.808
0.824
0.828
0.804
0.82
0.82
0.792
0.8
0.8
0.8
0.792
0.808
0.824
0.808
0.808
0.804
0.808
0.808
0.816
0.816
0.796
0.804
0.816
0.828
0.816
0.828
0.828
0.796
0.792
0.808
0.8
0.788
0.816
0.808
0.796
0.796
0.816
0.804
0.796
0.804
0.812
0.828
0.816
0.824
0.828
0.824
0.82
0.836
0.832
0.82
0.832
0.828
0.812
0.812
0.832
0.824
0.816
0.808
0.808
0.808
0.8
0.828
0.82
0.82
0.824
0.832
0.82
0.816
0.812
0.816
0.816
0.8
0.8
0.808
0.812
0.796
0.8
0.82
0.8
0.804
0.8
0.816
0.824
0.812
0.832
0.832
0.82
0.808
0.824
0.828
0.82
0.82
0.828
0.836
0.824
0.836
0.852
0.84
0.808
0.828
0.836
0.82
0.824
0.836
0.828
0.808
0.82
0.828
0.816
0.804
0.816
0.82
0.808
0.812
0.804
0.788
0.812
0.808
0.8
0.812
0.808
0.804
0.812
0.82
0.812
0.812
0.824
0.836
0.82
0.836
0.832
0.844
0.84
0.864
0.864
0.852
0.7934808
0.876
0.86
0.856
0.86
0.856
0.824
0.816
0.812
0.804
0.8
0.816
0.816
0.804
0.804
0.808
0.808
0.792
0.796
0.796
0.812
0.804
0.812
0.812
0.816
0.8
0.808
0.812
0.828
0.812
0.796
0.776
0.772
0.768
0.748
0.752
0.74
0.76
0.756
0.772
0.788
0.796
0.796
0.82
0.816
0.804
0.788
0.804
0.8
0.792
0.804
0.82
0.824
0.812
0.84
0.836
0.832
0.84
0.864
0.852
0.852
0.86
0.836
0.82
0.84
0.836
0.808
0.812
0.82
0.808
0.808
0.796
0.804
0.812
0.808
0.78
0.76
0.768
0.768
0.812
0.788
0.784
0.788
0.784
0.796
0.792
0.8
0.8
0.792
0.788
0.776
0.788
0.792
0.804
0.8
0.78
0.772
0.772
0.76
0.772
0.756
0.756
0.772
0.768
0.772
0.78
0.776
0.756
0.752
0.744
0.736
0.748
0.764
0.784
0.776
0.784
0.792
0.784
0.772
0.816
0.808
0.824
0.812
0.804
0.804
0.796
0.788
0.792
0.792
0.792
0.8
0.8
0.8
0.804
0.804
0.796
0.804
0.796
0.788
0.788
0.796
0.78
0.772
0.784
0.772
0.768
0.764
0.756
0.764
0.772
0.776
0.776
0.768
0.752
0.756
0.752
0.756
0.752
0.752
0.772
0.776
0.850931
0.8198544
0.784
0.776
0.784
0.8
0.8
0.804
0.816
0.808
0.796
0.804
0.812
0.82
0.808
0.8
0.792
0.792
0.804
0.792
0.784
0.776
0.76
0.76
0.748
0.736
0.74
0.736
0.74
0.736
0.752
0.78
0.78
0.792
0.8
0.808
0.796
0.796
0.808
0.82
0.824
0.828
0.828
0.84
0.816
0.804
0.808
0.804
0.824
0.824
0.816
0.824
0.848
0.848
0.828
0.816
0.824
0.82
0.804
0.792
0.78
0.772
0.768
0.756
0.76
0.764
0.768
0.768
0.78
0.796
0.78
0.78
0.772
0.78
0.784
0.772
0.752
0.744
0.7614155
0.825772
0.7974726
0.74
0.76
0.764
0.772
0.792
0.808
0.82
0.792
0.7832726
0.788
0.764
0.784
0.796
0.796
0.816
0.82
0.828
0.832
0.828
0.84
0.828
0.824
0.824
0.82
0.812
0.812
0.8
0.8
0.812
0.812
0.816
0.812
0.8
0.796
0.796
0.796
0.812
0.812
0.792
0.788
0.792
0.808
0.796
0.804
0.804
0.8
0.792
0.788
0.804
0.804
0.792
0.796
0.8
0.812
0.808
0.816
0.816
0.816
0.804
0.804
0.812
0.812
0.8048443
0.84
0.828
0.808
0.816
0.82
0.82
0.808
0.82
0.836
0.84
0.824
0.828
0.828
0.828
0.84
0.832
0.84
0.824
0.824
0.816
0.812
0.8
0.812
0.824
0.812
0.8
0.816
0.816
0.792
0.792
0.796
0.788
0.788
0.788
0.784
0.788
0.78
0.776
0.764
0.764
0.76
0.744
0.756
0.752
0.776
0.784
0.788
0.792
0.792
0.796
0.804
0.796
0.788
0.8
0.808
0.808
0.796
0.8
0.812
0.82
0.808
0.804
0.816
0.824
0.832
0.824
0.848
0.84
0.848
0.844
0.848
0.856
0.848
0.836
0.844
0.848
0.856
0.84
0.844
0.844
0.836
0.824
0.832
0.824
0.82
0.808
0.804
0.812
0.808
0.796
0.792
0.808
0.804
0.808
0.788
0.792
0.796
0.788
0.784
0.788
0.788
0.784
0.792
0.792
0.788
0.792
0.788
0.808
0.796
0.784
0.78
0.764
0.768
0.744
0.764
0.772
0.78
0.792
0.8
0.808
0.82
0.82
0.832
0.832
0.832
0.832
0.84
0.816
0.832
0.832
0.828
0.812
0.824
0.824
0.832
0.82
0.832
0.828
0.836
0.836
0.836
0.84
0.836
0.844
0.844
0.856
0.848
0.848
0.856
0.856
0.836
0.852
0.844
0.836
0.844
0.82
0.816
0.816
0.808
0.8
0.812
0.816
0.808
0.808
0.824
0.824
0.836
0.824
0.824
0.828
0.832
0.82
0.824
0.836
0.836
0.832
0.836
0.852
0.832
0.824
0.84
0.84
0.836
0.816
0.836
0.84
0.848
0.824
0.84
0.844
0.848
0.828
0.828
0.848
0.852
0.828
0.836
0.868
0.852
0.852
0.856
0.868
0.844
0.844
0.848
0.86
0.848
0.84
0.844
0.848
0.84
0.828
0.824
0.816
0.8
0.792
0.828
0.824
0.808
0.792
0.816
0.86
0.844
0.82
0.836
0.84
0.808
0.808
0.828
0.824
0.804
0.796
0.792
0.764
0.76
0.776
0.792
0.776
0.808
0.82
0.828
0.836
0.824
0.828
0.828
0.832
0.852
0.86
0.844
0.844
0.848
0.864
0.856
0.868
0.836
0.832
0.836
0.844
0.828
0.82
0.828
0.824
0.828
0.816
0.816
0.82
0.816
0.824
0.808
0.832
0.828
0.828
0.816
0.824
0.812
0.816
0.812
0.828
0.82
0.808
0.808
0.828
0.824
0.82
0.816
0.828
0.824
0.832
0.816
0.804
0.808
0.816
0.808
0.8
0.808
0.816
0.816
0.804
0.8
0.804
0.812
0.8
0.808
0.812
0.816
0.808
0.816
0.812
0.804
0.808
0.824
0.828
0.812
0.84
0.832
0.824
0.816
0.8
0.8
0.816
0.796
0.784
0.776
0.78
0.788
0.8
0.804
0.792
0.792
0.792
0.804
0.788
0.784
0.776
0.772
0.772
0.772
0.7997513
0.788
0.792
0.804
0.804
0.828
0.836
0.836
0.844
0.828
0.824
0.832
0.828
0.828
0.8076487
0.844
0.828
0.812
0.808
0.824
0.84
0.84
0.84
0.84
0.844
0.84
0.84
0.84
0.84
0.848
0.84
0.848
0.848
0.852
0.848
0.86
0.86
0.852
0.848
0.864
0.884
0.872
0.848
0.848
0.848
0.832
0.82
0.808
0.816
0.804
0.788
0.8
0.808
0.792
0.792
0.804
0.808
0.796
0.82
0.824
0.824
0.82
0.836
0.844
0.844
0.832
0.848
0.844
0.844
0.84
0.84
0.844
0.844
0.844
0.868
0.872
0.844
0.836
0.852
0.86
0.84
0.832
0.828
0.84
0.836
0.84
0.832
0.828
0.828
0.812
0.816
0.812
0.804
0.8
0.796
0.808
0.812
0.804
0.792
0.792
0.796
0.804
0.796
0.8
0.808
0.792
0.796
0.8
0.8
0.804
0.816
0.828
0.836
0.824
0.84
0.848
0.844
0.836
0.828
0.824
0.824
0.812
0.812
0.828
0.824
0.828
0.82
0.824
0.804
0.796
0.784
0.792
0.784
0.784
0.776
0.788
0.776
0.772
0.772
0.764
0.764
0.772
0.78
0.784
0.8
0.816
0.816
0.816
0.836
0.844
0.824
0.828
0.836
0.84
0.828
0.824
0.832
0.844
0.832
0.844
0.856
0.884
0.868
0.852
0.86
0.856
0.856
0.84
0.856
0.852
0.852
0.848
0.856
0.868
0.856
0.856
0.864
0.864
0.86
0.86
0.864
0.868
0.864
0.852
0.872
0.868
0.86
0.848
0.844
0.852
0.824
0.836
0.832
0.818834
0.824
0.828
0.824
0.8
0.796
0.8
0.8
0.78
0.78
0.784
0.788
0.772
0.772
0.784
0.804
0.776
0.772
0.764
0.7939339
0.8548513
0.8383837
0.768
0.764
0.78
0.8
0.82
0.816
0.82
0.84
0.864
0.844
0.836
0.84
0.844
0.832
0.824
0.832
0.844
0.86
0.86
0.828
0.84
0.86
0.86
0.844
0.852
0.864
0.872
0.856
0.856
0.872
0.892
0.888
0.892
0.888
0.884
0.888
0.876
0.888
0.892
0.888
0.88
0.872
0.856
0.868
0.868
0.876
0.872
0.84
0.84
0.836
0.824
0.812
0.828
0.836
0.832
0.816
0.816
0.828
0.828
0.836
0.848
0.856
0.84
0.852
0.852
0.856
0.86
0.88
0.88
0.864
0.876
0.88
0.872
0.86
0.88
0.868
0.852
0.868
0.88
0.88
0.864
0.888
0.892
0.884
0.86
0.88
0.884
0.876
0.892
0.8106858
0.88
0.848
0.864
0.852
0.844
0.82
0.82
0.816
0.8
0.796
0.784
0.788
0.784
0.792
0.796
0.792
0.792
0.804
0.804
0.796
0.78
0.869185
0.768
0.772
0.8493417
0.8319774
0.772
0.796
0.796
0.816
0.872
0.872
0.856
0.864
0.868
0.872
0.86
0.852
0.856
0.856
0.852
0.86
0.864
0.86
0.852
0.86
0.868
0.864
0.864
0.864
0.864
0.844
0.844
0.856
0.868
0.856
0.848
0.844
0.848
0.836
0.828
0.836
0.836
0.836
0.824
0.832
0.852
0.848
0.836
0.828
0.84
0.84
0.888
0.848
0.828
0.836
0.84
0.812
0.808
0.816
0.824
0.812
0.796
0.828
0.82
0.812
0.808
0.832
0.836
0.828
0.848
0.856
0.868
0.852
0.88
0.888
0.888
0.868
0.88
0.888
0.888
0.856
0.872
0.884
0.88
0.868
0.872
0.872
0.876
0.876
0.856
0.86
0.864
0.86
0.84
0.844
0.884
0.832
0.804
0.804
0.812
0.792
0.776
0.772
0.8637378
0.8633519
0.8620118
0.8588294
0.8556038
0.8407758
0.8349133
0.8331393
0.8255839
0.8373457
0.8
0.808
0.82
0.88
0.9
0.88
0.848
0.872
0.892
0.844
0.868
0.86
0.84
0.812
0.832
0.828
0.844
0.832
0.84
0.852
0.84
0.832
0.864
0.852
0.848
0.852
0.86
0.868
0.848
0.868
0.872
0.864
0.852
0.86
0.868
0.852
0.84
0.852
0.856
0.868
0.868
0.872
0.876
0.864
0.84
0.848
0.848
0.848
0.84
0.852
0.852
0.844
0.824
0.836
0.832
0.832
0.8
0.796
0.804
0.804
0.792
0.808
0.808
0.808
0.804
0.8
0.816
0.836
0.824
0.82
0.84
0.84
0.828
0.86
0.864
0.856
0.828
0.848
0.848
0.856
0.848
0.872
0.88
0.872
0.872
0.884
0.892
0.868
0.88
0.888
0.884
0.864
0.876
0.868
0.864
0.84
0.836
0.844
0.864
0.868
0.844
0.824
0.852
0.84
0.816
0.82
0.8
0.78
0.784
0.8138291
0.78
0.784
0.788
0.8
0.816
0.816
0.82
0.836
0.816
0.82
0.832
0.82
0.804
0.824
0.844
0.836
0.824
0.836
0.844
0.856
0.84
0.864
0.86
0.832
0.84
0.84
0.84
0.828
0.832
0.84
0.844
0.836
0.828
0.832
0.832
0.852
0.848
0.86
0.9
0.908
0.872
0.852
0.856
0.864
0.856
0.868
0.88
0.88
0.888
0.86
0.824
0.84
0.824
0.832
0.804
0.8
0.804
0.796
0.78
0.784
0.784
0.82
0.796
0.8
0.796
0.796
0.812
0.812
0.816
0.828
0.824
0.836
0.84
0.844
0.86
0.896
0.876
0.868
0.868
0.88
0.876
0.892
0.884
0.868
0.868
0.868
0.84
0.836
0.848
0.852
0.836
0.844
0.856
0.872
0.84
0.832
0.844
0.84
0.836
0.832
0.852
0.86
0.864
0.86
0.872
0.86
0.828
0.804
0.82
0.82
0.808
0.808
0.812
0.808
0.792
0.792
0.8
0.808
0.824
0.828
0.828
0.824
0.832
0.856
0.864
0.848
0.872
0.88
0.9
0.888
0.892
0.9
0.896
0.868
0.88
0.884
0.88
0.844
0.852
0.844
0.836
0.82
0.844
0.852
0.856
0.856
0.864
0.876
0.852
0.832
0.836
0.844
0.836
0.808
0.816
0.832
0.816
0.82
0.82
0.852
0.82
0.808
0.832
0.856
0.836
0.832
0.84
0.872
0.872
0.832
0.844
0.856
0.84
0.824
0.836
0.848
0.84
0.82
0.832
0.844
0.832
0.844
0.868
0.868
0.88
0.86
0.888
0.904
0.892
0.892
0.908
0.916
0.892
0.88
0.892
0.884
0.888
0.868
0.892
0.876
0.876
0.872
0.868
0.852
0.832
0.824
0.848
0.88
0.852
0.832
0.856
0.872
0.88
0.872
0.896
0.892
0.888
0.852
0.864
0.876
0.86
0.828
0.856
0.836
0.852
0.836
0.876
0.86
0.848
0.876
0.876
0.872
0.836
0.872
0.868
0.868
0.856
0.868
0.896
0.86
0.836
0.88
0.872
0.844
0.864
0.868
0.868
0.86
0.852
0.88
0.868
0.856
0.888
0.868
0.864
0.852
0.904
0.9
0.872
0.848
0.864
0.848
0.832
0.832
0.844
0.832
0.824
0.832
0.84
0.832
0.816
0.828
0.816
0.828
0.84
0.856
0.868
0.864
0.844
0.864
0.88
0.868
0.884
0.9
0.9
0.904
0.88
0.896
0.9
0.88
0.876
0.872
0.872
0.86
0.872
0.872
0.884
0.868
0.872
0.872
0.868
0.848
0.872
0.864
0.84
0.828
0.812
0.82
0.816
0.816
0.812
0.84
0.828
0.828
0.844
0.844
0.828
0.836
0.836
0.84
0.84
0.852
0.86
0.88
0.86
0.848
0.868
0.852
0.864
0.84
0.876
0.872
0.864
0.864
0.872
0.868
0.836
0.852
0.88
0.884
0.868
0.888
0.896
0.884
0.868
0.884
0.896
0.892
0.872
0.896
0.8985853
0.8754066
0.884
0.872
0.86
0.872
0.824
0.8191699
0.836
0.792
0.836528
0.8349865
0.8650462
0.8442226
0.8523384
0.8455374
0.8451883
0.776
0.8792199
0.776
0.8407629
0.78
0.796
0.804
0.792
0.788
0.82
0.828
0.824
0.804
0.8
0.804
0.832
0.812
0.808
0.792
0.784
0.796
0.796
0.8
0.788
0.792
0.808
0.816
0.816
0.804
0.804
0.796
0.8826752
0.8087512
0.8601954
0.8490802
0.8512974
0.8552414
0.8339686
0.8380434
0.8215116
0.8202247
0.8533881
0.8568736
0.8473394
0.8682989
0.8954936
0.78
0.8342055
0.812
0.812
0.828
0.816
0.856
0.848
0.856
0.844
0.824
0.824
0.832
0.832
0.844
0.836
0.816
0.824
0.82
0.828
0.828
0.816
0.832
0.828
0.836
0.82
0.816
0.824
0.832
0.836
0.828
0.816
0.812
0.816
0.824
0.824
0.816
0.816
0.816
0.824
0.828
0.832
0.82
0.8
0.8
0.816
0.812
0.816
0.812
0.812
0.812
0.816
0.8
0.796
0.812
0.808
0.816
0.804
0.816
0.824
0.832
0.816
0.824
0.832
0.84
0.836
0.824
0.832
0.84
0.82
0.832
0.832
0.824
0.808
0.816
0.812
0.82
0.808
0.7895135
0.84
0.824
0.832
0.816
0.8
0.808
0.808
0.804
0.8
0.824
0.82
0.816
0.808
0.82
0.816
0.812
0.824
0.844
0.856
0.84
0.82
0.832
0.852
0.852
0.86
0.86
0.852
0.84
0.864
0.864
0.856
0.844
0.868
0.868
0.864
0.856
0.872
0.884
0.86
0.868
0.868
0.88
0.884
0.852
0.852
0.856
0.84
0.832
0.84
0.84
0.84
0.828
0.82
0.808
0.788
0.78
0.78
0.776
0.772
0.8683121
0.792
0.788
0.796
0.812
0.808
0.828
0.82
0.8267929
0.8272837
0.8
0.796
0.812
0.812
0.824
0.816
0.816
0.84
0.848
0.848
0.836
0.82
0.84
0.868
0.868
0.844
0.856
0.856
0.856
0.84
0.832
0.844
0.856
0.852
0.844
0.82
0.852
0.844
0.844
0.836
0.84
0.84
0.848
0.832
0.832
0.84
0.832
0.816
0.816
0.812
0.8678055
0.804
0.796
0.796
0.788
0.812
0.828
0.832
0.816
0.808
0.812
0.816
0.82
0.808
0.82
0.828
0.832
0.832
0.84
0.864
0.86
0.86
0.86
0.868
0.868
0.868
0.868
0.856
0.86
0.844
0.852
0.856
0.852
0.832
0.828
0.828
0.835606
0.828
0.824
0.82
0.796
0.792
0.792
0.792
0.784
0.776
0.792
0.792
0.8
0.784
0.792
0.796
0.8
0.796
0.812
0.832
0.82
0.808
0.804
0.8
0.808
0.8
0.796
0.812
0.788
0.784
0.784
0.8126611
0.8464628
0.838732
0.784
0.796
0.816
0.824
0.836
0.82
0.82
0.828
0.84
0.832
0.836
0.836
0.828
0.836
0.836
0.832
0.824
0.84
0.84
0.848
0.84
0.848
0.868
0.864
0.852
0.852
0.856
0.852
0.84
0.868
0.86
0.864
0.848
0.848
0.864
0.872
0.868
0.872
0.856
0.844
0.86
0.868
0.848
0.82
0.832
0.852
0.844
0.832
0.824
0.82
0.84
0.832
0.84
0.832
0.828
0.84
0.84
0.824
0.836
0.832
0.856
0.864
0.848
0.856
0.852
0.848
0.832
0.84
0.844
0.832
0.828
0.82
0.832
0.852
0.844
0.828
0.848
0.844
0.844
0.828
0.848
0.848
0.84
0.828
0.84
0.844
0.828
0.824
0.82
0.832
0.832
0.812
0.824
0.828
0.816
0.804
0.82
0.828
0.808
0.8
0.82
0.816
0.82
0.812
0.82
0.836
0.832
0.824
0.848
0.848
0.856
0.84
0.836
0.844
0.856
0.848
0.864
0.884
0.88
0.852
0.852
0.856
0.868
0.864
0.86
0.864
0.872
0.876
0.852
0.86
0.868
0.872
0.856
0.864
0.884
0.864
0.852
0.876
0.868
0.852
0.856
0.872
0.884
0.848
0.848
0.868
0.884
0.852
0.84
0.876
0.864
0.844
0.828
0.836
0.832
0.824
0.816
0.82
0.82
0.808
0.804
0.82
0.848
0.82
0.816
0.832
0.84
0.828
0.844
0.844
0.848
0.84
0.852
0.876
0.868
0.852
0.868
0.872
0.876
0.872
0.88
0.884
0.888
0.86
0.88
0.86
0.856
0.836
0.856
0.852
0.84
0.832
0.82
0.832
0.828
0.808
0.824
0.844
0.84
0.836
0.856
0.844
0.832
0.844
0.852
0.872
0.848
0.828
0.852
0.844
0.836
0.824
0.848
0.856
0.836
0.84
0.852
0.876
0.836
0.832
0.876
0.804
0.8422653
0.86
0.86
0.86
0.832
0.84
0.864
0.872
0.86
0.86
0.864
0.868
0.864
0.864
0.86
0.844
0.844
0.86
0.856
0.812
0.824
0.832
0.848
0.828
0.82
0.84
0.848
0.848
0.832
0.836
0.828
0.828
0.828
0.852
0.832
0.812
0.8
0.816
0.808
0.792
0.784
0.788
0.8509479
0.8327011
0.8571626
0.772
0.8362716
0.8
0.816
0.832
0.828
0.84
0.884
0.872
0.832
0.852
0.856
0.832
0.844
0.852
0.864
0.868
0.876
0.872
0.872
0.896
0.888
0.88
0.892
0.896
0.896
0.868
0.88
0.884
0.884
0.876
0.884
0.896
0.888
0.88
0.888
0.892
0.888
0.884
0.864
0.864
0.86
0.86
0.836
0.82
0.844
0.84
0.836
0.824
0.84
0.852
0.844
0.824
0.84
0.86
0.86
0.84
0.84
0.86
0.868
0.86
0.832
0.828
0.832
0.84
0.82
0.82
0.84
0.86
0.832
0.82
0.844
0.848
0.844
0.856
0.888
0.872
0.864
0.876
0.884
0.888
0.876
0.876
0.868
0.852
0.84
0.844
0.864
0.872
0.852
0.848
0.872
0.86
0.852
0.848
0.84
0.844
0.82
0.856
0.864
0.852
0.828
0.86
0.856
0.836
0.82
0.828
0.816
0.8
0.776
0.8479938
0.768
0.768
0.772
0.768
0.768
0.8663569
0.8503859
0.8320164
0.8675663
0.8638063
0.8530574
0.8455747
0.8246602
0.872601
0.8
0.816
0.812
0.82
0.828
0.844
0.828
0.836
0.832
0.828
0.816
0.796
0.824
0.836
0.856
0.828
0.828
0.828
0.836
0.82
0.808
0.82
0.824
0.836
0.824
0.812
0.804
0.792
0.808
0.8
0.788
0.784
0.788
0.8
0.792
0.788
0.776
0.796
0.796
0.808
0.816
0.82
0.836
0.824
0.82
0.828
0.832
0.828
0.832
0.832
0.828
0.82
0.816
0.824
0.824
0.84
0.852
0.852
0.856
0.844
0.832
0.836
0.84
0.856
0.852
0.844
0.828
0.824
0.828
0.82
0.816
0.804
0.804
0.8
0.792
0.784
0.788
0.78
0.776
0.784
0.8
0.812
0.8
0.804
0.808
0.808
0.8
0.808
0.808
0.8
0.808
0.812
0.82
0.816
0.82
0.832
0.828
0.82
0.832
0.836
0.832
0.828
0.84
0.852
0.848
0.848
0.848
0.852
0.832
0.824
0.852
0.852
0.848
0.856
0.856
0.848
0.832
0.84
0.852
0.828
0.848
0.864
0.856
0.84
0.856
0.856
0.844
0.84
0.852
0.864
0.844
0.828
0.84
0.848
0.836
0.824
0.844
0.84
0.832
0.836
0.832
0.816
0.808
0.808
0.788
0.788
0.776
0.768
0.821983
0.8
0.816
0.824
0.816
0.812
0.82
0.848
0.84
0.816
0.82
0.824
0.812
0.804
0.82
0.832
0.812
0.812
0.836
0.856
0.86
0.852
0.888
0.888
0.876
0.884
0.88
0.884
0.892
0.892
0.896
0.88
0.888
0.896
0.876
0.864
0.86
0.86
0.86
0.824
0.84
0.816
0.82
0.82
0.816
0.812
0.828
0.828
0.828
0.828
0.832
0.836
0.856
0.84
0.824
0.836
0.844
0.852
0.836
0.852
0.852
0.868
0.856
0.86
0.852
0.848
0.82
0.848
0.872
0.868
0.848
0.82
0.852
0.836
0.844
0.832
0.84
0.86
0.844
0.848
0.852
0.86
0.864
0.844
0.852
0.864
0.844
0.836
0.864
0.844
0.8845274
0.844
0.828
0.812
0.816
0.82
0.8683641
0.82
0.828
0.836
0.828
0.844
0.852
0.856
0.848
0.856
0.844
0.824
0.836
0.864
0.852
0.852
0.868
0.848
0.836
0.844
0.872
0.856
0.828
0.856
0.86
0.84
0.86
0.868
0.88
0.86
0.856
0.86
0.852
0.856
0.868
0.876
0.868
0.876
0.872
0.836
0.848
0.84
0.836
0.816
0.836
0.844
0.86
0.84
0.864
0.852
0.832
0.808
0.796
0.812
0.812
0.804
0.804
0.8
0.792
0.792
0.776
0.768
0.776
0.768
0.804
0.796
0.836
0.868
0.852
0.832
0.856
0.864
0.844
0.848
0.852
0.832
0.828
0.84
0.848
0.836
0.812
0.796
0.824
0.836
0.856
0.832
0.836
0.864
0.86
0.848
0.848
0.848
0.856
0.848
0.876
0.884
0.88
0.876
0.8197487
0.88
0.876
0.864
0.868
0.868
0.876
0.872
0.844
0.86
0.864
0.856
0.852
0.852
0.868
0.892
0.892
0.86
0.868
0.876
0.848
0.844
0.852
0.852
0.844
0.836
0.856
0.86
0.86
0.856
0.868
0.876
0.852
0.844
0.852
0.856
0.844
0.836
0.84
0.84
0.824
0.828
0.832
0.824
0.82
0.844
0.832
0.832
0.848
0.828
0.832
0.84
0.852
0.84
0.824
0.836
0.824
0.812
0.816
0.824
0.828
0.808
0.808
0.82
0.824
0.804
0.788
0.792
0.8
0.804
0.788
0.788
0.784
0.776
0.756
0.784
0.788
0.8
0.816
0.836
0.824
0.852
0.844
0.868
0.844
0.872
0.876
0.872
0.864
0.864
0.864
0.852
0.82
0.82
0.808
0.796
0.784
0.8
0.7966932
0.86
0.848
0.824
0.824
0.836
0.836
0.828
0.816
0.844
0.824
0.808
0.808
0.808
0.796
0.796
0.804
0.8
0.828
0.836
0.868
0.832
0.828
0.84
0.836
0.804
0.804
0.788
0.796
0.792
0.768
0.756
0.788
0.8
0.812
0.8
0.828
0.832
0.804
0.788
0.792
0.804
0.824
0.836
0.828
0.844
0.836
0.816
0.812
0.804
0.792
0.772
0.768
0.796
0.832
0.82
0.832
0.844
0.868
0.864
0.864
0.852
0.852
0.864
0.864
0.86
0.84
0.824
0.84
0.852
0.852
0.84
0.84
0.856
0.836
0.832
0.812
0.804
0.832
0.84
0.848
0.84
0.828
0.812
0.792
0.792
0.792
0.792
0.8
0.792
0.8
0.792
0.776
0.756
0.752
0.748
0.8000605
0.764
0.784
0.772
0.772
0.776
0.76
0.776
0.768
0.784
0.796
0.816
0.832
0.84
0.848
0.836
0.836
0.832
0.828
0.824
0.824
0.828
0.812
0.832
0.824
0.808
0.796
0.8
0.784
0.804
0.8
0.792
0.788
0.776
0.772
0.772
0.776
0.78
0.784
0.784
0.776
0.788
0.792
0.8
0.8
0.788
0.792
0.792
0.784
0.788
0.78
0.784
0.772
0.772
0.776
0.784
0.776
0.764
0.768
0.76
0.744
0.752
0.8207749
0.748
0.748
0.756
0.756
0.764
0.772
0.772
0.796
0.788
0.788
0.788
0.792
0.804
0.796
0.788
0.804
0.796
0.788
0.792
0.8
0.8
0.784
0.784
0.784
0.788
0.776
0.78
0.788
0.796
0.784
0.784
0.784
0.788
0.804
0.788
0.78
0.784
0.788
0.784
0.772
0.768
0.772
0.756
0.744
0.744
0.8070952
0.8046352
0.7900398
0.748
0.752
0.764
0.78
0.8
0.804
0.796
0.804
0.8
0.8
0.8
0.796
0.8
0.804
0.792
0.792
0.808
0.82
0.796
0.796
0.796
0.8
0.792
0.784
0.788
0.788
0.792
0.792
0.792
0.8
0.816
0.8
0.804
0.78
0.8
0.772
0.764
0.752
0.74
0.744
0.744
0.752
0.76
0.772
0.78
0.784
0.784
0.784
0.788
0.776
0.768
0.768
0.764
0.764
0.752
0.748
0.74
0.8105544
0.7926907
0.7713747
0.8024083
0.744
0.756
0.76
0.76
0.76
0.76
0.768
0.76
0.756
0.768
0.748
0.772
0.784
0.78
0.776
0.804
0.816
0.824
0.836
0.836
0.832
0.824
0.812
0.796
0.808
0.804
0.82
0.824
0.828
0.82
0.832
0.824
0.82
0.808
0.816
0.816
0.816
0.808
0.808
0.804
0.816
0.832924
0.824
0.816
0.804
0.804
0.804
0.788
0.788
0.784
0.784
0.784
0.792
0.772
0.784
0.788
0.772
0.764
0.764
0.744
0.752
0.756
0.756
0.784
0.784
0.796
0.796
0.788
0.796
0.808
0.804
0.796
0.8
0.8
0.796
0.788
0.792
0.796
0.8
0.792
0.7962142
0.8247344
0.824
0.836
0.84
0.864
0.872
0.86
0.852
0.836
0.84
0.84
0.832
0.816
0.832
0.832
0.824
0.812
0.828
0.816
0.816
0.824
0.824
0.804
0.824
0.824
0.828
0.828
0.836
0.828
0.828
0.828
0.808
0.82
0.816
0.808
0.796
0.792
0.792
0.792
0.78
0.78
0.784
0.776
0.784
0.784
0.788
0.772
0.784
0.776
0.772
0.784
0.764
0.752
0.748
0.744
0.770215
0.8078772
0.8217287
0.74
0.744
0.756
0.744
0.764
0.756
0.78
0.792
0.804
0.812
0.804
0.812
0.828
0.824
0.832
0.82
0.82
0.82
0.832
0.844
0.812
0.828
0.824
0.84
0.836
0.828
0.836
0.852
0.868
0.856
0.856
0.844
0.824
0.816
0.832
0.844
0.832
0.824
0.824
0.824
0.824
0.832
0.82
0.82
0.816
0.82
0.8
0.796
0.804
0.812
0.824
0.836
0.848
0.848
0.844
0.832
0.852
0.848
0.832
0.84
0.844
0.828
0.816
0.832
0.8155694
0.796
0.796
0.8
0.796
0.804
0.812
0.804
0.808
0.812
0.796
0.796
0.8
0.784
0.78
0.764
0.768
0.764
0.784
0.788
0.8
0.784
0.788
0.796
0.788
0.784
0.788
0.788
0.792
0.792
0.796
0.8
0.788
0.796
0.808
0.816
0.816
0.8
0.808
0.812
0.808
0.8
0.808
0.824
0.812
0.828
0.82
0.812
0.808
0.824
0.8107117
0.7927218
0.824
0.82
0.808
0.816
0.82
0.824
0.824
0.832
0.832
0.828
0.828
0.832
0.836
0.824
0.812
0.816
0.804
0.812
0.816
0.82
0.808
0.816
0.816
0.812
0.8
0.804
0.808
0.792
0.792
0.792
0.8
0.796
0.796
0.808
0.792
0.796
0.796
0.808
0.804
0.812
0.8
0.792
0.804
0.808
0.828
0.808
0.812
0.808
0.804
0.816
0.808
0.8
0.812
0.832
0.8
0.808
0.808
0.8
0.8
0.8
0.796
0.78
0.78
0.776
0.764
0.776
0.78
0.776
0.784
0.792
0.796
0.784
0.796
0.792
0.784
0.788
0.788
0.78
0.776
0.792
0.784
0.784
0.784
0.796
0.788
0.792
0.796
0.792
0.792
0.8
0.8
0.796
0.796
0.8
0.796
0.788
0.788
0.78
0.792
0.792
0.804
0.804
0.808
0.8
0.816
0.82
0.7902167
0.7860386
0.788
0.788
0.784
0.78
0.784
0.788
0.792
0.78
0.78
0.76
0.76
0.776
0.78
0.776
0.776
0.764
0.764
0.748
0.768
0.784
0.784
0.82
0.84
0.848
0.852
0.852
0.864
0.872
0.88
0.876
0.856
0.84
0.856
0.864
0.864
0.88
0.8145188
0.876
0.86
0.864
0.88
0.88
0.884
0.876
0.872
0.86
0.872
0.88
0.7890734
0.856
0.86
0.88
0.876
0.856
0.836
0.852
0.86
0.86
0.856
0.84
0.824
0.82
0.844
0.836
0.844
0.832
0.84
0.844
0.852
0.852
0.844
0.824
0.848
0.848
0.848
0.836
0.828
0.84
0.848
0.852
0.832
0.824
0.832
0.836
0.8005055
0.8061632
0.8
0.792
0.784
0.78
0.776
0.808
0.812
0.808
0.808
0.808
0.808
0.8
0.796
0.78
0.8
0.8
0.8
0.796
0.8
0.792
0.788
0.78
0.772
0.768
0.776
0.764
0.764
0.776
0.776
0.772
0.768
0.768
0.756
0.76
0.752
0.748
0.85659
0.744
0.7963781
0.8177651
0.8139566
0.7888684
0.8103324
0.74
0.744
0.768
0.76
0.788
0.816
0.844
0.84
0.828
0.848
0.852
0.828
0.836
0.832
0.84
0.856
0.84
0.832
0.836
0.848
0.836
0.816
0.852
0.872
0.876
0.876
0.868
0.832
0.832
0.828
0.82
0.82
0.808
0.812
0.844
0.836
0.832
0.816
0.816
0.832
0.84
0.836
0.84
0.832
0.828
0.832
0.812
0.82
0.832
0.82
0.812
0.804
0.804
0.816
0.804
0.804
0.8
0.788
0.784
0.78
0.764
0.748
0.74
0.8458673
0.8219002
0.8119871
0.8007848
0.752
0.764
0.768
0.772
0.792
0.8
0.812
0.82
0.816
0.808
0.828
0.824
0.82
0.812
0.82
0.84
0.832
0.832
0.824
0.836
0.828
0.804
0.8
0.816
0.812
0.824
0.808
0.812
0.8
0.792
0.78
0.772
0.768
0.764
0.756
0.776
0.78
0.768
0.784
0.78
0.792
0.788
0.784
0.8
0.792
0.796
0.784
0.784
0.788
0.788
0.772
0.772
0.772
0.784
0.784
0.788
0.804
0.808
0.808
0.8
0.812
0.82
0.824
0.816
0.836
0.816
0.816
0.804
0.796
0.808
0.796
0.804
0.8
0.8
0.792
0.808
0.804
0.792
0.808
0.804
0.8
0.792
0.8
0.808
0.804
0.788
0.796
0.8
0.792
0.788
0.792
0.8
0.804
0.788
0.8
0.796
0.8
0.788
0.8
0.804
0.792
0.784
0.796
0.792
0.796
0.788
0.788
0.788
0.788
0.788
0.776
0.788
0.8
0.796
0.784
0.784
0.78
0.764
0.752
0.756
0.7589007
0.744
0.748
0.748
0.772
0.792
0.8
0.796
0.784
0.784
0.792
0.792
0.808
0.796
0.82
0.84
0.84
0.84
0.852
0.856
0.86
0.848
0.844
0.856
0.848
0.84
0.836
0.844
0.844
0.848
0.848
0.816
0.84
0.848
0.836
0.832
0.824
0.828
0.824
0.828
0.84
0.844
0.84
0.84
0.84
0.832
0.832
0.816
0.824
0.828
0.824
0.82
0.808
0.824
0.828
0.804
0.812
0.816
0.812
0.808
0.808
0.816
0.84
0.796
0.796
0.8
0.804
0.8
0.796
0.8
0.8
0.796
0.784
0.8
0.804
0.792
0.788
0.796
0.8
0.808
0.808
0.812
0.816
0.812
0.804
0.816
0.808
0.824
0.824
0.828
0.836
0.828
0.828
0.84
0.84
0.84
0.824
0.824
0.832
0.844
0.836
0.824
0.816
0.828
0.836
0.832
0.816
0.812
0.824
0.828
0.812
0.812
0.824
0.828
0.8
0.796
0.8
0.804
0.8
0.776
0.768
0.756
0.8324778
0.772
0.7698831
0.78
0.788
0.788
0.788
0.776
0.768
0.752
0.76
0.764
0.764
0.764
0.76
0.756
0.764
0.768
0.768
0.764
0.756
0.776
0.768
0.772
0.772
0.78
0.816
0.82
0.816
0.82
0.836
0.844
0.86
0.864
0.86
0.86
0.8213593
0.8495053
0.7685957
0.868
0.84
0.8201922
0.856
0.848
0.844
0.84
0.836
0.832
0.832
0.824
0.804
0.812
0.804
0.836
0.832
0.824
0.812
0.8
0.804
0.816
0.824
0.8
0.792
0.788
0.796
0.796
0.788
0.784
0.792
0.792
0.808
0.792
0.784
0.788
0.784
0.792
0.784
0.772
0.784
0.784
0.784
0.792
0.788
0.784
0.792
0.788
0.792
0.788
0.792
0.784
0.792
0.796
0.8
0.796
0.792
0.788
0.768
0.776
0.784
0.8
0.796
0.796
0.796
0.78
0.772
0.78
0.784
0.796
0.792
0.8
0.792
0.792
0.796
0.784
0.784
0.784
0.792
0.8
0.8
0.8
0.792
0.788
0.788
0.784
0.776
0.768
0.756
0.756
0.744
0.736
0.732
0.7926986
0.761069
0.7624163
0.736
0.744
0.744
0.74
0.748
0.752
0.756
0.752
0.76
0.748
0.768
0.76
0.752
0.768
0.792
0.8
0.796
0.8
0.8
0.824
0.828
0.832
0.828
0.808
0.788
0.812
0.808
0.812
0.82
0.816
0.816
0.816
0.8
0.78
0.772
0.768
0.764
0.784
0.768
0.768
0.768
0.776
0.764
0.752
0.756
0.744
0.728
0.732
0.736
0.748
0.76
0.752
0.776
0.76
0.776
0.78
0.784
0.792
0.8
0.788
0.796
0.82
0.82
0.812
0.804
0.796
0.784
0.776
0.78
0.776
0.768
0.78
0.78
0.776
0.776
0.78
0.772
0.764
0.756
0.756
0.74
0.752
0.732
0.748
0.748
0.76
0.748
0.76
0.776
0.78
0.792
0.804
0.808
0.788
0.78
0.78
0.792
0.792
0.8
0.8
0.8
0.788
0.784
0.792
0.796
0.812
0.82
0.812
0.816
0.8
0.788
0.808
0.804
0.812
0.816
0.792
0.772
0.764
0.752
0.74
0.736
0.756
0.764
0.756
0.776
0.764
0.788
0.804
0.808
0.816
0.832
0.82
0.808
0.848
0.852
0.856
0.864
0.86
0.848
0.848
0.856
0.852
0.856
0.816
0.828
0.844
0.852
0.868
0.844
0.844
0.84
0.816
0.824
0.82
0.816
0.808
0.804
0.808
0.804
0.788
0.788
0.78
0.776
0.768
0.76
0.748
0.744
0.736
0.736
0.732
0.724
0.7572599
0.783068
0.724
0.724
0.728
0.74
0.748
0.756
0.764
0.756
0.776
0.784
0.8
0.8
0.816
0.816
0.816
0.812
0.804
0.8
0.816
0.812
0.804
0.82
0.824
0.824
0.816
0.804
0.792
0.784
0.772
0.784
0.788
0.792
0.796
0.8
0.812
0.804
0.796
0.796
0.796
0.788
0.784
0.788
0.784
0.788
0.776
0.776
0.772
0.772
0.768
0.756
0.756
0.752
0.752
0.756
0.748
0.76
0.76
0.764
0.768
0.768
0.768
0.756
0.756
0.748
0.744
0.744
0.74
0.736
0.736
0.724
0.759991
0.8118258
0.8458758
0.724
0.736
0.74
0.756
0.752
0.752
0.756
0.752
0.756
0.756
0.768
0.784
0.796
0.82
0.82
0.824
0.824
0.824
0.824
0.816
0.816
0.824
0.836
0.812
0.808
0.812
0.812
0.828
0.824
0.824
0.82
0.816
0.8
0.808
0.804
0.8
0.792
0.788
0.788
0.788
0.796
0.804
0.804
0.804
0.804
0.796
0.788
0.776
0.78
0.788
0.792
0.796
0.8
0.8
0.804
0.8
0.788
0.788
0.788
0.784
0.788
0.788
0.776
0.768
0.76
0.756
0.744
0.736
0.732
0.744
0.756
0.748
0.76
0.768
0.796
0.808
0.792
0.804
0.836
0.84
0.86
0.86
0.848
0.824
0.828
0.832
0.84
0.844
0.832
0.848
0.848
0.832
0.84
0.836
0.82
0.8
0.796
0.796
0.796
0.792
0.804
0.804
0.812
0.8
0.804
0.804
0.8
0.796
0.796
0.796
0.8
0.792
0.792
0.792
0.792
0.796
0.804
0.792
0.788
0.78
0.768
0.764
0.768
0.748
0.744
0.736
0.732
0.732
0.74
0.748
0.76
0.748
0.764
0.776
0.772
0.776
0.788
0.828
0.824
0.824
0.816
0.808
0.796
0.792
0.788
0.78
0.784
0.784
0.788
0.78
0.784
0.78
0.78
0.776
0.768
0.772
0.756
0.76
0.756
0.76
0.76
0.756
0.764
0.756
0.764
0.76
0.756
0.768
0.78
0.792
0.796
0.808
0.824
0.824
0.816
0.82
0.804
0.8
0.808
0.812
0.824
0.824
0.82
0.7650109
0.84
0.82
0.812
0.828
0.816
0.82
0.812
0.82
0.824
0.82
0.808
0.824
0.824
0.804
0.792
0.784
0.784
0.784
0.792
0.784
0.784
0.776
0.768
0.768
0.752
0.76
0.76
0.768
0.776
0.784
0.8
0.788
0.812
0.8
0.808
0.812
0.808
0.804
0.812
0.812
0.824
0.82
0.82
0.828
0.808
0.82
0.824
0.82
0.824
0.832
0.832
0.82
0.828
0.832
0.812
0.808
0.82
0.816
0.812
0.804
0.808
0.804
0.796
0.8
0.8
0.808
0.816
0.816
0.808
0.812
0.828
0.828
0.832
0.824
0.824
0.828
0.816
0.82
0.82
0.828
0.868
0.856
0.828
0.828
0.836
0.828
0.808
0.804
0.804
0.792
0.792
0.792
0.78
0.784
0.776
0.788
0.784
0.78
0.772
0.78
0.784
0.784
0.78
0.788
0.792
0.792
0.796
0.804
0.796
0.792
0.796
0.792
0.792
0.78
0.78
0.776
0.764
0.768
0.768
0.768
0.76
0.764
0.772
0.764
0.764
0.776
0.776
0.776
0.768
0.78
0.776
0.776
0.78
0.78
0.784
0.776
0.788
0.788
0.788
0.78
0.796
0.796
0.792
0.792
0.804
0.8
0.8
0.804
0.836
0.864
0.84
0.832
0.832
0.828
0.808
0.804
0.792
0.772
0.764
0.764
0.768
0.76
0.776
0.788
0.788
0.784
0.788
0.808
0.804
0.792
0.812
0.82
0.808
0.808
0.82
0.82
0.824
0.836
0.836
0.856
0.836
0.848
0.864
0.844
0.828
0.856
0.86
0.844
0.82
0.8
0.828
0.8
0.776
0.76
0.752
0.752
0.8
0.808
0.82
0.812
0.824
0.832
0.848
0.82
0.832
0.816
0.816
0.82
0.8
0.812
0.804
0.804
0.8
0.804
0.808
0.8
0.792
0.792
0.784
0.772
0.764
0.76
0.756
0.76
0.752
0.768
0.764
0.768
0.78
0.792
0.804
0.8
0.8
0.792
0.792
0.792
0.776
0.784
0.788
0.788
0.768
0.78
0.78
0.784
0.784
0.792
0.796
0.8
0.804
0.816
0.812
0.816
0.804
0.804
0.808
0.82
0.82
0.812
0.812
0.82
0.804
0.8224449
0.82
0.812
0.824
0.808
0.824
0.808
0.812
0.8
0.812
0.812
0.804
0.8
0.804
0.812
0.812
0.8
0.808
0.804
0.804
0.8
0.804
0.808
0.796
0.8
0.796
0.792
0.788
0.792
0.792
0.788
0.792
0.792
0.796
0.788
0.796
0.796
0.792
0.784
0.788
0.788
0.772
0.76
0.748
0.748
0.756
0.752
0.788
0.812
0.808
0.804
0.8
0.808
0.82
0.832
0.82
0.82
0.812
0.812
0.812
0.828
0.84
0.84
0.848
0.848
0.824
0.828
0.832
0.852
0.856
0.852
0.852
0.848
0.832
0.852
0.836
0.832
0.824
0.824
0.832
0.84
0.828
0.816
0.828
0.832
0.828
0.816
0.816
0.824
0.808
0.8
0.808
0.8
0.808
0.8
0.808
0.816
0.808
0.8
0.808
0.812
0.796
0.792
0.796
0.796
0.78
0.776
0.768
0.784
0.776
0.788
0.784
0.796
0.804
0.792
0.808
0.796
0.792
0.8
0.796
0.788
0.776
0.784
0.784
0.768
0.776
0.764
0.768
0.76
0.768
0.752
0.764
0.76
0.764
0.78
0.808
0.812
0.808
0.832
0.832
0.824
0.828
0.824
0.828
0.824
0.824
0.824
0.828
0.804
0.808
0.828
0.824
0.82
0.808
0.824
0.824
0.82
0.796
0.792
0.808
0.816
0.836
0.812
0.816
0.82
0.828
0.832
0.816
0.82
0.828
0.836
0.832
0.808
0.816
0.82
0.828
0.824
0.828
0.852
0.848
0.836
0.848
0.84
0.828
0.832
0.836
0.86
0.844
0.832
0.8297905
0.8192801
0.78
0.788
0.796
0.796
0.8
0.8
0.788
0.8
0.804
0.808
0.8
0.796
0.796
0.796
0.796
0.796
0.796
0.784
0.788
0.78
0.784
0.776
0.764
0.776
0.768
0.764
0.756
0.752
0.744
0.744
0.74
0.7877482
0.8092105
0.744
0.756
0.744
0.752
0.748
0.752
0.752
0.748
0.772
0.776
0.764
0.78
0.796
0.816
0.828
0.82
0.808
0.844
0.804
0.804
0.82
0.812
0.824
0.832
0.824
0.816
0.82
0.808
0.812
0.808
0.8
0.804
0.82
0.832
0.836
0.828
0.832
0.824
0.82
0.816
0.808
0.8
0.82
0.82
0.828
0.824
0.828
0.816
0.816
0.8
0.788
0.8
0.804
0.808
0.804
0.812
0.812
0.808
0.804
0.816
0.82
0.816
0.828
0.824
0.828
0.832
0.824
0.816
0.82
0.824
0.82
0.82
0.828
0.828
0.812
0.824
0.824
0.82
0.808
0.824
0.816
0.804
0.8
0.808
0.8
0.796
0.784
0.796
0.784
0.78
0.776
0.788
0.78
0.78
0.78
0.776
0.784
0.772
0.784
0.78
0.78
0.784
0.784
0.776
0.772
0.78
0.796
0.792
0.796
0.796
0.796
0.8
0.808
0.808
0.804
0.796
0.792
0.8
0.796
0.792
0.796
0.8
0.8
0.796
0.792
0.8
0.792
0.784
0.776
0.78
0.784
0.788
0.792
0.792
0.788
0.784
0.78
0.78
0.776
0.78
0.78
0.808
0.804
0.78
0.784
0.784
0.78
0.788
0.776
0.792
0.804
0.792
0.796
0.8
0.796
0.788
0.788
0.792
0.78
0.78
0.788
0.784
0.772
0.772
0.78
0.788
0.784
0.784
0.804
0.812
0.804
0.804
0.82
0.82
0.812
0.816
0.816
0.832
0.8
0.804
0.8
0.792
0.788
0.8
0.8
0.808
0.788
0.796
0.816
0.804
0.792
0.792
0.808
0.8
0.8
0.804
0.816
0.8
0.796
0.812
0.82
0.808
0.804
0.82
0.828
0.82
0.82
0.832
0.828
0.82
0.832
0.836
0.836
0.832
0.856
0.856
0.84
0.852
0.844
0.84
0.844
0.86
0.852
0.864
0.844
0.848
0.848
0.848
0.84
0.848
0.848
0.824
0.82
0.828
0.8085543
0.8288919
0.804
0.8
0.788
0.788
0.804
0.8
0.804
0.804
0.824
0.84
0.824
0.82
0.828
0.84
0.844
0.852
0.84
0.86
0.86
0.836
0.856
0.844
0.868
0.852
0.832
0.844
0.848
0.832
0.8062702
0.8388093
0.804
0.792
0.784
0.788
0.792
0.78
0.764
0.776
0.76
0.776
0.76
0.792
0.792
0.808
0.812
0.808
0.8
0.82
0.824
0.82
0.812
0.832
0.82
0.812
0.812
0.82
0.828
0.82
0.82
0.832
0.84
0.824
0.816
0.836
0.84
0.848
0.84
0.828
0.832
0.836
0.816
0.812
0.792
0.824
0.828
0.824
0.816
0.824
0.812
0.812
0.808
0.804
0.8
0.812
0.832
0.828
0.84
0.852
0.856
0.856
0.84
0.844
0.848
0.84
0.836
0.824
0.832
0.828
0.836
0.836
0.828
0.816
0.82
0.816
0.804
0.808
0.808
0.824
0.808
0.808
0.82
0.812
0.812
0.812
0.812
0.828
0.824
0.808
0.828
0.82
0.812
0.8
0.796
0.8
0.808
0.828
0.816
0.832
0.836
0.812
0.804
0.805492
0.808
0.804
0.832
0.832
0.808
0.812
0.824
0.82
0.812
0.824
0.836
0.836
0.832
0.828
0.82
0.82
0.808
0.816
0.82
0.832
0.816
0.82
0.828
0.824
0.82
0.828
0.836
0.828
0.82
0.824
0.828
0.824
0.808
0.82
0.816
0.82
0.808
0.816
0.824
0.824
0.816
0.832
0.844
0.828
0.828
0.864
0.872
0.852
0.836
0.852
0.848
0.844
0.828
0.82
0.828
0.852
0.856
0.832
0.848
0.836
0.828
0.844
0.848
0.828
0.828
0.844
0.828
0.8
0.796
0.812
0.8
0.784
0.776
0.772
0.768
0.768
0.752
0.768
0.772
0.764
0.776
0.8
0.8
0.784
0.808
0.808
0.804
0.792
0.808
0.804
0.796
0.788
0.792
0.812
0.82
0.816
0.812
0.828
0.836
0.848
0.832
0.84
0.86
0.872
0.864
0.848
0.84
0.836
0.832
0.848
0.852
0.844
0.836
0.844
0.868
0.837841
0.88
0.864
0.844
0.848
0.836
0.82
0.816
0.804
0.82
0.832
0.824
0.816
0.812
0.808
0.812
0.8
0.788
0.768
0.78
0.792
0.8
0.8
0.8
0.8
0.784
0.776
0.776
0.776
0.78
0.776
0.788
0.808
0.816
0.808
0.816
0.816
0.808
0.804
0.796
0.796
0.804
0.792
0.788
0.8
0.8
0.804
0.804
0.796
0.796
0.812
0.796
0.8
0.784
0.784
0.788
0.792
0.796
0.796
0.804
0.812
0.812
0.808
0.824
0.82
0.816
0.812
0.812
0.82
0.812
0.812
0.808
0.812
0.804
0.784
0.788
0.788
0.788
0.788
0.788
0.796
0.796
0.792
0.808
0.82
0.804
0.808
0.808
0.8
0.792
0.812
0.8
0.808
0.8
0.796
0.808
0.812
0.808
0.816
0.836
0.828
0.808
0.828
0.82
0.808
0.808
0.8
0.836
0.84
0.832
0.816
0.832
0.864
0.856
0.832
0.828
0.832
0.82
0.812
0.816
0.828
0.82
0.82
0.812
0.808
0.816
0.804
0.812
0.808
0.8
0.804
0.848
0.844
0.836
0.832
0.82
0.828
0.82
0.82
0.812
0.8
0.792
0.784
0.788
0.764
0.764
0.76
0.768
0.768
0.756
0.748
0.752
0.784
0.784
0.772
0.772
0.784
0.8
0.796
0.804
0.8
0.8
0.792
0.792
0.788
0.788
0.784
0.776
0.776
0.78
0.792
0.8
0.8
0.804
0.804
0.812
0.808
0.804
0.808
0.8
0.788
0.792
0.796
0.8
0.784
0.784
0.8
0.804
0.812
0.796
0.792
0.792
0.796
0.804
0.796
0.8
0.804
0.804
0.796
0.812
0.824
0.808
0.812
0.82
0.82
0.804
0.816
0.816
0.812
0.796
0.808
0.812
0.804
0.804
0.804
0.796
0.788
0.78
0.78
0.776
0.776
0.788
0.792
0.792
0.784
0.8
0.808
0.792
0.792
0.804
0.808
0.792
0.808
0.808
0.804
0.808
0.8
0.8
0.796
0.8
0.804
0.824
0.824
0.824
0.82
0.812
0.808
0.796
0.8
0.82
0.828
0.828
0.812
0.82
0.82
0.82
0.812
0.8
0.808
0.808
0.804
0.8
0.804
0.816
0.816
0.804
0.808
0.808
0.8
0.792
0.796
0.792
0.8
0.812
0.796
0.796
0.812
0.804
0.792
0.796
0.804
0.816
0.812
0.808
0.804
0.804
0.816
0.836
0.82
0.804
0.804
0.792
0.796
0.772
0.784
0.792
0.78
0.772
0.7761418
0.792
0.7709486
0.824
0.804
0.792
0.804
0.82
0.812
0.804
0.824
0.82
0.796
0.804
0.8
0.8
0.788
0.784
0.796
0.792
0.8
0.8
0.784
0.78
0.772
0.796
0.796
0.804
0.808
0.8
0.808
0.804
0.8
0.792
0.792
0.816
0.812
0.812
0.796
0.804
0.796
0.796
0.784
0.796
0.796
0.796
0.792
0.804
0.804
0.804
0.796
0.8
0.804
0.816
0.808
0.784
0.784
0.78
0.776
0.78
0.784
0.78
0.784
0.776
0.78
0.788
0.804
0.788
0.796
0.788
0.784
0.776
0.784
0.792
0.804
0.792
0.788
0.808
0.812
0.824
0.816
0.8
0.812
0.812
0.816
0.812
0.8
0.804
0.808
0.804
0.788
0.792
0.8
0.792
0.8
0.804
0.804
0.788
0.776
0.768
0.78
0.792
0.776
0.784
0.776
0.776
0.768
0.776
0.788
0.792
0.784
0.78
0.784
0.776
0.776
0.772
0.776
0.764
0.756
0.756
0.752
0.768
0.764
0.756
0.752
0.744
0.756
0.776
0.78
0.772
0.78
0.784
0.808
0.816
0.824
0.832
0.828
0.8
0.784
0.78
0.784
0.792
0.784
0.784
0.788
0.808
0.828
0.812
0.808
0.812
0.836
0.832
0.812
0.804
0.792
0.804
0.8
0.812
0.8
0.788
0.792
0.792
0.78
0.768
0.768
0.768
0.78
0.796
0.784
0.78
0.776
0.772
0.784
0.788
0.792
0.788
0.776
0.776
0.78
0.788
0.792
0.772
0.772
0.776
0.776
0.772
0.768
0.772
0.78
0.772
