1
0.992
1.016
1.012
0.988
1.012
1.028
1.004
1.04
1.008
0.98
1.016
1.024
1.012
0.98
1.016
1.024
0.992
1.036
1.044
1.012
1.06
1.076
1.056
1.024
1.06
1.076
1.032
1.064
1.06
1.012
1.06
1.076
1.032
1.076
1.08
1.048
1.08
1.084
1.02
1.044
1.044
1.044
1.032
1.076
1.072
1.012
1.06
1.044
1.008
1.048
1.044
1.012
1.04
1.048
1.016
1.044
1.064
1.012
1.044
1.044
1.016
1.032
1.04
1.044
1.016
1.04
1.04
1.016
1.044
1.044
1.008
1.04
1.056
1.016
1.04
1.048
1.004
1.036
1.04
1.012
0.992
1.02
1.024
0.984
1
0.992
0.96
0.944
0.952
0.96
0.94
0.976
0.98
0.956
0.992
1.004
0.976
0.984
1.004
1
0.976
1.008
1.044
1
1.052
1.06
1.016
1.012
1.036
1.048
1.02
1.048
1.056
1
1.028
1.044
1.016
1.016
1.036
1.028
1
1.036
1.04
1.016
1.052
1.044
1.016
1.056
1.068
1.028
1.06
1.068
1.024
1.064
1.072
1.016
1.06
1.056
1.016
1.06
1.076
1.028
1.068
1.06
1.044
1.076
1.028
1.028
1.044
1.024
0.992
1.02
1.032
1
1.036
1.056
1
1.036
1.052
1.016
1.052
1.06
1.012
1.052
1.08
1.004
1.012
1.032
1.06
1.016
1.048
1.068
1.052
1.02
1.052
1.056
1.02
1.06
1.076
1.032
1.04
1.052
1.044
1.012
1.04
1.068
1.024
1.04
1.072
1.06
1.028
1.056
1.052
1.012
1.04
1.04
1.004
1.016
1.024
1.016
1.004
1.056
1.096
1.004
1.024
1.044
0.992
1
1.008
1.010107
1.020226
0.944
0.948
0.956
0.988
0.98
0.956
0.992
1.012
1.008
1.004
1.032
1.044
1.024
0.988
1.012
1.016
0.98
1.016
1.02
0.996
0.996
1.008
0.964
0.988
0.968
0.976
0.984
1
0.964
1.012
1.036
0.98
1.024
1.036
1.012
1.008
1.028
1.02
1
1.028
1.032
1.028
1.076
1.072
1.044
1.076
1.076
1.028
1.056
1.068
1.032
1.064
1.068
1.028
1.072
1.08
1.028
1.068
1.06
1.024
1.064
1.084
1.004
1.052
1.06
1.016
1.052
1.068
1.024
1.028
1.04
1.036
1.012
1.04
1.04
1
1.032
1.032
0.996
1.024
1.024
0.992
1.02
1.016
0.996
1.004
1.02
1.008
0.988
1.016
1.02
0.992
1.024
1.02
0.992
1.012
1.024
1.016
1.004
1.028
1.028
0.996
1.032
1.036
1
1.028
1.036
0.996
1.008
1.016
1.012
0.972
1.008
0.988
1.012
1.02
0.984
1.02
1.032
0.988
1.02
1.028
1.008
1.02
1.04
1.036
1.024
1.056
1.056
1.016
1.064
1.068
1.024
1.056
1.068
1.028
1.068
1.096
1.036
1.02
1.056
1.048
1.012
1.048
1.06
1.028
1.068
1.076
1.032
1.068
1.08
1.028
1.064
1.076
1.02
1.048
1.068
1.024
1.048
1.044
1.004
1.032
1.04
1.008
1.024
1.04
1.008
1.028
1.04
1.024
1.02
1.044
1.04
1.016
1.056
1.044
1.008
1.04
1.036
1.008
1.04
1.048
1.016
1.056
1.048
1.012
1.048
1.048
1.016
1.048
1.06
1.036
1.068
1.064
1.04
1.08
1.076
1.032
1.072
1.064
1.032
1.068
1.056
1.036
1.012
0.968
1.081791
0.996
1.004
1.028
1.056
0.988
1.056
1.064
1.068
1.052
1.064
1.06
1.016
1.052
1.06
1.044
1.072
1.06
1.068
1.068
1.072
1.052
1.072
1.076
1.056
1.084
1.08
1.056
1.072
1.056
1.032
1.044
1.024
1
1.024
1.032
1.004
1.032
1.04
1.012
1.044
1.048
1.008
1.048
1.048
1.012
1.04
1.044
1.008
1.032
1.036
1.004
1.036
1.032
1.008
1.036
1.036
1.008
0.992
1.004
0.964
0.988
0.972
1
1.008
0.98
1.012
1.016
0.98
1.012
1.008
0.996
1.02
1.016
1
1.036
1.032
1.008
1.044
1.04
1.016
1.052
1.06
1.048
1.016
1.044
1.064
1.02
1.032
1.048
1.024
1.036
1.04
1.036
1.02
1.06
1.08
1.028
1.064
1.068
1.044
1.048
1.04
0.992
1.016
1.012
0.972
1.008
1.016
0.988
1.024
1.04
1.008
1.04
1.04
1.008
1.032
1.032
1
1.02
1.032
1.016
1.02
1.024
1.028
1
1.032
1.052
1.024
1.064
1.068
1.024
1.056
1.06
1.04
1.032
1.044
1.024
0.996
1.02
1.04
1.02
1.056
1.064
1.02
1.068
1.072
0.98
1.042429
1.044269
0.988
1
1.02
1
1.044
1.04
1.04
1.012
1.036
1.044
1.016
1.052
1.056
1.02
1.048
1.048
1.02
1.052
1.048
1.024
1.044
1.044
1.008
1.036
1.036
1.004
1.032
1.032
1.004
1.024
1.036
1
1.032
1.028
1.004
1.028
1.04
1.008
1.036
1.024
0.992
1.004
1.008
1.008
1.032
0.964
0.972
1.004
1.016
0.972
1.008
1.028
1.02
0.984
1.02
1.024
0.996
1.024
1.028
1.008
1.032
1.04
1.016
1.048
1.048
1.028
1.064
1.06
1.052
1.032
1.056
1.068
1.032
1.06
1.076
1.04
1.072
1.08
1.04
1.08
1.08
1.044
1.068
1.096
1.048
1.08
1.088
1.048
1.08
1.08
1.04
1.056
1.056
1.02
1.056
1.056
1.008
1.02
1.016
0.996
1.028
1.032
1.008
1.036
1.04
0.996
1.024
1.032
1.02
0.968
0.996
0.984
0.984
1.016
1.02
0.996
1.044
1.036
1.004
1.036
1.032
1.004
1.04
1.032
1.004
1.044
1.052
1.016
1.064
1.06
0.992
1.04
1.056
1.036
1.028
1.056
1.06
1.016
1.052
1.068
1.04
1.08
1.084
1.048
1.084
1.088
1.056
1.08
1.088
1.068
1.096
1.072
1.04
1.08
1.084
1.056
1.088
1.076
1.016
1.100428
1.06217
1.048
1.032
1.016
1.044
1.032
1.076
1.088
1.024
1.092
1.096
1.076
1.088
1.092
1.092
1.08
1.08
1.076
1.064
1.068
1.068
1.068
1.072
1.032
1.048
1.044
1.02
1.052
1.064
1.024
1.056
1.068
1.02
1.056
1.06
1.028
1.044
1.044
1
1.008
0.972
1.008
0.98
1.02
1.032
1
1.044
1.052
1.016
1.056
1.06
1.028
1.068
1.08
1.04
1.092
1.108
1.08
1.064
1.092
1.108
1.072
1.088
1.064
1.08
1.1
1.096
1.056
1.088
1.088
1.052
1.08
1.088
1.04
1.076
1.02
1.008
1.044
1.06
1.016
1.068
1.06
1.024
1.056
1.076
1.052
1.06
1.072
1.068
1.076
1.08
1.08
1.052
1.064
1.072
1.056
1.076
1.064
1.04
1.076
1.092
1.076
1.048
1.096
1.072
1.02
1.06
1.06
1.02
1.068
1.068
1.028
1.076
1.068
1.052
1.08
1.084
1.04
1.072
1.084
1.068
1.048
1.088
1.096
1.048
1.1
1.1
1.068
1.084
1.084
1.072
1.036
1.088
1.08
1.056
1.072
1.076
1.076
1.048
1.076
1.076
1.052
1.088
1.06
1.024
1.06
1.06
1.028
1.064
1.092
1.052
1.092
1.104
1.08
1.036
1.072
1.068
1.032
1.06
1.068
1.032
1.076
1.108
1.056
1.104
1.112
1.06
1.104
1.128
1.112
1.06
1.092
1.084
1.024
1.004
1.008
1.028
1.012
1.096
1.092
1.032
1.056
1.036
1.008
1.012
1.068
1.084
1.02
1.084
1.088
1.04
1.036
1.08
1.096
1.052
1.088
1.104
1.072
1.076
1.072
1.084
1.048
1.1
1.116
1.084
1.04
1.08
1.088
1.076
1.128
1.136
1.08
1.116
1.128
1.076
1.108
1.1
1.084
1.048
1.072
1.096
1.036
1.064
1.076
1.036
1.072
1.092
1.06
1.084
1.076
1.028
1.08
1.108
1.068
1.084
1.108
1.08
1.084
1.084
1.044
1.04
1.064
1.048
1.036
1.072
1.06
1.048
1.096
1.092
1.052
1.08
1.096
1.06
1.112
1.104
1.064
1.1
1.108
1.076
1.044
1.076
1.088
1.06
1.108
1.088
1.048
1.112
1.116
1.08
1.128
1.108
1.068
1.096
1.12
1.092
1.044
1.088
1.112
1.052
1.084
1.092
1.044
1.076
1.072
1.036
1.068
1.076
1.052
1.088
1.092
1.048
1.068
1.084
1.076
1.052
1.084
1.116
1.06
1.068
1.084
1.056
1.092
1.096
1.08
1.04
1.104
1.148
1.064
1.144
1.148
1.096
1.096
1.116
1.108
1.068
1.096
1.1
1.064
1.024
1.06
1.06
1.032
1.068
1.06
1.036
1.072
1.1
1.044
1.092
1.096
1.06
1.028
1.068
1.092
1.064
1.084
1.108
1.048
1.068
1.092
1.096
1.048
1.096
1.088
1.052
1.092
1.092
1.06
1.088
1.1
1.044
1.08
1.112
1.124
1.056
1.108
1.116
1.068
1.104
1.104
1.076
1.016
1.028
1
1.028445
0.98
0.984
1.046168
1.053556
1.104588
1.078202
1.079472
1.070628
1.050283
1.121877
1.082512
1.007236
1.088766
0.976
0.988
1.052947
0.996
0.992
0.988
1
1
0.98
0.996
0.996
0.976
0.996
0.996
0.98
1.034987
1.060967
1.036296
1.045389
1.048577
1.016157
1.0933
1.072405
1.032962
1.106055
1.080792
1.058763
1.09514
1.094635
1.092921
0.984
0.996
0.98
1.004
0.992
1
0.992
1.024
1.048
1.024
1.016
1.064
1.052
1.032
1.072
1.088
1.088
1.064
1.092
1.1
1.08
1.084
1.084
1.072
1.032
1.056
1.064
1.048
1.092
1.12
1.072
1.136
1.089228
1.12
1.124
1.085135
1.148
1.096
1.132
1.128
1.136
1.084
1.112
1.108
1.084
1.104
1.12
1.132
1.076
1.104
1.116
1.096
1.056
1.116
1.14
1.06
1.108
1.124
1.14
1.06
1.1
1.088
1.028
1.06
1.032
1.012
1.008
0.98
1
1
1.06
1.092
1.024
1.024
1.084
1.124
1.12
1.072
1.12
1.136
1.12
1.156
1.112
1.088
1.132
1.156
1.088
1.132
1.124
1.06
1.088
1.084
1.08
1.096
1.108
1.084
1.068
1.096
1.104
1.064
1.096
1.104
1.076
1.1
1.12
1.112
1.056
1.112
1.108
1.06
1.08
1.06
1.004
1.04
1.052
1.024
1.066169
1.112
1.072
1.088
1.136
1.072
1.116
1.058617
1.12
1.04
1.112
1.148
1.108
1.132
1.124
1.112
1.056194
1.156
1.08
1.148
1.148
1.092
1.136
1.14
1.132
1.096
1.116
1.108
1.076
1.056
1.06
1.02
1.036
0.992
1.004
1.016
1
1
1.024
1.032
1.004
1.04
1.048
1.008
1.032
1.028
0.976
0.976
1.045804
1
0.976
1.028
1.032
1.012
1.032
1.068
1.076
1.036
1.072
1.076
1.044
1.076
1.068
1.024
1.068
1.096
1.08
1.08
1.096
1.084
1.092
1.124
1.128
1.068
1.116
1.124
1.104
1.052
1.068
1.06
1.02
1.052
1.052
1.028
1.068
1.088
1.056
1.08
1.084
1.068
1.112
1.112
1.064
1.104
1.1
1.072
1.024
1.06
1.052
1.044
1.088
1.104
1.076
1.128
1.088
1.048
1.096
1.12
1.048
1.06
1.076
1.064
1.1
1.148
1.088
1.092
1.1
1.1
1.02
1.072
1.108
1.084
1.104
1.116
1.084
1.036
1.072
1.084
1.072
1.14
1.124
1.076
1.104
1.112
1.076
1.048
1.1
1.12
1.068
1.088
1.072
1.02
1.06
1.056
1.032
1.096
1.096
1.02
1.112
1.132
1.108
1.064
1.116
1.112
1.076
1.056
1.06
1.024
1.044
1.052
1.04
1.12
1.092
1.032
1.088
1.092
1.004
1.048
1.096
1.072
1.104
1.055034
1.136
1.088
1.1
1.1
1.068
1.108
1.108
1.1
1.072
1.108
1.088
1.076
1.088
1.084
1.056
1.084
1.08
1.024
1.068
1.088
1.028
1.06
1.068
1.072
1.06
1.092
1.06
1.016
1.056
1.08
1.04
1.1
1.108
1.024
1.056
1.06
1.012
1.044
1.044
1.02
1.06
1.076
1.04
1.108
1.116
1.06
1.084
1.104
1.116
1.076
1.096
1.1
1.084
1.048
1.044
1.036
1.016
1.06
1.136
1.056
1.019557
1.048
1.104
1.064
1.124
1.1
1.068
1.068
1.064
1.06
1.084
1.048
1.004
1.036
1.04
1.008
1.056
1.072
1
1.06
1.096
1.044
1.02
1.048
1.06
1.044
1.076
1.052
0.976
1.036
1.048
1.036
0.996
1
1.028
1.004
1.028
1.036
1.121945
1.092508
0.984
0.996
1.024
1.048
1.06
1.052
1.068
1.064
1.076
1.08
1.076
1.044
1.024
1.02
1.004
0.968
1
0.996
1.032
0.988
1.044
1.048
1.016
1.052
1.064
1.052
1.08
1.08
1.036
1.072
1.088
1.084
1.028
1.064
1.036
1.012
1.044
1.064
1.052
1.116
1.096
1.02
1.076
1.068
1.048
1.092
1.108
1.048
1.08
1.068
1.092
1.12
1.084
1.064
1.104
1.088
1.044
1.068
1.072
1.052
1.104
1.116
1.088
1.072
1.08
1.064
1.028
1.052
1.068
1.028
1.08
1.108
1.06
1.064
1.1
1.072
1.084
1.092
1.08
1.064
1.076
1.044
1.016
1.048
1.04
1.02
1.068
1.048
1.036
1.08
1.044
1.076
1.1
1.068
1.052
1.072
1.056
1.072
1.084
1.084
1.084
1.088
1.052
1.016
1.04
1.036
1.016
1.036
1.052
1.016
1.06
1.068
1.056
1.092
1.108
1.068
1.048
1.052
1.052
1.048
1.024
1.04
1.044
0.968
0.996
0.984
0.972
1.009953
0.98
0.988
0.976
0.964
0.988
0.988
0.968
1
0.976
1.031177
0.952
0.96
0.976
0.964
0.992
1.012
0.968
0.988
1.004
1.004
1
1.036
1.016
1.036
1.052
1.052
1.048
1.076
1.072
1.036
1.064
1.064
1.012
1.04
1.032
1.012
1.032
1.04
1.02
1.048
1.056
1.02
1.044
1.048
1.024
1.048
1.072
1.036
1.06
1.052
1.032
1.056
1.06
1.056
1.012
1.04
1.052
1.02
1.056
1.048
1.02
1.056
1.056
1.016
1.052
1.056
1.044
1.08
1.076
1.048
1.076
1.068
1.036
1.06
1.048
1
0.948
0.992
1.012
1.064
1.02
1.04
1.072
1.06
1.056
1.096
1.1
1.072
1.1
1.108
1.092
1.1
1.108
1.064
1.088
1.092
1.072
1.096
1.08
1.056
1.016
1
0.996
1.032
1.004
1.036
1.052
1.004
1.056
1.06
1.012
1.052
1.068
1.028
1.052
1.064
1.044
1.068
1.084
1.068
1.068
1.092
1.072
1.068
1.06
1.032
1.012
1.048
1.06
1.024
1.076
1.104
1.012
1.072
1.072
1.012
1.052
1.072
1.048
1.04
1.064
1.064
1.036
1.068
1.072
1.04
1.064
1.044
1.024
1.048
1.048
1.008
1.02
1.02
0.976
0.972
0.992
0.98
0.948
0.976
0.948
0.956
0.976
0.976
0.96
0.984
0.992
0.984
1.004
1.008
0.988
1.024
1.016
1.004
1.032
1.032
1
1.024
1.028
0.96
1.008
1.02
1.008
1.012
1.04
1.028
1.02
1.024
1.028
0.992
1
1
1.008
0.996
1.032
1.048
1.016
1.052
1.04
1.012
1.04
1.044
1.016
1.048
1.052
1.024
1.032
1.04
1.012
1.032
1.032
1.008
1.04
1.048
1.012
1.044
1.036
1.012
1.044
1.04
1.004
1.028
1.02
1.004
1.044
1.044
1.016
1.044
1.036
1.012
1.036
1.032
1.004
1.028
1.032
1.012
1.04
1.024
0.988
1.004
0.968
1
0.988
0.988
1.012
1.028
0.944
1.01056
0.98
0.988
1.008
1.036
0.992
1.036
1.048
1.044
1.024
1.036
1.052
1.012
1.044
1.052
1.016
1.048
1.048
1.016
1.044
1.04
1.028
1.048
1.056
1.04
1.044
1.048
1.048
1.028
1.052
1.04
1.024
1.02
1.016
1.004
1.02
1.028
0.996
1.02
1.032
1.008
1.036
1.044
1.004
1.04
1.036
1.008
1.044
1.052
1.024
1.048
1.056
1.024
0.98
1.016
1.02
1
1.004
1.008
1.004
0.988
1.008
1.004
0.984
1.012
1.012
0.984
1.024
1.012
0.984
1.008
1.016
0.98
1.016
1.012
0.988
1.016
1.024
0.988
1.028
1.028
1
1.024
1.028
1.008
1.028
1.028
0.996
1.016
1.028
0.988
1.012
1.02
0.988
0.996
1
0.984
0.992
1.012
1.008
0.996
1.028
1.036
1.008
1.024
1.036
1.016
1.008
1.024
1.036
1.004
1.024
1.036
1.028
1.016
1.044
1.052
0.984
0.996
0.984
0.964
1.008
0.976
1.012
1.024
1
1.016
1.032
1.036
1.02
1.048
1.056
1.008
1.04
1.052
1.04
0.984
1.036
1.06
1.052
1.032
1.068
1.052
1.044
1.04
1.008
1.02
1.024
1.036
1.004
1.032
1.04
1.004
1.04
1.028
1.004
1.032
1.032
0.992
1.028
1.028
0.996
1.016
1.02
0.988
1.024
1.02
0.992
1.016
1.012
0.984
1.016
1.02
0.988
1.02
1.024
0.992
1.028
1.032
0.996
1.024
1.016
0.996
0.988
1.016
0.996
0.98
1.004
1.008
0.976
0.996
1.008
0.976
1
1.004
0.98
1
1
0.98
0.996
0.996
0.976
0.988
0.992
0.972
0.996
0.992
0.976
0.956
0.98
0.992
0.952
0.976
0.98
0.96
0.988
0.984
0.96
0.992
0.996
0.976
1
1.016
0.988
1.012
1.02
0.976
0.996
1
0.98
1.040318
1.013914
0.956
0.94
0.948
0.976
0.98
0.944
0.98
0.992
0.972
0.988
1.008
1
0.996
1.012
1.032
1.012
1.04
1.028
1.04
1.012
1.04
1.048
1.02
1.056
1.06
1.052
1.04
1.064
1.08
1.044
1.06
1.072
1.036
1.064
1.052
1.016
1.052
1.056
1.02
1.048
1.056
1.012
1.04
1.04
1.012
1.032
1.048
1.012
1.044
1.052
1.02
1.056
1.052
1.04
1.028
1.052
1.06
1.032
1.052
1.076
1.032
1.06
1.064
1.028
1.056
1.052
1.032
1.06
1.036
1.016
1.06
1.052
1.036
1.072
1.072
1.036
1.064
1.052
1.024
1.056
1.068
1.028
1.064
1.06
1.02
1.06
1.056
1.004
1.008
1.028
1.04
0.996
1.012
1.032
1.02
1.04
1.048
1.032
1.028
1.036
1.036
1.028
1.04
1.036
1.012
1.032
1.044
1.012
1.028
1.04
1.032
1.016
1.04
1.052
1.024
1.052
1.056
1.016
0.976
0.996
1
0.984
1.008
1.024
0.988
1.016
1.044
1.032
1
1.024
1.04
1.012
1.028
1.032
0.996
0.988
1.012
1.016
1
1.016
1.028
1.008
1.004
1.024
1.036
0.992
1.02
1.04
1.016
1.024
1.04
1.048
0.992
1.032
1.036
0.996
1.036
1.044
1.008
1.04
1.028
1.008
1.04
1.048
1
1.036
1.044
1.004
1.044
1.048
1
1.032
1.04
1.012
1.032
1.04
1.028
1.016
1.028
1.028
1
1.04
1.04
1.008
1.036
1.032
1.012
1.032
1.032
0.992
0.98
0.972
1.008
0.988
0.996
1.008
1.004
0.984
1.008
1.024
1
1.036
1.044
1.024
1.024
1.044
1.036
1
1.04
1.04
1.016
1.032
1.04
1.036
1
1.028
1.044
1.004
1.032
1.04
1.008
1.044
1.048
1.016
1.056
1.064
1.024
1.056
1.06
1.032
1.06
1.068
1.028
1.06
1.076
1.048
1.028
1.048
1.048
1.016
1.044
1.052
1.02
1.048
1.044
1.008
1.04
1.048
1.012
1.024
0.976
1
0.984
1
1.016
0.976
0.996
1.012
0.992
0.984
1.008
1.02
0.988
1.02
1.024
1
1.028
1.032
1
1.028
1.04
1
1.028
1.032
1.008
0.996
1.02
1.028
0.992
1.024
1.024
1
1.028
1.028
0.992
1.016
1.024
1
1.016
1.02
0.972
1.02098
0.924
1.01238
1.011948
1.055077
1.006372
1.059607
0.9659651
0.932
0.948
0.96
0.976
0.992
1.012
1.004
1.012
1.02
1.016
1.008
1.016
1.032
1.048
1.056
1.032
1.044
1.008
1.024
1.008
1
1.016
1.016
0.976
1.012
1.012
0.968
1.008
1.024
0.992
0.968
0.984
0.964
0.988
0.98
0.956
0.98
0.992
0.968
0.996
1
0.984
1.008
1.008
1
0.992
1.008
1.016
0.996
1.032
1.032
0.992
1.036
1.028
1
1.032
1.04
1.008
1.036
1.048
1.016
1.032
1.036
1.016
1.028
1.032
1.02
1.008
1.032
1.044
1.008
1.044
1.048
1.016
1.052
1.048
1.008
1.04
1.028
1.012
1.032
1.032
1.012
1.036
1.032
1.008
1.044
1.032
1.012
1.044
1.036
1.016
1.036
1.032
1
1.02
1.012
0.988
1.012
1.004
0.984
0.98
1
0.996
0.976
0.992
0.98
0.964
0.956
0.944
0.964
0.948
0.964
0.968
0.94
0.964
0.98
0.96
0.988
0.988
0.968
0.992
0.992
0.98
0.996
1
0.984
1
1.004
0.984
1.008
1.024
0.98
0.964
0.98
1
0.992
0.98
1.008
1.028
0.996
1.02
1.032
1.016
1.028
1.036
1.028
1.032
1.032
1.028
1.016
1.028
1.024
1
1.024
1.016
0.992
1.012
1.016
1.004
0.988
1.008
1.016
0.988
1.02
1.024
0.988
1.004
1.012
1.008
1
1.016
1.012
1.008
1.036
1.044
1.012
1.044
1.04
1.012
1.036
1.036
1.012
1.032
1.028
1.012
1.048
1.036
1.012
1.044
1.048
1.008
1.032
1.032
1.02
1.028
1.036
1.024
1.004
1.016
1.008
0.98
0.964
0.992
1
0.98
1.012
1.028
0.984
1.024
1.032
1
1.016
1.02
1.02
1
1.02
1.028
0.996
1.028
1.028
1
1.028
1.028
1.012
1.004
1.04
1.044
0.988
1.032
1.028
0.996
1.032
1.04
1.012
1.008
1.036
1.016
1
1.02
1.02
1
1.016
1.028
0.98
1.02
1.028
1.02
1.02
1.04
1.016
0.996
1.02
1.024
1
1.02
1.016
0.988
1.004
1.008
0.972
0.996
1.012
0.976
0.992
1.008
1.004
0.984
1.012
1.016
1
1.016
1.02
0.992
1.012
1.008
0.988
1.004
1.008
1.012
0.992
1.024
1.028
0.984
1.036
1.04
1.008
1.028
1.032
1
1.016
1.016
1.004
0.96
0.984
1.012
1.012
0.98
1.016
1.016
0.984
1.012
1.02
0.988
1.016
1.024
0.992
0.984
1.012
1.024
0.984
1.012
1.02
0.996
1.024
1.036
1.028
1.004
1.032
1.032
1
1.036
1.032
1.016
1.056
1.04
0.996
1.024
1.02
1.004
1.016
1.024
1.016
0.988
1
1.012
0.98
1.008
1.008
0.992
0.996
1.02
1.016
0.988
1.024
1.02
0.996
1.02
1.024
0.98
1.012
1.02
0.992
1.024
1.028
1.02
1.004
1.024
1.032
1.004
1.036
1.036
1.008
1.04
1.04
0.988
1
1.004
1.008
0.98
1.004
1.02
0.988
1.012
1.024
1.008
0.988
1.016
1.02
1
1.028
1.032
1
1.028
1.032
1.004
1.024
1.02
0.968
0.972
1
1.004
0.976
1
1.012
1
0.972
1
1.012
0.992
1.024
1.048
0.992
1.02
1.056
1.04
0.992
1.036
1.052
1.012
1.04
1.052
1.032
1.004
1.044
1.044
0.996
1.028
1.028
1
1.024
1.032
1.012
0.992
1.016
1.012
0.992
1.024
1.032
1.004
1.04
1.048
1.02
1.028
1.04
1.056
1.036
1.044
1.052
1.02
1.04
1.044
1.02
1.04
1.044
1.04
1.028
1.06
1.044
1.016
1.048
1.044
1.008
1.048
1.052
1.04
1.016
1.036
1.032
1.008
1.032
1.036
1.004
1.036
1.048
1.008
1.04
1.032
1.004
1.024
1.028
0.992
1.024
1.028
1.008
1.008
1.036
1.024
0.976
0.972
1.004
0.984
0.996
1.012
1
0.98
1.016
1.02
0.996
1.024
1.044
1.02
1.008
1.04
1.04
1.012
1.04
1.044
1.012
1.02
1.032
1.032
1.004
1.032
1.036
0.996
1.044
1.052
1
1.044
1.048
1.012
1.052
1.064
1.032
1.032
1.056
1.048
1.028
1.044
1.052
1.02
1.044
1.044
1.032
1.036
1.044
1.024
1.008
1.028
1.036
1.004
1.036
1.032
1.008
1.044
1.04
1.012
1.028
1.04
1.012
1.04
1.036
1.008
1.036
1.04
1.016
1.04
1.044
1.008
1.032
1.036
1.004
1.036
1.036
1.008
1.036
1.028
1.004
1.028
1.036
1.004
1.04
1.04
1.004
1.032
1.032
1.012
1.036
1.04
1.008
1.024
1.012
0.98
1.008
1.016
0.992
1.012
1.04
1.052
1.008
1
1.028
1.032
1.008
1.028
1.044
1.016
1.012
1.032
1.02
0.992
1.016
1.02
0.992
1.02
1.028
0.992
1.008
1.02
1.008
0.976
0.996
0.964
0.952
0.984
0.972
0.952
0.952
0.964
0.96
0.948
0.964
0.96
0.952
0.964
0.96
0.944
0.96
0.968
0.952
0.944
0.968
0.956
0.944
0.956
0.944
1.02728
1.013178
0.928
0.932
0.932
0.944
0.932
0.948
0.956
0.964
0.948
0.968
0.976
0.964
0.968
0.976
0.972
0.956
0.972
0.972
0.972
1
1.012
0.988
1
1.012
0.992
1.004
1.012
1.004
0.996
1.008
1.016
0.98
1.004
1.024
1.004
1
1.008
1.008
0.988
1.012
1.016
0.968
0.956
0.988
0.988
0.984
0.964
1
1.004
0.96
1.008
1.008
1.004
1.004
1.028
1.028
1.004
1.032
1.044
1
1.036
1.04
1.004
1.024
1.036
1.036
1.016
1.052
1.06
1.032
1.024
1.064
1.06
1.016
1.036
1.032
1.016
1.044
1.056
1.028
1.02
1.044
1.056
1.028
1.056
1.06
1.012
1.056
1.06
1.048
1.028
1.06
1.056
1.016
1.052
1.028
1
1.04
1.028
1.008
1.044
1.048
1.028
1.024
0.984
1.012
1.036
1.012
1.04
1.04
0.996
1.036
1.04
1.008
1.04
1.048
1.008
1.048
1.056
1.012
1.036
1.04
1.008
1.032
1.04
1
1.044
1.052
1.008
1.044
1.06
1.016
1.032
1.06
1.056
1.02
1.06
1.072
1.012
1.052
1.064
1.024
1.068
1.076
1.028
1.064
1.06
1.016
1.048
1.064
1.012
1.028
1.04
1.04
1.008
1.04
1.032
1.024
1.056
1.068
1.008
1.024
1.016
0.984
1.004
0.996
0.976
0.992
0.992
0.968
1
1.004
0.972
0.996
1
0.976
1.004
1.016
0.98
1.004
1.012
1.004
0.992
1.016
1.016
0.98
1.008
1.008
0.952
0.956
0.996
1
0.964
0.976
0.996
0.98
0.944
0.98
0.992
0.976
0.984
1
1.016
0.988
1.02
1.032
0.996
1.028
1.036
1.012
0.988
0.996
0.932
1.014967
1.019974
0.9930346
0.9982074
0.9772743
0.9756546
1.017679
1.022106
1.010038
0.94
0.96
0.964
0.968
0.984
1.004
1.004
1
1.008
1.008
1
1.012
0.996
1.024
1.028
1.04
1
0.988
1.02
1.036
1.048
1.004
1.036
1.048
1.012
1.052
1.048
1.052
1.028
1.036
1.06
1.024
1.06
1.072
1.036
1.06
1.072
1.032
1.072
1.072
1.04
1.064
1.044
1.008
1.032
0.988
0.984
1.012
1
1.02
1.04
0.976
1.028
1.032
1
1.032
1.04
1.012
1.052
1.048
1.004
1.04
1.044
1.028
1.084
1.08
1.072
1.056
1.072
1.064
1.024
1.052
1.052
1.02
1.044
1.052
1.02
1.04
1.048
0.996
1.04
1.044
0.996
1.032
1.036
0.988
1.032
1.02
0.972
1.004
1.008
0.988
0.996
0.996
0.968
0.992
0.984
0.956
0.952
0.948
0.94
1.038009
1.07249
0.9948801
0.9393586
1.040661
0.9882932
0.9889677
1.041348
1.001343
0.972776
1.015639
1.005885
1.010334
1.021959
0.9988937
1.029935
1.003543
1.020447
1.043853
1.02367
1.000449
1.045538
0.944
1.040859
0.92
0.968
1.02
0.972
0.968
1
1.008
1.02
1.036
1.04
0.98
0.988
1.052
1.056
1.024
1.032
1.02
0.988
1.028
1.004
1.044
1.052
1.032
1.052
1.06
1.048
1.04
1.048
1.044
1.008
1.036
1.04
1.004
1.044
1.044
1
1.032
1.036
0.996
1.032
1.036
1.008
1.036
1.032
1
1.036
1.04
1
1.032
1.024
0.968
1.008
1.008
1.028
0.996
1.048
1.068
1.068
1.036
1.064
1.072
1.036
1.068
1.072
1.032
1.06
1.068
1.036
1.04
1.056
1.048
1.028
1.048
1.044
1.016
1.044
1.044
1.012
1.04
1.048
1.048
1.032
1.06
1.06
1.036
1.06
1.072
1.008
1
1.028
1.044
1.02
1.048
1.064
1.012
1.076
1.064
1.032
1.068
1.076
1.032
1.068
1.072
1.028
1.064
1.076
1.044
1.084
1.084
1.024
1.056
1.052
1.036
1.048
1.064
1.072
1.032
1.068
1.072
1.02
1.056
1.064
1.02
1.052
1.064
1.02
1.044
1.036
1.028
1
1.028
1.036
0.996
1.016
1.02
0.996
0.968
0.96
1
0.968
0.992
1.008
0.988
0.968
1
1.024
1
1.024
1.04
1.036
1.016
1.044
1.06
0.992
1.008
1.02
1.028
1.016
1.008
1.032
1.048
1
1.036
1.068
1.02
1.048
1.056
1.04
1.044
1.068
1.056
1.024
1.044
1.028
1.008
1.04
1.024
0.992
1.008
1.008
0.96
0.948
1.035656
1.026234
0.9997957
1.060589
1.00072
1.085926
1.065964
1.01198
0.9878645
0.9975618
1.027157
1.011816
0.928
0.944
0.948
0.952
0.964
0.972
0.992
0.972
0.964
0.996
1.016
1.032
0.988
1.032
1.032
0.984
1.032
1.028
0.98
1.008
1.016
1.024
1.028
1.04
1.004
1.044
1.048
1.012
1.052
1.048
1.02
1.06
1.064
1.02
1.044
1.056
1.032
1.064
1.052
1.028
1.052
1.056
1.02
1.048
1.06
1.016
1.048
1.036
1.024
1.06
1.072
1.016
1.044
1.048
1.028
1.052
1.048
1.008
1.044
1.056
1.044
1.044
1.064
1.036
1.048
1.064
1.02
1.052
1.06
1.024
1.06
1.072
1.024
1.06
1.052
1.02
1.044
1.052
1.024
1.036
1.044
1.016
1.052
1.048
1.004
1.044
1.024
1.016
1.048
1.056
1.028
1.056
1.048
1.012
1.044
1.036
0.992
1.028
0.996
1.016
1.024
0.996
1.036
1.044
1.008
1.02
1.032
1.032
1.032
1.072
1.1
1.028
1.064
1.088
1.044
1.008
1.048
1.052
1.024
1.056
1.06
1.024
1.06
1.068
1.028
1.08
1.084
1.044
1.056
1.072
1.056
1.024
1.068
1.08
1.016
1.068
1.08
1.044
1.024
1.044
1.044
1.02
1.052
1.028
1.008
1.04
1.036
1.004
1.044
1.052
1.008
1.048
1.056
1.008
1.036
1.032
1.04
1.016
1.056
1.048
1.004
1.048
1.056
1.024
1.052
1.028
1.008
1.028
1.04
1.032
1.012
1.056
1.048
1.008
1.048
1.036
1.016
1.052
1.052
1.016
1.048
1.04
1.016
1.044
1.044
1.008
1.048
1.04
1.004
1.036
1.032
1
1.028
1.032
1.012
1.036
1.04
1.012
1.032
1.028
0.972
0.98
1.012
1
1.028
1.036
0.984
1.028
1.032
1
1.036
1.056
0.992
1.028
1.052
1.036
1.004
1.064
1.06
1.028
1.056
1.064
1.02
1.06
1.06
1.024
1.064
1.076
1.048
1.056
1.064
1.04
1.04
1.056
1.068
1.024
1.072
1.072
1.028
1.056
1.052
1.028
1.032
1.036
1.032
1.048
1.056
1.064
1.052
1.076
1.076
1.036
1.072
1.076
1.036
1.048
1.056
1.032
1.052
1.064
1.036
1.056
1.076
1.04
1.036
1.056
1.056
1.024
1.048
1.048
1.024
1.048
1.056
1.016
1.052
1.06
1.02
1.056
1.06
1.024
1.06
1.068
1.012
1.044
1.032
1.008
1.032
0.996
0.996
1.012
0.996
1.008
1
0.984
1
0.996
0.976
0.996
1
1.008
0.984
1.008
1.02
0.984
1.016
1.036
1.032
1.008
1.04
1.036
1.008
1.032
1.032
1
1.028
1.04
1.032
1.008
1.044
1.052
1.02
1.052
1.052
1.02
1.056
1.08
1.044
1.08
1.072
1.048
1.08
1.084
1.032
1.072
1.064
1.028
1.064
1.056
1.024
1.072
1.088
1.008
1.032
1.044
1.012
1.052
1.052
1.008
1.056
1.048
1.016
1.04
1.032
1.012
1.044
1.012
0.984
0.984
0.972
0.972
0.968
0.968
1.026888
0.952
0.964
0.948
0.972
0.984
0.996
0.96
1.008
1.012
0.98
1.016
1.028
1.02
0.988
1.028
1.036
0.992
1.036
1.04
0.992
1.024
1.028
1.012
1.02
1.036
1.048
0.992
1.048
1.064
1.008
1.024
1.02
1.012
1.028
1.04
1.048
1.024
1.072
1.072
1.028
1.072
1.088
1.056
1.028
1.056
1.068
1.036
1.072
1.08
1.052
1.06
1.064
1.036
1.036
1.048
1.052
1.024
1.04
1.056
1.024
1.052
1.072
1.024
1.068
1.088
1.052
1.06
1.096
1.072
1.048
1.084
1.076
1.044
1.08
1.088
1.064
1.068
1.072
1.064
1.04
1.064
1.064
1.036
1.092
1.092
1.028
1.064
1.072
1.032
1.052
1.06
1.052
1.028
1.056
1.056
1.004
1.044
1.048
1.02
1.004
1.024
0.976
1.008
1
1
1.02
1.016
0.98
1.016
1.016
0.984
1.02
1.024
0.988
1.028
1.036
0.996
1.028
1.04
1.032
1.008
1.044
1.048
1.016
1.052
1.052
1.028
1.024
1.044
1.048
1.02
1.048
1.056
1.008
1.052
1.072
1.028
1.064
1.076
1.016
1.068
1.072
1.04
1.036
1.056
1.06
1.024
1.056
1.06
1.024
1.06
1.068
1.02
1.052
1.068
1.04
1.04
1.06
1.068
1.02
1.056
1.056
1.024
1.056
1.06
1.032
1.04
1.056
1.048
1.016
1.052
1.068
1.036
1.06
1.056
1.032
1.052
1.06
1.048
1.008
1.04
1.036
1.028
1.012
1.04
1.04
1.004
1.044
1.056
1.02
1.024
1.032
1.052
1.024
1.06
1.068
1.028
1.064
1.068
1.04
1.052
1.06
1.024
1.04
1.048
1.048
1.04
1.064
1.068
1.008
1.056
1.072
1.04
1.052
1.06
1.04
1.012
1.04
1.044
1.016
1.044
1.052
1.008
1.048
1.06
1.012
1.06
1.08
1.024
1.06
1.076
1.028
1.06
1.068
1.036
1.048
1.08
1.08
1.04
1.08
1.096
1.052
1.072
1.08
1.04
1.048
1.076
1.088
1.02
1.064
1.084
1.056
1.044
1.068
1.064
1.032
1.068
1.072
1.04
1.084
1.068
1.024
1.072
1.072
1.036
1.076
1.08
1.032
1.08
1.096
1.036
1.08
1.072
1.036
1.032
0.996
0.996
1.016
0.976
1.008
1.024
1.06
0.98
1.02
1.056
1.032
0.964
1.016
1.032
1.048
1.012
1.056
1.056
1.024
1.044
1.052
1.008
1
1.028
1.044
1.048
1.032
1.064
1.08
1.04
1.068
1.088
1.08
1.052
1.084
1.088
1.044
1.084
1.096
1.084
1.052
1.084
1.076
1.04
1.076
1.084
1.036
1.064
1.08
1.064
1.048
1.108
1.112
1.052
1.072
1.1
1.072
1.072
1.06
1.02
1.056
1.068
1.016
1.06
1.088
1.036
1.072
1.072
1.036
1.064
1.076
1.06
1.032
1.068
1.068
1.028
1.052
1.056
1.032
1.024
1.044
1.052
1.016
1.04
1.044
1.012
1.032
1.028
1.004
1.008
1
0.972
1.012
0.98
1.004
1.024
0.972
1.013003
1.040711
1.018117
0.9911493
1.030502
1.070205
1.024561
1.060723
0.9927301
1.040472
0.984
0.984
0.988
1.012
1.024
1.028
1.032
1.028
1.004
0.992
1.02
1.028
1.02
1
1.028
1.044
1.016
1.044
1.06
1.044
1.056
1.064
1.064
1.036
1.068
1.06
1.016
1.024
1.036
1.016
1.024
1.024
1.016
1.016
1.036
1.044
1.004
1.02
1.036
1.008
1.04
1.06
1.032
1.064
1.068
1.04
1.06
1.06
1.028
1.06
1.068
1.052
1.04
1.072
1.08
1.06
1.084
1.092
1.032
1.064
1.072
1.036
1.068
1.084
1.072
1.044
1.092
1.092
1.032
1.076
1.076
1.048
1.072
1.076
1.04
1.064
1.076
1.04
1.076
1.08
1.036
1.068
1.08
1.04
1.06
1.076
1.06
1.004
0.992
1.008
1.02
1.004
1.036
1.048
0.996
1.04
1.052
0.996
1.008
1.032
1.036
1.012
1.044
1.064
1.024
1.064
1.056
1.024
1.064
1.076
1.028
1.08
1.08
1.032
1.072
1.072
1.044
1.08
1.092
1.048
1.08
1.088
1.036
1.076
1.096
1.06
1.056
1.088
1.088
1.028
1.06
1.06
1.032
1.06
1.052
1.016
1.036
1.032
1.004
1.04
1.064
1.008
1.048
1.064
1.016
1.056
1.06
1.024
1.056
1.056
1.056
1.08
1.044
1.028
1.064
1.024
1.048
1.06
1.02
1.056
1.068
1.04
1.064
1.068
1.052
1.04
1.068
1.064
1.024
1.06
1.064
1.024
1.044
1.052
0.984
1.024
0.98
1.012
0.996
1.024
1
1.059773
0.984
1
1.008
1
1.024
1.032
1.004
1.04
1.044
1.012
1.048
1.064
1.036
1.028
1.064
1.06
1.032
1.064
1.064
1.032
1.064
1.036
1.012
1.032
1.032
1.012
0.996
1.008
1.016
1.008
1.008
1.028
1.032
0.992
1.024
1.032
1.016
1.052
1.068
1.044
1.036
1.068
1.06
1.016
1.056
1.056
1.04
1.068
1.072
1.008
1.052
1.06
1.028
1.06
1.072
1.036
1.068
1.068
1.032
1.06
1.06
1.028
1.06
1.056
1.028
1.052
1.048
1.012
1.056
1.052
1.016
1.056
1.056
1.02
1.052
1.052
1.024
1.048
1.048
1.012
1.056
1.048
1.016
1.048
1.056
1.016
1.056
1.056
1.02
1.04
1.052
1.024
1.044
1.056
0.988
1.012
1.053773
0.996
0.992
1
1.036
1.024
1.02
1.056
1.056
1.024
1.056
1.06
1.02
1.052
1.056
1.012
1.048
1.048
1.024
1.06
1.064
1.02
1.064
1.068
1.024
1.072
1.068
1.052
1.088
1.072
1.06
1.08
1.072
1.044
1.08
1.076
1.04
1.084
1.072
1.036
1.076
1.076
1.04
1.072
1.08
1.048
1.068
1.068
1.044
1.052
1.056
1.032
1.056
1.048
1.02
1.052
1.056
1.02
1.056
1.056
1.016
1.056
1.064
1.016
1.056
1.052
1.02
1.056
1.048
1.02
1.052
1.064
1.02
1.052
1.052
1.024
1.056
1.056
1.02
1.06
1.068
1.044
1.072
1.072
1.028
1.08
1.064
1.044
1.076
1.068
1.036
1.08
1.072
1.052
1.044
1.068
1.064
1.04
1.076
1.068
1.068
1.084
1.084
1.04
1.08
1.08
1.064
1.092
1.064
1.04
1.06
1.06
1.044
1.044
1.08
1.068
1.024
1.016
1.04
1.068
1.036
1.064
1.072
1.016
1.064
1.072
1.048
1.096
1.084
1.028
1.084
1.08
1.036
1.084
1.072
1.044
1.072
1.076
1.048
1.08
1.056
1.06
1.076
1.048
1.02
1.052
1.036
1.024
1.028
1.052
1.072
1.048
1.092
1.092
1.04
1.084
1.108
1.044
1.092
1.1
1.044
1.072
1.08
1.08
1.02
1.048
1.048
1.052
1.024
1.068
1.076
1.008
1.064
1.08
1.032
1.076
1.076
1.068
1.092
1.084
1.072
1.076
1.068
1.012
1.036
1.052
1.016
1.056
1.072
1.008
1.064
1.1
1.012
1.044
1.048
0.988
1.028
1.064
1.032
1.032
1.04
1.028
1.016
1.028
1.012
0.992
1.012
1.008
0.988
1.004
1.012
1.008
0.984
1.016
1.02
0.984
1.016
1.012
1.008
0.992
1.024
1.02
0.992
1.024
1.016
0.996
1.012
1.032
1
1.02
1.032
1
1.028
1.036
1
1.04
1.044
0.988
1.02
1.028
0.972
1.004
1.032
1.036
0.996
1.032
1.052
1.004
1.044
1.052
1.04
1.028
1.044
1.052
1.032
1.052
1.056
1.036
1.06
1.064
1.04
1.056
1.044
1.036
1.064
1.06
1.032
1.076
1.08
1.028
1.016
1.064
1.056
1.032
1.076
1.084
1.056
1.096
1.076
1.048
1.056
1.08
1.056
1.024
1.02
0.96
1.02
1.048
1.056
1.056
1.024
1.092
1.112
1.056
1.1
1.108
1.076
1.108
1.108
1.072
1.096
1.096
1.076
1.096
1.104
1.072
1.072
1.048
1.036
1.064
1.072
1.04
1.06
1.076
1.076
1.04
1.084
1.092
1.064
1.044
1.068
1.084
1.052
1.08
1.072
1.04
1.036
1.036
1.024
1.06
1.084
1.036
1.08
1.076
1.008
1.056
1.068
1.032
1.064
1.06
0.988
1.056
1.056
1.012
1.032
1.032
1.012
1.044
1.072
1.028
1.044
1.04
1.012
1.044
1.032
1.008
1.028
1.032
1
1.044
1.036
1.016
1.052
1.044
1.016
1.068
1.068
1.012
1.064
1.084
1.032
1.072
1.076
1.032
1.072
1.064
1.028
1.068
1.064
1.016
1.056
1.068
1.012
1.048
1.072
1.044
1.032
1.06
1.056
1
1.036
1.032
0.992
1.032
1.012
0.992
1.012
1.004
0.984
1
1
1
0.984
1.008
1.008
0.988
1.008
1.012
1
0.996
1.016
1.02
0.996
1.032
1.036
1.012
0.996
1.008
1.024
1.012
1.012
1.024
1.032
1
1.036
1.052
1.024
1.032
1.056
1.068
1.004
1.064
1.064
1.016
1.076
1.072
1.02
1.052
1.028
1.012
0.988
1.02
1.044
1.008
1.056
1.072
1.012
1.064
1.084
1.064
1.044
1.088
1.068
1.036
1.088
1.092
1.052
1.108
1.116
1.052
1.096
1.104
1.052
1.1
1.096
1.048
1.092
1.076
1.04
1.084
1.088
1.04
1.064
1.068
1.076
1.028
1.024
1.012
0.996
1.032
1.056
1.004
1.036
1.06
1.028
1.048
1.076
1.072
1.032
1.08
1.088
1.032
1.072
1.092
1.04
1.076
1.1
1.056
1.092
1.096
1.06
1.096
1.1
1.052
1.096
1.096
1.08
1.068
1.08
1.084
1.06
1.084
1.08
1.036
1.072
1.068
1.024
1.052
1.068
1.032
1.048
1.06
1.028
1.04
1
1.044
1.016
1.056
1.064
1.04
1.048
1.068
1.056
1.02
1.068
1.08
1.036
1.092
1.104
1.06
1.028
1.072
1.072
1.008
1.052
1.052
1.016
1.04
1.044
1.04
1.02
1.044
1.044
1.012
1.052
1.06
1.016
1.036
1.052
1.056
1.028
1.068
1.064
1.024
1.06
1.064
1.028
1.056
1.08
1.044
1.04
1.06
1.02
1.008
1.024
1.032
1.016
1.048
1.056
1.016
1.048
1.028
1.024
1.016
1.012
0.984
1.024
0.996
1.024
1.044
0.992
1.04
1.056
1.012
1.056
0.98
1
1
0.976
1.0492
1.026389
1.019996
1.014659
1.049534
1.016985
1.030936
1.038091
1.10224
1.02598
0.964
0.976
0.964
0.972
0.972
0.96
0.988
0.98
1
0.972
0.96
1.052
1.084
1
1.016
1.032
0.972
1.008
1.044
1.044
1.032
1.048
1.052
1.008
1.052
1.052
1.036
1.052
1.06
1.06
1.028
1.056
1.06
1.024
1.068
1.072
1.036
1.076
1.072
1.048
1.084
1.084
1.04
1.08
1.08
1.048
1.072
1.068
1.056
1.068
1.08
1.056
1.084
1.088
1.064
1.1
1.096
1.06
1.092
1.096
1.052
1.088
1.096
1.072
1.048
1.064
1.068
1.04
1.076
1.096
1.048
1.08
1.084
1.072
1.096
1.092
1.056
1.088
1.092
1.048
1.096
1.068
1.04
1.072
1.08
1.052
1.044
1.072
1.072
1.032
1.064
1.064
1.032
1.064
1.088
1.032
1.072
1.072
1.036
1.072
1.072
1.02
1.056
1.072
1.032
1.068
1.08
1.048
1.08
1.072
1.036
1.068
1.076
1.048
1.084
1.096
1.052
1.08
1.088
1.044
1.076
1.092
1.048
1.084
1.092
1.052
1.088
1.1
1.056
1.08
1.08
1.048
1.092
1.096
1.044
1.084
1.08
1.032
1.064
1.072
1.028
1.064
1.052
1.024
1.064
1.092
1.032
1.076
1.068
1.012
1.052
1.072
1.036
1.072
1.084
1.036
1.084
1.088
1.032
1.068
1.08
1.052
1.036
1.064
1.068
1.032
1.068
1.072
1.036
1.052
1.068
1.072
1.04
1.088
1.104
1.052
1.076
1.092
1.052
1.056
1.068
1.088
1.036
1.06
1.044
1.02
1.04
1.04
1.012
0.972
1.02
1.032
1.024
0.992
1.048
1.056
0.992
1.04
1.056
1.008
1.044
1.056
1.024
1.056
1.064
1.044
1.04
1.068
1.048
1.044
1.08
1.052
1.024
1.052
1.06
1.028
1.06
1.04
1.02
1.048
1.048
1.02
1.052
1.072
1.024
1.064
1.072
1.044
1.032
1.06
1.04
1.02
1.052
1.052
1.024
1.052
1.056
1.004
1.028
1.016
1.004
1.012
1.024
1.036
1.012
1.04
1.044
1
1.04
1.052
1.02
1.044
1.068
1.076
1.032
1.072
1.076
1.028
1.076
1.084
1.056
1.068
1.08
1.072
1.056
1.096
1.076
1
1.024
1.008
1.028
1.024
0.972
1
1
0.984
0.952
0.98
0.976
0.992
0.996
1.012
0.996
1.032
1.036
0.988
1.044
1.044
1.024
1.072
1.048
1
1.06
1.056
1.008
1.056
1.056
1.024
1.056
1.06
1.016
1.072
1.076
1.024
1.072
1.056
1.016
1.06
1.072
1.024
1.064
1.084
1.024
1.068
1.064
1.012
1.036
1.048
1.028
1.02
1.056
1.044
0.956
1.02
1.04
1.044
0.996
1.048
1.064
1.032
1.056
1.072
1.068
1.036
1.068
1.076
1.044
1.076
1.076
1.04
1.072
1.072
1.036
1.084
1.084
1.044
1.076
1.084
1.048
1.076
1.088
1.048
1.08
1.092
1.036
1.072
1.084
1.036
1.076
1.088
1.06
1.092
1.08
1.072
1.116
1.1
1.044
1.084
1.088
1.048
1.1
1.092
1.072
1.088
1.072
1.02
1.064
1.068
1.036
1.076
1.064
1.032
1.064
1.064
1.024
1.064
1.064
1.028
1.072
1.068
1.032
1.072
1.084
1.032
1.004
0.992
1.02
0.988
1.02
1.032
1.004
1.042064
1.012
1.016
1.02
0.992
1.048
1.06
1.012
1.08
1.076
1.036
1.052
1.088
1.08
1.044
1.048
1.048
1.028
1.036
1.032
1.024
1.008
1.016
1.008
0.992
0.996
0.988
0.988
0.972
1.028
1.06
1.008
1
1.012
1.02
1.016
1.04
1.032
1
0.944
1.012
0.996
0.976
0.992
0.968
0.996
1.004
0.984
0.996
1.016
1.02
0.98
1.024
1.024
0.992
1.02
1.032
1.028
0.996
1.036
1.04
1.004
1.044
1.048
0.992
1.032
1.036
1.02
1.028
1.048
1.036
1.016
1.052
1.044
1.016
1.044
1.048
1.012
1.048
1.048
1.016
1.044
0.996
0.984
1.012
1.02
1.036
1.004
1.032
1.036
1.008
1.04
1.052
1.044
1.032
1.056
1.056
1.02
1.052
1.06
1.048
1.024
1.048
1.044
0.996
1.024
0.98
1.02
0.988
1
1
1.004
0.952
1.035151
1.003377
1.03058
1.076888
1.046544
1.034005
1.019832
0.9700058
1.067296
0.968
0.9880985
0.972
0.988
0.944
0.996
1.036
1.024
1.004
0.98
1.008
1.008
1.012
1.008
1.02
0.992
1.012
1.024
1.036
1.004
1.032
1.048
1.008
1.044
1.052
1.048
1.044
1.06
1.064
1.028
1.06
1.068
1.02
1.064
1.052
1.036
1.068
1.068
1.02
1.064
1.068
1.036
1.072
1.06
1.016
1.004
1.012
0.976
1
0.984
1
1
0.976
1.008
1.012
0.992
1.02
1.024
1
1.032
1.024
1.004
1.04
1.04
1.012
1.044
1.04
1.036
1.06
1.06
1.028
1.056
1.056
1.024
1.052
1.044
1.024
1.056
1.056
1.008
1.056
1.06
1.028
1.068
1.068
1.036
1.04
1.048
1.024
1.052
1.056
1.012
1.048
1.052
1.02
1.044
1.032
1
1.032
1.044
1.016
1.044
1.048
1.024
1.048
1.048
1.024
1.04
1.04
1.004
1.032
1.04
1.02
1.032
0.988
0.976
1.004
0.992
1.016
1.024
1.02
0.996
1.048
1.028
1
1.044
1.056
1.036
1.028
1.06
1.06
1.032
1.068
1.084
1.016
1.072
1.072
1.032
1.084
1.08
1.052
1.08
1.064
1.048
1.084
1.064
1.04
1.068
1.068
1.048
1.072
1.068
1.04
1.064
1.064
1.028
1.052
1.052
1.02
1.048
1.04
1.02
1
0.992
0.996
0.968
0.964
0.992
0.984
0.988
0.972
1
1.008
0.992
1.016
1.036
1.012
1.012
1.04
1.044
1.016
1.044
1.048
1.02
1.06
1.08
1.032
1.012
1.032
1.032
1
1.032
1.02
0.948
0.992
1.016
1.016
0.968
1.012
1.032
0.996
1.028
1.044
1.036
0.996
1.04
1.044
1.016
1.044
1.044
1.012
1.044
1.044
1.008
1.024
1.032
1.016
1.028
1.04
1.044
1.024
1.056
1.06
1.036
1.064
1.068
1.044
1.064
1.064
1.032
1.06
1.076
1.036
1.076
1.068
1.032
1.068
1.084
1.072
1.056
1.08
1.084
1.044
1.08
1.028
1.012
1.004
1.032
1.04
1.02
1.06
1.064
1.008
1.056
1.06
1.02
1.056
1.06
1.008
1.056
1.064
1.032
1.044
1.056
1.048
1.012
1.036
1.032
1.008
1.036
1.04
1.012
1.036
1.036
1.004
1.036
1.032
0.984
1.032
1.048
0.996
1.052
1.044
1
1.044
1.06
1.028
1.076
1.056
1.024
1.056
1.052
1.028
1.044
1.048
1.036
1.024
1.056
1.052
1.032
1.056
1.064
1.032
1.076
1.068
1.02
1.052
1.044
1.016
1.048
1.044
1.008
1.04
1.032
1.012
1.044
1.04
1.016
1.04
1.036
1.016
1.048
1.048
1.048
1.036
1.056
1.044
1.016
1.048
1.06
1.028
1.06
1.06
1.024
1.032
1.036
1.028
1.048
1.044
1.008
1.036
1.036
1.012
1.04
1.032
1.016
1.052
1.048
1.008
1.048
1.056
1.016
1.052
1.052
1.024
1.056
1.064
1.024
1.056
1.068
1.04
1.068
1.068
1.024
1.056
1.048
1.028
1.052
1.06
1.016
1.056
1.056
1.008
1
0.98
1.053838
1.089549
0.9871004
1.052646
1.023186
0.9831557
0.984903
0.9822403
1.014941
0.9864935
1.052161
0.94
0.948
0.956
0.96
0.948
0.964
0.996
1.044
0.996
0.98
1
1.016
1.032
1.028
1.028
1.032
1.04
0.996
1.044
1.076
1.044
1.06
1.028
1.024
1.06
1.02
1.056
1.068
1.032
1.052
1.056
1.064
1.032
1.076
1.08
1.04
1.08
1.088
1.044
1.08
1.096
1.052
1.084
1.068
1.008
1.044
1.052
1.028
1.052
1.068
1.076
1.084
1.108
1.084
1.06
1.1
1.1
1.056
1.092
1.088
1.052
1.08
1.084
1.052
1.084
1.084
1.048
1.08
1.088
1.052
1.092
1.092
1.048
1.084
1.08
1.044
1.06
1.06
1.032
1.06
1.084
1.036
1.068
1.064
1.012
1.06
1.068
1.044
1.064
1.068
1.056
1.032
1.052
1.048
1.02
1.04
0.984
1.028
1.008
1.032
1.04
1.024
1.016
1.04
1.06
1.02
1.048
1.068
1.032
1.072
1.084
1.036
1.076
1.084
1.04
1.028
1.04
1.008
1.028
1.024
1.028
1.012
1.04
1.044
1
1.048
1.064
1.052
1.032
1.064
1.06
1.036
1.072
1.08
1.04
1.072
1.068
1.056
1.064
1.096
1.1
1.044
1.076
1.088
1.068
1.06
1.076
1.088
1.048
1.088
1.092
1.044
1.08
1.08
1.06
1.064
1.096
1.092
1.032
1.088
1.1
1.048
1.088
1.092
1.044
1.076
1.076
1.052
1.044
1.068
1.072
1.04
1.08
1.072
1.036
1.072
1.084
1.044
1.04
1.068
1.076
1.036
1.068
1.08
1.036
1.056
1.044
1.024
1.052
1
1.024
1.052
1.02
1.06
1.052
1
1.056
1.06
1.032
1.028
1.044
1.048
1.02
1.048
1.056
1.016
1.044
1.052
1.036
1.02
1.036
1.056
1.028
1.032
1.04
1.048
1.016
1.048
1.052
1.012
1.048
1.052
1.02
1.044
1.056
1.02
1.048
1.064
1.02
1.036
1.052
1.032
1.016
1.044
1.04
1.024
1.048
1.06
1.028
1.056
1.052
1.016
1.048
1.064
1.024
1.044
1.06
1.048
1.028
1.048
1.052
1.016
1.052
1.064
1.04
1.072
1.076
1.056
1.04
1.068
1.012
0.996
1.012
0.984
1.004
1.008
0.976
1.004
1.012
1.004
0.988
1.012
1.004
0.988
1.02
1.02
0.992
1.044
1.06
0.996
1.04
1.044
1
1.044
1.04
1.012
1.028
1.04
1.032
1.008
1.028
1.02
0.992
1.02
1.024
0.992
1.004
0.96
1.093212
0.9897222
1.053104
1.052526
1.039173
0.9982099
1.025362
1.020438
0.972
0.952
0.972
0.988
1
1.004
1.016
1.024
1.02
1.02
1.012
0.996
0.972
0.992
0.988
0.996
0.984
1.004
1.008
0.984
1.016
1.008
0.988
1.012
1.008
0.976
1.012
1.008
1.012
0.992
1.016
1.02
0.992
1.012
0.988
0.964
0.984
0.976
1
1.012
0.972
1.024
1.012
0.984
1.012
1.016
1.012
1.008
1.02
1.036
1.004
1.032
1.032
1.02
1.044
1.044
1.04
1.028
1.044
1.048
1.016
1.044
1.052
1.024
1.048
1.06
1.016
1.044
1.048
1.056
1.004
0.996
1.008
1.028
1.032
1.008
1.044
1.052
1.036
1.052
1.044
1.024
1.048
1.056
0.996
1.044
1.024
1.032
1.036
1.028
1.016
1.04
1.036
1.004
1.016
1.012
0.988
0.956
1.045477
1.016889
1.058107
1.016806
1.060403
0.948
0.9961688
0.94
1.032
1.024
1.004
1.024
0.996
1.02
1.048
1.028
1.052
1.052
1.048
1.048
1.048
1.032
1.06
1.056
1.056
1.032
1.052
1.04
1.004
1.04
1.044
1.016
1.016
1.032
1.036
1.02
1.024
1.044
1.036
1.068
1.056
1.016
1.052
1.02
1
1.024
1
1.028
1.036
0.996
1.036
1.052
1
1.04
1.036
1.004
1.04
1.036
0.984
0.992
1
1.02
1.024
1.02
1.056
1.076
1.012
1.056
1.068
1.028
1.064
1.068
1.06
1.052
1.056
1.044
1.024
1.032
1.036
1.012
1.048
1.04
0.996
1.028
1.032
1.016
0.992
1.012
1.016
0.976
1.016
1.036
0.996
1.032
1.048
1.016
1.032
1.04
1.036
1.02
1.048
1.044
1.016
1.052
1.056
1.024
1.048
1.052
1.028
1.048
1.052
1.016
1.048
1.04
1.008
1.032
1.036
1
1.02
1.024
1.016
0.992
1.012
1.008
0.988
1
1.008
0.984
0.972
0.984
1.004
0.98
1.008
1.004
0.996
0.996
1.016
1.028
1.008
1.028
1.044
1.012
1.02
1.032
1.024
1.008
1.036
1.036
1.008
1.04
1.04
1.02
1.056
1.072
1.024
1.06
1.068
1.036
1.032
1.068
1.076
1.04
1.072
1.072
1.04
1.076
1.076
1.032
1.056
1.072
1.06
1.024
1.04
1.048
1.024
1.06
1.08
1.024
1.052
1.064
1.072
1.036
1.064
1.072
1.052
1.068
1.064
1.028
1.056
1.06
1.016
1.056
1.06
1.028
1.048
1.04
1.016
1.012
1.024
1.024
0.976
1.008
1.032
1.032
1.004
1.032
1.048
1.024
1.04
1.068
