0.752
0.76
0.752
0.72
0.732
0.736
0.748
0.728
0.752
0.772
0.78
0.748
0.78
0.792
0.768
0.78
0.784
0.776
0.748
0.768
0.76
0.76
0.736
0.772
0.796
0.792
0.788
0.824
0.84
0.804
0.824
0.82
0.812
0.784
0.812
0.812
0.784
0.788
0.804
0.804
0.776
0.812
0.824
0.804
0.796
0.816
0.816
0.78
0.78
0.792
0.784
0.764
0.796
0.788
0.748
0.768
0.78
0.788
0.764
0.8
0.804
0.8
0.772
0.808
0.816
0.812
0.784
0.816
0.836
0.804
0.796
0.812
0.832
0.824
0.784
0.82
0.824
0.812
0.76
0.788
0.792
0.8
0.764
0.792
0.796
0.804
0.784
0.792
0.808
0.808
0.764
0.772
0.772
0.772
0.752
0.78
0.8
0.792
0.784
0.82
0.836
0.816
0.792
0.808
0.816
0.776
0.768
0.788
0.796
0.788
0.784
0.812
0.836
0.804
0.772
0.788
0.792
0.776
0.784
0.784
0.78
0.756
0.772
0.768
0.784
0.768
0.812
0.828
0.812
0.796
0.824
0.828
0.8
0.8
0.82
0.824
0.788
0.824
0.812
0.828
0.804
0.836
0.828
0.816
0.788
0.82
0.832
0.812
0.784
0.816
0.82
0.8
0.792
0.84
0.84
0.848
0.796
0.824
0.816
0.824
0.796
0.768
0.808
0.804
0.78
0.792
0.792
0.792
0.76
0.776
0.78
0.768
0.756
0.78
0.788
0.792
0.764
0.8
0.8
0.808
0.792
0.812
0.832
0.828
0.792
0.812
0.816
0.82
0.792
0.816
0.816
0.812
0.792
0.832
0.852
0.812
0.828
0.832
0.804
0.796
0.812
0.816
0.796
0.796
0.816
0.828
0.812
0.784
0.82
0.82
0.828
0.796
0.82
0.836
0.832
0.796
0.84
0.848
0.832
0.796
0.828
0.816
0.82
0.784
0.816
0.828
0.84
0.78
0.788
0.792
0.8
0.776
0.8
0.808
0.808
0.772
0.808
0.82
0.816
0.78
0.82
0.832
0.828
0.784
0.808
0.804
0.796
0.776
0.82
0.852
0.848
0.808
0.848
0.84
0.82
0.784
0.808
0.812
0.78
0.792
0.812
0.832
0.796
0.82
0.832
0.832
0.808
0.832
0.856
0.856
0.808
0.828
0.828
0.824
0.784
0.8
0.808
0.816
0.8
0.776
0.82
0.84
0.848
0.812
0.848
0.856
0.836
0.808
0.84
0.828
0.808
0.776
0.8
0.816
0.816
0.8
0.852
0.864
0.872
0.82
0.848
0.852
0.848
0.8
0.844
0.856
0.86
0.828
0.808
0.836
0.836
0.832
0.804
0.772
0.804
0.816
0.804
0.816
0.824
0.82
0.78
0.796
0.836
0.848
0.804
0.824
0.828
0.792
0.768
0.784
0.788
0.768
0.752
0.78
0.796
0.748
0.752
0.748
0.74
0.732
0.712
0.72
0.708
0.7
0.684
0.68
0.684
0.684
0.692
0.72
0.732
0.72
0.752
0.772
0.772
0.756
0.788
0.804
0.784
0.78
0.804
0.804
0.772
0.792
0.8
0.82
0.772
0.796
0.804
0.808
0.792
0.784
0.808
0.816
0.78
0.776
0.792
0.796
0.764
0.776
0.788
0.8
0.776
0.772
0.8
0.828
0.804
0.84
0.844
0.856
0.792
0.8
0.788
0.796
0.76
0.788
0.792
0.808
0.82
0.888
0.7638931
0.88
0.836
0.884
0.904
0.9
0.82
0.86
0.86
0.856
0.808
0.852
0.844
0.856
0.804
0.828
0.852
0.888
0.848
0.908
0.7776895
0.908
0.844
0.86
0.832
0.812
0.8
0.824
0.844
0.852
0.816
0.856
0.872
0.876
0.836
0.856
0.868
0.804
0.764
0.696
0.668
0.8529689
0.7902588
0.664
0.716
0.74
0.74
0.788
0.804
0.784
0.8
0.816
0.804
0.784
0.808
0.812
0.792
0.8
0.78
0.768
0.772
0.744
0.728
0.74
0.728
0.712
0.7
0.696
0.696
0.676
0.668
0.668
0.792649
0.8594647
0.8066185
0.7338915
0.7582529
0.7684139
0.8387679
0.8023498
0.804074
0.7918494
0.7637635
0.8624755
0.8081587
0.7043156
0.816731
0.7672564
0.7421832
0.777991
0.7439431
0.7564612
0.7608361
0.7161018
0.8224715
0.7936325
0.7392132
0.8399989
0.8051374
0.7747344
0.8248836
0.668
0.676
0.668
0.692
0.708
0.74
0.724
0.716
0.736
0.748
0.724
0.724
0.736
0.732
0.736
0.74
0.724
0.728
0.716
0.716
0.728
0.748
0.752
0.74
0.768
0.816
0.808
0.772
0.88
0.872
0.816
0.768
0.776
0.772
0.748
0.74
0.756
0.776
0.772
0.772
0.792
0.832
0.832
0.812
0.848
0.848
0.796
0.76
0.756
0.744
0.724
0.74
0.768
0.796
0.768
0.776
0.808
0.808
0.764
0.76
0.776
0.78
0.764
0.752
0.78
0.784
0.764
0.784
0.792
0.8
0.768
0.784
0.796
0.8
0.764
0.804
0.816
0.828
0.776
0.812
0.816
0.816
0.768
0.792
0.796
0.812
0.772
0.8
0.804
0.796
0.76
0.784
0.788
0.784
0.764
0.788
0.8
0.768
0.772
0.784
0.792
0.776
0.76
0.784
0.788
0.756
0.772
0.776
0.768
0.736
0.756
0.76
0.78
0.76
0.768
0.788
0.8
0.776
0.756
0.8
0.808
0.808
0.784
0.812
0.808
0.772
0.764
0.788
0.812
0.78
0.78
0.792
0.8
0.776
0.788
0.804
0.808
0.776
0.8
0.792
0.792
0.764
0.792
0.804
0.804
0.772
0.804
0.812
0.82
0.776
0.812
0.812
0.804
0.768
0.796
0.792
0.768
0.788
0.8
0.812
0.768
0.808
0.816
0.812
0.772
0.788
0.792
0.792
0.764
0.796
0.804
0.788
0.756
0.792
0.792
0.776
0.784
0.808
0.808
0.792
0.776
0.792
0.812
0.8
0.768
0.792
0.796
0.812
0.78
0.8
0.824
0.84
0.792
0.816
0.824
0.828
0.776
0.8
0.784
0.796
0.756
0.78
0.788
0.812
0.78
0.812
0.828
0.84
0.788
0.832
0.836
0.836
0.804
0.824
0.824
0.816
0.78
0.808
0.82
0.812
0.788
0.832
0.84
0.832
0.792
0.82
0.82
0.792
0.776
0.804
0.804
0.808
0.784
0.792
0.812
0.832
0.804
0.816
0.836
0.832
0.772
0.78
0.772
0.768
0.736
0.756
0.764
0.768
0.744
0.772
0.768
0.772
0.74
0.768
0.78
0.78
0.752
0.768
0.784
0.796
0.768
0.776
0.804
0.8
0.776
0.776
0.804
0.816
0.82
0.796
0.824
0.832
0.84
0.804
0.808
0.816
0.828
0.812
0.776
0.804
0.828
0.832
0.8
0.844
0.856
0.824
0.8
0.828
0.828
0.82
0.784
0.8
0.812
0.808
0.8
0.772
0.8
0.808
0.82
0.768
0.784
0.78
0.78
0.756
0.78
0.788
0.776
0.768
0.804
0.804
0.792
0.784
0.804
0.82
0.808
0.776
0.816
0.82
0.828
0.804
0.832
0.84
0.844
0.808
0.856
0.864
0.812
0.772
0.76
0.752
0.752
0.74
0.724
0.712
0.7
0.712
0.7
0.72
0.74
0.752
0.768
0.748
0.776
0.788
0.804
0.776
0.804
0.82
0.836
0.852
0.844
0.824
0.868
0.876
0.872
0.804
0.832
0.848
0.844
0.828
0.8
0.832
0.848
0.86
0.804
0.804
0.812
0.82
0.824
0.812
0.8
0.832
0.856
0.808
0.828
0.836
0.836
0.796
0.816
0.832
0.82
0.78
0.796
0.812
0.84
0.8
0.808
0.828
0.836
0.784
0.78
0.796
0.828
0.828
0.804
0.856
0.864
0.876
0.824
0.856
0.864
0.832
0.768
0.764
0.76
0.744
0.752
0.768
0.756
0.764
0.74
0.736
0.74
0.74
0.728
0.744
0.74
0.716
0.692
0.716
0.732
0.756
0.8
0.828
0.844
0.812
0.78
0.76
0.756
0.744
0.728
0.716
0.696
0.692
0.692
0.692
0.708
0.712
0.728
0.736
0.736
0.752
0.76
0.76
0.728
0.728
0.724
0.72
0.716
0.712
0.724
0.736
0.74
0.732
0.748
0.748
0.748
0.732
0.748
0.764
0.768
0.76
0.772
0.812
0.832
0.796
0.772
0.8
0.792
0.776
0.748
0.756
0.76
0.772
0.78
0.784
0.76
0.764
0.768
0.772
0.76
0.764
0.78
0.784
0.78
0.78
0.8
0.812
0.776
0.764
0.764
0.776
0.788
0.764
0.776
0.792
0.816
0.796
0.808
0.824
0.812
0.78
0.816
0.816
0.8
0.78
0.812
0.816
0.78
0.756
0.78
0.784
0.788
0.752
0.784
0.792
0.788
0.764
0.804
0.812
0.82
0.812
0.796
0.816
0.824
0.82
0.78
0.808
0.82
0.84
0.792
0.812
0.824
0.812
0.768
0.788
0.78
0.76
0.752
0.76
0.772
0.752
0.764
0.792
0.808
0.816
0.772
0.816
0.828
0.82
0.792
0.816
0.828
0.84
0.816
0.788
0.824
0.848
0.84
0.804
0.812
0.82
0.832
0.84
0.808
0.8
0.82
0.828
0.8
0.844
0.88
0.856
0.816
0.852
0.852
0.848
0.788
0.788
0.8
0.788
0.768
0.76
0.776
0.764
0.76
0.74
0.764
0.776
0.776
0.756
0.796
0.808
0.808
0.78
0.82
0.824
0.836
0.804
0.8
0.812
0.804
0.792
0.792
0.836
0.848
0.848
0.812
0.864
0.876
0.872
0.832
0.848
0.856
0.86
0.824
0.784
0.804
0.816
0.816
0.8
0.876
0.9
0.9
0.84
0.912
0.912
0.892
0.848
0.872
0.868
0.856
0.808
0.844
0.852
0.856
0.828
0.844
0.86
0.88
0.852
0.816
0.84
0.836
0.824
0.796
0.832
0.836
0.788
0.784
0.784
0.768
0.736
0.752
0.756
0.748
0.74
0.752
0.764
0.752
0.772
0.772
0.772
0.752
0.78
0.788
0.772
0.776
0.796
0.792
0.748
0.76
0.756
0.752
0.724
0.744
0.74
0.748
0.728
0.752
0.76
0.768
0.756
0.784
0.804
0.816
0.772
0.776
0.776
0.792
0.76
0.78
0.788
0.8
0.78
0.812
0.84
0.844
0.808
0.84
0.828
0.816
0.784
0.816
0.824
0.824
0.792
0.836
0.836
0.84
0.784
0.796
0.788
0.784
0.764
0.768
0.828
0.88
0.836
0.88
0.888
0.88
0.836
0.876
0.864
0.852
0.8
0.84
0.828
0.828
0.808
0.808
0.828
0.852
0.812
0.816
0.848
0.84
0.8
0.812
0.796
0.768
0.76
0.776
0.772
0.752
0.76
0.772
0.772
0.744
0.776
0.784
0.764
0.78
0.796
0.812
0.812
0.772
0.8
0.812
0.82
0.796
0.776
0.812
0.832
0.844
0.8
0.832
0.832
0.836
0.8
0.812
0.816
0.82
0.796
0.796
0.824
0.836
0.836
0.796
0.844
0.852
0.844
0.8
0.84
0.84
0.836
0.796
0.804
0.812
0.828
0.832
0.788
0.812
0.828
0.828
0.8
0.848
0.876
0.888
0.848
0.904
0.888
0.852
0.856
0.82
0.804
0.82
0.852
0.836
0.796
0.836
0.84
0.828
0.816
0.856
0.876
0.856
0.836
0.86
0.852
0.812
0.844
0.852
0.828
0.868
0.876
0.916
0.864
0.864
0.88
0.892
0.828
0.864
0.852
0.872
0.832
0.816
0.848
0.856
0.848
0.812
0.884
0.896
0.912
0.872
0.884
0.872
0.864
0.82
0.84
0.856
0.864
0.84
0.88
0.884
0.896
0.84
0.828
0.856
0.852
0.824
0.816
0.848
0.864
0.828
0.792
0.82
0.824
0.828
0.792
0.804
0.82
0.82
0.792
0.772
0.792
0.808
0.812
0.808
0.792
0.812
0.824
0.828
0.8
0.764
0.784
0.788
0.796
0.78
0.784
0.824
0.84
0.8
0.78
0.8
0.804
0.772
0.792
0.808
0.832
0.8
0.836
0.844
0.864
0.832
0.792
0.82
0.824
0.828
0.788
0.792
0.792
0.812
0.796
0.788
0.824
0.868
0.896
0.8523921
0.8499944
0.8443777
0.708
0.8386703
0.704
0.732
0.768
0.78
0.82
0.848
0.816
0.852
0.86
0.828
0.856
0.852
0.824
0.836
0.832
0.816
0.784
0.776
0.748
0.728
0.732
0.728
0.736
0.76
0.784
0.768
0.776
0.788
0.796
0.772
0.8
0.8
0.804
0.776
0.816
0.816
0.772
0.808
0.812
0.82
0.792
0.816
0.832
0.8
0.8
0.824
0.836
0.792
0.796
0.78
0.784
0.744
0.74
0.74
0.732
0.728
0.728
0.716
0.724
0.72
0.716
0.724
0.736
0.76
0.756
0.78
0.804
0.808
0.78
0.804
0.812
0.82
0.836
0.796
0.82
0.828
0.836
0.804
0.832
0.808
0.792
0.76
0.78
0.792
0.784
0.776
0.816
0.828
0.86
0.82
0.832
0.852
0.84
0.82
0.776
0.804
0.808
0.82
0.804
0.764
0.784
0.804
0.808
0.772
0.804
0.824
0.808
0.776
0.812
0.82
0.812
0.78
0.8
0.808
0.824
0.78
0.812
0.816
0.824
0.784
0.816
0.82
0.82
0.808
0.832
0.844
0.848
0.812
0.824
0.824
0.788
0.772
0.788
0.808
0.796
0.776
0.816
0.828
0.836
0.808
0.824
0.832
0.848
0.836
0.796
0.816
0.832
0.84
0.804
0.844
0.86
0.86
0.816
0.816
0.848
0.844
0.848
0.82
0.8
0.832
0.84
0.868
0.828
0.856
0.856
0.86
0.856
0.812
0.824
0.828
0.832
0.84
0.796
0.82
0.836
0.868
0.832
0.868
0.868
0.848
0.804
0.832
0.836
0.852
0.82
0.8
0.836
0.836
0.812
0.804
0.836
0.824
0.8
0.816
0.82
0.824
0.784
0.808
0.82
0.844
0.816
0.772
0.792
0.804
0.792
0.764
0.796
0.828
0.86
0.824
0.876
0.88
0.876
0.808
0.828
0.836
0.824
0.792
0.824
0.856
0.876
0.84
0.844
0.872
0.884
0.848
0.836
0.848
0.848
0.852
0.824
0.828
0.848
0.856
0.876
0.84
0.796
0.82
0.84
0.884
0.876
0.832
0.892
0.892
0.888
0.832
0.836
0.848
0.836
0.796
0.768
0.788
0.8
0.812
0.772
0.828
0.88
0.908
0.848
0.916
0.928
0.924
0.868
0.872
0.88
0.888
0.856
0.812
0.824
0.836
0.844
0.84
0.808
0.84
0.864
0.872
0.864
0.82
0.852
0.856
0.844
0.8
0.78
0.804
0.82
0.828
0.808
0.82
0.836
0.852
0.832
0.824
0.86
0.88
0.86
0.816
0.864
0.872
0.864
0.82
0.82
0.848
0.86
0.864
0.832
0.856
0.864
0.88
0.904
0.844
0.8
0.816
0.832
0.832
0.808
0.872
0.892
0.848
0.84
0.9
0.924
0.872
0.868
0.896
0.892
0.808
0.808
0.804
0.784
0.748
0.728
0.704
0.728
0.724
0.732
0.712
0.712
0.708
0.712
0.72
0.724
0.712
0.704
0.708
0.708
0.712
0.708
0.708
0.708
0.708
0.72
0.72
0.74
0.74
0.756
0.752
0.764
0.776
0.788
0.816
0.792
0.784
0.804
0.816
0.824
0.796
0.756
0.776
0.792
0.804
0.784
0.796
0.836
0.86
0.848
0.796
0.848
0.848
0.848
0.824
0.784
0.812
0.812
0.816
0.776
0.796
0.804
0.808
0.816
0.764
0.784
0.776
0.788
0.76
0.772
0.788
0.808
0.792
0.828
0.852
0.872
0.86
0.876
0.888
0.876
0.896
0.84
0.86
0.88
0.904
0.92
0.856
0.908
0.92
0.916
0.86
0.884
0.896
0.864
0.82
0.852
0.852
0.86
0.82
0.82
0.86
0.852
0.86
0.812
0.844
0.848
0.852
0.792
0.78
0.796
0.812
0.84
0.792
0.816
0.824
0.832
0.8
0.78
0.804
0.816
0.836
0.8
0.756
0.768
0.764
0.752
0.752
0.792
0.824
0.816
0.812
0.848
0.872
0.864
0.812
0.832
0.836
0.832
0.836
0.8
0.82
0.828
0.828
0.816
0.828
0.848
0.852
0.824
0.836
0.852
0.844
0.836
0.856
0.856
0.824
0.792
0.812
0.828
0.816
0.808
0.864
0.864
0.788
0.792
0.788
0.768
0.756
0.78
0.792
0.776
0.768
0.792
0.816
0.796
0.792
0.804
0.808
0.756
0.764
0.752
0.744
0.744
0.732
0.724
0.708
0.708
0.708
0.696
0.688
0.696
0.696
0.696
0.692
0.804088
0.688
0.684
0.7938162
0.7906807
0.7774441
0.7979592
0.7534057
0.8981184
0.8576304
0.7594135
0.7897647
0.787082
0.8396134
0.8032406
0.8174315
0.8055593
0.8049602
0.708
0.704
0.704
0.688
0.696
0.688
0.8644657
0.7972905
0.8707057
0.7415555
0.831451
0.8120415
0.8159266
0.8228291
0.785672
0.7928028
0.7639295
0.7616923
0.8196474
0.704
0.696
0.712
0.736
0.772
0.776
0.756
0.78
0.78
0.78
0.756
0.78
0.796
0.788
0.756
0.784
0.788
0.796
0.764
0.788
0.8
0.796
0.768
0.796
0.796
0.788
0.764
0.788
0.796
0.792
0.752
0.764
0.756
0.752
0.752
0.784
0.796
0.812
0.78
0.812
0.812
0.796
0.772
0.784
0.796
0.788
0.764
0.78
0.784
0.804
0.772
0.812
0.828
0.844
0.804
0.824
0.824
0.816
0.772
0.8
0.784
0.772
0.76
0.78
0.8
0.804
0.78
0.812
0.832
0.816
0.784
0.816
0.832
0.828
0.784
0.808
0.792
0.78
0.76
0.78
0.788
0.792
0.768
0.82
0.848
0.86
0.808
0.848
0.852
0.852
0.796
0.828
0.84
0.852
0.812
0.86
0.856
0.828
0.812
0.828
0.832
0.788
0.832
0.84
0.836
0.792
0.832
0.84
0.828
0.796
0.836
0.848
0.812
0.796
0.816
0.82
0.792
0.832
0.832
0.832
0.788
0.836
0.836
0.8
0.808
0.824
0.84
0.788
0.824
0.832
0.84
0.8
0.84
0.848
0.848
0.792
0.828
0.824
0.816
0.788
0.816
0.808
0.788
0.764
0.8
0.804
0.812
0.784
0.82
0.828
0.816
0.788
0.832
0.84
0.816
0.8
0.824
0.828
0.796
0.82
0.836
0.824
0.784
0.832
0.84
0.84
0.796
0.828
0.824
0.8
0.752
0.756
0.772
0.796
0.776
0.8
0.824
0.848
0.82
0.856
0.876
0.856
0.816
0.836
0.84
0.808
0.816
0.84
0.848
0.804
0.852
0.864
0.852
0.8
0.84
0.84
0.836
0.788
0.816
0.832
0.824
0.792
0.836
0.856
0.84
0.796
0.828
0.836
0.832
0.792
0.828
0.832
0.832
0.792
0.828
0.844
0.848
0.804
0.844
0.864
0.828
0.8
0.832
0.844
0.82
0.796
0.836
0.84
0.86
0.808
0.84
0.852
0.852
0.8
0.832
0.852
0.856
0.836
0.824
0.848
0.852
0.824
0.824
0.84
0.852
0.84
0.808
0.848
0.852
0.84
0.788
0.82
0.812
0.804
0.772
0.796
0.804
0.796
0.776
0.828
0.844
0.868
0.808
0.84
0.84
0.84
0.804
0.816
0.828
0.824
0.828
0.796
0.828
0.848
0.848
0.816
0.816
0.84
0.856
0.82
0.832
0.86
0.848
0.792
0.796
0.788
0.768
0.74
0.76
0.772
0.78
0.748
0.78
0.792
0.808
0.78
0.828
0.852
0.844
0.804
0.844
0.84
0.816
0.796
0.828
0.844
0.804
0.832
0.848
0.852
0.816
0.844
0.836
0.856
0.808
0.832
0.856
0.832
0.804
0.836
0.836
0.808
0.784
0.804
0.812
0.804
0.784
0.824
0.852
0.84
0.812
0.852
0.864
0.844
0.796
0.828
0.828
0.82
0.788
0.84
0.84
0.832
0.8
0.84
0.848
0.856
0.82
0.836
0.856
0.84
0.804
0.844
0.864
0.848
0.796
0.828
0.832
0.836
0.796
0.824
0.832
0.824
0.784
0.82
0.832
0.836
0.788
0.816
0.824
0.844
0.8
0.804
0.82
0.836
0.804
0.828
0.856
0.876
0.852
0.828
0.88
0.888
0.864
0.804
0.808
0.808
0.816
0.78
0.788
0.796
0.812
0.776
0.808
0.824
0.808
0.784
0.828
0.828
0.8
0.788
0.82
0.824
0.808
0.76
0.776
0.776
0.752
0.736
0.732
0.744
0.76
0.772
0.756
0.76
0.784
0.796
0.772
0.792
0.784
0.752
0.748
0.748
0.74
0.728
0.724
0.72
0.72
0.708
0.712
0.748
0.756
0.78
0.8
0.824
0.804
0.8
0.792
0.772
0.748
0.744
0.76
0.78
0.82
0.808
0.852
0.876
0.884
0.824
0.84
0.828
0.84
0.808
0.82
0.836
0.836
0.836
0.8
0.852
0.864
0.844
0.8
0.808
0.82
0.832
0.804
0.84
0.876
0.868
0.816
0.848
0.856
0.868
0.812
0.82
0.844
0.856
0.86
0.8
0.836
0.852
0.864
0.828
0.888
0.9
0.896
0.844
0.864
0.868
0.816
0.84
0.856
0.868
0.828
0.852
0.884
0.876
0.848
0.828
0.848
0.868
0.836
0.812
0.864
0.868
0.848
0.832
0.848
0.88
0.888
0.828
0.86
0.86
0.808
0.788
0.792
0.808
0.78
0.8
0.824
0.856
0.808
0.84
0.864
0.864
0.824
0.856
0.856
0.852
0.82
0.8
0.808
0.832
0.832
0.884
0.92
0.936
0.88
0.916
0.928
0.912
0.836
0.872
0.86
0.848
0.792
0.808
0.844
0.876
0.86
0.884
0.912
0.92
0.86
0.872
0.888
0.876
0.82
0.836
0.836
0.848
0.832
0.804
0.848
0.852
0.852
0.788
0.796
0.796
0.796
0.816
0.8
0.792
0.8
0.796
0.768
0.776
0.792
0.824
0.82
0.828
0.872
0.876
0.84
0.832
0.844
0.852
0.844
0.824
0.86
0.868
0.856
0.816
0.852
0.86
0.864
0.844
0.808
0.832
0.84
0.848
0.816
0.808
0.832
0.852
0.836
0.872
0.896
0.9
0.868
0.884
0.9
0.904
0.868
0.852
0.872
0.88
0.84
0.82
0.868
0.88
0.792
0.728
0.7
0.712
0.8343416
0.708
0.76
0.792
0.776
0.772
0.812
0.816
0.8
0.812
0.808
0.808
0.788
0.808
0.796
0.796
0.784
0.792
0.788
0.792
0.772
0.796
0.796
0.772
0.752
0.76
0.764
0.76
0.752
0.772
0.78
0.792
0.764
0.8
0.804
0.788
0.788
0.804
0.824
0.796
0.8
0.836
0.856
0.848
0.824
0.84
0.844
0.852
0.832
0.832
0.852
0.824
0.78
0.788
0.788
0.792
0.756
0.76
0.776
0.756
0.748
0.76
0.764
0.776
0.752
0.788
0.8
0.804
0.772
0.8
0.812
0.8
0.768
0.788
0.8
0.808
0.776
0.808
0.816
0.808
0.776
0.812
0.832
0.828
0.792
0.828
0.828
0.824
0.784
0.816
0.824
0.82
0.808
0.832
0.848
0.824
0.796
0.824
0.828
0.768
0.756
0.764
0.768
0.748
0.752
0.764
0.784
0.752
0.772
0.784
0.792
0.772
0.796
0.816
0.82
0.78
0.792
0.808
0.812
0.788
0.816
0.84
0.852
0.8
0.804
0.82
0.84
0.84
0.828
0.864
0.888
0.848
0.888
0.908
0.908
0.852
0.888
0.868
0.86
0.812
0.844
0.844
0.812
0.792
0.828
0.844
0.828
0.82
0.864
0.872
0.852
0.828
0.856
0.856
0.82
0.832
0.832
0.848
0.812
0.848
0.86
0.88
0.836
0.848
0.856
0.868
0.82
0.832
0.844
0.84
0.816
0.836
0.86
0.872
0.824
0.852
0.852
0.856
0.804
0.844
0.856
0.852
0.82
0.828
0.844
0.848
0.816
0.844
0.832
0.78
0.764
0.752
0.744
0.724
0.712
0.716
0.712
0.72
0.728
0.728
0.752
0.772
0.788
0.764
0.784
0.784
0.784
0.772
0.776
0.792
0.808
0.796
0.808
0.848
0.88
0.872
0.84
0.872
0.872
0.836
0.832
0.856
0.88
0.868
0.832
0.876
0.876
0.876
0.824
0.856
0.86
0.86
0.796
0.772
0.784
0.78
0.764
0.74
0.764
0.784
0.82
0.8
0.824
0.852
0.86
0.804
0.848
0.836
0.836
0.788
0.804
0.812
0.824
0.796
0.816
0.84
0.856
0.844
0.816
0.852
0.848
0.824
0.796
0.832
0.836
0.848
0.82
0.82
0.84
0.856
0.868
0.812
0.844
0.856
0.88
0.852
0.84
0.848
0.856
0.816
0.848
0.864
0.86
0.8
0.82
0.844
0.852
0.816
0.868
0.872
0.856
0.84
0.864
0.856
0.82
0.84
0.848
0.832
0.796
0.828
0.84
0.84
0.8
0.84
0.844
0.844
0.792
0.796
0.804
0.812
0.772
0.784
0.776
0.764
0.76
0.744
0.744
0.728
0.736
0.76
0.744
0.788
0.796
0.768
0.752
0.784
0.792
0.788
0.76
0.8
0.82
0.816
0.776
0.812
0.8
0.768
0.756
0.764
0.768
0.768
0.76
0.788
0.8
0.804
0.784
0.82
0.832
0.836
0.8
0.828
0.848
0.86
0.792
0.832
0.836
0.828
0.796
0.792
0.8
0.772
0.756
0.74
0.724
0.716
0.72
0.724
0.732
0.74
0.74
0.748
0.78
0.772
0.776
0.74
0.756
0.76
0.784
0.8
0.788
0.836
0.844
0.832
0.812
0.808
0.832
0.824
0.836
0.792
0.808
0.8
0.792
0.756
0.752
0.724
0.712
0.704
0.7
0.7
0.708
0.696
0.7
0.724
0.732
0.728
0.752
0.772
0.796
0.784
0.768
0.788
0.796
0.804
0.788
0.816
0.832
0.856
0.796
0.808
0.82
0.832
0.824
0.792
0.84
0.852
0.836
0.784
0.832
0.848
0.84
0.784
0.804
0.804
0.804
0.776
0.784
0.792
0.808
0.784
0.764
0.784
0.788
0.784
0.764
0.784
0.78
0.76
0.728
0.736
0.744
0.752
0.728
0.732
0.756
0.772
0.76
0.748
0.788
0.812
0.808
0.764
0.792
0.792
0.796
0.76
0.792
0.804
0.812
0.788
0.8
0.816
0.832
0.82
0.792
0.824
0.852
0.848
0.796
0.832
0.816
0.78
0.764
0.78
0.796
0.788
0.78
0.816
0.852
0.86
0.824
0.884
0.88
0.864
0.812
0.844
0.848
0.848
0.8
0.828
0.848
0.852
0.828
0.844
0.856
0.868
0.856
0.812
0.828
0.816
0.78
0.768
0.744
0.736
0.732
0.724
0.684
0.68
0.704
0.716
0.704
0.688
0.688
0.696
0.716
0.74
0.728
0.716
0.74
0.76
0.764
0.78
0.796
0.82
0.796
0.796
0.78
0.784
0.776
0.772
0.776
0.78
0.788
0.784
0.8
0.804
0.816
0.804
0.784
0.776
0.76
0.776
0.78
0.8
0.812
0.788
0.8
0.804
0.8
0.788
0.76
0.768
0.772
0.78
0.804
0.8
0.836
0.852
0.852
0.804
0.8
0.788
0.784
0.76
0.768
0.76
0.756
0.732
0.736
0.736
0.74
0.74
0.728
0.732
0.732
0.728
0.72
0.732
0.736
0.748
0.732
0.724
0.736
0.748
0.756
0.744
0.772
0.78
0.78
0.764
0.784
0.796
0.808
0.784
0.812
0.828
0.844
0.844
0.84
0.872
0.864
0.852
0.82
0.836
0.84
0.804
0.776
0.776
0.776
0.772
0.756
0.756
0.748
0.736
0.72
0.72
0.732
0.732
0.748
0.764
0.768
0.756
0.744
0.732
0.716
0.704
0.7
0.7
0.708
0.724
0.744
0.732
0.744
0.748
0.764
0.752
0.748
0.764
0.772
0.788
0.768
0.792
0.804
0.824
0.808
0.84
0.856
0.852
0.824
0.836
0.824
0.804
0.784
0.784
0.784
0.8
0.78
0.804
0.812
0.836
0.82
0.784
0.784
0.78
0.772
0.748
0.756
0.764
0.776
0.76
0.772
0.776
0.792
0.78
0.768
0.784
0.788
0.788
0.756
0.744
0.74
0.736
0.748
0.768
0.788
0.78
0.82
0.832
0.852
0.848
0.804
0.848
0.848
0.856
0.844
0.82
0.852
0.852
0.876
0.84
0.852
0.88
0.884
0.852
0.868
0.872
0.884
0.868
0.82
0.844
0.864
0.88
0.844
0.868
0.864
0.852
0.796
0.792
0.772
0.756
0.74
0.728
0.712
0.708
0.7
0.712
0.716
0.716
0.72
0.728
0.708
0.8054337
0.692
0.696
0.684
0.8423326
0.8899221
0.7829189
0.7063789
0.688
0.744
0.788
0.908
0.88
0.916
0.864
0.872
0.848
0.864
0.86
0.864
0.828
0.808
0.824
0.768
0.776
0.804
0.804
0.824
0.82
0.824
0.796
0.772
0.748
0.732
0.716
0.704
0.696
0.684
0.8481904
0.7759992
0.684
0.692
0.704
0.732
0.764
0.804
0.804
0.8
0.776
0.796
0.792
0.796
0.772
0.772
0.78
0.78
0.776
0.74
0.776
0.796
0.8
0.796
0.776
0.808
0.8
0.816
0.776
0.8
0.796
0.808
0.804
0.764
0.804
0.808
0.82
0.8
0.844
0.852
0.844
0.808
0.804
0.824
0.828
0.804
0.8
0.812
0.82
0.816
0.78
0.836
0.86
0.84
0.776
0.8
0.8
0.788
0.756
0.74
0.748
0.752
0.76
0.74
0.756
0.764
0.784
0.78
0.808
0.824
0.836
0.824
0.804
0.82
0.836
0.836
0.816
0.828
0.84
0.86
0.856
0.812
0.852
0.852
0.864
0.848
0.816
0.852
0.868
0.884
0.844
0.876
0.88
0.884
0.836
0.856
0.86
0.872
0.86
0.868
0.88
0.876
0.84
0.852
0.864
0.86
0.828
0.852
0.892
0.884
0.84
0.848
0.868
0.888
0.888
0.832
0.876
0.888
0.884
0.828
0.852
0.868
0.88
0.836
0.816
0.84
0.856
0.832
0.832
0.868
0.884
0.852
0.864
0.888
0.904
0.876
0.84
0.86
0.864
0.868
0.856
0.86
0.884
0.892
0.864
0.804
0.812
0.796
0.792
0.792
0.764
0.792
0.812
0.844
0.852
0.82
0.852
0.844
0.832
0.848
0.82
0.784
0.812
0.84
0.856
0.824
0.856
0.88
0.9
0.836
0.864
0.864
0.86
0.824
0.856
0.888
0.908
0.916
0.884
0.904
0.924
0.932
0.912
0.884
0.916
0.912
0.924
0.88
0.884
0.892
0.892
0.892
0.824
0.796
0.804
0.784
0.788
0.824
0.852
0.812
0.828
0.84
0.84
0.792
0.824
0.844
0.824
0.812
0.836
0.856
0.836
0.828
0.848
0.856
0.832
0.796
0.796
0.78
0.776
0.752
0.764
0.772
0.78
0.772
0.804
0.836
0.872
0.832
0.86
0.864
0.84
0.792
0.824
0.828
0.832
0.844
0.8
0.828
0.828
0.84
0.812
0.836
0.828
0.82
0.772
0.772
0.768
0.784
0.8
0.828
0.82
0.808
0.848
0.852
0.856
0.816
0.84
0.84
0.856
0.82
0.856
0.872
0.888
0.884
0.828
0.86
0.868
0.86
0.848
0.836
0.872
0.876
0.892
0.888
0.86
0.888
0.888
0.872
0.836
0.844
0.868
0.88
0.84
0.848
0.872
0.872
0.844
0.812
0.848
0.872
0.876
0.824
0.848
0.864
0.86
0.788
0.796
0.812
0.82
0.792
0.796
0.82
0.792
0.768
0.772
0.764
0.768
0.768
0.78
0.776
0.76
0.744
0.748
0.744
0.732
0.716
0.8067602
0.8790502
0.8239244
0.7845732
0.8437327
0.8303247
0.8365025
0.8525753
0.820804
0.724
0.724
0.78
0.8
0.836
0.856
0.804
0.824
0.828
0.832
0.824
0.796
0.808
0.82
0.844
0.856
0.82
0.836
0.868
0.876
0.888
0.832
0.864
0.872
0.888
0.856
0.812
0.848
0.856
0.856
0.828
0.828
0.84
0.852
0.808
0.812
0.804
0.8
0.792
0.788
0.78
0.788
0.776
0.776
0.744
0.752
0.748
0.752
0.748
0.736
0.756
0.768
0.796
0.784
0.844
0.864
0.888
0.86
0.88
0.904
0.9
0.892
0.844
0.876
0.892
0.92
0.912
0.9
0.936
0.964
0.956
0.888
0.904
0.896
0.912
0.888
0.836
0.884
0.896
0.92
0.872
0.88
0.908
0.856
0.82
0.848
0.872
0.86
0.82
0.84
0.84
0.816
0.804
0.848
0.872
0.852
0.852
0.884
0.912
0.868
0.84
0.856
0.868
0.836
0.832
0.86
0.88
0.872
0.848
0.9
0.908
0.9
0.836
0.816
0.832
0.828
0.812
0.836
0.876
0.92
0.888
0.932
0.96
0.956
0.916
0.932
0.912
0.892
0.876
0.924
0.964
0.8691878
0.944
0.964
0.832837
0.956
0.944
0.96
0.876
0.804
0.812
0.816
0.828
0.8
0.832
0.852
0.872
0.832
0.872
0.86
0.832
0.812
0.82
0.828
0.808
0.808
0.836
0.844
0.844
0.784
0.772
0.76
0.756
0.76
0.748
0.748
0.728
0.72
0.8570531
0.8893146
0.8614605
0.732
0.756
0.78
0.788
0.78
0.824
0.836
0.836
0.808
0.84
0.848
0.844
0.804
0.84
0.844
0.828
0.772
0.776
0.756
0.748
0.764
0.756
0.752
0.796
0.812
0.796
0.768
0.788
0.8
0.784
0.776
0.812
0.824
0.816
0.776
0.808
0.832
0.848
0.816
0.836
0.876
0.904
0.864
0.876
0.912
0.916
0.848
0.892
0.884
0.892
0.828
0.804
0.776
0.788
0.808
0.832
0.824
0.82
0.876
0.92
0.912
0.848
0.912
0.92
0.908
0.844
0.876
0.892
0.896
0.876
0.9
0.908
0.88
0.828
0.86
0.872
0.88
0.86
0.888
0.912
0.92
0.92
0.872
0.908
0.92
0.904
0.852
0.864
0.868
0.884
0.908
0.876
0.888
0.908
0.912
0.868
0.884
0.888
0.884
0.832
0.864
0.864
0.876
0.816
0.824
0.816
0.796
0.772
0.796
0.812
0.796
0.804
0.852
0.872
0.836
0.884
0.904
0.9
0.86
0.812
0.848
0.868
0.884
0.856
0.876
0.9
0.908
0.88
0.868
0.896
0.896
0.916
0.864
0.876
0.86
0.864
0.828
0.808
0.836
0.856
0.88
0.864
0.92
0.932
0.884
0.844
0.88
0.888
0.888
0.856
0.908
0.92
0.908
0.864
0.912
0.92
0.872
0.876
0.9
0.908
0.88
0.892
0.908
0.916
0.86
0.88
0.908
0.92
0.896
0.86
0.888
0.888
0.868
0.82
0.852
0.868
0.86
0.82
0.864
0.876
0.872
0.828
0.852
0.876
0.892
0.864
0.864
0.904
0.916
0.896
0.848
0.892
0.908
0.916
0.9
0.856
0.868
0.884
0.88
0.844
0.852
0.868
0.892
0.84
0.868
0.896
0.888
0.856
0.82
0.836
0.82
0.796
0.776
0.764
0.756
0.744
0.74
0.732
0.732
0.728
0.8283629
0.8904441
0.8838422
0.8650288
0.851922
0.8153465
0.716
0.8990163
0.736
0.772
0.8
0.824
0.788
0.836
0.844
0.868
0.844
0.856
0.872
0.884
0.848
0.848
0.88
0.896
0.884
0.816
0.832
0.84
0.844
0.82
0.82
0.848
0.884
0.9
0.86
0.916
0.924
0.888
0.808
0.804
0.8
0.804
0.804
0.78
0.828
0.868
0.9
0.848
0.884
0.9
0.916
0.86
0.864
0.868
0.876
0.844
0.792
0.816
0.844
0.888
0.884
0.864
0.888
0.908
0.9
0.868
0.912
0.888
0.868
0.848
0.896
0.916
0.912
0.86
0.904
0.916
0.932
0.876
0.896
0.92
0.912
0.864
0.868
0.884
0.892
0.868
0.868
0.9
0.9
0.872
0.872
0.852
0.8
0.792
0.796
0.8
0.776
0.784
0.796
0.8
0.78
0.836
0.86
0.872
0.86
0.9
0.908
0.876
0.868
0.876
0.868
0.8
0.808
0.82
0.844
0.848
0.828
0.888
0.868
0.832
0.804
0.824
0.82
0.808
0.772
0.788
0.796
0.812
0.788
0.8
0.804
0.804
0.808
0.78
0.804
0.8
0.816
0.796
0.832
0.844
0.864
0.872
0.844
0.824
0.844
0.88
0.888
0.848
0.876
0.9
0.904
0.88
0.848
0.896
0.9
0.904
0.852
0.848
0.876
0.872
0.832
0.812
0.844
0.86
0.836
0.804
0.836
0.864
0.856
0.816
0.812
0.836
0.832
0.8
0.78
0.804
0.804
0.748
0.768
0.768
0.756
0.74
0.76
0.772
0.76
0.748
0.78
0.804
0.816
0.796
0.832
0.868
0.86
0.808
0.828
0.844
0.856
0.824
0.808
0.836
0.872
0.888
0.872
0.904
0.92
0.912
0.864
0.916
0.94
0.936
0.892
0.888
0.884
0.852
0.824
0.864
0.9
0.924
0.892
0.892
0.92
0.924
0.884
0.804
0.828
0.828
0.828
0.812
0.86
0.892
0.92
0.868
0.924
0.92
0.9
0.852
0.888
0.88
0.844
0.804
0.828
0.84
0.86
0.832
0.856
0.876
0.896
0.84
0.856
0.868
0.888
0.892
0.868
0.808
0.804
0.82
0.816
0.8
0.848
0.88
0.94
0.876
0.92
0.928
0.936
0.912
0.88
0.896
0.904
0.88
0.836
0.836
0.852
0.852
0.812
0.82
0.844
0.856
0.852
0.832
0.88
0.884
0.848
0.82
0.864
0.892
0.904
0.868
0.896
0.916
0.928
0.888
0.868
0.88
0.912
0.884
0.88
0.912
0.948
0.92
0.872
0.9
0.916
0.916
0.84
0.852
0.864
0.888
0.904
0.784
0.76
0.74
0.736
0.78
0.744
0.748
0.768
0.796
0.832
0.824
0.852
0.888
0.908
0.888
0.92
0.936
0.912
0.872
0.844
0.836
0.848
0.848
0.844
0.88
0.884
0.892
0.884
0.9
0.912
0.912
0.88
0.884
0.892
0.844
0.824
0.832
0.836
0.824
0.792
0.82
0.828
0.8
0.812
0.792
0.7987505
0.7
0.712
0.704
0.9160095
0.8883735
0.8138162
0.7804505
0.7937181
0.8344278
0.8131621
0.8088657
0.783366
0.8215194
0.7902983
0.7530454
0.8072587
0.8619574
0.7989477
0.848763
0.7549317
0.8207176
0.8449011
0.8356621
0.8273832
0.795892
0.7870442
0.7796535
0.8277221
0.7828023
0.8020148
0.8118546
0.9002984
0.7950972
0.8324474
0.8257764
0.7819257
0.8194126
0.8832478
0.8413692
0.8240467
0.8044721
0.7357249
0.8698752
0.7606271
0.8533171
0.9025476
0.7612349
0.8516127
0.8109637
0.7557377
0.7581295
0.736
0.864
0.812
0.696
0.852
0.82
0.832
0.732
0.88
0.732
0.78
0.772
0.78
0.876
0.8
0.82
0.864
0.816
0.804
0.76
0.764
0.764
0.744
0.748
0.74
0.74
0.74
0.744
0.752
0.768
0.756
0.764
0.772
0.788
0.756
0.792
0.796
0.784
0.756
0.784
0.788
0.772
0.748
0.772
0.776
0.764
0.756
0.776
0.784
0.768
0.752
0.784
0.8
0.756
0.752
0.756
0.736
0.724
0.708
0.704
0.696
0.7
0.712
0.72
0.768
0.816
0.836
0.792
0.828
0.84
0.836
0.796
0.832
0.848
0.84
0.812
0.852
0.86
0.788
0.776
0.788
0.816
0.816
0.808
0.84
0.86
0.832
0.824
0.844
0.856
0.816
0.824
0.844
0.836
0.812
0.808
0.828
0.856
0.84
0.816
0.848
0.86
0.86
0.832
0.876
0.876
0.872
0.84
0.848
0.848
0.844
0.82
0.828
0.86
0.88
0.876
0.828
0.86
0.856
0.84
0.792
0.824
0.816
0.78
0.78
0.788
0.808
0.776
0.796
0.808
0.792
0.768
0.796
0.804
0.78
0.804
0.812
0.808
0.772
0.808
0.8
0.752
0.772
0.768
0.776
0.752
0.78
0.776
0.784
0.772
0.796
0.812
0.796
0.796
0.816
0.828
0.796
0.824
0.836
0.836
0.804
0.844
0.848
0.848
0.84
0.864
0.868
0.836
0.836
0.852
0.828
0.8
0.832
0.848
0.864
0.824
0.82
0.848
0.84
0.8
0.84
0.844
0.864
0.816
0.84
0.848
0.852
0.828
0.836
0.856
0.88
0.864
0.828
0.86
0.864
0.856
0.808
0.804
0.808
0.812
0.804
0.772
0.82
0.856
0.852
0.78
0.816
0.812
0.78
0.784
0.796
0.8
0.776
0.82
0.836
0.848
0.808
0.84
0.848
0.856
0.816
0.828
0.84
0.844
0.812
0.828
0.832
0.832
0.8
0.844
0.856
0.872
0.836
0.876
0.888
0.884
0.852
0.848
0.864
0.856
0.844
0.792
0.828
0.788
0.78
0.792
0.796
0.776
0.804
0.832
0.852
0.832
0.88
0.892
0.884
0.844
0.868
0.888
0.868
0.852
0.82
0.844
0.856
0.872
0.86
0.876
0.892
0.9
0.896
0.844
0.884
0.904
0.912
0.872
0.86
0.844
0.764
0.728
0.7574474
0.8025779
0.72
0.752
0.796
0.836
0.828
0.86
0.9
0.884
0.916
0.928
0.884
0.832
0.852
0.86
0.852
0.844
0.872
0.88
0.872
0.896
0.896
0.888
0.844
0.864
0.868
0.864
0.844
0.872
0.868
0.868
0.848
0.832
0.832
0.812
0.836
0.844
0.844
0.828
0.844
0.848
0.824
0.784
0.764
0.756
0.74
0.772
0.856
0.876
0.896
0.904
0.92
0.92
0.916
0.9
0.896
0.896
0.884
0.888
0.904
0.904
0.908
0.888
0.892
0.892
0.892
0.88
0.888
0.9
0.92
0.892
0.896
0.892
0.888
0.844
0.82
0.856
0.872
0.86
0.86
0.884
0.888
0.864
0.864
0.88
0.884
0.88
0.852
0.876
0.856
0.852
0.828
0.844
0.84
0.852
0.836
0.84
0.844
0.856
0.82
0.836
0.856
0.856
0.856
0.812
0.836
0.856
0.88
0.856
0.884
0.88
0.86
0.812
0.8
0.816
0.82
0.804
0.832
0.84
0.84
0.792
0.776
0.76
0.764
0.756
0.736
0.764
0.78
0.796
0.816
0.852
0.856
0.832
0.868
0.88
0.884
0.84
0.876
0.876
0.892
0.84
0.86
0.868
0.892
0.892
0.856
0.888
0.888
0.88
0.852
0.876
0.88
0.88
0.848
0.824
0.836
0.824
0.788
0.756
0.784
0.8
0.82
0.792
0.816
0.832
0.852
0.852
0.832
0.868
0.876
0.88
0.836
0.868
0.848
0.848
0.804
0.82
0.844
0.864
0.872
0.784
0.736
0.716
0.7727394
0.8633899
0.9229662
0.7803194
0.732
0.76
0.752
0.748
0.74
0.728
0.724
0.716
0.716
0.8684562
0.712
0.716
0.716
0.732
0.74
0.74
0.752
0.772
0.792
0.804
0.78
0.816
0.792
0.768
0.764
0.776
0.788
0.792
0.76
0.76
0.748
0.748
0.76
0.744
0.744
0.732
0.744
0.728
0.744
0.744
0.756
0.724
0.732
0.732
0.732
0.72
0.736
0.752
0.784
0.8
0.808
0.804
0.804
0.78
0.784
0.784
0.78
0.776
0.796
0.82
0.84
0.812
0.856
0.892
0.892
0.86
0.888
0.904
0.908
0.896
0.852
0.884
0.884
0.876
0.852
0.844
0.856
0.888
0.892
0.84
0.864
0.848
0.816
0.796
0.836
0.868
0.912
0.88
0.9
0.924
0.96
0.876
0.82
0.84
0.828
0.78
0.8
0.804
0.796
0.788
0.824
0.876
0.848
0.896
0.936
0.952
0.892
0.916
0.92
0.9
0.856
0.88
0.896
0.904
0.868
0.896
0.908
0.86
0.868
0.872
0.876
0.848
0.836
0.864
0.852
0.86
0.832
0.856
0.856
0.856
0.812
0.836
0.84
0.86
0.852
0.812
0.836
0.844
0.852
0.82
0.824
0.844
0.828
0.8
0.812
0.816
0.82
0.788
0.788
0.808
0.788
0.764
0.776
0.792
0.76
0.784
0.812
0.824
0.804
0.86
0.896
0.896
0.86
0.904
0.916
0.916
0.888
0.896
0.908
0.908
0.868
0.876
0.868
0.844
0.876
0.916
0.932
0.904
0.936
0.94
0.904
0.904
0.892
0.888
0.892
0.86
0.872
0.868
0.868
0.836
0.828
0.848
0.852
0.832
0.812
0.836
0.844
0.836
0.8
0.824
0.808
0.8
0.776
0.804
0.808
0.812
0.804
0.816
0.84
0.844
0.824
0.828
0.864
0.868
0.852
0.824
0.864
0.896
0.864
0.8
0.792
0.756
0.752
0.78
0.824
0.82
0.916
0.8737839
0.855383
0.936
0.798908
0.8363688
0.964
0.928
0.932
0.904
0.852
0.848
0.872
0.888
0.892
0.88
0.92
0.928
0.928
0.892
0.908
0.912
0.912
0.872
0.84
0.852
0.884
0.888
0.872
0.9
0.9
0.892
0.844
0.868
0.86
0.856
0.84
0.864
0.892
0.908
0.896
0.936
0.8297575
0.94
0.892
0.908
0.912
0.896
0.848
0.86
0.856
0.856
0.86
0.84
0.876
0.888
0.896
0.86
0.804
0.804
0.788
0.78
0.772
0.788
0.808
0.816
0.792
0.82
0.864
0.904
0.884
0.932
0.952
0.964
0.936
0.928
0.908
0.872
0.904
0.916
0.928
0.888
0.92
0.936
0.92
0.92
0.916
0.944
0.944
0.92
0.9
0.912
0.9
0.88
0.864
0.884
0.876
0.896
0.872
0.864
0.884
0.9
0.872
0.892
0.908
0.888
0.856
0.896
0.9
0.884
0.844
0.86
0.856
0.868
0.856
0.852
0.88
0.888
0.888
0.848
0.848
0.832
0.792
0.784
0.788
0.804
0.8
0.856
0.896
0.896
0.86
0.916
0.956
0.948
0.908
0.916
0.912
0.868
0.86
0.844
0.792
0.764
0.744
0.724
0.768
0.82
0.884
0.872
0.876
0.912
0.92
0.864
0.884
0.892
0.856
0.86
0.84
0.82
0.804
0.82
0.78
0.784
0.764
0.76
0.748
0.736
0.74
0.732
0.728
0.744
0.756
0.74
0.764
0.776
0.796
0.788
0.756
0.8
0.812
0.82
0.788
0.816
0.82
0.788
0.812
0.828
0.84
0.796
0.824
0.828
0.824
0.792
0.824
0.832
0.816
0.792
0.824
0.832
0.824
0.808
0.852
0.86
0.868
0.816
0.864
0.864
0.832
0.816
0.848
0.872
0.844
0.852
0.852
0.856
0.808
0.832
0.852
0.864
0.844
0.856
0.88
0.888
0.84
0.872
0.88
0.836
0.808
0.844
0.848
0.824
0.844
0.856
0.852
0.812
0.86
0.872
0.828
0.828
0.848
0.86
0.82
0.852
0.852
0.848
0.836
0.856
0.856
0.836
0.832
0.856
0.86
0.828
0.868
0.88
0.876
0.856
0.896
0.896
0.856
0.876
0.876
0.868
0.856
0.876
0.896
0.864
0.868
0.872
0.884
0.848
0.86
0.868
0.848
0.792
0.8
0.788
0.788
0.764
0.796
0.816
0.812
0.788
0.836
0.876
0.872
0.904
0.9
0.884
0.844
0.868
0.864
0.848
0.832
0.864
0.872
0.828
0.86
0.876
0.852
0.832
0.856
0.86
0.828
0.856
0.868
0.868
0.836
0.856
0.86
0.84
0.836
0.848
0.852
0.82
0.848
0.848
0.852
0.816
0.84
0.832
0.82
0.796
0.828
0.836
0.828
0.792
0.828
0.828
0.8
0.82
0.836
0.804
0.768
0.776
0.776
0.776
0.768
0.8
0.796
0.764
0.788
0.804
0.772
0.816
0.832
0.808
0.796
0.832
0.824
0.788
0.808
0.82
0.832
0.796
0.832
0.844
0.812
0.82
0.848
0.86
0.804
0.836
0.84
0.824
0.796
0.836
0.828
0.792
0.824
0.828
0.82
0.808
0.844
0.848
0.812
0.82
0.828
0.832
0.792
0.832
0.844
0.808
0.84
0.856
0.836
0.816
0.828
0.836
0.82
0.808
0.82
0.832
0.808
0.832
0.84
0.828
0.824
0.848
0.844
0.824
0.84
0.84
0.836
0.812
0.836
0.852
0.856
0.824
0.848
0.852
0.848
0.816
0.84
0.84
0.832
0.808
0.832
0.828
0.836
0.804
0.836
0.832
0.836
0.812
0.832
0.84
0.84
0.82
0.836
0.828
0.832
0.796
0.84
0.852
0.856
0.832
0.84
0.812
0.776
0.784
0.784
0.768
0.78
0.804
0.808
0.796
0.836
0.864
0.82
0.868
0.876
0.812
0.824
0.824
0.8
0.792
0.828
0.852
0.812
0.852
0.86
0.844
0.804
0.836
0.856
0.828
0.832
0.852
0.856
0.8
0.828
0.824
0.804
0.812
0.832
0.84
0.808
0.844
0.848
0.812
0.792
0.812
0.816
0.788
0.808
0.824
0.812
0.804
0.828
0.832
0.8
0.816
0.82
0.808
0.792
0.812
0.824
0.788
0.812
0.84
0.84
0.788
0.824
0.812
0.816
0.776
0.808
0.824
0.828
0.8
0.844
0.852
0.852
0.8
0.84
0.84
0.844
0.808
0.856
0.864
0.876
0.824
0.836
0.82
0.824
0.8
0.792
0.816
0.848
0.812
0.844
0.86
0.832
0.868
0.872
0.868
0.816
0.844
0.856
0.84
0.8
0.832
0.84
0.844
0.808
0.796
0.828
0.852
0.828
0.82
0.86
0.876
0.872
0.82
0.848
0.828
0.792
0.792
0.812
0.82
0.796
0.836
0.872
0.896
0.848
0.884
0.888
0.844
0.828
0.84
0.824
0.796
0.764
0.788
0.8
0.812
0.796
0.832
0.852
0.844
0.812
0.832
0.848
0.856
0.86
0.832
0.852
0.888
0.9
0.848
0.884
0.876
0.852
0.788
0.796
0.78
0.776
0.772
0.776
0.78
0.76
0.752
0.752
0.748
0.724
0.728
0.716
0.8598435
0.8204127
0.712
0.877239
0.732
0.748
0.772
0.752
0.796
0.804
0.788
0.752
0.748
0.776
0.748
0.752
0.732
0.768
0.776
0.78
0.768
0.792
0.804
0.816
0.784
0.824
0.828
0.832
0.8
0.836
0.836
0.836
0.824
0.868
0.868
0.868
0.832
0.856
0.848
0.82
0.816
0.812
0.804
0.772
0.8
0.784
0.784
0.76
0.796
0.824
0.84
0.816
0.824
0.844
0.864
0.84
0.828
0.864
0.88
0.856
0.848
0.888
0.908
0.856
0.876
0.896
0.896
0.884
0.86
0.876
0.876
0.84
0.856
0.868
0.864
0.816
0.84
0.832
0.84
0.792
0.828
0.836
0.844
0.792
0.824
0.828
0.824
0.788
0.832
0.824
0.792
0.776
0.792
0.804
0.756
0.76
0.776
0.788
0.768
0.808
0.832
0.828
0.808
0.848
0.868
0.832
0.872
0.876
0.892
0.864
0.864
0.896
0.912
0.856
0.852
0.876
0.892
0.888
0.872
0.892
0.892
0.848
0.872
0.868
0.86
0.824
0.844
0.868
0.896
0.848
0.896
0.94
0.944
0.88
0.924
0.924
0.876
0.88
0.908
0.916
0.852
0.86
0.868
0.888
0.852
0.876
0.9
0.92
0.876
0.884
0.888
0.868
0.832
0.82
0.84
0.848
0.816
0.788
0.816
0.816
0.824
0.792
0.82
0.836
0.852
0.816
0.8
0.816
0.832
0.828
0.776
0.784
0.78
0.748
0.788
0.76
0.752
0.784
0.816
0.784
0.848
0.892
0.82
0.868
0.888
0.856
0.9
0.932
0.928
0.884
0.94
0.928
0.916
0.88
0.904
0.912
0.928
0.904
0.908
0.916
0.932
0.904
0.9
0.9
0.916
0.9
0.916
0.932
0.936
0.9
0.916
0.916
0.92
0.904
0.872
0.904
0.892
0.876
0.872
0.896
0.904
0.864
0.86
0.88
0.864
0.832
0.856
0.864
0.864
0.844
0.844
0.86
0.868
0.848
0.82
0.84
0.852
0.848
0.82
0.832
0.828
0.82
0.808
0.816
0.84
0.86
0.812
0.828
0.856
0.868
0.832
0.828
0.868
0.876
0.872
0.832
0.828
0.832
0.852
0.824
0.848
0.88
0.912
0.884
0.872
0.928
0.936
0.916
0.852
0.868
0.868
0.856
0.816
0.812
0.82
0.844
0.856
0.828
0.872
0.876
0.844
0.82
0.848
0.844
0.816
0.82
0.836
0.848
0.82
0.824
0.84
0.848
0.816
0.82
0.836
0.848
0.836
0.808
0.828
0.824
0.772
0.716
0.8152104
0.875338
0.7867615
0.724
0.808
0.812
0.796
0.788
0.764
0.756
0.756
0.764
0.788
0.808
0.824
0.836
0.828
0.852
0.868
0.864
0.876
0.868
0.872
0.88
0.88
0.884
0.88
0.876
0.876
0.872
0.88
0.876
0.872
0.86
0.876
0.868
0.86
0.836
0.86
0.864
0.884
0.848
0.86
0.864
0.864
0.844
0.852
0.848
0.852
0.828
0.808
0.812
0.796
0.796
0.764
0.756
0.772
0.788
0.804
0.776
0.828
0.836
0.86
0.828
0.864
0.872
0.828
0.832
0.832
0.828
0.796
0.78
0.808
0.812
0.824
0.788
0.796
0.816
0.848
0.836
0.86
0.904
0.936
0.94
0.892
0.92
0.916
0.904
0.864
0.86
0.884
0.88
0.856
0.848
0.884
0.892
0.848
0.888
0.904
0.912
0.86
0.852
0.856
0.852
0.832
0.828
0.84
0.836
0.804
0.76
0.756
0.752
0.772
0.772
0.784
0.82
0.852
0.84
0.816
0.876
0.888
0.9
0.848
0.856
0.864
0.844
0.796
0.832
0.82
0.788
0.776
0.816
0.848
0.816
0.812
0.84
0.848
0.804
0.832
0.844
0.856
0.812
0.8
0.828
0.828
0.852
0.8
0.788
0.804
0.824
0.772
0.788
0.812
0.78
0.788
0.824
0.86
0.848
0.924
0.952
0.948
0.908
0.948
0.7760592
0.928
0.94
0.944
0.944
0.896
0.908
0.908
0.908
0.888
0.884
0.9
0.916
0.892
0.86
0.88
0.868
0.852
0.832
0.844
0.86
0.868
0.836
0.86
0.856
0.852
0.84
0.82
0.828
0.824
0.796
0.772
0.792
0.792
0.808
0.808
0.84
0.84
0.832
0.792
0.812
0.816
0.82
0.788
0.784
0.82
0.852
0.848
0.796
0.784
0.784
0.836
0.836
0.856
0.92
0.9650426
0.92
0.8108933
0.8410131
0.928
0.928
0.94
0.936
0.896
0.92
0.924
0.928
0.88
0.912
0.916
0.912
0.876
0.868
0.872
0.88
0.868
0.888
0.884
0.844
0.776
0.78
0.744
0.712
0.732
0.732
0.744
0.732
0.732
0.74
0.744
0.74
0.736
0.736
0.744
0.732
0.728
0.74
0.748
0.756
0.772
0.76
0.78
0.788
0.8
0.772
0.764
0.788
0.788
0.788
0.776
0.804
0.816
0.828
0.768
0.76
0.752
0.744
0.74
0.74
0.736
0.732
0.716
0.764
0.784
0.808
0.812
0.832
0.828
0.86
0.836
0.828
0.84
0.784
0.8
0.76
0.764
0.74
0.736
0.744
0.752
0.74
0.756
0.768
0.768
0.776
0.772
0.776
0.756
0.768
0.768
0.768
0.748
0.756
0.748
0.748
0.756
0.724
0.732
0.728
0.74
0.748
0.744
0.768
0.78
0.788
0.768
0.796
0.816
0.848
0.808
0.828
0.824
0.836
0.792
0.796
0.796
0.824
0.8
0.828
0.844
0.868
0.812
0.828
0.792
0.772
0.768
0.768
0.78
0.792
0.78
0.796
0.8
0.784
0.796
0.764
0.78
0.768
0.78
0.768
0.804
0.824
0.808
0.78
0.804
0.816
0.796
0.788
0.816
0.816
0.812
0.816
0.832
0.84
0.808
0.824
0.832
0.848
0.816
0.824
0.844
0.856
0.808
0.852
0.844
0.836
0.808
0.832
0.848
0.864
0.812
0.856
0.856
0.872
0.808
0.84
0.86
0.876
0.832
0.872
0.876
0.852
0.804
0.812
0.808
0.784
0.764
0.804
0.824
0.848
0.804
0.86
0.872
0.872
0.82
0.852
0.856
0.828
0.84
0.84
0.852
0.828
0.84
0.848
0.852
0.828
0.852
0.84
0.836
0.804
0.824
0.824
0.82
0.804
0.836
0.844
0.828
0.776
0.784
0.792
0.8
0.788
0.84
0.844
0.8
0.808
0.828
0.832
0.788
0.836
0.852
0.86
0.804
0.856
0.868
0.868
0.808
0.812
0.804
0.792
0.752
0.776
0.772
0.752
0.78
0.796
0.78
0.776
0.8
0.808
0.776
0.808
0.82
0.808
0.796
0.832
0.856
0.82
0.832
0.852
0.864
0.82
0.852
0.864
0.836
0.804
0.828
0.828
0.828
0.804
0.836
0.848
0.832
0.824
0.836
0.832
0.804
0.832
0.832
0.832
0.804
0.832
0.836
0.836
0.82
0.856
0.868
0.828
0.8
0.808
0.788
0.816
0.812
0.792
0.812
0.804
0.788
0.768
0.796
0.808
0.812
0.784
0.808
0.82
0.8
0.776
0.812
0.812
0.78
0.8
0.82
0.836
0.804
0.856
0.852
0.84
0.836
0.848
0.844
0.804
0.828
0.836
0.812
0.828
0.848
0.864
0.828
0.864
0.86
0.86
0.844
0.86
0.848
0.824
0.844
0.856
0.832
0.84
0.856
0.836
0.804
0.84
0.852
0.804
0.844
0.844
0.808
0.832
0.856
0.836
0.82
0.848
0.852
0.808
0.84
0.848
0.848
0.808
0.816
0.828
0.824
0.8
0.828
0.832
0.84
0.796
0.848
0.856
0.844
0.816
0.864
0.86
0.84
0.8
0.816
0.808
0.796
0.764
0.796
0.812
0.836
0.804
0.796
0.824
0.84
0.844
0.808
0.832
0.84
0.796
0.78
0.78
0.772
0.744
0.74
0.744
0.728
0.76
0.776
0.78
0.764
0.808
0.804
0.768
0.78
0.784
0.788
0.752
0.796
0.812
0.832
0.808
0.864
0.876
0.852
0.836
0.872
0.856
0.844
0.816
0.848
0.856
0.816
0.848
0.86
0.86
0.808
0.844
0.808
0.78
0.776
0.824
0.844
0.84
0.8
0.844
0.852
0.84
0.792
0.832
0.832
0.836
0.804
0.828
0.844
0.824
0.8
0.844
0.868
0.828
0.86
0.876
0.884
0.832
0.852
0.844
0.84
0.8
0.832
0.844
0.864
0.824
0.824
0.856
0.876
0.828
0.872
0.884
0.876
0.832
0.888
0.876
0.884
0.844
0.88
0.884
0.872
0.84
0.868
0.88
0.868
0.86
0.876
0.868
0.848
0.844
0.856
0.88
0.872
0.828
0.872
0.872
0.868
0.848
0.852
0.864
0.86
0.848
0.852
0.868
0.868
0.84
0.848
0.844
0.848
0.812
0.828
0.82
0.82
0.8
0.828
0.852
0.872
0.868
0.908
0.932
0.94
0.9
0.912
0.896
0.86
0.856
0.864
0.884
0.84
0.832
0.856
0.828
0.8
0.808
0.824
0.836
0.836
0.832
0.852
0.848
0.796
0.796
0.804
0.808
0.788
0.82
0.84
0.856
0.84
0.864
0.884
0.888
0.872
0.864
0.864
0.856
0.836
0.856
0.876
0.9
0.92
0.876
0.9
0.908
0.916
0.892
0.884
0.884
0.88
0.844
0.852
0.832
0.828
0.804
0.788
0.78
0.756
0.772
0.784
0.84
0.912
0.876
0.932
0.944
0.8620406
0.9
0.936
0.924
0.908
0.856
0.884
0.888
0.86
0.8
0.772
0.732
0.712
0.8152302
0.8574208
0.8512166
0.826622
0.728
0.752
0.784
0.808
0.816
0.796
0.804
0.816
0.82
0.808
0.82
0.828
0.836
0.812
0.808
0.796
0.764
0.752
0.74
0.732
0.74
0.76
0.788
0.784
0.824
0.848
0.84
0.816
0.848
0.848
0.86
0.812
0.828
0.824
0.824
0.8
0.796
0.828
0.848
0.856
0.812
0.824
0.84
0.848
0.812
0.796
0.828
0.84
0.856
0.808
0.788
0.82
0.848
0.852
0.812
0.848
0.86
0.88
0.844
0.836
0.884
0.884
0.872
0.8
0.828
0.836
0.88
0.88
0.832
0.86
0.9
0.932
0.888
0.94
0.96
0.956
0.892
0.88
0.908
0.924
0.888
0.908
0.928
0.944
0.916
0.868
0.88
0.888
0.896
0.864
0.896
0.88
0.856
0.868
0.88
0.888
0.868
0.856
0.88
0.888
0.852
0.884
0.88
0.864
0.84
0.856
0.856
0.852
0.828
0.852
0.868
0.88
0.84
0.852
0.86
0.856
0.84
0.848
0.848
0.836
0.82
0.832
0.832
0.832
0.8
0.78
0.792
0.8
0.792
0.784
0.8
0.784
0.788
0.812
0.82
0.796
0.816
0.856
0.868
0.828
0.888
0.896
0.896
0.852
0.884
0.876
0.876
0.832
0.848
0.86
0.856
0.82
0.836
0.844
0.856
0.824
0.816
0.86
0.872
0.804
0.776
0.78
0.78
0.752
0.736
0.716
0.8437254
0.728
0.74
0.752
0.792
0.808
0.8
0.824
0.84
0.852
0.836
0.848
0.86
0.852
0.836
0.844
0.844
0.852
0.848
0.86
0.856
0.872
0.88
0.856
0.872
0.864
0.86
0.868
0.86
0.848
0.848
0.848
0.844
0.828
0.844
0.836
0.84
0.804
0.804
0.812
0.824
0.8
0.836
0.848
0.852
0.84
0.884
0.896
0.88
0.828
0.856
0.864
0.852
0.82
0.824
0.84
0.84
0.824
0.784
0.82
0.804
0.792
0.792
0.772
0.804
0.816
0.836
0.82
0.864
0.884
0.892
0.86
0.864
0.868
0.86
0.812
0.828
0.844
0.864
0.832
0.892
0.892
0.908
0.872
0.9
0.912
0.872
0.836
0.848
0.848
0.84
0.808
0.836
0.844
0.848
0.82
0.78
0.776
0.784
0.776
0.756
0.796
0.808
0.776
0.808
0.816
0.828
0.808
0.856
0.852
0.8
0.828
0.836
0.84
0.812
0.844
0.86
0.824
0.82
0.856
0.86
0.824
0.86
0.88
0.88
0.836
0.856
0.856
0.856
0.84
0.848
0.84
0.848
0.812
0.832
0.828
0.824
0.796
0.796
0.792
0.812
0.796
0.816
0.856
0.892
0.836
0.904
0.916
0.86
0.864
0.872
0.876
0.84
0.812
0.848
0.86
0.872
0.828
0.868
0.88
0.864
0.82
0.848
0.856
0.82
0.832
0.84
0.828
0.8
0.792
0.816
0.836
0.82
0.808
0.824
0.824
0.812
0.78
0.792
0.788
0.792
0.784
0.776
0.82
0.844
0.864
0.852
0.908
0.936
0.916
0.9
0.916
0.916
0.852
0.872
0.876
0.88
0.864
0.848
0.88
0.88
0.872
0.824
0.852
0.876
0.864
0.812
0.78
0.812
0.844
0.808
0.852
0.888
0.92
0.88
0.92
0.932
0.896
0.888
0.916
0.908
0.876
0.856
0.876
0.884
0.84
0.88
0.892
0.904
0.896
0.88
0.88
0.868
0.84
0.848
0.832
0.804
0.82
0.832
0.824
0.824
0.884
0.92
0.9
0.856
0.896
0.88
0.832
0.852
0.84
0.8
0.816
0.816
0.812
0.776
0.788
0.792
0.808
0.772
0.724
0.728
0.732
0.76
0.752
0.796
0.832
0.836
0.824
0.884
0.892
0.844
0.888
0.912
0.868
0.908
0.904
0.856
0.844
0.864
0.86
0.828
0.88
0.904
0.852
0.896
0.904
0.904
0.848
0.884
0.896
0.884
0.84
0.856
0.86
0.856
0.832
0.836
0.832
0.824
0.796
0.792
0.792
0.796
0.792
0.764
0.8
0.812
0.808
0.804
0.836
0.84
0.816
0.868
0.888
0.864
0.872
0.876
0.86
0.82
0.856
0.88
0.856
0.836
0.876
0.884
0.88
0.84
0.868
0.876
0.872
0.832
0.848
0.848
0.84
0.8
0.82
0.824
0.82
0.796
0.776
0.808
0.812
0.82
0.784
0.816
0.82
0.812
0.792
0.788
0.824
0.844
0.832
0.8
0.868
0.868
0.852
0.816
0.864
0.88
0.876
0.828
0.848
0.852
0.852
0.824
0.836
0.86
0.86
0.844
0.844
0.86
0.864
0.864
0.816
0.808
0.804
0.796
0.76
0.784
0.8
0.816
0.796
0.86
0.892
0.896
0.864
0.896
0.884
0.872
0.844
0.868
0.864
0.864
0.84
0.816
0.832
0.852
0.848
0.88
0.884
0.888
0.876
0.92
0.924
0.916
0.896
0.916
0.908
0.904
0.872
0.892
0.848
0.804
0.768
0.748
0.732
0.736
0.74
0.768
0.8
0.792
0.796
0.764
0.792
0.812
0.78
0.812
0.836
0.812
0.808
0.848
0.872
0.832
0.876
0.892
0.888
0.844
0.9
0.916
0.9
0.868
0.908
0.892
0.832
0.82
0.848
0.868
0.844
0.868
0.888
0.908
0.864
0.896
0.908
0.904
0.9
0.856
0.888
0.9
0.872
0.852
0.828
0.856
0.868
0.836
0.872
0.876
0.876
0.82
0.844
0.836
0.808
0.812
0.82
0.796
0.788
0.836
0.856
0.848
0.824
0.856
0.872
0.84
0.82
0.856
0.84
0.792
0.808
0.788
0.752
0.764
0.78
0.78
0.78
0.82
0.86
0.796
0.856
0.872
0.852
0.804
0.844
0.848
0.808
0.844
0.852
0.84
0.8
0.844
0.864
0.84
0.804
0.84
0.868
0.848
0.848
0.876
0.884
0.86
0.828
0.872
0.884
0.884
0.872
0.872
0.872
0.864
0.832
0.836
0.844
0.86
0.852
0.876
0.904
0.892
0.852
0.868
0.852
0.816
0.784
0.812
0.824
0.84
0.824
0.88
0.904
0.884
0.864
0.9
0.896
0.856
0.844
0.852
0.848
0.824
0.86
0.888
0.9
0.836
0.764
0.756
0.756
0.76
0.756
0.784
0.812
0.82
0.824
0.868
0.888
0.812
0.816
0.804
0.788
0.812
0.8
0.864
0.884
0.856
0.868
0.88
0.88
0.812
0.836
0.836
0.82
0.796
0.84
0.848
0.812
0.804
0.82
0.828
0.78
0.812
0.804
0.784
0.804
0.808
0.828
0.772
0.776
0.768
0.764
0.764
0.764
0.732
0.752
0.756
0.756
0.74
0.76
0.78
0.776
0.796
0.812
0.812
0.788
0.82
0.828
0.796
0.82
0.824
0.82
0.78
0.816
0.82
0.78
0.804
0.812
0.824
0.784
0.828
0.844
0.848
0.812
0.848
0.852
0.864
0.836
0.836
0.856
0.852
0.816
0.792
0.824
0.836
0.812
0.848
0.856
0.884
0.848
0.832
0.868
0.884
0.864
0.844
0.884
0.892
0.864
0.816
0.844
0.86
0.86
0.82
0.872
0.872
0.816
0.816
0.82
0.832
0.792
0.772
0.804
0.824
0.808
0.832
0.88
0.912
0.852
0.88
0.884
0.88
0.82
0.836
0.836
0.82
0.792
0.82
0.836
0.84
0.808
0.824
0.844
0.844
0.824
0.804
0.812
0.816
0.8
0.784
0.828
0.852
0.868
0.816
0.852
0.852
0.792
0.828
0.824
0.792
0.784
0.812
0.824
0.8
0.852
0.872
0.88
0.84
0.9
0.904
0.924
0.864
0.824
0.848
0.86
0.868
0.848
0.872
0.888
0.884
0.856
0.884
0.888
0.896
0.868
0.888
0.884
0.868
0.868
0.864
0.86
0.824
0.832
0.824
0.836
0.828
0.836
0.84
0.828
0.82
0.796
0.792
0.792
0.8
0.788
0.78
0.82
0.84
0.804
0.816
0.848
0.872
0.84
0.816
0.844
0.852
0.832
0.788
0.832
0.836
0.84
0.808
0.824
0.828
0.808
0.776
0.816
0.828
0.796
0.764
0.74
0.72
0.736
0.732
0.728
0.724
0.728
0.76
0.756
0.776
0.78
0.784
0.752
0.756
0.744
0.748
0.74
0.74
0.74
0.744
0.744
0.748
0.768
0.78
0.796
0.796
0.812
0.816
0.812
0.824
0.816
0.8
0.776
0.788
0.784
0.776
0.784
0.784
0.788
0.776
0.788
0.784
0.796
0.764
0.788
0.788
0.8
0.772
0.792
0.796
0.804
0.768
0.772
0.792
0.8
0.768
0.792
0.796
0.8
0.756
0.8
0.82
0.832
0.78
0.824
0.82
0.82
0.772
0.796
0.796
0.812
0.78
0.82
0.844
0.816
0.792
0.796
0.788
0.744
0.764
0.752
0.74
0.724
0.752
0.76
0.768
0.756
0.808
0.832
0.836
0.816
0.856
0.86
0.856
0.82
0.876
0.884
0.852
0.828
0.844
0.844
0.848
0.812
0.848
0.848
0.856
0.816
0.848
0.848
0.84
0.824
0.852
0.86
0.86
0.828
0.848
0.836
0.844
0.808
0.836
0.836
0.848
0.836
0.844
0.86
0.864
0.84
0.86
0.868
0.856
0.828
0.856
0.852
0.852
0.82
0.852
0.864
0.86
0.828
0.852
0.868
0.864
0.828
0.844
0.848
0.864
0.832
0.864
0.868
0.828
0.816
0.816
0.784
0.764
0.752
0.744
0.744
0.74
0.74
0.736
0.752
0.76
0.748
0.748
0.76
0.772
0.784
0.772
0.788
0.804
0.812
0.8
0.844
0.872
0.888
0.88
0.824
0.832
0.812
0.804
0.776
0.792
0.792
0.82
0.8
0.828
0.848
0.856
0.832
0.856
0.86
0.832
0.82
0.84
0.848
0.82
0.836
0.844
0.848
0.824
0.844
0.84
0.832
0.804
0.836
0.84
0.836
0.816
0.84
0.84
0.844
0.8
0.824
0.828
0.82
0.788
0.836
0.848
0.832
0.82
0.856
0.876
0.836
0.848
0.848
0.82
0.78
0.816
0.84
0.852
0.82
0.856
0.88
0.876
0.82
0.856
0.852
0.852
0.796
0.796
0.808
0.812
0.784
0.82
0.856
0.868
0.84
0.864
0.884
0.892
0.82
0.86
0.872
0.88
0.832
0.856
0.864
0.864
0.836
0.844
0.852
0.872
0.848
0.816
0.868
0.872
0.86
0.848
0.84
0.788
0.804
0.832
0.84
0.808
0.872
0.916
0.896
0.884
0.932
0.924
0.864
0.888
0.876
0.836
0.832
0.856
0.864
0.812
0.86
0.864
0.824
0.836
0.868
0.872
0.788
0.796
0.8
0.784
0.764
0.808
0.832
0.82
0.808
0.86
0.872
0.836
0.836
0.844
0.86
0.816
0.86
0.864
0.852
0.82
0.872
0.888
0.868
0.844
0.872
0.86
0.824
0.84
0.848
0.852
0.808
0.84
0.848
0.852
0.816
0.844
0.844
0.848
0.816
0.844
0.848
0.828
0.812
0.84
0.844
0.828
0.8
0.84
0.848
0.836
0.804
0.828
0.824
0.816
0.788
0.82
0.82
0.812
0.78
0.792
0.784
0.764
0.748
0.788
0.812
0.792
0.836
0.868
0.82
0.804
0.828
0.84
0.796
0.8
0.824
0.84
0.8
0.828
0.848
0.856
0.808
0.852
0.856
0.868
0.832
0.86
0.86
0.852
0.824
0.844
0.844
0.84
0.816
0.848
0.856
0.844
0.852
0.872
0.896
0.884
0.836
0.84
0.844
0.832
0.816
0.852
0.864
0.852
0.88
0.892
0.876
0.868
0.884
0.892
0.84
0.876
0.86
0.836
0.844
0.844
0.832
0.796
0.82
0.816
0.804
0.824
0.848
0.844
0.82
0.848
0.856
0.856
0.82
0.844
0.852
0.86
0.816
0.844
0.844
0.828
0.828
0.848
0.86
0.832
0.852
0.852
0.848
0.82
0.848
0.832
0.8
0.812
0.824
0.832
0.812
0.82
0.82
0.812
0.784
0.808
0.804
0.788
0.792
0.8
0.8
0.768
0.78
0.764
0.76
0.752
0.788
0.812
0.8
0.812
0.844
0.876
0.864
0.856
0.872
0.876
0.852
0.864
0.856
0.812
0.848
0.856
0.86
0.816
0.852
0.86
0.848
0.812
0.816
0.824
0.82
0.788
0.776
0.812
0.852
0.864
0.832
0.884
0.904
0.892
0.84
0.888
0.884
0.864
0.82
0.852
0.86
0.852
0.82
0.788
0.808
0.82
0.788
0.808
0.824
0.828
0.792
0.836
0.848
0.8
0.824
0.84
0.816
0.78
0.82
0.828
0.788
0.804
0.82
0.812
0.788
0.824
0.828
0.812
0.812
0.84
0.856
0.824
0.808
0.836
0.868
0.82
0.864
0.868
0.88
0.832
0.852
0.852
0.844
0.84
0.84
0.852
0.856
0.836
0.808
0.82
0.828
0.836
0.804
0.844
0.852
0.824
0.856
0.848
0.812
0.804
0.82
0.816
0.796
0.824
0.832
0.804
0.816
0.824
0.816
0.812
0.824
0.84
0.812
0.828
0.836
0.844
0.812
0.836
0.836
0.856
0.852
0.84
0.864
0.868
0.84
0.828
0.852
0.868
0.86
0.828
0.864
0.868
0.872
0.844
0.832
0.836
0.836
0.804
0.832
0.856
0.884
0.86
0.868
0.872
0.852
0.816
0.844
0.84
0.824
0.812
0.844
0.864
0.864
0.832
0.852
0.844
0.824
0.816
0.836
0.836
0.804
0.836
0.84
0.836
0.836
0.86
0.872
0.844
0.86
0.872
0.868
0.84
0.808
0.82
0.816
0.8
0.792
0.804
0.82
0.792
0.816
0.836
0.836
0.82
0.876
0.908
0.916
0.864
0.912
0.916
0.908
0.86
0.884
0.896
0.904
0.856
0.824
0.836
0.844
0.836
0.812
0.868
0.888
0.916
0.88
0.92
0.936
0.908
0.84
0.864
0.828
0.772
0.752
0.752
0.744
