0.736
0.756
0.728
0.744
0.768
0.784
0.76
0.736
0.752
0.752
0.748
0.724
0.74
0.756
0.772
0.748
0.752
0.772
0.768
0.756
0.732
0.748
0.752
0.768
0.752
0.756
0.78
0.78
0.752
0.756
0.748
0.764
0.736
0.74
0.76
0.764
0.76
0.744
0.764
0.768
0.78
0.74
0.748
0.76
0.764
0.736
0.736
0.744
0.736
0.732
0.724
0.736
0.732
0.708
0.7
0.724
0.74
0.752
0.732
0.716
0.736
0.76
0.764
0.752
0.784
0.808
0.8
0.772
0.78
0.788
0.768
0.744
0.756
0.772
0.784
0.8
0.788
0.804
0.796
0.78
0.78
0.732
0.728
0.764
0.82
0.876
0.7605136
0.848
0.868
0.7723257
0.8369047
0.788
0.804
0.812
0.7829898
0.7850737
0.8423163
0.776
0.772
0.8
0.792
0.744
0.712
0.712
0.708
0.728
0.744
0.744
0.78
0.788
0.816
0.796
0.792
0.788
0.776
0.748
0.76
0.772
0.796
0.776
0.78
0.796
0.832
0.796
0.772
0.792
0.808
0.816
0.76
0.756
0.764
0.768
0.74
0.764
0.788
0.788
0.78
0.788
0.808
0.812
0.76
0.768
0.768
0.76
0.74
0.76
0.768
0.736
0.728
0.74
0.728
0.744
0.76
0.768
0.792
0.764
0.752
0.784
0.804
0.788
0.76
0.76
0.76
0.768
0.748
0.776
0.78
0.768
0.744
0.736
0.752
0.764
0.744
0.732
0.716
0.688
0.7940558
0.7316751
0.7525268
0.676
0.712
0.728
0.712
0.732
0.764
0.784
0.768
0.74
0.748
0.744
0.76
0.748
0.748
0.796
0.844
0.84
0.832
0.812
0.812
0.792
0.748
0.736
0.76
0.78
0.768
0.736
0.756
0.788
0.828
0.84
0.836
0.788
0.792
0.784
0.796
0.824
0.804
0.8
0.82
0.82
0.808
0.768
0.776
0.776
0.796
0.792
0.752
0.76
0.78
0.82
0.824
0.796
0.8
0.824
0.82
0.776
0.772
0.776
0.776
0.784
0.76
0.784
0.808
0.824
0.796
0.788
0.796
0.808
0.832
0.828
0.772
0.788
0.796
0.832
0.82
0.788
0.792
0.82
0.796
0.796
0.804
0.816
0.768
0.74
0.752
0.776
0.788
0.768
0.788
0.796
0.788
0.788
0.756
0.748
0.752
0.752
0.756
0.74
0.744
0.764
0.772
0.752
0.736
0.74
0.74
0.724
0.688
0.68
0.668
0.668
0.732
0.74
0.74
0.792
0.796
0.796
0.764
0.748
0.744
0.756
0.776
0.748
0.752
0.776
0.796
0.82
0.804
0.784
0.788
0.788
0.772
0.732
0.732
0.74
0.772
0.76
0.748
0.752
0.764
0.788
0.768
0.76
0.788
0.8
0.792
0.772
0.788
0.812
0.812
0.804
0.772
0.784
0.776
0.764
0.752
0.78
0.8
0.796
0.792
0.796
0.8
0.764
0.776
0.788
0.792
0.772
0.768
0.8
0.808
0.796
0.78
0.792
0.788
0.776
0.764
0.78
0.796
0.792
0.764
0.788
0.796
0.792
0.764
0.78
0.78
0.792
0.752
0.756
0.76
0.784
0.748
0.756
0.744
0.744
0.72
0.696
0.692
0.68
0.672
0.676
0.692
0.748
0.764
0.752
0.772
0.776
0.784
0.752
0.744
0.752
0.772
0.752
0.752
0.744
0.764
0.748
0.752
0.76
0.772
0.776
0.752
0.772
0.776
0.772
0.748
0.768
0.784
0.78
0.776
0.752
0.732
0.736
0.74
0.72
0.72
0.696
0.676
0.684
0.684
0.7
0.74
0.76
0.784
0.756
0.768
0.776
0.764
0.756
0.76
0.752
0.764
0.744
0.756
0.776
0.792
0.76
0.752
0.768
0.764
0.768
0.78
0.8
0.784
0.752
0.772
0.788
0.768
0.784
0.78
0.768
0.768
0.788
0.788
0.764
0.78
0.796
0.804
0.812
0.776
0.772
0.772
0.768
0.732
0.704
0.7
0.692
0.672
0.692
0.692
0.728
0.748
0.78
0.768
0.76
0.752
0.744
0.72
0.728
0.736
0.744
0.756
0.736
0.716
0.74
0.772
0.792
0.784
0.768
0.768
0.76
0.748
0.724
0.736
0.74
0.736
0.716
0.74
0.748
0.764
0.736
0.728
0.74
0.744
0.748
0.72
0.704
0.72
0.744
0.748
0.728
0.732
0.756
0.764
0.744
0.732
0.744
0.756
0.772
0.764
0.76
0.74
0.74
0.736
0.744
0.732
0.724
0.728
0.728
0.732
0.704
0.712
0.704
0.712
0.688
0.692
0.704
0.712
0.712
0.696
0.688
0.672
0.664
0.68
0.688
0.692
0.724
0.724
0.704
0.7
0.724
0.728
0.74
0.736
0.736
0.756
0.788
0.776
0.752
0.784
0.788
0.792
0.744
0.716
0.752
0.776
0.792
0.804
0.796
0.796
0.808
0.824
0.808
0.772
0.776
0.78
0.756
0.744
0.76
0.78
0.788
0.772
0.784
0.784
0.78
0.752
0.748
0.76
0.776
0.744
0.756
0.768
0.776
0.76
0.768
0.776
0.776
0.756
0.728
0.72
0.76
0.784
0.792
0.768
0.772
0.804
0.84
0.856
0.828
0.808
0.82
0.82
0.816
0.776
0.776
0.788
0.788
0.776
0.748
0.764
0.788
0.808
0.816
0.788
0.808
0.812
0.84
0.824
0.784
0.804
0.8
0.804
0.8
0.792
0.76
0.736
0.756
0.748
0.768
0.76
0.756
0.784
0.804
0.828
0.776
0.776
0.772
0.772
0.772
0.736
0.744
0.7
0.688
0.676
0.692
0.696
0.712
0.756
0.772
0.76
0.784
0.796
0.804
0.792
0.756
0.764
0.764
0.784
0.768
0.772
0.792
0.788
0.772
0.784
0.792
0.772
0.792
0.796
0.812
0.808
0.772
0.776
0.776
0.8
0.796
0.772
0.792
0.792
0.78
0.772
0.788
0.796
0.78
0.752
0.776
0.788
0.8
0.784
0.764
0.772
0.772
0.784
0.756
0.748
0.744
0.764
0.764
0.744
0.764
0.78
0.78
0.76
0.764
0.768
0.772
0.748
0.756
0.756
0.764
0.748
0.74
0.76
0.768
0.784
0.764
0.72
0.7
0.716
0.716
0.712
0.752
0.768
0.78
0.752
0.752
0.76
0.768
0.748
0.732
0.732
0.748
0.744
0.732
0.724
0.744
0.756
0.772
0.764
0.74
0.756
0.76
0.756
0.744
0.732
0.752
0.772
0.784
0.76
0.764
0.772
0.768
0.76
0.736
0.752
0.772
0.768
0.768
0.752
0.756
0.76
0.772
0.764
0.764
0.764
0.776
0.772
0.744
0.768
0.792
0.78
0.764
0.752
0.772
0.784
0.796
0.768
0.796
0.808
0.792
0.764
0.752
0.76
0.768
0.748
0.724
0.748
0.764
0.788
0.768
0.776
0.772
0.772
0.74
0.728
0.732
0.744
0.736
0.712
0.748
0.772
0.78
0.776
0.76
0.76
0.76
0.748
0.724
0.752
0.756
0.768
0.744
0.756
0.768
0.764
0.752
0.764
0.78
0.784
0.748
0.748
0.76
0.768
0.772
0.748
0.748
0.752
0.748
0.732
0.732
0.756
0.764
0.768
0.74
0.744
0.752
0.752
0.724
0.724
0.724
0.728
0.728
0.716
0.724
0.744
0.74
0.72
0.72
0.72
0.696
0.676
0.7512063
0.8115199
0.668
0.668
0.668
0.68
0.688
0.716
0.712
0.692
0.7
0.724
0.716
0.708
0.716
0.736
0.736
0.716
0.724
0.748
0.78
0.808
0.8
0.812
0.82
0.812
0.816
0.82
0.82
0.808
0.78
0.772
0.78
0.808
0.82
0.812
0.784
0.8
0.8
0.784
0.744
0.704
0.7
0.712
0.704
0.724
0.756
0.78
0.756
0.764
0.768
0.78
0.744
0.74
0.756
0.764
0.756
0.784
0.796
0.82
0.792
0.812
0.824
0.816
0.788
0.796
0.812
0.82
0.788
0.796
0.808
0.796
0.82
0.82
0.808
0.792
0.796
0.8
0.776
0.78
0.804
0.824
0.8
0.812
0.832
0.844
0.804
0.808
0.816
0.832
0.808
0.776
0.804
0.824
0.836
0.832
0.8
0.808
0.816
0.82
0.78
0.796
0.816
0.82
0.792
0.8
0.8
0.812
0.812
0.764
0.784
0.8
0.812
0.8
0.788
0.824
0.824
0.836
0.792
0.772
0.784
0.804
0.776
0.768
0.784
0.804
0.78
0.78
0.792
0.816
0.8
0.776
0.736
0.732
0.756
0.78
0.788
0.768
0.764
0.764
0.772
0.752
0.748
0.752
0.752
0.74
0.748
0.756
0.748
0.712
0.692
0.688
0.708
0.72
0.72
0.756
0.768
0.764
0.752
0.752
0.752
0.752
0.76
0.776
0.804
0.824
0.812
0.824
0.84
0.812
0.768
0.756
0.752
0.732
0.748
0.76
0.776
0.772
0.808
0.82
0.824
0.78
0.796
0.804
0.8
0.764
0.784
0.796
0.796
0.756
0.776
0.788
0.788
0.8
0.76
0.772
0.78
0.792
0.764
0.776
0.792
0.808
0.78
0.792
0.804
0.824
0.808
0.78
0.796
0.796
0.792
0.792
0.816
0.836
0.82
0.772
0.8
0.804
0.816
0.792
0.784
0.784
0.796
0.768
0.784
0.788
0.788
0.776
0.792
0.808
0.808
0.784
0.808
0.812
0.808
0.768
0.768
0.776
0.776
0.752
0.772
0.784
0.804
0.78
0.784
0.8
0.78
0.756
0.772
0.784
0.808
0.788
0.788
0.804
0.804
0.792
0.784
0.796
0.8
0.804
0.772
0.768
0.768
0.788
0.768
0.784
0.788
0.808
0.788
0.768
0.772
0.772
0.768
0.736
0.728
0.76
0.748
0.728
0.716
0.692
0.704
0.72
0.712
0.744
0.784
0.784
0.764
0.776
0.784
0.792
0.792
0.756
0.752
0.768
0.784
0.772
0.76
0.772
0.804
0.824
0.82
0.8
0.8
0.816
0.808
0.8
0.776
0.78
0.784
0.796
0.796
0.772
0.792
0.812
0.8
0.78
0.792
0.792
0.8
0.772
0.78
0.796
0.82
0.8
0.784
0.8
0.812
0.824
0.78
0.788
0.772
0.756
0.76
0.74
0.756
0.78
0.788
0.768
0.776
0.772
0.76
0.716
0.712
0.696
0.676
0.68
0.692
0.708
0.748
0.76
0.772
0.744
0.756
0.764
0.756
0.736
0.752
0.756
0.764
0.748
0.776
0.796
0.8
0.776
0.78
0.792
0.804
0.776
0.764
0.756
0.76
0.756
0.74
0.756
0.784
0.78
0.792
0.824
0.84
0.824
0.796
0.8
0.804
0.78
0.772
0.78
0.812
0.8
0.776
0.792
0.796
0.776
0.776
0.796
0.8
0.772
0.784
0.776
0.776
0.752
0.764
0.788
0.82
0.792
0.8
0.812
0.816
0.784
0.756
0.752
0.768
0.776
0.796
0.768
0.744
0.776
0.796
0.82
0.792
0.792
0.792
0.796
0.764
0.776
0.78
0.76
0.756
0.78
0.796
0.832
0.8
0.768
0.788
0.82
0.8
0.768
0.788
0.808
0.828
0.8
0.78
0.788
0.784
0.792
0.768
0.776
0.772
0.772
0.732
0.748
0.792
0.8
0.78
0.78
0.8
0.82
0.804
0.776
0.784
0.804
0.792
0.804
0.828
0.824
0.8
0.816
0.82
0.808
0.776
0.788
0.796
0.804
0.784
0.788
0.8
0.808
0.772
0.8
0.812
0.8
0.768
0.788
0.804
0.768
0.776
0.78
0.792
0.78
0.76
0.776
0.78
0.792
0.76
0.768
0.76
0.764
0.752
0.78
0.78
0.784
0.764
0.784
0.796
0.776
0.772
0.768
0.788
0.756
0.764
0.772
0.796
0.772
0.78
0.784
0.8
0.784
0.756
0.772
0.776
0.768
0.748
0.788
0.784
0.776
0.74
0.756
0.76
0.78
0.752
0.772
0.78
0.78
0.74
0.724
0.696
0.676
0.672
0.68
0.692
0.716
0.748
0.708
0.728
0.744
0.744
0.728
0.74
0.752
0.756
0.748
0.732
0.716
0.708
0.68
0.696
0.696
0.712
0.744
0.768
0.776
0.752
0.764
0.772
0.752
0.752
0.764
0.78
0.8
0.776
0.74
0.76
0.78
0.804
0.8
0.792
0.812
0.816
0.78
0.792
0.8
0.796
0.76
0.764
0.772
0.772
0.772
0.8
0.808
0.788
0.784
0.8
0.792
0.776
0.792
0.792
0.756
0.76
0.776
0.784
0.768
0.78
0.796
0.78
0.76
0.772
0.784
0.76
0.764
0.764
0.756
0.756
0.768
0.776
0.752
0.76
0.764
0.744
0.744
0.744
0.764
0.76
0.744
0.752
0.768
0.752
0.76
0.756
0.764
0.748
0.756
0.752
0.744
0.744
0.74
0.74
0.736
0.756
0.764
0.756
0.78
0.78
0.792
0.768
0.808
0.816
0.8
0.772
0.768
0.772
0.78
0.776
0.776
0.796
0.804
0.78
0.768
0.768
0.784
0.764
0.784
0.78
0.776
0.748
0.764
0.788
0.776
0.792
0.796
0.8
0.784
0.78
0.808
0.768
0.756
0.776
0.784
0.768
0.76
0.784
0.8
0.796
0.748
0.756
0.76
0.784
0.748
0.716
0.728
0.72
0.708
0.684
0.684
0.704
0.728
0.768
0.744
0.752
0.76
0.752
0.728
0.744
0.744
0.756
0.732
0.748
0.76
0.764
0.744
0.76
0.78
0.788
0.772
0.8
0.788
0.768
0.756
0.776
0.776
0.756
0.74
0.756
0.764
0.76
0.744
0.752
0.752
0.756
0.74
0.744
0.756
0.764
0.748
0.752
0.764
0.78
0.76
0.78
0.8
0.804
0.776
0.764
0.76
0.776
0.776
0.756
0.768
0.784
0.8
0.784
0.776
0.792
0.808
0.804
0.784
0.792
0.796
0.796
0.776
0.752
0.764
0.764
0.76
0.74
0.756
0.784
0.808
0.792
0.792
0.796
0.8
0.76
0.748
0.756
0.756
0.744
0.748
0.764
0.764
0.748
0.756
0.772
0.768
0.744
0.764
0.768
0.772
0.744
0.756
0.76
0.772
0.744
0.744
0.752
0.748
0.736
0.748
0.764
0.78
0.776
0.784
0.776
0.772
0.752
0.752
0.764
0.772
0.756
0.764
0.772
0.78
0.776
0.756
0.768
0.788
0.796
0.772
0.768
0.784
0.796
0.784
0.8
0.808
0.792
0.768
0.76
0.752
0.772
0.756
0.76
0.776
0.8
0.796
0.772
0.784
0.784
0.8
0.808
0.776
0.796
0.792
0.792
0.768
0.752
0.76
0.764
0.752
0.764
0.776
0.756
0.776
0.8
0.816
0.792
0.748
0.748
0.756
0.764
0.748
0.732
0.736
0.736
0.708
0.7
0.692
0.676
0.688
0.692
0.712
0.76
0.76
0.74
0.744
0.76
0.724
0.728
0.728
0.728
0.732
0.748
0.772
0.776
0.76
0.748
0.756
0.776
0.772
0.78
0.816
0.832
0.832
0.792
0.788
0.796
0.788
0.764
0.748
0.776
0.808
0.82
0.832
0.808
0.792
0.816
0.812
0.808
0.78
0.788
0.8
0.808
0.812
0.764
0.744
0.748
0.8
0.828
0.82
0.808
0.764
0.74
0.776
0.836
0.864
0.844
0.82
0.808
0.808
0.804
0.772
0.78
0.8
0.82
0.824
0.8
0.764
0.76
0.756
0.768
0.756
0.768
0.792
0.812
0.784
0.768
0.784
0.796
0.768
0.768
0.784
0.788
0.76
0.768
0.78
0.784
0.768
0.78
0.788
0.796
0.776
0.776
0.78
0.772
0.76
0.768
0.776
0.768
0.764
0.772
0.78
0.764
0.776
0.776
0.772
0.744
0.748
0.756
0.752
0.752
0.776
0.804
0.78
0.8
0.792
0.792
0.78
0.784
0.788
0.772
0.792
0.788
0.78
0.788
0.8
0.792
0.764
0.772
0.776
0.76
0.76
0.78
0.788
0.776
0.776
0.776
0.78
0.764
0.752
0.76
0.772
0.78
0.768
0.8
0.804
0.772
0.768
0.764
0.776
0.732
0.724
0.744
0.764
0.764
0.76
0.78
0.788
0.792
0.764
0.76
0.76
0.776
0.752
0.764
0.76
0.764
0.744
0.756
0.764
0.764
0.756
0.788
0.788
0.768
0.772
0.78
0.764
0.748
0.772
0.78
0.784
0.76
0.776
0.776
0.768
0.752
0.756
0.764
0.76
0.732
0.744
0.764
0.78
0.756
0.768
0.796
0.812
0.78
0.784
0.796
0.808
0.796
0.78
0.788
0.784
0.736
0.712
0.692
0.688
0.692
0.708
0.756
0.772
0.788
0.752
0.756
0.756
0.76
0.744
0.756
0.772
0.792
0.78
0.796
0.816
0.812
0.772
0.796
0.804
0.804
0.78
0.796
0.812
0.808
0.792
0.808
0.812
0.8
0.78
0.748
0.744
0.764
0.788
0.784
0.776
0.796
0.816
0.8
0.792
0.792
0.796
0.76
0.776
0.788
0.8
0.78
0.764
0.772
0.792
0.764
0.768
0.788
0.804
0.772
0.764
0.784
0.8
0.792
0.772
0.776
0.776
0.764
0.756
0.764
0.788
0.772
0.756
0.78
0.772
0.784
0.756
0.76
0.78
0.8
0.764
0.78
0.788
0.78
0.756
0.744
0.748
0.764
0.764
0.76
0.764
0.792
0.8
0.772
0.788
0.792
0.776
0.74
0.756
0.76
0.764
0.748
0.76
0.788
0.776
0.78
0.808
0.816
0.792
0.804
0.796
0.768
0.78
0.78
0.78
0.76
0.764
0.768
0.776
0.76
0.796
0.828
0.816
0.788
0.804
0.796
0.784
0.76
0.78
0.788
0.812
0.792
0.8
0.804
0.804
0.768
0.78
0.792
0.8
0.772
0.78
0.804
0.824
0.812
0.796
0.808
0.812
0.776
0.78
0.76
0.724
0.712
0.692
0.704
0.768
0.756
0.78
0.804
0.812
0.78
0.78
0.8
0.808
0.812
0.776
0.76
0.796
0.816
0.848
0.812
0.804
0.808
0.812
0.812
0.784
0.8
0.82
0.82
0.804
0.816
0.832
0.836
0.8
0.776
0.792
0.836
0.844
0.836
0.804
0.78
0.788
0.808
0.812
0.788
0.792
0.812
0.828
0.82
0.844
0.864
0.824
0.78
0.792
0.804
0.804
0.796
0.824
0.828
0.828
0.78
0.784
0.776
0.752
0.732
0.764
0.792
0.788
0.784
0.804
0.816
0.788
0.796
0.788
0.76
0.764
0.764
0.764
0.752
0.764
0.776
0.776
0.772
0.764
0.764
0.732
0.728
0.748
0.772
0.768
0.752
0.772
0.784
0.768
0.744
0.736
0.708
0.676
0.7894334
0.688
0.7
0.712
0.704
0.728
0.768
0.772
0.748
0.744
0.736
0.72
0.708
0.724
0.732
0.736
0.724
0.712
0.728
0.772
0.804
0.796
0.748
0.752
0.74
0.748
0.728
0.72
0.708
0.728
0.728
0.7
0.716
0.736
0.76
0.76
0.728
0.744
0.756
0.764
0.736
0.736
0.74
0.748
0.74
0.74
0.752
0.752
0.756
0.764
0.76
0.752
0.724
0.748
0.74
0.764
0.748
0.74
0.756
0.728
0.716
0.732
0.72
0.7
0.684
0.68
0.672
0.7926283
0.692
0.692
0.716
0.744
0.78
0.732
0.744
0.748
0.752
0.712
0.704
0.712
0.72
0.748
0.704
0.7
0.708
0.74
0.736
0.712
0.7
0.716
0.752
0.768
0.736
0.7
0.692
0.672
0.7827345
0.7586759
0.8433191
0.688
0.696
0.728
0.724
0.736
0.756
0.772
0.752
0.736
0.752
0.772
0.776
0.756
0.788
0.788
0.768
0.768
0.776
0.788
0.748
0.764
0.772
0.78
0.744
0.748
0.74
0.716
0.692
0.7971895
0.696
0.72
0.732
0.784
0.792
0.808
0.756
0.724
0.72
0.764
0.812
0.824
0.824
0.784
0.792
0.796
0.8
0.788
0.784
0.752
0.716
0.76
0.804
0.844
0.848
0.86
0.864
0.856
0.848
0.816
0.836
0.844
0.856
0.8
0.824
0.816
0.812
0.776
0.788
0.8
0.808
0.796
0.796
0.824
0.832
0.808
0.8
0.804
0.808
0.8
0.8
0.796
0.78
0.744
0.752
0.772
0.78
0.74
0.744
0.736
0.704
0.732
0.736
0.772
0.792
0.832
0.808
0.808
0.8
0.796
0.756
0.784
0.788
0.816
0.804
0.836
0.7094926
0.884
0.856
0.8059239
0.88
0.816
0.832
0.8
0.824
0.812
0.82
0.796
0.828
0.828
0.788
0.812
0.824
0.812
0.796
0.812
0.836
0.812
0.8
0.82
0.824
0.792
0.792
0.8
0.816
0.812
0.792
0.816
0.82
0.836
0.788
0.776
0.8
0.804
0.796
0.812
0.82
0.796
0.82
0.816
0.816
0.768
0.776
0.796
0.8
0.796
0.848
0.7644584
0.7429842
0.864
0.88
0.868
0.856
0.816
0.824
0.812
0.816
0.788
0.82
0.844
0.848
0.796
0.836
0.844
0.824
0.78
0.8
0.812
0.804
0.784
0.804
0.792
0.768
0.788
0.796
0.776
0.804
0.824
0.808
0.78
0.776
0.776
0.776
0.752
0.76
0.78
0.788
0.772
0.796
0.832
0.82
0.808
0.812
0.78
0.768
0.748
0.736
0.716
0.692
0.684
0.7746607
0.692
0.72
0.744
0.74
0.804
0.816
0.848
0.796
0.788
0.776
0.776
0.748
0.756
0.776
0.792
0.772
0.808
0.86
0.84
0.792
0.792
0.796
0.82
0.784
0.792
0.804
0.836
0.804
0.804
0.788
0.784
0.756
0.76
0.764
0.8
0.812
0.772
0.8
0.812
0.824
0.796
0.816
0.824
0.808
0.796
0.792
0.8
0.792
0.812
0.844
0.848
0.824
0.844
0.844
0.792
0.792
0.816
0.836
0.828
0.804
0.824
0.856
0.86
0.82
0.812
0.82
0.816
0.772
0.756
0.764
0.788
0.772
0.776
0.808
0.832
0.804
0.784
0.78
0.776
0.74
0.712
0.724
0.748
0.76
0.732
0.764
0.8
0.812
0.78
0.772
0.768
0.748
0.752
0.772
0.792
0.768
0.78
0.808
0.804
0.772
0.756
0.748
0.76
0.748
0.736
0.756
0.764
0.756
0.756
0.768
0.784
0.764
0.784
0.776
0.76
0.728
0.74
0.744
0.716
0.696
0.696
0.7468979
0.712
0.74
0.716
0.732
0.776
0.776
0.748
0.74
0.764
0.772
0.788
0.756
0.764
0.784
0.808
0.78
0.756
0.764
0.772
0.78
0.748
0.768
0.776
0.772
0.744
0.76
0.764
0.748
0.764
0.772
0.772
0.744
0.768
0.776
0.784
0.748
0.752
0.784
0.788
0.8
0.78
0.796
0.804
0.82
0.788
0.84
0.876
0.872
0.832
0.86
0.876
0.84
0.824
0.864
0.758086
0.852
0.856
0.856
0.828
0.82
0.832
0.832
0.8
0.836
0.864
0.812
0.84
0.86
0.856
0.828
0.828
0.836
0.796
0.824
0.84
0.812
0.832
0.824
0.82
0.8
0.816
0.832
0.812
0.796
0.832
0.828
0.792
0.792
0.756
0.728
0.732
0.752
0.8
0.828
0.816
0.824
0.828
0.8
0.792
0.82
0.832
0.812
0.792
0.812
0.82
0.804
0.804
0.824
0.828
0.808
0.8
0.828
0.84
0.84
0.812
0.816
0.808
0.82
0.804
0.784
0.784
0.8
0.78
0.828
0.876
0.848
0.808
0.84
0.872
0.852
0.792
0.8
0.816
0.836
0.828
0.804
0.828
0.844
0.816
0.78
0.796
0.796
0.76
0.72
0.744
0.776
0.808
0.768
0.784
0.784
0.8
0.784
0.74
0.736
0.72
0.7
0.688
0.68
0.7626392
0.7242955
0.696
0.704
0.728
0.756
0.732
0.728
0.732
0.716
0.704
0.68
0.688
0.704
0.736
0.716
0.728
0.76
0.768
0.752
0.728
0.736
0.744
0.744
0.72
0.728
0.72
0.732
0.716
0.724
0.72
0.752
0.744
0.716
0.732
0.744
0.736
0.724
0.748
0.772
0.752
0.736
0.748
0.752
0.756
0.724
0.72
0.744
0.78
0.796
0.784
0.756
0.768
0.76
0.764
0.732
0.748
0.768
0.784
0.752
0.76
0.776
0.78
0.74
0.74
0.732
0.732
0.712
0.72
0.7
0.696
0.8156966
0.7909739
0.692
0.72
0.716
0.752
0.776
0.78
0.756
0.784
0.792
0.784
0.768
0.788
0.792
0.76
0.776
0.78
0.78
0.784
0.808
0.82
0.82
0.812
0.82
0.796
0.764
0.772
0.78
0.768
0.78
0.796
0.812
0.788
0.812
0.816
0.824
0.796
0.82
0.816
0.808
0.796
0.808
0.832
0.78
0.804
0.816
0.796
0.804
0.836
0.824
0.78
0.808
0.792
0.748
0.764
0.792
0.816
0.78
0.772
0.808
0.792
0.812
0.836
0.816
0.788
0.764
0.74
0.708
0.688
0.728
0.752
0.74
0.788
0.8
0.816
0.804
0.796
0.812
0.832
0.8
0.796
0.828
0.824
0.792
0.784
0.796
0.812
0.792
0.812
0.832
0.848
0.824
0.828
0.848
0.848
0.812
0.816
0.82
0.812
0.82
0.82
0.788
0.816
0.872
0.884
0.832
0.84
0.844
0.856
0.872
0.852
0.836
0.86
0.892
0.884
0.832
0.844
0.84
0.86
0.836
0.876
0.888
0.88
0.88
0.84
0.86
0.876
0.868
0.808
0.82
0.84
0.86
0.816
0.832
0.844
0.84
0.8
0.832
0.84
0.852
0.82
0.828
0.824
0.832
0.808
0.824
0.836
0.8
0.816
0.82
0.824
0.8
0.776
0.772
0.788
0.772
0.748
0.764
0.772
0.812
0.804
0.772
0.74
0.744
0.788
0.792
0.784
0.78
0.748
0.756
0.772
0.776
0.784
0.772
0.768
0.804
0.816
0.82
0.784
0.808
0.792
0.744
0.728
0.756
0.78
0.82
0.788
0.776
0.8
0.812
0.808
0.796
0.768
0.78
0.796
0.796
0.764
0.784
0.796
0.804
0.792
0.764
0.756
0.772
0.772
0.792
0.772
0.764
0.808
0.836
0.836
0.788
0.784
0.78
0.768
0.764
0.732
0.74
0.752
0.752
0.744
0.78
0.8
0.812
0.764
0.78
0.788
0.8
0.776
0.752
0.76
0.764
0.756
0.736
0.728
0.748
0.832
0.848
0.804
0.832
0.84
0.832
0.8
0.8
0.792
0.784
0.748
0.756
0.764
0.796
0.784
0.768
0.792
0.816
0.792
0.768
0.772
0.772
0.78
0.744
0.76
0.772
0.784
0.764
0.76
0.764
0.756
0.724
0.712
0.68
0.7390406
0.68
0.68
0.704
0.728
0.732
0.728
0.744
0.752
0.74
0.724
0.736
0.748
0.736
0.716
0.712
0.736
0.784
0.816
0.84
0.82
0.764
0.768
0.764
0.768
0.764
0.728
0.736
0.744
0.76
0.76
0.728
0.72
0.74
0.78
0.812
0.808
0.812
0.764
0.764
0.764
0.768
0.74
0.724
0.74
0.768
0.788
0.764
0.76
0.776
0.788
0.796
0.78
0.772
0.784
0.792
0.752
0.74
0.756
0.796
0.808
0.776
0.74
0.756
0.78
0.796
0.788
0.824
0.864
0.856
0.804
0.792
0.788
0.808
0.792
0.76
0.772
0.804
0.816
0.792
0.796
0.808
0.812
0.776
0.804
0.804
0.8
0.768
0.788
0.82
0.836
0.788
0.804
0.808
0.784
0.772
0.796
0.808
0.8
0.748
0.736
0.756
0.804
0.836
0.8
0.776
0.78
0.78
0.748
0.744
0.748
0.776
0.752
0.744
0.768
0.768
0.772
0.748
0.748
0.76
0.764
0.736
0.744
0.752
0.756
0.768
0.72
0.7
0.68
0.8232112
0.7933027
0.676
0.704
0.748
0.772
0.748
0.74
0.768
0.772
0.764
0.748
0.764
0.764
0.772
0.744
0.768
0.792
0.808
0.784
0.8
0.804
0.772
0.76
0.76
0.764
0.74
0.732
0.756
0.796
0.78
0.788
0.788
0.784
0.76
0.772
0.78
0.78
0.752
0.752
0.76
0.772
0.76
0.76
0.78
0.788
0.784
0.764
0.788
0.808
0.792
0.768
0.784
0.808
0.792
0.772
0.776
0.8
0.82
0.792
0.788
0.812
0.8
0.78
0.752
0.776
0.788
0.792
0.756
0.788
0.804
0.824
0.792
0.768
0.776
0.8
0.808
0.788
0.752
0.756
0.74
0.74
0.728
0.712
0.716
0.736
0.78
0.788
0.776
0.792
0.812
0.78
0.748
0.756
0.72
0.7
0.692
0.676
0.696
0.716
0.712
0.78
0.808
0.812
0.772
0.788
0.78
0.776
0.776
0.76
0.768
0.784
0.808
0.832
0.78
0.788
0.792
0.792
0.768
0.796
0.792
0.808
0.78
0.82
0.836
0.832
0.776
0.816
0.824
0.82
0.78
0.8
0.808
0.784
0.796
0.8
0.792
0.768
0.792
0.816
0.796
0.8
0.8
0.82
0.772
0.784
0.796
0.784
0.776
0.8
0.804
0.792
0.8
0.808
0.804
0.796
0.824
0.816
0.784
0.784
0.796
0.804
0.784
0.8
0.804
0.808
0.768
0.8
0.82
0.804
0.784
0.808
0.816
0.816
0.788
0.796
0.812
0.812
0.768
0.772
0.768
0.792
0.768
0.776
0.788
0.808
0.788
0.796
0.796
0.792
0.78
0.792
0.8
0.764
0.776
0.768
0.796
0.756
0.756
0.764
0.776
0.768
0.792
0.816
0.812
0.796
0.804
0.812
0.816
0.784
0.78
0.772
0.796
0.76
0.776
0.792
0.804
0.8
0.76
0.776
0.768
0.776
0.748
0.752
0.764
0.796
0.788
0.76
0.78
0.804
0.804
0.772
0.78
0.788
0.792
0.784
0.752
0.756
0.772
0.78
0.752
0.78
0.804
0.804
0.764
0.768
0.788
0.792
0.756
0.768
0.784
0.808
0.796
0.768
0.788
0.804
0.82
0.792
0.808
0.828
0.816
0.776
0.808
0.816
0.812
0.764
0.768
0.74
0.712
0.684
0.712
0.724
0.784
0.784
0.748
0.764
0.76
0.76
0.736
0.736
0.74
0.744
0.76
0.732
0.708
0.732
0.804
0.852
0.872
0.868
0.84
0.804
0.8
0.78
0.74
0.748
0.76
0.812
0.836
0.824
0.84
0.816
0.756
0.736
0.728
0.708
0.716
0.752
0.8
0.76
0.728
0.72
0.708
0.708
0.684
0.704
0.712
0.752
0.74
0.736
0.764
0.796
0.796
0.76
0.748
0.768
0.772
0.768
0.748
0.788
0.812
0.808
0.78
0.772
0.776
0.768
0.744
0.76
0.768
0.78
0.772
0.748
0.768
0.784
0.768
0.74
0.752
0.748
0.74
0.74
0.732
0.736
0.712
0.692
0.692
0.68
0.68
0.7646748
0.676
0.684
0.676
0.688
0.712
0.748
0.748
0.736
0.704
0.724
0.732
0.744
0.732
0.732
0.752
0.78
0.784
0.768
0.76
0.772
0.796
0.792
0.768
0.776
0.788
0.784
0.76
0.772
0.784
0.812
0.78
0.768
0.76
0.752
0.732
0.724
0.748
0.78
0.792
0.768
0.768
0.792
0.804
0.788
0.752
0.756
0.716
0.716
0.716
0.72
0.792
0.88
0.8084443
0.8078434
0.852
0.86
0.864
0.856
0.836
0.78
0.748
0.78
0.808
0.84
0.824
0.816
0.784
0.764
0.78
0.8
0.828
0.844
0.8
0.788
0.776
0.772
0.768
0.76
0.728
0.76
0.776
0.776
0.756
0.776
0.772
0.784
0.748
0.724
0.728
0.74
0.744
0.728
0.756
0.776
0.8
0.764
0.736
0.752
0.72
0.692
0.684
0.672
0.8062778
0.7
0.736
0.728
0.768
0.772
0.764
0.732
0.756
0.76
0.748
0.716
0.728
0.736
0.76
0.752
0.748
0.784
0.804
0.772
0.74
0.708
0.7
0.696
0.684
0.8015618
0.796696
0.716
0.796
0.812
0.808
0.78
0.756
0.768
0.772
0.764
0.736
0.744
0.756
0.788
0.764
0.76
0.78
0.784
0.76
0.744
0.756
0.74
0.712
0.712
0.704
0.688
0.704
0.716
0.716
0.744
0.776
0.76
0.756
0.772
0.776
0.756
0.744
0.756
0.768
0.776
0.756
0.776
0.792
0.784
0.768
0.764
0.78
0.8
0.816
0.808
0.828
0.844
0.844
0.804
0.824
0.812
0.808
0.832
0.84
0.848
0.848
0.82
0.84
0.848
0.848
0.824
0.8
0.812
0.82
0.84
0.804
0.816
0.828
0.848
0.824
0.812
0.84
0.84
0.852
0.82
0.82
0.848
0.864
0.868
0.84
0.808
0.828
0.836
0.824
0.796
0.82
0.828
0.828
0.792
0.792
0.816
0.844
0.832
0.788
0.816
0.824
0.804
0.796
0.804
0.808
0.78
0.8
0.82
0.84
0.804
0.768
0.78
0.792
0.78
0.756
0.784
0.808
0.808
0.764
0.776
0.78
0.78
0.748
0.748
0.776
0.788
0.764
0.76
0.772
0.772
0.72
0.72
0.696
0.676
0.7751932
0.68
0.704
0.744
0.72
0.748
0.78
0.796
0.768
0.768
0.772
0.772
0.74
0.772
0.78
0.768
0.76
0.796
0.808
0.772
0.776
0.796
0.78
0.744
0.764
0.784
0.744
0.732
0.756
0.788
0.82
0.752
0.776
0.78
0.768
0.74
0.724
0.724
0.736
0.768
0.752
0.736
0.756
0.776
0.784
0.744
0.748
0.756
0.764
0.768
0.74
0.768
0.768
0.764
0.748
0.764
0.784
0.792
0.784
0.764
0.784
0.78
0.784
0.752
0.76
0.74
0.752
0.76
0.776
0.768
0.752
0.772
0.764
0.764
0.736
0.76
0.78
0.772
0.748
0.756
0.776
0.776
0.788
0.756
0.752
0.756
0.76
0.752
0.732
0.74
0.752
0.756
0.752
0.724
0.744
0.768
0.8
0.748
0.74
0.756
0.752
0.74
0.728
0.724
0.756
0.788
0.78
0.744
0.76
0.784
0.788
0.764
0.736
0.744
0.78
0.764
0.748
0.732
0.708
0.692
0.688
0.704
0.7
0.704
0.732
0.76
0.744
0.732
0.772
0.8
0.816
0.792
0.836
0.848
0.82
0.792
0.8
0.812
0.776
0.76
0.792
0.82
0.844
0.804
0.788
0.808
0.816
0.812
0.796
0.82
0.844
0.836
0.812
0.82
0.836
0.848
0.804
0.824
0.836
0.836
0.824
0.78
0.804
0.832
0.848
0.812
0.832
0.844
0.84
0.792
0.808
0.824
0.84
0.812
0.808
0.816
0.828
0.784
0.768
0.8
0.804
0.78
0.744
0.752
0.792
0.8
0.772
0.736
0.708
0.684
0.696
0.716
0.716
0.756
0.8
0.816
0.78
0.8
0.808
0.8
0.764
0.788
0.8
0.796
0.776
0.808
0.828
0.804
0.804
0.824
0.82
0.832
0.864
0.864
0.824
0.836
0.824
0.82
0.8
0.784
0.792
0.808
0.804
0.764
0.788
0.852
0.884
0.876
0.824
0.832
0.82
0.812
0.78
0.788
0.792
0.776
0.76
0.756
0.784
0.824
0.832
0.804
0.792
0.772
0.74
0.736
0.756
0.8
0.788
0.804
0.832
0.832
0.8
0.82
0.82
0.816
0.796
0.8
0.832
0.848
0.836
0.772
0.76
0.772
0.748
0.728
0.708
0.716
0.764
0.784
0.756
0.804
0.808
0.828
0.796
0.8
0.804
0.828
0.812
0.816
0.828
0.812
0.808
0.832
0.852
0.864
0.84
0.792
0.784
0.772
0.772
0.76
0.744
0.76
0.788
0.808
0.772
0.792
0.812
0.808
0.792
0.76
0.776
0.78
0.788
0.752
0.74
0.752
0.768
0.776
0.744
0.72
0.736
0.752
0.764
0.756
0.72
0.716
0.7
0.684
0.668
0.7642532
0.68
0.704
0.772
0.788
0.812
0.808
0.788
0.784
0.784
0.768
0.784
0.804
0.808
0.816
0.788
0.796
0.804
0.824
0.832
0.816
0.84
0.848
0.836
0.804
0.796
0.804
0.804
0.788
0.808
0.832
0.836
0.788
0.776
0.776
0.772
0.756
0.752
0.776
0.82
0.828
0.8
0.824
0.836
0.804
0.792
0.812
0.816
0.772
0.8
0.828
0.812
0.82
0.844
0.844
0.792
0.816
0.816
0.82
0.784
0.792
0.82
0.844
0.828
0.772
0.776
0.772
0.776
0.78
0.764
0.804
0.836
0.856
0.816
0.796
0.792
0.796
0.776
0.752
0.768
0.788
0.78
0.756
0.764
0.744
0.724
0.692
0.7
0.7
0.744
0.776
0.8
0.78
0.784
0.796
0.776
0.756
0.76
0.784
0.788
0.768
0.784
0.804
0.784
0.772
0.784
0.816
0.812
0.768
0.752
0.768
0.816
0.852
0.848
0.8
0.804
0.792
0.8
0.768
0.776
0.8
0.816
0.788
0.788
0.792
0.788
0.752
0.768
0.78
0.78
0.756
0.764
0.764
0.776
0.76
0.752
0.756
0.78
0.772
0.752
0.764
0.78
0.768
0.744
0.74
0.784
0.808
0.82
0.792
0.792
0.8
0.816
0.796
0.756
0.736
0.752
0.784
0.808
0.808
0.82
0.848
0.864
0.824
0.816
0.82
0.828
0.816
0.796
0.824
0.828
0.824
0.78
0.788
0.784
0.788
0.76
0.768
0.728
0.704
0.696
0.724
0.756
0.788
0.76
0.748
0.764
0.772
0.776
0.748
0.728
0.744
0.76
0.78
0.76
0.772
0.78
0.8
0.796
0.76
0.772
0.784
0.796
0.78
0.764
0.784
0.808
0.808
0.784
0.784
0.796
0.8
0.776
0.756
0.764
0.784
0.796
0.756
0.772
0.796
0.804
0.776
0.744
0.748
0.756
0.768
0.748
0.724
0.724
0.704
0.7
0.696
0.68
0.696
0.72
0.716
0.728
0.748
0.772
0.76
0.752
0.728
0.752
0.776
0.816
0.804
0.784
0.78
0.756
0.744
0.752
0.776
0.804
0.796
0.824
0.848
0.836
0.828
0.804
0.788
0.752
0.76
0.788
0.816
0.84
0.784
0.796
0.812
0.808
0.812
0.788
0.756
0.764
0.772
0.784
0.776
0.78
0.836
0.852
0.864
0.804
0.772
0.784
0.796
0.808
0.784
0.776
0.82
0.86
0.756194
0.86
0.852
0.808
0.784
0.8
0.804
0.812
0.784
0.752
0.76
0.748
0.74
0.744
0.768
0.764
0.748
0.748
0.736
0.708
0.716
0.708
0.704
0.684
0.684
0.704
0.728
0.76
0.736
0.74
0.72
0.712
0.704
0.684
0.688
0.692
0.7
0.704
0.712
0.724
0.74
0.748
0.744
0.752
0.74
0.744
0.744
0.716
0.732
0.756
0.772
0.776
0.76
0.78
0.8
0.796
0.756
0.776
0.776
0.776
0.768
0.756
0.756
0.78
0.804
0.8
0.764
0.776
0.796
0.784
0.76
0.752
0.768
0.768
0.772
0.764
0.736
0.752
0.764
0.784
0.756
0.764
0.776
0.768
0.792
0.748
0.756
0.76
0.764
0.768
0.764
0.768
0.784
0.784
0.764
0.784
0.804
0.812
0.804
0.784
0.792
0.792
0.772
0.752
0.768
0.788
0.804
0.784
0.776
0.776
0.788
0.8
0.796
0.772
0.784
0.756
0.728
0.7
0.684
0.684
0.688
0.704
0.692
0.692
0.68
0.692
0.716
0.712
0.74
0.784
0.772
0.728
0.712
0.724
0.716
0.724
0.696
0.676
0.668
0.66
0.7431896
0.7607778
0.668
0.708
0.76
0.776
0.764
0.712
0.712
0.712
0.708
0.692
0.684
0.68
0.692
0.7
0.7
0.728
0.708
0.68
0.668
0.7226603
0.8467209
0.8120115
0.7278119
0.7538319
0.7515323
0.796567
0.676
0.7
0.724
0.708
0.7
0.712
0.72
0.728
0.724
0.712
0.736
0.748
0.78
0.752
0.732
0.756
0.784
0.792
0.796
0.78
0.764
0.76
0.78
0.78
0.764
0.772
0.784
0.788
0.792
0.788
0.788
0.784
0.76
0.756
0.748
0.748
0.728
0.744
0.752
0.748
0.736
0.756
0.792
0.816
0.768
0.764
0.78
0.776
0.768
0.756
0.776
0.78
0.772
0.752
0.776
0.78
0.792
0.772
0.76
0.772
0.776
0.78
0.752
0.764
0.772
0.776
0.744
0.748
0.756
0.772
0.78
0.792
0.78
0.756
0.748
0.732
0.724
0.716
0.72
0.712
0.696
0.688
0.68
0.676
0.688
0.684
0.716
0.756
0.776
0.748
0.772
0.784
0.78
0.756
0.768
0.784
0.796
0.784
0.796
0.8
0.808
0.752
0.72
0.716
0.752
0.796
0.824
0.8
0.836
0.844
0.84
0.808
0.816
0.808
0.792
0.764
0.788
0.796
0.804
0.772
0.768
0.78
0.804
0.78
0.792
0.8
0.816
0.788
0.796
0.796
0.78
0.76
0.764
0.784
0.804
0.776
0.776
0.78
0.792
0.76
0.764
0.78
0.804
0.776
0.76
0.772
0.776
0.772
0.74
0.756
0.768
0.768
0.74
0.764
0.764
0.756
0.756
0.728
0.712
0.704
0.72
0.724
0.708
0.732
0.756
0.788
0.78
0.752
0.752
0.772
0.768
0.74
0.76
0.776
0.792
0.76
0.768
0.784
0.796
0.768
0.752
0.78
0.756
0.74
0.728
0.752
0.792
0.796
0.772
0.796
0.816
0.816
0.796
0.788
0.792
0.812
0.824
0.784
0.772
0.764
0.744
0.72
0.688
0.684
0.696
0.744
0.788
0.772
0.748
0.756
0.78
0.8
0.796
0.752
0.772
0.784
0.788
0.764
0.764
0.776
0.788
0.784
0.756
0.768
0.804
0.824
0.848
0.836
0.828
0.852
0.856
0.82
0.796
0.796
0.808
0.82
0.768
0.792
0.804
0.84
0.808
0.816
0.816
0.812
0.808
0.804
0.764
0.728
0.788
0.824
0.828
0.824
0.776
0.776
0.768
0.748
0.772
0.776
0.78
0.784
0.788
0.796
0.792
0.744
0.756
0.768
0.796
0.788
0.8
0.8
0.78
0.784
0.796
0.812
0.776
0.78
0.784
0.78
0.788
0.788
0.752
0.756
0.796
0.788
0.804
0.828
0.808
0.772
0.776
0.764
0.76
0.768
0.772
0.756
0.756
0.772
0.78
0.764
0.748
0.756
0.744
0.756
0.728
0.748
0.744
0.764
0.752
0.708
0.696
0.692
0.676
0.668
0.68
0.72
0.74
0.776
0.796
0.812
0.812
0.78
0.788
0.804
0.796
0.772
0.788
0.82
0.868
0.856
0.848
0.856
0.84
0.8
0.812
0.832
0.816
0.768
0.784
0.816
0.844
0.816
0.792
0.804
0.792
0.76
0.752
0.772
0.808
0.792
0.8
0.836
0.86
0.82
0.776
0.788
0.796
0.808
0.804
0.784
0.82
0.864
0.864
0.8
0.812
0.792
0.788
0.764
0.792
0.824
0.852
0.796
0.768
0.784
0.796
0.78
0.776
0.788
0.808
0.82
0.808
0.772
0.768
0.768
0.788
0.804
0.76
0.78
0.764
0.724
0.708
0.692
0.672
0.68
0.692
0.7
0.76
0.768
0.792
0.784
0.78
0.796
0.792
0.78
0.772
0.776
0.788
0.8
0.8
0.82
0.824
0.832
0.792
0.792
0.788
0.796
0.772
0.804
0.808
0.812
0.776
0.796
0.804
0.792
0.788
0.808
0.808
0.788
0.78
0.784
0.796
0.784
0.792
0.812
0.784
0.776
0.78
0.788
0.776
0.768
0.78
0.792
0.772
0.756
0.772
0.792
0.772
0.784
0.792
0.784
0.784
0.804
0.816
0.788
0.784
0.784
0.776
0.768
0.784
0.804
0.788
0.788
0.792
0.8
0.78
0.796
0.796
0.776
0.772
0.796
0.792
0.784
0.784
0.788
0.78
0.78
0.78
0.784
0.768
0.78
0.792
0.788
0.784
0.756
0.752
0.768
0.78
0.796
0.772
0.76
0.776
0.776
0.776
0.76
0.792
0.82
0.828
0.784
0.78
0.812
0.804
0.784
0.792
0.808
0.828
0.804
0.812
0.816
0.8
0.776
0.788
0.796
0.8
0.76
0.764
0.76
0.764
0.76
0.744
0.776
0.796
0.804
0.792
0.78
0.772
0.768
0.756
0.78
0.796
0.772
0.788
0.784
0.76
0.764
0.756
0.756
0.748
0.732
0.744
0.744
0.736
0.756
0.756
0.756
0.752
0.752
0.756
0.752
0.772
0.78
0.764
0.716
0.712
0.7
0.72
0.768
0.736
0.784
0.832
0.808
0.812
0.804
0.8
0.768
0.748
0.764
0.784
0.792
0.82
0.852
0.816
0.8
0.804
0.82
0.816
0.792
0.812
0.832
0.836
0.808
0.82
0.816
0.824
0.784
0.744
0.728
0.748
0.792
0.84
0.88
0.868
0.868
0.828
0.764
0.748
0.744
0.724
0.732
0.744
0.756
0.744
0.756
0.764
0.748
0.736
0.74
0.744
0.72
0.712
0.708
0.692
0.708
0.724
0.716
0.74
0.764
0.78
0.764
0.744
0.756
0.76
0.756
0.736
0.748
0.776
0.812
0.812
0.788
0.804
0.812
0.812
0.78
0.772
0.792
0.8
0.78
0.796
0.816
0.804
0.768
0.764
0.776
0.772
0.772
0.748
0.756
0.78
0.788
0.792
0.776
0.796
0.824
0.856
0.852
0.848
0.864
0.872
0.856
0.832
0.848
0.856
0.824
0.792
0.796
0.8
0.812
0.812
0.764
0.784
0.816
0.816
0.828
0.824
0.816
0.792
0.788
0.784
0.78
0.74
0.74
0.744
0.744
0.748
0.756
0.788
0.824
0.824
0.792
0.788
0.792
0.78
0.756
0.728
0.716
0.732
0.764
0.8
0.78
0.78
0.824
0.852
0.868
0.82
0.828
0.82
0.832
0.796
0.824
0.856
0.86
0.848
0.848
0.864
0.86
0.844
0.812
0.816
0.824
0.82
0.8
0.816
0.824
0.812
0.784
0.808
0.824
0.82
0.78
0.784
0.784
0.792
0.772
0.8
0.812
0.828
0.804
0.816
0.82
0.8
0.78
0.792
0.792
0.776
0.796
0.832
0.82
0.808
0.84
0.852
0.824
0.796
0.812
0.82
0.8
0.776
0.784
0.824
0.844
0.848
0.848
0.804
0.788
0.792
0.812
0.832
0.82
0.788
0.808
0.816
0.836
0.768
0.744
0.74
0.72
0.724
0.764
0.752
0.8
0.844
0.856
0.804
0.82
0.812
0.804
0.788
0.772
0.756
0.78
0.8
0.828
0.824
0.788
0.816
0.832
0.828
0.808
0.824
0.836
0.836
0.8
0.816
0.832
0.828
0.792
0.816
0.832
0.796
0.804
0.836
0.832
0.804
0.82
0.828
0.824
0.784
0.812
0.812
0.784
0.78
0.812
0.824
0.784
0.804
0.808
0.804
0.78
0.788
0.808
0.792
0.808
0.832
0.824
0.788
0.808
0.832
0.824
0.8
0.824
0.816
0.812
0.796
0.804
0.808
0.808
0.788
0.804
0.82
0.808
0.804
0.82
0.836
0.832
0.792
0.784
0.796
0.812
0.8
0.852
0.872
0.876
0.832
0.848
0.856
0.84
0.796
0.756
0.748
0.792
0.856
0.872
0.848
0.888
0.888
0.84
0.848
0.848
0.844
0.804
0.804
0.82
0.848
0.824
0.836
0.844
0.836
0.772
0.76
0.728
0.712
0.7
0.732
0.804
0.792
0.788
0.808
0.82
0.772
0.78
0.764
0.748
0.756
0.78
0.812
0.788
0.804
0.82
0.792
0.78
0.788
0.796
0.776
0.796
0.808
0.776
0.792
0.824
0.84
0.792
0.788
0.788
0.792
0.796
0.768
0.788
0.808
0.8
0.784
0.808
0.82
0.82
0.792
0.804
0.812
0.776
0.784
0.792
0.808
0.776
0.768
0.792
0.804
0.78
0.776
0.796
0.816
0.788
0.804
0.804
0.808
0.776
0.804
0.804
0.8
0.78
0.808
0.828
0.816
0.836
0.852
0.844
0.816
0.852
0.88
0.848
0.888
0.904
0.872
0.828
0.848
0.868
0.852
0.836
0.86
0.872
0.844
0.856
0.864
0.852
0.868
0.872
0.848
0.864
0.876
0.836
0.824
0.836
0.836
0.78
0.812
0.836
0.856
0.848
0.884
0.86
0.808
0.816
0.78
0.776
0.788
0.816
0.828
0.828
0.84
0.836
0.812
0.824
0.848
0.844
0.804
0.804
0.8
0.78
0.752
0.74
0.74
0.724
0.8035585
0.8157142
0.8055262
0.8050021
0.8559809
0.712
0.768
0.724
0.776
0.796
0.812
0.792
0.784
0.776
0.756
0.764
0.772
0.792
0.76
0.772
0.82
0.84
0.808
0.808
0.808
0.812
0.784
0.8
0.812
0.796
0.808
0.848
0.856
0.84
0.848
0.856
0.8
0.804
0.812
0.824
0.824
0.848
0.852
0.82
0.832
0.852
0.864
0.832
0.848
0.84
0.796
0.788
0.808
0.82
0.808
0.784
0.772
0.796
0.768
0.736
0.744
0.768
0.776
0.824
0.856
0.844
0.82
0.824
0.824
0.82
0.788
0.808
0.796
0.788
0.796
0.812
0.792
0.768
0.776
0.784
0.788
0.788
0.768
0.792
0.824
0.832
0.808
0.816
0.824
0.824
0.784
0.756
0.744
0.72
0.704
0.796701
0.724
0.784
0.828
0.836
0.84
0.852
0.868
0.84
0.812
0.852
0.872
0.832
0.832
0.832
0.836
0.788
0.764
0.752
0.78
0.844
0.876
0.86
0.808
0.84
0.884
0.9
0.852
0.84
0.836
0.828
0.776
0.78
0.788
0.8
0.788
0.808
0.84
0.844
0.8
0.82
0.824
0.812
0.768
0.744
0.74
0.772
0.828
0.86
0.84
0.844
0.864
0.848
0.804
0.804
0.816
0.812
0.776
0.804
0.828
0.884
0.884
0.884
0.892
0.896
0.872
0.832
0.828
0.84
0.864
0.824
0.84
0.856
0.868
0.828
0.808
0.808
0.808
0.78
0.764
0.788
0.832
0.844
0.8
0.82
0.844
0.852
0.804
0.8
0.812
0.828
0.804
0.8
0.836
0.852
0.84
0.796
0.824
0.844
0.836
0.792
0.82
0.84
0.84
0.808
0.836
0.844
0.824
0.8
0.804
0.812
0.788
0.736
0.724
0.708
0.712
0.728
0.792
0.76
0.836
0.864
0.832
0.816
0.82
0.832
0.788
0.792
0.812
0.788
0.768
0.78
0.8
0.792
0.776
0.8
0.812
0.836
0.812
0.776
0.784
0.788
0.796
0.768
0.752
0.764
0.796
0.82
0.78
0.78
0.784
0.792
0.78
0.764
0.776
0.792
0.784
0.768
0.788
0.796
0.788
0.772
0.764
0.764
0.788
0.78
0.768
0.796
0.812
0.812
0.784
0.792
0.812
0.816
0.784
0.788
0.788
0.792
0.768
0.776
0.788
0.824
0.784
0.792
0.796
0.808
0.768
0.784
0.788
0.808
0.772
0.776
0.78
0.8
0.768
0.76
0.788
0.82
0.82
0.788
0.784
0.768
0.752
0.74
0.744
0.768
0.76
0.772
0.792
0.792
0.776
0.808
0.82
0.804
0.82
0.812
0.784
0.792
0.808
0.82
0.808
0.836
0.836
0.82
0.828
0.844
0.796
0.796
0.8
0.804
0.792
0.828
0.844
0.864
0.816
0.844
0.856
0.828
0.824
0.844
0.832
0.812
0.836
0.852
0.836
0.84
0.864
0.848
0.796
0.824
0.82
0.824
0.796
0.804
0.84
0.84
0.84
0.872
0.856
0.808
0.808
0.804
0.8
0.784
0.792
0.82
0.828
0.812
0.812
0.828
0.828
0.808
0.84
0.86
0.852
0.816
0.82
0.804
0.796
0.808
0.812
0.792
0.812
0.844
0.844
0.82
0.824
0.808
0.776
0.772
0.788
0.792
0.772
0.788
0.808
0.8
0.772
0.764
0.764
0.736
0.732
0.76
0.788
0.78
0.76
0.772
0.796
0.8
0.8
0.764
0.788
0.788
0.776
0.752
0.764
0.784
0.792
0.768
0.748
0.772
0.78
0.764
0.76
0.772
0.776
0.764
0.76
0.792
0.8
0.8
0.788
0.804
0.8
0.772
0.796
0.804
0.812
0.784
0.808
0.82
0.788
0.804
0.824
0.832
0.792
0.8
0.8
0.792
0.764
0.74
0.712
0.692
0.7
0.716
0.764
0.812
0.816
0.772
0.788
0.772
0.756
0.748
0.764
0.776
0.764
0.748
0.752
0.788
0.808
0.808
0.8
0.804
0.812
0.78
0.808
0.828
0.804
0.776
0.788
0.788
0.76
0.768
0.776
0.788
0.776
0.792
0.8
0.804
0.772
0.78
0.784
0.796
0.784
0.756
0.764
0.772
0.788
0.76
0.76
0.764
0.78
0.764
0.748
0.764
0.78
0.784
0.768
0.784
0.788
0.744
0.736
0.748
0.764
0.78
0.764
0.784
0.792
0.768
0.764
0.78
0.8
0.788
0.8
0.824
0.812
0.792
0.796
0.788
0.784
0.788
0.784
0.776
0.756
0.788
0.804
0.784
0.788
0.8
0.792
0.78
0.78
0.78
0.772
0.764
0.784
0.776
0.776
0.792
0.796
0.784
0.792
0.784
0.772
0.744
0.716
0.752
0.78
0.808
0.804
0.764
0.764
0.768
0.792
0.78
0.756
0.744
0.752
0.78
0.772
0.744
0.768
0.764
0.724
0.704
0.692
0.708
0.824
0.84
0.824
0.796
0.732
0.712
0.7
0.672
0.688
0.708
0.728
0.74
0.764
0.772
0.76
0.74
0.744
0.74
0.748
0.736
0.74
0.744
0.748
0.748
0.768
0.776
0.788
0.772
0.78
0.78
0.772
0.748
0.752
0.772
0.784
0.76
0.756
0.772
0.788
0.784
0.776
0.768
0.76
0.764
0.744
0.764
0.784
0.788
0.764
0.788
0.788
0.78
0.764
0.772
0.76
0.744
0.756
0.752
0.752
0.736
0.744
0.744
0.744
0.74
0.764
0.764
0.768
0.756
0.764
0.772
0.748
0.74
0.748
0.76
0.768
0.744
0.748
0.744
0.72
0.724
0.728
0.74
0.732
0.748
0.744
0.72
0.716
0.692
0.68
0.656
0.66
0.676
0.684
0.696
0.72
0.744
0.752
0.72
0.74
0.728
0.724
0.704
0.716
0.728
0.74
0.728
0.74
0.76
0.732
0.74
0.764
0.768
0.744
0.744
0.76
0.764
0.748
0.748
0.76
0.772
0.752
0.76
0.776
0.76
0.74
0.756
0.78
0.772
0.752
0.764
0.776
0.764
0.76
0.756
0.76
0.74
0.756
0.76
0.736
0.732
0.768
0.784
0.776
0.752
0.76
0.756
0.74
0.724
0.724
0.728
0.732
0.728
0.716
0.736
0.752
0.748
0.736
0.764
0.76
0.728
0.74
0.732
0.708
0.688
0.696
0.704
0.728
0.724
0.728
0.728
0.716
0.696
0.688
0.668
0.684
0.68
0.7
0.72
0.704
0.692
0.72
0.72
0.7
0.712
0.728
0.72
0.7
0.7
0.704
0.68
0.676
0.668
0.664
0.7
0.716
0.712
0.704
0.716
0.708
0.68
0.668
0.652
0.64
0.8001975
0.6894147
0.7664169
0.64
0.656
0.676
0.692
0.676
0.684
0.696
0.704
0.704
0.692
0.68
0.676
0.664
0.676
0.724
0.764
0.784
0.744
0.74
0.764
0.756
0.764
0.74
0.736
0.748
0.756
0.76
0.756
0.724
0.732
0.744
0.752
0.76
0.736
0.732
0.74
0.752
0.744
0.732
0.704
0.692
0.696
0.712
0.72
0.724
0.7
0.68
0.664
0.66
0.672
0.688
0.692
0.68
0.684
0.672
0.66
0.66
0.648
0.644
0.636
0.7463284
0.7496033
0.644
0.676
0.68
0.704
0.732
0.736
0.732
0.74
0.772
0.76
0.728
0.744
0.76
0.74
0.732
0.752
0.78
0.784
0.768
0.768
0.78
0.78
0.748
0.736
0.74
0.752
0.76
0.736
0.76
0.78
0.8
0.792
0.776
0.8
0.808
0.78
0.752
0.764
0.764
0.776
0.756
0.732
0.752
0.78
0.784
0.776
0.756
0.772
0.776
0.748
0.732
0.732
0.764
0.784
0.744
0.72
0.712
0.7
0.688
0.7
0.7
0.712
0.736
0.74
0.756
0.728
0.744
0.748
0.736
0.724
0.748
0.772
0.784
0.764
0.752
0.76
0.748
0.736
0.716
0.696
0.7
0.724
0.78
0.82
0.78
0.796
0.812
0.796
0.776
0.764
0.764
0.776
0.76
0.74
0.74
0.744
0.764
0.76
0.772
0.792
0.784
0.748
0.764
0.764
0.744
0.744
0.752
0.756
0.768
0.748
0.764
0.78
0.768
0.752
0.772
0.768
0.764
0.748
0.756
0.74
0.748
0.724
0.736
0.772
0.764
0.756
0.732
0.732
0.744
0.74
0.728
0.712
0.724
0.732
0.752
0.748
0.76
0.76
0.764
0.744
0.76
0.772
0.772
0.74
0.736
0.736
0.736
0.724
0.74
0.748
0.76
0.748
0.76
0.772
0.764
0.756
0.764
0.756
0.744
0.752
0.764
0.764
0.736
0.748
0.768
0.756
0.736
0.756
0.788
0.792
0.768
0.764
0.768
0.776
0.756
0.764
0.78
0.756
0.74
0.74
0.752
0.716
0.696
0.684
0.672
0.66
0.668
0.688
0.688
0.692
0.744
0.748
0.724
0.744
0.752
0.76
0.748
0.74
0.704
0.708
0.716
0.748
0.76
0.748
0.756
0.772
0.776
0.772
0.756
0.752
0.752
0.76
0.748
0.744
0.756
0.772
0.772
0.756
0.744
0.756
0.736
0.724
0.732
0.724
0.716
0.696
0.684
0.684
0.696
0.72
0.768
0.776
0.744
0.752
0.752
0.76
0.736
0.72
0.732
0.728
0.7
0.68
0.68
0.676
0.664
0.66
0.672
0.688
0.68
0.664
0.656
0.664
0.68
0.704
0.716
0.732
0.74
0.732
0.744
0.728
0.732
0.712
0.712
0.716
0.716
0.732
0.724
0.732
0.736
0.756
0.74
0.72
0.72
0.72
0.74
0.72
0.704
0.688
0.684
0.704
0.74
0.788
0.792
0.776
0.796
0.8
0.776
0.752
0.708
0.692
0.676
0.664
0.652
0.648
0.7584281
0.7266291
0.668
0.7
0.748
0.736
0.724
0.74
0.74
0.74
0.732
0.704
0.688
0.684
0.704
0.756
0.78
0.756
0.708
0.684
0.672
0.708
0.78
0.776
0.772
0.74
0.776
0.772
0.752
0.752
0.732
0.712
0.72
0.704
0.708
0.712
0.728
0.704
0.688
0.684
0.676
0.672
0.692
0.696
0.696
0.732
0.772
0.78
0.78
0.744
0.744
0.748
0.756
0.748
0.76
0.776
0.772
0.748
0.752
0.744
0.712
0.688
0.676
0.668
0.668
0.696
0.748
0.748
0.708
0.74
0.768
0.764
0.744
0.752
0.772
0.784
0.792
0.776
0.744
0.74
0.748
0.764
0.752
0.744
0.752
0.756
0.752
0.756
0.716
0.708
0.72
0.716
0.708
0.696
0.692
0.684
0.664
0.668
0.66
0.664
0.668
0.684
0.684
0.668
0.676
0.7
0.724
0.728
0.724
0.72
0.728
0.744
0.752
0.728
0.708
0.72
0.728
0.732
0.724
0.752
0.756
0.76
0.768
0.748
0.764
0.772
0.752
0.744
0.768
0.764
0.764
0.744
0.756
0.764
0.76
0.732
0.752
0.768
0.76
0.728
0.736
0.772
0.78
0.764
0.752
0.768
0.76
0.756
0.728
0.736
0.752
0.768
0.732
0.74
0.732
0.74
0.752
0.72
0.7
0.716
0.708
0.704
0.692
0.68
0.676
0.672
0.704
0.732
0.72
0.692
0.676
0.676
0.668
0.66
0.652
0.652
0.648
0.66
0.68
0.704
0.704
0.692
0.672
0.672
0.676
0.688
0.704
0.72
0.76
0.828
0.848
0.828
0.8
0.752
0.716
0.684
0.676
0.684
0.696
0.708
0.712
0.704
0.688
0.692
0.728
0.744
0.776
0.784
0.792
0.776
0.732
0.732
0.744
0.772
0.796
0.796
0.768
0.784
0.788
0.804
0.812
0.796
0.816
0.796
0.812
0.788
0.78
0.78
0.8
0.804
0.812
0.824
0.852
0.82
0.82
0.828
0.84
0.8
0.812
0.816
0.844
0.8
0.82
0.812
0.796
0.756
0.764
0.784
0.812
0.796
0.84
0.7464507
0.824
0.788
0.808
0.808
0.812
0.812
0.824
0.84
0.8
0.808
0.836
0.722663
0.856
0.82
0.832
0.824
0.832
0.8
0.776
0.788
0.784
0.792
0.776
0.788
0.772
0.772
0.764
0.74
0.736
0.776
0.84
0.7223385
0.832
0.836
0.84
0.808
0.784
0.788
0.796
0.796
0.772
0.776
0.776
0.76
0.728
0.744
0.752
0.776
0.784
0.768
0.788
0.788
0.796
0.776
0.784
0.788
0.792
0.784
0.788
0.808
0.82
0.804
0.816
0.808
0.804
0.784
0.764
0.78
0.788
0.796
0.8
0.78
0.792
0.8
0.812
0.78
0.784
0.788
0.804
0.8
0.776
0.792
0.8
0.808
0.772
0.772
0.8
0.816
0.776
0.78
0.784
0.788
0.764
0.8
0.8
0.776
0.788
0.8
0.8
0.776
0.796
0.784
0.776
0.776
0.776
0.772
0.756
0.76
0.776
0.78
0.756
0.764
0.776
0.768
0.748
0.772
0.792
0.792
0.78
0.796
0.8
0.764
0.736
0.724
0.74
0.788
0.844
0.82
0.82
0.832
0.832
0.796
0.808
0.808
0.792
0.788
0.812
0.852
0.86
0.848
0.872
0.864
0.824
0.808
0.808
0.812
0.792
0.816
0.84
0.832
0.832
0.836
0.828
0.8
0.804
0.816
0.804
0.808
0.832
0.836
0.804
0.804
0.816
0.796
0.776
0.788
0.808
0.832
0.804
0.816
0.824
0.812
0.844
0.7798805
0.836
0.86
0.7852589
0.868
0.848
0.852
0.82
0.78
0.752
0.728
0.744
0.8
0.7715267
0.8029838
0.8437808
0.804
0.784
0.744
0.712
0.696
0.668
0.672
0.7
0.728
0.756
0.792
0.84
0.844
0.832
0.784
0.728
0.696
0.704
0.752
0.852
0.7533059
0.6876976
0.844
0.788
0.804
0.804
0.804
0.804
0.768
0.748
0.768
0.776
0.78
0.792
0.784
0.76
0.792
0.792
0.76
0.768
0.784
0.804
0.808
0.764
0.772
0.788
0.812
0.792
0.768
0.796
0.792
0.8
0.788
0.752
0.756
0.768
0.804
0.792
0.792
0.796
0.788
0.76
0.78
0.776
0.788
0.76
0.78
0.792
0.796
0.764
0.788
0.776
0.796
0.76
0.784
0.792
0.78
0.76
0.7
0.676
0.688
0.684
0.68
0.724
0.764
0.716
0.752
0.824
0.82
0.808
0.844
0.828
0.784
0.736
0.708
0.7
0.728
0.756
0.796
0.864
0.8132854
0.88
0.84
0.784
0.796
0.78
0.78
0.784
0.768
0.772
0.776
0.796
0.788
0.764
0.78
0.772
0.744
0.772
0.772
0.768
0.748
0.76
0.76
0.78
0.792
0.788
0.792
0.76
0.752
0.752
0.768
0.772
0.736
0.732
0.76
0.78
0.816
0.78
0.796
0.812
0.82
0.788
0.792
0.772
0.756
0.772
0.76
0.76
0.744
0.76
0.772
0.76
0.756
0.78
0.788
0.756
0.744
0.732
0.72
0.696
0.696
0.68
0.7553172
0.676
0.688
0.708
0.752
0.784
0.78
0.748
0.76
0.756
0.74
0.736
0.74
0.744
0.744
0.748
0.764
0.78
0.776
0.768
0.78
0.78
0.768
0.756
0.756
0.768
0.776
0.74
0.712
0.732
0.792
0.844
0.864
0.816
0.8
0.828
0.86
0.808
0.764
0.776
0.776
0.8
0.772
0.78
0.804
0.836
0.796
0.776
0.776
0.764
0.764
0.744
0.76
0.756
0.764
0.74
0.716
0.72
0.708
0.688
0.757801
0.819702
0.772371
0.7385632
0.789207
0.7776394
0.7828622
0.7965678
0.696
0.756
0.78
0.776
0.784
0.768
0.78
0.752
0.712
0.684
0.684
0.7691377
0.8057862
0.684
0.7
0.704
0.772
0.768
0.784
0.792
0.756
0.732
0.736
0.736
0.728
0.704
0.748
0.816
0.852
0.828
0.84
0.816
0.824
0.784
0.776
0.784
0.8
0.796
0.78
0.76
0.76
0.784
0.816
0.832
0.832
0.804
0.792
0.824
0.812
0.82
0.816
0.788
0.792
0.78
0.788
0.784
0.768
0.74
0.732
0.748
0.836
0.7735166
0.7934404
0.888
0.876
0.836
0.816
0.8
0.78
0.772
0.752
0.744
0.772
0.78
0.804
0.812
0.76
0.728
0.708
0.72
0.784
0.868
0.856
0.792
0.78
0.776
0.772
0.744
0.752
0.74
0.744
0.748
0.732
0.732
0.74
0.752
0.752
0.732
0.724
0.7
0.708
0.744
0.824
0.848
0.856
0.816
0.776
0.76
0.76
0.756
0.764
0.78
0.776
0.768
0.756
0.732
0.728
0.756
0.772
0.744
0.764
0.768
0.76
0.728
0.712
0.752
0.804
0.808
0.828
0.824
0.78
0.796
0.792
0.788
0.78
0.768
0.732
0.716
0.688
0.672
0.8184556
0.676
0.696
0.744
0.74
0.768
0.78
0.8
0.744
0.736
0.744
0.748
0.744
0.728
0.732
0.752
0.78
0.756
0.756
0.764
0.784
0.792
0.752
0.728
0.74
0.728
0.72
0.7
0.728
0.8
0.808
0.84
0.828
0.772
0.736
0.744
0.744
0.716
0.696
0.676
0.676
0.7
0.704
0.688
0.684
0.692
0.696
0.692
0.692
0.684
0.7921129
0.7645641
0.817779
0.8121128
0.795978
0.688
0.736
0.764
0.776
0.776
0.772
0.76
0.748
0.748
0.724
0.728
0.78
0.812
0.848
0.848
0.776
0.728
0.724
0.776
0.828
0.7835378
0.7521699
0.8239379
0.868
0.832
0.772
0.732
0.724
0.74
0.788
0.868
0.848
0.832
0.808
0.764
0.728
0.704
0.688
0.68
0.696
0.7
0.728
0.756
0.772
0.78
0.772
0.776
0.756
0.772
0.752
0.744
0.724
0.712
0.708
0.744
0.816
0.86
0.852
0.844
0.828
0.804
0.78
0.764
0.776
0.788
0.796
0.808
0.808
0.772
0.776
0.772
0.808
0.844
0.836
0.796
0.752
0.744
0.776
0.832
0.848
0.852
0.748816
0.876
0.872
0.836
0.788
0.788
0.796
0.816
0.832
0.844
0.868
0.864
0.864
0.848
0.832
0.808
0.812
0.796
0.792
0.796
0.824
0.816
0.78
0.748
0.756
0.796
0.828
0.82
0.836
0.78
0.776
0.788
0.8
0.772
0.768
0.732
0.724
0.74
0.784
0.788
0.756
0.748
0.784
0.788
0.78
0.752
0.728
0.748
0.76
0.772
0.74
0.736
0.748
0.792
0.78
0.768
0.756
0.776
0.784
0.788
0.776
0.76
0.78
0.796
0.796
0.792
0.768
0.768
0.768
0.764
0.756
0.74
0.764
0.784
0.78
0.756
0.748
0.76
0.768
0.756
0.736
0.752
0.764
0.768
0.744
0.74
0.752
0.752
0.732
0.728
0.744
0.752
0.756
0.748
0.776
0.772
0.78
0.752
0.764
0.764
0.756
0.748
0.756
0.764
0.756
0.756
0.78
0.788
0.772
0.756
0.768
0.788
0.78
0.764
0.784
0.776
0.736
0.72
0.708
0.7
0.684
0.716
0.748
0.776
0.756
0.792
0.82
0.792
0.776
0.788
0.784
0.752
0.752
0.768
0.792
0.768
0.772
0.78
0.78
0.756
0.78
0.796
0.82
0.788
0.808
0.812
0.784
0.804
0.824
0.816
0.812
0.836
0.852
0.812
0.82
0.828
0.812
0.78
0.8
0.82
0.796
0.812
0.82
0.816
0.796
0.808
0.804
0.784
0.792
0.796
0.772
0.764
0.792
0.8
0.788
0.768
0.788
0.812
0.788
0.772
0.796
0.8
0.776
0.772
0.772
0.784
0.764
0.756
0.776
0.796
0.788
0.764
0.768
0.772
0.776
0.78
0.772
0.792
0.796
0.804
0.804
0.768
0.764
0.764
0.764
0.756
0.74
0.748
0.772
0.788
0.76
0.732
0.736
0.772
0.792
0.78
0.744
0.712
0.696
0.676
0.696
0.716
0.704
0.716
0.72
0.74
0.792
0.82
0.8
0.776
0.76
0.72
0.7
0.688
0.712
0.776
0.824
0.8131566
0.7893322
0.7252828
0.8
0.752
0.748
0.744
0.752
0.732
0.748
0.764
0.776
0.756
0.728
0.744
0.736
0.752
0.76
0.76
0.76
0.772
0.776
0.76
0.74
0.748
0.756
0.768
0.78
0.76
0.784
0.792
0.808
0.784
0.78
0.78
0.776
0.756
0.768
0.772
0.792
0.796
0.82
0.824
0.816
0.816
0.788
0.784
0.788
0.796
0.772
0.796
0.804
0.82
0.788
0.784
0.788
0.772
0.736
0.72
0.74
0.792
0.6874155
0.6986936
0.7334981
0.784
0.792
0.796
0.796
0.772
0.768
0.78
0.804
0.788
0.736
0.716
0.712
0.692
0.684
0.672
0.696
0.732
0.736
0.764
0.772
0.752
0.74
0.756
0.748
0.74
0.716
0.724
0.732
0.756
0.768
0.744
0.72
0.712
0.744
0.78
0.8
0.8
0.808
0.816
0.709668
0.76
0.792
0.776
0.732
0.7
0.688
0.688
0.74
0.812
0.796
0.74
0.708
0.7
0.684
0.672
0.676
0.696
0.692
0.724
0.732
0.74
0.752
0.756
0.744
0.732
0.74
0.76
0.768
0.76
0.74
0.724
0.732
0.788
0.7002331
0.6782312
0.7107975
0.6838892
0.776
0.732
0.7
0.688
0.696
0.724
0.76
0.804
0.804
0.78
0.768
0.784
0.768
0.78
0.8
0.812
0.792
0.748
0.764
0.784
0.776
0.78
0.764
0.752
0.76
0.804
0.792
0.756
0.752
0.72
0.704
0.692
0.688
0.688
0.728
0.804
0.808
0.8
0.8
0.792
0.78
0.784
0.78
0.784
0.772
0.776
0.78
0.784
0.78
0.768
0.756
0.772
0.768
0.78
0.748
0.744
0.7
0.688
0.664
0.672
0.7
0.752
0.716
0.724
0.744
0.764
0.74
0.728
0.716
0.704
0.696
0.688
0.68
0.688
0.7
0.676
0.684
0.696
0.712
0.708
0.704
0.708
0.716
0.728
0.736
0.712
0.692
0.664
0.664
0.672
0.708
0.708
0.676
0.656
0.656
0.66
0.664
0.672
0.7
0.708
0.648
0.656
0.652
0.652
0.64
0.648
0.66
0.68
0.712
0.72
0.72
0.704
0.676
0.676
0.728
0.704
0.656
0.636
0.624
0.628
0.604
0.588
0.584
0.6283558
0.6746956
0.7214517
0.6672984
0.7098688
0.6292932
0.6855556
0.7061532
0.6980985
0.6908672
0.6637366
0.6560183
0.6495496
0.6906257
0.6519844
0.6683233
0.6766276
0.7523183
0.6620002
0.6938899
0.6880412
0.6503192
0.6823273
0.7369239
0.7008939
0.6859158
0.6690076
0.6099448
0.7248236
0.6310408
0.7103772
0.7524568
0.6311869
0.7085425
0.673571
0.6261034
0.6280311
0.6247457
0.6632727
0.6295027
0.7070092
0.7578771
0.588
0.576
0.584
0.576
0.576
0.576
0.634548
0.576
0.592
0.588
0.62
0.616
0.616
0.608
0.604
0.62
0.608
0.632
0.612
0.612
0.608
0.604
0.596
0.6
0.592
0.596
0.6
0.6
0.604
0.616
0.624
0.6
0.592
0.588
0.58
0.572
0.7059173
0.7051417
0.572
0.588
0.584
0.608
0.632
0.652
0.648
0.652
0.648
0.632
0.636
0.64
0.64
0.636
0.632
0.628
0.62
0.632
0.628
0.636
0.636
0.632
0.636
0.644
0.644
0.64
0.648
0.652
0.644
0.644
0.636
0.648
0.644
0.652
0.664
0.66
0.664
0.648
0.652
0.656
0.664
0.648
0.648
0.652
0.656
0.652
0.66
0.656
0.656
0.66
0.656
0.664
0.676
0.688
0.684
0.684
0.676
0.676
0.68
0.696
0.7
0.7
0.692
0.692
0.696
0.688
0.68
0.672
0.668
0.652
0.644
0.648
0.656
0.668
0.684
0.684
0.668
0.684
0.692
0.692
0.684
0.66
0.652
0.648
0.632
0.636
0.628
0.632
0.64
0.644
0.648
0.66
0.68
0.68
0.66
0.664
0.66
0.66
0.672
0.652
0.656
0.652
0.656
0.66
0.664
0.66
0.652
0.644
0.644
0.644
0.644
0.636
0.632
0.632
0.64
0.648
0.66
0.664
0.668
0.668
0.676
0.672
0.668
0.652
0.632
0.624
0.612
0.608
0.596
0.6
0.588
0.596
0.596
0.6
0.608
0.62
0.624
0.636
0.624
0.62
0.624
0.628
0.636
0.632
0.64
0.624
0.632
0.632
0.632
0.624
0.628
0.62
0.636
0.648
0.656
0.64
0.644
0.644
0.632
0.64
0.624
0.632
0.636
0.648
0.652
0.652
0.656
0.672
0.704
0.668
0.684
0.672
0.66
0.652
0.664
0.66
0.64
0.644
0.668
0.676
0.744
0.66
0.684
0.68
0.668
0.672
0.664
0.684
0.66
0.656
0.672
0.672
0.664
0.68
0.652
0.648
0.648
0.652
0.648
0.664
0.64
0.636
0.636
0.652
0.624
0.628
0.62
0.624
0.624
0.644
0.628
0.624
0.612
0.612
0.624
0.608
0.604
0.596
0.596
0.592
0.592
0.608
0.6
0.6
0.6
0.604
0.612
0.616
0.616
0.612
0.628
0.644
0.656
0.716
0.656
0.684
0.648
0.652
0.66
0.692
0.668
0.652
0.652
0.64
0.64
0.64
0.636
0.628
0.628
0.628
0.636
0.632
0.644
0.648
0.652
0.648
0.64
0.648
0.628
0.616
0.616
0.62
0.616
0.632
0.62
0.616
0.616
0.612
0.612
0.612
0.612
0.604
0.608
0.608
0.612
0.616
0.624
0.628
0.624
0.624
0.62
0.624
0.628
0.636
0.648
0.644
0.644
0.644
0.628
0.62
0.62
0.624
0.632
0.628
0.628
0.632
0.624
0.624
0.632
0.636
0.636
0.636
0.636
0.632
0.628
0.624
0.62
0.616
0.616
0.62
0.624
0.636
0.664
0.676
0.684
0.72
0.648
0.648
0.64
0.636
0.644
0.648
0.644
0.644
0.636
0.644
0.64
0.628
0.636
0.64
0.644
0.648
0.644
0.632
0.628
0.628
0.616
0.612
0.62
0.616
0.608
0.608
0.604
0.6
0.6
0.6
0.604
0.604
0.612
0.62
0.612
0.608
0.604
0.604
0.596
0.596
0.592
0.592
0.596
0.588
0.588
0.592
0.584
0.592
0.588
0.596
0.592
0.596
0.592
0.584
0.58
0.576
0.588
0.588
0.596
0.6
0.592
0.6
0.6
0.6
0.608
0.596
0.6
0.596
0.604
0.608
0.604
0.604
0.596
0.604
0.596
0.596
0.592
0.592
0.592
0.6
0.6
0.6
0.6
0.6
0.6
0.592
0.588
0.588
0.584
0.58
0.588
0.588
0.596
0.6
0.604
0.624
0.628
0.632
0.628
0.624
0.628
0.624
0.624
0.612
0.612
0.62
0.62
0.612
0.616
0.616
0.604
0.604
0.6
0.6
0.596
0.604
0.608
0.62
0.624
0.62
0.62
0.62
0.628
0.628
0.62
0.624
0.624
0.636
0.632
0.636
0.632
0.632
0.628
0.624
0.616
0.612
0.616
0.612
0.608
0.608
0.608
0.6
0.604
0.608
0.608
0.608
0.612
0.612
0.62
0.624
0.632
0.624
0.628
0.62
0.624
0.628
0.648
0.656
0.656
0.64
0.628
0.624
0.62
0.612
0.608
0.604
0.6
0.608
0.608
0.616
0.628
0.628
0.632
0.624
0.62
0.636
0.632
0.628
0.628
0.628
0.616
0.612
0.612
0.612
0.62
0.628
0.628
0.628
0.632
0.648
0.66
0.656
0.66
0.652
0.652
0.648
0.636
0.632
0.62
0.624
0.624
0.616
0.62
0.62
0.62
0.62
0.62
0.624
0.632
0.632
0.632
0.64
0.644
0.644
0.64
0.64
0.644
0.648
0.652
0.644
0.636
0.636
0.636
0.64
0.64
0.644
0.644
0.644
0.644
0.644
0.636
0.636
0.636
0.636
0.628
0.62
0.62
0.616
0.612
0.608
0.608
0.608
0.612
0.616
0.632
0.636
0.644
0.644
0.644
0.66
0.66
0.652
0.66
0.672
0.672
0.688
0.692
0.716
0.7
0.68
0.676
0.66
0.656
0.656
0.648
0.644
0.648
0.644
0.636
0.64
0.648
0.64
0.632
0.632
0.64
0.64
0.644
0.64
0.656
0.668
0.668
0.66
0.66
0.672
0.68
0.68
0.68
0.672
0.68
0.696
0.696
0.688
0.672
0.664
0.672
0.728
0.72
0.724
0.724
0.724
0.696
0.68
0.68
0.684
0.676
0.692
0.7
0.7
0.684
0.68
0.696
0.704
0.72
0.716
0.728
0.704
0.7
0.696
0.688
0.68
0.66
0.66
0.656
0.648
0.652
0.64
0.64
0.648
0.648
0.668
0.728
0.728
0.724
0.724
0.716
0.704
0.712
0.732
0.732
0.74
0.74
0.744
0.756
0.748
0.74
0.724
0.708
0.684
0.688
0.684
0.684
0.684
0.68
0.676
0.672
0.684
0.684
0.68
0.68
0.68
0.68
0.664
0.652
0.644
0.652
0.644
0.644
0.652
0.64
0.648
0.652
0.664
0.696
0.712
0.704
0.684
0.684
0.676
0.676
0.676
0.7
0.696
0.7
0.72
0.736
0.752
0.744
0.732
0.724
0.736
0.732
0.716
0.704
0.716
0.728
0.752
0.768
0.756
0.748
0.752
0.74
0.736
0.712
0.708
0.704
0.708
0.708
0.7
0.724
0.732
0.752
0.74
0.74
0.76
0.76
0.748
0.74
0.732
0.728
0.72
0.696
0.688
0.684
0.668
0.668
0.652
0.66
0.672
0.648
0.66
0.66
0.664
0.668
0.692
0.716
0.704
0.688
0.692
0.7
0.7
0.708
0.696
0.716
0.72
0.728
0.732
0.72
0.72
0.716
0.708
0.696
0.688
0.704
0.712
0.712
0.72
0.744
0.76
0.76
0.728
0.716
0.72
0.716
0.708
0.704
0.716
0.72
0.736
0.732
0.72
0.724
0.736
0.736
0.728
0.72
0.728
0.72
0.72
0.708
0.7
0.716
0.72
0.712
0.728
0.736
0.728
0.728
0.708
0.708
0.72
0.732
0.716
0.7
0.684
0.676
0.672
0.668
0.652
0.66
0.676
0.68
0.692
0.708
0.716
0.724
0.716
0.7
0.7
0.704
0.692
0.68
0.684
0.732
0.764
0.78
0.764
0.744
0.728
0.72
0.72
0.712
0.704
0.704
0.708
0.732
0.74
0.748
0.74
0.756
0.748
0.756
0.732
0.716
0.724
0.732
0.74
0.732
0.712
0.72
0.724
0.72
0.696
0.68
0.676
0.664
0.66
0.656
0.668
0.684
0.704
0.732
0.732
0.736
0.724
0.712
0.716
0.708
0.712
0.708
0.696
0.716
