0.74
0.736
0.756
0.756
0.736
0.716
0.72
0.748
0.772
0.784
0.772
0.784
0.728
0.724
0.704
0.676
0.668
0.676
0.74
0.752
0.716
0.784
0.824
0.812
0.756
0.776
0.788
0.796
0.752
0.732
0.772
0.796
0.776
0.752
0.776
0.784
0.816
0.82
0.792
0.74
0.768
0.784
0.804
0.768
0.736
0.788
0.804
0.82
0.772
0.728
0.78
0.8
0.792
0.744
0.728
0.776
0.784
0.788
0.74
0.776
0.792
0.812
0.76
0.752
0.776
0.792
0.804
0.772
0.732
0.768
0.78
0.8
0.752
0.744
0.78
0.796
0.772
0.752
0.772
0.8
0.788
0.74
0.764
0.804
0.8
0.756
0.764
0.78
0.756
0.748
0.744
0.708
0.696
0.728
0.744
0.768
0.712
0.712
0.744
0.68
0.8
0.9
0.8092868
0.728
0.716
0.756
0.728
0.744
0.784
0.84
0.768
0.8094176
0.764
0.748
0.72
0.708
0.868
0.864
0.8095219
1.028
0.8095521
0.768
0.74
0.8095978
0.74
0.788
0.788
0.8096594
0.796
0.796
0.808
0.8097218
0.844
0.84
0.78
0.8
0.824
0.824
0.824
0.78
0.78
0.832
0.82
0.82
0.748
0.752
0.78
0.78
0.76
0.8100125
0.792
0.816
0.764
0.788
0.8
0.812
0.788
0.736
0.8101641
0.748
0.736
0.8102156
0.796
0.832
0.768
0.812
0.84
0.84
0.812
0.764
0.768
0.772
0.776
0.8104265
0.752
0.772
0.792
0.748
0.744
0.784
0.784
0.776
0.81059
0.752
0.788
0.8106455
0.772
0.8
0.796
0.772
0.8
0.84
0.852
0.78
0.796
0.816
0.812
0.772
0.744
0.776
0.784
0.804
0.768
0.748
0.796
0.808
0.844
0.816
0.748
0.776
0.76
0.716
0.692
0.688
0.704
0.684
0.72
0.804
0.884
0.804
0.756
0.816
0.86
0.8
0.756
0.788
0.82
0.808
0.756
0.768
0.804
0.804
0.768
0.736
0.78
0.788
0.8
0.756
0.748
0.796
0.8
0.804
0.752
0.768
0.792
0.824
0.804
0.748
0.764
0.78
0.788
0.784
0.744
0.8
0.844
0.86
0.776
0.78
0.792
0.8
0.752
0.728
0.78
0.816
0.848
0.772
0.812
0.832
0.824
0.764
0.788
0.8
0.716
0.744
0.768
0.788
0.792
0.744
0.788
0.796
0.808
0.796
0.812737
0.756
0.756
0.768
0.724
0.756
0.804
0.848
0.768
0.804
0.84
0.86
0.792
0.8130598
0.76
0.756
0.72
0.732
0.776
0.8132117
0.768
0.768
0.784
0.796
0.756
0.8133655
0.736
0.7
0.676
0.668
0.7
0.78
0.844
0.824
0.768
0.752
0.808
0.808
0.812
0.752
0.768
0.796
0.824
0.82
0.76
0.768
0.8
0.82
0.816
0.768
0.814025
0.784
0.732
0.752
0.776
0.84
0.828
0.784
0.844
0.896
0.896
0.812
0.848
0.848
0.8
0.748
0.8
0.804
0.776
0.724
0.756
0.76
0.764
0.732
0.74
0.764
0.768
0.724
0.716
0.74
0.744
0.732
0.704
0.732
0.744
0.752
0.72
0.712
0.74
0.744
0.732
0.696
0.716
0.72
0.72
0.732
0.704
0.708
0.728
0.752
0.76
0.72
0.736
0.752
0.76
0.744
0.712
0.736
0.748
0.736
0.748
0.72
0.74
0.76
0.772
0.764
0.728
0.76
0.78
0.792
0.74
0.74
0.764
0.772
0.772
0.732
0.756
0.764
0.776
0.756
0.728
0.752
0.776
0.788
0.744
0.72
0.748
0.748
0.768
0.728
0.74
0.776
0.784
0.736
0.74
0.768
0.776
0.784
0.736
0.744
0.756
0.756
0.764
0.724
0.724
0.744
0.756
0.74
0.712
0.748
0.776
0.788
0.736
0.736
0.752
0.768
0.788
0.74
0.736
0.772
0.776
0.752
0.728
0.76
0.784
0.792
0.744
0.764
0.76
0.784
0.776
0.72
0.732
0.748
0.752
0.768
0.736
0.716
0.772
0.8
0.84
0.808
0.756
0.764
0.764
0.768
0.768
0.724
0.716
0.696
0.672
0.664
0.676
0.748
0.716
0.74
0.832
0.9
0.864
0.776
0.804
0.804
0.808
0.8
0.748
0.78
0.884
0.872
0.804
0.796
0.832
0.896
0.8
0.768
0.804
0.824
0.848
0.772
0.772
0.82
0.84
0.84
0.819505
0.796
0.796
0.748
0.768
0.828
0.872
0.796
0.852
0.896
0.876
0.804
0.832
0.844
0.852
0.78
0.8200293
0.768
0.732
0.76
0.776
0.844
0.772
0.796
0.872
0.916
0.8203625
0.828
0.816
0.824
0.748
0.76
0.772
0.824
0.896
0.788
0.848
0.86
0.84
0.768
0.804
0.812
0.808
0.768
0.8209728
0.776
0.764
0.748
0.724
0.744
0.792
0.82
0.884
0.804
0.78
0.848
0.864
0.82
0.768
0.784
0.816
0.852
0.836
0.768
0.76
0.796
0.836
0.828
0.764
0.8
0.796
0.82
0.768
0.736
0.76
0.788
0.8
0.756
0.736
0.78
0.78
0.768
0.704
0.684
0.668
0.696
0.776
0.836
0.808
0.8225544
0.808
0.816
0.752
0.8226987
0.796
0.8
0.756
0.8228436
0.892
0.868
0.784
0.78
0.824
0.852
0.824
0.788
0.828
0.864
0.88
0.792
0.8233183
0.8
0.744
0.752
0.792
0.832
0.84
0.8235764
0.856
0.856
0.788
0.788
0.836
0.864
0.848
0.792
0.856
0.9
0.876
0.796
0.8240601
0.812
0.752
0.768
0.8
0.856
0.868
0.804
0.852
0.884
0.876
0.8
0.82
0.832
0.848
0.776
0.84
0.86
0.864
0.796
0.78
0.828
0.852
0.848
0.768
0.796
0.828
0.816
0.764
0.812
0.864
0.84
0.78
0.792
0.812
0.82
0.844
0.756
0.8255056
0.78
0.764
0.736
0.732
0.784
0.872
0.904
0.816
0.792
0.88
0.892
0.82
0.82
0.824
0.852
0.808
0.76
0.788
0.784
0.792
0.78
0.736
0.764
0.784
0.796
0.8
0.764
0.744
0.78
0.792
0.764
0.724
0.756
0.768
0.772
0.724
0.74
0.768
0.776
0.724
0.72
0.752
0.784
0.788
0.744
0.732
0.768
0.8
0.792
0.796
0.752
0.744
0.76
0.772
0.764
0.736
0.748
0.772
0.776
0.744
0.728
0.76
0.776
0.788
0.744
0.736
0.76
0.752
0.76
0.696
0.688
0.676
0.656
0.648
0.648
0.7
0.728
0.692
0.728
0.752
0.792
0.8
0.752
0.768
0.82
0.856
0.784
0.744
0.772
0.8
0.816
0.752
0.744
0.764
0.804
0.824
0.76
0.784
0.852
0.844
0.796
0.756
0.796
0.82
0.836
0.78
0.764
0.82
0.836
0.812
0.776
0.82
0.856
0.824
0.772
0.804
0.82
0.848
0.804
0.772
0.812
0.844
0.852
0.8
0.84
0.872
0.86
0.784
0.78
0.808
0.82
0.8311934
0.772
0.764
0.732
0.8314174
0.784
0.792
0.756
0.8316449
0.836
0.752
0.784
0.792
0.82
0.796
0.744
0.8321103
0.784
0.74
0.768
0.784
0.804
0.756
0.78
0.856
0.876
0.8327096
0.824
0.788
0.8328929
0.748
0.744
0.712
0.8331395
0.736
0.716
0.752
0.788
0.788
0.748
0.792
0.844
0.812
0.752
0.768
0.772
0.728
0.7
0.672
0.66
0.68
0.732
0.788
0.792
0.744
0.76
0.804
0.804
0.8
0.834796
0.772
0.756
0.8
0.744
0.724
0.812
0.84
0.848
0.832
0.772
0.808
0.844
0.86
0.784
0.835782
0.796
0.74
0.752
0.784
0.828
0.832
0.8362466
0.836
0.82
0.728
0.74
0.828
0.868
0.904
0.872
0.844
0.912
0.924
0.908
0.864
0.804
0.852
0.856
0.876
0.876
0.82
0.844
0.86
0.904
0.868
0.808
0.82
0.828
0.848
0.788
0.776
0.824
0.836
0.832
0.78
0.8385116
0.796
0.736
0.83871
0.792
0.744
0.8389079
0.852
0.804
0.8391053
0.796
0.78
0.748
0.76
0.812
0.836
0.84
0.792
0.848
0.888
0.844
0.788
0.804
0.848
0.824
0.8401449
0.788
0.772
0.8403369
0.752
0.768
0.796
0.772
0.82
0.9
0.896
0.824
0.836
0.836
0.852
0.82
0.76
0.772
0.8
0.796
0.776
0.8414635
0.768
0.752
0.72
0.72
0.768
0.812
0.812
0.748
0.796
0.772
0.732
0.696
0.66
0.692
0.668
0.704
0.688
0.716
0.74
0.704
0.684
0.68
0.696
0.724
0.676
0.692
0.728
0.752
0.78
0.74
0.708
0.736
0.748
0.776
0.704
0.728
0.764
0.852
0.888
0.892
0.864
0.784
0.776
0.82
0.852
0.812
0.756
0.828
0.888
0.904
0.796
0.844
0.876
0.844
0.788
0.824
0.816
0.744
0.736
0.708
0.68
0.692
0.744
0.728
0.716
0.768
0.788
0.832
0.8
0.752
0.78
0.788
0.816
0.816
0.764
0.772
0.84
0.844
0.848
0.776
0.8457707
0.804
0.824
0.844
0.832
0.772
0.788
0.856
0.888
0.892
0.796
0.78
0.808
0.812
0.8
0.748
0.812
0.836
0.784
0.748
0.8466854
0.764
0.716
0.748
0.74
0.732
0.7
0.68
0.664
0.724
0.936
0.948
0.908
0.824
0.8473048
0.876
0.784
0.768
0.804
0.856
0.88
0.82
0.908
0.98
0.952
0.84
0.904
0.912
0.86
0.8479529
0.82
0.816
0.772
0.756
0.8
0.9
0.936
0.86
0.884
0.936
0.944
0.876
0.816
0.84
0.884
0.864
0.8486722
0.78
0.764
0.784
0.812
0.832
0.808
0.912
1.048
1.044
0.948
0.832
0.892
0.916
0.876
0.808
0.82
0.82
0.816
0.848
0.772
0.78
0.792
0.792
0.78
0.748
0.768
0.776
0.784
0.74
0.8499166
0.744
0.7
0.676
0.708
0.748
0.816
0.792
0.752
0.812
0.812
0.748
0.704
0.712
0.76
0.696
0.728
0.788
0.776
0.792
0.728
0.712
0.744
0.764
0.764
0.764
0.8509873
0.7
0.716
0.724
0.74
0.7
0.696
0.752
0.828
0.832
0.788
0.748
0.824
0.84
0.844
0.752
0.768
0.78
0.792
0.756
0.74
0.796
0.832
0.828
0.8519851
0.788
0.8
0.78
0.74
0.748
0.812
0.884
0.792
0.776
0.832
0.904
0.896
0.8525345
0.8
0.784
0.8
0.752
0.764
0.828
0.904
0.932
0.86
0.84
0.888
0.888
0.884
0.804
0.816
0.812
0.82
0.832
0.776
0.796
0.816
0.824
0.784
0.8535744
0.796
0.784
0.748
0.732
0.776
0.84
0.904
0.88
0.8539751
0.864
0.84
0.84
0.78
0.768
0.812
0.808
0.732
0.704
0.716
0.744
0.716
0.72
0.776
0.824
0.828
0.8547519
0.82
0.836
0.84
0.764
0.784
0.8
0.848
0.852
0.792
0.828
0.884
0.924
0.884
0.812
0.84
0.844
0.836
0.768
0.788
0.828
0.868
0.88
0.8558667
0.824
0.816
0.792
0.736
0.8
0.868
0.904
0.8562863
0.884
0.8563938
0.804
0.792
0.816
0.82
0.772
0.844
0.896
0.908
0.884
0.8
0.832
0.856
0.836
0.78
0.788
0.828
0.864
0.892
0.808
0.804
0.832
0.832
0.832
0.788
0.76
0.796
0.816
0.812
0.756
0.752
0.772
0.808
0.832
0.76
0.768
0.824
0.852
0.856
0.8586589
0.816
0.804
0.858844
0.768
0.776
0.788
0.752
0.776
0.852
0.928
0.924
0.8594061
0.884
0.852
0.776
0.8
0.82
0.832
0.784
0.808
0.844
0.848
0.788
0.78
0.808
0.824
0.828
0.764
0.768
0.8
0.788
0.788
0.744
0.8608126
0.788
0.784
0.736
0.752
0.788
0.82
0.776
0.764
0.828
0.892
0.86
0.792
0.8616564
0.788
0.736
0.76
0.792
0.836
0.776
0.8
0.9
0.952
0.928
0.828
0.872
0.912
0.9
0.808
0.808
0.824
0.84
0.828
0.8629564
0.788
0.78
0.764
0.748
0.808
0.864
0.856
0.816
0.88
0.924
0.916
0.836
0.856
0.872
0.868
0.804
0.808
0.836
0.868
0.84
0.78
0.816
0.812
0.812
0.772
0.756
0.816
0.848
0.824
0.764
0.8649304
0.788
0.78
0.748
0.752
0.772
0.748
0.72
0.688
0.688
0.8655452
0.828
0.88
0.808
0.865787
0.808
0.82
0.756
0.776
0.844
0.88
0.884
0.764
0.8663211
0.844
0.796
0.836
0.844
0.88
0.876
0.812
0.88
0.904
0.908
0.812
0.832
0.848
0.78
0.8671765
0.784
0.796
0.804
0.76
0.756
0.78
0.764
0.736
0.712
0.708
0.748
0.736
0.74
0.776
0.796
0.816
0.772
0.8681341
0.78
0.776
0.748
0.74
0.808
0.852
0.848
0.828
0.784
0.8686282
0.86
0.756
0.764
0.764
0.792
0.808
0.76
0.832
0.844
0.844
0.792
0.764
0.8
0.804
0.804
0.748
0.74
0.748
0.704
0.676
0.664
0.869604
0.8696444
0.804
0.744
0.776
0.816
0.836
0.836
0.764
0.8699532
0.784
0.76
0.732
0.8700932
0.816
0.816
0.764
0.8702217
0.812
0.78
0.748
0.776
0.864
0.876
0.824
0.870446
0.816
0.772
0.736
0.78
0.816
0.848
0.808
0.816
0.908
0.952
0.8706879
0.86
0.84
0.8
0.76
0.78
0.808
0.852
0.876
0.804
0.852
0.884
0.912
0.852
0.784
0.812
0.784
0.7
0.708
0.72
0.724
0.72
0.7
0.684
0.712
0.792
0.808
0.844
0.84
0.8710133
0.78
0.78
0.768
0.776
0.76
0.748
0.784
0.816
0.852
0.836
0.82
0.784
0.828
0.828
0.836
0.828
0.768
0.8710372
0.78
0.78
0.748
0.78
0.792
0.804
0.74
0.808
0.828
0.848
0.808
0.752
0.796
0.808
0.82
0.828
0.772
0.76
0.796
0.792
0.84
0.788
0.812
0.86
0.86
0.812
0.76
0.808
0.824
0.836
0.78
0.816
0.832
0.864
0.804
0.8708397
0.796
0.796
0.78
0.744
0.8707987
0.816
0.816
0.772
0.8
0.868
0.92
0.872
0.808
0.836
0.8707145
0.792
0.76
0.744
0.752
0.792
0.792
0.776
0.72
0.8706404
0.7
0.712
0.756
0.752
0.76
0.792
0.888
0.892
0.824
0.764
0.796
0.796
0.804
0.784
0.74
0.78
0.796
0.82
0.828
0.776
0.764
0.808
0.848
0.844
0.788
0.8704767
0.772
0.772
0.748
0.724
0.768
0.912
0.92
0.852
0.856
0.932
0.944
0.924
0.8704476
0.852
0.816
0.808
0.756
0.78
0.812
0.844
0.816
0.772
0.784
0.824
0.84
0.788
0.76
0.8704809
0.764
0.724
0.744
0.768
0.776
0.78
0.728
0.732
0.704
0.692
0.736
0.824
0.852
0.792
0.872
0.912
0.892
0.804
0.836
0.896
0.912
0.9
0.796
0.84
0.852
0.868
0.792
0.816
0.852
0.836
0.876
0.876
0.828
0.84
0.88
0.804
0.8709956
0.792
0.8
0.748
0.8710974
0.76
0.764
0.712
0.8712098
0.68
0.668
0.784
0.888
0.92
0.94
0.952
0.96
0.924
0.876
0.772
0.732
0.8716519
0.764
0.784
0.8
0.852
0.848
0.804
0.856
0.868
0.86
0.904
0.844
0.804
0.872
0.904
0.9
0.8723256
0.836
0.828
0.824
0.776
0.804
0.844
0.888
0.904
0.832
0.868
0.872
0.8727947
0.792
0.792
0.8
0.82
0.86
0.824
0.876
0.976
1
0.96
0.852
0.92
0.936
0.876
0.873323
0.784
0.764
0.752
0.728
0.788
0.848
0.896
0.816
0.828
0.884
0.904
0.86
0.804
0.84
0.856
0.864
0.84
0.8738897
0.804
0.804
0.76
0.744
0.792
0.852
0.904
0.832
0.84
0.928
0.928
0.8742374
0.832
0.816
0.804
0.812
0.768
0.8744047
0.944
0.864
0.908
0.928
0.932
0.8745689
0.84
0.832
0.792
0.796
0.876
0.912
0.84
0.88
0.908
0.968
0.8748646
0.796
0.796
0.768
0.772
0.872
0.952
0.92
0.8750777
0.908
0.892
0.812
0.86
0.856
0.864
0.796
0.836
0.844
0.852
0.792
0.816
0.816
0.82
0.772
0.8755082
0.8
0.748
0.756
0.784
0.816
0.828
0.8
0.784
0.824
0.872
0.888
0.836
0.888
0.916
0.916
0.816
0.832
0.816
0.832
0.772
0.8761048
0.82
0.86
0.848
0.792
0.84
0.848
0.864
0.8763484
0.84
0.824
0.792
0.756
0.812
0.864
0.94
0.94
0.852
0.892
0.888
0.916
0.884
0.8768051
0.824
0.804
0.78
0.76
0.812
0.868
0.8770508
0.784
0.804
0.836
0.82
0.796
1.004
1.008
0.928
0.808
0.808
0.792
0.772
0.724
0.7
0.724
0.736
0.724
0.788
0.824
0.852
0.844
0.776
0.796
0.824
0.824
0.84
0.792
0.8
0.856
0.88
0.828
0.768
0.804
0.804
0.812
0.852
0.812
0.78
0.84
0.872
0.88
0.8788534
0.832
0.824
0.76
0.768
0.844
0.936
0.832
0.86
0.94
0.96
0.872
0.892
0.9
0.892
0.888
0.808
0.879787
0.764
0.792
0.808
0.756
0.756
0.816
0.884
0.892
0.804
0.812
0.86
0.896
0.864
0.8806649
0.804
0.816
0.832
0.792
0.82
0.872
0.8811445
0.832
0.816
0.852
0.868
0.82
0.808
0.896
0.964
0.944
0.86
0.92
0.924
0.8821134
0.812
0.788
0.804
0.812
0.768
0.776
0.856
0.94
0.9
0.836
0.904
0.916
0.896
0.816
0.864
0.88
0.896
0.824
0.872
0.884
0.892
0.848
0.804
0.872
0.9
0.896
0.892
0.816
0.82
0.84
0.852
0.788
0.8854101
0.816
0.804
0.76
0.796
0.832
0.856
0.804
0.828
0.88
0.896
0.82
0.868
0.9
0.88
0.812
0.8874281
0.816
0.752
0.8878316
0.78
0.768
0.744
0.808
0.864
0.896
0.82
0.876
0.892
0.884
0.804
0.8
0.808
0.8
0.764
0.724
0.72
0.684
0.676
0.688
0.74
0.712
0.736
0.764
0.808
0.832
0.772
0.772
0.8
0.808
0.828
0.764
0.76
0.776
0.8
0.804
0.812
0.756
0.76
0.804
0.836
0.836
0.776
0.808
0.832
0.824
0.78
0.812
0.84
0.88
0.812
0.852
0.888
0.876
0.8
0.8963685
0.824
0.728
0.704
0.692
0.756
0.968
0.952
0.8976814
0.856
0.868
0.864
0.852
0.788
0.844
0.864
0.868
0.876
0.8993312
0.816
0.828
0.828
0.784
0.788
0.868
0.928
0.9006511
0.872
0.9009804
0.828
0.776
0.864
0.984
0.98
0.884
0.952
0.98
0.92
0.868
0.876
0.816
0.748
0.784
0.824
0.88
0.904
0.896
0.844
0.792
0.852
0.86
0.784
0.768
0.788
0.812
0.852
0.844
0.772
0.776
0.792
0.804
0.784
0.756
0.764
0.728
0.704
0.712
0.76
0.756
0.748
0.796
0.816
0.848
0.824
0.772
0.792
0.828
0.844
0.86
0.792
0.804
0.848
0.852
0.828
0.784
0.82
0.84
0.832
0.768
0.812
0.82
0.816
0.748
0.772
0.828
0.856
0.888
0.876
0.852
0.756
0.748
0.784
0.844
0.86
0.9123527
0.8
0.812
0.792
0.756
0.812
0.9
0.94
0.852
0.868
0.936
0.952
0.9137725
0.868
0.852
0.796
0.832
0.928
1.04
0.94
0.9146342
0.964
0.9148382
0.908
0.884
0.78
0.812
0.84
0.872
0.848
0.924
0.808
0.9157854
0.784
0.792
0.776
0.768
0.756
0.724
0.9163721
0.712
0.72
0.856
0.748
0.716
0.788
0.848
0.86
0.88
0.88
0.8
0.848
0.848
0.868
0.876
0.88
0.88
0.872
0.82
0.796
0.832
0.836
0.84
0.792
0.828
0.8
0.816
0.82
0.848
0.796
0.852
0.816
0.848
0.876
0.872
0.876
0.852
0.812
0.772
0.74
0.716
0.744
0.768
0.788
0.76
0.764
0.776
0.744
0.724
0.712
0.716
0.704
0.712
0.712
0.788
0.648
0.716
0.716
0.684
0.732
0.752
0.632
0.712
0.784
0.66
0.728
0.724
0.9224732
0.844
0.9226801
1.18
1.008
0.712
0.748
0.9232014
0.9233063
0.736
0.716
0.752
0.736
0.748
0.788
0.772
0.74
0.952
0.9243658
0.724
0.728
0.724
0.716
0.712
0.712
0.688
0.708
0.736
0.748
0.76
0.788
0.788
0.756
0.736
0.9260876
0.712
0.684
0.692
0.712
0.78
0.844
0.916
0.9269538
0.836
0.844
0.868
0.892
0.912
0.924
0.824
0.88
0.92
0.928035
0.8
0.792
0.8
0.804
0.816
0.8
0.94
0.996
0.996
0.9291084
0.836
0.82
0.929428
0.764
0.784
0.82
0.908
0.948
0.88
0.856
0.98
0.9303772
0.816
0.828
0.836
0.816
0.76
0.9310004
0.796
0.812
0.864
0.824
0.784
0.824
0.888
0.896
0.9319174
0.788
0.732
0.716
0.696
0.7
0.736
0.728
0.784
0.82
0.904
0.884
0.812
0.856
0.88
0.916
0.9334814
0.832
0.8
0.82
0.804
0.776
0.872
0.916
0.928
0.856
0.9344061
0.888
0.844
0.796
0.852
0.884
0.92
0.928
0.856
0.888
0.908
0.952
0.916
0.836
0.84
0.864
0.876
0.824
0.776
0.8
0.936104
0.848
0.768
0.772
0.808
0.828
0.88
0.9366431
0.848
0.776
0.796
0.828
0.804
0.772
0.9371499
0.752
0.9372885
0.72
0.748
0.796
0.884
0.812
0.816
0.932
0.956
0.864
0.856
0.908
0.948
0.9381173
0.86
0.9382332
0.796
0.808
0.9384009
0.796
0.9385086
0.9385612
1.004
0.9386638
0.9387138
0.796
0.876
0.82
0.938905
0.804
0.9389953
0.804
0.796
0.8
0.82
0.776
0.804
0.88
0.9393195
0.9393558
0.884
0.9394259
0.764
0.9394952
0.9395298
0.9395642
0.976
0.976
0.884
0.9397013
0.896
0.8
0.816
0.868
0.824
0.78
0.812
0.884
0.884
0.816
0.940071
0.828
0.756
0.768
0.9402027
0.9402354
0.8
0.692
1.196
0.9403652
0.876
0.844
0.796
0.804
0.892
0.9405569
0.824
0.872
0.9
0.916
0.836
0.836
0.876
0.884
0.9408376
0.816
0.9408988
0.784
0.9409596
0.864
0.892
0.828
0.932
1.02
0.92
0.868
0.924
0.928
0.84
0.848
0.9413147
0.844
0.772
0.804
0.884
0.888
0.844
0.968
1.036
1.016
0.94
0.996
0.996
0.916
0.812
0.836
0.828
0.772
0.9418149
0.696
0.756
0.848
0.876
0.844
0.792
0.872
0.908
0.9
0.808
0.84
0.836
0.82
0.78
0.844
0.92
0.924
0.84
0.9
0.956
0.9423448
0.872
0.876
0.816
0.796
0.932
1.008
0.9425076
0.936
0.98
0.948
0.872
0.944
0.96
0.94
0.856
0.9
0.924
0.928
0.832
0.828
0.932
0.976
0.908
0.852
0.9
0.92
0.876
0.808
0.856
0.892
0.908
0.9
0.9430464
0.816
0.9430834
0.776
0.744
0.816
0.94
0.964
0.884
0.968
1
0.928
0.84
0.872
0.888
0.808
0.82
0.892
0.932
0.844
0.9433851
0.86
0.796
0.812
0.884
0.896
0.852
0.94
1.012
0.992
0.936
0.852
0.896
0.916
0.916
0.852
0.84
0.908
0.9436286
0.78
0.9436519
0.7
0.9436745
0.728
0.812
1.052
0.924
0.872
0.94
0.932
0.808
0.76
0.9437754
0.9437844
0.9437932
0.692
0.9438102
0.792
0.824
0.844
0.836
0.848
0.776
0.9438633
0.704
0.672
1.28
0.644
0.88
0.924
0.896
0.804
0.856
0.94
0.904
0.892
0.888
0.9439386
0.712
0.752
0.868
0.852
0.9439553
0.82
0.86
0.884
0.928
0.932
0.952
0.896
0.9439705
0.868
0.856
0.856
0.844
0.796
0.788
0.804
0.792
0.776
0.8
0.992
1.272
0.748
0.792
0.848
1.2
1.216
0.816
0.8
0.9439445
0.824
0.764
0.792
0.852
0.9439233
0.9439184
0.728
0.752
0.8
0.748
0.772
0.8
0.8
0.752
1.152
1.156
0.9438432
0.9438328
0.668
0.66
0.684
0.736
0.776
0.892
0.94
0.9437221
0.9437049
0.916
0.856
0.868
0.828
0.888
0.9435861
0.86
0.904
0.916
0.964
0.912
0.892
0.904
0.92
0.952
0.976
0.9433019
0.828
0.796
0.844
0.856
0.888
0.9431124
0.852
0.912
0.908
0.9
0.808
0.828
0.848
0.86
0.788
0.824
0.852
0.88
0.864
0.868
0.824
0.8
0.84
0.876
0.9423641
0.836
0.872
0.88
0.868
0.804
0.832
0.852
0.832
0.776
0.852
0.892
0.876
0.808
0.9416814
0.84
0.76
0.736
0.72
0.72
0.692
0.732
0.936
0.828
0.808
0.9410755
0.9410176
0.84
0.832
0.836
0.852
0.756
0.756
0.884
0.82
0.896
0.916
0.956
0.816
0.84
0.768
0.796
0.804
0.772
0.728
0.74
0.712
0.72
0.732
0.724
0.939503
0.704
0.72
0.744
0.728
0.9391604
0.684
0.668
0.7
0.684
0.692
0.668
0.684
0.756
0.8
0.828
0.832
0.9383059
0.804
0.764
0.744
0.776
0.756
0.82
0.956
1
0.904
0.908
0.936
0.908
0.856
0.784
0.736
0.732
0.78
0.82
0.852
0.884
0.82
0.848
0.916
0.96
0.964
0.944
0.88
0.832
0.884
0.96
0.964
0.924
0.872
0.892
0.944
0.968
0.928
0.868
0.864
0.9352145
0.908
0.796
0.796
0.844
1.112
0.828
0.872
1.084
0.98
0.832
0.908
0.928
0.956
0.952
0.848
0.864
0.864
0.776
0.732
0.708
0.792
0.848
0.884
0.82
0.888
0.844
0.9330187
0.732
0.696
0.9327738
0.808
0.844
0.768
0.728
0.788
0.84
0.872
0.844
0.836
0.888
0.948
0.9317978
0.924
0.92
0.876
0.844
0.96
1.024
1.016
1
0.912
0.936
0.968
0.948
0.944
0.848
0.876
0.876
0.9304361
0.812
0.8
0.824
0.868
0.892
0.9299649
0.944
0.92
0.916
0.844
0.884
0.912
0.932
0.916
0.9292703
0.872
0.796
0.852
0.88
0.9
0.9288168
0.856
0.864
0.872
0.836
0.8
0.88
0.916
0.972
0.944
0.864
0.904
0.912
0.9278644
0.804
0.792
0.8
0.828
0.868
0.86
0.876
1.004
1
0.876
0.952
0.96
0.928
0.84
0.816
0.848
0.888
0.852
0.784
0.824
0.812
0.836
0.768
0.772
0.74
0.716
0.7
0.68
0.696
0.752
0.824
0.848
0.804
0.788
0.856
0.868
0.892
0.824
0.78
0.816
0.824
0.844
0.82
0.764
0.816
0.828
0.872
0.808
0.9229467
0.832
0.804
0.9225715
0.772
0.82
0.828
0.772
0.848
0.916
0.892
0.808
0.86
0.884
0.844
0.78
0.804
0.808
0.816
0.744
0.764
0.732
0.708
0.68
0.664
0.7
0.744
0.796
0.82
0.752
0.752
0.816
0.876
0.836
0.752
0.78
0.78
0.772
0.76
0.752
0.712
0.704
0.76
0.816
0.82
0.816
0.748
0.9164037
0.756
0.752
0.776
0.732
0.712
0.744
0.852
0.844
0.88
0.808
0.768
0.808
0.84
0.872
0.832
0.772
0.804
0.828
0.876
0.872
0.824
0.844
0.9
0.924
0.932
0.9123884
0.9
0.9120746
0.816
0.848
0.932
0.912
0.868
1
1.04
0.96
0.868
0.96
0.976
0.972
0.868
0.9
0.952
0.972
0.912
0.86
0.944
0.9089318
0.912
0.796
0.8
0.836
0.928
0.864
0.896
1.108
1.036
0.928
0.904
0.936
0.932
0.92
0.856
0.884
0.924
0.944
0.9
0.86
0.92
0.936
0.936
0.924
0.868
0.9049257
0.904
0.852
0.836
0.888
0.9041783
0.848
0.9
0.952
0.952
0.884
0.876
1
0.984
0.92
0.84
0.868
0.876
0.796
0.9021443
0.9020028
0.768
0.8
0.74
0.788
0.88
0.928
0.896
0.812
0.9007556
0.796
0.74
0.768
0.788
0.824
0.788
0.8998213
0.908
0.84
0.9
0.944
0.92
0.852
0.876
0.904
0.88
0.824
0.84
0.872
0.88
0.864
0.808
0.84
0.848
0.86
0.796
0.792
0.848
0.86
0.868
0.896903
0.824
0.824
0.8965736
0.796
0.816
0.864
0.828
0.924
0.944
0.932
0.852
0.8956392
0.848
0.788
0.816
0.836
0.896
0.84
0.8949714
0.924
0.8947905
0.856
0.844
0.792
0.812
0.86
0.896
0.828
0.848
0.876
0.888
0.808
0.844
0.86
0.824
0.776
0.808
0.804
0.816
0.752
0.76
0.78
0.8
0.804
0.76
0.768
0.784
0.792
0.792
0.756
0.736
0.764
0.788
0.792
0.776
0.728
0.756
0.748
0.74
0.688
0.672
0.648
0.664
0.716
0.844
0.828
0.8905069
0.808
0.812
0.824
0.788
0.776
0.824
0.856
0.848
0.824
0.928
0.968
0.908
0.824
0.872
0.892
0.8888864
0.82
0.8886809
0.816
0.768
0.856
1.004
0.968
0.864
0.948
0.988
0.944
0.852
0.892
0.94
0.8873339
0.788
0.804
0.808
0.876
0.92
0.884
1.032
1.048
0.924
0.892
0.876
0.832
0.756
0.708
0.7
0.752
0.804
0.788
0.764
0.756
0.8
0.828
0.852
0.836
0.8847206
0.832
0.84
0.864
0.82
0.8841995
0.92
0.944
0.948
0.916
0.828
0.904
0.952
0.92
0.856
0.912
0.94
0.936
0.844
0.884
0.912
0.944
0.9
0.824
0.864
0.876
0.88
0.804
0.872
0.9
0.888
0.808
0.852
0.872
0.896
0.828
0.824
0.86
0.8808379
0.776
0.8806408
0.804
0.8804447
0.868
0.8802496
0.852
0.868
0.916
0.86
0.808
0.852
0.876
0.88
0.8793855
0.844
0.84
0.856
0.864
0.8789162
0.836
0.812
0.792
0.864
0.86
0.8783641
0.828
0.808
0.788
0.752
0.732
0.716
0.704
0.764
0.908
0.9
0.82
0.884
0.844
0.8771291
0.856
0.776
0.74
0.768
0.804
0.86
0.92
0.964
0.992
0.88
0.9
0.956
1
0.96
0.872
0.868
0.904
0.952
0.96
0.9
0.836
0.896
0.96
0.976
0.98
0.872
0.904
0.94
0.956
0.944
0.86
0.864
0.9
0.924
0.928
0.872
0.816
0.852
0.872
0.8741151
0.756
0.728
0.8739258
0.873864
0.8738028
0.888
0.872
0.836
0.856
0.94
0.964
0.8733931
0.824
0.868
0.904
0.948
0.98
0.896
0.916
1.04
0.992
0.928
0.872
0.916
0.96
0.952
0.848
0.796
0.86
0.864
0.86
0.8
0.8
0.848
0.856
0.852
0.804
0.816
0.828
0.776
0.756
0.764
0.78
0.812
0.8719182
0.764
0.772
0.724
0.7
0.7
0.696
0.824
0.728
0.812
0.872
0.884
0.964
1
1
0.988
0.848
0.828
0.86
0.892
0.94
0.932
0.848
0.852
0.884
0.92
0.908
0.824
0.856
0.88
0.904
0.82
0.856
0.88
0.892
0.872
0.796
0.848
0.86
0.8703086
0.82
0.82
0.776
0.816
0.876
0.912
0.912
0.824
0.88
0.912
0.884
0.8
0.86
0.888
0.844
0.852
0.82
0.76
0.788
0.764
0.72
0.712
0.696
0.684
0.7
0.724
0.756
0.736
0.752
0.78
0.784
0.748
0.82
0.852
0.844
0.8687078
0.756
0.776
0.812
0.728
0.684
0.696
0.696
0.688
1.056
0.976
0.968
0.952
0.944
0.932
0.912
0.892
0.884
0.792
0.736
0.728
0.748
0.72
0.772
0.78
0.828
0.836
0.84
0.836
0.8674385
0.792
0.78
0.8
0.816
0.776
0.784
0.804
0.796
0.804
0.816
0.812
0.8
0.764
0.728
0.692
0.712
0.74
0.768
0.796
0.78
0.752
0.784
0.792
0.812
0.752
0.764
0.788
0.812
0.812
0.792
0.836
0.852
0.816
0.8660821
0.8
0.784
0.8
0.756
0.752
0.78
0.768
0.748
0.868
0.868
0.84
0.78
0.764
0.8
0.776
0.736
0.768
0.744
0.772
0.76
0.744
0.716
0.744
0.776
0.744
0.708
0.736
0.744
0.772
0.776
0.784
0.768
0.748
0.756
0.784
0.784
0.772
0.756
0.72
0.772
0.8647997
0.78
1.2
0.8647263
0.936
0.732
0.8646562
0.748
0.768
0.712
0.8645677
0.764
0.8645258
0.76
0.784
0.776
0.836
0.808
0.84
0.808
0.848
0.812
0.8
0.796
0.788
0.804
0.796
0.784
0.772
0.764
0.76
0.736
0.772
0.776
0.792
0.796
0.808
0.788
0.784
0.772
0.74
0.728
0.72
0.748
0.784
0.792
0.776
0.744
0.788
0.768
0.784
0.792
0.808
0.812
0.816
0.8
0.8
0.796
0.796
0.812
0.808
0.82
0.82
0.808
0.796
0.796
0.808
0.824
0.844
0.852
0.812
0.844
0.84
0.82
0.82
0.816
0.808
0.792
0.784
0.756
0.808
0.848
0.856
0.856
0.8
0.792
0.808
0.8
0.788
0.772
0.736
0.764
0.776
0.8
0.788
0.76
0.82
0.828
0.82
0.808
0.744
0.716
0.716
0.692
0.676
0.708
0.744
0.756
0.708
0.74
0.78
0.788
0.792
0.792
0.792
0.748
0.764
0.772
0.788
0.784
0.732
0.7
0.712
0.704
0.684
0.672
0.664
0.648
0.712
0.772
0.724
0.708
0.688
0.732
0.772
0.772
0.788
0.792
0.8
0.812
0.808
0.824
0.804
0.796
0.756
0.788
0.8
0.82
0.804
0.816
0.816
0.784
0.768
0.804
0.824
0.824
0.836
0.84
0.768
0.784
0.816
0.828
0.832
0.824
0.784
0.8
0.812
0.824
0.832
0.788
0.796
0.808
0.82
0.828
0.832
0.788
0.792
0.828
0.848
0.844
0.8683423
0.76
0.76
0.76
0.776
0.848
0.82
0.904
1.008
0.976
0.936
0.86
0.896
0.896
0.876
0.856
0.828
0.8694129
0.768
0.732
0.748
0.732
0.792
0.912
0.972
0.972
0.948
0.872
0.936
0.924
0.876
0.876
0.812
0.788
0.832
0.84
0.872
0.828
0.804
0.868
0.888
0.912
0.832
0.844
0.8712009
0.812
0.756
0.768
0.772
0.788
0.808
0.784
0.74
0.712
0.724
0.796
0.852
0.864
0.844
0.792
0.836
0.86
0.852
0.864
0.8
0.824
0.852
0.884
0.896
0.8728843
0.836
0.8730179
0.844
0.84
0.86
0.816
0.864
0.932
0.964
0.884
0.888
0.892
0.904
0.824
0.796
0.832
0.82
0.86
0.808
0.8
0.864
0.8743295
0.844
0.788
0.788
0.816
0.896
0.932
0.892
0.908
0.992
0.96
0.932
0.876
0.888
0.904
0.932
0.9
0.84
0.852
0.896
0.936
0.932
0.908
0.848
0.852
0.844
0.848
0.796
0.792
0.832
0.904
0.8762113
0.852
0.856
0.848
0.844
0.87649
0.804
0.816
0.848
0.856
0.836
0.8768131
0.86
0.812
0.836
0.86
0.856
0.876
0.908
0.8772233
0.832
0.82
0.76
0.804
0.836
0.836
0.764
0.784
0.828
0.864
0.848
0.784
0.792
0.824
0.86
0.856
0.784
0.812
0.836
0.872
0.884
0.804
0.804
0.836
0.844
0.884
0.884
0.828
0.832
0.884
0.908
0.932
0.928
0.928
0.856
0.808
0.844
0.864
0.876
0.8803675
0.856
0.856
0.896
0.904
0.880935
0.876
0.876
0.892
0.964
0.948
0.828
0.792
0.88
0.936
0.932
0.824
0.792
0.868
0.884
0.752
0.736
0.716
0.692
0.8833742
0.8835138
0.764
0.82
0.828
0.84
0.776
0.804
0.832
0.824
0.828
0.84
0.8
0.804
0.844
0.852
0.856
0.864
0.808
0.78
0.812
0.82
0.812
0.772
0.796
0.828
0.86
0.848
0.796
0.844
0.868
0.876
0.8882659
0.844
0.8885953
0.86
0.816
0.892
0.976
1.008
0.932
0.976
0.948
0.94
0.916
0.872
0.932
0.976
0.972
0.976
0.924
0.924
0.94
0.912
0.892
0.932
0.9
0.868
0.88
0.888
0.884
0.828
0.856
0.9
0.8937146
0.852
0.816
0.768
0.804
0.832
0.8947582
0.912
0.832
0.816
0.932
0.956
0.8958008
0.848
0.8961476
0.772
0.8
0.832
0.84
0.788
0.732
0.748
0.828
0.98
0.844
0.772
0.744
0.76
0.8
0.832
0.856
0.796
0.8
0.848
0.872
0.9
0.832
0.848
0.86
0.864
0.856
0.808
0.848
0.872
0.88
0.9013719
0.86
0.84
0.792
0.872
0.928
0.932
0.936
0.936
0.944
0.944
0.908
0.832
0.864
0.936
1.032
1.04
0.96
0.98
0.9043105
0.908
0.836
0.812
0.876
0.98
0.996
0.976
0.904
0.94
0.996
0.992
0.908
0.952
0.964
0.976
0.892
0.832
0.868
0.868
0.86
0.864
0.864
0.792
0.9075448
0.796
0.8
0.9079022
0.78
0.908134
0.828
0.792
0.864
0.924
0.96
0.872
0.924
0.928
0.964
0.92
0.868
0.924
0.936
0.908
0.92
0.852
0.856
0.884
0.912
0.912
0.924
0.852
0.796
0.864
0.9
0.812
0.792
0.908
0.908
0.824
0.828
0.892
0.916
0.896
0.792
0.784
0.728
0.708
0.9114372
0.9114896
0.9115418
0.9115936
0.816
0.836
0.744
0.736
0.772
0.8
0.724
0.74
0.74
0.752
0.764
0.776
0.784
0.772
0.752
0.784
0.788
0.78
0.804
0.756
0.78
0.788
0.8
0.9127496
0.744
0.72
0.7
0.68
0.668
0.68
0.812
0.84
0.812
0.88
1.008
1.008
0.984
0.944
0.988
0.964
0.944
0.912
0.848
0.916
0.932
0.928
0.94
0.868
0.916
0.928
0.94
0.932
0.9
0.908
0.964
0.924
0.912
0.96
0.904
0.928
0.936
0.928
0.924
0.876
0.856
0.92
0.94
0.908
0.852
0.864
0.9
0.928
0.884
0.872
0.94
0.932
0.932
0.836
0.856
0.824
0.852
0.868
0.808
0.864
0.876
0.892
0.884
0.812
0.816
0.864
0.872
0.9152141
0.82
0.8
0.816
0.828
0.792
0.8
0.94
1.024
1.016
0.968
0.896
0.916
0.912
0.928
0.828
0.808
0.856
0.876
0.86
0.9
0.92
0.956
0.916
0.836
0.772
0.804
0.86
0.888
0.804
0.8
0.864
0.78
0.744
0.74
0.724
0.732
0.78
0.808
0.736
0.748
0.796
0.86
0.9162712
0.764
0.76
0.764
0.752
0.72
0.712
0.916414
0.9164338
0.764
0.816
0.864
0.864
0.816
0.872
0.904
0.912
0.904
0.844
0.884
0.9
0.928
0.924
0.924
0.852
0.872
0.908
0.896
0.796
0.756
0.824
0.94
0.956
0.948
0.924
0.84
0.824
0.844
0.896
0.924
0.904
0.848
0.916
0.932
0.976
0.952
0.94
0.884
0.832
0.852
0.86
0.884
0.888
0.856
0.812
0.9172199
0.9
0.848
0.876
0.9
0.924
0.9173029
0.848
0.88
0.884
0.936
0.976
0.896
0.9
0.912
0.908
0.896
0.904
0.916
0.868
0.856
0.88
0.9
0.908
0.86
0.828
0.792
0.812
0.792
0.732
0.824
0.968
0.96
0.84
0.836
0.912
0.948
0.928
0.856
0.928
0.992
0.984
0.956
0.892
0.94
0.956
0.932
0.916
0.856
0.884
0.952
0.98
0.964
0.932
0.844
0.82
0.856
0.904
0.904
0.832
0.852
0.952
0.98
0.96
0.868
0.856
0.912
0.956
0.916
0.96
0.956
0.948
0.956
0.916
0.856
0.812
0.872
0.944
1
1.012
0.94
0.9179811
0.868
0.828
0.872
0.972
0.932
0.948
1.104
1.024
0.996
0.856
0.852
0.828
0.776
0.748
0.764
0.804
0.82
0.9177408
0.9177207
0.9176999
0.936
0.964
0.936
0.812
0.82
0.844
0.852
0.86
0.864
0.864
0.812
0.856
0.932
0.952
0.928
0.876
0.872
0.9
0.924
0.936
0.86
0.832
0.884
0.916
0.928
0.852
0.844
0.892
0.9168346
0.812
0.852
0.9
0.932
0.9166403
0.912
0.916
0.952
0.96
0.888
0.944
0.96
0.968
0.928
0.86
0.876
0.876
0.852
0.82
0.8
0.868
0.9
0.784
0.84
0.892
0.916
0.9156621
0.868
0.84
0.812
0.772
0.784
0.864
0.912
0.892
1.024
1.024
0.992
0.9
0.94
0.948
0.944
0.884
0.944
1.008
1.02
0.91464
0.924
0.896
0.832
0.888
0.98
1.04
0.956
0.952
1.004
0.968
1.004
0.9139877
0.952
0.932
0.924
0.852
0.856
0.888
0.96
0.876
0.944
1.04
0.996
0.904
0.972
0.948
0.916
0.856
0.904
0.972
0.952
0.848
0.856
0.876
0.892
0.816
0.86
0.896
0.964
0.928
0.9
0.992
1
0.972
0.904
0.956
0.948
0.924
0.856
0.824
0.88
0.932
0.948
0.88
0.944
0.92
0.936
0.856
0.796
0.856
0.876
0.904
0.84
0.852
0.896
0.932
0.9109572
0.792
0.788
0.808
0.828
0.724
0.956
0.9106002
0.9105502
0.784
0.796
0.78
0.772
0.9103049
0.804
0.804
0.812
0.788
0.784
0.816
0.832
0.768
0.764
0.736
0.736
0.712
0.688
0.708
0.692
0.692
0.9095341
0.78
0.784
0.8
0.812
0.82
0.828
0.836
0.82
0.82
0.816
0.776
0.776
0.776
0.784
0.736
0.788
0.824
0.82
0.82
0.8
0.792
0.752
0.768
0.756
0.72
0.704
0.692
0.68
0.72
0.704
0.744
0.816
0.84
0.772
0.872
0.856
0.864
0.848
0.792
0.78
0.812
0.816
0.828
0.828
0.788
0.9081391
0.816
0.812
0.9080816
0.784
0.776
0.816
0.788
0.836
0.98
0.96
0.856
0.904
0.94
0.9
0.824
0.776
0.832
0.84
0.872
0.84
0.812
0.868
0.892
0.892
0.9076466
0.808
0.792
0.772
0.756
0.752
0.864
0.996
0.84
0.936
0.992
1.016
0.964
0.852
0.888
0.896
0.9
0.888
0.82
0.856
0.9072313
0.888
0.872
0.808
0.812
0.848
0.912
0.86
0.936
0.964
0.952
0.864
0.916
0.928
0.948
0.88
0.824
0.86
0.84
0.784
0.772
0.756
0.74
0.716
0.712
0.764
0.772
0.772
0.844
0.888
0.928
0.9065512
0.876
0.86
0.796
0.816
0.832
0.9064146
0.832
0.78
0.828
0.852
0.908
0.848
0.9
0.984
0.968
0.96
0.876
0.9
0.94
0.976
0.904
0.852
0.908
0.94
0.964
0.876
0.964
0.968
0.944
0.86
0.912
0.86
0.896
0.804
0.788
0.8
0.824
0.812
0.768
0.796
0.812
0.824
0.812
0.9055135
0.788
0.784
0.792
0.764
0.816
0.84
0.892
0.936
0.92
0.916
0.852
0.884
0.904
0.928
0.896
0.828
0.86
0.892
0.908
0.908
0.844
0.84
0.9049389
0.912
0.916
0.848
0.892
0.936
0.996
0.996
0.976
0.884
0.904
0.92
0.932
0.944
0.964
0.852
0.836
0.9045007
0.836
0.796
0.848
0.952
1.048
1.024
0.94
1.004
1.016
0.952
0.932
0.876
0.816
0.872
0.792
0.748
0.744
0.772
0.836
0.752
0.724
0.756
0.756
0.74
0.816
0.884
0.928
0.844
0.84
0.864
0.88
0.9
0.884
0.82
0.856
0.88
0.9035084
0.82
0.836
0.86
0.908
0.944
0.94
0.892
0.828
0.892
0.908
0.836
0.852
0.908
0.936
0.928
0.848
0.916
0.956
0.928
0.932
0.984
0.98
0.956
0.916
0.844
0.852
0.856
0.864
0.9
0.856
0.92
0.908
0.9
0.856
0.868
0.868
0.872
0.832
0.864
0.864
0.848
0.812
0.84
0.852
0.852
0.892
0.86
0.804
0.848
0.848
0.868
0.9020304
0.752
0.764
0.768
0.808
0.764
0.784
1.116
1.044
0.992
0.948
1.032
1.012
1
0.9
0.924
0.892
0.908
0.812
0.744
0.74
0.772
0.864
0.824
0.828
0.896
0.796
0.796
0.8
0.84
0.82
0.828
0.764
0.78
0.752
0.728
0.708
0.732
0.784
0.788
0.756
0.792
0.824
0.836
0.86
0.876
0.804
0.828
0.816
0.82
0.836
0.8
0.788
0.832
0.844
0.82
0.824
0.764
0.756
0.764
0.776
0.808
0.824
0.816
0.900366
0.76
0.792
0.772
0.808
0.828
0.812
0.804
0.9
0.948
0.984
0.884
0.952
0.964
0.944
0.892
0.908
0.924
0.904
0.88
0.828
0.872
0.876
0.8998416
0.76
0.716
0.688
0.696
0.78
0.76
0.816
0.912
0.952
0.8996183
0.856
0.872
0.868
0.9
0.844
0.876
0.98
1.012
1.004
0.904
1.008
1.008
0.976
0.884
0.912
0.94
0.944
0.956
0.896
0.948
0.936
0.924
0.844
0.796
0.9
0.8990386
0.876
0.972
1
0.94
0.844
0.92
0.968
0.944
0.856
0.968
0.968
0.876
0.888
0.912
0.912
0.824
0.816
0.816
0.76
0.744
0.72
0.8985348
0.8985114
0.8984879
0.86
0.84
0.804
0.876
0.9
0.884
0.82
0.868
0.844
0.872
0.836
0.832
0.876
0.912
0.864
0.88
0.896
0.936
0.82
0.884
0.896
0.924
0.836
0.892
0.94
0.972
0.884
0.924
0.932
0.92
0.848
0.88
0.888
0.8976435
0.872
0.876
0.9
0.916
0.856
0.904
0.956
0.976
0.9
0.976
0.976
0.948
0.868
0.936
0.928
0.944
0.888
0.84
0.912
0.956
0.924
0.868
0.928
0.948
0.888
0.844
0.904
0.924
0.888
0.844
0.896
0.908
0.904
0.82
0.816
0.788
0.744
0.728
0.8965185
0.8964868
0.832
0.8
0.808
0.896
0.932
0.932
0.848
0.896
0.928
0.916
0.852
0.9
0.896
0.888
0.912
0.864
0.796
0.856
0.908
0.92
0.84
0.88
0.932
0.936
0.852
0.908
0.928
0.96
0.872
0.912
0.952
0.924
0.852
0.88
0.904
0.928
0.912
0.84
0.872
0.92
0.928
0.86
0.932
0.956
0.92
0.84
0.888
0.864
0.82
0.888
0.952
0.928
0.84
0.896
0.932
0.908
0.844
0.888
0.928
0.9
0.828
0.856
0.868
0.824
0.832
0.848
0.8940247
0.764
0.784
0.804
0.852
0.832
1.056
1.092
1.028
0.952
0.8936344
0.86
0.82
0.848
0.872
0.904
0.888
0.848
0.992
1.056
1.02
0.912
0.932
0.936
0.92
0.844
0.868
0.872
0.9
0.928
0.912
0.872
0.804
0.808
0.8
0.736
0.712
0.696
0.716
0.728
0.832
0.852
0.864
0.812
0.792
0.84
0.904
0.892168
0.844
0.836
0.844
0.784
0.8919664
0.852
0.788
0.864
0.88
0.928
0.924
0.82
0.904
0.948
0.884
0.808
0.864
0.9
0.92
0.792
0.744
0.712
0.76
0.8911908
0.828
0.764
0.816
0.876
0.98
0.952
0.892
0.932
0.972
0.972
0.868
0.912
0.924
0.876
0.848
0.928
0.964
0.936
0.844
0.896
0.924
0.932
0.856
0.872
0.892
0.924
0.924
0.844
0.848
0.852
0.88
0.836
0.832
0.92
0.928
0.908
0.84
0.908
0.944
0.932
0.844
0.856
0.856
0.832
0.792
0.852
0.892
0.896
0.848
0.912
0.944
0.912
0.836
0.872
0.868
0.8887947
0.804
0.804
0.808
0.776
0.8885711
0.932
0.932
0.896
0.964
0.964
0.932
0.836
0.876
0.876
0.856
0.804
0.856
0.9
0.896
0.896
0.832
0.776
0.8
0.812
0.8
0.832
0.796
0.784
0.844
0.868
0.892
0.804
0.812
0.8
0.756
0.72
0.692
0.684
0.72
0.768
0.812
0.812
0.76
0.832
0.824
0.808
0.768
0.812
0.808
0.824
0.768
0.772
0.8
0.736
0.712
0.708
0.692
0.8
0.844
0.74
0.776
0.848
0.892
0.8857809
0.848
0.868
0.824
0.792
0.864
0.928
0.944
0.864
0.932
0.968
0.96
0.88
0.936
0.924
0.84
0.912
0.956
0.88
0.864
0.908
0.948
0.84
0.888
0.872
0.864
0.852
0.816
0.76
0.772
0.776
0.796
0.848
0.808
0.784
0.82
0.84
0.852
0.856
0.796
0.816
0.836
0.848
0.86
0.808
0.816
0.86
0.92
0.936
0.856
0.904
0.92
0.932
0.928
0.88
0.856
0.884
0.888
0.872
0.808
0.824
0.792
0.74
0.728
0.76
0.732
0.84
0.864
0.9
0.82
0.852
0.876
0.9
0.812
0.816
0.84
0.884
0.844
0.808
0.852
0.84
0.8801051
0.772
0.784
0.808
0.852
0.796
0.896
1.044
0.988
0.876
0.996
0.988
0.932
0.852
0.924
0.932
0.868
0.824
0.868
0.9
0.904
0.848
0.888
0.904
0.928
0.936
0.916
0.84
0.84
0.816
0.8765459
0.808
0.76
0.796
0.8
0.872
0.852
0.768
0.764
0.744
0.76
0.74
0.704
0.712
0.752
0.728
0.72
0.772
0.812
0.836
0.808
0.776
0.824
0.852
0.8733617
0.788
0.776
0.816
0.848
0.856
0.816
0.8724026
0.872
0.86
0.856
0.84
0.816
0.884
0.896
0.904
0.8711604
0.772
0.78
0.804
0.86
0.844
0.74
0.708
0.728
0.716
0.732
0.736
1.108
0.988
0.96
0.924
0.82
0.768
0.776
0.824
0.808
0.8682689
0.82
0.796
0.768
0.772
0.748
0.792
0.864
0.872
0.896
0.836
0.884
0.892
0.892
0.9
0.848
0.852
0.88
0.904
0.912
0.892
0.836
0.876
0.912
0.888
0.816
0.836
0.86471
0.836
0.772
0.808
0.852
0.868
0.896
0.868
0.828
0.884
0.888
0.876
0.812
0.844
0.872
0.876
0.892
0.832
0.8625414
0.832
0.78
0.792
0.808
0.828
0.812
0.808
0.896
0.964
0.86
0.832
0.828
0.84
0.768
0.724
0.708
0.748
0.788
0.72
0.752
0.8
0.836
0.868
0.8600402
0.852
0.832
0.856
0.832
0.788
0.86
0.948
0.928
0.84
0.916
0.944
0.936
0.848
0.868
0.872
0.856
0.856
0.78
0.78
0.76
0.728
0.7
0.672
0.692
0.716
0.8
0.792
0.716
0.76
0.8
0.732
0.72
0.712
0.736
0.756
0.768
0.804
0.78
0.732
0.768
0.768
0.784
0.796
0.824
0.78
0.8570486
0.808
0.816
0.768
0.764
0.852
0.9
0.932
0.844
0.904
0.944
0.924
0.896
0.82
0.856
0.848
0.82
0.788
0.844
0.888
0.884
0.8563672
0.832
0.828
0.784
0.76
0.812
0.848
0.888
0.864
0.96
0.972
0.948
0.856
0.892
0.892
0.888
0.824
0.856
0.832
0.844
0.8
0.792
0.852
0.904
0.876
0.824
0.884
0.916
0.848
0.872
0.888
0.8553124
0.84
0.812
0.82
0.792
0.824
0.952
1.008
0.92
0.972
0.988
0.988
0.904
0.924
0.944
0.896
0.824
0.84
0.8546998
0.768
0.8546326
0.752
0.74
0.756
0.836
0.896
0.876
0.828
0.932
0.952
0.908
0.824
0.856
0.82
0.812
0.8541383
0.8541061
0.854074
0.816
0.76
0.856
0.876
0.8
0.868
0.864
0.888
0.852
0.788
0.82
0.848
0.8536674
0.808
0.792
0.8
0.752
0.824
0.904
0.952
0.972
0.92
0.932
1.012
0.992
0.96
0.924
0.856
0.912
0.952
0.956
0.948
0.844
0.88
0.884
0.872
0.872
0.816
0.792
0.836
0.856
0.804
0.8
0.84
0.864
0.896
0.824
0.852
0.852
0.888
0.892
0.832
0.88
0.9
0.904
0.836
0.852
0.844
0.824
0.812
0.768
0.796
0.816
0.796
0.764
0.836
0.86
0.884
0.816
0.856
0.844
0.84
0.78
0.804
0.808
0.828
0.792
0.82
0.832
0.84
0.78
0.8
0.792
0.792
0.784
0.752
0.776
0.784
0.812
0.78
0.776
0.796
0.808
0.812
0.76
0.816
0.828
0.836
0.776
0.82
0.824
0.848
0.816
0.788
0.82
0.792
0.728
0.708
0.676
0.8517948
0.851791
0.748
0.748
0.812
0.856
0.848
0.796
0.84
0.844
0.896
0.792
0.844
0.86
0.868
0.848
0.784
0.752
0.78
0.792
0.792
0.728
0.696
0.704
0.692
0.664
0.644
0.632
0.648
0.728
0.732
0.688
0.728
0.82
0.86
0.832
0.816
0.832
0.832
0.836
0.808
0.796
0.816
0.836
0.856
0.8520589
0.768
0.776
0.776
0.812
0.848
0.892
0.86
0.984
1.004
0.976
0.864
0.824
0.84
0.816
0.812
0.756
0.812
0.8
0.808
0.78
0.752
0.78
0.784
0.812
0.812
0.772
0.832
0.824
0.856
0.808
0.784
0.8
0.788
0.784
0.732
0.764
0.752
0.772
0.768
0.724
0.772
0.772
0.8
0.744
0.744
0.816
0.82
0.86
0.784
0.812
0.808
0.8
0.764
0.756
0.776
0.796
0.792
0.756
0.78
0.784
0.808
0.812
0.756
0.8
0.808
0.808
0.76
0.772
0.772
0.792
0.78
0.748
0.784
0.792
0.78
0.748
0.776
0.768
0.776
0.78
0.736
0.716
0.74
0.736
0.752
0.72
0.704
0.76
0.76
0.768
0.728
0.716
0.728
0.756
0.768
0.776
0.772
0.732
0.7
0.684
0.668
0.656
0.644
0.676
0.72
0.68
0.708
0.74
0.744
0.764
0.72
0.752
0.752
0.752
0.712
0.692
0.688
0.684
0.7
0.704
0.704
0.688
0.684
0.696
0.708
0.72
0.736
0.768
0.756
0.728
0.756
0.776
0.816
0.812
0.772
0.756
0.808
0.816
0.816
0.812
0.772
0.8
0.832
0.856
0.864
0.796
0.836
0.856
0.848
0.788
0.788
0.816
0.836
0.832
0.784
0.836
0.848
0.868
0.796
0.824
0.828
0.856
0.788
0.788
0.828
0.852
0.78
0.792
0.86
0.828
0.8
0.772
0.728
0.692
0.668
0.704
0.764
0.812
0.764
0.736
0.792
0.816
0.828
0.788
0.76
0.796
0.808
0.84
0.804
0.764
0.82
0.836
0.86
0.808
0.78
0.844
0.86
0.812
0.764
0.812
0.84
0.848
0.812
0.8711142
0.812
0.804
0.844
0.776
0.816
0.876
0.892
0.92
0.8720361
0.848
0.816
0.844
0.852
0.812
0.908
1
0.992
0.876
0.916
0.952
0.8731726
0.804
0.78
0.82
0.836
0.792
0.9
1.076
1.004
0.98
0.892
0.984
0.8741857
0.848
0.844
0.84
0.864
0.884
0.82
0.864
0.916
0.94
0.884
0.868
0.9
0.896
0.852
0.812
0.884
0.924
0.8754324
0.828
0.812
0.816
0.768
0.796
0.88
0.944
0.932
0.852
0.952
0.98
0.9
0.956
0.968
0.92
0.868
0.936
0.948
0.88
0.82
0.86
0.896
0.912
0.84
0.884
0.908
0.924
0.84
0.92
0.924
0.8770289
0.844
0.8771464
0.788
0.8772666
0.76
0.752
0.8774516
0.8775146
0.976
0.956
0.924
0.828
0.8778385
0.844
0.768
0.796
0.832
0.9
0.916
0.852
0.984
1.004
0.924
0.836
0.88
0.876
0.852
0.796
0.844
0.856
0.872
0.8
0.836
0.872
0.9
0.82
0.879584
0.832
0.879742
0.788
0.776
0.8
0.772
0.924
1.044
0.992
0.912
0.992
1.008
0.98
0.88
0.948
0.96
0.932
0.844
0.888
0.94
0.904
0.852
0.872
0.808
0.796
0.856
0.8
0.756
0.816
0.876
0.9
0.812
0.828
0.872
0.872
0.82
0.82
0.888
0.844
0.808
0.772
0.768
0.728
0.688
0.724
0.776
0.856
0.86
0.796
0.888
0.908
0.932
0.852
0.8842867
0.884
0.848
0.792
0.856
0.884
0.908
0.812
0.852
0.888
0.924
0.884
0.796
0.852
0.876
0.912
0.912
0.824
0.876
0.896
0.916
0.868
0.804
0.852
0.852
0.848
0.764
0.784
0.752
0.756
0.712
0.724
0.7
0.688
0.676
0.728
0.82
0.772
0.872
0.916
0.944
0.868
0.888
0.94
0.976
0.932
0.848
0.928
0.948
0.904
0.828
0.872
0.884
0.884
0.856
0.788
0.836
0.804
0.804
0.896
0.928
0.932
0.824
0.88
0.908
0.94
0.872
0.828
0.876
0.912
0.952
0.8906764
0.896
0.928
0.836
0.876
0.944
0.976
0.932
0.852
0.891399
0.888
0.796
0.84
0.864
0.896
0.8918615
0.996
0.968
0.892
0.988
1.008
0.976
0.876
0.912
0.94
0.936
0.852
0.88
0.912
0.92
0.844
0.904
0.92
0.888
0.796
0.84
0.844
0.772
0.78
0.82
0.848
0.86
0.796
0.816
0.856
0.872
0.884
0.812
0.852
0.864
0.848
0.894229
0.824
0.796
0.768
0.816
0.868
0.94
0.912
0.972
0.996
0.912
0.936
0.98
0.952
0.86
0.904
0.912
0.904
0.836
0.872
0.8951678
0.84
0.792
0.816
0.832
0.848
0.876
0.832
0.948
0.992
0.964
0.872
0.912
0.92
0.888
0.808
0.832
0.852
0.876
0.8958396
0.84
0.828
0.768
0.756
0.824
0.872
0.872
0.828
0.956
0.988
0.892
0.912
0.936
0.908
0.804
0.784
0.724
0.696
0.696
0.828
0.78
0.868
1.036
1.012
0.892
0.948
0.976
0.936
0.856
0.924
0.928
0.94
0.864
0.864
0.928
0.924
0.928
0.848
0.864
0.9
0.92
0.868
0.82
0.852
0.892
0.908
0.836
0.892
0.94
0.948
0.856
0.856
0.912
0.928
0.856
0.856
0.88
0.908
0.828
0.86
0.8975738
0.852
0.78
0.812
0.844
0.912
0.908
0.864
0.968
1.016
0.98
0.876
0.928
0.908
0.88
0.812
0.856
0.88
0.884
0.82
0.884
0.908
0.8980775
0.812
0.812
0.828
0.792
0.8
0.952
1.068
1.012
0.936
1.02
0.8983112
0.84
0.78
0.808
0.848
0.912
0.848
1.016
1.092
1.012
0.96
1.008
1
0.9
0.948
0.976
0.98
0.96
0.872
0.86
0.916
0.968
0.948
0.856
0.892
0.96
0.896
0.832
0.884
0.892
0.828
0.88
0.92
0.916
0.828
0.86
0.888
0.92
0.832
0.88
0.908
0.924
0.86
0.932
0.952
0.956
0.912
0.808
0.82
0.8
0.748
0.712
0.688
0.8993181
0.88
0.8993535
0.8993712
0.776
0.816
0.844
0.756
0.724
0.728
0.756
0.752
0.788
0.76
0.764
0.78
0.776
0.8996163
0.78
0.76
0.8996685
0.772
0.752
0.8997206
0.74
0.74
0.796
0.812
0.78
0.796
0.852
0.852
0.86
0.792
0.8
0.812
0.816
0.808
0.832
0.84
0.9000158
0.764
0.708
0.68
0.668
0.68
0.724
0.748
0.832
0.928
0.992
0.88
0.948
0.96
0.928
0.832
0.824
0.792
0.804
0.824
0.84
0.844
0.9004044
0.78
0.768
0.784
0.756
0.756
0.792
0.844
0.856
0.784
0.9005862
0.712
0.692
0.764
0.84
0.772
0.812
0.912
0.94
0.94
0.848
0.856
0.916
0.952
0.904
0.816
0.9008873
0.88
0.900926
0.86
0.848
0.84
0.9010038
0.864
0.888
0.832
0.892
0.936
0.94
0.92
0.832
0.888
0.912
0.904
0.9012252
0.872
0.872
0.92
0.852
0.9013115
0.908
0.901345
0.84
0.836
0.868
0.9
0.9014261
0.96
0.928
0.856
0.924
0.968
0.952
0.852
0.868
0.868
0.9015772
0.804
0.824
0.836
0.844
0.828
0.94
1.028
1.052
0.936
1.012
1.02
0.928
0.976
0.984
0.94
0.836
0.88
0.952
0.944
0.848
0.872
0.888
0.916
0.9
0.836
0.856
0.9
0.912
0.904
0.9019354
0.836
0.824
0.816
0.776
0.84
0.896
0.932
0.9020055
0.928
0.908
0.836
0.92
0.956
0.9020507
0.864
0.84
0.804
0.792
0.888
0.988
0.9020952
0.86
0.812
0.752
0.776
0.9021216
0.8
0.756
0.832
0.856
0.872
0.812
0.9
0.936
0.952
0.868
0.928
0.944
0.9021682
0.856
0.804
0.728
0.704
0.7
0.7
0.9021799
0.76
0.82
0.78
0.884
0.968
0.98
0.956
0.872
0.916
0.928
0.952
0.916
0.848
0.884
0.88
0.904
0.808
0.836
0.86
0.844
0.796
0.824
0.868
0.92
0.884
0.828
0.868
0.884
0.856
0.804
0.868
0.888
0.888
0.78
0.756
0.752
0.756
0.808
0.76
0.748
0.78
0.792
0.76
0.784
0.776
0.716
0.696
0.74
0.684
0.684
0.704
0.776
0.784
0.764
0.728
0.7
0.676
0.664
0.676
0.696
0.732
0.732
0.74
0.744
0.704
0.772
0.784
0.804
0.788
0.76
0.724
0.756
0.768
0.788
0.756
0.74
0.776
0.784
0.8
0.796
0.752
0.792
0.792
0.788
0.808
0.756
0.772
0.784
0.78
0.776
0.788
0.804
0.772
0.736
0.748
0.692
0.68
0.66
0.668
0.688
0.72
0.768
0.756
0.728
0.808
0.804
0.808
0.808
0.748
0.752
0.76
0.792
0.804
0.736
0.748
0.808
0.832
0.752
0.812
0.832
0.836
0.8
0.76
0.836
0.84
0.828
0.772
0.832
0.86
0.848
0.78
0.828
0.84
0.828
0.796
0.816
0.836
0.796
0.8
0.836
0.852
0.812
0.76
0.812
0.748
0.78
0.732
0.688
0.672
0.676
0.688
0.716
0.812
0.788
0.8996213
0.812
0.808
0.768
0.76
0.824
0.892
0.892
0.864
0.964
0.936
0.844
0.884
0.908
0.912
0.86
0.816
0.88
0.892
0.908
0.852
0.812
0.848
0.884
0.888
0.82
0.856
0.876
0.9
0.884
0.828
0.852
0.868
0.872
0.9
0.816
0.844
0.868
0.88
0.9
0.828
0.872
0.892
0.908
0.868
0.808
0.848
0.76
0.78
0.8
0.852
0.848
0.788
0.756
0.812
0.848
0.852
0.788
0.812
0.82
0.8
0.804
0.756
0.8968198
0.772
0.76
0.72
0.768
0.8
0.848
0.872
0.84
0.788
0.848
0.864
0.868
0.804
0.824
0.86
0.884
0.864
0.808
0.852
0.82
0.82
0.792
0.8
0.744
0.708
0.704
0.684
0.692
0.832
0.796
0.8951272
0.812
0.82
0.772
0.8948967
0.824
0.864
0.852
0.816
0.908
0.948
0.8944875
0.84
0.836
0.844
0.88
0.844
0.852
0.944
0.984
0.9
0.948
0.96
0.8937697
0.832
0.8936481
0.82
0.772
0.852
0.996
0.996
0.98
0.904
0.976
0.984
0.948
0.856
0.868
0.896
0.916
0.8927213
0.812
0.74
0.808
0.82
0.912
0.896
0.856
1.008
0.8921534
0.832
0.872
0.872
0.872
0.8918345
0.856
0.86
0.872
0.812
0.872
0.944
0.94
0.892
0.948
0.96
0.948
0.94
0.876
0.864
0.892
0.896
0.9
0.892
0.816
0.824
0.856
0.856
0.852
0.804
0.872
0.9
0.908
0.8900124
0.836
0.848
0.836
0.796
0.808
0.964
0.98
0.86
0.996
0.98
0.936
0.824
0.872
0.816
0.744
0.7
0.704
0.74
0.76
0.792
0.888618
0.784
0.828
0.812
0.764
0.824
0.832
0.84
0.792
0.772
0.824
0.844
0.844
0.8877488
0.792
0.804
0.784
0.756
0.816
0.828
0.884
0.832
0.792
0.86
0.872
0.864
0.8868786
0.82
0.824
0.816
0.764
0.836
0.876
0.94
0.924
0.8862772
0.892
0.8861437
0.832
0.824
0.82
0.776
0.86
0.908
0.8856775
0.892
0.8855447
0.856
0.848
0.94
0.952
0.912
0.82
0.808
0.74
0.712
0.748
0.768
0.768
0.888
0.924
0.8845388
0.908
0.94
0.848
0.88
0.908
0.896
0.824
0.852
0.856
0.856
0.864
0.792
0.848
0.844
0.864
0.8834443
0.824
0.82
0.78
0.84
0.884
0.948
0.904
0.8828885
0.884
0.908
0.864
0.828
0.9
0.912
0.928
0.924
0.8822564
0.86
0.828
0.848
0.808
0.82
0.8818309
0.84
0.8816883
0.732
0.7
0.728
0.784
0.82
0.832
0.8811864
0.816
0.832
0.788
0.764
0.824
0.888
0.876
0.8806073
0.812
0.796
0.812
0.808
0.776
0.844
0.924
0.996
0.8799486
0.92
0.932
0.94
0.856
0.86
0.88
0.912
0.904
0.82
0.844
0.852
0.852
0.816
0.804
0.872
0.884
0.9
0.824
0.84
0.848
0.872
0.844
0.8
0.864
0.9
0.916
0.844
0.864
0.9
0.924
0.908
0.836
0.86
0.88
0.884
0.816
0.86
0.88
0.916
0.86
0.84
0.864
0.896
0.896
0.8765385
0.844
0.828
0.836
0.784
0.848
0.868
0.916
0.892
0.828
0.868
0.896
0.896
0.808
0.864
0.864
0.844
0.8751983
0.828
0.844
0.808
0.904
0.956
0.976
0.976
0.924
0.924
0.94
0.8743155
0.792
0.804
0.816
0.824
0.78
1.024
0.8737473
0.9
0.976
0.98
0.924
0.856
0.92
0.976
0.976
0.956
0.868
0.896
0.932
0.884
0.828
0.86
0.852
0.856
0.8
0.848
0.868
0.872
0.8719281
0.812
0.776
0.808
0.764
0.764
0.876
0.94
0.924
0.848
0.904
0.892
0.8709143
0.848
0.8707438
0.788
0.756
0.828
0.948
0.976
0.968
0.928
0.84
0.8699714
0.884
0.796
0.8
0.82
0.84
0.852
0.776
0.884
1.004
0.8691027
0.852
0.832
0.852
0.812
0.776
0.8685763
0.884
0.8684
0.868
0.86
0.792
0.816
0.88
0.948
0.98
0.932
0.892
0.944
0.867422
0.876
0.792
0.82
0.844
0.808
0.788
0.88
0.908
0.904
0.8665213
0.928
0.908
0.876
0.808
0.824
0.84
0.852
0.84
0.788
0.784
0.816
0.836
0.84
0.784
0.788
0.76
0.72
0.696
0.672
0.692
0.784
0.844
0.844
0.848
0.796
0.824
0.872
0.904
0.892
0.776
0.752
0.748
0.716
0.712
0.764
0.808
0.804
0.76
0.816
0.852
0.872
0.828
0.8625398
0.808
0.764
0.784
0.816
0.816
0.844
0.768
0.792
0.8
0.808
0.808
0.756
0.828
0.876
0.876
0.808
0.828
0.84
0.824
0.828
0.776
0.772
0.8
0.828
0.832
0.812
0.772
0.844
0.808
0.82
0.792
0.748
0.784
0.776
0.78
0.772
0.732
0.724
0.764
0.76
0.712
0.68
0.656
0.656
0.692
0.776
0.804
0.76
0.752
0.86
0.872
0.86
0.78
0.804
0.836
0.872
0.912
0.836
0.772
0.844
0.856
0.86
0.776
0.78
0.788
0.812
0.744
0.748
0.784
0.788
0.748
0.7
0.7
0.668
0.664
0.672
0.676
0.672
0.732
0.756
0.732
0.72
0.776
0.756
0.764
0.712
0.7
0.736
0.732
0.752
0.7
0.744
0.764
0.752
0.728
0.696
0.736
0.752
0.764
0.696
0.744
0.76
0.792
0.772
0.716
0.736
0.756
0.776
0.788
0.772
0.716
0.748
0.768
0.776
0.744
0.72
0.8508548
0.768
0.724
0.74
0.776
0.796
0.784
0.752
0.796
0.816
0.832
0.788
0.8
0.828
0.856
0.832
0.788
0.828
0.82
0.828
0.776
0.76
0.764
0.76
0.756
0.716
0.76
0.78
0.776
0.728
0.724
0.776
0.776
0.748
0.728
0.756
0.784
0.796
0.732
0.764
0.756
0.744
0.696
0.668
0.656
0.668
0.72
0.784
0.716
0.712
0.845371
0.788
0.732
0.72
0.768
0.8
0.772
0.744
0.816
0.836
0.864
0.808
0.824
0.836
0.844
0.836
0.784
0.8434261
0.796
0.752
0.776
0.784
0.796
0.772
0.844
0.936
0.948
0.86
0.868
0.912
0.948
0.932
0.844
0.896
0.892
0.88
0.808
0.852
0.872
0.868
0.8
0.812
0.832
0.86
0.844
0.78
0.8
0.796
0.8
0.78
0.78
0.848
0.88
0.86
0.796
0.816
0.812
0.804
0.804
0.756
0.776
0.8
0.828
0.824
0.776
0.8376912
0.82
0.752
0.78
0.804
0.808
0.788
0.72
0.768
0.812
0.8
0.76
0.752
0.776
0.76
0.704
0.752
0.74
0.688
0.668
0.8351925
0.664
0.764
0.788
0.812
0.764
0.716
0.784
0.804
0.84
0.824
0.76
0.764
0.768
0.788
0.78
0.748
0.772
0.784
0.764
0.752
0.744
0.732
0.752
0.748
0.776
0.724
0.724
0.8315911
0.736
0.74
0.712
0.692
0.748
0.796
0.824
0.804
0.756
0.808
0.82
0.828
0.772
0.8297467
0.716
0.688
0.66
0.648
0.64
0.636
0.736
0.712
0.844
0.916
0.916
0.812
0.856
0.86
0.852
0.792
0.744
0.792
0.844
0.856
0.78
0.82
0.86
0.868
0.796
0.788
0.812
0.84
0.844
0.78
0.8255633
0.792
0.74
0.752
0.776
0.756
0.72
0.68
0.7
0.74
0.74
0.86
0.872
0.892
0.816
0.796
0.82
0.816
0.848
0.852
0.792
0.804
0.832
0.828
0.856
0.804
0.768
0.816
0.844
0.844
0.792
0.748
0.78
0.812
0.872
0.88
0.836
0.836
0.9
0.904
0.8199729
0.808
0.784
0.8195452
0.732
0.792
0.904
0.928
0.868
0.856
0.952
0.936
0.8182556
0.804
0.736
0.8178235
0.8176792
0.872
0.872
0.884
0.896
0.84
0.752
0.744
0.74
0.78
0.744
0.704
0.728
0.72
0.692
0.672
0.668
0.676
0.664
0.676
0.696
0.724
0.736
0.728
0.712
0.74
0.748
0.748
0.76
0.732
0.712
0.74
0.756
0.772
0.776
0.72
0.744
0.756
0.792
0.804
0.796
0.756
0.776
0.8
0.824
0.836
0.772
0.756
0.776
0.792
0.804
0.748
0.752
0.784
0.824
0.776
0.8
0.868
0.888
0.8089586
0.804
0.764
0.748
0.704
0.76
0.788
0.82
0.796
0.844
0.92
0.94
0.86
0.796
0.828
0.856
0.848
0.78
0.8062211
0.8
0.78
0.744
0.748
0.784
0.828
0.848
0.784
0.836
0.856
0.856
0.8
0.812
0.824
0.844
0.84
0.776
0.792
0.812
0.8
