0.988
1
0.98
0.968
0.948
0.916
0.884
0.86
0.86
0.876
0.952
0.996
0.988
0.996
0.996
0.992
0.96
0.94
0.884
0.892
0.888
0.916
0.916
0.932
0.94
0.948
0.96
0.984
0.976
0.968
0.98
0.996
1.004
0.992
0.984
0.972
0.964
0.96
0.96
0.944
0.908
0.896
0.896
0.9
0.924
0.964
0.984
1.02
1.06
1.072
1.084
1.064
1.052
1.032
1.012
1.004
0.976
0.944
0.912
0.896
0.896
0.896
0.916
0.944
0.964
1.012
1.028
1.02
0.996
0.98
0.968
0.968
0.952
0.952
0.92
0.904
0.892
0.868
0.864
0.876
0.892
0.908
0.94
0.956
0.964
0.972
0.988
0.996
0.948
0.828
0.824
0.876
0.908
0.876
0.868
0.86
0.868
0.868
0.88
0.916
0.932
0.944
0.952
0.964
0.976
0.956
0.94
0.9178633
0.876
0.888
0.888
0.928
0.916
0.944
0.992
1.008
1.004
1
0.984
0.972
0.936
0.896
0.88
0.876
0.872
0.932
0.98
1.028
1.04
1.052
1.028
1.016
0.996
0.988
0.98
0.932
0.92
0.912
0.916
0.912
0.924
0.928
0.936
0.968
1.016
1.036
1.036
1.036
1.012
0.996
0.98
0.948
0.928
0.92
0.944
0.924
0.924
0.924
0.932
0.944
0.952
0.984
1.008
1.02
1.008
1
1.004
0.988
0.968
0.952
0.944
0.832
0.796
0.792
0.844
0.904
0.876
0.896
0.94
0.972
0.976
1.012
1.016
0.976
0.956
0.952
0.928
0.912
0.944
0.952
0.932
0.96
1
0.988
0.976
0.964
0.972
0.96
0.968
0.92
0.916
0.916
0.944
0.948
0.996
1.048
1.048
1.036
1.024
1.004
0.984
0.956
0.92
0.92
0.912
0.924
0.976
1.036
1.084
1.076
1.068
1.04
1.016
0.996
0.94
0.924
0.904
0.916
0.92
0.936
0.972
0.996
0.996
0.988
0.96
0.868
0.824
0.844
0.848
0.86
0.86
0.856
0.84
0.832
0.984
0.9686266
0.964
1.14
1.04
1.024
1.056
1.048
1.044
1.016
1
0.968
0.912
0.88
0.86
0.86
0.872
0.924
0.96
0.972
0.98
0.972
0.984
0.976
0.968
0.928
0.912
0.912
0.908
0.92
0.956
0.992
1.016
1.06
1.056
1.044
1.012
1.008
1
0.952
0.924
0.916
0.904
0.92
0.98
1.012
1.032
1.048
1.048
1.02
1.024
1.016
1.012
0.98
0.956
0.94
0.948
0.964
0.968
0.988
1.028
1.028
1.02
1.024
1.02
1.008
0.996
0.976
0.988
0.968
0.952
0.924
0.908
0.912
0.92
0.928
0.936
0.96
1.012
1.016
1.008
1.02
1.032
1.02
1.024
1.036
1.008
0.976
0.928
0.88
0.852
0.86
0.884
0.928
0.88
1
0.952
0.984
1
0.992
0.972
0.98
0.972
0.964
0.976
0.968
0.936
0.868
0.84
0.828
0.844
0.892
0.944
0.944
0.976
0.98
0.972
0.976
0.972
0.976
0.98
0.96
0.976
0.976
0.932
0.888
0.86
0.86
0.884
0.924
0.948
0.94
0.932
0.94
0.856
0.828
0.876
0.876
0.864
0.852
0.868
0.884
0.932
0.964
0.98
0.996
0.992
0.992
0.968
0.948
0.928
0.908
0.892
0.892
0.912
0.94
0.984
1
1.024
1
0.992
0.996
1.004
1.008
0.964
0.936
0.924
0.912
0.932
0.94
0.948
0.956
0.968
1.004
1.032
1.04
1.008
0.996
0.996
0.988
1.004
1.012
0.98
0.948
0.928
0.904
0.904
0.92
0.948
0.948
0.96
0.984
1.016
1.036
1.028
1.048
1.012
1
0.984
0.972
0.968
0.964
0.924
0.916
0.908
0.888
0.872
0.868
0.88
0.916
0.964
0.972
0.988
1.004
1.008
1.004
1
0.992
0.984
0.976
0.964
0.916
0.88
0.86
0.844
0.832
0.84
0.884
0.916
0.912
0.94
0.98
1.008
0.996
0.98
0.984
0.968
0.964
0.948
0.94
0.892
0.876
0.84
0.824
0.832
0.852
0.864
0.848
0.876
1.114404
1.068
0.84
0.956
0.96
0.968
0.96
0.944
1.018169
1.022047
0.94
0.916
0.896
0.9
0.86
0.844
1.125497
1.044045
0.9319297
0.9695599
0.9852872
1.093854
1.037738
1.040451
1.136
1.14
1.132
0.964
0.92
0.936
0.932
0.932
0.944
0.896
0.88
0.884
1.022224
0.9789521
1.13125
1.047519
0.8874002
1.060832
0.9845686
0.84
0.852
0.836
0.9460663
1.001338
0.9488658
0.9682151
0.9750043
0.9060481
1.07015
1.02571
0.828
0.9418525
1.09734
1.043609
0.9967544
1.074141
0.852
0.864
1.073144
1.069504
1.060899
1.052178
1.01219
0.9963638
0.9915552
0.9711666
1.002835
0.98
0.956
0.928
0.9342397
1.124
0.856
1.157528
0.972
0.976
0.96
0.94
0.936
0.92
0.916
0.892
0.884
0.888
0.916
0.936
0.984
1
1.032
1.028
1.028
0.992
0.976
0.956
0.948
0.952
0.932
0.928
0.884
0.864
0.856
0.872
0.912
0.948
0.992
1
1.016
1.056
1.044
1.016
0.98
0.948
0.94
0.904
0.892
0.888
0.908
0.928
0.936
0.964
1.012
1.044
1.036
1.044
1.004
0.976
0.984
0.98
0.964
0.94
0.92
0.9
0.892
0.88
0.912
0.936
0.964
0.964
0.972
0.992
1.004
1.032
1.048
1.024
1.008
1
0.984
0.972
0.948
0.924
0.908
0.916
0.94
0.94
0.94
0.964
0.98
1.024
1.04
1.072
1.06
1.036
1.016
0.992
0.976
0.932
0.936
0.912
0.9
0.916
0.912
0.908
0.944
1
1.016
1.004
1.02
0.996
0.996
0.976
0.964
0.928
0.908
0.876
0.872
0.872
0.92
0.924
0.972
1
1.036
1.032
1.028
1.024
1.008
0.976
1.096847
1.172
1.008
0.972
0.948
0.956
1.008
1.064
1.048
1.024
1.02
1.032
1.028
1.004
0.968
0.948
0.9
0.884
0.88
0.916
0.924
0.916
0.932
0.968
1.132
1.116
1.112
1.06
0.9444017
0.92
0.968
1.02
1.004
1.044
1.02
0.9908746
1.016
1.116
0.872
0.9865247
1.068
0.9
0.884
1.067325
0.956
0.916
0.964
1.08
1.084
1.072
1.068
1.016
0.98
0.968
1
0.916
0.944
0.948
0.952
0.96
1.008
1.052
1.056
1.028
0.86
1.084
0.96
0.952
0.94
0.94
0.932
0.952
0.984
1.009325
0.924
0.944
1.030995
1.012606
1.048
0.86
0.864
0.832
1.011315
0.996
1.102899
1.028
0.992
0.98
0.956
0.932
0.908
0.892
0.876
0.872
0.88
0.912
0.92
0.972
0.972
1.004
1.032
1.056
1.028
0.876
0.9977683
1.110917
0.9116341
1.050201
1.092
1.092
1.088
1.088
1.019867
1.025774
1.084
1.036256
0.956
1.048
0.9787028
0.9896151
0.868
0.856
0.9448387
0.852
0.904
0.932
0.952
0.948
0.928
0.936
0.916
0.892
0.884
0.872
0.912
0.96
0.984
0.992
0.968
0.964
0.936
0.904
0.912
0.904
0.952
0.98
0.972
0.936
0.872
0.864
0.876
0.896
0.992
1.024
0.988
0.98
0.992
0.98
0.972
0.94
0.892
0.888
0.904
0.928
0.956
0.98
0.996
0.996
0.98
0.972
0.948
0.924
0.884
0.86
0.856
0.864
0.868
0.912
0.944
0.944
0.94
0.944
0.936
0.936
0.936
0.932
0.908
0.908
0.94
0.948
0.964
0.968
0.984
0.972
0.956
0.956
0.928
0.904
0.912
0.948
0.96
0.976
1.036
1.044
1.032
1.02
1.004
0.98
0.964
0.944
0.94
0.952
0.948
0.932
0.944
0.94
0.94
0.932
0.908
0.868
0.912
1.024
1.04
1
0.952
0.936
0.908
0.9
0.908
0.948
1.016
1.04
1.016
0.996
0.976
0.972
0.92
0.912
0.916
0.924
0.936
0.984
1.04
1.06
1.072
1.08
1.044
1.024
0.992
0.952
0.94
0.956
0.968
1.028
1.024
1.02
1.024
1.008
0.98
0.96
0.924
0.908
0.928
1.052
1.036
0.984
0.856
0.848
0.916
0.952
0.948
0.98
1.016
1.036
1.004
0.992
0.988
0.972
0.964
0.932
0.916
0.912
1.008
0.996
1.008
0.976
0.896
0.888
0.94
0.996
0.992
0.98
0.94
0.896
0.864
0.876
0.908
0.98
1.048
1.068
1.056
1.036
1.016
0.984
0.948
0.916
0.912
0.928
0.932
0.94
0.944
0.952
0.972
1.024
1.088
1.072
1.076
1.084
1.048
1.008
0.996
0.956
0.976
0.928
0.856
0.868
0.884
0.908
0.92
0.916
0.912
0.9
0.908
0.908
0.944
0.976
1.064
1.08
1.08
1.06
1.04
1.008
0.984
0.976
0.976
0.976
0.992
0.996
0.996
1.012
1.048
1.044
1.04
1.036
1.02
1.028
1.004
0.956
0.948
0.928
0.932
0.952
0.984
1.036
1.048
1.092
1.064
1.044
1.04
1.016
1
0.964
0.948
0.94
0.928
0.944
0.952
0.968
1.024
1.048
1.044
1.06
1.076
1.06
0.992
0.98
0.984
0.984
1.016
1.056
1.06
1.052
1.028
1.04
1.016
0.992
0.972
0.956
0.976
0.984
1.052
1.08
1.068
1.056
1.024
1
0.992
0.884
0.816
0.804
0.884
0.92
0.9
0.9
0.908
0.9
0.916
0.9
0.904
0.904
0.936
1.164
1.152
1.108
0.976
1
0.988
0.928
0.92
0.892
0.892
0.908
0.928
0.936
0.944
0.96
0.996
1.02
1.028
1.012
0.988
0.964
0.928
0.912
0.912
0.944
0.992
1.036
1.04
1.032
1.024
1.008
0.968
0.948
0.928
0.944
0.952
0.96
1.008
1.02
1.016
1.004
0.992
0.98
0.94
0.916
0.912
0.92
0.936
0.984
0.996
1
0.996
0.98
0.96
0.932
0.888
0.88
0.888
0.888
0.908
0.932
0.964
0.968
0.976
0.964
0.96
0.964
0.952
0.944
0.908
0.88
0.856
0.86
0.876
0.9
0.928
0.956
0.972
0.964
0.968
0.968
0.968
0.96
0.952
0.928
0.952
0.94
0.936
0.952
0.96
1
1.012
1.008
1.016
0.98
0.972
0.948
0.904
0.892
0.88
0.9
0.92
1.04
1.052
1.048
1.04
1.024
1.012
0.992
0.968
0.948
0.944
0.94
0.916
0.852
0.816
0.836
0.848
0.836
0.808
0.899437
0.9888288
0.9982429
0.808
0.9725824
1.029087
1.102395
1.052
1.06
1
0.928
0.92
0.896
0.884
0.888
0.9
0.916
0.94
0.964
0.98
0.992
0.996
0.972
0.956
0.944
0.908
0.904
0.892
0.908
0.944
1
1.036
1.032
1.036
1.008
0.996
0.936
0.904
0.892
0.908
0.948
0.988
1.028
1.02
1.008
0.996
0.98
0.988
0.936
0.924
0.932
0.916
0.944
0.944
0.976
0.98
0.988
0.996
0.996
0.984
0.988
0.984
0.948
0.908
0.88
0.88
0.9
0.952
1.044
1.04
1.024
1.016
0.996
0.988
0.98
0.976
0.932
0.904
0.884
0.868
0.896
0.944
1.012
1.072
1.068
1.044
1.044
1.032
1.012
1.016
1
0.996
0.956
0.92
0.924
0.944
0.98
1.024
1.028
1.012
1.004
0.984
0.988
0.972
0.904
0.872
0.856
0.868
0.936
1.004
1.044
1.052
1.056
1.04
1.008
1.028
1.016
0.992
1.012
0.988
0.964
0.996
1.024
1.084
1.112
1.08
1.052
1.048
1.028
1.032
1.02
1.004
0.988
0.952
0.968
1.016
1.044
1.068
1.056
1.056
1.056
1.02
1.012
0.996
0.988
0.96
0.956
0.948
1.012
1.028
1.028
1.036
1.016
0.972
0.964
0.968
1.004
1.016
1.008
0.984
0.992
0.96
0.936
0.932
0.956
1.004
1.02
1.016
1.024
1
1.004
0.964
0.908
0.884
0.884
0.896
0.92
0.96
0.976
1.02
1.02
1.032
1.012
0.992
0.964
0.932
0.884
0.88
0.908
0.968
1
1
0.992
0.98
0.948
0.908
0.88
0.888
0.904
0.928
0.96
1.032
1.052
1.068
1.056
1.044
1.016
1
0.984
0.948
0.936
0.932
0.964
0.944
0.904
0.936
0.992
1.032
1.072
1.104
1.12
1.112
1.06
1.032
1.004
0.976
0.944
0.912
0.924
0.944
0.98
1.056
1.116
1.084
1.052
1.044
1.012
0.964
0.952
0.944
0.936
0.948
0.98
0.996
1.036
1.06
1.06
1.052
1.036
1.016
1.016
1
1
0.984
0.944
0.884
0.836
0.82
0.952996
0.872
0.996
1.024
1.168
1.16
1.16
1.16
1.14
0.948
0.888
0.896
0.864
0.792
0.792
0.828
0.84
0.864
0.9
0.928
0.976
1.024
1.02
1.024
1.016
1.012
0.996
0.984
0.948
0.936
0.924
0.924
0.932
0.952
0.96
0.98
1.016
1.02
1.032
1.024
1.02
1.024
1.012
0.992
0.956
0.948
0.96
0.996
1.044
1.096
1.092
1.064
1.04
1.02
0.964
0.924
0.912
0.924
0.972
1.02
1.072
1.068
1.06
1.044
1.048
1.024
0.972
0.936
0.908
0.912
0.972
0.98
1.052
1.092
1.112
1.08
1.064
1.052
1.02
0.964
0.944
0.948
0.944
0.996
1.076
1.084
1.064
1.028
1.024
0.956
0.928
0.904
0.908
0.928
0.976
1.064
1.072
1.076
1.048
1.028
1.02
0.976
0.96
0.952
0.964
1.024
1.04
1.016
1.02
1
0.988
0.944
0.932
0.944
0.984
1.044
1.06
1.032
1.032
1.02
0.992
0.932
0.864
0.844
0.856
0.9
0.972
0.968
1.156
1.148
1.148
1.084
1.004
1.024
1.008
0.892
0.876
0.9
0.908
0.924
0.932
0.932
0.948
0.984
1.016
1.028
1.024
1.016
1.016
1.02
1
0.972
0.948
0.94
0.956
0.992
1.036
1.06
1.06
1.04
1.032
1.02
1.008
0.964
0.948
0.948
0.948
0.976
0.988
1.008
1.04
1.04
1.012
1.008
0.996
0.984
0.988
0.964
0.92
0.904
0.912
0.908
0.944
1
1.06
1.076
1.072
1.08
1.04
1.032
0.992
0.956
0.904
0.892
0.92
0.996
1.096
1.108
1.076
1.064
1.064
1.056
1.036
1
0.984
0.98
1.016
1.048
1.06
1.052
1.024
1.02
1.028
1.036
1.048
1.036
1.024
1.024
0.992
0.964
0.968
0.972
1.004
1.024
1.036
1.028
1
0.968
0.952
0.94
0.928
0.92
0.94
0.976
1.032
1.052
1.04
1.016
1
0.996
0.992
0.964
0.924
0.912
0.912
0.924
0.956
1.004
1.044
1.056
1.04
1.024
1.024
1
0.972
0.956
0.964
0.98
1.048
1.092
1.08
1.056
1.064
1.02
0.992
0.972
0.964
0.984
1.008
1.044
1.064
1.056
1.032
1.008
0.992
0.964
0.916
0.892
0.904
0.924
0.984
0.992
0.98
0.968
0.968
0.908
0.832
0.836
0.856
0.848
0.844
0.84
0.86
0.916
0.956
0.988
1
0.984
0.972
0.928
0.916
0.916
0.936
1
1.056
1.06
1.036
1.04
1.024
0.988
0.96
0.956
0.96
0.98
1.028
1.052
1.056
1.064
1.048
1.024
1.012
0.972
0.94
0.924
0.956
0.984
1.044
1.104
1.112
1.104
1.092
1.064
1.04
1.004
0.968
0.952
0.948
0.936
0.964
1
1.028
1.044
1.036
1.04
1.04
1.02
1.036
0.996
0.976
0.952
0.948
0.948
0.932
0.956
0.976
0.98
0.976
1.012
1.052
1.092
1.108
1.108
1.096
1.092
1.072
1.076
1.056
1.032
0.98
0.952
0.928
0.936
0.936
0.976
1.096
1.108
1.112
1.112
1.068
1.044
1.04
1.012
1.016
1.028
1.044
1.048
1.072
1.084
1.096
1.072
1.04
1.028
1.012
0.996
0.964
0.94
0.948
0.944
0.964
1.008
1.036
1.068
1.048
1.028
1.052
1.08
1.036
0.992
0.96
0.952
0.948
0.96
0.996
1.06
1.092
1.08
1.048
1.052
1
0.952
0.94
0.948
1.032
1.06
1.048
1.064
1.036
1.02
0.988
0.964
0.956
0.964
1.028
1.04
1.024
1.02
0.976
0.96
0.952
0.944
0.96
1.044
1.076
1.08
1.084
1.064
1.04
0.988
1.004
1.008
1.068
1.088
1.076
1.06
1.024
1.036
1.076
1.08
1.084
1.064
0.996
0.96
0.932
0.968
1.02
1.028
0.988
1.004
0.984
0.964
0.952
0.928
0.988
1.036
1.068
1.068
1.056
1.032
1.048
1.06
1.048
1.056
1.016
0.988
0.94
0.948
0.996
1.012
1.004
1
1
0.968
0.96
0.956
0.964
1.02
1.064
1.076
1.056
1.048
1.048
1.044
1.016
0.98
0.96
0.96
0.988
1.028
1.032
1.056
1.048
1.032
0.984
0.936
0.92
0.932
0.996
1.032
1.064
1.088
1.084
1.056
1.016
0.988
0.984
1.004
1.068
1.08
1.068
1.052
1.04
1.028
1.028
0.988
0.972
0.948
0.94
0.96
0.996
1.08
1.072
1.068
1.064
1.06
1.06
1.072
1.06
1.036
1.004
0.968
0.944
0.948
0.964
1.004
1.06
1.148
1.148
1.096
1.084
1.064
0.996
0.98
0.94
0.928
0.988
1.016
1.036
1.012
1
0.964
0.928
0.904
0.916
0.988
1.04
1.052
1.048
1.052
1.036
1.024
1.016
1.024
1.044
1.012
0.936
0.928
0.944
0.98
1.036
0.964
0.952
0.964
1.004
1.036
1.04
1.028
1
0.94
0.916
0.916
0.924
0.964
1.012
1.072
1.096
1.06
1.036
1.024
1.02
0.984
0.936
0.924
0.932
0.976
1.048
1.04
1.048
1.032
1.024
0.96
0.924
0.884
0.86
0.86
0.884
0.912
0.928
0.8516335
1.16
1.164
1.104
1.048
1.016
0.96
0.94
0.904
0.88
0.872
0.868
0.884
0.928
0.968
1
0.992
1.02
1.016
1.016
1.036
1.032
1.02
0.984
0.94
0.956
0.944
0.936
0.972
1.028
1.06
1.048
1.016
0.956
0.936
0.92
0.924
0.952
0.98
1.06
1.068
1.052
1.032
0.988
0.952
0.948
0.932
0.964
0.984
1.02
1.04
1.04
1.032
1
0.992
1.004
1.056
1.072
1.048
0.992
1.004
0.984
0.992
0.988
0.956
0.952
1.04
1.076
1.056
1.056
1.06
1.032
1.02
0.972
0.948
0.94
0.944
0.964
0.972
1.044
1.092
1.088
1.068
1.024
0.992
0.92
0.88
0.88
0.892
0.952
1.068
1.068
1.072
1.048
1.04
1.028
1.004
0.968
0.948
0.936
0.948
1
1.088
1.092
1.088
1.06
1.044
1
0.976
0.92
0.868
0.86
0.876
0.924
0.976
0.988
1.048
1.064071
0.9525771
0.9539119
1.16
0.98
0.944
0.94
0.98
0.892
0.82
0.84
0.952
0.932
0.92
0.932
0.944
0.956
0.968
0.996
1.008
1.016
1.024
1.02
0.992
0.956
0.952
0.96
0.956
0.952
0.952
0.968
1.028
1.056
1.052
1.048
1.044
1.02
0.988
0.968
0.944
0.944
0.948
0.976
0.988
1.028
1.04
1.052
1.036
1.024
1.012
0.964
0.964
0.948
0.956
0.968
1.016
1.068
1.096
1.064
1.036
1.016
0.992
0.976
0.976
0.98
0.98
0.976
1.004
1.06
1.088
1.104
1.1
1.048
0.988
0.88
0.864
0.904
0.952
1.012
1.072
1.084
1.076
1.052
1.012
1
0.992
0.972
1.012
1.028
1.036
1.036
1
0.988
0.992
0.988
1.016
1
1
0.988
0.968
0.976
1.004
1.036
1.028
1.032
1.012
0.984
0.944
0.936
0.94
0.968
0.98
1.008
1.072
1.072
0.968
0.968
0.988
0.984
0.996
0.96
0.948
0.928
0.944
1.008
1.028
1.028
1.032
1.008
0.988
0.988
0.972
0.988
1.028
1.028
1.04
1.02
1.016
0.972
0.948
0.94
0.96
0.96
1.004
1.04
1.076
1.068
1.076
1.032
0.976
1
1.024
1.024
1.028
1.028
1.012
1.016
1.012
0.972
0.98
1.004
1.04
0.972
0.964
1.036
1.052
0.972
0.94
0.996
0.996
0.972
0.908
0.896
0.964
1.052
1.04
1.016
0.988
1.036
1.032
1.008
0.98
0.98
1.024
1.032
1.032
1.036
0.984
0.924
0.896
0.84
0.812
0.796
0.872
1.164
1.104
1.104
1.068
1.056
1.04
1.02
1.036
1.004
0.984
0.956
0.944
0.92
0.924
0.928
0.94
1.04
1.056
1.008
0.98
0.976
0.956
0.932
0.924
0.952
1.02
1.008
0.968
0.956
0.932
0.932
0.94
0.96
0.988
1.024
1.036
1.012
0.984
0.972
0.964
0.952
0.96
0.96
0.98
1.044
1.064
1.052
1.044
1.004
0.892
0.86
0.86
0.864
0.892
0.924
1.02
1.056
1.052
1.024
1.012
1.012
0.972
0.984
1.024
1.096
1.068
1.096
1.116
1.112
1.124
1.12
1.096
1.088
1.008
0.936
0.888
0.856
0.82
0.896
0.968
1.055659
0.9704826
1.072
0.976
0.976
0.884
0.884
0.86
0.896
0.964
0.948
0.896
0.912
0.924
0.944
0.976
1.036
1.048
1.048
1.036
1.016
0.972
0.956
0.96
0.96
1.044
1.06
1.036
1.008
0.96
0.94
0.912
0.952
1
0.928
0.852
0.856
0.88
0.844
0.82
0.9090535
1.000157
0.88
0.936
0.848
0.808
0.8
0.948
0.96
0.952
0.96
0.984
1.016
1.096
1.1
1.08
1.076
1.048
1.04
1.004
0.972
0.996
1.008
1.044
1.04
1.044
1.06
1.052
1.036
1.012
1.004
1.004
0.996
1.008
1.032
1.108
1.096
1.064
1.052
1.084
1.012
1
0.968
1.016
1.048
1.048
1.016
1.016
0.988
0.972
0.972
0.964
0.98
1.052
1.068
1.044
1.056
1.052
1.052
1.028
0.968
0.948
0.96
1.052
1.084
1.068
1.08
1.036
1.024
1.028
1.036
1.024
0.976
0.932
0.928
0.924
0.944
0.884
0.86
0.884
0.944
0.988
0.996
1.004
1
1.02
1.028
1.008
0.992
0.952
0.956
0.98
1.04
1.06
1.072
1.084
1.02
1
1.012
1.06
1.048
1.028
0.968
0.924
0.952
0.984
1
1.008
0.988
0.98
0.96
0.892
0.84
0.824
0.9805818
0.9900324
1.014747
0.9656705
1.168
1.031741
0.9755881
1.172
1.032
0.952
0.948
1.016
1.08
1.076
1.016
1.004
1
0.98
0.98
0.984
1.02
1.104
1.072
1.052
1.044
1.024
1.024
1.028
1.008
1
0.992
0.98
0.932
0.908
0.904
0.948
0.98
0.988
0.964
0.948
0.936
0.932
0.968
1
1.004
0.984
0.944
0.908
0.884
0.868
0.848
0.832
0.836
0.864
0.968
1.032
1.02
0.948
0.884
0.848
0.8
1.015312
0.94
1.012
1.024
0.988
1.012
0.92
0.92
0.956
0.956
0.936
0.92
0.92
0.964
1.056
1.048
1.032
1.004
0.984
0.956
0.952
0.944
0.944
0.992
1.056
1.072
1.072
1.036
0.96
0.916
0.92
0.936
1.016
1.04
1.04
1.044
1.052
1.024
1
0.956
0.956
0.972
0.984
1.1
1.1
1.076
1.08
1.084
1.048
1.012
0.988
1.044
1.044
1.076
1.088
1.12
1.06
1.052
1.06
1.028
0.992
0.94
0.916
0.876
0.872
0.944
1.016
1.02
0.94
0.924
0.944
0.908
0.928
0.88
0.852
0.828
0.82
0.86
1.032
1.016
0.964
0.944
0.94
1.008
1.04
1.028
0.956
0.9
0.9
0.948
1.032
1.036
0.976
0.988
0.996
1
0.988
0.984
1.008
1.032
1.04
1.044
1.048
1.036
1.04
1.016
1.016
1.016
0.984
0.996
1.016
1.032
1.064
1.072
1.012
1.004
1.032
1.056
1.02
0.98
1.008
1.02
1.112
1.132
1.036
1.02
1.06
1.064
1.024
0.972
0.952
0.992
1.012
1.02
0.984
0.92
0.944
1.008
1.028
1.008
1.052
1.024
1.016
1
1.008
0.996
0.964
1.012
1.036
1.052
1.028
1.032
1.02
0.996
0.968
1.04
1.04
1.04
0.972
1.024
1.028
0.988
0.92
0.98
1.004
0.936
1.008
1.028
1.02
0.964
1.012
0.996
1.024
0.972
0.936
1.012
1.068
1.084
1.052
0.984
1.008
0.988
0.98
1.012
1.016
1.016
1.068
1.048
0.988
1.024
1.048
1.028
0.964
1
1.004
0.964
0.896
0.968
0.996
0.952
0.94
0.988
1.004
0.98
0.92
0.904
0.904
0.936
0.996
1.056
1.064
1.076
1.06
1.048
1.044
1.036
1.024
0.968
0.948
0.956
0.968
1.008
1.06
1.088
1.076
1.044
1.012
1.008
0.98
0.98
0.936
0.988
1.02
1.008
0.936
0.9
0.888
0.92
1.056
1.088
0.988
1.068
1.116
1.1
1.032
1.068
1.036
0.988
0.996
1.024
1.004
1
1.004
1.02
1.016
0.98
1.032
1.048
0.984
0.928
1.008
1.044
1.076
0.996
1.068
1.08
1.008
1.056
1.052
1.048
0.988
1.072
1.028
1
0.956
1.008
1.024
1.04
0.968
1.016
1.068
1.08
1.048
1.136
1.116
1.048
1.08
1.06
1.016
0.94
1.008
1.008
0.984
0.916
0.912
0.924
1.032
1.068
1.06
1.008
0.988
1.044
1.032
1.012
0.984
0.972
0.98
1.02
1.036
1.04
0.984
0.98
1.012
1.024
1.032
1.028
1.024
0.992
0.988
1.012
0.984
0.912
0.876
0.892
0.968
1.028
0.92
0.924
0.972
1.028
1.048
1
1.04
1.024
1.02
1.012
1.02
0.98
0.948
0.996
1.008
1
0.912
0.932
0.984
1.02
0.976
1.036
1.012
1
0.952
1.008
1.012
0.98
0.992
1.06
1.032
0.936
0.96
1.008
1.06
1.076
1.116
1.104
1.04
1.096
1.068
0.96
1.004
1.052
1.024
1
1.052
1.032
0.976
1
1
1.016
0.988
1.044
1.068
1.044
0.996
1.024
1.016
0.976
0.94
0.992
1.032
0.988
1.064
1.076
1.004
1.04
1.044
1.008
0.96
1
1.036
1.016
0.992
1.1
1.068
1.06
1.032
0.968
1.032
1.044
1.048
0.992
1.036
1.036
1.032
1.004
0.98
1.04
1.072
1.056
1.012
0.952
1.02
1.028
1.048
0.96
0.996
1.052
1.088
1.104
0.988
0.992
1.056
1.064
1.064
0.984
1.036
1.06
1.08
1.068
0.996
0.968
0.996
1.048
1.068
1.024
1.032
1.024
1.012
0.972
1.048
1.024
0.984
1.036
1.02
0.988
0.988
1.024
1.04
1.028
0.956
1.004
1.004
1.024
0.992
1.028
1.052
1.076
1.004
1.076
1.088
1.016
1.068
1.068
1.004
1.04
1.064
1.06
1.016
1.06
1.048
1.004
0.956
1.032
1.052
1.068
0.972
0.996
1.048
1.068
0.992
1.02
1.044
1.068
1.028
1.076
1.056
1.012
0.968
1.004
1.008
0.976
1.024
1.048
1.02
1.048
1.044
1.02
0.952
1.04
1.036
1.036
0.972
1.012
1.1
1.172
1.044
1.096
1.112
1.064
1.044
1.052
1.052
0.98
1.04
1.06
1.032
1.004
1.052
1.08
1.084
1.012
0.988
0.988
1.044
1.116
1.128
1.056
1.028
1.088
1.08
1.024
0.956
0.932
0.984
1.064
1.124
1.128
1.06
1.004
1.02
1.064
1.096
1.096
1.052
0.984
0.984
1.06
1.08
1.084
1.012
0.972
1.032
1.052
1.04
0.988
1.072
1.1
1.1
1.04
1
1.068
1.056
1.008
0.972
0.992
1.088
1.072
1.06
1
1.064
1.1
1.152
1.12
1.008
1.056
1.136
1.132
1.064
1.016
1.072
1.096
1.092
1.072
1.008
0.984
1.072
1.152
1.128
1.044
1.108
1.08
1.064
1.004
1.056
1.088
1.096
1.032
1.06
1.092
1.084
1.04
1.052
1.092
1.084
1.004
1.04
1.068
1.044
0.976
0.948
1.02
1.08
1.104
1.068
0.988
1.044
1.04
1.016
0.956
0.968
0.996
1.016
0.968
0.904
0.94
0.992
1.028
0.952
1.012
1.04
1.04
1.004
0.876
0.86
0.892
0.98
1.092
1.06
1.036
1.048
1.004
0.94
1.028
1.064
1.024
0.964
1.02
1.052
1.1
1.072
1.02
1
0.944
0.928
0.852
0.844
0.84
0.864
0.876
0.912
1.02
1.052
1.024
0.988
0.956
0.984
0.992
0.996
0.964
0.976
1.048
1.08
0.992
0.976
1.056
1.06
1.032
0.94
0.964
1.012
1.02
0.98
1
1.036
0.964
0.936
0.972
0.944
0.924
0.9
0.952
0.98
0.944
0.9
0.952
0.992
0.988
0.972
1
1.016
1.032
1.06
1.068
1.056
1.028
0.992
0.94
0.948
0.996
1
1.008
0.964
1.008
1.016
1.016
0.948
0.892
0.904
0.988
1.072
1.048
0.96
0.884
0.848
0.808
0.804
1.004
1.18
1.124
1.056
0.992
1.036
1.02
1.012
0.98
0.996
0.996
0.964
1.008
1.028
1.052
1.064
1.012
1.016
1.036
1.04
1.008
0.944
0.964
0.992
1
0.912
0.936
1.056
1.104
0.992
1.012
1.036
1.028
0.944
0.988
1.04
1.024
0.964
0.964
0.972
1.012
0.992
1.072
1.108
1.072
1.032
1.016
0.984
0.996
0.944
0.96
0.98
1.052
1.076
1.08
0.992
0.928
0.904
0.9
0.892
0.876
0.872
0.86
0.844
1.044
1.064074
1.116
1.056
1
0.972
0.884
0.824
0.812
0.836
0.844
0.86
0.872
0.876
0.84
0.824
0.804
1.020384
0.9708694
1.06666
0.808
0.864
0.884
0.884
0.868
0.892
0.896
0.908
0.896
0.896
0.912
0.932
0.936
0.936
0.92
0.892
0.88
0.872
0.868
0.884
0.94
0.992
0.988
0.984
0.944
0.92
0.936
0.956
0.992
1.012
0.984
0.992
1.048
1.036
1.08
1.044
0.98
0.984
1.024
1.008
0.956
0.992
1.02
1.028
0.98
1.02
1.008
0.956
1
1.028
0.988
0.932
0.984
1.028
1.028
0.956
1.012
1.068
1.032
0.96
0.92
0.948
1
1.02
1.012
0.936
0.864
0.844
0.824
0.832
0.872
0.876
0.904
0.868
1.012
0.992
0.896
0.876
1.008
1
0.96
0.872
0.84
0.904
0.972
0.968
0.98
0.988
1
1
1.008
0.984
0.944
0.932
0.976
1.04
1.084
1.104
1.084
1.076
1.068
1.02
0.984
0.976
0.976
1.02
1.068
1.056
1.072
1.084
1.096
1.024
1.004
0.988
0.988
0.952
0.916
0.928
1
1.016
1.036
0.964
0.904
0.884
0.9
0.928
0.96
0.992
0.956
0.952
0.996
1.032
1.044
0.988
0.936
0.924
0.916
1.012
1.084
1.064
1.056
1.04
1.02
1.044
1.072
1.072
1.076
1.072
1.024
1.008
1
1.036
1.088
1.04
0.952
1
1.02
1.016
0.956
1
1.016
1.036
1.012
1.048
1.036
0.996
0.944
1
1.016
0.996
0.988
1.008
0.976
0.92
0.932
0.944
1.052
1.08
1.08
0.976
1.044
1.068
1.072
0.996
0.988
1.032
1.06
1.068
1.044
1.052
1.068
1.064
0.976
1.012
1.06
1.06
1.02
0.944
0.932
0.992
1.06
1.144
1.1
0.996
1.012
1.032
1.096
1.108
1.084
1.016
0.96
1.012
1.044
1.068
1.052
0.992
1.012
1.072
1.084
1.028
0.948
0.98
1.008
1.02
1.016
0.956
1.028
1.064
1.056
1.044
0.956
0.952
0.948
0.976
1.032
1.064
1.076
1.076
1.068
0.988
0.98
0.972
0.964
0.992
1.024
1.056
1.048
1.012
0.964
0.976
0.988
1.032
1.016
0.968
0.884
0.844
0.812
0.8
0.828
0.86
0.98
1
1.016
1.044
1.06
1.032
0.98
0.992
1.04
1.044
1.044
0.972
0.912
0.88
0.864
0.856
0.84
0.82
0.864
0.888
0.98
0.984
0.896
0.824
1.057577
0.908
1.144
1.004
0.94
0.928
0.92
0.92
0.94
0.96
0.94
0.924
0.916
0.924
0.94
0.916
0.912
0.908
0.848
0.832
0.812
0.816
0.844
0.892
0.812
0.808
0.892
0.94
0.92
0.928
0.992
1.048
1.036
1.052
1.056
1.044
1.072
1.108
1.132
1.148
1.188
1.152
1.152
1.092
1.08
1.076
1.052
1.004
0.968
0.924
0.876
0.836
0.88
1.016
1.012
1.008
1.016
0.984
0.98
0.948
0.936
0.968
1.044
1.044
1.036
1.052
1.028
0.992
0.992
1.04
1.052
1.076
1.08
1.064
1.048
1.028
0.96
0.944
1.012
1.044
1.056
1.048
1.048
1.032
1.004
1.028
1.044
0.996
0.936
0.96
0.96
0.976
0.916
0.872
0.864
0.888
1
0.988
0.916
0.952
0.964
0.984
0.976
1.004
1.008
0.996
1
0.992
0.96
0.948
0.948
0.984
0.992
1
0.972
0.94
0.984
0.988
0.956
0.896
0.876
0.916
0.984
0.984
0.896
0.856
0.832
0.856
0.956
1.052
1.064
1.06
1.044
1.012
1
1.032
1.032
1.024
1
1
0.992
1.004
0.996
1.024
0.996
0.948
0.956
0.992
1.06
1.024
1.032
0.984
1.048
1.056
1.04
0.964
0.92
0.9
0.936
1.02
1.1
1.1
0.992
1.048
1.104
1.108
1.04
1.032
1.068
1.036
0.968
0.932
0.976
1.044
1.072
1.072
1.096
1.048
0.996
1.04
1.036
1.052
1.072
1.024
1.032
1.024
1.048
1.012
1.096
1.132
1.088
0.984
1.088
1.14
1.052
1.012
1.088
1.1
1.012
1.076
1.084
1.044
0.996
1.06
1.064
1.04
0.996
1.008
1.048
1.064
1.052
1.024
0.956
1.008
1.032
1.052
1.044
1
0.94
0.972
0.972
0.988
0.924
0.964
1.056
1.108
1.076
1.004
1.048
1.076
1.072
1.056
1.052
1.072
1.04
0.96
1.04
1.06
1.08
1
0.932
0.984
1.052
1.052
0.996
1.064
1.12
1.108
1.036
1.088
1.072
0.996
1.036
1.06
1.068
1.072
1.076
1.02
1.068
1.104
1.048
0.972
1.08
1.132
1.1
1.048
1.124
1.136
1.048
0.968
1.044
1.108
1.14
1.064
1.144
1.124
1.06
1.1
1.092
1.036
0.964
0.928
0.884
0.888
0.9
0.92
0.86
0.852
1.075063
1.055117
0.9
0.948
0.98
1.004
1.008
1.048
1.064
1.072
1.024
0.952
0.948
1.008
1.032
1.024
0.908
0.856
1.001639
1.131029
1.003745
1.18506
1.142661
1.18
1.156
0.924
0.872
1.02
1.024
1.032
1.028
1.056
1.084
1.088
1.06
1.056
1.04
1.068
1.072
1.072
1.08
1.084
1.088
1.012
0.968
0.976
1.072
1.032
0.984
0.96
1.024
1.092
1.072
0.988
1.08
1.072
1.016
1.092
1.108
1.108
1.1
1.036
1.088
1.08
1.104
1.084
1.024
1.048
1.056
1.092
1.032
1.136
1.14
1.092
1.04
1.08
1.068
1.044
0.976
0.932
0.952
1.068
1.076
1.072
1.02
1.092
1.112
1.144
1.136
1.116
1.116
1.096
1.076
1.08
1.064
1.072
1.06
1.048
0.984
1.076
1.1
1.016
0.964
1.024
1.028
0.964
1.032
1.104
1.128
1.044
1.064
1.12
1.072
0.964
0.996
1.152
1.212
1.2
1.112
0.964
0.976
1.048
1.06
1.032
0.992
1.008
1.068
1.044
1.04
1.016
1.032
1.032
1.028
1.06
1.056
1.052
1.068
1.064
1.068
1.072
1.004
0.948
0.932
1.092
1.104
0.988
0.94
1.052
1.076
0.96
1.048
1.072
1.048
0.98
1.044
1.084
1.076
1.024
1.064
1.108
1.112
1.12
1.124
1.124
1.088
1.108
1.156
1.096
1.008
1.048
1.124
1.204
1.192
1.192
1.196
1.196
1.176
1.045801
1.184
1.168
1.168
1.168
1.168
1.1
0.9951976
1.192
1.196
1.192
1.2
1.196
1.124
0.952
1.056
1
0.948
0.972
1.072
1.116
1.072
1.024
1.076
1.076
1.004
1.004
1.048
1.044
1.072
1.08
1.052
1
1.028
1.052
1.06
1.016
1.052
1.06
1
1.044
1.04
0.992
1.04
1.056
1.004
0.996
1.024
1.024
0.96
1.008
1.024
1.02
0.98
0.948
1.016
1.04
1.04
0.976
1.04
1.096
1.052
0.976
1.06
1.068
0.984
1.048
1.072
1.06
0.992
1.044
1.04
1.06
0.98
0.912
0.996
1.096
1.084
1.036
1.2
1.192
1.188
1.2
1.2
1.148
1.004
1.072
1.068
0.996
1.076
1.088
1.108
1.076
1.12
1.148
1.14
1.12
1.108
1.088
1.072
1.068
1.08
1.06
0.992
1.064
1.172
1.16
1.164
1.164
1.164
1.172
1.023464
1.064
1.024
1.116
1.188
1.18
1.18
1.184
1.184
1.168
1.086542
1.124
1.144
1.176
1.16
1.16
1.168
1.168
1.176
1.176
1.176
1.028
1.048
1.008
1.1
1.18
1.164
1.164
1.168
1.164
1.164
1.053993
1.06
0.928
1.164
1.168
1.164
1.168
1.176
1.172
1.004
0.912
0.968
0.984
0.932
0.884
0.908
1.076
1.144
1.012
1.068
1.108
1.064
1.056
1.1
1.052
0.964
0.92
0.916
0.96
0.956
0.912
0.876
0.908
0.9
1.047085
1.007807
1.066704
1.0186
0.888
0.9
0.944
0.984
1.016
1.004
0.92
0.952
0.936
0.928
0.9609521
0.896
0.916
0.96
0.936
0.904
0.928
1.008
0.996
0.924
0.984
1.004
0.976
1.028
1.036
1.012
0.976
1.016
1.044
1.052
1
1.028
1.004
0.988
0.928
0.976
1.052
1.016
1.008
1.044
1.036
0.996
1.048
1.084
1.04
1.092
1.104
1.116
1.04
1.076
1.08
1.076
1.116
1.1
1.096
1.108
1.092
1.072
1.032
1.1
1.136
1.028
0.952
0.908
1.048
1.176
1.156
1.16
1.156
1.164
1.168
1.172
1.18
0.992
0.968
1.064
1.02
1.18
1.204
1.196
1.196
1.2
1.196
1.196
1.188
1.18
1.042112
1.076
1.124
1.068
1.048
1.072
1.084
0.98
1.024
1.116
1.204
1.12
1.12
1.124
1.036
1.028
1.068
1.064
0.996
0.956
0.924
0.996
0.964
0.936
0.956
0.976
1
0.952
1.036
1.092
1.104
1.02
1.04
1.088
1.104
1.012
0.952
1.02
1.112
1.036
1.124
1.164
1.088
1.064
1.156
1.136
1.092
1
1.048
1.088
1.08
1.024
1.032
1.048
1.028
0.972
1.004
1.08
1.072
0.996
1.084
1.088
1
1.024
1.056
0.984
1.024
1.036
0.968
0.996
1.008
0.984
0.952
1.012
1.024
1.032
1.04
0.976
1.02
1.048
1.044
1.004
0.908
0.956
1
1.028
1.052
1.004
1.056
1.048
1.036
0.992
1.024
1.064
1.076
1.072
1.044
0.94
0.888
0.932
1.008
0.972
1.068
1.188
1.192
1.056
1.176
1.176
1.112
1.14
1.112
1.108
1.072
1.048
1.084
1.12
1.076
1.06
1.104
1.124
1.06
1.08
1.084
1.064
1.052
0.96
0.948
0.996
0.924
0.888
0.968
1.06
0.996
0.952
1.052
1.064
0.984
1.044
1.08
0.992
1.004
1.036
0.988
0.94
1.004
1.028
0.988
1.012
1.044
1.052
1.048
1.072
1.028
1.064
1.072
1.048
0.996
0.936
1.04
1.064
1.016
1.056
1.168
1.076
1.112
1.144
1.06
1.036
1.112
1.148
1.156
1.184
1.152
1.144
1.116
1.092
1.096
1.132
1.068
1.092
1.128
1.152
1.124
1.004
0.98
1.1
1.128
1.008
1.164
1.156
1.16
1.168
1.168
1.172
1.18
0.996
0.992
1.02
1.12
1.136
1.196
1.192
1.16
1.064
1.116
1.156
1.14
1.028
1.08
1.152
1.156
1.164
1.12
1.06
1.116
1.116
1.088
0.988
0.996
1.056
1.1
1.052
1.056
1.088
1.084
1.016
1.08
1.12
1.056
0.996
1.072
1.068
1.088
1.012
0.984
1.044
1.076
1.1
0.992
1.036
1.104
1.028
1.008
1.064
1.136
1.068
1.104
1.132
1.104
1.068
1.028
1
0.936
0.956
0.988
1.008
0.928
0.996
1.024
1.016
0.964
1.028
1.056
0.996
1.04
1.048
0.972
1
1.008
0.968
0.904
0.944
0.96
0.94
0.96
1.02
1.04
0.972
1.004
1.04
1.02
0.908
0.912
0.916
0.944
1.016
0.952
0.976
0.992
1.008
0.98
0.924
0.944
0.996
1.048
0.988
1.044
1.096
1.068
1.024
1.068
1.084
1.044
0.996
1.048
1.064
1.08
1.04
0.944
0.904
0.956
1.068
0.98
0.996
1.128
1.096
0.988
1.076
1.108
0.972
1.024
1.052
1.056
0.988
1.06
1.064
1.048
0.98
0.96
1
1.064
1.068
1.02
1.08
1.096
1.076
1.068
1.032
1.048
1.096
1.12
1.144
1.112
1.092
1.096
1.124
1.132
1.132
1.06
1.052
1.06
1.02
0.96
1.008
1.076
1.032
0.964
1.06
1.096
1.008
1.116
1.148
1.176
1.148
1.032
1.032
1.048
1.12
1.172
1.168
1.168
1.168
1.176
1.176
1.172
1.08
1.102428
1.1
1.08
1.064
1.188
1.176
1.152
1.112
0.992
1.012
1.024
1.044
0.972
1.036
1.064
1.052
1
1.056
1.064
1.024
0.98
1.02
1.02
1
0.936
0.98
1.004
1.02
1.024
0.964
0.992
1.02
1.02
1.02
0.928
0.932
0.972
1.02
0.984
0.98
1.08
1.112
1
1.068
1.088
1.028
1.072
1.08
1.044
0.968
0.988
1.012
0.976
0.876
0.848
1.004044
1.080926
0.9362512
1.037765
1.168
1.004
0.98
0.964
0.912
0.872
0.868
0.916
0.868
0.876
0.916
0.928
0.948
0.948
0.964
0.956
0.944
0.924
0.884
0.86
1.074745
1.060544
1.047823
0.9992996
0.86
0.908
0.928
0.94
0.936
0.916
0.936
0.94
0.956
0.976
0.972
0.968
0.952
0.972
0.984
0.992
0.988
1
0.988
0.932
0.956
1.012
1.012
0.952
0.892
0.948
0.984
0.944
0.892
0.94
0.984
1
0.948
1.016
1.036
1.048
0.992
1.044
1.052
1.052
1.056
1.056
1.016
1.028
1.028
1
0.96
1.052
1.14
1.112
1.152
1.188
1.136
1.06
1.108
1.168
1.148
1.128
1.128
1.108
1.076
1.116
1.1
1.016
1.044
1.052
1.056
0.98
0.96
1
1.076
1.104
1.044
0.98
1.036
1.1
1.108
1.088
1.004
1.076
1.096
1.104
1.016
1.096
1.092
1.056
1.004
1.072
1.076
1.028
1.004
1.044
1.072
0.992
1.052
1.04
0.996
1.032
1.04
1.052
1.012
1.06
1.06
1.048
0.992
1.052
1.052
1.02
0.972
1.024
1.064
1.028
1.056
1.096
1.084
1
1.064
1.052
0.972
1.032
1.048
1
1.076
1.072
0.992
1.016
1.024
1
0.924
0.984
1.016
1.02
0.976
1.012
1.036
1.056
1.004
1.036
1.024
0.964
1
1.032
1.056
0.988
1.036
1.008
0.96
0.956
1.048
1.084
1.1
1.024
0.992
0.98
1.008
1.064
1.108
1.088
1.048
0.956
0.944
1.028
1.1
1.1
1.052
1.116
1.128
1.12
1.1
1.04
1.084
1.072
1.028
0.996
1.056
1.108
1.028
1.172
1.188
1.2
1.164
1.092
1.152
1.136
1.04
1.044
1.076
1.04
0.976
1.056
1.132
1.1
1.008
1.092
1.088
1.032
1.068
1.072
1.048
1.008
1.056
1.064
1.044
1.1
1.14
1.124
1.112
1.092
1.036
1.052
1.064
1.008
1.092
1.112
1.024
1.132
1.132
1.012
1.108
1.116
1
1.072
1.096
1.024
1.1
1.108
1.06
1.072
1.052
0.972
1.032
1.048
1.056
1.008
1.064
1.068
1.004
1.028
1.048
1.052
0.976
1.052
1.056
1.02
1.012
1.048
1.072
1.068
1.064
1.024
0.928
0.972
1.032
1.04
0.94
0.908
0.964
1.064
0.98
1.04
1.104
1.172
1.132
1.056
1.088
1.052
0.992
1.028
1.108
1.096
1.016
1.024
1.092
1.096
1.012
0.928
0.92
0.956
1.072
1.096
1.084
1.092
1.096
1.08
1.052
0.988
1
1.1
1.084
1.104
1.068
0.988
1.048
1.068
1.084
1.036
1.076
1.088
1.028
1
1.044
1.06
0.988
1.036
1.056
1.036
0.972
0.988
1.008
1.028
0.98
1.056
1.064
1.004
1.072
1.124
1.072
1.012
1.056
1.072
1.052
0.996
1.076
1.092
1.06
1
1.064
1.088
1.048
1.084
1.152
1.148
1.044
1.084
1.1
1.084
0.988
1.056
1.092
1.088
0.972
1.052
1.088
1.064
1.028
1.108
1.108
1.012
1.076
1.084
1.052
0.968
0.952
1.028
1.076
1.06
1.008
1.064
1.092
1.088
1.028
1.092
1.076
0.984
1.048
1.088
1.092
1.088
1.124
1.072
1.096
1.112
1.084
1.024
1.052
1.096
1.008
1.076
1.108
1.084
1.012
1.084
1.12
1.04
1.124
1.12
1.044
0.948
0.936
0.996
1.052
1.044
0.94
0.876
0.896
0.936
0.876
0.924
0.964
0.992
1.02
1.068
1.044
0.96
0.952
0.976
1.04
1.052
1.068
0.988
1.04
1.088
1.092
1.04
1.056
1.14
1.14
1.092
1.028
1.088
1.096
1.116
1.012
1.052
1.088
1.096
1.004
1.04
1.084
1.084
1.008
1.092
1.096
1.084
0.996
1.02
1.052
1.064
0.992
1.088
1.124
1.092
1.036
1.108
1.108
1.056
1.092
1.104
1.076
1.008
1.048
1.064
1.064
0.992
1.052
1.084
1.104
1.04
1.1
1.116
1.088
1
1.072
1.076
1.052
1.024
0.952
0.972
1.04
1.072
1.104
1.028
1.004
1.036
1.092
1.136
1.136
1.128
1.104
1.072
1.016
0.988
0.992
1.052
1.08
1.08
1.036
1.104
1.08
1.056
0.988
0.968
1.044
1.112
1.104
0.988
1.088
1.128
1.124
1.028
1.104
1.128
1.12
1.052
0.992
1.068
1.124
1.096
0.988
1.1
1.112
1.084
1.076
1
0.996
1.06
1.108
1.096
1.028
1.116
1.116
1.168
1.172
1.12
1.028
1.052
1.096
1.136
1.048
1.076
1.136
1.136
1.068
0.968
0.964
1.028
1.104
1.116
1.072
1.096
1.128
1.084
1.028
1.076
1.068
0.988
0.992
0.984
0.98
0.992
1.072
1.108
1.164
1.132
1.056
1.004
1
1.06
1.068
1.06
0.98
0.984
1.036
1.088
1.1
1.06
1.012
1.068
1.072
1.06
0.98
0.972
1.008
1.08
1.096
1.068
1.008
1.088
1.14
1.124
1.008
1.056
1.052
1.052
0.988
1.008
1.068
1.096
1.016
1.092
1.108
1.12
1.032
1.04
1.076
1.068
1
1.004
1.036
1.06
1.068
0.992
1.044
1.092
1.112
1.028
1.072
1.08
1.088
1.004
1.052
1.06
1.036
0.976
1.028
1.04
1.036
0.972
0.932
0.94
0.956
1.068
1.12
1.12
1.144
1.064
1.1
1.108
1.084
0.996
0.968
1.008
1.008
1
0.948
0.892
0.936
0.98
0.984
0.896
0.92
0.988
1.036
0.972
0.988
1.024
1.028
1.016
0.948
0.98
1.004
0.996
0.924
0.944
0.98
1.02
1.012
0.948
1.02
1.036
1.024
0.964
1.04
1.064
1.052
0.972
1.02
1.04
1.02
0.928
0.996
1.044
1.008
0.972
1.064
1.112
1.1
1
1.04
1.044
1.02
0.964
0.96
1.012
1.048
1.056
0.988
0.968
1.052
1.096
1.036
1.016
1.088
1.132
1.024
1.072
1.096
1.068
1.008
1.06
1.068
1.016
1.04
1.092
1.104
1.064
0.984
1.04
1.068
1.092
1
1.056
1.092
1.056
0.948
1.02
1.052
1.04
0.976
1.108
1.112
1.044
0.996
1.048
1.052
1.068
0.952
0.976
1.016
1.08
0.98
1.048
1.076
1.068
1.008
0.952
0.996
1.04
1.028
0.948
1.02
1.044
1.06
0.972
1.012
1.04
1.056
0.972
1.016
1.036
1.04
0.972
1.024
1.076
1.076
1.044
1.08
1.108
1.096
1.024
1.092
1.116
1.032
1.068
0.944
0.88
0.896
0.88
1.016
1.072
1.112
1.012
1.084
1.1
1.076
0.972
1.012
1.056
1.056
1.016
0.96
1.028
1.052
1.02
0.984
1.036
1.024
0.96
1.024
1.104
1.076
1.004
1.068
1.076
1.064
1.016
0.88
0.848
0.9850808
0.928
1.068
1.056
1.08
1.024
1.008
1.028
1.048
1.048
0.98
1.044
1.048
1.028
0.972
1.024
1.052
1.064
1.076
0.996
1.068
1.108
1.072
0.988
1.04
1.048
1.036
0.976
1.056
1.116
1.124
1.048
1.128
1.108
1.052
1.156
1.14
1.088
0.992
0.976
1.02
1.04
1.08
1.012
1.16
1.16
1.124
1.112
1.132
1.116
1
1.06
1.056
1.052
1
1.104
1.148
1.14
1.052
1.08
1.096
1.072
1.024
1.088
1.104
1.012
1.04
1.084
1.08
0.992
1.048
1.068
0.984
1.036
1.084
1.032
0.972
1.02
1.016
1.012
0.98
1.056
1.084
1.112
1.088
1.044
1.124
1.124
1.1
1.036
1.092
1.088
1.06
0.96
0.996
1.06
1.036
0.948
0.924
0.992
1.084
1.14
1.02
1.092
1.112
1.136
1.028
1.072
1.052
1.068
1.008
1.032
1.044
1.06
0.996
1.048
1.088
1.072
1.004
1.072
1.088
1.064
0.956
1.02
1.032
1.032
0.968
1.024
1.04
1.06
0.988
1.048
1.064
1.072
0.984
1.032
1.016
1.012
0.944
1.016
1.032
1.04
0.968
1.052
1.068
1.036
0.972
1.024
1.04
1.028
0.976
1.024
1.06
1.052
0.96
0.988
1.024
1.056
0.964
1.072
1.072
1.056
0.996
1.072
1.196
1.144
1.032
1.06
1.116
1.156
1.08
1.136
1.144
1.132
1.108
1.188
1.196
1.14
1.112
1.14
1.128
1.044
1.088
1.088
1.068
1.04
0.94
0.976
1.04
1.08
1.1
1
0.976
0.976
1.076
1.14
1.116
1.096
1.084
0.984
0.952
1.012
1.08
1.052
1.052
0.984
0.932
0.996
1.084
1.116
1.124
1.084
1.02
1.08
1.108
1.088
1.032
1.06
1.064
1.072
1.044
0.988
1.068
1.076
1.028
1.008
1.032
1.044
0.988
1.024
1.044
1.036
0.952
1.028
1.048
0.988
0.988
1.04
1.048
0.976
1.028
1.044
1
0.944
0.98
1.016
1
0.956
1.004
1.02
1.012
0.94
0.968
0.992
1
0.956
0.992
1.044
1.068
0.984
1.048
1.08
1.064
0.996
1.052
1.08
1.08
1.028
0.94
0.948
0.988
1.072
0.996
1.012
1.064
1.084
0.96
1.012
1.084
1.052
0.96
1.044
1.096
1.044
0.964
1.016
1.048
1.052
0.984
1.044
1.06
1.064
1.052
1.044
0.98
1.032
1.036
1.016
0.964
0.876
0.852
0.836
1.092
1.188
1.176
1.176
1.176
0.968
1.004
1.064
1.084
1.056
0.984
0.984
1.044
1.056
1.06
0.98
1.008
1.024
1.044
1.06
0.972
0.968
1.032
1.064
1.052
0.976
0.932
0.944
1.012
1.068
1.06
1.06
1.012
0.936
1
1.044
1.08
1.076
1.032
0.936
0.92
0.948
1.04
1.088
1.048
0.96
1.032
1.072
1.068
0.992
1.008
1.04
1.056
0.988
0.928
0.992
1.028
1.036
0.964
1.02
1.044
1.052
0.972
1
1.064
1.068
1.068
0.996
1.044
1.072
1.072
1.068
0.964
0.972
1.04
1.108
0.984
1.032
1.116
1.112
1
1.084
1.104
1.048
1
1.072
1.092
1.024
1.052
1.06
1.048
1
1.056
0.984
0.888
0.896
0.892
0.888
0.996
1.032
1.036
0.98
1.056
1.064
0.996
1.004
1.032
1.052
1.04
0.972
0.956
0.988
1.036
1.06
0.988
1.052
1.124
1.128
1.064
0.964
1
1.052
1.032
0.996
1.064
1.072
1.008
0.924
0.96
1
1.008
0.972
0.952
1.024
1.02
1.048
0.98
1.076
1.06
1.088
1
1.036
1.024
1.004
1
0.932
0.968
1.02
1.064
0.984
0.908
0.932
1.044
1.056
0.944
0.852
0.832
0.9579708
1.032166
1.024
1.016
1.028
0.996
0.948
0.876
0.872
0.896
0.956
0.98
0.952
0.932
0.968
0.984
0.996
1.016
1.008
0.956
0.92
0.912
0.892
0.924
0.92
0.968
1.004
0.984
0.9
0.944
0.988
0.972
0.892
0.952
0.996
1.072
1.032
0.884
0.868
0.9627463
0.9924377
0.876
0.996
1.04
1.012
1.024
1.084
1.112
1.08
0.992
1.012
1.024
1.028
0.956
0.956
1.02
1.076
1.092
1.116
1.004
1.02
1.08
1.092
1.072
1.068
0.976
1.056
1.064
1.084
1.036
1.012
1.072
1.08
0.996
1.024
1.056
1.076
1.048
0.984
1.02
1.048
1.072
0.988
1.028
1.116
1.132
1.04
1.116
1.152
1.168
1.14
1.06
1
0.984
1
1.1
1.144
1.144
1.132
1.144
1.064
1.044
1.076
1.088
1.1
1.092
1
1.088
1.096
1.088
0.98
1.008
1.04
1.056
1.072
0.992
1.052
1.064
1.072
1.004
1.056
1.068
1.064
0.988
0.98
1.02
1.024
1.012
0.972
1.084
1.124
1.048
1.076
1.112
1.108
1.016
1.072
1.08
1.036
0.972
1.064
1.124
1.096
1.044
1.096
1.08
1.016
1.028
1.04
1.064
1.06
1.048
0.944
0.964
1.056
1.08
1.096
1.108
1.012
1.072
1.092
1.056
1.032
1.1
1.088
0.988
1.048
1.048
1.052
0.972
1.036
1.068
1.076
1.036
1.104
1.104
1.036
0.98
1.02
1.016
0.96
0.96
1.04
1.088
1.084
1.012
1.096
1.096
1.064
0.984
1.044
1.116
1.168
1.14
1.076
0.98
0.936
1.052
1.096
1.116
1.008
1.088
1.096
1.06
0.988
1.068
1.064
1.052
0.976
1.048
1.04
1.024
0.952
1.012
1.024
0.984
1.008
1.044
1.036
0.972
0.988
1.012
1.004
0.956
1.036
1.06
1.052
0.976
1.024
1.064
1.052
0.984
1.056
1.052
0.976
0.972
1.032
1.032
0.984
1.036
1.096
1.056
0.96
1.028
1.08
1.068
0.992
1
1.032
1.036
0.96
0.948
1.008
1.044
0.992
0.956
1.008
1.012
0.988
0.944
1.008
1.032
1.036
0.948
0.948
0.984
1.016
1.02
0.94
1.02
1.072
1.096
1.004
1.084
1.096
1.068
0.984
1.02
1.032
1.032
0.964
1.024
1.108
1.128
1.092
1.02
1.132
1.128
1.036
1
1.024
1.036
0.964
0.936
0.88
0.844
1.010065
1.146559
0.9843795
0.852
0.94
0.996
1.04213
1.148
1.088
0.98
0.904
1.032005
0.9644501
0.848
0.928
0.952
0.94
0.928
0.928
0.912
0.904
0.864
0.844
1.022567
0.852
0.912
1.028
1.028
1.004
1.024
1.044
1.032
0.976
0.968
1.016
1.044
1.024
0.96
1.02
1.036
1.032
0.944
1.008
1.032
1
0.928
0.96
1.008
1.004
0.916
0.94
0.972
0.984
0.924
0.984
1.016
1.012
0.952
1.016
1.036
1.048
0.988
1.016
1.04
1.04
0.992
0.964
1.048
1.108
1.096
1.092
1.036
1.08
1.088
1.104
1.1
1.012
1.06
1.044
1.044
1.028
0.948
0.94
0.972
1.064
1.164
1.188
1.164
1.124
1.056
1.016
1.04
1.136
1.148
1.076
1.004
1.012
1.048
1.036
1.02
0.964
0.92
0.972
1.012
1.036
0.992
1.024
1.088
1.092
1.008
1.072
1.056
1.044
0.956
0.988
1.048
1.024
0.98
1.052
1.08
1.076
1.064
1.016
1.068
1.064
1.064
1.012
0.96
0.988
1.008
0.952
0.992
1.052
1.036
0.976
1.056
1.084
1.08
1
1.068
1.076
1.076
1.008
1.084
1.096
1.076
1
1.06
1.096
1.084
1.044
0.956
0.98
1.036
1.092
1.052
1.192
1.204
1.072
1.14
1.128
1.06
1
1.072
1.14
1.044
1.1
1.084
1.052
0.988
1.024
1.06
1.072
1
1.06
1.08
1.1
1.096
1.024
0.936
0.928
1.024
1.188
1.172
1.172
1.172
1.176
1.18
1.18
1.004
0.996
0.928
1.044
1.104
1.156
1.076
1.184
1.156
1.132
1.128
1.044
1.1
1.06
1.028
0.972
1.052
1.124
1.116
1.012
0.952
0.976
1.092
1.12
1.108
1.028
1.1
1.08
1.044
1.004
1.064
1.108
1.08
1.04
1.084
1.068
0.984
1.036
1.04
1.008
0.972
1.02
1.044
1.036
0.984
1.024
1.044
1.048
1
1.024
1.064
1.048
0.988
1.056
1.032
0.952
0.908
0.976
1.14
1.024
1.024
1.108
1.076
0.992
1.08
1.108
1.024
0.98
1.044
1.048
1.012
0.952
1.032
1.084
1.06
0.976
1.028
1.044
1.048
1
1.048
1.044
1.048
1.048
0.972
1.008
1.036
1.028
0.972
1.008
1.032
1.048
1.04
0.98
1.024
1.056
1.06
1.052
1
1.02
1.064
1.096
1.092
1.004
1.04
1.024
1.02
0.912
0.964
1.172
1.16
1.152
1.164
1.164
1.076
0.916
1.02
1.116
1.064
1.028
1.092
1.1
1.052
1
1.092
1.072
1.032
1.008
1.1
1.12
1.024
1.056
1.068
1.056
0.992
0.964
0.956
1.024
1.044
1.024
1.008
0.964
1.02
1.032
1.052
1.044
0.956
0.924
0.932
1.02
1.084
1.104
1.084
1.028
1.072
1.1
1.084
1.028
0.94
0.972
1.024
1.064
1.032
0.976
1.032
1.052
1
1.024
1.064
1.02
0.972
1.072
1.08
1.016
1.096
1.104
1.084
1.008
1.06
1.096
1.072
1.004
1.008
1
0.972
0.968
1.156
1.2
1.188
1.188
1.192
1.192
1.192
1.072
0.932
0.94
0.972
0.908
0.92
0.892
0.86
1.188
1.188
1.188
1.168
1.016
0.92
0.984
1.032
1.06
1.016
0.944
0.996
1.06
1.068
1.076
1.032
0.952
0.932
0.932
0.98
1.036
1.076
1.076
1.06
1.048
0.968
0.948
1.012
1.056
1.036
0.936
0.944
0.972
1.02
1.004
0.96
1.024
1.044
1.044
0.984
0.992
0.992
0.972
0.94
1.068
1.104
1.08
1.064
1.096
1.088
1.088
1.02
1.06
1.084
1.08
0.964
0.896
0.976
1.096
1.012
