0.7550623
0.686
0.68
0.7585006
0.7596337
0.687
0.718
0.729
0.725
0.717
0.712
0.717
0.73
0.734
0.715
0.7716399
0.7726874
0.7737273
0.7747594
0.717
0.75
0.77
0.758
0.781
0.78
0.785
0.766
0.763
0.752
0.751
0.761
0.778
0.762
0.776
0.783
0.792
0.795
0.79
0.758
0.762
0.77
0.817
0.7969664
0.7977754
0.7985744
0.7993632
0.8001418
0.868
0.839
0.808
0.785
0.77
0.772
0.821
0.8060018
0.8066927
0.8073752
0.8080492
0.8087149
0.853
0.839
0.813
0.802
0.803
0.795
0.789
0.771
0.763
0.782
0.812
0.8160708
0.8166325
0.8171866
0.817733
0.872
0.838
0.809
0.79
0.773
0.756
0.752
0.758
0.763
0.797
0.88
0.8237123
0.8241639
0.8246085
0.8250463
0.8254771
0.887
0.838
0.811
0.806
0.799
0.787
0.778
0.772
0.777
0.787
0.795
0.828
0.897
0.8308108
0.831133
0.8314417
0.8317373
0.83202
0.857
0.831
0.807
0.775
0.762
0.757
0.758
0.763
0.773
0.768
0.762
0.78
0.794
0.807
0.803
0.798
0.781
0.79
0.785
0.784
0.779
0.795
0.812
0.803
0.792
0.781
0.796
0.792
0.807
0.796
0.789
0.775
0.774
0.791
0.866
0.8359309
0.8359297
0.835926
0.8359202
0.862
0.836
0.81
0.781
0.767
0.768
0.771
0.783
0.778
0.778
0.771
0.765
0.757
0.762
0.785
0.835
0.8345057
0.8342288
0.83393
0.8336102
0.8332706
0.861
0.833
0.808
0.799
0.805
0.806
0.783
0.771
0.776
0.801
0.796
0.794
0.777
0.778
0.78
0.794
0.826
0.82502
0.8245122
0.8240064
0.8235038
0.8230055
0.8225126
0.849
0.811
0.782
0.774
0.776
0.776
0.769
0.771
0.775
0.782
0.777
0.764
0.77
0.768
0.765
0.764
0.76
0.76
0.755
0.756
0.766
0.784
0.842
0.813611
0.8132405
0.8128624
0.8124771
0.883
0.824
0.786
0.777
0.76
0.744
0.737
0.738
0.763
0.765
0.758
0.762
0.762
0.766
0.773
0.821
0.8053908
0.8049745
0.8045618
0.8041534
0.8037496
0.8033513
0.852
0.814
0.789
0.784
0.777
0.757
0.741
0.733
0.737
0.743
0.753
0.76
0.754
0.757
0.772
0.779
0.792
0.801
0.79
0.786
0.771
0.769
0.769
0.745
0.729
0.728
0.785
0.781
0.802
0.804
0.799
0.795
0.797
0.799
0.837
0.794711
0.7945685
0.794428
0.7942894
0.7941525
0.7940173
0.826
0.79
0.771
0.759
0.743
0.744
0.747
0.747
0.738
0.719
0.7926104
0.792487
0.718
0.735
0.75
0.761
0.76
0.753
0.75
0.746
0.745
0.735
0.732
0.738
0.748
0.764
0.771
0.759
0.768
0.763
0.786
0.791
0.776
0.764
0.755
0.759
0.769
0.765
0.748
0.76
0.763
0.772
0.768
0.77
0.763
0.759
0.771
0.793
0.819
0.841
0.849
0.833
0.819
0.794
0.77
0.758
0.747
0.749
0.751
0.757
0.787
0.7991143
0.7994015
0.7996692
0.7999157
0.8001391
0.859
0.813
0.797
0.778
0.772
0.771
0.785
0.815
0.805
0.771
0.748
0.751
0.755
0.751
0.744
0.734
0.7990271
0.7987973
0.7985875
0.7983964
0.7982227
0.72
0.734
0.739
0.747
0.774
0.796
0.805
0.773
0.762
0.764
0.756
0.771
0.793
0.7968472
0.7967699
0.7966881
0.7966005
0.7965057
0.861
0.812
0.788
0.779
0.783
0.756
0.73
0.749
0.778
0.792
0.802
0.811
0.825
0.829
0.826
0.854
0.7924704
0.7920128
0.853
0.852
0.852
0.855
0.843
0.834
0.814
0.814
0.841
0.841
0.82
0.807
0.823
0.838
0.833
0.82
0.843
0.843
0.831
0.808
0.816
0.7728083
0.824
0.798
0.806
0.818
0.828
0.826
0.822
0.827
0.8
0.808
0.832
0.7569447
0.809
0.759
0.771
0.802
0.818
0.776
0.755
0.771
0.757
0.736
0.745
0.754
0.749
0.726
0.718
0.72
0.707
0.7314026
0.674
0.663
0.66
0.657
0.68
0.697
0.711
0.727
0.711
0.727
0.726
0.724
0.727
0.722
0.725
0.724
0.715
0.721
0.726
0.734
0.732
0.743
0.745
0.736
0.72
0.698
0.651
0.6861073
0.624
0.613
0.613
0.609
0.601
0.6734851
0.599
0.606
0.599
0.598
0.603
0.602
0.603
0.601
0.594
0.598
0.596
0.601
0.603
0.601
0.603
0.603
0.601
0.603
0.611
0.604
0.603
0.603
0.603
0.594
0.595
0.592
0.597
0.588
0.587
0.586
0.583
0.576
0.575
0.575
0.569
0.565
0.566
0.573
0.568
0.563
0.567
0.567
0.565
0.563
0.563
0.563
0.559
0.563
0.569
0.563
0.561
0.563
0.56
0.561
0.566
0.561
0.558
0.561
0.563
0.556
0.555
0.555
0.553
0.549
0.548
0.551
0.546
0.537
0.543
0.544
0.541
0.543
0.547
0.547
0.547
0.553
0.554
0.551
0.555
0.554
0.551
0.553
0.556
0.558
0.548
0.556
0.554
0.545
0.552
0.546
0.543
0.545
0.545
0.544
0.542
0.543
0.54
0.533
0.537
0.537
0.531
0.536
0.533
0.533
0.532
0.527
0.533
0.53
0.521
0.533
0.532
0.536
0.538
0.54
0.542
0.534
0.526
0.54
0.528
0.53
0.523
0.527
0.507
0.527
0.524
0.524
0.531
0.53
0.521
0.524
0.521
0.521
0.518
0.515
0.522
0.51
0.513
0.521
0.51
0.51
0.518
0.519
0.505
0.518
0.519
0.508
0.508
0.521
0.503
0.506
0.518
0.517
0.507
0.512
0.521
0.506
0.521
0.519
0.507
0.512
0.521
0.511
0.507
0.515
0.514
0.514
0.504
0.517
0.515
0.5
0.507
0.516
0.506
0.498
0.504
0.505
0.502
0.49
0.506
0.499
0.492
0.499
0.502
0.496
0.496
0.496
0.498
0.492
0.495
0.498
0.488
0.491
0.5
0.484
0.494
0.494
0.493
0.487
0.494
0.5
0.486
0.496
0.495
0.488
0.497
0.496
0.494
0.503
0.488
0.506
0.499
0.495
0.501
0.503
0.493
0.492
0.502
0.502
0.488
0.489
0.506
0.499
0.49
0.496
0.499
0.498
0.487
0.494
0.501
0.486
0.499
0.492
0.487
0.499
0.491
0.489
0.486
0.497
0.496
0.486
0.488
0.491
0.484
0.487
0.484
0.487
0.482
0.479
0.486
0.481
0.477
0.474
0.479
0.479
0.475
0.471
0.479
0.479
0.474
0.47
0.479
0.474
0.471
0.476
0.476
0.471
0.473
0.476
0.479
0.472
0.473
0.483
0.473
0.472
0.478
0.485
0.475
0.477
0.479
0.478
0.479
0.478
0.479
0.471
0.469
0.482
0.476
0.471
0.467
0.476
0.478
0.467
0.47
0.476
0.467
0.475
0.472
0.469
0.467
0.475
0.47
0.467
0.471
0.475
0.466
0.472
0.471
0.471
0.467
0.469
0.474
0.467
0.471
0.472
0.468
0.466
0.47
0.471
0.465
0.461
0.472
0.467
0.462
0.461
0.464
0.465
0.458
0.466
0.462
0.461
0.459
0.46
0.465
0.458
0.466
0.463
0.464
0.458
0.462
0.468
0.456
0.469
0.464
0.459
0.472
0.465
0.463
0.459
0.468
0.467
0.462
0.464
0.467
0.474
0.464
0.464
0.47
0.468
0.464
0.47
0.474
0.469
0.465
0.471
0.473
0.474
0.465
0.472
0.474
0.464
0.467
0.473
0.473
0.463
0.459
0.465
0.471
0.47
0.466
0.462
0.474
0.467
0.466
0.47
0.474
0.468
0.463
0.469
0.47
0.465
0.464
0.472
0.465
0.464
0.471
0.467
0.462
0.469
0.473
0.47
0.463
0.473
0.469
0.462
0.472
0.473
0.466
0.471032
0.4711055
0.511
0.474
0.476
0.466
0.465
0.47
0.47
0.462
0.465
0.47
0.472
0.465
0.468
0.479
0.47
0.472
0.477
0.477
0.473
0.471
0.483
0.48
0.477
0.472
0.48
0.483
0.476
0.481
0.482
0.48
0.477
0.491
0.486
0.479
0.48
0.492
0.492
0.495
0.483
0.478
0.498
0.483
0.481
0.488
0.483
0.481
0.489
0.49
0.483
0.498
0.495
0.485
0.486
0.501
0.501
0.493
0.470203
0.4701279
0.4700508
0.516
0.475
0.48
0.472
0.466
0.461
0.474
0.469
0.461
0.471
0.468
0.462
0.463
0.472
0.467
0.462
0.461
0.47
0.463
0.459
0.468
0.461
0.456
0.461
0.462
0.46
0.456
0.461
0.457
0.455
0.455
0.454
0.462
0.457
0.456
0.454
0.461
0.455
0.454
0.463
0.462
0.458
0.455
0.461
0.463
0.456
0.459
0.463
0.464
0.458
0.461
0.466
0.461
0.46
0.467
0.468
0.46
0.461
0.471
0.463
0.463
0.462
0.466
0.466
0.458
0.461
0.461
0.457
0.454
0.457
0.46
0.451
0.45
0.453
0.449
0.446
0.449
0.463
0.45
0.453
0.457
0.451
0.449
0.459
0.458
0.452
0.454
0.458
0.457
0.452
0.458
0.46
0.452
0.456
0.456
0.456
0.452
0.4488092
0.4485258
0.509
0.4479638
0.396
0.428
0.4471382
0.455
0.451
0.45
0.458
0.448
0.451
0.452
0.455
0.451
0.45
0.457
0.458
0.451
0.451
0.456
0.45
0.449
0.459
0.453
0.45
0.448
0.452
0.449
0.446
0.451
0.45
0.445
0.442
0.455
0.447
0.448
0.448
0.45
0.446
0.4396981
0.4394496
0.4391995
0.484
0.453
0.457
0.454
0.448
0.446
0.4374502
0.4372071
0.4369673
0.4367315
0.4365001
0.4362738
0.436053
0.4358383
0.475
0.4354296
0.4352366
0.489
0.454
0.453
0.446
0.438
0.449
0.443
0.439
0.437
0.441
0.441
0.434
0.441
0.442
0.435
0.435
0.442
0.441
0.436
0.439
0.443
0.44
0.435
0.444
0.441
0.44
0.437
0.439
0.439
0.445
0.437
0.446
0.439
0.438
0.446
0.444
0.447
0.439
0.442
0.445
0.44
0.44
0.442
0.445
0.438
0.437
0.44
0.439
0.438
0.434
0.442
0.439
0.437
0.435
0.439
0.437
0.435
0.436
0.438
0.441
0.435
0.438
0.443
0.441
0.435
0.441
0.44
0.436
0.437
0.439
0.441
0.439
0.435
0.435
0.439
0.439
0.433
0.438
0.438
0.434
0.431
0.435
0.437
0.431
0.429
0.438
0.433
0.431
0.429
0.434
0.434
0.433
0.429
0.432
0.436
0.438
0.431
0.433
0.437
0.435
0.434
0.436
0.441
0.437
0.435
0.441
0.438
0.436
0.438
0.439
0.436
0.433
0.443
0.438
0.443
0.439
0.438
0.44
0.446
0.447
0.443
0.447
0.452
0.45
0.446
0.451
0.455
0.458
0.459
0.462
0.463
0.467
0.47
0.472
0.472
0.478
0.477
0.478
0.479
0.483
0.484
0.48
0.479
0.483
0.484
0.483
0.479
0.481
0.482
0.483
0.48
0.483
0.486
0.489
0.492
0.492
0.49
0.494
0.502
0.5
0.502
0.5
0.504
0.506
0.506
0.507
0.508
0.509
0.511
0.511
0.513
0.516
0.511
0.511
0.516
0.514
0.52
0.518
0.521
0.527
0.53
0.53
0.523
0.521
0.534
0.529
0.533
0.526
0.531
0.521
0.532
0.529
0.533
0.529
0.527
0.531
0.541
0.538
0.537
0.528
0.539
0.544
0.548
0.546
0.541
0.558
0.563
0.559
0.551
0.548
0.55
0.553
0.559
0.565
0.567
0.569
0.565
0.553
0.564
0.563
0.563
0.556
0.563
0.571
0.572
0.566
0.555
0.57
0.5705699
0.5713731
0.5721777
0.651
0.616
0.601
0.592
0.582
0.564
0.554
0.552
0.556
0.562
0.562
0.564
0.577
0.574
0.57
0.571
0.581
0.577
0.574
0.58
0.588
0.592
0.586
0.586
0.593
0.591
0.585
0.591
0.596
0.6
0.594
0.593
0.604
0.605
0.607
0.598
0.605
0.61
0.613
0.608
0.604
0.623
0.629
0.625
0.624
0.616
0.616
0.619
0.62
0.625
0.622
0.606
0.616
0.612
0.604
0.61
0.62
0.616
0.615
0.621
0.625
0.616
0.617
0.623
0.625
0.62
0.62
0.627
0.632
0.623
0.627
0.63
0.626
0.615
0.616
0.608
0.616
0.62
0.621
0.613
0.609
0.615
0.612
0.604
0.609
0.605
0.598
0.605
0.61
0.608
0.604
0.604
0.606
0.606
0.604
0.604
0.607
0.602
0.597
0.597
0.598
0.599
0.61
0.61
0.607
0.604
0.598
0.595
0.597
0.594
0.602
0.612
0.623
0.628
0.626
0.635
0.636
0.631
0.636
0.642
0.64
0.636
0.638
0.646
0.648
0.65
0.653
0.649
0.637
0.639
0.633
0.621
0.619
0.608
0.604
0.603
0.601
0.608
0.621
0.63
0.634
0.641
0.651
0.649
0.646
0.646
0.65
0.641
0.637
0.642
0.643
0.637
0.637
0.642
0.643
0.637
0.639
0.63
0.622
0.619
0.622
0.623
0.635
0.644
0.651
0.647
0.649
0.657
0.661
0.656
0.658
0.663
0.665
0.669
0.658
0.66
0.662
0.648
0.646
0.646
0.64
0.623
0.624
0.625
0.619
0.613
0.613
0.611
0.611
0.612
0.616
0.616
0.617
0.617
0.617
0.621
0.624
0.621
0.618
0.61
0.604
0.604
0.609
0.61
0.614
0.621
0.628
0.626
0.632
0.643
0.642
0.639
0.646
0.651
0.652
0.646
0.653
0.66
0.659
0.653
0.646
0.637
0.635
0.631
0.634
0.645
0.644
0.649
0.661
0.672
0.668
0.661
0.667
0.674
0.676
0.66
0.662
0.665
0.668
0.659
0.664
0.669
0.67
0.666
0.672
0.679
0.681
0.675
0.662
0.658
0.656
0.656
0.663
0.675
0.686
0.686
0.686
0.686
0.694
0.698
0.688
0.685
0.696
0.694
0.691
0.7
0.703
0.713
0.698
0.705
0.707
0.715
0.703
0.699
0.699
0.698
0.689
0.691
0.694
0.696
0.691
0.701
0.703
0.693
0.698
0.701
0.701
0.696
0.702
0.702
0.691
0.691
0.696
0.704
0.695
0.698
0.709
0.707
0.698
