0.7072513
0.6914931
0.6797558
0.6800175
0.6879607
0.6982151
0.6949213
0.6930388
0.6897318
0.6870822
0.7051925
0.6932096
0.6757434
0.6926678
0.687186
0.6812257
0.6853631
0.6684588
0.6621734
0.6674109
0.6641027
0.6670436
0.6787366
0.6759605
0.6688917
0.6712516
0.6713683
0.673192
0.6696848
0.6698231
0.6808147
0.6769825
0.6687564
0.669446
0.6703772
0.6752118
0.6814456
0.6736087
0.6653959
0.666593
0.6696104
0.6721341
0.6707039
0.6717159
0.6706443
0.6733995
0.6832265
0.6829245
0.6839923
0.6850945
0.6801839
0.677805
0.6830064
0.683707
0.6834818
0.6855741
0.686217
0.6948337
0.698604
0.6985551
0.6960237
0.6978585
0.7025621
0.6958075
0.6854416
0.6887534
0.688696
0.6855259
0.6945382
0.7000255
0.6964545
0.6986771
0.7079339
0.7085421
0.706726
0.7072534
0.7044116
0.6941389
0.6888351
0.6887408
0.6875695
0.6860874
0.6853326
0.6886807
0.6889847
0.6882391
0.6886603
0.6894827
0.6892644
0.6900997
0.6927253
0.6943434
0.6955437
0.6976665
0.6979266
0.6940427
0.6933218
0.6933978
0.6894588
0.6845861
0.6826825
0.6821989
0.685298
0.6859463
0.6834805
0.68781
0.687399
0.6863216
0.689396
0.6895813
0.6905211
0.6936026
0.7006973
0.7035555
0.6972213
0.6943696
0.6976913
0.6956853
0.6906144
0.693976
0.6963268
0.693862
0.6942503
0.6946371
0.6988829
0.6969443
0.6919008
0.6940092
0.6916044
0.6920869
0.6955349
0.699945
0.6990111
0.6935556
0.6979139
0.7004212
0.6954546
0.690691
0.6917815
0.6938492
0.6965913
0.7022792
0.7078366
0.7074166
0.7028974
0.7044272
0.7062826
0.7091103
0.7080907
0.7021934
0.6999032
0.6958097
0.6936853
0.6974404
0.7003439
0.6994733
0.6953679
0.6929712
0.6929393
0.6920609
0.6953823
0.6958759
0.6935704
0.6954222
0.69874
0.6965125
0.6953473
0.7015733
0.7007633
0.6976577
0.699437
0.7082062
0.712699
0.7084755
0.7121878
0.7128241
0.7097749
0.7166766
0.7171983
0.710125
0.7058468
0.7022538
0.701998
0.7073413
0.701096
0.711192
0.7181934
0.6928989
0.7030366
0.717385
0.7104602
0.7037134
0.6982483
0.7017351
0.6952263
0.6932957
0.7001051
0.6975003
0.7004844
0.7057743
0.7087195
0.7129193
0.713008
0.715297
0.7173757
0.71442
0.7129401
0.7139642
0.7117943
0.7116623
0.7063323
0.6983981
0.6987457
0.6991124
0.7045666
0.7119591
0.7161805
0.726303
0.719418
0.7084575
0.7234617
0.7241327
0.7186201
0.7203967
0.712573
0.7033049
0.6971454
0.6970438
0.6922742
0.6885144
0.6902804
0.6885565
0.6865801
0.6842456
0.6830489
0.6849876
0.6880998
0.6952378
0.6968401
0.6913312
0.6977575
0.6974421
0.6929135
0.6999521
0.7016148
0.6982921
0.7003714
0.7041438
0.6983288
0.6921613
0.6897445
0.6907064
0.6885092
0.688507
0.6884736
0.6874403
0.6911462
0.6886081
0.6878226
0.6911845
0.6926031
0.6935605
0.6931293
0.6910018
0.6944563
0.6969881
0.6951009
0.6961165
0.6966111
0.6943727
0.6927035
0.6912422
0.6898158
0.6903312
0.6927196
0.6896538
0.6881362
0.6893636
0.686729
0.6864245
0.6875757
0.6895064
0.6880544
0.6874771
0.6903563
0.6949961
0.6985352
0.6963266
0.7016016
0.7053041
0.7020564
0.7030287
0.7027547
0.7013417
0.7006366
0.6982025
0.6970988
0.7044974
0.7074354
0.7050721
0.7035043
0.7052713
0.708061
0.7072237
0.7109761
0.7103633
0.7092438
0.7059159
0.700728
0.7001107
0.7012345
0.7046637
0.7062428
0.7044999
0.7005213
0.7042737
0.7079202
0.7108057
0.7190324
0.717052
0.7159572
0.7172899
0.71509
0.7136056
0.7094128
0.7089639
0.7064402
0.6997117
0.6953905
0.693795
0.6919982
0.6935634
0.7004351
0.7042429
0.7103184
0.7160879
0.7158742
0.7162232
0.7155741
0.7134756
0.7126043
0.7135026
0.7110351
0.7072927
0.7067136
0.7040613
0.7044889
0.7072021
0.7090115
0.7096515
0.708496
0.7084764
0.7063262
0.7049532
0.7049074
0.7041576
0.7038211
0.7009307
0.6972323
0.6958492
0.6951405
0.6960395
0.6956438
0.6979591
0.6993393
0.698084
0.7009251
0.6996289
0.6955201
0.6935576
0.6902196
0.6892536
0.6893895
0.6911376
0.6956245
0.6906103
0.6873388
0.6870243
0.6866011
0.6890798
0.6889655
0.6890055
0.690139
0.691769
0.692196
0.6928645
0.6874308
0.6856607
0.685408
0.6878028
0.692658
0.6843111
0.6795056
0.6813834
0.6860188
0.686098
0.6846208
0.6848393
0.6824223
0.6837069
0.6840662
0.6841294
0.683614
0.6814708
0.6828122
0.6872294
0.6872665
0.6883478
0.6923458
0.6936793
0.697565
0.700042
0.7000951
0.6963688
0.6932293
0.6946546
0.6931525
0.6920864
0.6895159
0.6935825
0.6872178
0.6955315
0.7142893
0.7026119
0.7098753
0.7143364
0.7209013
0.7192422
0.6909978
0.6874656
0.6885595
0.6860334
0.6900663
0.6904487
0.6966508
0.7021786
0.7080258
0.7182362
0.7050423
0.6939016
0.6943814
0.6953917
0.6991223
0.6989517
0.7001151
0.7029999
0.7025311
0.7052774
0.7090193
0.7048487
0.711417
0.7194744
0.7175838
0.7164363
0.7099834
0.7002505
0.7039317
0.7146266
0.7169291
0.7184306
0.7235965
0.7227407
0.7174543
0.7201984
0.7220552
0.718075
0.7171136
0.7178804
0.7180642
0.715725
0.7112617
0.7101003
0.7084904
0.7035694
0.7016923
0.7023095
0.7004247
0.6999948
0.6984702
0.6970789
0.7009249
0.7006347
0.7053324
0.7118977
0.7166843
0.7217646
0.7189534
0.7197047
0.7240127
0.7260278
0.7234463
0.7177507
0.7142879
0.7095375
0.7023834
0.7035771
0.7111343
0.7125008
0.7149818
0.7153081
0.7109024
0.7102873
0.7139776
0.7211222
0.7243662
0.7170282
0.7118001
0.7119381
0.7089989
0.7116549
0.7136182
0.7139348
0.7134249
0.7098967
0.7157748
0.7148339
0.7123998
0.714886
0.714528
0.720753
0.7236106
0.7226196
0.7177397
0.715142
0.7141453
0.7124988
0.7108578
0.7076168
0.7083257
0.704224
0.7024746
0.7019568
0.7061043
0.7109034
0.7094264
0.7105147
0.7104193
0.7095669
0.7050613
0.7013996
0.7048951
0.7087629
0.7089121
0.7024233
0.6905744
0.6884551
0.695481
0.6970018
0.6940423
0.6953656
0.700644
0.7030424
0.7153135
0.7105302
0.701064
0.7101665
0.6960724
0.6821498
0.6894086
0.7101624
0.7141093
0.7052691
0.7030518
0.6983668
0.6976315
0.6985441
0.7003774
0.6982868
0.6982678
0.7004054
0.699612
0.7005537
0.7057273
0.7031761
0.6757803
0.6676479
0.693833
0.6864549
0.6659427
0.6668685
0.670776
0.6761516
0.671808
0.671282
0.667337
0.6704163
0.6740494
0.6704127
0.6704877
0.656144
0.6618828
0.6649177
0.6606007
0.6616563
0.6529
0.6524106
0.6434296
0.6468327
0.6771576
0.6798038
0.6665571
0.6687076
0.6676935
0.6646959
0.6664124
0.6606944
0.6496349
0.6446804
0.6422733
0.6397619
0.631607
0.6263277
0.6274092
0.6221886
0.6183607
0.6196279
0.619205
0.6167472
0.6143018
0.6093885
0.6072098
0.609683
0.6091017
0.6080656
0.6078541
0.6071769
0.6045905
0.6004814
0.6009276
0.6005795
0.5998758
0.5997276
0.5985617
0.598238
0.5979679
0.5989593
0.5945425
0.5921717
0.5912691
0.5913991
0.5930983
0.5887677
0.586594
0.58959
0.5877113
0.5860056
0.5954861
0.5974814
0.5922964
0.5999279
0.6074617
0.5818124
0.5690347
0.5892527
0.5798646
0.575894
0.5895688
0.5770041
0.568292
0.5769581
0.5750286
0.5749175
0.5748285
0.5706774
0.5736631
0.5688087
0.5699876
0.5768161
0.5681959
0.5623117
0.5717881
0.5704472
0.5662223
0.5574077
0.5566045
0.561074
0.5324283
0.5207887
0.5268646
0.5457395
0.5676557
0.5504576
0.5277091
0.5230322
0.5238016
0.5232223
0.5227669
0.522236
0.5217678
0.5223381
0.5236325
0.5176262
0.5099375
0.5114725
0.5053042
0.5201362
0.5407275
0.5171365
0.5082478
0.5116673
0.5087484
0.5103089
0.508252
0.5095402
0.5072944
0.503732
0.5091945
0.5183713
0.5093408
0.500016
0.5029179
0.5017148
0.4995512
0.5005129
0.500299
0.499866
0.4989142
0.4994641
0.5001745
0.4978684
0.4983869
0.4971752
0.49518
0.496852
0.4958317
0.4944459
0.492184
0.4924533
0.4940494
0.4920705
0.4954892
0.4985981
0.494594
0.4906843
0.4893046
0.4887987
0.4891929
0.4876063
0.4877804
0.4878186
0.48755
0.4870578
0.4851891
0.4880649
0.4850603
0.4817861
0.4850587
0.4835968
0.4805841
0.4805494
0.4836479
0.4827308
0.4796635
0.4814553
0.4823291
0.4828493
0.4784534
0.4809742
0.4892062
0.4808748
0.4775811
0.481751
0.4792082
0.4779704
0.4768651
0.4797173
0.4815977
0.476333
0.4774053
0.4800191
0.4791933
0.4797391
0.4792157
0.4777277
0.4785755
0.4779676
0.4763866
0.4786669
0.4768468
0.4745939
0.4752752
0.4780798
0.4771733
0.4721376
0.4731947
0.4789712
0.479336
0.4727075
0.4730271
0.4776976
0.4736581
0.4700295
0.4763312
0.4755615
0.4711627
0.4738625
0.4760591
0.4757553
0.4743098
0.4737149
0.4766311
0.4778431
0.4719307
0.4719185
0.4756249
0.4754187
0.4733401
0.4719766
0.4751899
0.4753179
0.4740241
0.4726224
0.4706732
0.4713034
0.4716947
0.4734513
0.4731896
0.4720799
0.4717309
0.4725854
0.473058
0.4710351
0.4710913
0.4718572
0.4732617
0.4734959
0.4715124
0.4705916
0.4726154
0.4741232
0.470608
0.468846
0.4744809
0.474611
0.4708906
0.4721315
0.4727842
0.4721659
0.4708056
0.4714326
0.471243
0.4710848
0.4727835
0.4698603
0.4697979
0.4728754
0.472038
0.4687947
0.4675877
0.4704607
0.4735094
0.4709259
0.4686739
0.4734706
0.4705727
0.4684678
0.470979
0.471348
0.4701607
0.4704908
0.4730981
0.4707946
0.4682916
0.4678386
0.4714616
0.4696663
0.4671274
0.4696089
0.4727214
0.4737258
0.4681302
0.4686605
0.4707091
0.4707046
0.4720213
0.4710068
0.469962
0.4690871
0.4689406
0.4679417
0.4672036
0.465555
0.4647784
0.4683469
0.4692461
0.4685747
0.467747
0.4664626
0.4653455
0.4638014
0.4653816
0.4641372
0.4667514
0.4671233
0.4613537
0.4663007
0.4687848
0.4632869
0.4654501
0.4700725
0.4676625
0.4667618
0.4680444
0.4680104
0.4701659
0.4682254
0.4663949
0.4695065
0.469235
0.4667947
0.4663907
0.4687115
0.4678502
0.4665407
0.4684033
0.4684622
0.467572
0.4663598
0.4668926
0.4679057
0.4682225
0.4675443
0.46555
0.4678042
0.4686979
0.4664705
0.466611
0.469609
0.4687653
0.4656171
0.4664173
0.4664692
0.4688948
0.4729089
0.4728584
0.4700871
0.4702803
0.470338
0.4711203
0.4680106
0.4597819
0.4649978
0.4701276
0.4671123
0.4680669
0.4709584
0.4706819
0.4673559
0.4680284
0.4696919
0.4682611
0.4656626
0.464573
0.4665111
0.4672815
0.4634389
0.4632237
0.4653622
0.4636448
0.4623979
0.4616077
0.46369
0.4626865
0.460849
0.4619229
0.4633416
0.4643506
0.4593195
0.4595678
0.462867
0.4622889
0.4626549
0.4634461
0.4644782
0.4622536
0.461131
0.4616587
0.4625948
0.461989
0.4603143
0.4617061
0.4610582
0.4612681
0.460279
0.4580423
0.4612068
0.4623286
0.4575089
0.4571217
0.4617805
0.4607128
0.4575754
0.4585729
0.4614805
0.4611213
0.4579837
0.4593913
0.4612851
0.4607858
0.4601263
0.458902
0.4603521
0.4613457
0.4574393
0.4560404
0.4611689
0.4610698
0.4573044
0.4577679
0.4603875
0.4623923
0.4581706
0.4565401
0.4614385
0.4632579
0.4594519
0.4592152
0.4636063
0.4608139
0.4599719
0.4614916
0.4608128
0.4620892
0.4629666
0.4617573
0.4582793
0.4613785
0.462785
0.4584448
0.4599416
0.4628177
0.4631551
0.4605628
0.4610437
0.4613292
0.4601424
0.4605548
0.4584861
0.4620697
0.4631054
0.4614336
0.4622948
0.4618376
0.4621066
0.4618988
0.4621436
0.4628642
0.461956
0.4601265
0.4622034
0.4633708
0.460644
0.4606273
0.4633953
0.4655134
0.4608633
0.4590606
0.462577
0.4635129
0.461037
0.4606318
0.4641094
0.4615075
0.45999
0.4607533
0.46262
0.4628321
0.4604409
0.46055
0.4604355
0.4617274
0.4620022
0.460031
0.4612752
0.4635248
0.4611914
0.458002
0.4615118
0.4616147
0.4589686
0.459817
0.4603657
0.4603969
0.458653
0.4573428
0.4567355
0.458429
0.4582039
0.4570669
0.4567487
0.4575542
0.4592352
0.4553922
0.4531494
0.4558287
0.457038
0.4558414
0.4553542
0.456637
0.4550709
0.4543057
0.4555275
0.4566263
0.4549241
0.4546793
0.4569868
0.4559993
0.455015
0.4539636
0.4575472
0.4586837
0.4545265
0.4547229
0.4595126
0.4597739
0.4543382
0.4563343
0.4590715
0.4570168
0.4548869
0.4554988
0.4583521
0.4573947
0.4580263
0.4563043
0.4554575
0.4581548
0.4568057
0.4552075
0.4537994
0.4566425
0.4554942
0.4521358
0.4537604
0.4553386
0.4565205
0.4531385
0.4524911
0.4563556
0.4563938
0.4535529
0.4538296
0.4559864
0.455968
0.4572107
0.454157
0.4526373
0.4549757
0.4529506
0.4533826
0.4543397
0.4537776
0.4519741
0.4525225
0.4552063
0.4558495
0.4526936
0.4497899
0.454534
0.4557719
0.4502036
0.4493149
0.4548441
0.4543623
0.4500241
0.4500501
0.45097
0.4520241
0.4518523
0.4501048
0.4501246
0.4507053
0.451486
0.4489752
0.4488113
0.4528453
0.453099
0.4506739
0.4474711
0.4511057
0.4520315
0.4483443
0.4475895
0.4509066
0.4524053
0.4476193
0.449008
0.4514789
0.449572
0.4495792
0.4481143
0.4494925
0.4520224
0.4477439
0.4479647
0.4516974
0.4511932
0.4498251
0.4503573
0.4515277
0.4514562
0.4493445
0.4501643
0.4524853
0.4503998
0.4521165
0.4533123
0.4531115
0.4546481
0.4566405
0.4580047
0.4571119
0.4568368
0.4572917
0.4620324
0.4610382
0.4587553
0.462039
0.4606762
0.4596435
0.4602052
0.457608
0.4578716
0.4598224
0.4592134
0.45765
0.4576518
0.4592109
0.4564728
0.4572104
0.4581251
0.4573623
0.4594514
0.4595219
0.4583765
0.4577834
0.4603951
0.4601219
0.4593035
0.4593638
0.4600332
0.4627902
0.4608954
0.4617046
0.463835
0.4644674
0.4641277
0.463217
0.4669261
0.4732017
0.472985
0.4705993
0.4767139
0.4773999
0.4762975
0.4805728
0.4822864
0.4827191
0.484408
0.4853903
0.4846272
0.4832953
0.4828789
0.4841222
0.4859371
0.4869152
0.4871544
0.4867031
0.4864616
0.4863919
0.4834516
0.4840818
0.4843461
0.4819446
0.483145
0.484815
0.4861943
0.4878227
0.4880079
0.4892758
0.4926644
0.4919637
0.4914253
0.494575
0.4962713
0.4978724
0.5000441
0.5009005
0.5022019
0.5026004
0.5014319
0.502804
0.5050526
0.5037119
0.5025416
0.5045395
0.5063609
0.5065683
0.5075883
0.5082135
0.5090019
0.5108997
0.5110099
0.5110758
0.5130387
0.5148285
0.5162673
0.5165107
0.5167062
0.5170975
0.5170527
0.5201262
0.5215172
0.5239493
0.5243721
0.527603
0.5337274
0.5343627
0.5378481
0.5408948
0.543294
0.5410244
0.5352917
0.5327267
0.5347381
0.5379207
0.5392218
0.540649
0.5414099
0.5425739
0.5489977
0.5520776
0.5492202
0.5543223
0.5535109
0.5515328
0.5538802
0.5511732
0.5488096
0.5506516
0.5540517
0.5549844
0.5503966
0.5411839
0.5508676
0.5621775
0.5589839
0.5625706
0.5624876
0.5635782
0.5676732
0.5654035
0.5635653
0.5636711
0.5652479
0.5657162
0.5730439
0.573467
0.5762736
0.5812106
0.5784976
0.5869758
0.5899721
0.588621
0.5900829
0.5922921
0.5898408
0.5892194
0.593207
0.5895607
0.585643
0.5822038
0.5823254
0.585464
0.5854095
0.5902318
0.5917813
0.5909548
0.5992748
0.5996577
0.5993354
0.6031032
0.6030552
0.6038783
0.6074818
0.6022225
0.5986647
0.6031176
0.5996789
0.5999123
0.5971838
0.5958693
0.5973753
0.5983209
0.6023034
0.6004568
0.5988034
0.5980292
0.5960064
0.5950731
0.5915769
0.5899729
0.587372
0.5786352
0.5860642
0.5864979
0.584705
0.5965298
0.5936869
0.5944803
0.5942437
0.5906811
0.5918987
0.5879792
0.5875069
0.59483
0.6017954
0.6018496
0.6014583
0.6023715
0.6016233
0.5992056
0.5947505
0.5914113
0.5884687
0.5867841
0.5905373
0.5963599
0.5994551
0.6072234
0.6128747
0.6101421
0.60901
0.6134233
0.6125894
0.6091195
0.6095872
0.6063108
0.6005264
0.597978
0.5966459
0.5935431
0.5991917
0.6006289
0.5958995
0.5938556
0.5958116
0.5941381
0.5940831
0.6014826
0.6067238
0.6199084
0.6256763
0.6228294
0.6263355
0.6261051
0.6276408
0.6341371
0.6321941
0.6338551
0.637282
0.6293854
0.6287096
0.6293326
0.623996
0.6242675
0.6233428
0.6208851
0.6200592
0.6223226
0.6186711
0.6164904
0.6244149
0.6248937
0.6191396
0.6183513
0.618228
0.6114949
0.6070207
0.606926
0.6082802
0.6072632
0.6084231
0.6143989
0.6163546
0.6133703
0.6109661
0.6075956
0.6049157
0.6241147
0.6332556
0.6175482
0.6297572
0.6324256
0.6083402
0.603834
0.6146047
0.6313358
0.6349397
0.6219914
0.615904
0.6270166
0.6313469
0.6285358
0.635627
0.6399141
0.6445853
0.6499931
0.6464875
0.6408018
0.6382386
0.6379625
0.633382
0.6326833
0.636755
0.634096
0.6298895
0.6228231
0.6154299
0.6117044
0.6126551
0.6185025
0.6254569
0.6225418
0.6216758
0.6334401
0.630938
0.6264772
0.6332987
0.6343122
0.6316934
0.636036
0.6335095
0.6419337
0.6558702
0.6414194
0.6469121
0.6553221
0.6444029
0.640626
0.6407577
0.6408549
0.6371288
0.6384169
0.6423127
0.6414559
0.6396783
0.6371033
0.6374204
0.6436837
0.6435353
0.639875
0.6356558
0.635212
0.6405283
0.6390098
0.6385655
0.6389463
0.6406853
0.6438318
0.6454945
0.6415916
0.6383971
0.6423709
0.6435679
0.6411072
0.6381671
0.643424
0.6490209
0.6455802
0.644017
0.6513221
0.6538327
0.6503834
0.6496918
0.6537328
0.6600869
0.6548721
0.6479933
0.6489707
0.648961
0.6435354
0.6379514
0.6448831
0.6467474
0.6430331
0.645879
0.648148
0.6486372
0.648513
0.653921
0.6518561
0.6560248
0.6544923
0.6507113
0.6727246
0.6572201
0.646242
0.6729865
0.6709042
0.6647782
0.6708244
0.6720658
0.6707769
0.6637774
0.6544192
0.6532486
0.6498481
0.6448908
0.6516023
0.6511482
0.6511494
0.6504824
0.6443038
0.6479468
0.6507097
0.6536528
0.6480862
0.6443701
0.6512973
0.6524228
0.6527755
0.6485421
0.6519467
0.6578258
0.6544216
0.654722
0.6529114
0.6570871
0.6642274
0.6625245
0.658476
0.6601249
0.658979
0.6568089
0.6622017
0.6666926
0.663614
0.6589075
0.664677
0.6663008
0.6676974
0.6704474
0.6667246
0.6631155
0.6589898
0.6571457
0.652414
0.6469489
0.6450664
0.646241
0.6474558
0.6466323
0.6474533
0.6484831
0.6484704
0.645236
0.6398282
0.6418969
0.6466626
0.6439928
0.6458274
0.6529061
0.6581686
0.662677
0.6619216
0.6615168
0.6599188
0.6564478
0.6576824
0.6569833
0.6563589
0.6541295
0.647967
0.6542506
0.6605316
0.655491
0.6583168
0.6608438
0.6562432
0.6561453
0.6609879
0.6580584
0.6537496
0.6572687
0.6595861
0.6581644
0.6593617
0.6611776
0.6599633
0.6633853
0.6639661
0.6646984
0.6578351
0.6494732
0.6546477
0.6546896
0.6494114
0.6467654
0.6440505
0.6399918
0.64156
0.6484501
0.6499732
0.6504981
0.6588577
0.6656176
0.6640253
0.6612017
0.6641842
0.6618708
0.6567812
0.6560243
0.6596309
0.662652
0.6605211
0.6605318
0.6626362
0.6686035
0.6685177
0.6683527
0.6722005
0.6684434
0.6660574
0.6678868
0.6635143
0.660196
0.6593553
0.6546896
0.6625924
0.6689639
0.6620805
0.6682536
0.6721745
0.659913
0.6602988
0.6652246
0.6663687
0.6681001
0.6660298
0.6671804
0.6675242
0.6677597
0.6657158
0.6627068
0.6654811
0.670576
0.6675047
0.6666483
0.6729548
0.6716371
0.6685882
0.667381
0.667824
0.6656999
0.6649179
0.6689753
0.6686711
0.6687198
0.6744937
0.6735875
0.6700539
0.6707514
0.6669705
0.6666756
0.6711855
0.6703937
0.6667233
0.6698806
0.6702179
0.6662268
0.6668117
0.6615304
0.657231
0.6507804
0.6553742
0.672829
0.6686879
0.6715327
0.6809394
0.6760826
0.6675022
0.66003
0.6568959
0.6519914
0.6504794
0.6524135
0.6480262
0.6468759
0.6507527
0.6501452
0.6567146
0.6567341
0.6534705
0.6604011
0.6644199
0.6643248
0.6683674
0.673003
0.670917
0.6725564
0.6661175
0.6602713
0.6688643
0.6702379
0.6671935
0.6711101
0.6711803
0.6760343
0.6753473
0.6587807
0.6597736
0.6582277
0.6444831
0.6419945
0.6417667
0.6403463
0.6429675
0.6446161
0.6446275
0.6440688
0.6432024
0.6447848
0.6439754
0.6499842
0.6582997
0.6596847
0.6624797
0.6687195
0.6695055
0.6646768
0.6657657
0.6656665
0.6614687
0.6574108
0.6604599
0.6681603
0.6673174
0.6650549
0.6659008
0.6660721
0.6648028
0.6621794
0.6609898
0.6620818
0.6616899
0.6615667
0.6589091
0.6656023
