0.6270223
0.624052
0.6253214
0.6206814
0.6342368
0.637789
0.6255143
0.6221199
0.6226614
0.6224811
0.6179132
0.6103793
0.6123294
0.6183966
0.6249263
0.6306676
0.6323052
0.635932
0.6365089
0.6303379
0.62601
0.6238735
0.6256568
0.6233848
0.62051
0.6209446
0.621627
0.6139153
0.6043464
0.6151338
0.6293738
0.6413826
0.6295964
0.6305858
0.6420705
0.6387926
0.6379558
0.6178518
0.6221528
0.6186351
0.6223396
0.6390599
0.6261884
0.6399152
0.64594
0.6432889
0.646054
0.6362792
0.6297279
0.6311017
0.6331387
0.6434997
0.651626
0.627884
0.6236675
0.6466528
0.6544203
0.6513638
0.6422081
0.6332397
0.6276715
0.6313988
0.6277526
0.6217382
0.6390142
0.6426898
0.6376904
0.6419019
0.6398439
0.6317757
0.6247105
0.622294
0.6185627
0.6257314
0.6128586
0.5995001
0.6261581
0.6271472
0.6223037
0.6178666
0.6164444
0.6333583
0.6182766
0.6236132
0.6444451
0.6394233
0.6302724
0.6377918
0.6261177
0.6044815
0.6356106
0.647865
0.6372444
0.6400653
0.6414762
0.6340493
0.62752
0.6253734
0.6327373
0.6412761
0.6296035
0.6331805
0.6348623
0.6136811
0.5872177
0.5765511
0.5790723
0.5823881
0.5929125
0.6049462
0.6149844
0.6239744
0.6274888
0.6276991
0.6214287
0.611005
0.6072671
0.6068068
0.6116827
0.6202138
0.6255528
0.6284196
0.6294098
0.6240952
0.6172369
0.6193814
0.6265283
0.6324305
0.6386434
0.6352706
0.6385138
0.6383412
0.6067222
0.5956911
0.6049239
0.5964012
0.6010889
0.5957587
0.5959021
0.6349459
0.6422969
0.6326675
0.6368233
0.6261168
0.6037077
0.5926681
0.5942931
0.5968435
0.5989759
0.596744
0.594539
0.5999858
0.604378
0.6048436
0.6071267
0.6054892
0.602782
0.5999316
0.598505
0.6026461
0.6038977
0.6056069
0.6057201
0.5992588
0.5961122
0.598054
0.6008724
0.6053795
0.6137795
0.6175754
0.6143259
0.6152091
0.6173933
0.6200547
0.6213534
0.6110092
0.6039778
0.6048719
0.6052209
0.604582
0.5979862
0.5914521
0.5918404
0.5929424
0.5931838
0.5981932
0.5978663
0.590311
0.5903091
0.595633
0.600362
0.602354
0.6027628
0.6031144
0.5973643
0.5911031
0.5933252
0.5974471
0.6040416
0.6104501
0.6114916
0.6080986
0.6020286
0.5980668
0.5971604
0.6011268
0.6022901
0.597684
0.5877829
0.5799706
0.5801159
0.5786248
0.5776935
0.5770148
0.5717978
0.5674852
0.5688291
0.5720554
0.5727979
0.5722081
0.5695696
0.5643839
0.5630716
0.5659112
0.5680299
0.5700149
0.5719333
0.5685598
0.567155
0.5751194
0.5803137
0.585223
0.5936071
0.594804
0.5946414
0.6005547
0.6073414
0.6114834
0.6123457
0.609426
0.6034832
0.5998516
0.6024738
0.6063312
0.6042353
0.5988511
0.5963689
0.5978272
0.6011764
0.6048548
0.6080646
0.6053954
0.5964858
0.5876397
0.584877
0.5837824
0.5724807
0.5657375
0.5679945
0.566922
0.5684343
0.5691223
0.5703813
0.5710531
0.5703695
0.5725056
0.5746166
0.5806782
0.5825886
0.5796305
0.5760888
0.5721501
0.5708943
0.5812915
0.5803227
0.5969174
0.6105275
0.5759392
0.5863441
0.6075084
0.6018022
0.5969806
0.5810655
0.5749198
0.5769589
0.5780636
0.5833559
0.5848205
0.5770256
0.5713523
0.5741658
0.579592
0.5801346
0.5789572
0.5757352
0.5692253
0.5684161
0.5746903
0.5778773
0.5771408
0.5713024
0.5641115
0.560894
0.5559145
0.5546715
0.5571338
0.5601159
0.5614616
0.5585068
0.5588757
0.5653907
0.5701585
0.5730995
0.5767136
0.5737823
0.5718246
0.5762415
0.5795785
0.5870367
0.5965669
0.6002077
0.5984475
0.5969221
0.6035713
0.6076656
0.6054293
0.6090995
0.6145608
0.6119238
0.6107454
0.6118235
0.6103368
0.614052
0.6186526
0.6169806
0.6142773
0.6114519
0.6043695
0.5989888
0.5970122
0.6028072
0.6128186
0.6169331
0.6168747
0.6084324
0.6002924
0.600907
0.5997014
0.5975951
0.5939455
0.5849494
0.5817697
0.584092
0.5860029
0.5890189
0.5874782
0.582681
0.5804286
0.5807316
0.5833529
0.585514
0.5842584
0.5818472
0.5801193
0.5823301
0.5864189
0.5886344
0.5924849
0.5896947
0.5860337
0.5889302
0.5910209
0.5930182
0.5949341
0.5926726
0.5896393
0.5949273
0.6016584
0.6032089
0.6038252
0.6041053
0.6016784
0.5973356
0.5970822
0.6009334
0.6050824
0.6055087
0.60366
0.60445
0.5987556
0.5952724
0.6017515
0.6026338
0.6006816
0.6012713
0.5984116
0.5925932
0.5908302
0.5909446
0.5924249
0.5964773
0.5972773
0.5934832
0.5875281
0.5892734
0.5965041
0.5992443
0.6008919
0.5996688
0.5943368
0.5930888
0.5992698
0.6053622
0.6064808
0.6032132
0.5922839
0.5890292
0.5979422
0.6004054
0.6010555
0.6036934
0.5998762
0.5977307
0.6034978
0.6048027
0.604754
0.6080416
0.6066711
0.6034174
0.601651
0.6047993
0.6088451
0.6102296
0.6150595
0.6140332
0.6061502
0.6009496
0.5993284
0.6018286
0.6017412
0.6016932
0.6030173
0.5997919
0.5963792
0.599097
0.6036171
0.6042593
0.6026237
0.5970808
0.5945307
0.5974334
0.5961617
0.5941668
0.592544
0.5884885
0.5867206
0.5895563
0.5921403
0.5907429
0.5904954
0.5891505
0.5882506
0.5929382
0.5956661
0.596533
0.5972522
0.5890174
0.5807049
0.5815383
0.5810823
0.5836122
0.5878763
0.5859854
0.5852778
0.586682
0.5895084
0.5956514
0.5977633
0.5931075
0.5902069
0.5930891
0.5966908
0.5960851
0.5973348
0.5970872
0.5897415
0.585788
0.5872547
0.5887004
0.592604
0.5926885
0.58634
0.5829432
0.5853905
0.5883274
0.587564
0.5909865
0.5922333
0.5846104
0.5820838
0.5847725
0.5851244
0.5882741
0.5913161
0.5884723
0.5879885
0.5909102
0.5931153
0.5981587
0.6036103
0.6029785
0.6002069
0.5987462
0.5984206
0.6006861
0.5976472
0.5861239
0.5796368
0.5870724
0.5930663
0.5942917
0.5986848
0.5977793
0.5922706
0.5877877
0.5887262
0.589771
0.5851316
0.5843757
0.5886477
0.590023
0.5935315
0.5980172
0.5945997
0.5952085
0.598239
0.6002007
0.604619
0.601797
0.5987649
0.6012563
0.6059555
0.6074996
0.6112816
0.6182764
0.618445
0.6199777
0.6204921
0.6165697
0.6123356
0.6133089
0.6184909
0.6181234
0.6149679
0.617546
0.6210364
0.6165379
0.612988
0.6117278
0.610567
0.6124608
0.6134119
0.6181112
0.6211953
0.6122257
0.611191
0.6171283
0.6269639
0.6291346
0.6205303
0.6316938
0.6340537
0.6227569
0.6181373
0.6184938
0.6244681
0.6261128
0.6238989
0.6221371
0.617526
0.6139166
0.6117983
0.6105821
0.616825
0.6182604
0.6162952
0.616364
0.615923
0.6202984
0.6255753
0.6260432
0.6196097
0.6171579
0.6184722
0.6199108
0.6217483
0.6202392
0.6210143
0.6172532
0.6112418
0.6097393
0.6094026
0.6139735
0.6119546
0.6101387
0.6144108
0.6134917
0.6126097
0.6067649
0.5997353
0.6005975
0.6066137
0.6110034
0.6097878
0.6084032
0.6040975
0.6004738
0.5992032
0.5936697
0.5918495
0.5884664
0.5796435
0.575769
0.5751635
0.5727087
0.5726746
0.5752136
0.5790333
0.5759959
0.5752129
0.5678876
0.5733634
0.5847379
0.5907942
0.5930342
0.5703685
0.5868468
0.5904219
0.5881763
0.5972855
0.5783382
0.6023143
0.6226488
0.6020687
0.5912438
0.5770926
0.5815338
0.6081844
0.6004693
0.5873014
0.582848
0.5746023
0.5726074
0.5712502
0.5665379
0.5683643
0.5696795
0.5769001
0.5923937
0.5970736
0.603443
0.6021324
0.5979937
0.6039455
0.6056689
0.6044009
0.6002219
0.5961684
0.5958338
0.5973605
0.592803
0.5880086
0.591002
0.5881786
0.5885931
0.5906095
0.5876641
0.5851028
0.5854357
0.5882921
0.583134
0.5751406
0.5776987
0.57825
0.5810372
0.5881301
0.5823428
0.5783765
0.5771986
0.5751326
0.5724737
0.5766407
0.5757064
0.568259
0.5697157
0.5802701
0.5907346
0.5800254
0.5714387
0.5687163
0.5650266
0.5668082
0.5649755
0.5632524
0.5626367
0.5625278
0.5634127
0.561334
0.5599977
0.5597897
0.5582862
0.557739
0.5561231
0.5539568
0.5531018
0.5529096
0.5520037
0.5510813
0.5497953
0.5483066
0.5476827
0.5451237
0.5431296
0.5427921
0.5422664
0.5416674
0.5392017
0.5369519
0.5371532
0.5377874
0.5360183
0.5352855
0.5366301
0.5351568
0.5352184
0.5354214
0.5337398
0.5332218
0.53283
0.5331986
0.5315611
0.5307684
0.5310115
0.5300852
0.5298958
0.5301723
0.5307963
0.5312132
0.5295585
0.5287602
0.5279164
0.5229745
0.5237369
0.5245579
0.5206478
0.5216668
0.5230578
0.5208362
0.5193472
0.5207777
0.5209663
0.5201876
0.5185699
0.5155216
0.5168488
0.5177341
0.5142183
0.5130802
0.5149374
0.5148384
0.513226
0.5128389
0.5120542
0.5132632
0.5144133
0.5125972
0.5114646
0.5116085
0.5135034
0.5120291
0.5104247
0.5102751
0.5111314
0.5125182
0.5104695
0.5107933
0.5086874
0.5090975
0.5124257
0.5104961
0.507466
0.507942
0.5109133
0.5098001
0.5084629
0.5072916
0.5092883
0.5122318
0.5107847
0.5091825
0.5078821
0.5082269
0.5064389
0.5049241
0.5037488
0.502579
0.5055281
0.5061155
0.5017143
0.4997089
0.5001233
0.4977502
0.4998485
0.5003884
0.4969552
0.4993124
0.5002725
0.498896
0.4979847
0.4971418
0.4967827
0.4973953
0.497358
0.4968377
0.4981612
0.4976457
0.4964787
0.495407
0.4958692
0.4969164
0.4983376
0.4982491
0.4959286
0.4961636
0.4967851
0.4961316
0.4937715
0.4935512
0.4931019
0.493315
0.4943554
0.4949244
0.4947135
0.4946658
0.4983488
0.4971179
0.4953598
0.4975829
0.4983173
0.4953966
0.4951744
0.4952902
0.491872
0.4946163
0.4957224
0.4913618
0.4909734
0.490704
0.4895223
0.4893589
0.4887085
0.4893618
0.4895151
0.4896008
0.4892356
0.4878167
0.4860995
0.4850554
0.4848816
0.4830013
0.4822333
0.4837761
0.4852022
0.484606
0.4824177
0.4817155
0.4822856
0.4826965
0.4822285
0.4807385
0.4793
0.4809921
0.4827196
0.4812289
0.4809505
0.4820114
0.4830212
0.4828181
0.4800743
0.4792342
0.4807007
0.4801515
0.4800427
0.480861
0.481183
0.4829228
0.48389
0.4808772
0.4795318
0.4825165
0.4820734
0.480184
0.4797079
0.4783022
0.4811353
0.4833634
0.4806122
0.4795952
0.4803885
0.4805625
0.4793391
0.4765993
0.4756515
0.4784983
0.4791166
0.4780953
0.4788838
0.479074
0.4789333
0.4779729
0.4771337
0.4779326
0.4779149
0.4760417
0.476218
0.4765374
0.4744535
0.4748136
0.4771253
0.4777586
0.4761174
0.4750691
0.4770658
0.4765322
0.4736185
0.4724109
0.4727198
0.4742819
0.4723473
0.4699775
0.4710623
0.4729864
0.4738533
0.4731402
0.4718001
0.4713541
0.4737968
0.4749123
0.4730659
0.4720427
0.4730646
0.4749157
0.4726716
0.46966
0.4704049
0.471575
0.4724096
0.4714124
0.4696889
0.4715927
0.4741999
0.4736771
0.4723623
0.4727812
0.4730604
0.4719514
0.4710598
0.4699008
0.4714214
0.4710574
0.4704368
0.4700989
0.4682007
0.4721132
0.4721653
0.469242
0.4708266
0.4720687
0.4718856
0.46886
0.4675786
0.4681818
0.46909
0.4707137
0.4680275
0.4663363
0.4676132
0.4683838
0.469674
0.4701861
0.468748
0.4684368
0.4684081
0.4710264
0.4735267
0.4714356
0.4696326
0.4694726
0.4727892
0.4736945
0.4692579
0.4692582
0.4703399
0.4699016
0.4699035
0.468101
0.4658469
0.4665136
0.4693555
0.4683715
0.4657262
0.4654234
0.4699353
0.4702645
0.4671748
0.4677755
0.4682621
0.4709307
0.4705551
0.4676969
0.4684302
0.4717117
0.4740465
0.4705832
0.4689839
0.4708107
0.471248
0.4705762
0.4673276
0.4682041
0.470404
0.4696792
0.470389
0.4693591
0.4678413
0.4681512
0.4700209
0.4706791
0.4683003
0.4668146
0.468394
0.4704474
0.4705
0.4671985
0.4652454
0.466667
0.4673417
0.4687243
0.4657497
0.4638945
0.4658653
0.4650845
0.465044
0.4659249
0.4660237
0.4671347
0.4665254
0.4658025
0.4693169
0.470296
0.4699514
0.4675882
0.4670668
0.470719
0.4689198
0.4674792
0.4683676
0.4698482
0.4720078
0.4707784
0.4683039
0.4678244
0.4703662
0.4701522
0.4726115
0.4791025
0.4751894
0.4682515
0.466897
0.4704752
0.4741642
0.4726467
0.4693552
0.4689474
0.472129
0.4724977
0.4706406
0.4703908
0.4706293
0.4714075
0.4725993
0.4722291
0.4697165
0.4695899
0.4724154
0.4733833
0.4704011
0.4689793
0.4710041
0.4718924
0.4710257
0.468926
0.4693934
0.4725737
0.4720703
0.4701345
0.4698333
0.4691596
0.4711262
0.4725285
0.4715674
0.4703049
0.469915
0.4732594
0.4743256
0.4728176
0.4721254
0.4731085
0.4747244
0.4742186
0.4727351
0.4713183
0.4718322
0.4730965
0.4716932
0.470544
0.4703162
0.4709105
0.4730232
0.4705601
0.4689462
0.472045
0.4749425
0.4725069
0.4700405
0.4741013
0.4754731
0.4747292
0.4785504
0.4799101
0.4771998
0.4769501
0.4769235
0.4772389
0.4776038
0.4786225
0.4790935
0.4757924
0.4734198
0.4747601
0.4760553
0.4759851
0.4759815
0.4738245
0.4724524
0.4746473
0.4761834
0.4757813
0.4741211
0.4741553
0.4757311
0.4751554
0.4727667
0.4714213
0.473782
0.4759997
0.4737467
0.4703905
0.4708782
0.4741467
0.4745231
0.4725601
0.4736823
0.4728711
0.4726364
0.4762639
0.4753571
0.4739713
0.4749499
0.4761525
0.4766731
0.4753015
0.4736995
0.4756773
0.4779801
0.4758997
0.4742678
0.4747923
0.4762456
0.4754825
0.4736797
0.4733093
0.4737917
0.4752057
0.4745817
0.4724742
0.4738361
0.4759309
0.4749806
0.4729991
0.4721397
0.4740096
0.4747186
0.472214
0.4698704
0.4703424
0.4726373
0.4709641
0.4683333
0.47092
0.4716283
0.4706448
0.4723679
0.4713277
0.4699401
0.4710566
0.4730381
0.4737312
0.4711544
0.4712413
0.4736032
0.4743856
0.4756796
0.4739343
0.4724827
0.4744625
0.475492
0.4765573
0.4751304
0.4731205
0.4750439
0.4767709
0.4761683
0.474813
0.475412
0.4775225
0.4784142
0.4785715
0.4784091
0.4786532
0.4782121
0.4779406
0.4790529
0.4788106
0.4771793
0.4758643
0.4773924
0.4794018
0.4773782
0.4770174
0.4788149
0.4792041
0.4797985
0.479058
0.4791762
0.4818604
0.4818147
0.4792437
0.4789371
0.4789118
0.4792809
0.4806299
0.479162
0.4780877
0.4788572
0.4791472
0.4787789
0.4771634
0.4770532
0.4778231
0.4782661
0.477519
0.4755688
0.4766649
0.4770234
0.4772771
0.4785275
0.4774188
0.4766733
0.4773889
0.4786014
0.4782425
0.4767992
0.476254
0.4779271
0.4788083
0.4783107
0.4775415
0.4765866
0.4785985
0.4790518
0.4781553
0.4776822
0.4763942
0.4778154
0.4789442
0.4769686
0.4762516
0.4777635
0.4792149
0.4797051
0.4781599
0.4781356
0.478623
0.4796784
0.481054
0.4788341
0.4773562
0.4787575
0.4812433
0.480405
0.4777556
0.4795534
0.4833485
0.4833491
0.4806705
0.4805835
0.4823591
0.4814106
0.4786257
0.4775146
0.4785743
0.4793018
0.4786796
0.4772541
0.4769282
0.4791595
0.4806776
0.4802835
0.4797396
0.4792423
0.4810156
0.4816012
0.4794982
0.4785213
0.4796852
0.4811389
0.4797354
0.4783972
0.4786368
0.4793828
0.4795351
0.4784126
0.4765631
0.4766675
0.4782588
0.4798107
0.4788551
0.4763115
0.4779651
0.4797749
0.4792374
0.4798744
0.4799552
0.4791184
0.4799881
0.480911
0.4799959
0.4790991
0.4788772
0.4814406
0.4831516
0.4808305
0.4792673
0.4798627
0.4844263
0.4837294
0.4808886
0.4830182
0.4839484
0.4862275
0.4897254
0.4899793
0.4880898
0.4891529
0.4906503
0.4892396
0.4856395
0.4836518
0.4832215
0.4851549
0.4819236
0.4801521
0.4777003
0.486651
0.5010922
0.4860853
0.4768626
0.4861429
0.4988937
0.5025895
0.4975699
0.4985399
0.5001068
0.4917392
0.4877371
0.4884203
0.4861057
0.4889085
0.4921204
0.4936758
0.492209
0.4931616
0.4922733
0.4923987
0.4940952
0.4908939
0.4926393
0.4948798
0.5010119
0.5048547
0.5115834
0.5365138
0.5273567
0.5039505
0.5061339
0.5130174
0.5206918
0.5160913
0.5142017
0.5158822
0.5124994
0.5124734
0.5167023
0.5206826
0.5149868
0.5095605
0.5094537
0.5117899
0.5161837
0.5186379
0.5204753
0.5235412
0.5275409
0.5313576
0.5313389
0.5286866
0.5296719
0.5276523
0.5271877
0.534828
0.5331752
0.5296208
0.5299983
0.5303835
0.539116
0.5406216
0.5371114
0.5398113
0.5388829
0.5373601
0.538699
0.5369119
0.5332828
0.5339792
0.5358867
0.5383009
0.5382514
0.5359595
0.5349666
0.536359
0.5395
0.539287
0.5389085
0.5389391
0.5392421
0.5429346
0.5446835
0.5422576
0.5420338
0.543895
0.5406357
0.5378877
0.5401142
0.5429482
0.546014
0.5478992
0.5468811
0.5475127
0.5480875
0.5426809
0.5431736
0.5473621
0.5476952
0.5471554
0.5436847
0.5427422
0.5474247
0.5468537
0.546937
0.546184
0.5401359
0.5435423
0.5422874
0.536393
0.5343311
0.5218442
0.5324147
0.5556649
0.5468726
0.5556062
0.5765344
0.5728975
0.5652468
0.5609645
0.5624311
0.5653238
0.5678865
0.5676027
0.5646235
0.5666822
0.5712802
0.5690349
0.5666336
0.5736973
0.5798788
0.5821302
0.5804452
0.5823595
0.5860203
0.5884723
0.583222
0.5657987
0.5615741
0.5706845
0.5772337
0.5773975
0.5802556
0.5830885
0.5810534
0.5810156
0.578672
0.5755593
0.5744175
0.5747626
0.5795235
0.5852974
0.5875051
0.5818636
0.5734779
0.5696631
0.5707091
0.57082
0.5694999
0.5614722
0.5681034
0.5912813
0.5814847
0.5646275
0.5641998
0.5639964
0.5705171
0.5613087
0.5708443
0.5909337
0.5749241
0.5844227
0.5729685
0.5662039
0.6110751
0.6086531
0.5686514
0.5771662
0.6061804
0.5949607
0.5978594
0.599973
0.5820828
0.5761207
0.5729729
0.5710643
0.5711043
0.5695599
0.5666296
0.5675918
0.5681434
0.5680537
0.5677238
0.5630389
0.5660063
0.5700636
0.5716005
0.5581536
0.5652624
0.5811072
0.5682162
0.5858454
0.5922971
0.5839233
0.5824136
0.5783983
0.5713913
0.568776
0.5949371
0.5973269
0.5831011
0.5921072
0.6072454
0.6165274
0.5872238
0.5726728
0.5998163
0.5901963
0.5863454
0.5870741
0.5658219
0.5632546
0.5807913
0.6040788
0.593625
0.5833128
0.5957194
0.5970865
0.5942828
0.5947174
0.583719
0.5762133
0.5957046
0.5986286
0.5920334
0.5919972
0.5897376
0.5931237
0.5948386
0.6006293
0.6020881
0.5939862
0.5878175
0.5919857
0.5917457
0.592643
0.5906648
0.5857136
0.6001371
0.5994662
0.601138
0.611415
0.6029411
0.598908
0.5986406
0.5843281
0.5808467
0.6015295
0.6026541
0.597038
0.6097622
0.6114559
0.6041857
0.6018719
0.588421
0.5843316
0.6112839
0.6137129
0.5919821
0.588537
0.5945882
0.602481
0.6037506
0.5983094
0.5970747
0.59886
0.6001534
0.6018788
0.5974379
0.5888025
0.5899946
0.596801
0.6022613
0.6020809
0.5970666
0.5951085
0.6027274
0.5981491
0.5951402
0.6177045
0.6184398
0.5905458
0.5908115
0.6034207
0.5964845
0.6063694
0.6078848
0.6009712
0.6053667
0.599178
0.5955474
0.6040032
0.591202
0.5730252
0.5715061
0.5766679
0.5948717
0.5955311
0.5908822
0.5834699
0.5677843
0.5657432
0.5637325
0.5595639
0.5629357
0.5699492
0.5760718
0.5807552
0.575353
0.5761983
0.5716846
0.5708174
0.5868186
0.5664168
0.5646752
0.5786556
0.5800213
0.5786838
0.5746997
0.5921211
0.595142
0.5904414
0.5796667
0.5868285
0.5989817
0.5947373
0.5913304
0.584584
0.5778887
0.582008
0.5855054
0.5859916
0.6024936
0.6037887
0.5982024
0.5862469
0.5854797
0.6113904
0.6221701
0.6200357
0.6087975
0.6141174
0.612204
0.5911494
0.6145853
0.6272369
0.6198223
0.6210285
0.617635
0.6069296
0.6043654
0.6102294
0.5737002
0.5564004
0.585572
0.5881546
0.5743298
0.5872121
0.5994666
0.5942016
0.5865874
0.5925089
0.6099447
0.6165266
0.603983
0.5891014
0.6047153
0.609126
0.6017928
0.6043304
0.6031543
0.6024063
0.588661
0.554071
0.564287
0.5862235
0.5773641
0.5791564
0.5843243
0.5917183
0.5764845
0.5826253
0.5813829
0.5625039
0.5614897
0.5644856
0.5701294
0.5675219
0.5793994
0.5910707
0.5992462
0.5913144
0.5931569
0.5976046
0.5707959
0.5858809
0.6124044
0.6053718
0.5933224
0.5895145
0.6027722
0.6077254
0.6094346
0.6002559
0.5854606
0.5663693
0.5534526
0.5711526
0.5726966
0.5691362
0.5796953
0.5975995
0.6010083
0.5803093
0.5772031
0.5820677
0.5785501
0.5918702
0.5933902
0.5889837
0.5885856
0.5612627
0.5461815
0.5624763
0.5597055
0.5440935
0.5406676
0.5510266
0.5992798
0.6132297
0.5757306
0.581171
0.5800037
0.5564376
0.5768338
0.5720639
0.5453762
0.5481163
0.5458642
0.5419833
0.5437672
0.5465922
0.551241
0.5458678
0.547794
0.5428153
0.5520791
0.5755051
0.5698024
0.5767661
0.5833706
0.576083
0.586674
0.5991629
0.5769933
0.5666671
0.5819421
0.585086
0.587439
0.5742769
0.5744233
0.5910581
0.5837284
0.5833793
0.5905425
0.5874533
0.5741082
0.5823472
0.6164881
0.606473
0.5858322
0.5930105
0.5882379
0.5924565
0.6067448
0.59799
0.5903979
0.5832623
0.584637
0.6137101
0.617986
0.605554
0.5962346
0.5881021
0.5862213
0.5920389
0.596052
0.5727435
0.5539362
0.5588928
0.578225
0.5880977
0.5720152
0.575244
0.6038136
0.5955602
0.5694535
0.5725133
0.574234
0.5773867
0.6078655
0.6018575
0.5869753
0.5860728
0.5684444
0.5756269
0.5844653
0.5723379
0.5666945
0.578971
0.5980853
0.6123459
0.5959907
0.5796772
0.5748697
0.5840613
0.6175755
0.6194471
0.5991945
0.5926064
0.5888966
0.5901214
0.5986295
0.5942601
0.5931996
0.5901283
0.5719487
0.5573526
0.553478
0.5575281
0.5625707
0.5684153
0.5567503
0.5562644
0.5769555
0.5888988
0.6051389
0.5867996
0.5614577
0.5874109
0.5896725
0.5800027
0.5984777
0.5843357
0.5789503
0.6061485
0.5958224
0.5596596
0.5574421
0.5867886
0.5819718
0.5618471
0.5587268
0.5646544
0.573577
0.5604576
0.5568037
0.561854
0.560849
0.5582833
0.5555688
0.560373
0.5612731
0.56766
0.5710953
0.5841667
0.5998466
0.5787378
0.5654687
0.5774747
0.5705872
0.5588376
0.5702388
0.5739916
0.5666654
0.5641895
0.5841615
0.5922816
0.5707246
0.5631148
0.5706442
0.5993137
0.5981721
0.5657686
0.563045
0.5645922
0.5713173
0.5808008
0.5671069
0.5615844
0.5657467
0.5643337
0.5714908
0.5888177
0.5811376
0.5865805
0.5919756
0.5908753
0.5988225
0.5679781
0.5815848
0.5947836
0.5616664
0.5592747
0.5798241
0.5831295
0.5763672
0.5873293
0.5960285
0.5941697
0.5807199
0.5844372
0.5774372
0.5701029
0.5976956
0.5841319
0.5874036
0.6115052
0.5911234
0.5741362
0.5845016
0.593336
0.5902017
0.5788259
0.5697875
0.5804214
0.5985526
0.6019339
0.5739334
0.5589083
0.566654
0.5880183
0.60328
0.5998224
0.5866144
0.5770021
0.5789536
0.5723721
0.5812865
0.5934847
0.6059945
0.617723
0.610079
0.5875384
0.5728746
0.5831633
0.5939508
0.5988134
0.6045916
0.5950561
0.5632493
0.558241
0.5718309
0.5830436
0.596825
0.5877135
0.5929015
0.5869935
0.5636293
0.5803525
0.5984098
0.5865439
0.5755909
0.5955948
0.5946052
0.5766651
0.5848168
0.5934164
0.5891203
0.5790209
0.5919088
0.6093699
0.5853671
0.573037
