0.8756963
0.8839731
0.8711274
0.8800726
0.915526
0.8983156
0.8774578
0.9013441
0.8808743
0.8641547
0.8892284
0.8808576
0.8317565
0.8251118
0.842564
0.8474317
0.8481327
0.8571845
0.8676473
0.8595628
0.8377811
0.8270407
0.8697838
0.9090215
0.9101498
0.9005457
0.9052715
0.8920125
0.8585729
0.84605
0.8478381
0.8671209
0.8746827
0.8333519
0.8150441
0.8714474
0.8923088
0.8782482
0.8518974
0.8014088
0.7982855
0.7938855
0.8022961
0.8373924
0.8514354
0.8760763
0.8505038
0.8142973
0.8148927
0.837214
0.8779337
0.8694987
0.8700137
0.8928281
0.9029948
0.8964141
0.8628059
0.8400626
0.8412528
0.8289468
0.8225195
0.8667904
0.8338658
0.7952856
0.8250762
0.8324505
0.8731435
0.8407842
0.8037998
0.841501
0.8411846
0.8020295
0.7873392
0.7979647
0.774089
0.7791991
0.7751044
0.7686216
0.7738933
0.7796422
0.8182962
0.8254386
0.7881342
0.7781804
0.8199673
0.8473659
0.8395872
0.843717
0.8781813
0.8760576
0.8535516
0.8475854
0.8177586
0.7923654
0.7832265
0.8043796
0.8227171
0.7886542
0.7684362
0.7853987
0.7882799
0.7373618
0.7418454
0.7704992
0.7600255
0.7815368
0.7675765
0.7585403
0.7793654
0.7787495
0.7512567
0.7578835
0.7736326
0.7444994
0.7944063
0.835788
0.7965014
0.8131103
0.8504685
0.8197674
0.7856343
0.8123925
0.8340414
0.7940133
0.7695782
0.796223
0.8062181
0.7839329
0.7697739
0.7767505
0.791551
0.797179
0.7863539
0.7873625
0.8057565
0.8017608
0.7865365
0.7957457
0.8128004
0.8206854
0.7785478
0.756321
0.7852062
0.7796283
0.7611784
0.7531112
0.7590813
0.7736322
0.7663494
0.7485599
0.7416829
0.7228077
0.7416877
0.7731446
0.7525252
0.760862
0.7754061
0.7411767
0.7184556
0.7328283
0.7479689
0.7229993
0.7181573
0.7483888
0.7355142
0.7292842
0.7240193
0.7519919
0.7855366
0.7289001
0.7222842
0.7412303
0.7200154
0.7155021
0.7143335
0.7250899
0.7343262
0.7320414
0.7586404
0.7879657
0.7962017
0.7610503
0.7457986
0.8231265
0.8260985
0.7727283
0.7574683
0.7479402
0.7431516
0.7332128
0.7547453
0.7695907
0.7650239
0.789419
0.8074681
0.8323681
0.8287891
0.7914943
0.7978284
0.8161102
0.8081844
0.7999579
0.8298625
0.8262468
0.8036389
0.7949444
0.7764364
0.761567
0.749752
0.741282
0.7449671
0.7845763
0.7958933
0.7741464
0.7864038
0.8180979
0.8281114
0.7973774
0.7727819
0.7916471
0.7975562
0.798742
0.7697767
0.7552263
0.7944474
0.808189
0.8210855
0.8257735
0.8180581
0.816791
0.8298749
0.8345739
0.8098734
0.8002734
0.8263458
0.8497538
0.8519023
0.8254189
0.8082424
0.8134604
0.8020848
0.7746774
0.7543029
0.7705869
0.7887182
0.7790407
0.7546466
0.7508394
0.7734651
0.7828304
0.7638853
0.7331548
0.7330369
0.7629408
0.7752209
0.7865132
0.7686777
0.7612278
0.7974804
0.7835091
0.7706151
0.7952195
0.8300227
0.8356555
0.8059337
0.8022231
0.804223
0.8029896
0.7984486
0.7840751
0.7883724
0.8010667
0.8101087
0.8119564
0.7748679
0.7596129
0.775158
0.7787558
0.8174116
0.8057291
0.79676
0.837621
0.814721
0.7975407
0.8081291
0.8002516
0.7968392
0.8120346
0.8114229
0.8323987
0.8571816
0.8251801
0.8141453
0.8174936
0.8134918
0.8080514
0.7984362
0.7846612
0.7969306
0.8340261
0.8170372
0.8021179
0.8123861
0.7952128
0.7659075
0.7504322
0.7609748
0.7537416
0.7476641
0.7704265
0.7609863
0.7577024
0.7635757
0.7691105
0.7864495
0.8096044
0.8278201
0.8021189
0.7926565
0.8115631
0.8279515
0.8110158
0.7873011
0.805843
0.8049623
0.7874796
0.767852
0.7511224
0.7640324
0.7756795
0.7697533
0.7571042
0.7641138
0.789621
0.8078788
0.7976097
0.7667253
0.7549579
0.7668575
0.7570336
0.7548856
0.7832197
0.7609449
0.7543526
0.7797245
0.758253
0.7468303
0.7518189
0.7721519
0.7828614
0.7539415
0.7632964
0.7858602
0.7878065
0.7637852
0.7496686
0.7795192
0.7701527
0.7578673
0.7562377
0.7356566
0.7479163
0.7516062
0.7414049
0.731629
0.7358106
0.7631998
0.7662168
0.757084
0.7442215
0.7639095
0.7895924
0.779085
0.7581351
0.7567055
0.7811896
0.7925274
0.7791458
0.7550497
0.7676264
0.785228
0.7760952
0.7598285
0.751037
0.7588505
0.7695686
0.7643275
0.7464415
0.7530811
0.7531022
0.7691038
0.7969394
0.7792065
0.7583139
0.7639682
0.7921253
0.8063055
0.7945226
0.7971731
0.8057577
0.8031275
0.7943368
0.8142267
0.840929
0.8332897
0.8198826
0.8070004
0.8231852
0.8363058
0.8212261
0.8062532
0.7778495
0.7836599
0.8236564
0.8058673
0.7496584
0.7718701
0.8303431
0.8218989
0.7926643
0.7850557
0.7738439
0.7778647
0.8193857
0.8178146
0.8282531
0.8174352
0.7761777
0.819129
0.8263018
0.8276528
0.8171402
0.78364
0.7975893
0.8066672
0.8082892
0.7963196
0.7661503
0.7576696
0.7875616
0.8059978
0.7841947
0.763757
0.7589404
0.744328
0.7215405
0.7041619
0.7251903
0.7464857
0.7421304
0.7561986
0.7693786
0.767449
0.7780458
0.7850836
0.7895115
0.8039503
0.7996047
0.8003809
0.7960995
0.7757207
0.7867778
0.7865301
0.7469269
0.7254411
0.730075
0.7225206
0.7252168
0.7691713
0.7467979
0.7302439
0.7317613
0.7084495
0.759111
0.7370995
0.6945184
0.6887502
0.6606204
0.6677292
0.6738131
0.682969
0.6900274
0.6801927
0.6817946
0.680961
0.6758296
0.6904668
0.6929541
0.6799941
0.6815949
0.6850074
0.6794425
0.6629545
0.6656767
0.6698448
0.6590546
0.6714991
0.6772396
0.6640202
0.6574188
0.6567708
0.6582659
0.6485096
0.6375924
0.6419146
0.6387926
0.6377161
0.6401452
0.6251543
0.6172995
0.6114594
0.6035648
0.6020887
0.6035701
0.6103281
0.6178548
0.6170865
0.6159313
0.6229096
0.6235839
0.6205288
0.619581
0.6216251
0.6175196
0.6166806
0.6206241
0.6195404
0.617158
0.6073608
0.6060124
0.6146708
0.6125029
0.6058498
0.6043405
0.6035444
0.6036677
0.603041
0.6067031
0.609457
0.602341
0.5981722
0.6010595
0.6014446
0.5987233
0.5994754
0.6003374
0.6019266
0.6016081
0.5974522
0.6035725
0.6093686
0.6023359
0.5993912
0.6002872
0.5909545
0.5829433
0.5841299
0.5858536
0.5871141
0.5833923
0.5767981
0.5755789
0.5829511
0.5827158
0.5759254
0.5739409
0.580047
0.5792348
0.5729005
0.5815457
0.5877505
0.5905989
0.5851787
0.5811953
0.5886368
0.5842862
0.5775376
0.5862732
0.5926689
0.5960732
0.595796
0.5886049
0.592125
0.5917319
0.5869476
0.5913419
0.5986794
0.6029786
0.5984292
0.5964325
0.5992097
0.5976949
0.5908364
0.5835916
0.5915897
0.6036589
0.6060733
0.5947436
0.5856787
0.5858769
0.5832714
0.5805701
0.5764372
0.5848835
0.5837884
0.5769313
0.5849159
0.5865684
0.587915
0.5851696
0.5906101
0.5966764
0.5952457
0.5949522
0.5892823
0.5957664
0.5921149
0.5790053
0.5781704
0.5810456
0.5792448
0.5674051
0.5682883
0.5857707
0.5930982
0.5899243
0.585971
0.5843835
0.5889071
0.593846
0.5871751
0.5718949
0.5693832
0.5819284
0.5903218
0.5894499
0.6055726
0.5967738
0.5934586
0.6283416
0.6169755
0.6046008
0.6018375
0.5897386
0.588871
0.5863441
0.5811602
0.5830861
0.5857449
0.57501
0.5642303
0.5680732
0.5727069
0.564117
0.559476
0.5627686
0.5749222
0.5762433
0.5686501
0.5626217
0.5672293
0.5752835
0.5652994
0.5606846
0.5653066
0.5730295
0.56944
0.5616467
0.5710859
0.5779048
0.571733
0.5656372
0.5756983
0.5837546
0.576138
0.5690224
0.5752231
0.5893704
0.5884448
0.5810579
0.5834744
0.5871234
0.5745681
0.5639444
0.5647497
0.5812089
0.6101504
0.6127046
0.6087537
0.6059044
0.5956565
0.6037153
0.6018669
0.5883153
0.583416
0.5833646
0.5850369
0.5809541
0.589375
0.5916468
0.5798457
0.5732069
0.5768233
0.5778758
0.5660672
0.5606662
0.5645842
0.5681257
0.565515
0.5606012
0.560825
0.5718937
0.5722574
0.5602895
0.5593252
0.5647328
0.5679812
0.5634875
0.56464
0.5729927
0.5701977
0.5642824
0.5638123
0.5630636
0.5597944
0.5596807
0.5632309
0.5679845
0.5649813
0.5598258
0.5599216
0.558132
0.5591061
0.5562515
0.5567443
0.5594986
0.5544329
0.5574936
0.562819
0.5644817
0.5606362
0.5617719
0.5572195
0.5528035
0.5727449
0.5602861
0.5655545
0.6119466
0.603794
0.573084
0.5688312
0.5642153
0.5664629
0.5711126
0.5607243
0.554923
0.5550562
0.5549381
0.5573329
0.559357
0.5664927
0.5691888
0.5576241
0.5622748
0.5656965
0.5559411
0.5542753
0.5536144
0.552442
0.5504111
0.5498959
0.5554364
0.5590253
0.5546749
0.5540145
0.5555253
0.5524507
0.5495965
0.5463108
0.5483434
0.5499583
0.5484055
0.5450391
0.5470879
0.5532157
0.5516707
0.5504803
0.550496
0.5538837
0.5522013
0.5429104
0.5373742
0.5402268
0.5398291
0.5357235
0.5384446
0.5458856
0.549366
0.5478555
0.5492274
0.5551725
0.5603461
0.5561457
0.5501757
0.5579545
0.5678868
0.5542743
0.542503
0.5653772
0.5843283
0.5738603
0.566253
0.5597502
0.5510104
0.5511683
0.5472195
0.5445253
0.5517804
0.5600177
0.5625857
0.5614163
0.5639754
0.5599364
0.5539458
0.560496
0.561474
0.5558601
0.5564621
0.5538795
0.5507177
0.5532904
0.5534462
0.5527245
0.554353
0.5521669
0.5481164
0.5480175
0.5444863
0.5387803
0.5351749
0.5419677
0.548905
0.5417328
0.5391097
0.5471764
0.5544542
0.5518746
0.5487378
0.562426
0.5742091
0.5638145
0.5598397
0.5632901
0.5598531
0.5548371
0.5516676
0.5499845
0.5483706
0.5473353
0.5425644
0.5430957
0.5454352
0.5424745
0.5441001
0.5497501
0.5486913
0.5478949
0.5498045
0.5514703
0.5510328
0.5448584
0.5437894
0.5436623
0.5394553
0.5365662
0.5389711
0.5415051
0.535072
0.5339071
0.5398658
0.5397164
0.5385991
0.5392746
0.5376041
0.5377042
0.5368912
0.5354468
0.5420665
0.5506249
0.5541526
0.5491715
0.5467774
0.5554411
0.5576601
0.5502189
0.5496249
0.5551805
0.5509847
0.5446213
0.5433056
0.5439774
0.5402782
0.5353349
0.5378382
0.5444192
0.5480074
0.5437363
0.5428806
0.548149
0.548279
0.5415712
0.5390172
0.5419765
0.5450408
0.5434504
0.5409638
0.5431113
0.5436431
0.543535
0.5432703
0.5429147
0.5474127
0.545593
0.5366492
0.5326282
0.534742
0.5368917
0.5339357
0.5301492
0.5335216
0.561394
0.579678
0.564743
0.5531935
0.553077
0.5548522
0.5584064
0.560143
0.5556498
0.5560768
0.5539242
0.5454023
0.5384354
0.5362296
0.5374692
0.5366105
0.5430838
0.5525364
0.5495278
0.5430407
0.5475518
0.5518311
0.5490394
0.5460715
0.549492
0.5540663
0.5482818
0.5468272
0.5562078
0.556833
0.5481428
0.5466403
0.5501006
0.5531109
0.5466808
0.5506223
0.561843
0.5502872
0.5452733
0.5479814
0.5485366
0.5433379
0.534392
0.5281651
0.5279079
0.5314166
0.5364163
0.5384361
0.5418596
0.5526192
0.541603
0.5357163
0.5445148
0.5420668
0.538202
0.5379059
0.5391486
0.5397267
0.5359369
0.5324294
0.538182
0.5397666
0.5334508
0.5318272
0.5320945
0.5319392
0.5287016
0.5279164
0.528623
0.5265434
0.5242698
0.529734
0.5352697
0.5306549
0.5287015
0.5336732
0.5389883
0.5342933
0.5282865
0.5288246
0.5301472
0.5285755
0.523312
0.5222433
0.5256767
0.5260838
0.5227621
0.5260945
0.5368305
0.5371443
0.5301047
0.5326592
0.5400919
0.5381694
0.5310172
0.5304963
0.533346
0.5268221
0.5210937
0.5160642
0.523046
0.5566549
0.5750366
0.5585955
0.5450813
0.55021
0.5532816
0.5618022
0.5577911
0.5468881
0.5532561
0.5540066
0.5513734
0.5481884
0.544161
0.5461219
0.5475377
0.5454308
0.5447513
0.546302
0.5532104
0.5502336
0.546212
0.5546586
0.5534517
0.5412806
0.5423891
0.5663542
0.5730827
0.5604347
0.5503148
0.5477314
0.5530575
0.5503003
0.5428461
0.5439064
0.5453853
0.5361968
0.5306004
0.5301452
0.5290406
0.5311086
0.5360451
0.5396618
0.5380827
0.5406059
0.5448915
0.5507802
0.5542976
0.5486577
0.5512567
0.5504715
0.5453415
0.5453924
0.5436884
0.5389057
0.5323085
0.5299217
0.5345933
0.5388476
0.5303669
0.5414879
0.5582531
0.5470535
0.5445588
0.5485093
0.54571
0.5419716
0.5394783
0.5393181
0.5343812
0.5310936
0.5385677
0.5435029
0.5394808
0.5321905
0.5374647
0.551841
0.5445678
0.5347555
0.5372171
0.5375899
0.5375608
0.5350238
0.5301442
0.536918
0.5384684
0.5312159
0.5330601
0.5346355
0.536723
0.5344591
0.5290241
0.5324257
0.5350416
0.5307633
0.5320158
0.5331977
0.5346134
0.5332858
0.529562
0.5333871
0.535481
0.5343057
0.5362353
0.5415846
0.5387292
0.5370848
0.5350612
0.5361179
0.5355292
0.5325739
0.5259341
0.5318875
0.5685309
0.5860294
0.5665012
0.5581479
0.5681398
0.559618
0.5583948
0.5509339
0.5426506
0.5471102
0.5443688
0.5399781
0.5379213
0.5429245
0.541557
0.5399345
0.5386048
0.5379244
0.5420543
0.5414693
0.552202
0.5597952
0.5448256
0.5507607
0.5622382
0.5569979
0.5629473
0.5713684
0.5691976
0.5650251
0.5540323
0.5484853
0.5452401
0.5521016
0.5719253
0.5831389
0.5791969
0.5844366
0.5921958
0.5744825
0.5825622
0.5836555
0.571755
0.5788387
0.5832897
0.5808549
0.5757148
0.5707321
0.5803639
0.5727158
0.5831092
0.6343814
0.6146297
0.5853536
0.5913912
0.5990333
0.6020542
0.5813539
0.5769594
0.5805727
0.587215
0.6119024
0.6224919
0.6319996
0.6415092
0.6319712
0.6180899
0.619459
0.5997687
0.5978832
0.6434774
0.6366251
0.6314495
0.6421523
0.6320493
0.6295519
0.6312944
0.6395465
0.6420004
0.6489246
0.6427696
0.6287007
0.640567
0.6409533
0.628132
0.6281368
0.634238
0.6359207
0.6189514
0.6111437
0.6082836
0.5985651
0.5963817
0.6003176
0.6095414
0.6062816
0.6207689
0.6452339
0.6530003
0.6562931
0.6403864
0.6439942
0.6621625
0.6527714
0.6432846
0.6448235
0.6628043
0.7040209
0.7227833
0.6989115
0.6641429
0.6713702
0.7301257
0.7238473
0.6845659
0.7229624
0.7021264
0.6697301
0.7305902
0.7465108
0.7143076
0.688555
0.6893892
0.7119616
0.7156992
0.6961853
0.682551
0.6977576
0.7386451
0.7431067
0.7135502
0.708366
0.6914827
0.6925652
0.6978282
0.6781448
0.6812926
0.6853679
0.6710273
0.669981
0.6924984
0.6893081
0.6746775
0.6726694
0.6598415
0.6566668
0.6616904
0.6636265
0.6538166
0.6660696
0.697018
0.6831645
0.6730474
0.6873151
0.6856392
0.6855768
0.6941153
0.6764235
0.6579559
0.6810529
0.7117397
0.6999874
0.6827013
0.6935838
0.6985014
0.710121
0.7100191
0.6952973
0.7004885
0.6990229
0.6929828
0.6847836
0.671962
0.6749627
0.6982547
0.7215257
0.6977244
0.6896901
0.7199369
0.7035085
0.6971044
0.711476
0.7035943
0.7154155
0.744385
0.7380916
0.7257983
0.7367677
0.7431859
0.7498908
0.7358413
0.709085
0.6931289
0.6888947
0.6851315
0.6796623
0.6935919
0.723881
0.7289875
0.7084351
0.7038254
0.7167671
0.7347448
0.7142963
0.7294553
0.7957168
0.7811052
0.7425444
0.7216737
0.7167968
0.7463697
0.7552826
0.75628
0.751445
0.7319357
0.7337354
0.7423085
0.752856
0.746159
0.7465772
0.7712469
0.7892224
0.7726624
0.7419597
0.7539226
0.7617596
0.748311
0.7345896
0.738356
0.7517106
0.7585332
0.7473187
0.7548035
0.7821737
0.7528653
0.7230412
0.7399903
0.7569827
0.7651081
0.7682779
0.8093361
0.80976
0.7678918
0.8097178
0.8072043
0.7768483
0.794949
0.7366635
0.7070982
0.7609937
0.7398094
0.7350166
0.7914297
0.8016235
0.7967305
0.7785083
0.7591309
0.7660008
0.7572146
0.760885
0.7710818
0.739965
0.7218278
0.7486915
0.7773015
0.7668163
0.7292016
0.7488229
0.7792984
0.7547738
0.7245526
0.6952142
0.6861604
0.6976318
0.7051597
0.7309801
0.7501813
0.7383847
0.7550546
0.7871329
0.7817218
0.7853811
0.8007525
0.7691554
0.734715
0.7468915
0.786247
0.7824583
0.7352528
0.7215758
0.7153861
0.7063518
0.7281673
0.7347002
0.7269213
0.7161402
0.6935518
0.6964466
0.6984623
0.7028827
0.6910571
0.7046909
0.7274473
0.6865395
0.7181035
0.7538759
0.7310596
0.7456273
0.7576694
0.7497059
0.7201025
0.7079374
0.7639959
0.7820596
0.7623931
0.7789626
0.7805962
0.7549667
0.7294862
0.7007134
0.6911109
0.7056092
0.7006125
0.7007028
0.7133025
0.6999526
0.6901688
0.6908105
0.6721751
0.6617009
0.6704529
0.6771796
0.6786311
0.6973849
0.6998829
0.7006686
0.7230611
0.730646
0.7577025
0.7603746
0.7468371
0.7396184
0.724044
0.7127449
0.6846981
0.6658277
0.6622622
0.6653503
0.6702259
0.6819174
0.7129848
0.7273496
0.7233804
0.7221822
0.7056347
0.7086093
0.7155672
0.703218
0.6966021
0.7107723
0.7080723
0.6804523
0.6754063
0.6797235
0.7221723
0.7593784
0.7479348
0.7278385
0.7129367
0.7106165
0.7211917
0.7275554
0.7157827
0.71169
0.7067477
0.6951076
0.6785142
0.6775097
0.6507469
0.6676012
0.7076507
0.6791643
0.7004864
0.6705652
0.6471234
0.6656151
0.6478151
0.6677372
0.6854805
0.6787143
0.68217
0.6837473
0.6763924
0.6941155
0.7157941
0.7462196
0.777899
0.7675448
0.7391017
0.7616333
0.7612081
0.7309581
0.764973
0.7735687
0.7717948
0.7642304
0.7388652
0.7711226
0.7670547
0.7392635
0.7326546
0.7253543
0.7377122
0.7289965
0.7180604
0.7560476
0.7502186
0.7146786
0.7416206
0.7404078
0.7340172
0.7432023
0.7537189
0.7498402
0.7410859
0.7442458
0.7306541
0.7230816
0.7129081
0.7064996
0.7056831
0.7297626
0.7459595
0.7388587
0.7379799
0.7354108
0.7430967
0.745216
0.7351891
0.7187264
0.7057234
0.6995476
0.6864508
0.6825183
0.6729138
0.6547506
0.6600634
0.6740369
0.676665
0.6763191
0.673428
0.678685
0.6842326
0.686504
0.6921117
0.6882755
0.6887973
0.6857535
0.6737499
0.6595108
0.6698202
0.7122386
0.7625341
0.746713
0.7012014
0.7393037
0.7484279
0.7366318
0.7454889
0.7242086
0.7008772
0.6870392
0.6875604
0.6811033
0.6876007
0.700356
0.6936308
0.7097995
0.7246289
0.7198754
0.7112071
0.7150291
0.7254292
0.7227296
0.7044689
0.6841113
0.6856166
0.6832462
0.6808927
0.6823732
0.6765946
0.6659209
0.6623093
0.6617867
0.6476836
0.6484119
0.6584785
0.658579
0.6717426
0.6726409
0.6639648
0.6666265
0.6709586
0.67883
0.6762813
0.6735925
0.6749621
0.668675
0.6571332
0.656176
0.6678481
0.6801996
0.6704159
0.6610084
0.6627438
0.6522087
0.6519207
0.6486332
0.6436318
0.643631
0.6486345
0.6653348
0.6738296
0.6763783
0.6906517
0.6874762
0.6765809
0.6910385
0.6952615
0.6837806
0.6799892
0.6829544
0.6861236
0.6742057
0.6613679
0.6692454
0.662609
0.6644294
0.6732737
0.6607693
0.6660671
0.6833631
0.690091
0.6807596
0.6624411
0.6589205
0.6624637
0.654989
0.6520356
0.6645754
