0.766
0.767
0.766
0.763
0.764
0.758
0.75
0.747
0.752
0.746
0.746
0.743
0.751
0.753
0.765
0.765
0.753
0.749
0.756
0.764
0.762
0.755
0.756
0.764
0.774
0.766
0.764
0.774
0.768
0.768
0.774
0.757
0.754
0.758
0.763
0.759
0.755
0.739
0.735
0.741
0.744
0.744
0.741
0.755
0.764
0.766
0.767
0.785
0.793
0.793
0.804
0.803
0.8
0.783
0.789
0.792
0.793
0.787
0.781
0.794
0.801
0.799
0.786
0.788
0.798
0.809
0.803
0.802
0.813
0.824
0.822
0.815
0.816
0.826
0.827
0.808
0.804
0.811
0.817
0.815
0.804
0.809
0.819
0.823
0.806
0.805
0.821
0.826
0.816
0.816
0.832
0.83
0.819
0.811
0.822
0.821
0.813
0.802
0.817
0.817
0.8
0.796
0.81
0.808
0.793
0.792
0.805
0.809
0.794
0.793
0.806
0.81
0.8
0.795
0.795
0.804
0.795
0.786
0.787
0.801
0.805
0.803
0.792
0.791
0.803
0.806
0.8
0.798
0.813
0.813
0.804
0.8
0.809
0.813
0.81
0.805
0.806
0.809
0.807
0.795
0.801
0.814
0.807
0.795
0.802
0.812
0.818
0.809
0.805
0.813
0.818
0.815
0.8
0.805
0.814
0.813
0.811
0.809
0.825
0.825
0.818
0.815
0.822
0.814
0.81
0.818
0.823
0.813
0.806
0.815
0.813
0.805
0.801
0.808
0.816
0.805
0.802
0.814
0.817
0.8
0.804
0.811
0.811
0.797
0.802
0.811
0.813
0.798
0.802
0.817
0.818
0.804
0.809
0.817
0.816
0.806
0.805
0.813
0.818
0.808
0.802
0.811
0.816
0.801
0.802
0.807
0.802
0.798
0.795
0.796
0.804
0.807
0.797
0.801
0.815
0.811
0.8
0.825
0.825
0.82
0.832
0.839
0.824
0.817
0.826
0.823
0.823
0.802
0.782
0.774
0.765
0.757
0.751
0.8007725
0.754
0.765
0.771
0.782
0.779
0.765
0.771
0.779
0.777
0.784
0.7980116
0.784
0.783
0.788
0.782
0.783
0.78
0.785
0.7962398
0.761
0.761
0.753
0.756
0.753
0.7948027
0.7945544
0.7943039
0.766
0.7937963
0.7935395
0.7932807
0.7930201
0.7927578
0.79
0.792
0.788
0.779
0.7914227
0.7911516
0.7908794
0.7906061
0.7903319
0.768
0.772
0.762
0.751
0.752
0.765
0.759
0.744
0.743
0.755
0.761
0.765
0.764
0.771
0.787
0.79
0.792
0.794
0.796
0.802
0.801
0.813
0.81
0.808
0.818
0.799
0.814
0.818
0.812
0.819
0.819
0.828
0.819
0.816
0.829
0.7822464
0.827
0.7820882
0.822
0.781939
0.7818653
0.832
0.825
0.817
0.8
0.794
0.789
0.792
0.787
0.7810529
0.7809281
0.765
0.773
0.775
0.772
0.776
0.781
0.782
0.791
0.798
0.798
0.782
0.776
0.7779941
0.7776332
0.7772481
0.7768378
0.7764013
0.7759377
0.761
0.766
0.7745207
0.7740543
0.757
0.7731277
0.812
0.763
0.754
0.752
0.76
0.767
0.76
0.762
0.768
0.771
0.764
0.756
0.755
0.757
0.763
0.7656552
0.7651629
0.761
0.771
0.78
0.77
0.775
0.781
0.78
0.772
0.775
0.773
0.771
0.778
0.783
0.784
0.786
0.799
0.792
0.788
0.798
0.801
0.803
0.795
0.785
0.795
0.786
0.782
0.785
0.771
0.771
0.786
0.785
0.793
0.777
0.78
0.787
0.7407059
0.7397615
0.738804
0.785
0.784
0.77
0.756
0.757
0.75
0.741
0.735
0.73
0.734
0.746
0.743
0.746
0.754
0.763
0.769
0.767
0.765
0.7188969
0.7178
0.7167024
0.7156045
0.7145071
0.7134106
0.745
0.729
0.737
0.728
0.711
0.72
0.714
0.702
0.7
0.702
0.697
0.685
0.683
0.685
0.678
0.664
0.662
0.658
0.656
0.651
0.651
0.647
0.655
0.649
0.648
0.647
0.657
0.653
0.65
0.655
0.655
0.653
0.653
0.656
0.65
0.651
0.651
0.654
0.651
0.645
0.646
0.65
0.643
0.643
0.644
0.64
0.639
0.636
0.643
0.638
0.631
0.638
0.631
0.627
0.63
0.625
0.623
0.626
0.625
0.625
0.616
0.622
0.628
0.615
0.62
0.626
0.625
0.621
0.623
0.619
0.622
0.62
0.624
0.62
0.617
0.615
0.618
0.61
0.611
0.612
0.613
0.599
0.607
0.603
0.599
0.595
0.594
0.594
0.591
0.59
0.587
0.586
0.59
0.585
0.582
0.585
0.586
0.587
0.577
0.582
0.586
0.578
0.577
0.583
0.577
0.58
0.581
0.575
0.575
0.579
0.572
0.578
0.57
0.569
0.571
0.567
0.566
0.575
0.569
0.57
0.571
0.561
0.56
0.558
0.563
0.558
0.562
0.563
0.559
0.556
0.563
0.563
0.553
0.552
0.557
0.557
0.552
0.552
0.555
0.555
0.548
0.544
0.557
0.556
0.556
0.549
0.541
0.549
0.552
0.548
0.542
0.546
0.544
0.54
0.538
0.547
0.548
0.539
0.537
0.541
0.543
0.535
0.542
0.544
0.538
0.531
0.539
0.54
0.533
0.535
0.54
0.536
0.529
0.535
0.536
0.532
0.527
0.536
0.535
0.532
0.525
0.528
0.529
0.526
0.523
0.531
0.532
0.526
0.529
0.53
0.527
0.521
0.528
0.53
0.53
0.523
0.533
0.531
0.527
0.526
0.529
0.53
0.525
0.532
0.532
0.526
0.529
0.53
0.531
0.524
0.528
0.528
0.527
0.523
0.53
0.531
0.525
0.521
0.525
0.525
0.521
0.519
0.523
0.528
0.524
0.52
0.527
0.527
0.521
0.519
0.523
0.521
0.514
0.521
0.524
0.521
0.517
0.523
0.525
0.518
0.519
0.521
0.52
0.516
0.522
0.523
0.52
0.516
0.521
0.525
0.52
0.518
0.52
0.521
0.514
0.511
0.521
0.518
0.516
0.519
0.524
0.525
0.528
0.519
0.523
0.524
0.518
0.52
0.521
0.52
0.518
0.524
0.523
0.52
0.521
0.526
0.527
0.52
0.52
0.521
0.523
0.518
0.524
0.523
0.522
0.517
0.522
0.523
0.52
0.515
0.517
0.519
0.515
0.515
0.519
0.52
0.515
0.515
0.517
0.517
0.511
0.51
0.512
0.511
0.507
0.511
0.5131543
0.5130561
0.513
0.514
0.516
0.512
0.507
0.512
0.511
0.505
0.508
0.51
0.507
0.506
0.511
0.513
0.506
0.508
0.508
0.509
0.504
0.51
0.51
0.507
0.505
0.513
0.511
0.507
0.51
0.516
0.512
0.51
0.512
0.512
0.512
0.509
0.504
0.51
0.511
0.508
0.508
0.513
0.515
0.51
0.51
0.512
0.513
0.505
0.511
0.514
0.506
0.509
0.511
0.506
0.508
0.509
0.506
0.508
0.513
0.512
0.507
0.515
0.514
0.509
0.512
0.516
0.51
0.507
0.508
0.509
0.502
0.505
0.507
0.509
0.503
0.505
0.511
0.507
0.504
0.51
0.515
0.509
0.507
0.508
0.508
0.502
0.506
0.509
0.505
0.502
0.508
0.511
0.504
0.51
0.51
0.509
0.502
0.507
0.506
0.501
0.501
0.501
0.503
0.499
0.503
0.503
0.501
0.498
0.505
0.505
0.505
0.499
0.505
0.507
0.501
0.497
0.503
0.503
0.501
0.499
0.5
0.504
0.507
0.505
0.503
0.509
0.513
0.511
0.508
0.514
0.515
0.512
0.51
0.512
0.514
0.508
0.514
0.514
0.508
0.515
0.514
0.509
0.518
0.518
0.516
0.513
0.514
0.515
0.509
0.512
0.515
0.514
0.509
0.515
0.516
0.516
0.511
0.514
0.516
0.511
0.5044439
0.5043312
0.545
0.519
0.513
0.513
0.511
0.506
0.508
0.507
0.502
0.502
0.503
0.504
0.5
0.506
0.505
0.501
0.508
0.507
0.501
0.507
0.507
0.502
0.502
0.5
0.498
0.5
0.503
0.499
0.498
0.498
0.503
0.499
0.496
0.5002262
0.5001314
0.501
0.493
0.498
0.501
0.496
0.491
0.498
0.496
0.496
0.493
0.498
0.497
0.493
0.498
0.499
0.492
0.5
0.499
0.495
0.495
0.494
0.498
0.493
0.497
0.496
0.491
0.497
0.496
0.493
0.492
0.496
0.496
0.492
0.491
0.493
0.494
0.488
0.491
0.491
0.486
0.491
0.49
0.487
0.49
0.493
0.486
0.491
0.491
0.488
0.489
0.492
0.492
0.488
0.494
0.494
0.491
0.491
0.494
0.494
0.488
0.496
0.493
0.491
0.486
0.489
0.492
0.486
0.49
0.489
0.486
0.489
0.491
0.483
0.488
0.488
0.487
0.485
0.487
0.491
0.487
0.487
0.493
0.492
0.489
0.489
0.494
0.496
0.493
0.492
0.496
0.495
0.493
0.497
0.5
0.494
0.501
0.499
0.494
0.497
0.496
0.5
0.496
0.499
0.497
0.492
0.496
0.498
0.497
0.495
0.5
0.5
0.494
0.503
0.501
0.497
0.5
0.501
0.496
0.494
0.496
0.493
0.491
0.494
0.494
0.491
0.499
0.5
0.494
0.497
0.496
0.492
0.497
0.497
0.492
0.497
0.499
0.494
0.499
0.499
0.497
0.495
0.497
0.495
0.494
0.498
0.49
0.493
0.492
0.489
0.495
0.493
0.489
0.495
0.494
0.489
0.488
0.494
0.492
0.488
0.491
0.494
0.488
0.491
0.493
0.488
0.49
0.489
0.484
0.489
0.489
0.487
0.487
0.4906073
0.54
0.486
0.487
0.486
0.482
0.488
0.487
0.484
0.489
0.489
0.485
0.486
0.489
0.486
0.484
0.49
0.49
0.485
0.486
0.487
0.488
0.482
0.486
0.486
0.48
0.482
0.48
0.481
0.48
0.484
0.481
0.479
0.484
0.483
0.48
0.483
0.487
0.491
0.492
0.491
0.493
0.498
0.493
0.501
0.496
0.497
0.496
0.495
0.502
0.51
0.506
0.515
0.512
0.511
0.516
0.509
0.512
0.514
0.509
0.517
0.519
0.513
0.521
0.517
0.516
0.52
0.515
0.519
0.527
0.529
0.523
0.52
0.53
0.524
0.524
0.534
0.529
0.528
0.537
0.536
0.537
0.53
0.539
0.541
0.533
0.536
0.541
0.53
0.531
0.54
0.535
0.535
0.549
0.543
0.549
0.554
0.549
0.546
0.551
0.555
0.553
0.55
0.552
0.561
0.553
0.56
0.563
0.56
0.57
0.568
0.567
0.576
0.576
0.571
0.576
0.582
0.577
0.571
0.583
0.59
0.598
0.597
0.597
0.592
0.592
0.592
0.599
0.602
0.61
0.612
0.612
0.606
0.601
0.605
0.612
0.616
0.623
0.626
0.622
0.619
0.618
0.623
0.63
0.627
0.62
0.622
0.628
0.625
0.616
0.615
0.622
0.624
0.633
0.637
0.637
0.633
0.629
0.63
0.636
0.637
0.645
0.646
0.637
0.639
0.644
0.642
0.64
0.649
0.649
0.641
0.646
0.637
0.643
0.643
0.642
0.634
0.635
0.636
0.646
0.633
0.637
0.64
0.639
0.634
0.644
0.643
0.637
0.631
0.631
0.639
0.642
0.64
0.635
0.642
0.647
0.653
0.657
0.65
0.649
0.644
0.644
0.647
0.647
0.641
0.648
0.656
0.658
0.653
0.648
0.651
0.657
0.669
0.662
0.669
0.677
0.674
0.672
0.679
0.678
0.671
0.678
0.681
0.674
0.674
0.677
0.681
0.674
0.669
0.677
0.682
0.674
0.671
0.68
0.682
0.681
0.673
0.676
0.678
0.684
0.69
0.696
0.692
0.693
0.698
0.704
0.694
0.69
0.685
0.681
0.677
0.672
0.661
0.651
0.656
0.652
0.65
0.651
0.644
0.641
0.638
0.646
0.653
0.661
0.665
0.68
0.69
0.688
0.686
0.686
0.688
0.687
0.678
0.679
0.685
0.683
0.677
0.684
0.687
0.682
0.677
0.688
0.691
0.685
0.686
0.692
0.698
0.696
0.699
0.701
0.694
0.69
0.693
0.699
0.687
0.69
0.696
0.696
0.698
0.702
0.688
0.688
0.686
0.687
0.681
0.678
0.677
0.678
0.679
0.683
0.677
0.676
0.679
0.682
0.673
0.674
0.687
0.685
0.677
0.676
0.681
0.676
0.681
0.678
0.683
0.688
0.683
0.686
0.686
0.688
0.681
0.686
0.689
0.687
0.687
0.694
0.693
0.688
0.693
0.688
0.682
0.688
0.69
0.686
0.687
0.694
0.7
0.698
0.703
0.71
0.711
0.705
0.712
0.721
0.719
0.715
0.722
0.725
0.722
0.719
0.725
0.726
0.718
0.724
0.727
0.719
0.726
0.728
0.729
0.729
0.719
0.721
0.724
0.726
0.717
0.719
0.719
0.718
0.723
0.724
0.722
0.713
0.716
0.718
0.715
0.711
0.718
0.719
0.715
0.715
0.72
0.722
0.719
0.726
0.728
0.725
0.723
0.729
0.731
0.726
0.727
0.73
0.731
0.724
0.728
0.731
0.729
0.723
0.73
0.732
0.726
0.728
0.734
0.725
0.731
0.735
0.738
0.733
0.731
0.73
0.732
0.73
0.724
0.724
0.723
0.713
0.712
0.716
0.717
0.72
0.717
0.715
0.707
0.707
0.71
0.714
0.709
0.712
0.72
0.727
0.724
0.727
0.733
0.735
0.742
0.74
0.728
0.731
0.73
0.731
0.721
0.727
0.728
0.728
0.729
0.735
0.741
0.748
0.75
0.744
0.73
0.733
0.732
0.731
0.736
0.734
0.721
0.717
0.718
0.718
0.716
