0.723347
0.738068
0.7242308
0.7038928
0.706122
0.7157282
0.7301473
0.7250844
0.7225947
0.7174989
0.7142854
0.7440089
0.7549242
0.7418622
0.7310956
0.7134739
0.7250379
0.7397866
0.7096502
0.6967305
0.7084947
0.730345
0.7164715
0.7031054
0.731079
0.72011
0.7175933
0.7291939
0.7287471
0.72905
0.7361929
0.7476819
0.749413
0.7470609
0.734374
0.7434931
0.7381086
0.7204403
0.7420525
0.7348612
0.7182283
0.7218169
0.7251062
0.7133862
0.6898768
0.6870429
0.6795449
0.6774362
0.6999322
0.7110174
0.7018559
0.7061125
0.7028001
0.6981159
0.7202275
0.7191935
0.6972982
0.69762
0.7289958
0.745856
0.7376454
0.7299025
0.7158874
0.7191464
0.7351671
0.7392601
0.7292836
0.7216872
0.7413806
0.7396394
0.7143755
0.7224957
0.7252672
0.7263882
0.7374503
0.7247022
0.7200252
0.7099956
0.7151474
0.7395472
0.7128954
0.7033026
0.7062747
0.7022844
0.7358162
0.7289488
0.6998889
0.7051822
0.7066291
0.7248963
0.7393651
0.7158889
0.7133017
0.7107129
0.7158116
0.7386442
0.7287267
0.6920806
0.6964414
0.714249
0.6902304
0.6884285
0.6958908
0.698557
0.6937532
0.702657
0.7209209
0.7182958
0.7333544
0.7235062
0.7007416
0.7389736
0.750705
0.7195541
0.7118501
0.7142155
0.714117
0.7048273
0.7062783
0.7093499
0.6906419
0.6791255
0.6715201
0.6761233
0.6895883
0.6778815
0.6794721
0.6856597
0.6810707
0.6806375
0.6818253
0.6804402
0.6985714
0.7062434
0.6806398
0.6817996
0.695036
0.7036394
0.7127375
0.7207734
0.7264685
0.7289504
0.7316542
0.7347865
0.7355196
0.7149225
0.6879639
0.6757012
0.6781912
0.6865344
0.6947237
0.7007945
0.6988401
0.703191
0.713396
0.7151219
0.7006502
0.6933329
0.695707
0.6982733
0.6873189
0.6872367
0.7022005
0.6791586
0.6748661
0.6845888
0.6793798
0.6892427
0.7058464
0.7130747
0.7121427
0.7016282
0.6905404
0.6759178
0.672843
0.7020842
0.7224108
0.7304934
0.6986227
0.6829747
0.7105788
0.7039124
0.6911379
0.675203
0.6862932
0.7169594
0.7025457
0.691959
0.7057734
0.7050773
0.7062891
0.7089815
0.7031057
0.712966
0.7003322
0.6710442
0.6836116
0.7079783
0.7201437
0.7305483
0.7351466
0.7446794
0.7366393
0.7138468
0.7165744
0.7110549
0.7019355
0.7190565
0.7157972
0.7170779
0.733988
0.7272003
0.7251071
0.7348333
0.7318886
0.712776
0.7105263
0.7071452
0.7008786
0.7018631
0.7012238
0.7029377
0.6937499
0.6867986
0.6863381
0.6944278
0.6961321
0.6938916
0.7033163
0.7180346
0.7236539
0.7095785
0.7040964
0.7060094
0.7056443
0.7079879
0.6969691
0.6894425
0.6989435
0.7187595
0.7273528
0.7343684
0.7218479
0.7036954
0.7087516
0.7044633
0.7225507
0.7283116
0.7268356
0.7193183
0.7038962
0.7343185
0.730139
0.6914885
0.6902082
0.7063479
0.7171165
0.7238183
0.7246245
0.7248738
0.7279234
0.7145449
0.6931392
0.6901175
0.7089311
0.7280529
0.7279315
0.7225263
0.7237118
0.7306584
0.7268343
0.7047447
0.6960953
0.7060263
0.7203118
0.7197865
0.7112717
0.70825
0.7007562
0.6965888
0.6886702
0.6833445
0.673124
0.6735293
0.7014443
0.7040947
0.6976317
0.7065602
0.6995533
0.6878332
0.7072444
0.7171837
0.7104513
0.7111723
0.6974836
0.7066864
0.7211063
0.7149255
0.7163801
0.7001596
0.6837889
0.6963537
0.7015626
0.7147848
0.7289693
0.7231664
0.7132653
0.6965877
0.6873442
0.7033531
0.7136332
0.707657
0.7049002
0.7195295
0.7317609
0.716234
0.7189167
0.7233859
0.7146123
0.7056031
0.7165196
0.7320506
0.726189
0.7321046
0.7312109
0.7226659
0.7189691
0.7187646
0.721849
0.7244907
0.7316461
0.7347939
0.7343912
0.7210587
0.7096998
0.7209262
0.7302467
0.737346
0.746252
0.7439686
0.7362354
0.7375117
0.7364996
0.7332533
0.7355824
0.7319528
0.7274162
0.7254904
0.7236075
0.7190077
0.7065473
0.6972296
0.6947114
0.6890118
0.6877316
0.6876516
0.6891296
0.6855559
0.6917944
0.7168122
0.7190365
0.6898735
0.6953286
0.7252625
0.693507
0.682892
0.700184
0.6887667
0.709171
0.7288107
0.7269364
0.7465893
0.7412462
0.7377453
0.736917
0.7141901
0.7199775
0.7272532
0.7400501
0.7365592
0.717151
0.7071298
0.6954102
0.6908005
0.6971406
0.6976213
0.6990814
0.7071514
0.7003193
0.7271526
0.7366399
0.7076563
0.7183762
0.7294758
0.7126575
0.6907556
0.7015045
0.7245315
0.7217028
0.7090228
0.7018309
0.6987494
0.7001428
0.7087238
0.7107138
0.7117477
0.716146
0.7131832
0.7038109
0.7031105
0.7041521
0.7056316
0.7132308
0.7164438
0.7187901
0.717603
0.7114832
0.7054386
0.6951965
0.6851937
0.6754428
0.6625937
0.6819557
0.7265269
0.7275816
0.7115008
0.7110689
0.6900082
0.6862047
0.6911761
0.6876321
0.6923408
0.6864849
0.6934309
0.6692475
0.6735797
0.7125744
0.684418
0.6797226
0.6873007
0.6732896
0.6828703
0.6800883
0.6751328
0.670659
0.6807852
0.6896281
0.6737867
0.6826976
0.6959771
0.6881163
0.6621961
0.6623733
0.6725992
0.6697092
0.6565802
0.6533971
0.6728435
0.6592548
0.647131
0.6553215
0.6533994
0.6744119
0.6860137
0.6624537
0.6547494
0.6494731
0.6472673
0.6462513
0.6453834
0.6317501
0.6302652
0.6630781
0.648341
0.6251976
0.6237364
0.626444
0.6570851
0.65072
0.629205
0.6333821
0.6236785
0.6188337
0.6124742
0.6184167
0.6374083
0.6216546
0.6195165
0.6336943
0.6236495
0.6218804
0.6273544
0.6267714
0.6249746
0.6400619
0.6369839
0.6152335
0.6309763
0.6336708
0.6154768
0.6096848
0.6064204
0.6146924
0.6265761
0.6124046
0.5941876
0.5807218
0.566264
0.5506255
0.5579044
0.5923977
0.5762111
0.5706754
0.5944048
0.5766749
0.5638516
0.5604224
0.5563716
0.566196
0.5789775
0.5856588
0.5772796
0.5650066
0.5662886
0.5547163
0.5593172
0.5654576
0.5586433
0.5744729
0.5654244
0.5532085
0.5501423
0.5417318
0.5383409
0.5454118
0.5560451
0.5490696
0.5382075
0.5303437
0.5409729
0.5535105
0.5291585
0.535004
0.5578598
0.5345869
0.5143367
0.5231548
0.5332499
0.5238353
0.5182353
0.5188802
0.5256312
0.5395536
0.5172625
0.4837497
0.4803712
0.4809228
0.4784655
0.4783986
0.4799033
0.4818405
0.4789008
0.4764048
0.4776887
0.4792467
0.4785834
0.4764292
0.4757098
0.4751702
0.4749874
0.4737429
0.4725302
0.4745365
0.4741435
0.4708728
0.4715252
0.473183
0.4695502
0.4679289
0.4688617
0.4681769
0.4667009
0.4654445
0.4655544
0.463185
0.4599882
0.4613163
0.463466
0.4624136
0.4628656
0.4639187
0.4619812
0.4578916
0.4565228
0.4584061
0.4573552
0.4569519
0.4578818
0.4582223
0.4564506
0.4526637
0.4514988
0.4514573
0.4504888
0.4484524
0.449983
0.4515897
0.4505593
0.4492637
0.4479067
0.4492029
0.4473556
0.446154
0.4487357
0.4480272
0.4471971
0.4477217
0.4494909
0.4501828
0.4467032
0.443433
0.4415805
0.4404861
0.4383359
0.4380376
0.4398073
0.4390848
0.4379832
0.4380749
0.4389498
0.4389312
0.4381022
0.4379342
0.4380604
0.4401525
0.4393265
0.4359223
0.4373377
0.4361249
0.4343535
0.4365912
0.4350668
0.4332436
0.4348031
0.4361252
0.4346513
0.4336187
0.4342913
0.4325432
0.430602
0.4315588
0.4322527
0.4306986
0.4293745
0.4308477
0.4330019
0.4317935
0.4303907
0.4317129
0.4332011
0.4315539
0.4307836
0.433217
0.4324438
0.4296858
0.430569
0.4322617
0.4305479
0.4308559
0.4329264
0.431972
0.4311428
0.4307929
0.4313691
0.4302946
0.4290206
0.4298906
0.4290139
0.4280751
0.4279185
0.4292443
0.4283594
0.4258672
0.4273229
0.4284525
0.4275585
0.4275209
0.4273898
0.4277515
0.4292244
0.4296936
0.4281789
0.4281002
0.4298095
0.4290166
0.4281494
0.42885
0.4279852
0.4260684
0.4271997
0.4274379
0.4257178
0.4252597
0.4247583
0.4219838
0.4215178
0.4243264
0.4234394
0.4205875
0.4218166
0.4249841
0.4237507
0.4225142
0.4234503
0.4246087
0.424163
0.4218703
0.4235118
0.4262186
0.4245937
0.4225498
0.4236373
0.4252288
0.4235611
0.4216203
0.4224957
0.4245084
0.4253654
0.4234701
0.4228265
0.4240769
0.4227474
0.4225475
0.4243712
0.4245349
0.4234246
0.4237696
0.425145
0.4247538
0.4243455
0.4257462
0.4260458
0.4250224
0.4261348
0.4277623
0.4270986
0.4271119
0.4299788
0.4307044
0.4271618
0.4273677
0.4292833
0.4265778
0.4235243
0.4248343
0.4257673
0.4221508
0.421214
0.4237922
0.4228274
0.4192802
0.4200699
0.4205469
0.4185781
0.4184961
0.4195497
0.4192631
0.4177998
0.4183497
0.4195716
0.4193551
0.4175505
0.4155202
0.4167538
0.4168523
0.4153751
0.4155744
0.416559
0.4161618
0.4128051
0.4125562
0.414292
0.4124858
0.410743
0.4123855
0.41454
0.4131614
0.4121789
0.4148684
0.4147924
0.4134089
0.414669
0.4151734
0.4149023
0.415068
0.4126934
0.4105718
0.4103651
0.4096436
0.4071619
0.4061922
0.408835
0.4110976
0.4095696
0.4077304
0.4104511
0.4133906
0.4134654
0.411459
0.4118721
0.4128572
0.4111269
0.4099472
0.4101216
0.4108701
0.4110814
0.4109286
0.4122131
0.4136626
0.414385
0.4145038
0.4134877
0.4136448
0.4142725
0.4147996
0.4151048
0.4149413
0.4150404
0.4149589
0.4128251
0.4137096
0.4170109
0.4157913
0.4143869
0.4157243
0.4182946
0.4184293
0.4177621
0.4203949
0.4212617
0.4187221
0.4185434
0.4192887
0.4187429
0.4171107
0.4172194
0.4208191
0.4218737
0.420139
0.4200188
0.4209326
0.4199118
0.4192855
0.4207365
0.4211298
0.4198245
0.4181859
0.4190699
0.4218773
0.4218793
0.4213031
0.4227255
0.4242575
0.4235199
0.4215753
0.422648
0.4230587
0.4220888
0.4229579
0.4240154
0.4250041
0.4248564
0.4242328
0.4248042
0.4240152
0.4220402
0.4221215
0.4227774
0.4199566
0.4184478
0.4205265
0.4191327
0.4171455
0.4200977
0.4203769
0.4178525
0.4182237
0.4198305
0.4199592
0.4180342
0.4193103
0.4191987
0.4170805
0.4179564
0.4201453
0.4194484
0.4178643
0.4202411
0.4215396
0.421543
0.421354
0.4218178
0.4208603
0.4194096
0.4205993
0.4213449
0.4205481
0.4184181
0.4188903
0.4220891
0.4226534
0.4225317
0.4245042
0.4264578
0.4274821
0.4274685
0.4264778
0.4255864
0.4265446
0.4261852
0.4238794
0.4243489
0.4266121
0.4250198
0.4233389
0.4246145
0.426496
0.4272773
0.4257004
0.4265814
0.4282165
0.4277654
0.4272455
0.4278638
0.4302092
0.430501
0.4296703
0.4325501
0.4340877
0.4329969
0.4319199
0.4334372
0.4352353
0.433745
0.4333951
0.4335142
0.4335696
0.4310775
0.4304748
0.433339
0.4324512
0.4306636
0.4314984
0.4323404
0.4316601
0.4302638
0.4288057
0.4293345
0.4306034
0.4302919
0.4286751
0.4285114
0.4294148
0.4306993
0.4333285
0.4344885
0.4357
0.4371352
0.4357298
0.4366509
0.4380152
0.4359574
0.4340902
0.4351738
0.4354802
0.4336391
0.433412
0.4346964
0.4351024
0.4328144
0.4324744
0.4344849
0.4365629
0.4361235
0.4340137
0.4340787
0.4349098
0.4339083
0.432199
0.4329539
0.4339149
0.4352564
0.4365692
0.4364545
0.4376614
0.4381466
0.4368582
0.4362039
0.4368739
0.4358719
0.4320887
0.430145
0.429789
0.4292586
0.4298079
0.4289804
0.4293587
0.431487
0.4314373
0.432786
0.4328556
0.4346889
0.4401495
0.4404694
0.43869
0.4394149
0.4416383
0.441007
0.4381082
0.4380796
0.4376951
0.4353201
0.4348676
0.4361252
0.4357048
0.4343684
0.4358566
0.4379862
0.4379415
0.4381585
0.4399028
0.4409638
0.4388326
0.4385681
0.4402352
0.4386144
0.4364819
0.4355483
0.4366348
0.4360005
0.433128
0.4308011
0.4293636
0.429654
0.4281376
0.4282419
0.4295005
0.4307569
0.4319825
0.4310503
0.4332473
0.4354564
0.4345064
0.4335278
0.434661
0.4350741
0.4340376
0.4350689
0.4357921
0.434091
0.4331009
0.4338956
0.4351572
0.4345978
0.431365
0.43209
0.4357666
0.4360149
0.4361965
0.4388534
0.4388119
0.4373757
0.4398496
0.4396419
0.4365634
0.4365555
0.4374175
0.4364124
0.435799
0.4372024
0.4377006
0.4384198
0.4383796
0.4388777
0.4410406
0.4407858
0.4381349
0.4359988
0.4349862
0.4351534
0.4357526
0.4352221
0.4348164
0.4352317
0.4368468
0.4369109
0.4351373
0.4361038
0.4377242
0.437224
0.4368402
0.4371712
0.4378547
0.436952
0.436264
0.4377495
0.4381193
0.4379557
0.4379904
0.4403043
0.4423755
0.4416494
0.4436092
0.4461987
0.4456636
0.4443969
0.4469453
0.4486202
0.4452854
0.4451464
0.4454707
0.442572
0.4427055
0.443038
0.4409645
0.4390498
0.4391484
0.4397013
0.439354
0.4407777
0.4409595
0.4390864
0.4401811
0.440466
0.4386669
0.4372394
0.4358593
0.4351084
0.4316365
0.4309081
0.4294726
0.4259236
0.4271885
0.4276105
0.4275384
0.4284126
0.4296777
0.4301481
0.4288382
0.4271339
0.4270669
0.4289369
0.4277351
0.4265999
0.4283719
0.4284806
0.428676
0.4292023
0.43106
0.4315314
0.4296264
0.4305102
0.4313483
0.4317468
0.4321596
0.4329767
0.433898
0.4330394
0.4331226
0.4337754
0.4343145
0.4345652
0.4345243
0.4366107
0.4370839
0.4360639
0.4369943
0.4379502
0.4380108
0.4380232
0.4379319
0.4381451
0.4388273
0.4380457
0.4381778
0.4375148
0.4379037
0.4409594
0.4408425
0.4403118
0.4406227
0.4403849
0.4417799
0.4419231
0.4390561
0.4392922
0.4393394
0.4378686
0.4381034
0.4378758
0.4382036
0.4387389
0.4393238
0.4395786
0.4405999
0.4411745
0.4387326
0.4374864
0.438537
0.4405401
0.4412457
0.4408524
0.4422373
0.442561
0.4403757
0.4409822
0.4416682
0.4393659
0.4398995
0.4397646
0.4384463
0.4384861
0.43747
0.4388241
0.4387287
0.4364925
0.437644
0.4370336
0.435155
0.4359373
0.4358819
0.4352366
0.4346511
0.4345078
0.4332117
0.430969
0.4333371
0.4330795
0.4324663
0.4342399
0.4338226
0.4330807
0.4319779
0.4332099
0.4335031
0.4326644
0.4344446
0.4375905
0.4403316
0.4415897
0.4413286
0.4429521
0.4436718
0.4413871
0.4407253
0.440174
0.4399626
0.4399184
0.440239
0.4406087
0.4393742
0.4398204
0.4421879
0.4425971
0.442572
0.4444609
0.4431706
0.4411173
0.4418934
0.44091
0.4380929
0.4370964
0.4379048
0.4369028
0.4363354
0.4376222
0.4383626
0.4385994
0.4383917
0.4397864
0.4399003
0.4382241
0.4388998
0.4377874
0.4353896
0.4346036
0.4333543
0.4327565
0.4332476
0.4337494
0.4331358
0.433033
0.4350188
0.4358025
0.4363515
0.4375647
0.4384885
0.4383457
0.437775
0.4382106
0.4365863
0.4368121
0.4367601
0.4333087
0.4329487
0.435054
0.4335636
0.4306707
0.4326045
0.4340708
0.4318662
0.4313779
0.4325537
0.4334893
0.4333546
0.4349881
0.4366748
0.4353437
0.4369477
0.4376677
0.4376378
0.4369916
0.435265
0.4357075
0.4352221
0.4348616
0.4351202
0.4359594
0.4369802
0.4369715
0.4382082
0.4385138
0.4365217
0.4377867
0.4388876
0.4382551
0.4387179
0.4415603
0.446369
0.4484094
0.4486188
0.4482968
0.4488836
0.448873
0.4471942
0.451355
0.4550462
0.4518226
0.4516285
0.4519778
0.4535445
0.4571483
0.4567347
0.4552714
0.4570665
0.4652724
0.4744961
0.4781471
0.4766681
0.4766734
0.4781394
0.4745099
0.4697181
0.466187
0.4618196
0.4560228
0.453478
0.4588577
0.4604016
0.4556774
0.4535139
0.4535243
0.452308
0.4508323
0.4489885
0.44496
0.4422284
0.4418294
0.4410753
0.4399845
0.438963
0.4381069
0.4401268
0.4404617
0.4387319
0.4393191
0.4384793
0.4377322
0.4393008
0.4406422
0.4413477
0.4416163
0.4436008
0.4484886
0.4511912
0.4530386
0.4569494
0.4577323
0.4585943
0.4635067
0.4683892
0.4692951
0.4699993
0.4751788
0.4762046
0.4718432
0.469301
0.4687667
0.4681577
0.4679616
0.4679373
0.4670753
0.4658765
0.4629939
0.4612565
0.460608
0.4594766
0.4595679
0.4627095
0.4671501
0.4686833
0.4693968
0.4694538
0.4719534
0.4757793
0.4761199
0.4748061
0.4743593
0.4723056
0.4711213
0.4749847
0.4766805
0.4775691
0.4781487
0.4791813
0.4816392
0.4801205
0.4791809
0.4819044
0.4850555
0.4857224
0.4853947
0.4877739
0.4889281
0.4881678
0.484421
0.4799095
0.4802749
0.4794108
0.4778275
0.4781337
0.480078
0.4850275
0.4864999
0.4857368
0.488387
0.4881885
0.487147
0.4888023
0.4891058
0.4889363
0.4912879
0.4923521
0.4940778
0.4976917
0.4948582
0.4915409
0.4869227
0.479296
0.4748176
0.4700368
0.4695635
0.4755145
0.486991
0.4962718
0.502101
0.5153047
0.5237916
0.5231483
0.5263141
0.5314294
0.5290342
0.5276042
0.5257083
0.5217628
0.5244683
0.5261976
0.5248071
0.5209251
0.5218503
0.5267992
0.5281739
0.5310069
0.5371632
0.5358815
0.5295396
0.5342009
0.5413179
0.5414231
0.5340459
0.5320536
0.5387659
0.5386988
0.5388605
0.543
0.5460214
0.5489471
0.5442832
0.5349988
0.5369002
0.5470743
0.550208
0.5457032
0.5447617
0.5448859
0.5455203
0.5494179
0.5514466
0.5537142
0.5527879
0.5505741
0.5491469
0.5470626
0.5469343
0.5482178
0.5541174
0.56061
0.5599025
0.5585131
0.5626554
0.5582766
0.5459526
0.5383127
0.5315105
0.5235434
0.5165002
0.5128101
0.5144413
0.5252793
0.5326323
0.5259773
0.5205418
0.5216276
0.5254969
0.5282621
0.5354454
0.546227
0.5593476
0.5619695
0.5505988
0.5381505
0.5372122
0.5598659
0.5653671
0.554692
0.5487483
0.5428121
0.5354801
0.5282372
0.531114
0.5301269
0.5296903
0.5328748
0.5287929
0.521165
0.5183894
0.5216987
0.5274735
0.5356028
0.5399183
0.5434813
0.5482461
0.5474382
0.5446706
0.542258
0.5364555
0.5274979
0.5207857
0.5161499
0.5141978
0.5113612
0.5091454
0.5129875
0.5157674
0.5173514
0.5162458
0.5129228
0.514417
0.5196363
0.5220099
0.5288114
0.5442826
0.5562539
0.5637357
0.5634553
0.5633748
0.5649723
0.5588675
0.5600635
0.5609756
0.5496984
0.5386519
0.5302802
0.5240095
0.5176963
0.5138593
0.531238
0.5431126
0.5497084
0.5468571
0.5207542
0.5185146
0.5251541
0.5322225
0.5438859
0.5482332
0.5481835
0.5450772
0.5427438
0.5404381
0.5395271
0.5396128
0.5369579
0.5300191
0.525231
0.521646
0.5229983
0.5232402
0.5212898
0.5247516
0.5270882
0.5346204
0.5460862
0.5515763
0.5556071
0.5591589
0.5575279
0.5580081
0.5584521
0.5535202
0.550734
0.5491374
0.5491624
0.547343
0.5417535
0.5350303
0.5337617
0.5234964
0.5300176
0.5729617
0.5975405
0.5764425
0.5342987
0.5304097
0.5515213
0.5680656
0.5609774
0.5438624
0.5571734
0.5660752
0.5776533
0.59507
0.5853898
0.5683762
0.5586245
0.5539062
0.5551976
0.5567233
0.5538963
0.5504151
0.5484317
0.5456358
0.5422327
0.5400251
0.5444135
0.5480707
0.5480577
0.553377
0.5626006
0.5713743
0.5851823
0.594821
0.5929619
0.5957454
0.5974314
0.5904799
0.5892085
0.5937129
0.592793
0.5849726
0.5772748
0.5772923
0.5827107
0.593895
0.6021949
0.598443
0.5983002
0.6012869
0.6041085
0.6030908
0.6083752
0.6041554
0.588774
0.5713019
0.5611625
0.5710899
0.573376
0.5907731
0.595673
0.5819108
0.5730197
0.5629224
0.5632344
0.5636161
0.5634786
0.5667909
0.5721563
0.5734686
0.5715672
0.5693652
0.56553
0.5593246
0.5561397
0.5579203
0.5522311
0.5533346
0.5708303
0.5823768
0.5877661
0.5874932
0.5917228
0.6005461
0.6046911
0.5979192
0.5754589
0.5683311
0.576597
0.5661068
0.5515522
0.5771548
0.6050218
0.6024771
0.5977988
0.5929024
0.5850885
0.5757608
0.5675029
0.5670583
0.5708251
0.57202
0.5731254
0.5725519
0.5739824
0.5777277
0.5826908
0.5890367
0.5896283
0.588528
0.5850663
0.576836
0.5671031
0.5580271
0.5488299
0.5415114
0.5341419
0.5294919
0.5360584
0.5479538
0.5555836
0.5639575
0.5736395
0.5771075
0.589039
0.6019141
0.6006389
0.5953884
0.5872828
0.5790304
0.57176
0.5655629
0.5624386
0.559589
0.5596956
0.5622816
0.5636082
0.5633328
0.563805
0.5685032
0.573187
0.5770345
0.5840819
0.5885271
0.5906151
0.5933064
0.5901552
0.5829557
0.5770723
0.5675115
0.5601353
0.5577441
0.5564973
0.5642069
0.5743452
0.5762313
0.5748468
0.5719114
0.5671362
0.56287
0.5591853
0.55579
0.5522159
0.5510305
0.5508268
0.5491616
0.5456556
0.5403357
0.5346325
0.5283368
0.5238891
0.5210554
0.5179738
0.5161273
0.5170656
0.5154744
0.5173517
0.5109479
0.5193115
0.5460526
0.5515579
0.5425019
0.5172251
0.5119885
0.5213379
0.5202319
0.525915
0.5319781
0.5336669
0.5357274
0.5390071
0.536665
0.530231
0.525
0.5220051
0.5178694
0.5154358
0.5166433
0.521682
0.5281429
0.5294926
0.5308754
0.5339335
0.535053
0.5348174
0.5320443
0.5279552
0.5240666
0.5198802
0.5173477
0.5166144
0.5131333
0.513528
0.5193875
0.5201599
0.5179811
0.520359
0.5267216
0.5320932
0.5348119
0.5350178
0.5340262
0.5340355
0.535004
0.5348366
0.5331639
0.5307581
0.5271979
0.5249887
0.5250662
0.5282019
0.5360249
0.5459725
0.5493348
0.5433737
0.5413317
0.5422785
0.5375077
0.5327026
0.5336998
0.5360396
0.5348482
0.5343357
0.53344
0.5305766
0.5318429
0.5338119
0.5299139
0.527519
0.5317474
0.5359875
0.5414015
0.551728
0.5599167
0.5628877
0.5585346
0.5551448
0.5555796
0.5511862
0.547078
0.5426209
0.5353871
0.5320123
0.5308185
0.5282002
0.5280406
0.5276994
0.5242304
0.5242032
0.5255033
0.5223164
0.5210685
0.5228682
0.5286113
0.5349747
0.5336251
0.5317161
0.5310768
0.528976
0.5269825
0.5261852
0.5245596
0.5215495
0.5205541
0.5204347
0.5239613
0.5298969
0.5307033
0.5306005
0.5334024
0.5344047
0.5335971
0.5312373
0.5266983
0.5212724
0.5168643
0.513063
0.512334
0.5190556
0.5333548
0.5505394
0.5630756
0.5708016
0.5749428
0.5726316
0.5674957
0.5623789
0.5555675
0.5473361
0.5387196
0.5335931
0.5280503
0.5222826
0.5208412
0.524582
0.5335462
0.5456579
0.5559455
0.5541785
0.5516132
0.556368
0.5639493
0.5795836
0.5903719
0.5905527
0.5871437
0.580856
0.5763303
0.5714455
0.5712765
0.575461
0.5719937
0.5640825
0.5580383
0.5529407
0.5481082
0.5494999
0.5564821
0.5590722
0.5591034
0.5620264
0.5648315
0.5628001
0.5560725
0.5523747
0.5537094
0.5563437
0.558559
0.5593925
0.5573526
0.5559718
0.5569532
0.5581439
0.5665173
0.5748134
0.5738817
0.570125
0.5702815
0.5714151
0.5673381
0.5639851
0.5629348
0.561058
0.5589218
0.5548993
0.5502091
0.5479379
0.5548887
0.5679274
0.590235
0.6014294
0.575395
0.5753783
0.5891363
0.5730058
0.5725705
0.5904949
0.6000284
0.5909004
0.5799817
0.572499
0.567257
0.568692
0.5659142
0.562402
0.5615641
0.5626755
0.565238
0.5645
0.5648801
0.5669145
0.5659772
0.5629057
0.5580197
0.5575176
0.5636449
0.5735962
0.5864713
0.5916485
0.5860992
0.5812243
0.5809365
0.5831687
0.5868825
0.5911218
0.5948165
0.601568
0.6113695
0.6206365
0.6248209
0.6230981
0.6198185
0.6106423
0.6008296
0.594015
0.5860153
0.5790652
0.5762957
0.578912
0.58863
0.6022387
0.6125438
0.6237711
0.6293139
0.6267446
0.6230813
0.6123462
0.604535
0.5920951
0.5870562
