0.8257912
0.8324416
0.8673911
0.8387549
0.8401327
0.8711368
0.803
0.79
0.8475007
0.8142413
0.8256876
0.791
0.821
0.808
0.787
0.801
0.834
0.869
0.847
0.821
0.848
0.875
0.888
0.855
0.848
0.893
0.8337416
0.877
0.852
0.873
0.8668941
0.8503075
0.868
0.887
0.8516344
0.877
0.8463475
0.895
0.855
0.866
0.8340652
0.896
0.853
0.845
0.865
0.867
0.84
0.859
0.883
0.851
0.879
0.897
0.859
0.866
0.889
0.877
0.849
0.87
0.879
0.854
0.887
0.894
0.844
0.871
0.882
0.85
0.879
0.897
0.863
0.873
0.878
0.851
0.86
0.877
0.84
0.854
0.867
0.83
0.834
0.856
0.876
0.83
0.846
0.86
0.833
0.836
0.845
0.834
0.823
0.851
0.875
0.838
0.864
0.866
0.823
0.834
0.869
0.894
0.896
0.854
0.858
0.858
0.845
0.825
0.84
0.854
0.829
0.815
0.835
0.87
0.894
0.877
0.848
0.842
0.854
0.857
0.854
0.844
0.867
0.862
0.842
0.859
0.873
0.839
0.855
0.859
0.849
0.863
0.861
0.835
0.842
0.854
0.833
0.831
0.857
0.864
0.824
0.838
0.828
0.817
0.828
0.841
0.822
0.823
0.848
0.843
0.822
0.851
0.835
0.825
0.818
0.849
0.851
0.82
0.849
0.856
0.825
0.812
0.839
0.852
0.835
0.851
0.873
0.877
0.859
0.883
0.866
0.841
0.86
0.835
0.854
0.867
0.836
0.845
0.847
0.823
0.812
0.828
0.848
0.825
0.833
0.852
0.832
0.842
0.847
0.821
0.836
0.836
0.806
0.811
0.825
0.813
0.802
0.822
0.835
0.813
0.835
0.841
0.815
0.82
0.84
0.823
0.843
0.865
0.844
0.876
0.887
0.857
0.869
0.864
0.824
0.829
0.834
0.823
0.82
0.847
0.854
0.833
0.851
0.858
0.842
0.876
0.872
0.854
0.868
0.88
0.888
0.854
0.86
0.864
0.833
0.849
0.856
0.83
0.838
0.854
0.823
0.824
0.835
0.816
0.816
0.832
0.834
0.813
0.829
0.833
0.807
0.827
0.834
0.817
0.841
0.853
0.825
0.836
0.847
0.824
0.802
0.822
0.848
0.819
0.818
0.837
0.848
0.833
0.848
0.868
0.829
0.809
0.789
0.877
0.8753879
0.850278
0.8023607
0.8540248
0.8311396
0.836
0.799
0.787
0.787
0.802
0.819
0.85
0.854
0.847
0.868
0.875
0.838
0.85
0.874
0.859
0.861
0.867
0.835
0.846
0.856
0.825
0.837
0.85
0.823
0.839
0.846
0.831
0.852
0.87
0.831
0.841
0.858
0.832
0.831
0.834
0.821
0.829
0.834
0.819
0.815
0.835
0.822
0.812
0.839
0.848
0.851
0.867
0.863
0.833
0.844
0.848
0.835
0.831
0.852
0.849
0.819
0.833
0.849
0.822
0.814
0.833
0.839
0.806
0.789
0.798
0.796
0.78
0.787
0.792
0.775
0.789
0.803
0.8
0.825
0.852
0.827
0.828
0.832
0.799
0.812
0.81
0.797
0.795
0.809
0.819
0.799
0.813
0.827
0.8
0.823
0.836
0.811
0.819
0.834
0.813
0.797
0.817
0.836
0.814
0.817
0.801
0.787
0.797
0.791
0.773
0.78
0.766
0.753
0.7864431
0.8022914
0.769
0.787
0.797
0.779
0.796
0.807
0.806
0.787
0.801
0.814
0.832
0.811
0.83
0.854
0.844
0.81
0.822
0.843
0.816
0.821
0.832
0.821
0.794
0.769
0.786
0.777
0.777
0.801
0.819
0.809
0.826
0.812
0.813
0.818
0.813
0.797
0.815
0.81
0.83
0.826
0.7504635
0.799
0.783
0.784
0.775
0.765
0.749
0.741
0.746
0.751
0.762
0.771
0.752
0.744
0.769
0.772
0.788
0.775
0.78
0.7359788
0.7370257
0.7154745
0.7635207
0.7493232
0.793
0.722389
0.799
0.792
0.758
0.739
0.73
0.716
0.723
0.724
0.729
0.729
0.731
0.736
0.743
0.741
0.752
0.746
0.746
0.713
0.699
0.687
0.685
0.688
0.687
0.689
0.695
0.703
0.707
0.711
0.72
0.707
0.712
0.706
0.694
0.69
0.69
0.692
0.679
0.681
0.675
0.676
0.67
0.659
0.661
0.664
0.658
0.648
0.658
0.646
0.646
0.641
0.647
0.651
0.654
0.649
0.653
0.654
0.661
0.655
0.654
0.659
0.653
0.648
0.654
0.656
0.649
0.647
0.652
0.647
0.639
0.632
0.642
0.665
0.672
0.68
0.683
0.686
0.669
0.677
0.676
0.665
0.663
0.659
0.643
0.638
0.638
0.634
0.629
0.626
0.628
0.631
0.628
0.634
0.634
0.634
0.638
0.646
0.65
0.648
0.646
0.648
0.648
0.641
0.642
0.644
0.638
0.643
0.638
0.637
0.639
0.637
0.635
0.635
0.647
0.648
0.646
0.647
0.649
0.651
0.644
0.638
0.64
0.637
0.626
0.626
0.623
0.628
0.62
0.619
0.622
0.621
0.629
0.622
0.626
0.629
0.632
0.632
0.625
0.624
0.627
0.629
0.624
0.626
0.627
0.627
0.627
0.624
0.629
0.631
0.632
0.631
0.631
0.634
0.632
0.624
0.625
0.623
0.626
0.618
0.621
0.628
0.635
0.627
0.631
0.632
0.634
0.622
0.624
0.624
0.623
0.617
0.613
0.615
0.615
0.615
0.609
0.613
0.612
0.613
0.607
0.609
0.611
0.611
0.607
0.605
0.616
0.619
0.622
0.618
0.622
0.624
0.624
0.617
0.619
0.617
0.615
0.61
0.609
0.61
0.61
0.607
0.603
0.607
0.608
0.611
0.61
0.611
0.616
0.614
0.612
0.608
0.608
0.615
0.608
0.605
0.61
0.607
0.607
0.604
0.605
0.612
0.609
0.611
0.615
0.62
0.615
0.614
0.614
0.612
0.605
0.604
0.601
0.603
0.603
0.599
0.601
0.6
0.605
0.604
0.609
0.616
0.611
0.617
0.616
0.613
0.617
0.614
0.617
0.614
0.612
0.611
0.613
0.606
0.608
0.608
0.608
0.605
0.607
0.61
0.606
0.604
0.603
0.605
0.605
0.602
0.601
0.595
0.589
0.584
0.583
0.576
0.576
0.575
0.58
0.583
0.583
0.586
0.589
0.592
0.591
0.597
0.594
0.596
0.598
0.604
0.611
0.603
0.603
0.604
0.604
0.6
0.603
0.603
0.614
0.613
0.611
0.617
0.614
0.615
0.611
0.614
0.614
0.608
0.609
0.609
0.615
0.61
0.61
0.613
0.609
0.608
0.608
0.607
0.607
0.601
0.601
0.608
0.604
0.602
0.599
0.598
0.598
0.592
0.59
0.589
0.589
0.588
0.589
0.591
0.596
0.597
0.598
0.602
0.602
0.597
0.594
0.594
0.589
0.585
0.586
0.584
0.586
0.582
0.584
0.584
0.589
0.587
0.583
0.585
0.586
0.59
0.588
0.584
0.584
0.585
0.586
0.582
0.583
0.586
0.588
0.586
0.587
0.59
0.589
0.591
0.589
0.595
0.604
0.602
0.6
0.594
0.595
0.623
0.628
0.625
0.622
0.614
0.618
0.614
0.612
0.608
0.606
0.604
0.602
0.599
0.604
0.603
0.603
0.6
0.601
0.6
0.593
0.594
0.594
0.589
0.581
0.576
0.572
0.571
0.572
0.58
0.584
0.594
0.605
0.6
0.602
0.608
0.607
0.605
0.6
0.594
0.597
0.591
0.59
0.59
0.594
0.589
0.584
0.589
0.592
0.596
0.591
0.591
0.595
0.598
0.594
0.596
0.599
0.598
0.597
0.597
0.603
0.604
0.599
0.596
0.604
0.6
0.602
0.604
0.606
0.607
0.601
0.604
0.603
0.594
0.595
0.594
0.597
0.591
0.585
0.589
0.586
0.591
0.586
0.586
0.592
0.594
0.591
0.592
0.596
0.595
0.591
0.591
0.594
0.591
0.588
0.584
0.59
0.591
0.591
0.589
0.589
0.593
0.594
0.598
0.603
0.604
0.603
0.601
0.603
0.598
0.597
0.593
0.595
0.589
0.587
0.585
0.585
0.59
0.587
0.584
0.591
0.59
0.592
0.594
0.6
0.599
0.593
0.595
0.594
0.594
0.587
0.583
0.588
0.585
0.586
0.587
0.591
0.587
0.587
0.594
0.602
0.604
0.6
0.608
0.607
0.601
0.599
0.595
0.596
0.589
0.587
0.593
0.59
0.588
0.589
0.591
0.596
0.59
0.588
0.592
0.593
0.59
0.587
0.59
0.587
0.587
0.587
0.589
0.594
0.587
0.583
0.587
0.585
0.586
0.584
0.591
0.593
0.597
0.594
0.597
0.6
0.595
0.594
0.598
0.594
0.586
0.585
0.589
0.591
0.586
0.587
0.588
0.592
0.586
0.587
0.59
0.59
0.587
0.586
0.589
0.587
0.585
0.579
0.583
0.586
0.585
0.585
0.58
0.588
0.582
0.584
0.589
0.599
0.592
0.591
0.604
0.603
0.599
0.595
0.593
0.593
0.585
0.586
0.589
0.591
0.593
0.591
0.599
0.601
0.606
0.612
0.617
0.615
0.623
0.63
0.625
0.618
0.633
0.626
0.623
0.635
0.624
0.622
0.635
0.614
0.627
0.632
0.614
0.611
0.61
0.662001
0.6469556
0.6339637
0.6580638
0.6587393
0.692
0.685
0.6606345
0.6590411
0.6574054
0.6464261
0.705
0.684
0.677
0.648
0.624
0.618
0.61
0.616
0.611
0.621
0.635
0.641
0.642
0.646
0.646
0.643
0.638
0.636
0.626
0.626
0.617
0.61
0.61
0.6622507
0.623
0.636
0.649
0.65
0.648
0.659
0.659
0.661
0.658
0.668
0.675
0.68
0.675
0.687
0.694
0.689
0.7
0.718
0.709
0.713
0.725
0.717
0.713
0.722
0.733
0.731
0.719
0.718
0.717
0.71
0.701
0.691
0.691
0.687
0.696
0.702
0.709
0.718
0.72
0.707
0.701
0.713
0.709
0.714
0.717
0.726
0.72
0.717
0.726
0.724
0.725
0.736
0.732
0.73
0.741
0.734
0.718
0.718
0.718
0.722
0.725
0.718
0.724
0.718
0.726
0.74
0.729
0.72
0.724
0.744
0.744
0.743
0.737
0.732
0.721
0.719
0.711
0.704
0.704
0.7
0.709
0.722
0.729
0.75
0.758
0.772
0.766
0.762
0.759
0.774
0.775
0.781
0.759
0.735
0.734
0.742
0.733
0.733
0.726
0.734
0.742
0.74
0.753
0.743
0.749
0.761
0.755
0.75
0.73
0.726
0.718
0.722
0.728
0.745
0.737
0.739
0.747
0.756
0.776
0.762
0.756
0.731
0.726
0.714
0.71
0.699
0.701
0.709
0.717
0.727
0.737
0.734
0.732
0.742
0.74
0.732
0.731
0.732
0.729
0.725
0.721
0.714
0.714
0.712
0.702
0.708
0.711
0.708
0.724
0.733
0.741
0.744
0.753
0.741
0.736
0.725
0.718
0.713
0.7
0.712
0.708
0.706
0.713
0.709
0.712
0.725
0.723
0.729
0.723
0.712
0.703
0.698
0.697
0.704
0.704
0.704
0.704
0.71
0.708
0.711
0.706
0.698
0.696
0.703
0.701
0.7
0.696
0.685
0.7286961
0.7227581
0.7323715
0.7120308
0.7788522
0.686
0.702
0.704
0.737
0.731
0.727
0.726
0.723
0.721
0.72
0.72
0.728
0.732
0.706
0.712
0.694
0.696
0.703
0.7647551
0.7197881
0.724
0.743
0.7345417
0.775
0.765
0.763
0.754
0.738
0.732
0.727
0.74
0.731
0.731
0.738
0.731
0.741
0.762
0.756
0.771
0.76
0.77
0.76
0.767
0.768
0.749
0.719
0.717
0.712
0.711
0.726
0.756
0.786
0.778
0.795
0.738277
0.793
0.772
0.764
0.764
0.749
0.746
0.744
0.75
0.736
0.716
0.757
0.762599
0.7458467
0.7523777
0.7469071
0.7466281
0.7740141
0.7430797
0.7768862
0.799
0.797
0.791
0.774
0.787
0.803
0.7174997
0.783
0.79
0.8
0.77
0.776
0.778
0.79
0.774
0.78
0.768
0.767
0.768
0.78
0.774
0.775
0.791
0.797
0.771
0.795
0.785
0.775
0.776
0.782
0.771
0.765
0.777
0.774
0.771
0.771
0.754
0.744
0.749
0.764
0.763
0.749
0.748
0.748
0.742
0.735
0.721
0.729
0.706
0.7635504
0.75474
0.7566557
0.7599604
0.7429759
0.7463845
0.733213
0.7323063
0.708
0.719
0.744
0.733
0.735
0.718
0.726
0.713
0.696
0.699
0.7603093
0.763229
0.755672
0.7726475
0.7946373
0.7454367
0.7102607
0.7746767
0.7414973
0.7420008
0.7753386
0.705
0.708
0.707
0.701
0.750329
0.7322461
0.7595243
0.7533853
0.7562643
0.7636988
0.7491013
0.7688644
0.703
0.711
0.714
0.724
0.715
0.7524802
0.7632604
0.7781692
0.702
0.726
0.754
0.763
0.756
0.746
0.716
0.704
0.7659307
0.751234
0.709
0.735
0.787
0.7801458
0.7772112
0.803
0.778
0.813
0.7689104
0.8
0.763084
0.7463639
0.807
0.78
0.757
0.745
0.728
0.743
0.76
0.77
0.795
0.814
0.7860081
0.7480551
0.816
0.8023292
0.811
0.808
0.794
0.797
0.813
0.809
0.805
0.813
0.7904664
0.7562505
0.814
0.817
0.8
0.785
0.79
0.799
0.787
0.8
0.804
0.796
0.788
0.81
0.817
0.809
0.806
0.817
0.818
0.794
0.796
0.789
0.771
0.783
0.783
0.764
0.767
0.772
0.768
0.771
0.771
0.764
0.752
0.756
0.765
0.757
0.756
0.766
0.765
0.754
0.768
0.763
0.748
0.743
0.737
0.731
0.722
0.717
0.71
0.7465134
0.7527914
0.7717067
0.762084
0.736
0.768
0.755
0.759
0.766
0.761
0.742
0.735
0.726
0.724
0.729
0.729
0.732
0.728
0.729
0.754
0.777
0.774
0.783
0.808
0.814
0.809
0.815
0.827
0.801
