1.016
1.024
1.03
1.052
1
0.99
1.038
1.06
1.048
1.02
1.058
1.047
1.068
1.067
1.039
1.025
1.055
1.014
1.024
1.045
1.045
1.085
1.08
1.088
1.042
1.035
1.063
1.051
0.997
1.009
1.037
0.994
0.99
0.951
1.026
1.045
1.063
1.005
1.025
1.027
1.061
1.067
1.098
1.11
1.103
1.041
1.077
1.084
1.088
1.02
1.036
1.076
1.08
1.071
1.104
1.13
1.106
1.051
1.077
1.055
1.075
1.033
1.046
1.055
1.011
1.061
1.057
1.058
1.036
1.068
1.071
1.063
1.036
1.059
1.072
1.017
1.065
1.077
1.032
1.062
1.066
1.027
1.054
1.043
1.032
1.034
1.071
1.066
1.071
1.067
1.063
1.038
1.018
1.05
1.05
1.048
1.016
1.026
1.042
1.031
1.025
1.004
1.006
1.028
1.003
0.989
1.013
0.978
0.983
0.984
0.996
0.979
1
0.998
0.964
0.985
0.986
0.967
0.982
0.992
0.987
0.993
0.975
0.975
0.992
0.99
0.996
0.979
1.028
1.022
1.04
1.033
1.044
1.04
1.04
1.047
1.054
1.049
1.025
1.062
1.061
1.03
1.035
1.059
1.005
1.023
1.039
0.991
1.027
1.047
1.006
1.002
1.022
1.028
0.992
1.011
1.021
1.015
0.989
0.969
1.02
1.025
0.923
1.000532
1.000781
1.001032
1.001283
1.102
1.104
1.018
1.06
1.055
1.062
1.074
1.064
1.076
1.034
1.042
1.086
1.064
1.08
1.045
1.071
1.086
1.028
1.055
1.06
1.013
1.007
1.026
1.035
0.986
1.007
0.967
0.966
1.004
0.985
1.023
0.994
1.028
1.049
1.033
1.021
1.061
1.068
1.062
1.035
1.05
1.07
1.031
1.073
1.075
1.059
1.017
1.055
1.003
1.045
1.057
1.065
1.016
1.042
1.048
1.023
1.037
1.059
1.055
1.018
1.056
1.073
1.092
1.077
1.042
1.034
1.072
1.076
1.057
1.029
1.071
1.084
1.047
1.058
1.048
1.032
1.051
1.062
1.039
1.033
1.064
1.075
1.03
1.038
1.062
1.071
1.029
1.046
1.065
1.045
1.012
1.042
1.018
1.02
1.051
1.052
1.017
1.043
1.023
1.048
1.06
1.024
1.035
1.05
1.038
1.046
1.007
1.03
1.036
1.038
1.044
1.013
1.029
1.061
1.057
1.025
1.066
1.088
1.05
1.069
1.097
1.085
1.086
1.106
1.081
1.081
1.049
1.055
1.004
1.072
1.045
1.045
1.047
1.051
1.044
1.015
1.034
1.016
1.044
1.055
1.043
1.056
1.064
1.068
1.085
1.055
1.07
1.067
1.081
1.047
1.046
1.05
1.027
0.996
1.032
1.013
1.025
1.034
1.029
1.004
1.034
1.008
1.002
1.002
1.029
1.026
1.027
1.06
1.049
1.066
1.027
1.068
1.078
1.041
0.997
1.049
1.037
0.983
1.023
1.028
1.032
1.025
1.008
1.057
1.057
1.015
1.054
1.065
1.061
1.019
1.041
1.049
1.047
0.997
1.002
1.029
1.047
1.044
0.989
1.046
1.031
1.004
1.05
1.048
1.025
1.016
1.061
1.076
1.067
1.04
1.08
1.091
1.089
1.088
1.055
1.071
1.079
1.052
1.061
1.066
1.026
1.038
0.999
0.974
0.942
0.94
0.975
0.983
0.94
0.947
0.922
0.94
0.927
0.908
0.899
0.886
0.882
0.861
0.854
0.846
0.85
0.829
0.845
0.872
0.842
0.867
0.881
0.898
0.871
0.886
0.854
0.843
0.846
0.849
0.838
0.843
0.845
0.832
0.844
0.842
0.833
0.847
0.844
0.833
0.835
0.833
0.828
0.82
0.824
0.798
0.783
0.79
0.792
0.78
0.787
0.791
0.785
0.785
0.78
0.772
0.776
0.78
0.778
0.77
0.774
0.784
0.784
0.79
0.782
0.79
0.769
0.756
0.759
0.763
0.751
0.757
0.766
0.757
0.768
0.772
0.765
0.768
0.768
0.768
0.775
0.767
0.775
0.773
0.768
0.771
0.777
0.766
0.767
0.77
0.774
0.765
0.752
0.752
0.739
0.739
0.729
0.716
0.711
0.705
0.698
0.694
0.693
0.689
0.693
0.696
0.692
0.697
0.702
0.697
0.7
0.698
0.7
0.706
0.703
0.712
0.702
0.706
0.714
0.707
0.711
0.708
0.711
0.711
0.708
0.721
0.711
0.721
0.723
0.725
0.732
0.729
0.728
0.733
0.727
0.72
0.716
0.726
0.719
0.72
0.714
0.717
0.726
0.712
0.72
0.727
0.723
0.722
0.724
0.724
0.72
0.726
0.729
0.725
0.723
0.716
0.715
0.713
0.711
0.717
0.709
0.712
0.708
0.712
0.706
0.711
0.721
0.712
0.719
0.73
0.727
0.734
0.75
0.744
0.749
0.758
0.761
0.764
0.75
0.761
0.741
0.744
0.743
0.727
0.738
0.733
0.733
0.721
0.724
0.737
0.727
0.726
0.741
0.737
0.718
0.735
0.733
0.722
0.722
0.727
0.716
0.711
0.734
0.718
0.729
0.735
0.726
0.73
0.733
0.731
0.744
0.738
0.739
0.738
0.737
0.737
0.732
0.742
0.738
0.739
0.742
0.739
0.739
0.736
0.732
0.737
0.724
0.731
0.737
0.732
0.742
0.751
0.741
0.745
0.752
0.748
0.747
0.762
0.749
0.755
0.752
0.75
0.745
0.744
0.74
0.747
0.742
0.755
0.768
0.764
0.768
0.763
0.773
0.757
0.758
0.772
0.76
0.758
0.756
0.747
0.756
0.747
0.742
0.737
0.746
0.734
0.742
0.746
0.737
0.741
0.733
0.734
0.739
0.72
0.717
0.712
0.708
0.713
0.707
0.705
0.72
0.733
0.736
0.75
0.748
0.75
0.771
0.755
0.767
0.761
0.789
0.782
0.802
0.832
0.807
0.831
0.832
0.8
0.791
0.782
0.771
0.749
0.75
0.742
0.739
0.727
0.717
0.716
0.716
0.721
0.719
0.713
0.729
0.726
0.732
0.726
0.734
0.724
0.734
0.728
0.728
0.731
0.734
0.728
0.73
0.729
0.724
0.731
0.732
0.734
0.741
0.744
0.743
0.756
0.741
0.753
0.749
0.741
0.75
0.754
0.736
0.745
0.746
0.735
0.729
0.747
0.738
0.738
0.753
0.749
0.74
0.747
0.742
0.747
0.733
0.739
0.736
0.734
0.733
0.729
0.73
0.728
0.715
0.729
0.725
0.722
0.731
0.738
0.736
0.743
0.738
0.732
0.749
0.736
0.738
0.734
0.738
0.74
0.727
0.725
0.722
0.71
0.717
0.704
0.719
0.716
0.717
0.732
0.733
0.729
0.731
0.744
0.732
0.732
0.729
0.729
0.736
0.73
0.731
0.728
0.725
0.708
0.735
0.733
0.743
0.736
0.741
0.745
0.737
0.737
0.746
0.731
0.734
0.737
0.734
0.735
0.733
0.733
0.722
0.728
0.715
0.717
0.718
0.713
0.71
0.721
0.71
0.709
0.721
0.7
0.705
0.708
0.701
0.713
0.72
0.717
0.727
0.72
0.718
0.729
0.716
0.719
0.719
0.738
0.749
0.732
0.743
0.727
0.737
0.755
0.75
0.769
0.778
0.773
0.794
0.805
0.824
0.809
0.792
0.784
0.79
0.808
0.811
0.831
0.832
0.813
0.789
0.792
0.82
0.803
0.822
0.83
0.82
0.832
0.853
0.855
0.843
0.869
0.883
0.854
0.882
0.895
0.87
0.887
0.879
0.879
0.886
0.85
0.875
0.887
0.864
0.882
0.871
0.834
0.866
0.854
0.87
0.874
0.876
0.915
0.877
0.904
0.885
0.869
0.886
0.894
0.878
0.902
0.904
0.915
0.926
0.905
0.928
0.954
0.917
0.947
0.961
0.935
0.935
0.947
0.973
0.933
0.985
0.944
0.993
0.972
0.936
0.959
0.938
0.961
0.97
0.928
0.977
0.945
0.938
0.905
0.914
0.919
0.922
0.927
0.973
0.96
1.004
0.99
0.972
0.97
0.984
1.014
1.035
1
1.014
0.996
0.993
0.986
1
0.953
0.98
0.993
0.971
1.011
1.026
1.018
1.011
1.025
1
1.016
1.018
1.015
0.998
1.016
0.973
0.945
0.998
0.991
0.986
1.026
1.044
1.029
1.017
1.018
1.038
1.061
1.037
0.996
1.021
1.005
1.012
1.029
1.009
1.014
1.019
1.022
1.038
1.009
0.987
1.01
0.983
0.969
0.954
0.939
0.94
0.917
0.901
0.906
0.891
1.003938
1.00432
0.881
0.945
0.91
0.946
1.018
0.982
1.042
0.978
1.031
1.032
1.024
0.982
1.01
0.974
0.999
0.996
0.997
1.009
0.96
0.94
0.957
0.992
0.996
1.023
0.962
1.032
1
1.042
1.047
0.987
0.965
0.94
0.951
1
1.02
0.985
1.058
1.07
1.07
1.03
1.039
1.067
1.068
1.063
1.062
1.03
1.043
1.086
1.035
1.052
1.073
1.024
0.999
1.056
1.061
1.066
1.055
1.007
1.036
1.014
0.971
0.947
0.983
1.012
0.951
0.928
0.959
1.015
1.025
1.012602
1.01245
1.037
1.052
1.061
1.058
1.043
1.019
1.046
1.053
1.05
1.058
1.055
1.047
1.051
1.047
1.034
1.051
1.059
1.004
1.012
1.051
1.056
1.047
0.983
1.027
1.012
1.014
1.004
1
0.98
0.956
0.97
0.942
0.958
0.965
0.958
0.991
0.959
0.979
1.005
0.994
