0.9028333
0.8836515
0.9096316
0.8914199
0.8780387
0.9024977
0.8889538
0.8532558
0.8600171
0.9012731
0.8869344
0.8825082
0.9078405
0.888535
0.8512214
0.8197241
0.833064
0.8651243
0.8697959
0.8776162
0.8703823
0.835724
0.8435344
0.8478881
0.8275288
0.848725
0.875623
0.8907905
0.874472
0.8895838
0.9009669
0.8680007
0.8936169
0.8853931
0.8810015
0.9000819
0.8845358
0.9054044
0.8957945
0.8641874
0.8831786
0.8985794
0.8879104
0.8642257
0.8507119
0.8519029
0.8647085
0.886644
0.8855749
0.8785808
0.8645173
0.8414323
0.8387748
0.8348885
0.8180846
0.8411517
0.8601863
0.8539965
0.8683579
0.844429
0.7939847
0.7883301
0.8261632
0.8204142
0.7934624
0.8340266
0.882298
0.8611776
0.8416613
0.8638104
0.8609729
0.8392501
0.820881
0.8086342
0.7957872
0.7738295
0.8096541
0.8246651
0.8024604
0.8461141
0.8348915
0.7738425
0.7716355
0.8159796
0.8096974
0.7919579
0.8053876
0.7931635
0.7963286
0.7950403
0.8108987
0.8513671
0.8477084
0.8352914
0.8439319
0.851759
0.8494836
0.829393
0.7751218
0.7758298
0.8075835
0.7609117
0.7691535
0.8247843
0.8037954
0.7789136
0.8176765
0.8394238
0.8287697
0.848694
0.8473068
0.8233048
0.8080019
0.7893363
0.782583
0.7844027
0.7944838
0.794575
0.7641439
0.7543119
0.7687998
0.7662946
0.7702983
0.803155
0.81743
0.8085393
0.8151253
0.822269
0.8170294
0.7993599
0.7890252
0.7852861
0.7869758
0.7787114
0.7706196
0.7921799
0.7872825
0.7793506
0.8063728
0.8141808
0.7943474
0.7684883
0.7683963
0.76765
0.7461083
0.747561
0.7599212
0.7759878
0.7809285
0.789543
0.8102636
0.8063267
0.7897484
0.7720592
0.7574594
0.7542215
0.7757078
0.800737
0.8045817
0.7968806
0.7785331
0.7566835
0.7384855
0.7337689
0.7446204
0.7884745
0.8089639
0.7963458
0.803968
0.7807004
0.7554186
0.7450354
0.7311399
0.7188549
0.7183992
0.7251025
0.7380557
0.754114
0.7484199
0.7542643
0.7522184
0.7424875
0.7451109
0.7427663
0.744821
0.7543844
0.7655828
0.7730568
0.7702145
0.7798293
0.8002698
0.7982612
0.7939666
0.7875854
0.7618158
0.7379881
0.7287482
0.7306968
0.7306473
0.7344111
0.759815
0.7782199
0.7777527
0.7839816
0.7869388
0.7778715
0.7805593
0.7818638
0.7703609
0.7561259
0.7458
0.7251882
0.7205053
0.7614833
0.7726719
0.7638203
0.7636581
0.7497174
0.7481258
0.7393383
0.7433564
0.787219
0.8010333
0.7945742
0.7889014
0.7635449
0.7357516
0.7280759
0.7301232
0.7226754
0.7267416
0.7464978
0.7640278
0.7691351
0.7591037
0.7497266
0.7438083
0.7353932
0.7319278
0.7354935
0.7446785
0.747475
0.7559734
0.7645907
0.7470875
0.7448453
0.7533571
0.7435014
0.7358756
0.7288062
0.7371381
0.7616231
0.7810856
0.7889851
0.785771
0.7656924
0.7548156
0.7660061
0.7615168
0.7547164
0.7447123
0.7236965
0.7107462
0.7179375
0.7377066
0.7476074
0.7570278
0.773032
0.7833028
0.7765669
0.7628236
0.7554593
0.7561031
0.7574037
0.7524267
0.7589578
0.7600874
0.7451736
0.7496081
0.7569133
0.7500718
0.7540895
0.7688873
0.778599
0.7699794
0.7580977
0.7569593
0.7560029
0.7595058
0.7529206
0.72992
0.7240476
0.7313787
0.7303079
0.7334502
0.7368151
0.7387708
0.75405
0.7646335
0.7701478
0.7772373
0.760905
0.7405254
0.7289765
0.7264769
0.7542674
0.7752718
0.7872344
0.809329
0.7964113
0.7738281
0.7788465
0.7901415
0.8097479
0.8181834
0.7944938
0.7663598
0.7377348
0.7214761
0.7551283
0.7553984
0.7581318
0.7927674
0.7531135
0.7534799
0.7975395
0.7909477
0.7487743
0.7715467
0.81076
0.7784449
0.7961196
0.8079442
0.7797691
0.763807
0.7330556
0.7378326
0.7804924
0.7798693
0.7787228
0.7747772
0.7834954
0.7934301
0.7526703
0.7584673
0.7744727
0.7637672
0.7753454
0.7842609
0.7763571
0.7690924
0.7670047
0.7749584
0.7909244
0.8049923
0.8202126
0.8356002
0.828179
0.7964786
0.7794085
0.7784002
0.7879005
0.8090261
0.8143826
0.8169102
0.8209576
0.8374931
0.8451152
0.8030286
0.7675222
0.8058714
0.81973
0.792674
0.7993869
0.7824681
0.8008011
0.8479745
0.8326521
0.8250307
0.8530408
0.8322297
0.8103913
0.8113996
0.8139749
0.8032461
0.7791183
0.7656417
0.7794821
0.8020692
0.7734803
0.7491741
0.7688106
0.8097993
0.8114985
0.8045441
0.7949722
0.8000814
0.8121562
0.7867195
0.796348
0.8100105
0.8113278
0.8156514
0.8058816
0.784343
0.7825132
0.7918048
0.8165038
0.8512481
0.8374538
0.8234139
0.846302
0.8811395
0.8831853
0.8542155
0.856705
0.8582778
0.8396018
0.8338871
0.8376217
0.8005628
0.8023542
0.8480654
0.8033702
0.792461
0.8186215
0.8151699
0.8154307
0.8160014
0.8277462
0.8484522
0.8671358
0.8807398
0.8742647
0.8475993
0.8305522
0.8210978
0.8056157
0.8019144
0.8100838
0.7916609
0.8074851
0.8367924
0.8379594
0.8482524
0.8685971
0.8795634
0.8667675
0.8639556
0.8758766
0.8581624
0.8397218
0.8370597
0.8542553
0.8390043
0.7958774
0.8268048
0.8128885
0.8103103
0.8707689
0.8734258
0.8663523
0.8345781
0.8171049
0.8587073
0.8585421
0.8235296
0.8040371
0.7799064
0.7606663
0.781513
0.8102164
0.8001477
0.798604
0.8050791
0.8190267
0.8429172
0.8085948
0.8041411
0.8553878
0.8309884
0.8003419
0.834949
0.8310623
0.8179527
0.8251792
0.8226601
0.8272514
0.8105939
0.7957526
0.8054964
0.7974711
0.7750337
0.7917788
0.8192958
0.8047714
0.7801626
0.7743137
0.7922835
0.8241273
0.8201368
0.7989936
0.8129972
0.8272429
0.8135696
0.8018212
0.7975807
0.7851532
0.784339
0.7764185
0.7677444
0.7680396
0.7592135
0.7684392
0.7723467
0.7600252
0.7378487
0.7377756
0.7488731
0.7366738
0.7642804
0.7630922
0.7215575
0.7050528
0.7099072
0.7215847
0.7156854
0.7047734
0.6980528
0.7059741
0.6927313
0.674741
0.6949295
0.7129202
0.7129193
0.6998628
0.6795936
0.6712043
0.6619015
0.6541574
0.6557718
0.6584068
0.6636947
0.6692298
0.6659109
0.6618725
0.6528141
0.644587
0.6236724
0.6310557
0.6673207
0.666379
0.6597544
0.6399251
0.6508705
0.6690621
0.6608791
0.654176
0.6413339
0.6300297
0.6331653
0.6412546
0.632612
0.6254669
0.6447347
0.6619207
0.6337226
0.6327403
0.6345492
0.6111882
0.6277677
0.650122
0.6329856
0.623634
0.6036644
0.5681824
0.5532706
0.5865089
0.627867
0.5749538
0.5479621
0.559153
0.550653
0.551531
0.5477982
0.546086
0.5451074
0.5425306
0.539817
0.5401578
0.5353208
0.5301673
0.5287378
0.5273628
0.5266013
0.5242687
0.5229706
0.5218041
0.5226318
0.5239881
0.5209255
0.5193142
0.5185338
0.5164841
0.5145055
0.5169745
0.5217936
0.5241817
0.5257573
0.5239461
0.5223758
0.524715
0.5249747
0.5253475
0.5264023
0.523422
0.5230267
0.5258662
0.5259501
0.5262573
0.526532
0.5244277
0.5237649
0.5252716
0.5244457
0.5216267
0.5193593
0.5188393
0.520156
0.5185389
0.5178659
0.5189107
0.5192369
0.5185038
0.5177539
0.5181048
0.5168691
0.5151007
0.5139999
0.5140175
0.5128387
0.5112631
0.5096288
0.5096544
0.5089894
0.5083718
0.5083275
0.5057006
0.5055307
0.5052234
0.5027989
0.5012737
0.5007605
0.5002003
0.4998624
0.4990218
0.4980836
0.4990075
0.4987799
0.5006548
0.4996014
0.4980945
0.4972829
0.5007962
0.5106904
0.5004851
0.4913437
0.4940815
0.4919826
0.4899616
0.4881124
0.4868785
0.4861879
0.485775
0.4841323
0.481898
0.484592
0.4812844
0.4856491
0.4748125
0.4679795
0.4877735
0.4973722
0.5108654
0.4945502
0.4611282
0.4658303
0.4893191
0.487122
0.4929649
0.4854248
0.4571303
0.4523916
0.4575704
0.4877544
0.4784123
0.4862266
0.5276737
0.4945472
0.4790981
0.4900431
0.490733
0.4982071
0.4980468
0.4954412
0.4964528
0.4932035
0.4957524
0.4859922
0.4678886
0.4915503
0.4940821
0.4871883
0.4850426
0.4927687
0.4724602
0.4534476
0.5118136
0.4893966
0.4853305
0.5152067
0.4714943
0.472497
0.4820609
0.476818
0.4790972
0.4764695
0.4762143
0.4772368
0.4783183
0.4790944
0.4772123
0.4810889
0.4947472
0.5003653
0.4843536
0.4684634
0.4740193
0.481698
0.4923092
0.491893
0.4863651
0.4847945
0.4819068
0.4827899
0.4823764
0.4836336
0.4842933
0.4836412
0.4857116
0.4901898
0.4904652
0.4897783
0.4900829
0.4900168
0.4898756
0.4891727
0.4888154
0.4859295
0.484477
0.4842455
0.4829161
0.4819619
0.4800601
0.4801256
0.4796295
0.4785544
0.4794722
0.4782783
0.479194
0.4781242
0.4820892
0.4863132
0.4759851
0.4765781
0.480243
0.478349
0.4793664
0.4776272
0.4764371
0.4777642
0.4767916
0.4789871
0.4734141
0.4805236
0.4893411
0.4800379
0.49119
0.4857428
0.4758561
0.4800293
0.4784812
0.4792533
0.4788927
0.4790119
0.4790778
0.4787957
0.4783093
0.4775578
0.4776659
0.4781501
0.476845
0.4762331
0.4745788
0.4748082
0.4747773
0.4723883
0.4749711
0.4810373
0.4824645
0.4840505
0.4876468
0.4905866
0.4864309
0.458319
0.4564475
0.4856714
0.4863489
0.4821119
0.4852007
0.4851559
0.487768
0.4880634
0.4891932
0.487223
0.4887277
0.4791517
0.492376
0.4659057
0.4465653
0.5154028
0.4988768
0.4685125
0.4772439
0.4794739
0.4832365
0.4771358
0.4793719
0.4788267
0.4790565
0.4779156
0.4793883
0.4813606
0.4817203
0.4822128
0.4817537
0.4835142
0.4852112
0.4848457
0.4840523
0.483025
0.4830038
0.4818474
0.4813733
0.4825837
0.4800655
0.4794903
0.4811945
0.4809108
0.4810261
0.4799067
0.4792045
0.4798237
0.4789952
0.4804242
0.476602
0.481268
0.4879648
0.477715
0.4883278
0.4935487
0.4804194
0.478831
0.4791165
0.476645
0.4757612
0.4748273
0.4769018
0.4727073
0.4977768
0.5238526
0.4868636
0.4706091
0.4773454
0.4747109
0.4744874
0.4754383
0.4789013
0.4783337
0.4796279
0.4792321
0.4789164
0.4789746
0.4791464
0.4786636
0.4774493
0.4764618
0.4756452
0.4775335
0.475918
0.4724332
0.4726013
0.4711983
0.4689084
0.4715002
0.4796812
0.4836977
0.4845941
0.4873059
0.4852957
0.4897894
0.4851626
0.4965791
0.4696287
0.452165
0.5178159
0.5015556
0.4738664
0.484788
0.4787693
0.4829777
0.4853621
0.4859987
0.4842153
0.4859413
0.48793
0.4879958
0.4880804
0.4889236
0.4912267
0.4925161
0.4937335
0.4972607
0.498504
0.4986113
0.4971027
0.4962528
0.4976264
0.4995527
0.4990072
0.4984294
0.4936951
0.5026227
0.4864049
0.4482517
0.4776278
0.500634
0.4944269
0.497491
0.4927692
0.4913156
0.4918047
0.4920493
0.4920735
0.491769
0.4902615
0.4909386
0.4918903
0.4910966
0.4898708
0.4869866
0.4863984
0.4862646
0.4860655
0.4878095
0.4859334
0.4854733
0.4873687
0.4876153
0.4884643
0.4883548
0.4877766
0.4893156
0.4905612
0.491533
0.4912391
0.4921119
0.4969564
0.5008778
0.4986375
0.4969004
0.4978448
0.4961292
0.496072
0.4934568
0.4899167
0.4912212
0.4915364
0.4905707
0.4904068
0.4906596
0.4901986
0.4922036
0.491062
0.4929973
0.4860005
0.5002441
0.5198224
0.4873129
0.4882399
0.4894415
0.472263
0.4889805
0.4989516
0.4975318
0.4874943
0.4793224
0.4808891
0.4829518
0.482994
0.4830631
0.4817321
0.4815993
0.4832586
0.4837615
0.484213
0.483712
0.4844991
0.4886444
0.492144
0.4938817
0.4950305
0.4971609
0.5008077
0.5008423
0.498228
0.4990661
0.4996085
0.4985476
0.4972738
0.4947756
0.494399
0.495592
0.4952554
0.4937766
0.4932969
0.4926075
0.4914373
0.4905474
0.4883274
0.4857612
0.485381
0.4844151
0.482711
0.4811814
0.4799587
0.4800389
0.4799453
0.4800964
0.4798163
0.4803577
0.4815355
0.4825545
0.4844478
0.4832204
0.4832433
0.4844141
0.4848509
0.4859544
0.4839078
0.4833917
0.484478
0.4856627
0.4872378
0.4866313
0.4876736
0.4901755
0.4941285
0.4975067
0.4952646
0.4951931
0.496494
0.4967038
0.4960023
0.4930544
0.4898631
0.4895201
0.4969135
0.5024576
0.5037191
0.5051188
0.501515
0.5000801
0.502759
0.5020435
0.5000155
0.4979182
0.4950686
0.4941483
0.4936829
0.4912815
0.4876212
0.4867731
0.4869398
0.4862577
0.4866592
0.4852306
0.4850067
0.4858709
0.4861945
0.4845303
0.4838487
0.4849618
0.4862456
0.4853129
0.484099
0.4835605
0.4819962
0.4845285
0.4850599
0.4853233
0.4863769
0.4846269
0.4811914
0.480254
0.4815347
0.4804241
0.4796528
0.478198
0.4780936
0.4786885
0.4773224
0.4745146
0.4738777
0.4749059
0.4752369
0.4778625
0.4777489
0.4776402
0.4791405
0.4788943
0.4791207
0.4788072
0.4782378
0.478841
0.4790373
0.4790668
0.4787976
0.4783156
0.4786582
0.4794113
0.478325
0.4769032
0.4781503
0.4776072
0.4777026
0.4768918
0.4754468
0.4775938
0.4804393
0.4779661
0.4834709
0.4756896
0.4740692
0.5019228
0.4959901
0.4857429
0.4900618
0.488514
0.4880215
0.4874329
0.4871444
0.4862101
0.4865723
0.4866111
0.487271
0.4856008
0.4857158
0.4871017
0.4880327
0.4876995
0.4853562
0.4858921
0.4869105
0.4872112
0.4876855
0.4850941
0.485436
0.4849461
0.4820725
0.4825695
0.4812489
0.4810511
0.4806246
0.4785227
0.4763193
0.4760422
0.4766945
0.4764769
0.4763625
0.4746269
0.4745598
0.4764614
0.4785358
0.4793322
0.479761
0.4801406
0.4832456
0.4886065
0.4890191
0.4893463
0.4925969
0.49206
0.4901367
0.4887201
0.4874373
0.487553
0.4874316
0.4864979
0.4833374
0.4831401
0.4834342
0.4829044
0.4839201
0.4819391
0.4813486
0.4825532
0.4812838
0.4798633
0.4801722
0.4797109
0.4805424
0.4823022
0.4827104
0.4821776
0.4830866
0.4836083
0.4836457
0.4841495
0.4817486
0.48159
0.4832649
0.482637
0.4825145
0.4834453
0.4823847
0.4829578
0.4837196
0.4846173
0.4872265
0.4854686
0.4860871
0.4896701
0.4913743
0.4914045
0.4896256
0.4917571
0.4938568
0.4932427
0.4926612
0.4902407
0.4878618
0.4905732
0.4940753
0.4938865
0.4930873
0.4930157
0.4962279
0.4961849
0.4930791
0.4918557
0.4912776
0.4916941
0.4901245
0.48688
0.4852901
0.4868749
0.4890192
0.4888416
0.4916085
0.4994805
0.5052038
0.5055436
0.5034523
0.5071644
0.5112592
0.5108407
0.5144888
0.518187
0.5176947
0.5196857
0.5275544
0.5340618
0.5358207
0.5339092
0.5324037
0.533565
0.5366717
0.5434827
0.5447808
0.5492951
0.5625519
0.5621602
0.5610521
0.5641831
0.5609051
0.5602876
0.5550299
0.5496386
0.5458636
0.5404626
0.5363469
0.5295617
0.5280906
0.5306864
0.5279765
0.5264898
0.5306389
0.5296947
0.5222895
0.5247698
0.5349877
0.5363164
0.531758
0.5316359
0.5331421
0.5340128
0.5359442
0.5325349
0.5312055
0.5345472
0.5354418
0.5343606
0.5350209
0.54006
0.5437128
0.5441778
0.5438475
0.5464351
0.5504309
0.5513816
0.5483896
0.5458913
0.5461153
0.5458238
0.5418482
0.5407875
0.5462672
0.5505519
0.5512504
0.5541832
0.561887
0.5633881
0.5597996
0.5604615
0.5624136
0.562516
0.5603107
0.56007
0.5695786
0.5798537
0.5829568
0.5795448
0.5804044
0.5895176
0.5918438
0.5892783
0.5843501
0.5812103
0.5827201
0.5888357
0.5945681
0.5899337
0.58895
0.6016064
0.6014886
0.6058939
0.5951212
0.5823865
0.6243392
0.6331681
0.6188845
0.6185337
0.6102058
0.6099017
0.6089191
0.6060621
0.6029273
0.5978816
0.5900114
0.5832084
0.5765915
0.5695653
0.563365
0.5566505
0.5526172
0.5502959
0.5466512
0.5490384
0.5590801
0.5665274
0.5649077
0.5659367
0.575075
0.5749337
0.578443
0.577735
0.571504
0.556311
0.5676781
0.5986463
0.5769585
0.5758539
0.5877011
0.5885866
0.6036192
0.6024662
0.5958741
0.5954352
0.59305
0.5937952
0.6066366
0.6177491
0.608741
0.6176616
0.6493381
0.6582599
0.6492489
0.6581314
0.6843148
0.6800214
0.6566257
0.6796254
0.6774677
0.6578407
0.6797248
0.685271
0.6807514
0.6660159
0.6866012
0.7009512
0.697631
0.7015513
0.6929439
0.6879415
0.6798465
0.679146
0.6789105
0.6734851
0.6681263
0.6599665
0.6519565
0.6586755
0.6523113
0.6322566
0.6278249
0.6320025
0.6316968
0.6338651
0.6332825
0.6359086
0.6478878
0.6570148
0.6627216
0.6596112
0.6537675
0.6556719
0.6746962
0.6939612
0.6820948
0.6798668
0.7095394
0.7222652
0.7159164
0.7110596
0.690229
0.6717008
0.6803155
0.6732375
0.6870621
0.733887
0.7301105
0.7101873
0.7117871
0.7053947
0.6972371
0.6991995
0.7013878
0.7007238
0.6912327
0.6751107
0.670792
0.6662854
0.6582663
0.6557645
0.6576699
0.6632875
0.6653833
0.665765
0.6638436
0.6570315
0.6579047
0.6715024
0.677263
0.6684309
0.66438
0.6720462
0.6739157
0.6783982
0.6766277
0.6664599
0.6788321
0.6886011
0.6934458
0.6907066
0.6792173
0.6801727
0.6803559
0.6867738
0.6863771
0.6753498
0.6784107
0.6796348
0.6813739
0.6847948
0.6835431
0.6709182
0.6653672
0.6925609
0.6888284
0.6756835
0.686392
0.6975835
0.721818
0.7278599
0.724466
0.7279324
0.7372914
0.7464654
0.7367877
0.7291775
0.7364259
0.7484778
0.7539209
0.7552458
0.768888
0.7729688
0.7760711
0.7531791
0.7529599
0.7595031
0.725994
0.7512345
0.7712465
0.7700314
0.7223565
0.7064131
0.7654526
0.7791985
0.7484443
0.7334121
0.7625461
0.7584786
0.732146
0.725285
0.6936707
0.693716
0.7256352
0.6918194
0.6849428
0.707391
0.7247367
0.774565
0.7816173
0.7294247
0.729717
0.7680007
0.7556173
0.7494176
0.7570029
0.755631
0.745847
0.7333931
0.7404238
0.7511493
0.7556169
0.7427912
0.7342534
0.7402348
0.740694
0.7414037
0.7358359
0.7231758
0.7153198
0.7149779
0.7124987
0.7077893
0.6883697
0.6930115
0.7213596
0.7028181
0.6976674
0.7275452
0.7449226
0.7559381
0.7661125
0.7646034
0.7480974
0.7333918
0.7247601
0.7216733
0.7200475
0.7137371
0.7130746
0.7165507
0.7108559
0.7035695
0.6937362
0.695145
0.739968
0.7801932
0.7500689
0.7074105
0.7183297
0.7311284
0.7221101
0.7282519
0.7399755
0.7417464
0.7401792
0.7478728
0.7561352
0.7604388
0.7728423
0.7702986
0.7619474
0.772838
0.7755087
0.7725502
0.7827836
0.7895127
0.7917129
0.7851347
0.7667738
0.7583687
0.7639671
0.7708307
0.7683891
0.7619713
0.7288491
0.7131724
0.7494626
0.7692363
0.7745237
0.7499606
0.7225397
0.7340405
0.7431242
0.7382361
0.7479446
0.7646091
0.7584251
0.7469859
0.7523802
0.7750808
0.7761775
0.7742444
0.7902249
0.7895471
0.7830685
0.7774016
0.7654665
0.7570353
0.7573905
0.7548814
0.7652012
0.7902738
0.7984695
0.7989754
0.7984733
0.7925005
0.7786994
0.7707149
0.7707136
0.7820554
0.7920314
0.7795063
0.7893138
0.7910098
0.7680652
0.7671897
0.769938
0.7684914
0.7749095
0.772788
0.7548441
0.7420696
0.7435184
0.7460031
0.7495921
0.7516512
0.74968
0.7681464
0.78484
0.7810066
0.7704356
0.7690969
0.7840954
0.7964313
0.7978942
0.790886
0.7877418
0.7857524
0.775926
0.7675486
0.7634261
0.7562801
0.7478815
0.7489571
0.7692311
0.7817633
0.7707572
0.7541288
0.7481049
0.7539104
0.7645889
0.7703978
0.7677195
0.776358
0.7845135
0.7791921
0.7763656
0.7819664
0.7865995
0.7863154
0.7812666
0.7705534
0.7651915
0.7623273
0.7579994
0.7659726
0.7740684
0.7706779
0.7620196
0.7532737
0.7455399
0.7286834
0.7132429
0.7067785
0.7113669
0.7277308
0.7363543
0.7378031
0.7446045
0.7453483
0.7333542
0.7220123
0.7117336
0.7071186
0.7120357
0.7123211
0.7111704
0.7204379
0.7299832
0.7284234
0.7316783
0.740844
0.7384089
0.7363811
0.7270587
0.7051754
0.69257
0.7333173
0.7536392
0.7338008
0.7597026
0.734401
0.7284896
0.7865012
0.7804666
0.7578108
0.7527716
0.7442816
0.7367683
0.7336454
0.71981
0.6989981
