0.8008
0.7942582
0.7966239
0.7995535
0.8067159
0.8117946
0.8088475
0.8144086
0.8237326
0.819718
0.8169646
0.8154877
0.8140659
0.8112313
0.8040081
0.8012208
0.7907378
0.7814273
0.7836222
0.7785624
0.7810498
0.7900228
0.7832415
0.7843245
0.7973726
0.8098723
0.8162348
0.8181931
0.8248779
0.8298726
0.8276108
0.8192632
0.8220368
0.831354
0.8346159
0.8407135
0.8447382
0.8409894
0.8439962
0.8537281
0.8534956
0.8521648
0.8590412
0.8601431
0.8494247
0.8401612
0.835767
0.8312967
0.8288536
0.8270652
0.8238671
0.8179092
0.8168295
0.8232205
0.8275073
0.8306433
0.8331383
0.8327786
0.835645
0.8333908
0.8249167
0.8257593
0.8276784
0.8265637
0.8274002
0.828683
0.8336195
0.8391397
0.837327
0.8340519
0.8283087
0.820067
0.8115257
0.8051055
0.8105119
0.813629
0.8128151
0.8195362
0.8216231
0.8164511
0.8081436
0.7958399
0.7898425
0.7867856
0.7858056
0.7912853
0.7999614
0.8132823
0.8219866
0.8240427
0.8270259
0.8321293
0.8388905
0.8394332
0.8402747
0.8421238
0.8322389
0.8212857
0.8168811
0.8130082
0.8180428
0.8240039
0.8187671
0.8268701
0.838908
0.8345867
0.8254054
0.8177652
0.8212375
0.8281199
0.8288759
0.832423
0.8307243
0.8269044
0.8335743
0.8354398
0.8319843
0.8397793
0.8452072
0.8508266
0.8549854
0.8703897
0.8549822
0.8230632
0.8504762
0.8580505
0.8486285
0.847576
0.8361212
0.8263604
0.8239322
0.8184532
0.8120654
0.8143293
0.8095303
0.8068319
0.8037673
0.7983894
0.7890341
0.7806444
0.7850254
0.7859388
0.7871259
0.8000483
0.8015743
0.803886
0.8100616
0.7991911
0.79082
0.7899622
0.7848014
0.788355
0.7970293
0.7932743
0.7905287
0.797717
0.7972265
0.7912508
0.7875075
0.7926749
0.7881159
0.8154615
0.8351529
0.7870784
0.7967911
0.8219726
0.8159718
0.8145693
0.8083848
0.8105417
0.810276
0.8020677
0.7957926
0.8049794
0.8131404
0.8150835
0.8211254
0.8310786
0.8306179
0.8296299
0.8347692
0.8252883
0.8212264
0.8195062
0.807696
0.8039535
0.803773
0.8001355
0.8059543
0.7974431
0.8003667
0.8262471
0.8074192
0.7889528
0.7975304
0.8048539
0.8083585
0.8024336
0.8236385
0.8576405
0.853001
0.8427667
0.8503461
0.8563776
0.8551302
0.8488284
0.8522384
0.8624085
0.8573352
0.860825
0.8684515
0.84499
0.8260454
0.8191962
0.8170597
0.8034759
0.8078885
0.8396327
0.8227081
0.812679
0.8242099
0.8336839
0.8345091
0.8297034
0.8407587
0.8417129
0.8394789
0.8216867
0.8052956
0.802117
0.7961791
0.7860862
0.7789619
0.7843063
0.7860448
0.7887011
0.8016385
0.8072484
0.8061574
0.8088347
0.8088971
0.8094196
0.8158918
0.8183758
0.8180611
0.8219453
0.82272
0.8258648
0.8307321
0.8334432
0.8352902
0.8280132
0.8206771
0.8259653
0.8347628
0.8379129
0.8336264
0.836601
0.8447141
0.8395713
0.8363458
0.8405182
0.8423731
0.8414413
0.8396539
0.8382963
0.8378497
0.8313671
0.8265969
0.8281015
0.8235619
0.8209815
0.8184839
0.8138223
0.8088373
0.7989896
0.7947785
0.793794
0.7914946
0.7780389
0.7934781
0.8138112
0.7909149
0.7888476
0.7964062
0.8077384
0.8079421
0.8016966
0.8068703
0.7980897
0.7978523
0.8016295
0.8126537
0.8285807
0.8318485
0.8436201
0.8548547
0.8499687
0.8530489
0.8547923
0.8630547
0.8688363
0.8406908
0.8429969
0.8564972
0.8230525
0.8083795
0.8143701
0.8198238
0.8316558
0.8316107
0.8265984
0.8300903
0.8387685
0.8440098
0.839145
0.8246874
0.822808
0.8229053
0.8267803
0.8484083
0.8480856
0.8384358
0.8201289
0.8213701
0.8421988
0.8051187
0.8010487
0.8291838
0.8274279
0.8282304
0.8268844
0.8260553
0.8205067
0.8261084
0.8345794
0.8382231
0.839751
0.8435105
0.8494592
0.8511183
0.8567204
0.8783094
0.8821485
0.8555864
0.8671463
0.8749454
0.8662181
0.8710498
0.8577702
0.8477543
0.8589618
0.8792844
0.8737385
0.850832
0.8697334
0.8833044
0.8607095
0.8483579
0.8444679
0.8396033
0.8320406
0.8287684
0.8254138
0.8202085
0.823015
0.8156922
0.8131001
0.8145325
0.8024032
0.795179
0.8039248
0.8096528
0.7990449
0.8016526
0.8102861
0.8086958
0.810702
0.8039786
0.7995869
0.8249934
0.8504294
0.8370499
0.8424539
0.8737789
0.8636073
0.8563098
0.8599251
0.8594032
0.8615504
0.8545281
0.8507344
0.8537188
0.8557247
0.8522535
0.8532388
0.8576284
0.8625619
0.8582743
0.8482878
0.8504307
0.8450574
0.8304831
0.8361089
0.8479559
0.8521738
0.8489061
0.8438222
0.85854
0.8496002
0.8089074
0.8044058
0.8103878
0.8034552
0.8056673
0.7937149
0.7819194
0.7760744
0.7754868
0.7861386
0.7972886
0.8026757
0.7972146
0.803092
0.8096759
0.811001
0.8179117
0.8229811
0.8236629
0.814672
0.8194464
0.8233425
0.7987268
0.8186416
0.8087069
0.7738808
0.800105
0.7754869
0.7679197
0.7960815
0.7832241
0.7807235
0.7723451
0.7655138
0.7998118
0.7716886
0.7468699
0.8004379
0.7870862
0.7504863
0.7485302
0.7778627
0.8019414
0.7815609
0.7519638
0.7314729
0.7289917
0.7220755
0.7036414
0.7091717
0.7418494
0.733814
0.7043177
0.6969311
0.6943248
0.6980922
0.7025653
0.7011562
0.7024027
0.7107926
0.718992
0.7138108
0.7061216
0.7045968
0.698167
0.6976985
0.6952241
0.6895113
0.6949283
0.6928398
0.6881137
0.6918234
0.6896146
0.6857752
0.6862953
0.6888489
0.6909602
0.6887773
0.6875903
0.6859995
0.6855291
0.6849287
0.6790571
0.6796384
0.6796008
0.6746404
0.6724063
0.6739453
0.6723749
0.66801
0.6703086
0.670109
0.6638317
0.6672513
0.6661929
0.6597996
0.6677189
0.6735413
0.6713528
0.6742947
0.6770368
0.6762604
0.6854999
0.6824414
0.6785268
0.6834366
0.6729775
0.6715633
0.6765742
0.670073
0.6699536
0.6655696
0.6619924
0.6629213
0.6653201
0.6495169
0.6437005
0.6805907
0.6701178
0.654646
0.6653541
0.6621802
0.6593185
0.6561505
0.6556635
0.6522092
0.6511733
0.6493622
0.6470492
0.6501063
0.6549241
0.6500191
0.6506189
0.6596313
0.6501681
0.6488975
0.6514394
0.6419539
0.644973
0.648113
0.6406854
0.6436089
0.6415731
0.632502
0.6424284
0.6403766
0.6332864
0.6372137
0.6379493
0.6344395
0.6379085
0.6384327
0.6347858
0.6432771
0.6348766
0.6337361
0.6371299
0.6321165
0.6288181
0.6263332
0.6268304
0.623614
0.627714
0.6241488
0.6232722
0.6234143
0.6284119
0.6349216
0.6261294
0.634647
0.6436253
0.6486892
0.6495529
0.6445898
0.6515234
0.649408
0.6499401
0.6540942
0.6567091
0.6539168
0.6514965
0.6613902
0.6561225
0.653661
0.6594237
0.6543473
0.6510719
0.6519471
0.6508227
0.6404288
0.6392976
0.6424256
0.6324699
0.6360653
0.6315424
0.6167675
0.6276291
0.625615
0.6152604
0.6261019
0.6230712
0.618604
0.6203799
0.6115126
0.6115332
0.6136413
0.6061731
0.606875
0.6058998
0.6020185
0.6069987
0.6052765
0.6079079
0.608715
0.6052063
0.6119552
0.6110782
0.6064973
0.6142267
0.617588
0.6127294
0.6224974
0.626687
0.6222142
0.6279638
0.6238129
0.6204987
0.6261345
0.6233425
0.6190188
0.6213192
0.618838
0.6114912
0.6164821
0.6137267
0.6043673
0.6101359
0.6041164
0.5986943
0.6002295
0.5951482
0.6005846
0.5978166
0.596987
0.5973337
0.5861258
0.5866537
0.5898484
0.5870129
0.5852376
0.5913438
0.5903222
0.5845056
0.5898444
0.5914069
0.5877955
0.5884528
0.5937934
0.5944678
0.591932
0.5964084
0.6001763
0.6020377
0.6070846
0.6195793
0.625011
0.6225671
0.6298853
0.6310082
0.6220321
0.6252107
0.6274469
0.6176222
0.6206674
0.6196097
0.610235
0.6121077
0.6067906
0.601292
0.605668
0.6014665
0.5962967
0.5987442
0.5956275
0.5930587
0.5924635
0.5842053
0.579501
0.5837364
0.5846785
0.5814682
0.5839902
0.587674
0.5861075
0.5840603
0.5873335
0.5891151
0.5859098
0.58758
0.5911285
0.5862761
0.5880151
0.5952767
0.5934746
0.5951402
0.5972969
0.5958897
0.6005659
0.5993573
0.5920788
0.5933922
0.5951877
0.5927897
0.5913322
0.5939792
0.5944831
0.5950625
0.5964804
0.5935139
0.5904853
0.5897585
0.5856395
0.5797785
0.5827342
0.5824064
0.576907
0.5774137
0.5749522
0.5704684
0.5728342
0.5714694
0.5668873
0.5695174
0.5698335
0.5653039
0.5661234
0.5708632
0.5706247
0.5675925
0.5719729
0.5720023
0.5686673
0.5712923
0.570374
0.5689012
0.5701064
0.5719539
0.5717716
0.5692568
0.5723019
0.5739969
0.5712336
0.5730157
0.5724915
0.5697693
0.5703148
0.5728064
0.5728096
0.5703102
0.5753679
0.5787803
0.575349
0.5781833
0.5779619
0.5734388
0.5736616
0.5776339
0.5765353
0.5708067
0.5737688
0.5755289
0.5726877
0.5734792
0.5721276
0.5690874
0.5723646
0.5717752
0.5699551
0.5739259
0.5726379
0.5707332
0.5744938
0.572692
0.5700316
0.5739382
0.5758852
0.5794637
0.5787325
0.5758435
0.5781265
0.5787258
0.5760793
0.5764324
0.5748519
0.5728158
0.5738395
0.5733448
0.572426
0.5718381
0.5742104
0.5734058
0.5741406
0.5753647
0.5738397
0.5763856
0.5794431
0.5782829
0.5803297
0.5831382
0.5819746
0.5842787
0.5842184
0.5820634
0.584097
0.5823426
0.580174
0.5839355
0.5846314
0.5825037
0.5859498
0.5952107
0.5968211
0.5936413
0.5965377
0.5970295
0.5985075
0.60107
0.5966113
0.598363
0.6018453
0.5959571
0.5969689
0.5947657
0.5891382
0.5929549
0.591383
0.5892162
0.5916727
0.5888847
0.5854943
0.5866016
0.5839005
0.5827625
0.5860408
0.5824284
0.5813722
0.5853596
0.5843846
0.5828076
0.5854451
0.586092
0.5829734
0.5855639
0.5878686
0.5862889
0.5878894
0.5911025
0.5871489
0.5814113
0.5838965
0.5890805
0.5927864
0.5885033
0.5886776
0.5947658
0.5884849
0.5856256
0.5889128
0.5858818
0.5878516
0.5938392
0.5938376
0.5934441
0.5966547
0.5958194
0.5969098
0.6028758
0.6026891
0.6027748
0.6027496
0.598254
0.5982127
0.5972202
0.5907708
0.5942908
0.5987465
0.5965097
0.5964656
0.5965754
0.5985842
0.6046887
0.6077133
0.6019579
0.6019811
0.6020889
0.597327
0.6000469
0.6003209
0.5969236
0.5949859
0.5931112
0.5952114
0.5974843
0.5964733
0.5989358
0.6028035
0.5997237
0.6012336
0.6039348
0.5968652
0.5971065
0.6024615
0.6001623
0.5971372
0.5957345
0.593283
0.5940379
0.5968593
0.5947198
0.5915974
0.5913935
0.5905478
0.5883702
0.5923632
0.5969679
0.5927718
0.5940684
0.5950591
0.5946675
0.597999
0.5946267
0.5940417
0.59327
0.5901726
0.5918934
0.5896188
0.5879309
0.586552
0.5827044
0.5846509
0.5848046
0.5835961
0.5830758
0.5810985
0.5831529
0.5867597
0.5869691
0.5861986
0.587894
0.5844733
0.5811719
0.5849279
0.5901244
0.5970006
0.6016381
0.6000679
0.599312
0.6005148
0.5994153
0.6031668
0.6072904
0.603407
0.6032936
0.6052213
0.6005692
0.5989618
0.5964072
0.5920316
0.594223
0.5931811
0.5913294
0.598067
0.6011509
0.5990878
0.5977501
0.5919399
0.5908706
0.59038
0.5904261
0.5952749
0.5933042
0.5944452
0.5969494
0.5929718
0.5913564
0.5915012
0.5882865
0.5849086
0.5875297
0.590018
0.5879537
0.5894506
0.5956405
0.5989659
0.5990897
0.5976943
0.5943118
0.596243
0.5970875
0.5941866
0.5982774
0.6000096
0.5972268
0.597902
0.5934254
0.5881644
0.5877584
0.5906689
0.5905879
0.5856417
0.5856521
0.5872184
0.5878079
0.5836663
0.5843711
0.5890064
0.5869049
0.5908189
0.5977789
0.5967833
0.5956386
0.6017002
0.6068665
0.6036855
0.6086192
0.615256
0.6062136
0.6051604
0.6089802
0.6039443
0.5991575
0.5992566
0.5993263
0.5957007
0.5934136
0.5903948
0.5900824
0.5871653
0.585745
0.5877011
0.5842856
0.588537
0.5881507
0.5848543
0.5866816
0.5821065
0.5837633
0.5887148
0.5927058
0.5957765
0.5931384
0.5932353
0.5911618
0.5838925
0.580458
0.5861556
0.5922753
0.5915735
0.5871888
0.5830778
0.5842091
0.5821693
0.5771363
0.5759659
0.5760661
0.5747526
0.5734274
0.574663
0.5740516
0.5687373
0.5657159
0.5673191
0.5686132
0.5738732
0.5785823
0.5795692
0.5802466
0.5809393
0.5852576
0.5850697
0.5834519
0.5854032
0.5866694
0.5916503
0.592605
0.5942081
0.5993527
0.598448
0.6011301
0.6032304
0.6098905
0.6181584
0.6190097
0.6242898
0.6238018
0.6208462
0.6185785
0.6114875
0.6078064
0.6083452
0.6062222
0.6086956
0.6181204
0.632597
0.6432858
0.6482243
0.662222
0.6629285
0.6572465
0.6515801
0.6477916
0.6460532
0.6519032
0.6637763
0.6565251
0.6525156
0.6674428
0.6747996
0.6651641
0.6749192
0.6805634
0.6792159
0.6880832
0.686516
0.680405
0.681427
0.6883656
0.7014954
0.7168817
0.7216166
0.7124137
0.7047148
0.7128258
0.7082995
0.7069061
0.7238213
0.7292372
0.7313561
0.7330004
0.7256986
0.725335
0.7290635
0.7257997
0.7290217
0.7310286
0.7261993
0.7271868
0.7385193
0.7430574
0.7316863
0.7273082
0.7349683
0.7416523
0.7398291
0.7376523
0.7392666
0.7385706
0.7420311
0.7397624
0.7352022
0.7453903
0.7504788
0.7590161
0.7685994
0.7687939
0.7710281
0.7809628
0.7877097
0.7812205
0.7815715
0.7972552
0.7816106
0.7433156
0.7288054
0.7280936
0.7595267
0.7543523
0.7378699
0.7709517
0.7644994
0.7525317
0.7715062
0.7746018
0.7749908
0.7703085
0.7768925
0.8104496
0.8145242
0.8039562
0.8070005
0.8078064
0.8005338
0.7908739
0.7940762
0.7991738
0.7923138
0.7874045
0.7896305
0.7912729
0.796167
0.795842
0.781689
0.777871
0.775748
0.771398
0.7775665
0.7812015
0.7794633
0.7790073
0.7807547
0.7746549
0.7700986
0.7740458
0.7789064
0.7819497
0.7807459
0.7683801
0.7587866
0.764682
0.7652914
0.7657156
0.7774739
0.7770506
0.7797552
0.7835547
0.7748113
0.7780922
0.7798428
0.7778242
0.7821819
0.7913163
0.8012723
0.8044205
0.8135146
0.8225436
0.8168433
0.8140799
0.805369
0.7916537
0.7996116
0.8037162
0.7912013
0.7833762
0.7828129
0.7786142
0.7716688
0.7639686
0.7575268
0.7453749
0.7516711
0.783052
0.7886921
0.7810158
0.7811785
0.7852909
0.7681642
0.7456807
0.746611
0.7571072
0.7503536
0.7610254
0.82325
0.8154745
0.7776612
0.7802795
0.7928915
0.7968876
0.754968
0.7441882
0.7616357
0.7740043
0.7986521
0.8069672
0.8109569
0.8285559
0.8302526
0.8263476
0.8343045
0.8263652
0.8167927
0.8204456
0.8254598
0.8272996
0.8289176
0.8320222
0.8272012
0.8147721
0.8078343
0.8005194
0.7942356
0.7891341
0.7789607
0.7734352
0.7726717
0.7767306
0.7831124
0.7901096
0.7943807
0.7880051
0.7804888
0.784203
0.7814191
0.7745248
0.7731098
0.7734399
0.7785109
0.7723528
0.766853
0.7676007
0.7623078
0.7612286
0.7691894
0.7707129
0.765694
0.77546
0.7786967
0.7743456
0.7863376
0.7867576
0.7793175
0.7872281
0.7885285
0.7874653
0.7943834
0.7951147
0.7908609
0.7905833
0.7944053
0.8031229
0.8168811
0.8222269
0.82544
0.8289214
0.8282822
0.8274991
0.8211299
0.8164158
0.8165504
0.8164597
0.8199034
0.8226612
0.8191081
0.8195439
0.8220196
0.8199355
0.8170217
0.8039485
0.7855155
0.7826657
0.7880192
0.7832245
0.7751897
0.7718966
0.7701839
0.774357
0.7802876
0.7804598
0.789756
0.8057336
0.8184305
0.8359104
0.8414926
0.8403996
0.8397555
0.8323786
0.835607
0.8405929
0.8339829
0.8285673
0.8239687
0.8251002
0.8324917
0.8231497
0.808666
0.795676
0.785253
0.7837609
0.7777479
0.7706261
0.7707665
0.7786594
0.7891935
0.7999802
0.8119735
0.811787
0.806963
0.8056586
0.808117
0.8178783
0.8181214
0.8088772
0.8001822
0.7929084
0.7893983
0.7885791
0.7862882
0.7894167
0.7895636
0.789426
0.7985636
0.7962363
0.7928521
0.7957195
0.8009594
0.7996727
0.7942595
0.798866
0.7962454
0.7958814
0.7915757
0.7925217
0.7967248
0.7943324
0.7993978
0.7948579
0.7943075
0.792382
0.7954565
0.8043158
0.7983464
0.7941819
0.7947941
0.795209
0.7958071
0.7939137
0.7868162
0.7917212
0.7978731
0.790058
0.7831015
0.774573
0.7735442
0.7678456
0.7606015
0.7629658
0.7587748
0.760063
0.7610694
0.7572933
0.7577957
0.7569757
0.7562644
0.7543707
0.7597635
0.7695681
0.7734781
0.7797222
0.7737922
0.7710275
0.7681398
0.7568007
0.7608873
0.7643598
0.7595149
0.7669017
0.7724921
0.7658195
0.7655443
0.7605988
0.7619196
0.7647181
0.7564791
0.7472157
0.7414599
0.7470638
0.7445561
0.7362073
0.7336396
0.7371558
0.7287949
0.7381217
0.7610652
0.7371308
0.7323626
0.7449793
0.7397999
0.7411055
0.7430574
0.7458707
0.7459082
0.7452382
0.746857
0.7446431
0.7429072
0.7438224
0.7410598
0.7380298
0.7460469
0.7560903
0.7489593
0.7420103
0.7350153
0.7324241
0.7379986
0.735753
0.739084
0.7453934
0.7443533
0.7406151
0.7464245
0.7425093
0.7530869
0.7811644
0.7716116
0.7682679
0.7782605
0.7848519
0.7943416
0.7967135
0.7981306
0.7922553
0.7841201
0.7821559
0.7806124
0.7796841
0.7879947
0.7929749
0.788005
0.7830127
0.7757276
0.7718968
0.7741177
0.7758122
0.7749924
0.7719705
0.7679626
0.7641221
0.7664439
0.7723708
0.7755214
0.7808124
0.7791162
0.7746642
0.7828941
0.778181
0.7670681
0.771303
0.7708287
0.7688844
0.7764013
0.7865956
0.7941263
0.7921478
0.7917443
0.7857761
0.7707468
0.7736202
0.7703657
0.7587674
0.7605077
0.7767481
0.7874069
0.7861837
0.7975554
0.7919088
0.7799619
0.7927822
0.8065766
0.8066121
0.8005562
0.8020752
0.8032578
0.8032874
0.8210383
0.8352639
0.8237126
0.8179187
0.8147244
0.7993461
0.7913641
0.7906979
0.802563
0.8096743
0.811534
0.8233039
0.8281245
0.8290342
0.8286729
0.8197121
0.8086848
0.8068934
0.8055788
0.8061479
0.8116457
0.8220821
0.8377415
0.8422585
0.8344391
0.8324822
0.8462573
0.8477013
0.8381827
0.8434996
0.8432282
0.8374642
0.8385686
0.8371301
0.8339917
0.8342446
0.8322856
0.8368756
0.842022
0.842598
0.8393818
0.8445206
