0.68
0.683
0.678
0.681
0.6801639
0.683186
0.684
0.679
0.678
0.689
0.694
0.7
0.7
0.687
0.689
0.698
0.688
0.679
0.683
0.677
0.675
0.68
0.675
0.7035684
0.6918072
0.6925893
0.7057526
0.6958829
0.6821845
0.68717
0.6894201
0.7032529
0.675
0.679
0.685
0.689
0.686
0.683
0.687
0.687
0.678
0.684
0.683
0.678
0.687
0.688
0.686
0.692
0.698
0.695
0.698
0.703
0.696
0.693
0.694
0.703
0.7026929
0.7032461
0.706
0.695
0.708
0.715
0.7019627
0.6967641
0.7159674
0.717
0.7059154
0.6861269
0.714
0.71
0.719
0.708
0.708
0.714
0.716
0.705
0.713
0.713
0.714
0.723
0.723
0.722
0.727
0.729
0.721
0.725
0.729
0.728
0.729
0.727
0.723
0.724
0.716
0.715
0.724
0.723
0.718
0.727
0.724
0.725
0.718
0.724
0.718
0.731
0.7136947
0.729
0.729
0.7045547
0.6998539
0.729
0.7069913
0.7005592
0.7030883
0.731
0.728
0.731
0.729
0.72
0.725
0.726
0.716
0.716
0.722
0.717
0.716
0.718
0.709
0.715
0.714
0.712
0.721
0.715
0.721
0.724
0.718
0.72
0.726
0.723
0.718
0.727
0.725
0.719
0.723
0.722
0.714
0.72
0.715
0.707
0.711
0.707
0.7
0.708
0.707
0.7
0.706
0.708
0.703
0.712
0.713
0.707
0.717
0.715
0.711
0.71
0.718
0.719
0.716
0.718
0.713
0.714
0.716
0.714
0.709
0.716
0.715
0.713
0.713
0.72
0.72
0.712
0.717
0.711
0.703
0.699
0.701
0.697
0.701
0.699
0.692
0.698
0.698
0.694
0.704
0.707
0.709
0.705
0.708
0.708
0.702
0.697
0.698
0.697
0.69
0.7041308
0.6953835
0.7157195
0.7100339
0.691
0.694
0.697
0.705
0.711
0.712
0.719
0.716
0.711
0.711
0.715
0.704
0.706
0.703
0.697
0.689
0.692
0.686
0.688
0.688
0.683
0.686
0.69
0.69
0.688
0.692
0.693
0.697
0.693
0.699
0.698
0.705
0.7
0.7
0.707
0.705
0.705
0.713
0.703
0.704
0.705
0.712
0.711
0.72
0.723
0.723
0.72
0.715
0.715
0.712
0.71
0.712
0.707
0.699
0.702
0.7
0.701
0.698
0.691
0.698
0.697
0.706
0.708
0.709
0.708
0.707
0.7
0.691
0.698
0.691
0.7
0.702
0.694
0.694
0.69
0.691
0.701
0.703
0.702
0.708
0.708
0.712
0.72
0.715
0.723
0.715
0.723
0.726
0.6949507
0.726
0.714419
0.7077491
0.7019398
0.7116363
0.725
0.718
0.72
0.721
0.715
0.716
0.721
0.715
0.719
0.715
0.714
0.721
0.713
0.709
0.714
0.71
0.704
0.711
0.709
0.706
0.699
0.706
0.707
0.704
0.707
0.708
0.704
0.699
0.7
0.698
0.7
0.699
0.697
0.698
0.706
0.704
0.702
0.706
0.702
0.702
0.699
0.695
0.699
0.696
0.692
0.698
0.701
0.696
0.704
0.702
0.695
0.7
0.699
0.697
0.7
0.7
0.696
0.697
0.694
0.692
0.696
0.693
0.689
0.694
0.694
0.69
0.695
0.694
0.687
0.695
0.692
0.689
0.696
0.7
0.699
0.694
0.699
0.702
0.694
0.697
0.702
0.696
0.693
0.697
0.692
0.696
0.7
0.699
0.699
0.706
0.697
0.702
0.708
0.701
0.702
0.708
0.707
0.704
0.707
0.702
0.705
0.712
0.708
0.708
0.713
0.711
0.708
0.715
0.713
0.703
0.706
0.705
0.701
0.705
0.708
0.703
0.701
0.707
0.706
0.701
0.704
0.707
0.704
0.699
0.701
0.701
0.697
0.701
0.702
0.7
0.707
0.706
0.7
0.704
0.702
0.695
0.695
0.699
0.696
0.691
0.695
0.693
0.694
0.686
0.691
0.685
0.684
0.69
0.691
0.684
0.691
0.691
0.688
0.682
0.685
0.687
0.683
0.69
0.69
0.688
0.691
0.697
0.699
0.693
0.697
0.695
0.687
0.688
0.692
0.69
0.686
0.69
0.69
0.687
0.683
0.688
0.688
0.684
0.688
0.688
0.688
0.686
0.688
0.685
0.681
0.688
0.69
0.6721682
0.6709217
0.669056
0.6671764
0.6613962
0.6586325
0.6572454
0.6539164
0.657086
0.647735
0.6748146
0.6662531
0.6465848
0.651666
0.6503941
0.6597543
0.6520091
0.6540017
0.6509844
0.650125
0.6607988
0.6470678
0.6603682
0.6346553
0.6510759
0.6464348
0.6462539
0.6466315
0.6385081
0.6388885
0.655
0.66
0.662
0.6291867
0.649
0.641
0.617
0.618
0.617
0.619
0.608
0.611
0.614
0.623
0.607
0.613
0.6
0.598
0.601
0.6104835
0.6204673
0.620474
0.6161066
0.6219987
0.6299938
0.6082424
0.5923623
0.6181189
0.6030955
0.602163
0.6149677
0.583
0.584
0.581
0.583
0.584
0.587
0.587
0.587
0.59
0.586
0.583
0.582
0.587
0.581
0.582
0.582
0.578
0.579
0.578
0.576
0.573
0.573
0.574
0.567
0.57
0.569
0.565
0.567
0.568
0.565
0.562
0.562
0.563
0.563
0.559
0.562
0.569
0.57
0.575
0.57
0.566
0.567
0.563
0.565
0.562
0.561
0.558
0.555
0.555
0.551
0.55
0.552
0.548
0.546
0.545
0.545
0.547
0.543
0.54
0.54
0.541
0.537
0.537
0.538
0.54
0.533
0.536
0.538
0.535
0.535
0.536
0.533
0.536
0.537
0.53
0.534
0.535
0.532
0.537
0.535
0.531
0.529
0.533
0.532
0.527
0.529
0.528
0.531
0.525
0.526
0.526
0.526
0.525
0.522
0.528
0.531
0.528
0.522
0.523
0.525
0.524
0.527
0.527
0.53
0.522
0.524
0.525
0.52
0.522
0.522
0.521
0.522
0.521
0.519
0.521
0.522
0.522
0.523
0.521
0.521
0.523
0.522
0.518
0.521
0.518
0.519
0.518
0.521
0.515
0.514
0.516
0.514
0.516
0.515
0.518
0.512
0.511
0.512
0.511
0.51
0.513
0.508
0.507
0.507
0.509
0.509
0.512
0.512
0.507
0.508
0.508
0.509
0.51
0.511
0.513
0.51
0.516
0.509
0.514
0.514
0.515
0.514
0.513
0.517
0.515
0.516
0.518
0.516
0.514
0.512
0.514
0.511
0.514
0.515
0.514
0.517
0.513
0.514
0.513
0.515
0.515
0.518
0.518
0.513
0.514
0.513
0.515
0.515
0.516
0.514
0.51
0.511
0.509
0.508
0.513
0.512
0.512
0.511
0.514
0.512
0.51
0.508
0.512
0.508
0.509
0.508
0.512
0.51
0.508
0.506
0.508
0.507
0.508
0.51
0.507
0.506
0.505
0.504
0.502
0.505
0.505
0.505
0.507
0.51
0.508
0.506
0.508
0.508
0.51
0.513
0.512
0.51
0.511
0.51
0.51
0.513
0.515
0.514
0.516
0.515
0.516
0.517
0.515
0.514
0.512
0.517
0.515
0.516
0.515
0.511
0.511
0.511
0.511
0.514
0.514
0.513
0.512
0.51
0.509
0.509
0.509
0.512
0.51
0.513
0.512
0.513
0.512
0.511
0.512
0.509
0.512
0.512
0.514
0.513
0.519
0.518
0.514
0.516
0.516
0.515
0.519
0.519
0.518
0.521
0.521
0.515
0.518
0.52
0.521
0.522
0.523
0.521
0.519
0.522
0.52
0.521
0.528
0.536
0.525
0.517
0.524
0.519
0.52
0.523
0.523
0.52
0.518
0.519
0.52
0.522
0.519
0.521
0.517
0.515
0.518
0.519
0.518
0.515
0.521
0.518
0.517
0.521
0.518
0.513
0.516
0.516
0.517
0.518
0.515
0.512
0.514
0.508
0.511
0.511
0.512
0.511
0.512
0.51
0.508
0.509
0.504
0.506
0.506
0.507
0.508
0.509
0.513
0.5130607
0.5054528
0.514
0.519
0.513
0.515
0.515
0.512
0.512
0.51
0.511
0.514
0.513
0.51
0.515
0.515
0.51
0.515
0.511
0.512
0.517
0.513
0.513
0.51
0.513
0.51
0.512
0.514
0.51
0.513
0.508
0.508
0.504
0.506
0.506
0.508
0.51
0.511
0.512
0.506
0.504
0.516
0.513
0.516
0.517
0.517
0.521
0.517
0.514
0.519
0.52
0.512
0.518
0.516
0.515
0.515
0.519
0.511
0.52
0.516
0.514
0.52
0.519
0.521
0.518
0.519
0.516
0.517
0.5133425
0.5106681
0.519
0.524
0.52
0.518
0.521
0.513
0.516
0.517
0.513
0.512
0.513
0.512
0.513
0.516
0.514
0.511
0.514
0.51
0.51
0.511
0.511
0.509
0.508
0.507
0.506
0.509
0.511
0.512
0.511
0.513
0.511
0.508
0.509
0.509
0.511
0.508
0.51
0.507
0.503
0.504
0.504
0.503
0.505
0.505
0.505
0.501
0.501
0.5
0.5
0.5
0.502
0.502
0.503
0.502
0.5
0.502
0.501
0.501
0.502
0.504
0.503
0.505
0.503
0.503
0.503
0.504
0.504
0.508
0.51
0.507
0.508
0.51
0.507
0.505
0.507
0.508
0.508
0.508
0.51
0.505
0.505
0.503
0.503
0.505
0.504
0.505
0.507
0.507
0.504
0.504
0.503
0.505
0.506
0.506
0.507
0.509
0.505
0.507
0.505
0.503
0.506
0.505
0.506
0.506
0.502
0.499
0.5
0.499
0.499
0.502
0.499
0.501
0.502
0.501
0.499
0.498
0.498
0.497
0.499
0.499
0.499
0.499
0.498
0.497
0.495
0.496
0.495
0.497
0.498
0.4977234
0.500661
0.498
0.496
0.498
0.507
0.5
0.5
0.503
0.502
0.495
0.497
0.497
0.493
0.498
0.497
0.498
0.498
0.502
0.497
0.498
0.502
0.5
0.505
0.504
0.5
0.503
0.503
0.501
0.504
0.502
0.498
0.5
0.497
0.496
0.498
0.5
0.496
0.499
0.5
0.497
0.497
0.496
0.496
0.494
0.495
0.494
0.495
0.497
0.498
0.497
0.499
0.495
0.494
0.493
0.49
0.492
0.492
0.493
0.493
0.493
0.493
0.495
0.494
0.498
0.496
0.496
0.499
0.492
0.494
0.493
0.492
0.496
0.496
0.495
0.494
0.496
0.501
0.499
0.501
0.502
0.5
0.503
0.504
0.502
0.505
0.503
0.501
0.499
0.497
0.497
0.497
0.497
0.498
0.497
0.498
0.498
0.497
0.495
0.496
0.496
0.495
0.498
0.496
0.5
0.503
0.501
0.507
0.508
0.508
0.512
0.509
0.505
0.512
0.51
0.511
0.512
0.511
0.51
0.508
0.507
0.503
0.507
0.506
0.504
0.509
0.506
0.507
0.51
0.519572
0.5283129
0.519
0.524
0.517
0.51
0.522
0.518
0.521
0.529
0.533
0.528
0.531
0.534
0.537
0.539
0.542
0.54
0.545
0.542
0.544
0.536
0.543
0.544
0.546
0.546
0.545
0.538
0.54
0.541
0.537
0.54
0.545
0.542
0.541
0.538
0.533
0.535
0.53
0.529
0.535
0.536
0.5477595
0.5530306
0.528
0.535
0.543
0.534
0.536
0.531
0.538
0.537
0.541
0.542
0.553
0.557
0.56
0.557
0.558
0.563
0.56
0.56
0.563
0.561
0.564
0.567
0.564
0.566
0.569
0.566
0.572
0.571
0.568
0.573
0.579
0.583
0.576
0.588
0.591
0.584
0.5837272
0.579006
0.5734831
0.584
0.596
0.599
0.592
0.594
0.593
0.595
0.599
0.598
0.6
0.599
0.599
0.587
0.587
0.601
0.6
0.595
0.589
0.605
0.604
0.606
0.589
0.607
0.602
0.597
0.596
0.594
0.595
0.596
0.596
0.598
0.602
0.601
0.606
0.609
0.612
0.616
0.616
0.619
0.624
0.621
0.611
0.625
0.611
0.622
0.615
0.614
0.62
0.617
0.616
0.616
0.612
0.611
0.604
0.612
0.6167092
0.6158245
0.608
0.611
0.609
0.611
0.612
0.6
0.615
0.6
0.604
0.61
0.606
0.608
0.609
0.602
0.611
0.604
0.611
0.617
0.619
0.626
0.63
0.629
0.629
0.628
0.617
0.619
0.624
0.621
0.623
0.621
0.62
0.622
0.621
0.624
0.626
0.627
0.627
0.629
0.628
0.626
0.629
0.628
0.615
0.615
0.611
0.603
0.614
0.613
0.613
0.621
0.624
0.626
0.63
0.634
0.634
0.634
0.637
0.633
0.63
0.629
0.627
0.625
0.621
0.625
0.626
0.622
0.625
0.624
0.621
0.623
0.622
0.605
0.611
0.618
0.6317929
0.613
0.613
0.614
0.618
0.625
0.629
0.628
0.635
0.634
0.634
0.634
0.617
0.629
0.625
0.62
0.623
0.622
0.617
0.62
0.616
0.614
0.609
0.6326953
0.609
0.61
0.608
0.617
0.621
0.619
0.624
0.629
0.629
0.63
0.631
0.632
0.626
0.63
0.643
0.639
0.638
0.638
0.642
0.638
0.633
0.632
0.624
0.628
0.634
0.631
0.624
0.616
0.625
0.618
0.615
0.625
0.623
0.626
0.631
0.637
0.639
0.646
0.649
0.648
0.637
0.651
0.638
0.65
0.646
0.6320847
0.6483408
0.641
0.6327015
0.6554416
0.638
0.634
0.633
0.635
0.638
0.63
0.625
0.642
0.641
0.643
0.646
0.642
0.638
0.647
0.647
0.644
0.642
0.643
0.64
0.638
0.642
0.641
0.643
0.648
0.648
0.641
0.643
0.638
0.642
0.639
0.6548467
0.631
0.6408198
0.625
0.6347184
0.6374356
0.6454336
0.6415025
0.6408363
0.636088
0.6435896
0.625
0.629
0.633
0.639
0.639
0.637
0.636
0.626
0.631
0.627
0.625
0.63
0.634
0.63
0.626
0.636
0.633
0.632
0.637
0.638
0.637
0.642
0.638
0.638
0.635
0.643
0.641
0.639
0.646
0.647
0.647
0.651
0.654
0.653
0.66
0.659
0.66
0.659
0.657
0.658
0.657
0.655
0.654
0.648
0.651
0.647
0.647
0.649
0.65
0.646
0.646
0.65
0.645
0.647
0.656
0.66
0.662
0.658
0.658
0.655
0.647
0.66
0.658
0.659
0.648
0.646
0.644
0.656
0.647
0.646
0.648
0.65
0.649
0.649
0.646
0.65
0.648
0.647
0.643
0.641
0.643
0.643
0.638
0.643
0.645
0.644
0.643
0.64
0.646
0.649
0.65
0.653
0.655
0.653
0.654
0.649
0.654
0.653
0.655
0.651
0.645
0.645
0.649
0.649
0.646
0.651
0.649
0.655
0.659
0.661
0.659
0.646
0.641
0.654
0.656
0.66
0.666
0.672
0.674
0.676
0.672
0.674
0.669
0.668
0.662
0.653
0.656
0.647
0.65
0.647
0.644
0.64
0.645
0.641
0.639
0.64
0.645
0.644
0.644
0.65
0.65
0.649
0.65
0.652
0.647
0.659
0.658
0.654
0.648
0.654
0.657
0.66
0.663
0.655
0.653
0.653
0.661
0.654
0.65
0.658
0.657
0.653
0.659
0.664
0.668
0.668
0.668
0.668
0.657
0.658
0.656
0.654
0.656
0.645
0.652
0.655
0.656
0.656
0.659
0.649
0.646
0.649
0.648
0.645
0.642
0.646
0.645
0.641
0.647
0.649
0.645
0.648
0.65
0.646
0.645
0.648
0.651
0.649
0.647
0.651
0.647
0.643
0.642
0.638
0.632
0.636
0.639
0.639
0.636
0.645
0.646
0.643
0.648
0.649
0.652
0.647
0.651
0.653
0.653
0.646
0.651
0.65
0.648
0.65
0.655
0.652
0.649
0.652
0.655
0.652
0.657
0.658
0.66
0.662
0.658
0.655
0.659
0.662
0.663
0.657
0.66
0.659
0.654
0.662
