0.8431327
0.8201336
0.8468486
0.8362276
0.8201166
0.8414972
0.8248771
0.8009804
0.8230107
0.8170423
0.8030585
0.8257082
0.8194759
0.7988169
0.8181079
0.8201458
0.8002889
0.8182711
0.8249787
0.8060669
0.821515
0.8290697
0.8150699
0.8287082
0.8279989
0.809406
0.8214205
0.8203742
0.8031201
0.8233422
0.8274996
0.8092981
0.8311306
0.8322543
0.8188243
0.8296587
0.8164676
0.8188757
0.8458573
0.8422605
0.8288608
0.827264
0.8254434
0.8257895
0.8190895
0.7885105
0.7936615
0.8238049
0.8257518
0.816061
0.8163792
0.8405353
0.8538896
0.8579435
0.8360254
0.8308623
0.8369853
0.809975
0.8102585
0.819903
0.8452708
0.8390733
0.8085943
0.8214742
0.8337063
0.8463113
0.8239831
0.8151469
0.8559652
0.8388013
0.8113456
0.8281689
0.8296728
0.827035
0.8141783
0.7882258
0.809339
0.8247485
0.8259037
0.8327734
0.8302989
0.8231337
0.827669
0.8404227
0.8032704
0.7850634
0.7956417
0.8369052
0.855142
0.8034397
0.8034366
0.8137793
0.7982761
0.8027808
0.8205642
0.8145818
0.7948172
0.806057
0.8136878
0.8092983
0.7975224
0.7970205
0.801555
0.8002533
0.8357475
0.8244351
0.7882308
0.8128599
0.8279886
0.8171831
0.7998823
0.7943426
0.8177986
0.8294206
0.8093156
0.8023337
0.8072758
0.8053943
0.8229922
0.8327989
0.8043738
0.808936
0.8260828
0.8037282
0.8183663
0.8436646
0.8346857
0.814814
0.8203709
0.8376855
0.8150392
0.8134601
0.8243578
0.818003
0.8272874
0.8241063
0.8372204
0.854939
0.8282091
0.8094884
0.8400131
0.8295302
0.8170246
0.8530447
0.8503638
0.846056
0.8303173
0.8299299
0.8422688
0.8279199
0.8419946
0.8303786
0.8237776
0.8405713
0.8241741
0.7948017
0.8160998
0.8485082
0.8078421
0.8140977
0.8451563
0.8253727
0.8280442
0.8367162
0.8456373
0.8388999
0.8203118
0.8484048
0.8433825
0.815407
0.840395
0.8613804
0.8482417
0.8273139
0.8351691
0.8266155
0.8119553
0.826564
0.8218799
0.823323
0.8166134
0.8161049
0.8497862
0.8486464
0.8379076
0.8477067
0.8375748
0.8382887
0.8589541
0.8708804
0.8620988
0.8484031
0.8653277
0.8696066
0.8566384
0.867648
0.8746416
0.8698216
0.8792158
0.887645
0.8719471
0.8620759
0.8775801
0.8726016
0.8638147
0.8804532
0.8771763
0.8574584
0.8658774
0.8815529
0.869041
0.8708803
0.8933796
0.8851124
0.8774606
0.900172
0.8896913
0.877237
0.8860834
0.8498355
0.836684
0.8629589
0.8424602
0.8277297
0.8688565
0.8812856
0.8632332
0.8732068
0.8699572
0.8758432
0.8734861
0.8544206
0.8860218
0.8795124
0.856177
0.8790075
0.8716176
0.8603476
0.8855362
0.8826121
0.8668883
0.8829691
0.8768275
0.8580409
0.8692583
0.8569599
0.8358966
0.8622531
0.863999
0.8389166
0.871227
0.8823976
0.8493047
0.8718689
0.880485
0.8478009
0.8685549
0.8834733
0.8504356
0.8668794
0.8849807
0.8629192
0.8881765
0.9037002
0.8769614
0.8805822
0.8849534
0.855992
0.842719
0.8731881
0.8614487
0.8443485
0.8704112
0.8644481
0.8743696
0.8927006
0.8788297
0.8690746
0.8835826
0.8720065
0.8492211
0.8847028
0.8801464
0.8481025
0.8770921
0.8665386
0.8356878
0.8498366
0.8445916
0.8277566
0.842197
0.8501663
0.8372674
0.8432974
0.8513516
0.8365908
0.8393125
0.8451087
0.8548909
0.8740255
0.8313944
0.8294048
0.8808625
0.8862548
0.8788292
0.8739576
0.864908
0.8572828
0.8491566
0.8459202
0.8754636
0.8749829
0.8533361
0.8782618
0.8729479
0.8522145
0.8785973
0.8732401
0.8478026
0.8668511
0.8653227
0.8433445
0.8455405
0.8576177
0.8621398
0.8577163
0.8411184
0.8409084
0.8568983
0.8579661
0.848143
0.8410346
0.8617224
0.8657632
0.8485024
0.8480014
0.8575564
0.8534427
0.8462312
0.8637005
0.8690927
0.8595358
0.8688253
0.8688337
0.8550513
0.8667543
0.8694939
0.8487821
0.8514054
0.8689862
0.8620319
0.8482266
0.8580046
0.8621719
0.8476818
0.846913
0.8565956
0.84349
0.8349013
0.8468786
0.833684
0.8140763
0.816488
0.8133633
0.8041418
0.8121746
0.8227806
0.8198333
0.8265757
0.8352156
0.8250028
0.83043
0.8540587
0.85171
0.84395
0.8598923
0.8595458
0.8623486
0.8423498
0.8115028
0.8448101
0.8506763
0.8481885
0.8565592
0.8526273
0.84589
0.8381064
0.8323607
0.7993589
0.7908782
0.8023542
0.8085977
0.8027799
0.801265
0.7951588
0.8000984
0.8062337
0.8002826
0.8005444
0.7770251
0.7866624
0.7916592
0.7849781
0.7863737
0.773161
0.7705907
0.7598897
0.758147
0.7752689
0.7772075
0.7696459
0.7820191
0.7948475
0.7528326
0.7321602
0.7656881
0.7505968
0.744415
0.7672829
0.747018
0.7331194
0.7478052
0.7451145
0.7453895
0.7458129
0.7394017
0.7450943
0.7372361
0.7406555
0.7553004
0.7767547
0.771355
0.7330627
0.7358573
0.7258736
0.7030387
0.7090995
0.6934726
0.6857945
0.6790355
0.6933604
0.716099
0.6846557
0.710611
0.7048218
0.6708928
0.7181041
0.7245106
0.713363
0.7018808
0.6983497
0.7089834
0.6981001
0.7208659
0.719568
0.6858555
0.6722758
0.6761621
0.6854763
0.6806662
0.6715191
0.6662739
0.671943
0.6623291
0.6451169
0.6662455
0.6755787
0.6650242
0.6635892
0.6443754
0.6537413
0.6672277
0.6602889
0.6541381
0.6433104
0.6336625
0.635884
0.6421256
0.6349257
0.6288667
0.6445813
0.6581647
0.6359438
0.6339531
0.6380923
0.6144014
0.5931553
0.5859737
0.587854
0.5903873
0.5911885
0.5911466
0.590449
0.5944516
0.5975527
0.59371
0.6001084
0.6004317
0.5965883
0.6035305
0.6036283
0.5986803
0.6007521
0.6028144
0.5989986
0.6018974
0.6052552
0.5974095
0.5944406
0.5984455
0.5937499
0.5901727
0.5947673
0.5914583
0.5894539
0.5921279
0.5919939
0.5907691
0.5872228
0.5916244
0.5921157
0.5853815
0.5881216
0.5847278
0.5780791
0.5811388
0.5813416
0.5766626
0.5768465
0.5799529
0.5765618
0.5762484
0.5804142
0.5793735
0.5788985
0.5833496
0.5840013
0.5801751
0.583392
0.5859738
0.5830826
0.5854122
0.5881344
0.5846653
0.5849291
0.5899822
0.5872887
0.5821861
0.5874316
0.5862749
0.5771808
0.5795767
0.5805117
0.5724502
0.5724376
0.5760581
0.5693564
0.5666509
0.5722148
0.5667558
0.562389
0.5685811
0.5632303
0.5579676
0.5640302
0.5632496
0.5557626
0.5549274
0.561125
0.5578193
0.5530857
0.5591493
0.5578371
0.5516632
0.5559398
0.5593676
0.5522071
0.5474745
0.5562723
0.5638523
0.5553223
0.550941
0.5602399
0.5628758
0.5560049
0.5535843
0.5574949
0.5591921
0.5555579
0.5539007
0.5571596
0.5574686
0.5500918
0.5490127
0.5557031
0.5503049
0.5435431
0.5477688
0.5530284
0.5458627
0.5393111
0.5481387
0.5496379
0.5438123
0.5432982
0.5459226
0.5488932
0.5478694
0.5485478
0.5490124
0.5449493
0.5478211
0.552611
0.5479602
0.5423693
0.542953
0.547101
0.541853
0.5383803
0.5466231
0.5431349
0.5356892
0.5385777
0.5433549
0.5420729
0.5371108
0.5394794
0.5408222
0.5384882
0.5406792
0.5398327
0.5363803
0.5401713
0.5454321
0.5409341
0.5367307
0.5426759
0.5455984
0.5436088
0.5456049
0.5448959
0.5424165
0.5470188
0.5493009
0.5435291
0.5432172
0.54976
0.5484317
0.5440547
0.5483774
0.5476583
0.5439953
0.5492977
0.5487967
0.5424968
0.5440375
0.5487645
0.5523085
0.5488827
0.5482177
0.5566416
0.5554881
0.5476796
0.5468941
0.5532904
0.5527979
0.5465011
0.5469076
0.5510815
0.5493008
0.5417027
0.5421423
0.5475357
0.5505334
0.5489096
0.5409819
0.5443155
0.5473562
0.5409777
0.5436433
0.5434321
0.5412885
0.5445628
0.5442021
0.5418196
0.5402439
0.5465217
0.5471124
0.5393744
0.5422606
0.5439815
0.539077
0.5360642
0.5361183
0.5345253
0.5328193
0.5375117
0.5365615
0.530864
0.535837
0.5393028
0.5347062
0.5347777
0.5347253
0.5325472
0.5335121
0.5333048
0.5283802
0.5273453
0.5348283
0.5318987
0.526068
0.5288776
0.5299987
0.5277716
0.5276839
0.5312458
0.5292362
0.5261702
0.5301693
0.5356474
0.5292861
0.5249995
0.5318954
0.5291967
0.5256182
0.5293372
0.528194
0.521711
0.5209925
0.5281337
0.5268507
0.5217633
0.5233246
0.5234343
0.5227199
0.5232582
0.5237599
0.5208632
0.5196963
0.5265959
0.5274765
0.5217539
0.5204859
0.522635
0.5219443
0.5226207
0.5272294
0.5229859
0.5188055
0.5244393
0.5269905
0.523994
0.5243785
0.5241884
0.5209196
0.5236005
0.5280681
0.524405
0.5211669
0.5261268
0.5271656
0.5263459
0.5318056
0.5303084
0.5240778
0.5275616
0.533006
0.5294792
0.5271634
0.529707
0.5279708
0.5274832
0.5337789
0.5310011
0.5248644
0.5327507
0.5350438
0.5315508
0.5334207
0.5334092
0.5315677
0.5305415
0.5338019
0.5345942
0.5282571
0.5297145
0.5346847
0.5310026
0.5284269
0.5306502
0.5288476
0.5243724
0.528294
0.5297826
0.5255351
0.5256027
0.5274471
0.5284101
0.5275391
0.5309654
0.5334284
0.5306214
0.5317437
0.5351303
0.533462
0.5308457
0.5345097
0.5325401
0.5270371
0.5336667
0.5361968
0.5300205
0.5304606
0.5321948
0.5308217
0.532482
0.5342228
0.5293771
0.5306713
0.5367896
0.5337865
0.5328563
0.5359229
0.532626
0.5310016
0.5394324
0.5381033
0.5318402
0.5397082
0.5399369
0.5348577
0.5404773
0.5383723
0.5346024
0.542673
0.5421437
0.5353815
0.5392114
0.5420957
0.5378437
0.5398809
0.5390967
0.53229
0.5364849
0.5418654
0.5377855
0.5346649
0.5363971
0.5352354
0.5341389
0.5368933
0.5322987
0.5274864
0.5339153
0.5328967
0.5267499
0.5295479
0.5287776
0.5256477
0.5308015
0.5334889
0.5261635
0.524815
0.5321201
0.53218
0.5291989
0.5298004
0.5279405
0.5263467
0.5310286
0.5333465
0.5274067
0.5252383
0.5298303
0.5295909
0.5267089
0.5273649
0.5252711
0.524201
0.5278221
0.5266486
0.5236924
0.5232298
0.5217396
0.520296
0.5220008
0.5281742
0.5257424
0.5222266
0.5266416
0.5259511
0.5243613
0.527864
0.5308569
0.5277816
0.525683
0.5283562
0.5316726
0.5330991
0.5329643
0.528517
0.5262298
0.5307413
0.5352919
0.5329471
0.5252489
0.5265
0.525515
0.524463
0.5123962
0.515328
0.5436257
0.531112
0.5214516
0.5366045
0.5345195
0.5289931
0.5335599
0.5333867
0.527012
0.531764
0.5364535
0.5290527
0.5247703
0.5304594
0.531858
0.5283015
0.5289869
0.533085
0.5312127
0.5295071
0.5355959
0.5356656
0.5305225
0.5297508
0.5345656
0.5368509
0.5342128
0.5350952
0.5333159
0.5278878
0.5341417
0.5341717
0.5278437
0.5289229
0.5236388
0.5266783
0.5289204
0.5270464
0.5339092
0.5322338
0.5272768
0.5333803
0.536665
0.5325035
0.5350345
0.5340572
0.5317062
0.5373774
0.5357707
0.5329534
0.5348167
0.5319096
0.5305249
0.532383
0.5325282
0.5269571
0.524932
0.5321554
0.5308577
0.5246063
0.5245878
0.5230586
0.5212673
0.5261068
0.5282327
0.5226098
0.5209679
0.5228236
0.5221141
0.5253664
0.5336883
0.5333418
0.5292305
0.5341506
0.5339251
0.5329165
0.5389896
0.5372831
0.5331925
0.5338311
0.534107
0.5327864
0.5357751
0.5386516
0.5352601
0.5374137
0.5388352
0.5331675
0.533459
0.539524
0.5376554
0.5317377
0.5359374
0.5370631
0.5334346
0.5368069
0.5365706
0.5315463
0.5341411
0.5372229
0.5325997
0.5331207
0.5342198
0.5298637
0.5305893
0.5353877
0.5317441
0.5292449
0.5323586
0.5271603
0.5268352
0.5306011
0.5249705
0.5217079
0.5253418
0.5263291
0.5269627
0.5311173
0.5325112
0.5282648
0.5273064
0.5339221
0.5364142
0.5325819
0.5350915
0.5338378
0.5299553
0.5352169
0.5350364
0.5335751
0.535132
0.5327444
0.5292638
0.5301935
0.5369659
0.5338284
0.5281041
0.5330945
0.5343081
0.5330258
0.5349823
0.5370179
0.5356193
0.5348053
0.533744
0.5327095
0.5385644
0.5374231
0.5321535
0.5373776
0.5397948
0.5353033
0.5339274
0.5362301
0.5341495
0.5325183
0.5397496
0.5380385
0.5294471
0.5289185
0.5343445
0.5371119
0.5326708
0.5352922
0.5377248
0.5313257
0.5312963
0.5377682
0.5385687
0.53459
0.5380352
0.537969
0.5324513
0.5327416
0.5364235
0.5370933
0.5362277
0.539934
0.5383454
0.5363302
0.5440187
0.5415612
0.5321217
0.5400265
0.5455767
0.5396035
0.5398756
0.5485303
0.5492234
0.5444454
0.5510919
0.5562094
0.5548003
0.5520481
0.5546708
0.5610017
0.5606169
0.5630636
0.5808785
0.5724041
0.5520603
0.5683419
0.5707961
0.5629819
0.566429
0.5679575
0.5707941
0.5700794
0.5701276
0.5763134
0.5822157
0.5815632
0.5828641
0.5914809
0.5979469
0.5934699
0.5969538
0.6107067
0.6112368
0.6051178
0.6118885
0.62363
0.6224918
0.6169182
0.628481
0.6390108
0.6293678
0.6292604
0.6391689
0.6281974
0.6252873
0.6378629
0.6365172
0.6317405
0.6258883
0.6361881
0.6490009
0.6372131
0.6322986
0.6417011
0.6434959
0.6430729
0.6412058
0.6384182
0.6505307
0.6546796
0.6412548
0.644579
0.6598483
0.6567895
0.651318
0.666785
0.6753872
0.6632512
0.6689984
0.6859332
0.6808062
0.675428
0.6882604
0.690984
0.6758906
0.6825291
0.6935097
0.6820863
0.6859294
0.6912062
0.6754361
0.6789582
0.6893754
0.6791072
0.6862481
0.6967516
0.6882413
0.6987764
0.7069573
0.6884964
0.6924123
0.7079008
0.6992363
0.7040496
0.7187035
0.7100867
0.7100265
0.7221462
0.7090153
0.7047602
0.7250562
0.7216221
0.7098158
0.7223121
0.7233504
0.7105233
0.7210708
0.7234755
0.7092193
0.718579
0.7219951
0.7008364
0.7050062
0.7125025
0.7009811
0.7152591
0.7261424
0.7173823
0.7281551
0.7259358
0.7094691
0.7188554
0.717708
0.6988598
0.7029992
0.7194404
0.7137873
0.7124395
0.7236607
0.7173928
0.7261389
0.7476804
0.7393464
0.7372896
0.7562984
0.7504941
0.7447163
0.7614499
0.7549287
0.7464902
0.7559841
0.7476605
0.7419731
0.7576486
0.7659513
0.7565833
0.7580232
0.7604774
0.7496162
0.7550057
0.7626056
0.7563167
0.7586737
0.7546636
0.7432136
0.7542871
0.7596045
0.745448
0.7572389
0.7612532
0.7350662
0.7421241
0.7564532
0.750867
0.759292
0.7720013
0.7701704
0.7731677
0.775415
0.7612719
0.7604474
0.7531501
0.7351193
0.7467419
0.7584008
0.7447886
0.7410662
0.7627626
0.764278
0.7466617
0.7450929
0.7397546
0.7411039
0.7442246
0.7295704
0.7347261
0.746697
0.7510787
0.7472822
0.7366334
0.7432765
0.7408569
0.7424314
0.755493
0.7473432
0.7410127
0.7592222
0.7619035
0.7568582
0.7741438
0.78151
0.7754151
0.7696998
0.7575007
0.7363542
0.7326303
0.7473303
0.7516089
0.7531645
0.7506303
0.7329788
0.7400188
0.7480928
0.7445715
0.7552648
0.7591836
0.7622813
0.7484686
0.7605112
0.7803299
0.7416534
0.740304
0.766664
0.7732839
0.7875783
0.7690995
0.7490576
0.7578269
0.7684884
0.7646674
0.7578616
0.763973
0.7433723
0.7222248
0.7224328
0.7251774
0.7226564
0.7294981
0.7698892
0.7841496
0.7601409
0.7446528
0.748606
0.7610295
0.7710849
0.7729343
0.7638972
0.7709722
0.7792894
0.7728958
0.7591418
0.7570519
0.7659102
0.7539275
0.7556855
0.7577319
0.7475609
0.7650685
0.7632633
0.7546905
0.7855151
0.7894395
0.774628
0.7883129
0.7760902
0.7379265
0.7359572
0.7715088
0.7578827
0.7519494
0.7719889
0.768275
0.7625289
0.752257
0.7831807
0.7610997
0.7214188
0.7357667
0.7466859
0.7310589
0.735293
0.7728758
0.7607025
0.7498597
0.7698312
0.7670789
0.7595017
0.7664513
0.7736187
0.7623668
0.7684811
0.7802701
0.7774348
0.802842
0.7831164
0.7718144
0.7892932
0.7763919
0.794161
0.8022659
0.7767587
0.7769273
0.8042538
0.8304452
0.8155144
0.7770405
0.7708085
0.7822035
0.7848622
0.7713666
0.7685299
0.7812119
0.789592
0.7774359
0.7733926
0.7933083
0.7872485
0.7733693
0.7980879
0.8034068
0.7789555
0.7994246
0.8056965
0.7775487
0.7950226
0.8101595
0.7921602
0.8114576
0.8264725
0.7980071
0.8041691
0.8196373
0.7942423
0.8001867
0.834365
0.8288978
0.7992909
0.8142225
0.8393394
0.8316334
0.80097
0.793679
0.8354182
0.816909
0.8153524
0.8419571
0.8204535
0.8114564
0.8071266
0.8223553
0.8225785
0.8112701
0.8412389
0.8365982
0.816984
0.8410448
0.8347184
0.8095268
0.8211104
0.8377904
0.8229847
0.8160735
0.8289581
0.8118432
0.8155543
0.8402654
0.8213045
0.8188705
0.8460845
0.8337894
0.8280262
0.8489785
0.8320137
0.829522
0.8571187
0.8405811
0.8192086
0.8382705
0.8359981
0.8225539
0.8390555
0.828476
0.7978792
0.7935374
0.812507
0.8292092
0.8438579
0.8356635
0.8110856
0.818548
0.8269138
0.8233668
0.8036451
0.7877467
0.8009319
0.8200118
0.80997
0.7978263
0.8233545
0.8294088
0.8146283
0.8026282
0.796763
0.8076101
0.8056664
0.7917981
0.8000752
0.8057798
0.7956987
0.8014996
0.8039482
0.8032743
0.8092
0.8086412
0.8085689
0.8093064
0.8198539
0.8165204
0.8108597
0.8382495
0.8354546
0.8205643
0.8489898
0.8651627
0.8504212
0.8561568
0.8768438
0.8602163
0.8515657
0.869454
0.8495347
0.8417584
0.8473608
0.8222807
0.8261322
0.8226843
0.8016417
0.8123883
0.8236344
0.8302492
0.8355152
0.8277387
0.8054784
0.8157377
0.8349962
0.8184945
0.8355584
0.8434169
0.8337586
0.8766095
0.8809576
0.8497183
0.8622241
0.8603113
0.8435899
0.8577714
0.8584408
0.8448406
0.8632583
0.8704586
0.8498932
0.8622283
0.8746604
0.8573063
0.8631791
0.8593067
0.8283479
0.8372005
0.8384482
0.8019143
0.8171932
0.8472606
0.8258511
0.8207599
0.8525195
0.8428247
0.8238516
0.8603259
0.8550936
0.821492
0.843828
0.8568709
0.8380682
0.8446754
0.8605606
0.8403977
0.8318726
0.8529862
0.8428567
0.8244239
0.8465807
0.844898
0.8235469
0.8399991
0.8296224
0.809754
0.8256448
0.8118192
0.7954481
0.8240305
0.8345879
0.8145653
0.8210835
0.8507069
0.8380376
0.8184918
0.8492941
0.8508302
0.836355
0.8605413
0.8521199
0.8286279
0.8504034
0.8614306
0.8425813
0.8490832
0.8630392
0.8499871
0.8481731
0.8422308
0.8229578
0.8307063
0.8330602
0.8150204
0.8226041
0.8330763
0.8208467
0.8249553
0.832618
0.8252185
0.821314
0.8260676
0.8115123
0.7935479
0.8178546
0.8271592
0.8133913
0.8336506
0.8286396
0.7984075
0.7967483
0.7943954
0.8173154
0.8477692
0.8334158
0.8306192
0.8362337
0.8173243
0.8204432
0.8193439
0.8055263
0.8195419
0.8121274
0.7963169
0.8025679
0.7973348
0.7883682
0.7956434
0.7955691
0.7929498
0.8084436
0.8163634
0.8014154
0.7812557
0.7879035
0.7938649
0.7881321
0.7840446
0.7786395
0.7804366
0.7914614
0.7917071
0.7791855
0.7895416
0.8008296
0.7927549
0.7846582
0.7959786
0.8029225
0.7912064
0.8020459
0.8171522
0.8058631
0.8030126
0.8247026
0.8343062
0.8157075
0.8151873
0.8238917
0.8118377
0.8105718
0.8224013
0.8234919
0.8112023
0.8136604
0.8254634
0.8173054
0.8100176
0.8171856
0.8123434
0.8082017
0.8165745
0.8134339
0.8083529
0.8095199
0.8027716
0.8037529
0.8069573
0.790228
0.7858954
0.8055093
0.804957
0.7900626
0.7950129
0.7987874
0.7856241
0.7819682
0.8008152
0.801482
0.7854587
0.7964529
0.8076578
0.7969145
0.8156226
0.8349005
0.8166101
0.8280141
0.8348829
0.8187967
0.8416328
0.8247438
0.79223
0.8179434
0.8271393
0.8099973
0.8074018
0.8264882
0.8143225
0.7928884
0.8110847
0.8076596
0.7923404
0.8157482
0.8201575
0.8138001
0.8340515
0.8417741
0.8315002
0.8223433
0.8205953
0.8038867
0.7977471
0.8184532
