0.7765517
0.7803164
0.7938466
0.7968825
0.7903815
0.7877646
0.7783743
0.7583658
0.7613181
0.7662019
0.7713008
0.762756
0.74524
0.7557196
0.7551549
0.7550155
0.7682231
0.7759607
0.7794018
0.7776919
0.7773599
0.7698281
0.7597108
0.7620671
0.7652414
0.763982
0.7672751
0.7682198
0.7614733
0.7582003
0.7652119
0.7768659
0.7824112
0.7849994
0.77641
0.762633
0.77174
0.7831279
0.7838816
0.7728664
0.7635667
0.7763295
0.7865008
0.7888423
0.7840629
0.7722941
0.7838069
0.7883571
0.7767758
0.7863216
0.7866028
0.7886604
0.7821745
0.7592556
0.7609082
0.7629712
0.7651629
0.7766883
0.7739551
0.7635963
0.7751674
0.7915801
0.8020445
0.8111918
0.812773
0.8131332
0.8151337
0.8120641
0.7975274
0.7895762
0.7958185
0.7939281
0.7822969
0.7827544
0.7921366
0.7953177
0.800432
0.7969061
0.7803838
0.7766796
0.7811166
0.776088
0.7684298
0.7700298
0.7614343
0.7598409
0.7768475
0.7744115
0.7667812
0.7791361
0.7908825
0.7830299
0.7772797
0.7904032
0.7894251
0.7843098
0.7979337
0.8140903
0.8130727
0.7983137
0.8067486
0.8140718
0.7975953
0.7896369
0.7978368
0.8034125
0.8071435
0.8079967
0.8055105
0.7951511
0.7796439
0.7869719
0.7977797
0.7972744
0.798896
0.7886843
0.7754123
0.7837752
0.7953796
0.7974602
0.7952466
0.790812
0.7950443
0.7968424
0.7814568
0.7752087
0.7836797
0.790229
0.7924002
0.7983719
0.8026803
0.7871757
0.7753575
0.7865373
0.7807798
0.7648267
0.7742454
0.7836848
0.7900618
0.7928083
0.7897039
0.7923959
0.7843731
0.7646195
0.7599841
0.7688363
0.7717123
0.7702846
0.7720561
0.7646323
0.7554987
0.7653774
0.7758044
0.7848702
0.7866903
0.7809511
0.7843748
0.7905945
0.7952736
0.7953751
0.7926812
0.7835869
0.774104
0.7608019
0.7472678
0.7470706
0.7543839
0.749918
0.7368745
0.7523431
0.7640413
0.7722007
0.7727542
0.7531642
0.7641448
0.7644154
0.7516478
0.7616979
0.7663909
0.7693359
0.7730149
0.7766273
0.7763163
0.7734727
0.7685151
0.7556637
0.7577326
0.7665875
0.771697
0.7748076
0.7754247
0.7730245
0.7682787
0.7667587
0.7517833
0.7377769
0.7460108
0.7497242
0.7602611
0.761804
0.7474529
0.7601453
0.7688337
0.7693214
0.7683717
0.7612877
0.7640976
0.7698253
0.7718622
0.7678071
0.7556704
0.7494798
0.759032
0.7539066
0.7514348
0.7637889
0.7837953
0.7845926
0.7585116
0.7778373
0.7904329
0.7921482
0.7898467
0.7607712
0.7726125
0.7895921
0.7869333
0.7823366
0.7784705
0.7736183
0.7727093
0.7652742
0.7487866
0.7466697
0.7404398
0.7378333
0.7426805
0.7433663
0.7323516
0.7275908
0.7347223
0.7296792
0.7294247
0.7384511
0.7488447
0.7482918
0.7353588
0.7393061
0.7396484
0.7281466
0.7338776
0.7390379
0.7373206
0.7419959
0.7433356
0.7375844
0.7359278
0.735712
0.732312
0.7286347
0.7187648
0.7133008
0.7187899
0.7296906
0.7307945
0.7238731
0.7354078
0.7518269
0.7656659
0.7787629
0.7772678
0.7712211
0.7764841
0.7807002
0.7717227
0.7606313
0.7679592
0.7642891
0.7481458
0.7514752
0.7504434
0.7440745
0.7407265
0.7374837
0.7287237
0.7290256
0.7236229
0.7355592
0.7584494
0.7279769
0.7177707
0.7275966
0.7280462
0.7260531
0.7137601
0.7193103
0.7268268
0.7183474
0.7139046
0.7255408
0.7291682
0.7320435
0.7302523
0.7183886
0.7305018
0.7280724
0.7163749
0.7231254
0.7125445
0.7118269
0.7208278
0.7305988
0.7466361
0.7531205
0.7590661
0.7736605
0.7808291
0.7742277
0.7789064
0.7817675
0.7756059
0.7712067
0.7647651
0.7560199
0.7494218
0.7353472
0.7163659
0.714755
0.7142399
0.7160061
0.7132728
0.728326
0.7509172
0.7292607
0.7243786
0.7379279
0.7428552
0.749548
0.751554
0.7577906
0.7593735
0.7570501
0.7522666
0.7362284
0.730349
0.7352072
0.7369028
0.733443
0.730238
0.7431083
0.7507622
0.7590017
0.7768889
0.7700619
0.7706814
0.7605904
0.7287355
0.7290415
0.7302799
0.7336206
0.7509564
0.7550708
0.7499243
0.7507065
0.7572734
0.773798
0.7856358
0.8058106
0.7988817
0.7713615
0.7813252
0.7839881
0.7990709
0.8039461
0.7867017
0.7842077
0.7707225
0.7450619
0.7314229
0.730427
0.7331116
0.7442414
0.7442293
0.7364836
0.7344014
0.7338781
0.7495525
0.7638742
0.759752
0.7880439
0.7870706
0.7510263
0.782872
0.777296
0.7629576
0.7816612
0.7566501
0.7581714
0.8019136
0.7918424
0.7641138
0.7863584
0.8009362
0.7912025
0.7652486
0.7440427
0.7514727
0.7926246
0.7943206
0.7867565
0.7903435
0.7789778
0.787836
0.7795306
0.7586464
0.7514246
0.7748276
0.7937329
0.7972008
0.7986527
0.8005397
0.7921869
0.7796442
0.7865812
0.7830928
0.7769534
0.7721404
0.7689356
0.7693729
0.7714966
0.7803438
0.7820634
0.7812635
0.7759312
0.7764968
0.7714866
0.756474
0.7661745
0.7739767
0.775175
0.7744727
0.7727744
0.7597866
0.741045
0.746699
0.7458729
0.7456152
0.766085
0.7694042
0.7608534
0.7674926
0.7472359
0.7330964
0.7473952
0.748274
0.7451551
0.7434215
0.7391275
0.7307515
0.7255039
0.7235453
0.7179016
0.7259782
0.7255661
0.7070984
0.7116694
0.7154828
0.714901
0.7125258
0.704445
0.7033184
0.6951778
0.6974225
0.6966597
0.6795303
0.6990435
0.7420728
0.7294378
0.7007813
0.7018349
0.7089644
0.7162095
0.7125563
0.7080825
0.7110899
0.6999664
0.6705846
0.6651739
0.6712838
0.6660622
0.6672707
0.6650325
0.663767
0.6724877
0.6767912
0.6775564
0.6791875
0.6676817
0.6553632
0.6593089
0.655165
0.6469292
0.6468363
0.6463575
0.6465161
0.6454848
0.6501117
0.653121
0.6466449
0.646229
0.6470251
0.6432369
0.6484516
0.6460566
0.6389364
0.642163
0.6413066
0.6435513
0.6444486
0.6343954
0.6348723
0.6403924
0.6408034
0.6420935
0.6429654
0.6439921
0.6417001
0.6463395
0.6516967
0.6461119
0.6456168
0.6457173
0.6426099
0.6501914
0.6490907
0.6431123
0.6489302
0.6528243
0.6507959
0.642972
0.6442177
0.6433719
0.6386268
0.6433769
0.6419694
0.6373447
0.6345325
0.6282208
0.6242758
0.6280417
0.6260309
0.6216458
0.6255529
0.6247513
0.6217078
0.6266792
0.6297312
0.625041
0.6212854
0.6196076
0.6174486
0.6177555
0.6180378
0.6136789
0.60852
0.6099799
0.6104117
0.6067663
0.6064021
0.6075937
0.6094843
0.6080911
0.6051725
0.6059545
0.6058218
0.6042499
0.6060325
0.6087877
0.6069021
0.6043363
0.6069748
0.6119622
0.6137647
0.6099114
0.6075724
0.6127359
0.6146083
0.6115241
0.6105681
0.6093075
0.6089077
0.6100386
0.6143509
0.6170939
0.6149448
0.6175147
0.6166648
0.6106057
0.6107821
0.6119331
0.6100293
0.6068765
0.604276
0.6026773
0.6025218
0.6022689
0.5996955
0.598484
0.5995802
0.5980816
0.5951
0.5950253
0.5937195
0.5914321
0.5905663
0.5916399
0.5909697
0.590435
0.5924271
0.589155
0.5851897
0.5859662
0.5868938
0.5849422
0.5821311
0.5832058
0.5833601
0.580786
0.5802869
0.5762686
0.5721671
0.5729085
0.5718231
0.5704108
0.5682794
0.5660166
0.5670337
0.563428
0.5601442
0.5618056
0.5632184
0.5647725
0.5651079
0.5638427
0.565517
0.5671152
0.5648441
0.5688603
0.5735012
0.5725466
0.5736196
0.5741576
0.5728726
0.5721572
0.5729747
0.5727872
0.5713152
0.5706696
0.5703836
0.5717362
0.5731504
0.5738919
0.5751168
0.5758193
0.5739758
0.5733585
0.5767281
0.5779596
0.5771357
0.579059
0.5796005
0.5763385
0.5749167
0.5783395
0.5802441
0.576585
0.5770179
0.5807248
0.5789543
0.5762703
0.5746136
0.5735668
0.5733392
0.5693586
0.5671284
0.567678
0.5663134
0.5646652
0.5633963
0.5625912
0.5602602
0.5578835
0.5582639
0.5597003
0.5580049
0.5562876
0.5577563
0.5569607
0.5552228
0.5558426
0.5571663
0.5555101
0.5515725
0.5517827
0.5529647
0.5509505
0.5480397
0.5483055
0.5494411
0.54525
0.542177
0.5427847
0.5443554
0.5443368
0.541694
0.5415377
0.5423309
0.5416444
0.5403123
0.5398198
0.5423694
0.542149
0.5390261
0.5391405
0.5408625
0.5420813
0.5407005
0.5406592
0.542142
0.5429897
0.5427655
0.5413541
0.5417133
0.5433547
0.5434099
0.5416319
0.543736
0.5470206
0.5468589
0.5462103
0.5468574
0.5492603
0.5504992
0.5483876
0.5490147
0.5506941
0.5481514
0.5460497
0.5459618
0.5460447
0.5459276
0.5438981
0.5434422
0.5432446
0.5408349
0.5402815
0.5418233
0.5430372
0.5407305
0.539629
0.5413047
0.5416177
0.5402863
0.5399106
0.5432888
0.5453755
0.5435469
0.5437446
0.5462025
0.5466367
0.5453415
0.5447551
0.546382
0.5474186
0.5443471
0.5430775
0.5448155
0.5462605
0.5465404
0.5444035
0.5449341
0.5468773
0.5437789
0.5394331
0.5398586
0.5409165
0.5423479
0.5466956
0.5456964
0.5427008
0.5443973
0.5431989
0.5411109
0.5418809
0.5443014
0.5442559
0.54083
0.5404005
0.5415339
0.5413975
0.5394833
0.5387617
0.5413418
0.5412752
0.5377417
0.5375994
0.5392487
0.5397859
0.5390446
0.5381038
0.5378169
0.537231
0.5367302
0.536318
0.5356018
0.5377845
0.5420489
0.5416224
0.5417665
0.5440729
0.5426993
0.5404345
0.5418168
0.5440184
0.5427836
0.5413985
0.5438214
0.5448069
0.5444198
0.5455093
0.5476752
0.5468216
0.5389397
0.5357996
0.5380279
0.5390135
0.5421748
0.5445544
0.5433367
0.5473215
0.5521046
0.5497118
0.549726
0.5543196
0.5574838
0.5562482
0.5561386
0.5587632
0.5568566
0.5533552
0.5549735
0.5567102
0.5541526
0.5520305
0.5520081
0.5508315
0.5492905
0.5475684
0.5455404
0.5455677
0.5452922
0.5448281
0.546251
0.5487876
0.5466839
0.5415217
0.5418526
0.5461968
0.548543
0.5462249
0.542901
0.5411378
0.5409944
0.5419941
0.539666
0.5388315
0.5421046
0.5415559
0.5407573
0.5432802
0.54455
0.54336
0.542796
0.5442623
0.5445555
0.5423645
0.5418976
0.5441247
0.544676
0.5433221
0.5449999
0.5455601
0.5424974
0.5416824
0.5434057
0.5444326
0.5412887
0.5402078
0.5415518
0.5393101
0.5367996
0.5385393
0.5401031
0.5378517
0.5373817
0.539677
0.5411808
0.5385219
0.5380012
0.5408294
0.5399485
0.5370618
0.5383708
0.5402577
0.5376382
0.5366368
0.5383776
0.5384296
0.5365604
0.5355391
0.5354609
0.5355575
0.5331608
0.5311629
0.5329085
0.5328271
0.5301647
0.5290017
0.5300671
0.5297143
0.5284031
0.5275253
0.5276524
0.529334
0.5272858
0.5250774
0.5258768
0.526109
0.5247357
0.5223084
0.5229741
0.5226377
0.5194496
0.5176051
0.5186447
0.5201551
0.5176177
0.515672
0.5174293
0.5172668
0.5147932
0.5143626
0.5156646
0.5162305
0.5157656
0.516349
0.5164896
0.5166766
0.5171918
0.5168492
0.518299
0.5184117
0.5178014
0.5180793
0.5168844
0.5162064
0.5157234
0.5142413
0.5150341
0.5179104
0.5167152
0.5145576
0.5166145
0.5181594
0.5145194
0.5130287
0.5136458
0.5136109
0.514198
0.5127816
0.5123419
0.5159632
0.5197489
0.5179492
0.5174946
0.5204182
0.5214716
0.520416
0.5208541
0.5230626
0.522755
0.5213071
0.5218401
0.5230883
0.5239415
0.5239381
0.5253294
0.5274835
0.5263572
0.5258696
0.5270833
0.5268065
0.525159
0.5250364
0.5258689
0.5261696
0.5268298
0.5248969
0.5234249
0.5256428
0.5249861
0.5221556
0.5219834
0.5230035
0.5228898
0.5210327
0.5201473
0.5197211
0.518306
0.5177584
0.5160551
0.5152234
0.5167468
0.5149304
0.5123071
0.5127824
0.5131127
0.5129389
0.5108022
0.5106682
0.5131362
0.510523
0.5100431
0.5116065
0.5104574
0.5094987
0.5107819
0.5141586
0.5123539
0.5100845
0.5130274
0.5147298
0.5142866
0.5147979
0.515095
0.5149671
0.5149862
0.513949
0.515376
0.5162394
0.5126779
0.5105568
0.5126539
0.5140628
0.5129548
0.513167
0.5159865
0.5188663
0.5178718
0.5163325
0.5177783
0.5202156
0.5194526
0.5189015
0.521027
0.5207958
0.5181238
0.5171343
0.5188983
0.5177629
0.5154517
0.5167106
0.5181457
0.5155752
0.5160226
0.518605
0.5151277
0.5133153
0.5145649
0.5144063
0.5135487
0.5124732
0.5126355
0.5133097
0.5114807
0.50862
0.5085769
0.5104261
0.5092518
0.5069515
0.5082222
0.5107353
0.5099602
0.5071272
0.5059615
0.5072041
0.506416
0.5037675
0.5032768
0.5037843
0.5041384
0.5016375
0.5007577
0.5009615
0.5002195
0.500732
0.497971
0.4964578
0.4973695
0.4977468
0.4970203
0.4962029
0.4978321
0.496858
0.497637
0.5000394
0.4966755
0.4947628
0.4972649
0.4985823
0.5006496
0.5031659
0.5038223
0.5030373
0.5032035
0.5069317
0.5031391
0.4998425
0.5061945
0.5072045
0.5050639
0.5026375
0.5007142
0.5045413
0.5081838
0.5054141
0.5052646
0.511758
0.5137434
0.5112862
0.5086672
0.5053005
0.5050622
0.506782
0.5105949
0.5151014
0.5169183
0.5202186
0.5225412
0.5257975
0.5266053
0.5258241
0.5280656
0.5266596
0.5245398
0.5255961
0.5273407
0.5264437
0.5257985
0.5282905
0.5306013
0.5279868
0.5276673
0.5333078
0.5330997
0.5335638
0.5370966
0.5368432
0.5350549
0.533021
0.5342472
0.5366039
0.5396139
0.5432325
0.5502835
0.5583027
0.561614
0.5588252
0.5512279
0.5470836
0.5470377
0.5479413
0.5468713
0.5474949
0.5503773
0.5538083
0.5547424
0.5545924
0.5585012
0.5601685
0.5610822
0.5627463
0.563309
0.5647259
0.5651325
0.5638285
0.5621734
0.5597429
0.5595803
0.5612946
0.5605733
0.5595241
0.558367
0.5589226
0.5609423
0.562102
0.5616876
0.5581983
0.5549404
0.5530672
0.5520115
0.5531405
0.5558773
0.5580449
0.5577758
0.5573914
0.5586106
0.558217
0.5579709
0.560091
0.5606861
0.560449
0.5615581
0.5624074
0.5625527
0.5624622
0.5625406
0.5613193
0.5620241
0.5615031
0.5598502
0.5599852
0.5601864
0.5606721
0.557034
0.5554799
0.5551338
0.5564254
0.5591686
0.5600397
0.5652054
0.5705706
0.573384
0.57448
0.5734292
0.5659867
0.5586037
0.5597013
0.5643708
0.5685
0.5726292
0.5739445
0.5676817
0.5617243
0.56259
0.5641712
0.5672229
0.5782221
0.584874
0.5864992
0.5948362
0.6027877
0.6083345
0.6123854
0.6147128
0.6116164
0.6057634
0.6087948
0.6116258
0.6094221
0.6064489
0.6048224
0.6017542
0.5953132
0.5897076
0.5898818
0.5894666
0.5836107
0.5839681
0.5867044
0.5918808
0.5987083
0.6034861
0.6038538
0.6048753
0.6142807
0.6157225
0.6184053
0.6259837
0.6313989
0.6417383
0.6465397
0.6444552
0.6392169
0.6296545
0.6227552
0.6203047
0.6153736
0.6098899
0.6116069
0.615082
0.6137183
0.6147325
0.6113529
0.6041591
0.6029621
0.6019347
0.6056716
0.6086412
0.6042711
0.6053967
0.6081022
0.6125867
0.6222736
0.6229107
0.6205931
0.6178591
0.6157552
0.6214543
0.6251216
0.6271269
0.6296826
0.6247134
0.6187898
0.6216326
0.6261186
0.6256021
0.622393
0.6218986
0.6252118
0.6286957
0.6357764
0.644975
0.6419869
0.6401753
0.6476419
0.6500016
0.6501179
0.6485888
0.6455446
0.6378289
0.6308784
0.6345341
0.6313291
0.6221801
0.6189339
0.6204555
0.6311204
0.6311846
0.6270692
0.640533
0.6493772
0.6554165
0.6629472
0.6561796
0.6497269
0.6567939
0.6591925
0.652904
0.6559891
0.658005
0.6577625
0.6641723
0.6642214
0.6699886
0.6746888
0.6673643
0.670709
0.6753551
0.6717048
0.6716106
0.6687857
0.6635651
0.6614075
0.6574276
0.6526535
0.6438389
0.6379808
0.6299724
0.6243235
0.6105196
0.6268148
0.6652683
0.6697628
0.6687497
0.6380711
0.6182114
0.6320653
0.6534535
0.6772858
0.6864236
0.6824867
0.670783
0.6634037
0.6709894
0.6808586
0.6801799
0.688759
0.7006519
0.7006852
0.7021264
0.7041203
0.7011039
0.7054489
0.701078
0.6952401
0.7028628
0.7032727
0.6968728
0.69775
0.7008632
0.6956438
0.6976074
0.7046807
0.6930573
0.6867679
0.6994051
0.7046406
0.6969491
0.6894853
0.6899134
0.6929647
0.6928196
0.687891
0.6823319
0.6685804
0.6634136
0.6754037
0.6799983
0.6756563
0.6683792
0.6717045
0.6718791
0.661414
0.6613957
0.6663159
0.6675873
0.6639962
0.658186
0.6593703
0.6566626
0.6509917
0.6554202
0.6579694
0.6517111
0.6467449
0.6462738
0.6468144
0.6425949
0.6357149
0.6357001
0.6325544
0.6302835
0.6474142
0.6762871
0.6674664
0.6379331
0.6428856
0.65953
0.665978
0.6624622
0.6579975
0.6636063
0.6754479
0.6696339
0.6632211
0.6792982
0.6918056
0.691766
0.6860647
0.681192
0.6743425
0.6704334
0.6791205
0.6861506
0.6824448
0.6767497
0.6710558
0.6695844
0.6755618
0.6756728
0.6727751
0.6764734
0.6869988
0.6919393
0.688207
0.6824309
0.6825539
0.6936162
0.6918605
0.6806663
0.6754366
0.6771987
0.675836
0.6651443
0.6616336
0.6619977
0.659018
0.6570758
0.6603848
0.6686811
0.6683413
0.6675933
0.6776085
0.6793123
0.6762653
0.6697957
0.6575316
0.6518344
0.6424055
0.6389892
0.6445654
0.6498492
0.6513353
0.6446137
0.6429739
0.642569
0.6463278
0.6530929
0.6482622
0.650085
0.6604718
0.6609223
0.6617202
0.6727136
0.6861058
0.6889626
0.6919867
0.6905982
0.6775903
0.6787131
0.6744109
0.660445
0.6556694
0.6512543
0.647938
0.6393088
0.6348888
0.6432644
0.6493395
0.6527783
0.6527364
0.6549913
0.6516949
0.6385827
0.6385171
0.639493
0.633792
0.6323753
0.6426966
0.6543748
0.6543146
0.6550835
0.6610691
0.6589194
0.6582482
0.6710014
0.6781581
0.6823717
0.6838051
0.6816381
0.6788535
0.6733699
0.665114
0.6574663
0.6622676
0.6647541
0.6672223
0.6642243
0.651279
0.6505024
0.6508331
0.6485562
0.6493822
0.6563253
0.6651678
0.6676697
0.6738848
0.6806152
0.6823584
0.6813809
0.6775821
0.6700621
0.6600282
0.64875
0.6464159
0.6433397
0.6454524
0.676674
0.6837297
0.6724656
0.671122
0.666825
0.6595003
0.6460161
0.6551649
0.6747566
0.6864925
0.7094422
0.7125257
0.6892075
0.6836902
0.6832918
0.6943152
0.7081101
0.6733056
0.6537274
0.6918802
0.7130123
0.7095523
0.7047403
0.6977355
0.6997397
0.7006719
0.6985993
0.7027909
0.7056816
0.7066422
0.7114391
0.7120363
0.7091172
0.7090282
0.7088131
0.7083158
0.7075243
0.7055062
0.7045784
0.7021819
0.697854
0.6952972
0.6947654
0.6930467
0.6900011
0.6903046
0.6925999
0.6944484
0.6976456
0.6990735
0.7001727
0.7016176
0.6980644
0.6942232
0.6860298
0.672113
0.6666351
0.665025
0.6610669
0.6635179
0.6681251
0.6699369
0.6765031
0.6819375
0.6865334
0.694334
0.7062311
0.7159767
0.7202363
0.7256751
0.7247407
0.7283202
0.7293498
0.7243429
0.7256288
0.7274568
0.7261239
0.7197647
0.720048
0.7189987
0.7123651
0.7119251
0.7095841
0.7046309
0.7046825
0.7028
0.6984579
0.6998943
0.6995674
0.6967029
0.698521
0.6991271
0.7002829
0.7024096
0.7015864
0.7026128
0.7053708
0.7053525
0.7037579
0.7032461
0.7038697
0.705076
0.7025884
0.7019416
0.7015561
0.6986838
0.7005798
0.6998829
0.7030638
0.7059594
0.6989743
0.6988123
0.6961356
0.6906165
0.6912847
0.6917978
0.6920972
0.6897258
0.6896987
0.689901
0.6883099
0.6875689
0.6887558
0.6865626
0.6907976
