0.9051858
0.9323645
0.8997754
0.8480662
0.8674596
0.8688341
0.8920377
0.9217808
0.8935632
0.9040579
0.8899195
0.8859949
0.9122185
0.894008
0.8947489
0.8961497
0.862222
0.8541343
0.8689246
0.8773438
0.8942878
0.9121807
0.8990785
0.8699728
0.8622314
0.8657535
0.8737321
0.8806728
0.8924309
0.904498
0.8819149
0.8597123
0.8633931
0.8429552
0.8093012
0.8190215
0.8360542
0.8408287
0.8560138
0.8431864
0.8585944
0.8702263
0.8640758
0.8855372
0.85993
0.8544071
0.8913159
0.900322
0.8948751
0.8743343
0.8299377
0.8238328
0.8341281
0.8382604
0.8632381
0.8754609
0.8564593
0.8286331
0.8492781
0.8742696
0.8790489
0.8981439
0.9110052
0.9014827
0.8763852
0.8696897
0.8666181
0.8563103
0.850205
0.8230582
0.8135396
0.838503
0.8455645
0.831095
0.8128467
0.7997562
0.8482724
0.8799837
0.8376814
0.8345976
0.8467298
0.846654
0.8492436
0.8462717
0.8521471
0.8540106
0.8435284
0.8474536
0.8493502
0.8385003
0.8332392
0.8302625
0.8216398
0.8034477
0.8078502
0.8263389
0.8399577
0.8526475
0.8657957
0.8843298
0.8924448
0.8717378
0.8544395
0.8541823
0.8419295
0.8311101
0.8343328
0.8237687
0.8120028
0.8304112
0.8369183
0.8303743
0.8400449
0.8528689
0.8651612
0.8700243
0.8580081
0.8448375
0.8335115
0.8288421
0.8069902
0.815369
0.8403223
0.8240159
0.8480789
0.8433757
0.8242955
0.8411875
0.8249757
0.8072962
0.821455
0.829107
0.8128019
0.8163894
0.8294159
0.8405825
0.849144
0.8537073
0.840573
0.8181679
0.8274349
0.8492914
0.8642545
0.8926138
0.8869231
0.8478605
0.8739181
0.8878688
0.8800456
0.8887891
0.8884136
0.8873065
0.8893007
0.8810057
0.8525606
0.8585036
0.8633124
0.8588978
0.8638844
0.8447911
0.828868
0.8157713
0.8159958
0.8273832
0.8056793
0.7999077
0.7979029
0.8008043
0.8280594
0.83157
0.8470659
0.8723294
0.8636968
0.8485939
0.8722023
0.8658372
0.8423116
0.8598777
0.8634564
0.8526958
0.853358
0.875898
0.88995
0.851678
0.8286721
0.856276
0.863881
0.8921797
0.8932951
0.8561955
0.8528805
0.8456278
0.8501021
0.856356
0.8509555
0.8390458
0.8381117
0.8489765
0.8644186
0.8701624
0.848347
0.8551667
0.8757754
0.8660835
0.8828509
0.8846327
0.841736
0.8757982
0.8971778
0.8714726
0.902814
0.9114606
0.8934506
0.8834879
0.8724614
0.8526632
0.8220727
0.8179897
0.826251
0.8289177
0.8431329
0.8511636
0.8450462
0.8577288
0.8503816
0.8245572
0.8230736
0.8212607
0.8216359
0.8113411
0.799521
0.817794
0.8425785
0.870366
0.874156
0.8627139
0.8614956
0.8491166
0.8574587
0.8827559
0.8688955
0.8420861
0.8506687
0.8629689
0.8619918
0.8543431
0.8664026
0.8911961
0.89387
0.9094237
0.9096661
0.8812148
0.888698
0.9064761
0.9142988
0.910723
0.8904975
0.863575
0.8318449
0.8321133
0.8551311
0.8844571
0.8732435
0.8227499
0.8277536
0.8584559
0.874821
0.8875145
0.8733104
0.8577182
0.8791633
0.9032321
0.9173185
0.9188
0.9055233
0.8921423
0.8546461
0.8232047
0.8266249
0.8227783
0.8243953
0.8331887
0.8321939
0.8426303
0.8569561
0.8602979
0.8623074
0.8763585
0.8932784
0.8910647
0.8796174
0.8609368
0.8581912
0.8850069
0.8949928
0.8806212
0.8492363
0.8322814
0.843137
0.8444357
0.84714
0.8680611
0.8725083
0.8642915
0.8638365
0.8682036
0.8488273
0.8449415
0.8225202
0.8391398
0.8906885
0.8403257
0.8374772
0.8537373
0.8376312
0.8500072
0.8701772
0.8593679
0.8312609
0.8388823
0.8414399
0.8397941
0.8379511
0.8206744
0.8328048
0.8648149
0.901007
0.9248694
0.9258371
0.9297693
0.9190807
0.9136213
0.8986751
0.8795917
0.9059376
0.9213822
0.9015765
0.9004352
0.8984657
0.8809971
0.8747218
0.8931694
0.9164496
0.933247
0.9254611
0.9010787
0.9098853
0.925913
0.9233232
0.9114617
0.9042436
0.8802837
0.851701
0.8669407
0.8802095
0.8690626
0.8822324
0.8731203
0.8466998
0.8596351
0.894327
0.9040778
0.8777036
0.887314
0.8865758
0.8530755
0.8315358
0.8210162
0.8316667
0.8359815
0.8224906
0.8224583
0.8550356
0.8662111
0.8778371
0.8750921
0.8342987
0.827684
0.8429317
0.8483366
0.8499231
0.8898286
0.8951073
0.8574208
0.8536294
0.8582034
0.8853463
0.8852256
0.8437295
0.8220171
0.8368622
0.8412343
0.8375351
0.8356859
0.8112602
0.847888
0.869597
0.848387
0.8321546
0.8107587
0.8217468
0.8461655
0.8530734
0.8440004
0.850578
0.8590429
0.8460734
0.8551364
0.8579992
0.818634
0.7992587
0.8045675
0.7998175
0.7870544
0.7818123
0.7704397
0.765952
0.7924871
0.7869847
0.753076
0.7472843
0.7402212
0.7411132
0.7549154
0.767978
0.7844932
0.7898585
0.7611976
0.732771
0.7333194
0.7033706
0.7120136
0.7430517
0.7047312
0.694541
0.7076461
0.6988552
0.7063644
0.7088898
0.7018457
0.6910195
0.6778701
0.6675378
0.6793971
0.7395722
0.7677087
0.7089001
0.6859816
0.7280932
0.7101379
0.7028997
0.7325831
0.7084643
0.689371
0.7129355
0.7019519
0.6516764
0.642891
0.6558356
0.6516269
0.6479687
0.6522768
0.651993
0.6495044
0.6514682
0.647984
0.6468075
0.6409018
0.6365533
0.6420287
0.6361955
0.6395505
0.6460339
0.6490116
0.6552915
0.6468513
0.6446663
0.6462098
0.6345167
0.6316931
0.634714
0.6289516
0.6301139
0.6318848
0.6218725
0.6292009
0.6378668
0.6348299
0.6370258
0.6346342
0.6428229
0.6395053
0.6328098
0.634791
0.6298805
0.6266224
0.623935
0.6338367
0.6243442
0.6110764
0.6153554
0.6091007
0.6057499
0.6046358
0.5984424
0.5980969
0.5973181
0.5962348
0.5907475
0.5841535
0.5902895
0.5928948
0.5870264
0.5911023
0.5913666
0.5989357
0.5799595
0.5678726
0.6122571
0.6040622
0.5810546
0.6074246
0.6293983
0.5706387
0.5593343
0.6247973
0.6084324
0.5923699
0.601486
0.5950122
0.5884839
0.5853818
0.5872805
0.5923969
0.5968564
0.596368
0.5998241
0.5995948
0.6000596
0.6002579
0.5993028
0.6003476
0.5998379
0.6011711
0.6017391
0.6023559
0.6036172
0.6054724
0.5996248
0.5954552
0.593722
0.590996
0.5916421
0.5860626
0.5857933
0.5864485
0.581744
0.5826565
0.581751
0.5763689
0.5805173
0.5868243
0.5849728
0.5888332
0.5923216
0.5876636
0.5912183
0.5937968
0.5861037
0.583537
0.586395
0.5830144
0.5762153
0.5762795
0.5739757
0.5706626
0.5755667
0.5723464
0.5709311
0.5765321
0.5752813
0.5738904
0.5763436
0.5671978
0.5213904
0.5163225
0.567055
0.575502
0.5685105
0.5692983
0.5631619
0.5641276
0.5611684
0.5608101
0.5590649
0.5659737
0.5506395
0.5324454
0.5614528
0.5616023
0.5568222
0.5673717
0.5661965
0.5697326
0.5722285
0.5692304
0.56632
0.5642147
0.5633854
0.5664228
0.5664514
0.5655793
0.5665886
0.5649656
0.5623784
0.5648071
0.5647443
0.5613529
0.5630915
0.5633029
0.5588057
0.5630038
0.5615948
0.5541716
0.5560432
0.5577216
0.557291
0.554441
0.5552089
0.5561606
0.5519219
0.5592128
0.5543717
0.5433961
0.5563637
0.5554063
0.5503958
0.5525595
0.5600473
0.5494349
0.5391135
0.5629436
0.5579572
0.5498083
0.5548152
0.5505862
0.5459717
0.545956
0.5450191
0.5406427
0.5468084
0.5471227
0.5424162
0.5436747
0.54527
0.5445398
0.5436317
0.5466069
0.543514
0.5381225
0.5411274
0.5424445
0.5406556
0.5381707
0.5382765
0.5371458
0.5342451
0.5380746
0.5393345
0.5357444
0.5344153
0.5345829
0.5332617
0.5330061
0.5371952
0.5371572
0.5341801
0.5359876
0.5400865
0.5393265
0.5371065
0.5422365
0.5429547
0.5382853
0.533458
0.5288186
0.5305806
0.5386902
0.5414769
0.5421307
0.54779
0.5476801
0.5456466
0.5440754
0.544403
0.5451643
0.5440727
0.547128
0.5462566
0.5487096
0.5513431
0.5513241
0.5554459
0.5475113
0.5417623
0.5415486
0.5344095
0.5444458
0.533482
0.5192447
0.5441623
0.5392851
0.5264246
0.5317898
0.5347409
0.5354967
0.5351493
0.5363703
0.5348173
0.5363175
0.5408699
0.541532
0.5386968
0.5428076
0.5421886
0.5384901
0.539308
0.5353944
0.5353071
0.5405545
0.5388499
0.5355806
0.5364231
0.5309013
0.5347652
0.5296169
0.5228278
0.5402876
0.5408088
0.5354768
0.5336026
0.5346236
0.5384459
0.5369199
0.5368701
0.5306929
0.527007
0.5299979
0.529644
0.5264099
0.5280508
0.5249925
0.5163777
0.5194902
0.5248826
0.5240918
0.5217724
0.523825
0.5266602
0.5209527
0.5221649
0.5271118
0.5248505
0.5299659
0.5341157
0.5276857
0.5226612
0.5247419
0.5257407
0.5156007
0.5195448
0.5333509
0.5243451
0.519386
0.5249989
0.5205544
0.5214567
0.5270247
0.529128
0.5328948
0.533778
0.531182
0.5266541
0.5303812
0.5335214
0.5287396
0.5284764
0.5272007
0.5250275
0.5238494
0.526699
0.5275407
0.5226102
0.5283672
0.5280099
0.518664
0.519765
0.5241531
0.5200303
0.5191261
0.5232481
0.5184344
0.5172683
0.5204926
0.5237501
0.5247711
0.5256977
0.52015
0.5150495
0.5153179
0.5141648
0.5189831
0.519405
0.5191338
0.5216184
0.5179833
0.5144229
0.5179155
0.5195498
0.5209612
0.523664
0.5233973
0.52359
0.5200262
0.5174633
0.5173006
0.5169116
0.5202721
0.5212977
0.5198739
0.519014
0.5180914
0.515642
0.5159117
0.5199305
0.5209061
0.5167114
0.5138072
0.5207094
0.5244391
0.5239691
0.5258734
0.5272258
0.5275684
0.526487
0.5243456
0.5240128
0.526977
0.525572
0.5204909
0.5210406
0.5178891
0.5104305
0.5120615
0.5156535
0.5196771
0.5184366
0.5141256
0.5126071
0.5083736
0.5047053
0.5101811
0.5137289
0.5128989
0.5169931
0.5267083
0.5357318
0.5257428
0.514892
0.5129016
0.5124693
0.5144103
0.5156344
0.5140213
0.5156669
0.516566
0.5115798
0.514063
0.5196186
0.5168176
0.5181864
0.529902
0.5319936
0.5285236
0.5294202
0.5273196
0.5237898
0.5267903
0.5229024
0.5138608
0.5188582
0.5188996
0.5137998
0.5174215
0.5225122
0.52084
0.5165292
0.5187961
0.5175028
0.5128429
0.5167118
0.5196334
0.5186042
0.520463
0.5224872
0.5212145
0.5189824
0.520183
0.516093
0.5138231
0.5190524
0.5195751
0.5164078
0.5147709
0.5186307
0.5151977
0.5086445
0.5115074
0.5143371
0.512305
0.5111448
0.5193992
0.5225142
0.5210937
0.5248445
0.5259367
0.5206038
0.521515
0.5335396
0.5364429
0.5384835
0.5405979
0.5310941
0.5278777
0.5352706
0.5325091
0.5241167
0.5263828
0.528055
0.526127
0.526985
0.5290281
0.5242374
0.5228573
0.5243516
0.5175653
0.5116049
0.5096475
0.5115027
0.514464
0.5220585
0.5271554
0.5248492
0.5243354
0.5245578
0.5222858
0.5209718
0.5197839
0.5206804
0.5252422
0.5287207
0.530094
0.5310468
0.5317902
0.5312357
0.5318631
0.5308666
0.5271125
0.5228553
0.5237174
0.5269614
0.5281419
0.5275698
0.5266856
0.5272074
0.5245657
0.5227483
0.5220565
0.521112
0.5241387
0.525427
0.5225696
0.5249911
0.5240983
0.5171757
0.5195297
0.5183969
0.5121351
0.5142135
0.5164552
0.5155431
0.5099661
0.5090128
0.5113563
0.5076342
0.502194
0.5003584
0.5069822
0.5114495
0.5139067
0.5167813
0.5206341
0.5227692
0.5237003
0.5270896
0.526724
0.5242385
0.5296305
0.5333207
0.5255143
0.5277063
0.5289758
0.5247634
0.5271993
0.5276258
0.5218994
0.5166228
0.5197412
0.5206629
0.5186201
0.5205124
0.5245854
0.5271585
0.5256688
0.5256604
0.5271707
0.5234453
0.5222004
0.5267673
0.5279026
0.5261194
0.5271564
0.527494
0.5211502
0.5208429
0.5212383
0.518332
0.5217671
0.5240076
0.525096
0.525755
0.5275096
0.5258671
0.524819
0.5245804
0.5217462
0.5245191
0.5294425
0.5290327
0.5284765
0.5336155
0.5315298
0.5281928
0.5329379
0.5334887
0.530736
0.5347541
0.5331637
0.5263691
0.5302222
0.5319635
0.5293958
0.5306481
0.5278839
0.5222848
0.5221203
0.5202998
0.5171385
0.520066
0.5204622
0.5187913
0.5191718
0.5199021
0.5188343
0.5151536
0.5141402
0.51809
0.5194013
0.5178
0.5204473
0.5199761
0.5162576
0.5180953
0.5195067
0.5186519
0.5227078
0.5247163
0.5246395
0.5306471
0.5337608
0.5345901
0.5361344
0.5359596
0.5314934
0.5259387
0.5284844
0.5277458
0.5259079
0.528954
0.5266156
0.521524
0.5241512
0.5261022
0.524242
0.5335979
0.542516
0.5468904
0.552873
0.5527153
0.5515946
0.5578769
0.5613555
0.5587721
0.5616801
0.5649007
0.5618572
0.5538622
0.5509557
0.5527196
0.5579737
0.5689357
0.5801852
0.5917244
0.5944339
0.592967
0.597238
0.6037989
0.6067871
0.6073733
0.6085261
0.6084441
0.6108482
0.6139313
0.6117316
0.6084962
0.6131041
0.6172466
0.6169323
0.6180388
0.6178537
0.6172048
0.6234662
0.6309969
0.6251252
0.6198117
0.6242847
0.6274846
0.6240452
0.6204037
0.6250191
0.6306672
0.6322135
0.6294508
0.62579
0.6264224
0.6285198
0.6282925
0.6301112
0.6403769
0.6456029
0.6414243
0.6409382
0.6463185
0.6502743
0.6462951
0.6432322
0.645839
0.6480477
0.6455709
0.6472492
0.6589934
0.666295
0.6655691
0.6645342
0.6700545
0.6708589
0.6667042
0.6694625
0.6746245
0.6792296
0.6816898
0.675475
0.6637819
0.6608903
0.6517809
0.6470053
0.6533863
0.6546856
0.6652171
0.6736596
0.6657359
0.6556391
0.6516283
0.6414535
0.641549
0.6526058
0.6542453
0.6659683
0.6856594
0.6956933
0.6936823
0.7065084
0.7260051
0.7197643
0.7123417
0.7279879
0.7246817
0.7093825
0.7270317
0.7534834
0.7598848
0.750031
0.7534551
0.7593161
0.7402847
0.7524031
0.7750172
0.7470182
0.7458322
0.7416257
0.7274845
0.7548668
0.7522535
0.7521836
0.7866884
0.7970692
0.7847799
0.7656488
0.7637409
0.7764082
0.7671254
0.7539278
0.767886
0.7722918
0.7608583
0.7768915
0.7766396
0.7455766
0.7387679
0.7318793
0.7154683
0.7226778
0.7324462
0.7413371
0.768845
0.8071083
0.8102281
0.7955573
0.8007549
0.8059305
0.7901741
0.7557504
0.7425674
0.7469714
0.7626837
0.7675123
0.7443351
0.74202
0.7474418
0.7430617
0.7484681
0.7562534
0.7796761
0.7788325
0.7742658
0.7852809
0.7866125
0.8130718
0.8106581
0.8075373
0.813194
0.7933863
0.7763231
0.7723494
0.7880558
0.7833881
0.7579782
0.7505544
0.730589
0.7303503
0.748808
0.7236796
0.7392536
0.7861164
0.7899733
0.774943
0.7836464
0.786105
0.7646154
0.7705606
0.7773528
0.772505
0.768753
0.7616335
0.7438546
0.7289621
0.7500163
0.7743517
0.7971142
0.8182479
0.8147943
0.8066705
0.8123186
0.8109516
0.7952666
0.7806255
0.7698954
0.7708135
0.7781558
0.7780932
0.7787319
0.7760975
0.7629648
0.7555797
0.7567825
0.7310072
0.7443308
0.7854836
0.7343925
0.7119727
0.7332782
0.7287428
0.7287118
0.7333238
0.7376057
0.7335885
0.7347655
0.7481714
0.7529845
0.7433326
0.7444917
0.7546321
0.7619456
0.7605581
0.7712092
0.7887509
0.7816917
0.7726571
0.7886347
0.7917115
0.7725997
0.7664584
0.7705654
0.7654356
0.7594757
0.7703949
0.7795481
0.7750699
0.7736332
0.7704827
0.7562292
0.7521311
0.757509
0.7650827
0.782349
0.7902284
0.7937322
0.81185
0.809396
0.7962267
0.7909877
0.7779774
0.7751305
0.7839983
0.7783392
0.7689271
0.7665493
0.7449444
0.7381225
0.7654118
0.7863873
0.7843881
0.7772992
0.7722263
0.7739676
0.7691456
0.7469019
0.7351592
0.7361209
0.7376599
0.7519002
0.7643508
0.755108
0.7655069
0.7702848
0.7570184
0.7738565
0.7857462
0.7797644
0.7837805
0.7943684
0.8033088
0.7929797
0.7805054
0.7903677
0.7929955
0.7900533
0.7835187
0.7735463
0.7756651
0.7759275
0.7832223
0.792877
0.7896654
0.78236
0.786861
0.7808032
0.7700353
0.7781162
0.7901497
0.7880974
0.7688391
0.765953
0.757687
0.7452305
0.7529857
0.764159
0.7667951
0.7614033
0.7620341
0.7669845
0.767532
0.7668183
0.7579728
0.7425406
0.7414612
0.7394372
0.7466383
0.7666374
0.78155
0.791767
0.7951999
0.7932667
0.7789604
0.762595
0.7525128
0.734547
0.718607
0.7200769
0.7200847
0.7275398
0.7359348
0.7390312
0.7632308
0.7752179
0.7817584
0.8016777
0.8006776
0.7888209
0.7822373
0.7790646
0.7756029
0.7694449
0.7635334
0.7541184
0.7475279
0.7475209
0.7451845
0.739787
0.7375782
0.7406098
0.7375602
0.7286513
0.7213019
0.7204286
0.7165205
0.7125208
0.7218446
0.7318635
0.7369027
0.7423769
0.7506376
0.7437486
0.7413381
0.753068
0.7622577
0.7680588
0.7724788
0.792646
0.8099242
0.8130069
0.8104684
0.7946547
0.769205
0.7562551
0.758935
0.7619056
0.7641803
0.7667667
0.7692785
0.7705449
0.7704925
0.7671195
0.75874
0.740343
0.7315925
0.7447891
0.7466306
0.7501242
0.7541804
0.7551937
0.7430423
0.7474721
0.7512076
0.7400784
0.8116348
0.8098697
0.7280882
0.726359
0.7386767
0.7379058
0.7386742
0.7375455
0.7395675
0.7491139
0.7603869
0.7688115
0.7870234
0.8096029
0.820542
0.8234671
0.8097689
0.7937501
0.7922652
0.7895943
0.7920919
0.7852342
0.7818012
0.7937917
0.8033596
0.8124373
0.8083789
0.8249866
0.8260017
0.7968185
0.822105
0.8536263
0.8409794
0.8205985
0.8299642
0.8383721
0.8171652
0.8276426
0.8363643
0.7802195
0.784881
0.8316804
0.8210862
0.8179326
0.8195524
0.8198197
0.814185
0.8088409
0.8332771
0.8419396
0.8262756
0.835094
0.8457281
0.8307453
0.8258458
0.8305802
0.8248936
0.8386895
0.8549922
0.8121178
0.8082612
0.8531257
0.8407343
0.8082884
0.7700805
0.7661716
0.8002475
0.7898451
0.7638475
0.7719446
0.7858795
0.8238319
0.8524738
0.8465739
0.8615862
0.8594425
0.8419035
0.8337404
0.8222661
0.817428
0.8095578
0.7902487
0.7921879
0.8011129
0.8050609
0.8087367
0.809118
0.8100897
0.801716
0.8013206
0.7793669
0.7770151
0.817463
0.8151069
0.7905929
0.7800676
0.7899235
0.81242
0.8274482
0.836
0.8266633
0.8132422
0.8155084
0.8244452
0.8246829
0.8419913
