0.6865443
0.686365
0.6856713
0.6808573
0.6811535
0.6852353
0.6826747
0.6770969
0.6867383
0.6930778
0.6856528
0.6820165
0.6805424
0.6855868
0.6880069
0.6915142
0.7016662
0.6987766
0.6991221
0.7000395
0.7052524
0.7071005
0.7006729
0.7046525
0.7057141
0.702464
0.6982567
0.6996095
0.7004726
0.6892231
0.6815745
0.6915445
0.7013155
0.6917869
0.6955096
0.7103698
0.7068058
0.7052283
0.6992758
0.6876179
0.6882808
0.680961
0.6777194
0.684677
0.6919611
0.7005372
0.7000026
0.7005743
0.7030498
0.7019486
0.7055494
0.7133648
0.7138855
0.7070555
0.6988593
0.6946464
0.697605
0.700094
0.7021626
0.706858
0.7099522
0.7087879
0.7085721
0.7013257
0.6903868
0.6900166
0.6918083
0.6989295
0.7108382
0.7212344
0.7272282
0.7210211
0.7147196
0.7174982
0.7202847
0.7229159
0.7169789
0.7089003
0.6979136
0.6940216
0.700435
0.6854577
0.6833077
0.688726
0.6853074
0.7085942
0.7202328
0.6990444
0.6862966
0.6834028
0.6842979
0.6883329
0.6897612
0.6900215
0.6946578
0.7019424
0.6983041
0.6944237
0.6964746
0.696403
0.6956471
0.7009415
0.7064974
0.7042386
0.7031488
0.7058656
0.7080654
0.7055006
0.7029331
0.7029009
0.7021939
0.705092
0.7053427
0.7062969
0.7115136
0.7144335
0.7176507
0.7168397
0.7178636
0.7206156
0.7194965
0.717275
0.7149417
0.7162232
0.7153884
0.7094625
0.7059404
0.7082749
0.7082619
0.7048416
0.7077198
0.711851
0.7077042
0.7071163
0.7104805
0.7150499
0.719396
0.720853
0.7229673
0.7229917
0.7297613
0.7342442
0.7298088
0.7295826
0.731223
0.730748
0.729164
0.7223746
0.7172642
0.7176806
0.7139353
0.7104793
0.712706
0.7117754
0.7096133
0.7114168
0.7091203
0.7085218
0.7100618
0.7079712
0.7104814
0.7119567
0.7158617
0.7215032
0.7204223
0.719689
0.7181104
0.7216282
0.7234546
0.7243659
0.730349
0.7269451
0.7237867
0.7249364
0.7252526
0.7266752
0.7273142
0.7310202
0.7335179
0.7336994
0.7352251
0.7368621
0.7346436
0.7317829
0.7343653
0.7364322
0.7343303
0.7318693
0.734465
0.7360993
0.7361716
0.7377126
0.7394208
0.7426012
0.7397389
0.7335722
0.7326727
0.7310008
0.7282073
0.7267228
0.7264779
0.7263318
0.7247019
0.7255233
0.7240045
0.7224656
0.7177265
0.7086205
0.70792
0.7098133
0.7091873
0.7133137
0.7238633
0.727198
0.7285292
0.7286117
0.7248406
0.7273727
0.723766
0.7167336
0.7153647
0.7168369
0.7168024
0.7154156
0.7155244
0.7177602
0.7165962
0.7094117
0.7126843
0.7207229
0.7210566
0.7211373
0.7239581
0.7258481
0.7239451
0.7222875
0.7238162
0.7272849
0.7328336
0.7335362
0.7351949
0.7371
0.7419119
0.7459997
0.7478528
0.7470101
0.7407919
0.7483223
0.754671
0.7557827
0.753394
0.7492433
0.7473586
0.7494604
0.7517393
0.7451218
0.7424317
0.740047
0.7363341
0.7378352
0.7411912
0.742574
0.7380357
0.7333377
0.7349557
0.7322998
0.7260672
0.7273603
0.7303962
0.7271882
0.7242567
0.7291216
0.7312068
0.7278952
0.7261704
0.7326279
0.7362775
0.7297419
0.7310687
0.7376783
0.7367822
0.7323879
0.735203
0.7382282
0.7346426
0.7326553
0.7299735
0.7262922
0.7246582
0.7234347
0.7213853
0.719849
0.7223422
0.7255412
0.727438
0.7273761
0.7278684
0.7289493
0.7291389
0.7287073
0.7239945
0.7248965
0.7284975
0.7265195
0.7244543
0.7248296
0.7259669
0.723898
0.7245212
0.7306397
0.7338973
0.7309059
0.7372795
0.740167
0.7344814
0.7344691
0.7334769
0.732588
0.7290694
0.7285945
0.7299331
0.7270988
0.7260588
0.72811
0.7296694
0.7293533
0.7285752
0.7285788
0.7304662
0.7291508
0.727161
0.7266872
0.7242582
0.7206745
0.7163105
0.7195023
0.7215659
0.7199808
0.7195996
0.721009
0.7257323
0.7204724
0.7164539
0.7159957
0.7144388
0.7198638
0.7180716
0.710369
0.7110784
0.7114371
0.7143132
0.7180248
0.7182715
0.7217762
0.7262818
0.727291
0.7214085
0.7192893
0.7225846
0.7165573
0.7091557
0.708884
0.7057769
0.7070216
0.7081696
0.7007328
0.7000811
0.7001847
0.6961082
0.694902
0.6986063
0.7018353
0.6979746
0.6975816
0.6990598
0.6991525
0.6974451
0.6982192
0.700249
0.6978111
0.699572
0.7032468
0.7046997
0.7063775
0.7074851
0.7075414
0.7085307
0.7071467
0.7062247
0.7042979
0.6999209
0.703724
0.7087615
0.7126295
0.7159184
0.7162183
0.7155421
0.7079695
0.7027695
0.7041907
0.7069953
0.7064669
0.7094407
0.7137978
0.708997
0.710918
0.718796
0.7197601
0.7229151
0.7175056
0.7044923
0.7016305
0.7128975
0.7165097
0.6900019
0.6843781
0.6994241
0.7058653
0.7062007
0.7056386
0.7066928
0.7001766
0.7006968
0.7036909
0.7035951
0.70531
0.7034025
0.7008131
0.7001777
0.7032198
0.7052789
0.7060907
0.7076149
0.7075073
0.7096032
0.7123557
0.7123995
0.7095386
0.707623
0.7085114
0.7071127
0.7040919
0.7062503
0.7061712
0.7075624
0.7097925
0.7095965
0.707851
0.7034178
0.7027063
0.7033082
0.7025318
0.7004951
0.6995983
0.6971439
0.695164
0.6991589
0.7035612
0.7065717
0.7103795
0.7091359
0.7139926
0.7155282
0.7169377
0.7152717
0.7004929
0.6900493
0.6987436
0.7080429
0.6921573
0.701189
0.7194043
0.7078698
0.6952836
0.71282
0.7038125
0.6728748
0.6850681
0.6812946
0.6723793
0.6787028
0.6721025
0.6739036
0.6717384
0.6661248
0.6844976
0.6773261
0.6720539
0.6980923
0.692146
0.6761091
0.6743039
0.6799279
0.682447
0.6793399
0.6784856
0.6755895
0.6694149
0.6669774
0.6632682
0.6640793
0.6603186
0.6613803
0.6789873
0.683864
0.6864052
0.691371
0.6834973
0.6582848
0.6538394
0.6583717
0.6682698
0.6823957
0.6642621
0.6449563
0.6336721
0.6339166
0.6528883
0.6562876
0.6382763
0.6310949
0.6517837
0.6453086
0.6327069
0.6529421
0.6364838
0.6256594
0.6420729
0.6391538
0.6277207
0.6427047
0.6504998
0.6324421
0.6402428
0.6424074
0.6387336
0.6397678
0.6312065
0.6311604
0.6218478
0.6266528
0.6257485
0.61291
0.6225419
0.6085874
0.6004311
0.6026453
0.6019736
0.6058921
0.602467
0.6014256
0.5973628
0.5961497
0.5920311
0.5989538
0.6127257
0.6018782
0.5948638
0.5985208
0.5987308
0.5945547
0.5923702
0.5952384
0.5959224
0.5947173
0.5936585
0.5974811
0.5924439
0.5865394
0.5871668
0.5870483
0.5788876
0.5857639
0.6054416
0.5773176
0.5807615
0.6106879
0.5810385
0.5688065
0.5742103
0.5697294
0.5709308
0.5679694
0.5684988
0.5723876
0.5689529
0.5679649
0.5704879
0.5663568
0.5673383
0.569043
0.5683193
0.5706397
0.5689812
0.5696429
0.5719016
0.5723643
0.5723158
0.5686189
0.5666263
0.568541
0.5691543
0.5646054
0.5640573
0.5677251
0.5659142
0.5656052
0.5737701
0.579609
0.5771341
0.5796496
0.5826142
0.576124
0.5847319
0.5911847
0.5733327
0.5685273
0.5747802
0.5719537
0.5704522
0.5680463
0.5631971
0.5630565
0.5626632
0.560422
0.5596476
0.5593311
0.5564159
0.5538768
0.5552427
0.5544053
0.5539916
0.5547336
0.5521949
0.5510207
0.5564621
0.565427
0.5624199
0.5552988
0.5580217
0.5584114
0.5547251
0.5533862
0.5492022
0.54635
0.5475227
0.5485939
0.5492452
0.5454459
0.5452427
0.5484263
0.5474675
0.5466542
0.5451514
0.5452076
0.5454534
0.5447897
0.5484207
0.5456981
0.5409716
0.5419624
0.5431214
0.5415014
0.5398751
0.5376893
0.535775
0.537103
0.5390884
0.5384423
0.5347
0.5356534
0.5348027
0.5359523
0.5361972
0.5344422
0.5351817
0.5317545
0.5327793
0.533673
0.5304388
0.5297143
0.5336217
0.5336309
0.5297007
0.5304631
0.5280365
0.5288009
0.5293377
0.5272463
0.5307618
0.5286345
0.5281418
0.5281331
0.5286473
0.5296208
0.5289361
0.5330094
0.5303324
0.5295229
0.529729
0.530029
0.5346715
0.534075
0.5309071
0.5303907
0.5314811
0.531538
0.5314249
0.5294116
0.5277936
0.5259805
0.5253726
0.5242165
0.5232103
0.5246177
0.5232627
0.5218509
0.5211059
0.5221234
0.5203529
0.5203582
0.5198795
0.5177035
0.5213256
0.5212556
0.5200426
0.5208753
0.5222658
0.5191135
0.5176896
0.5198898
0.5192287
0.519781
0.5213128
0.5236817
0.5230018
0.5223138
0.5213405
0.5199624
0.5198705
0.5214759
0.5209531
0.517286
0.519048
0.5217133
0.5223067
0.5248827
0.5257473
0.525506
0.5252379
0.5272599
0.5303556
0.5262709
0.5243288
0.5231523
0.5212947
0.5214732
0.5206535
0.5213834
0.5226347
0.5210474
0.5203661
0.5202837
0.5178146
0.5206468
0.5194685
0.5173132
0.5215836
0.5177278
0.5163551
0.5190583
0.5170285
0.5171072
0.5155885
0.5147922
0.5115713
0.5102678
0.513357
0.5137317
0.5141882
0.514921
0.5171251
0.5176518
0.5152636
0.5139325
0.5207294
0.5265004
0.5266794
0.5271741
0.5280082
0.5276875
0.5276462
0.5291871
0.5243011
0.5225406
0.5250706
0.5216948
0.5208021
0.5219126
0.5211779
0.5196476
0.5163393
0.5171039
0.5162858
0.5153076
0.5174259
0.5154033
0.514931
0.5170032
0.519061
0.5219641
0.5205557
0.5177801
0.519342
0.5160203
0.5148438
0.5166019
0.5156682
0.5173365
0.5163821
0.5159551
0.520201
0.5190758
0.5142575
0.5138779
0.5140445
0.5140122
0.5116894
0.5129918
0.5132129
0.5102458
0.5117696
0.5120877
0.5120135
0.5129969
0.5139942
0.5127813
0.5114284
0.5126318
0.5154818
0.5150591
0.513254
0.5159031
0.5167494
0.5153622
0.5157093
0.5162385
0.5145831
0.5114381
0.5130422
0.5099855
0.5069936
0.5096205
0.5117086
0.5128639
0.5112737
0.5129315
0.5126596
0.5116741
0.5110282
0.5102563
0.5094563
0.5099699
0.5083821
0.5073215
0.5092952
0.5099487
0.5097136
0.5085233
0.5105829
0.5111538
0.511037
0.5118729
0.5132773
0.5134416
0.511631
0.5114706
0.5136777
0.5128541
0.511565
0.5133393
0.5135962
0.5111868
0.5112961
0.5123173
0.5108016
0.5124094
0.5155405
0.5173724
0.5164207
0.5135875
0.511481
0.5128135
0.51498
0.5149999
0.5150203
0.5127139
0.508333
0.5080531
0.5064176
0.5073865
0.5088629
0.5064803
0.5075398
0.5106573
0.5130714
0.5151662
0.5187537
0.5200886
0.5199093
0.5201355
0.5219916
0.520531
0.5200497
0.5193462
0.5182126
0.5172463
0.5140605
0.5161943
0.5185772
0.5172608
0.51366
0.5115797
0.511379
0.5117194
0.5088426
0.5077878
0.5099181
0.5101787
0.5107583
0.5101828
0.5099078
0.5122813
0.5133969
0.5127375
0.5143701
0.5165836
0.5161872
0.5160717
0.5167536
0.5163015
0.5178553
0.5178202
0.5152352
0.5127165
0.5125837
0.5120765
0.5112271
0.5127162
0.5132384
0.5138125
0.5141071
0.5139228
0.5152019
0.5155781
0.5156049
0.5173985
0.5196459
0.5201227
0.5200507
0.5197519
0.5138543
0.5108443
0.5107667
0.5083783
0.5110063
0.5136061
0.5112593
0.5111071
0.5127121
0.5156047
0.518029
0.5147333
0.5171023
0.5223678
0.5215163
0.5183558
0.5191942
0.5281084
0.5298297
0.5256044
0.5287383
0.5296883
0.5286781
0.5291075
0.5301742
0.5304619
0.5264479
0.5215488
0.5209035
0.5206897
0.5162734
0.5162246
0.5174073
0.5167683
0.5182834
0.5207672
0.5242922
0.5253924
0.5236196
0.524666
0.5249701
0.5220539
0.5211327
0.5196181
0.5209295
0.52032
0.5160432
0.5193994
0.5220874
0.5165582
0.5141228
0.5167284
0.5138404
0.511666
0.5087491
0.5080723
0.5104262
0.509756
0.507941
0.507508
0.5103934
0.5081653
0.5051978
0.5058177
0.5050167
0.504141
0.5037528
0.5033522
0.5036127
0.5022512
0.5020024
0.503979
0.5049315
0.5039542
0.5031817
0.5027147
0.5035237
0.5053448
0.5033878
0.5008145
0.5001887
0.4987189
0.4996243
0.503328
0.5033288
0.5040952
0.506672
0.5062436
0.5058438
0.5039065
0.5035054
0.5041981
0.5017687
0.5014917
0.5012518
0.4987677
0.4984405
0.4961434
0.4954411
0.4961203
0.4951435
0.4968791
0.4958012
0.4944942
0.4943311
0.4949234
0.4980943
0.4986073
0.4986404
0.4991637
0.498955
0.5000657
0.5020007
0.5005785
0.4988053
0.5012569
0.5014415
0.5007698
0.5011277
0.5020325
0.5027919
0.5022458
0.5017184
0.4979782
0.4976896
0.4999071
0.4991859
0.4998694
0.5000189
0.50232
0.502072
0.4992659
0.5019789
0.5036683
0.5012509
0.4999475
0.4999969
0.498942
0.4992644
0.4984044
0.495736
0.4953664
0.4955943
0.4965185
0.4973599
0.4977097
0.4971216
0.4971077
0.4966122
0.496733
0.4969297
0.4974406
0.499335
0.4997311
0.4990936
0.5002736
0.5024661
0.500338
0.5000524
0.5017685
0.5011658
0.4987035
0.4964491
0.5000125
0.5024019
0.5007579
0.5013147
0.5004642
0.4997739
0.4967407
0.4937491
0.4941157
0.4939649
0.493971
0.4952247
0.4999455
0.5015558
0.4995624
0.500644
0.5021996
0.4995085
0.4967795
0.4995088
0.4999627
0.4972293
0.4979427
0.4966764
0.4968572
0.4965585
0.4959982
0.5021541
0.4997946
0.4972357
0.4992128
0.49912
0.4996084
0.4996119
0.5002329
0.4998124
0.5013491
0.5002067
0.499258
0.5027457
0.5028985
0.5012692
0.5040262
0.5066659
0.5052094
0.5039343
0.5051889
0.5055986
0.5044494
0.5024086
0.5007767
0.5023796
0.5045209
0.5020966
0.5003584
0.5014895
0.5026675
0.5019784
0.5013859
0.5046578
0.5027519
0.5030737
0.5053021
0.5039434
0.5028378
0.5013395
0.501677
0.5023409
0.5014801
0.5007081
0.5012414
0.4984591
0.4969778
0.49895
0.4989098
0.4981549
0.4989433
0.4977493
0.4987946
0.5007586
0.5015662
0.5020778
0.5011235
0.501853
0.5021218
0.5029639
0.5039674
0.5039986
0.504036
0.5039124
0.5052986
0.5053494
0.5016015
0.4996358
0.499299
0.4998612
0.4999261
0.4980853
0.4969809
0.4993159
0.49912
0.4972693
0.4998044
0.5009782
0.5000134
0.5001067
0.5041949
0.5062934
0.5037256
0.505739
0.5078017
0.5051612
0.506272
0.5050484
0.5002543
0.5021493
0.5033767
0.5006834
0.5016421
0.5042015
0.5036238
0.5013745
0.5019225
0.503935
0.5017659
0.5006436
0.5033512
0.5056062
0.502914
0.5050784
0.5102462
0.5131949
0.515272
0.5116606
0.5106852
0.5133538
0.5144401
0.5124401
0.514062
0.5154065
0.513815
0.5141689
0.5137674
0.5166421
0.5166452
0.5081727
0.5078722
0.5148515
0.5202588
0.5256267
0.5259559
0.5253643
0.5309698
0.5344743
0.5369756
0.5351138
0.531625
0.5365214
0.5357319
0.5327872
0.5319121
0.5370202
0.545392
0.5385943
0.5302569
0.5353051
0.5378709
0.5432502
0.5463926
0.538835
0.5409596
0.544383
0.5460937
0.5406772
0.5355862
0.5390539
0.5389265
0.5391279
0.5365212
0.5360556
0.5375773
0.530927
0.5268391
0.5301788
0.5304827
0.5353361
0.5409224
0.5390294
0.5437131
0.5452077
0.5379473
0.539867
0.5479718
0.5528487
0.549458
0.5429011
0.5457308
0.5441743
0.5340121
0.534018
0.5387354
0.5425601
0.5494702
0.5553955
0.55508
0.5499347
0.5495535
0.5589952
0.5472157
0.5490061
0.5655069
0.5499602
0.5542411
0.56784
0.5759438
0.5695467
0.5613466
0.5727679
0.5735224
0.5740495
0.579736
0.5706876
0.5514935
0.5532815
0.5616369
0.56379
0.5724725
0.579042
0.5798335
0.5791335
0.5800724
0.5795693
0.5821103
0.5841581
0.5799088
0.5838936
0.5905903
0.5924111
0.5946295
0.5996229
0.6040668
0.6037399
0.6045762
0.6106618
0.6171417
0.6173976
0.6147573
0.6165565
0.616985
0.6163626
0.6163546
0.6169968
0.6221255
0.6244569
0.624745
0.6306456
0.6303049
0.6252466
0.6246757
0.6133682
0.6046495
0.6110153
0.6187805
0.6125123
0.6098503
0.6189149
0.6250871
0.6380025
0.6314317
0.6139861
0.6178454
0.622396
0.6207034
0.6259274
0.6314761
0.6259514
0.6228802
0.6281711
0.6304608
0.6273356
0.6271817
0.6329234
0.6334174
0.6298086
0.6259377
0.6279357
0.6302214
0.6225728
0.6179529
0.6280782
0.6367357
0.6298046
0.6304555
0.6413677
0.6394551
0.633271
0.6415273
0.6474255
0.6413586
0.6381601
0.6431898
0.6484887
0.6448939
0.6373014
0.6373052
0.6392981
0.6366036
0.6289735
0.6304061
0.6300225
0.6328923
0.6395978
0.6380397
0.631832
0.6207855
0.6416713
0.6444444
0.6204771
0.6224148
0.6392678
0.653805
0.6468536
0.6338488
0.6449989
0.659508
0.6583289
0.6579151
0.6511729
0.6481297
0.6612771
0.659769
0.6425235
0.6441794
0.6584493
0.6617656
0.6471236
0.6520535
0.6723966
0.659661
0.6450873
0.655838
0.6628411
0.6481942
0.6550396
0.6740064
0.670584
0.6712582
0.6696598
0.6684649
0.6696631
0.6690139
0.6694206
0.6645923
0.6582333
0.651949
0.6626632
0.6659392
0.6515984
0.6614141
0.6760859
0.676957
0.6802564
0.6745828
0.6506502
0.6484064
0.6577614
0.655885
0.657877
0.6581829
0.6476084
0.6499654
0.6636574
0.6583782
0.6571846
0.6563931
0.6683784
0.6711552
0.6520827
0.6529986
0.663983
0.6627449
0.6570573
0.6622936
0.6595085
0.6499771
0.6461383
0.6439171
0.654365
0.6598266
0.6504114
0.6425106
0.6334443
0.6313352
0.6400255
0.6418937
0.6420013
0.6398671
0.6338552
0.6385532
0.6441313
0.641296
0.636019
0.6429554
0.6467371
0.6393961
0.6302837
0.6322009
0.6477541
0.6588168
0.6617546
0.6568457
0.654863
0.6534931
0.6488001
0.6528275
0.6520363
0.6533188
0.6665919
0.6705098
0.6676758
0.6640556
0.6624227
0.6700796
0.6773804
0.6729177
0.6587607
0.6512639
0.6548852
0.6556658
0.6590589
0.6633065
0.6583572
0.6473384
0.6426324
0.6518687
0.6594562
0.6605315
0.65923
0.6535459
0.6498926
0.6545458
0.6466957
0.6435605
0.6449681
0.6304304
0.6396437
0.6460394
0.6378694
0.6422855
0.648779
0.6506706
0.645091
0.6446946
0.6367197
0.6299983
0.6355829
0.6374427
0.6362047
0.6351693
0.6344948
0.6371976
0.6511289
0.6541071
0.6477937
0.6467119
0.6518515
0.6458589
0.6403334
0.6473849
0.6347037
0.6306172
0.645013
0.640344
0.646435
0.6584034
0.6327837
0.6349606
0.6451528
0.6412711
0.6538799
0.6330877
0.6284753
0.6382688
0.6352018
0.6525617
0.6647613
0.6562365
0.6469773
0.6502525
0.6401002
0.6462704
0.6467593
0.6416165
0.6627854
0.6502548
0.6432928
0.6428476
0.6386118
0.6461744
0.6451308
0.6435023
0.6429816
0.6563
0.6569526
0.6688066
0.6762286
0.6625036
0.6711233
0.6702474
0.6604388
0.6486679
0.6484447
0.6528171
0.654822
0.6601304
0.6570795
0.6543085
0.6658526
0.6758394
0.661371
0.6597778
0.65247
0.6452963
0.6736926
0.6787452
0.6621677
0.6667482
0.663345
0.6684612
0.6726329
0.6583217
0.6649324
0.6640191
0.6641384
0.6759371
0.6835449
0.6764174
0.6674232
0.6844872
0.690428
0.6776841
0.6730611
0.6860533
0.6954529
0.6894105
0.6725879
0.6609624
0.6741019
0.6744873
0.6704573
0.6789166
0.6676242
0.6580123
0.6505814
0.6427865
0.6482449
0.644782
0.6411761
0.6602614
0.6748237
0.6778762
0.6725382
0.6547311
0.6616053
0.6743269
0.6624461
0.6615968
0.6826752
0.6725516
0.6650882
0.6715332
0.6577051
0.6697926
0.6839256
0.6793847
0.6798315
0.6832678
0.6910966
0.6906672
0.6850179
0.692705
0.6950032
0.6905788
0.6913921
0.696042
0.6971499
0.6919972
0.6969194
0.7010842
0.7048726
0.6969324
0.6698524
0.6732133
0.6887272
0.6795366
0.6779925
0.6671185
0.6641766
0.6961193
0.7008012
0.6963099
0.6993769
0.6974042
0.6969781
0.694414
0.7000607
0.6998457
0.6869043
0.6822172
0.6899753
0.6799554
0.669017
0.6848354
0.6924456
0.6801744
0.6715954
0.6898678
0.7017956
0.691604
0.6854194
0.6695329
0.6635616
0.6763215
0.6820535
0.6752478
0.6751601
0.6833007
0.6680676
0.6677302
0.6834656
0.670286
0.6558275
0.6589111
0.6713366
0.6632502
0.6685793
0.6839083
0.6655728
0.6606204
0.6707821
0.66962
0.6679213
0.6576303
0.6679991
0.6918122
0.6804069
0.6851901
0.6852804
0.6692258
0.6714019
0.6689704
0.6709527
0.6785476
0.6764864
0.6764727
0.6712995
0.6799384
0.6835712
0.667879
0.6871596
0.7127105
0.7083668
0.6807526
0.672519
0.675034
0.6800187
0.6938244
0.6893295
0.6968784
0.7108427
0.7066447
0.7017996
0.6967326
0.680563
0.6752919
0.6900617
0.6835205
0.6792275
0.6862154
0.6852977
0.7004692
0.7066003
0.7022207
0.7102706
0.7182284
0.7173386
0.7182887
0.7157116
