0.8215726
0.8207657
0.8355409
0.8333625
0.8474514
0.8662298
0.8571477
0.8585854
0.8574052
0.8465868
0.8566229
0.8526929
0.8266576
0.8289864
0.8537366
0.8539499
0.8364988
0.8492401
0.8519634
0.8257815
0.8296456
0.8306224
0.8153993
0.815161
0.8164387
0.8179905
0.8184668
0.8403343
0.8931297
0.9218663
0.9131876
0.8980796
0.8915597
0.8881268
0.8763006
0.8608941
0.8537876
0.8509852
0.8460129
0.8409828
0.8438558
0.8809148
0.8982303
0.8597321
0.8548549
0.8472726
0.8138745
0.8190507
0.8172918
0.8164639
0.8426303
0.8581518
0.8674044
0.8849109
0.8826913
0.8617277
0.8531623
0.8505793
0.8554678
0.8649724
0.8790726
0.8995563
0.9074899
0.9098786
0.9128102
0.9143546
0.9131953
0.9145168
0.9124091
0.8939375
0.8679193
0.8333178
0.827482
0.8474414
0.872135
0.8883987
0.8726925
0.8796042
0.8983483
0.8998823
0.8762279
0.8392559
0.8279723
0.825757
0.8458712
0.8855679
0.9104264
0.93226
0.9339244
0.9057401
0.8876625
0.8878648
0.8797275
0.8571565
0.8383579
0.823549
0.7973406
0.7886155
0.8527732
0.8982391
0.8666867
0.8664285
0.9062852
0.8686959
0.8036848
0.8212388
0.8455512
0.8606904
0.8593256
0.8531506
0.8563643
0.8490044
0.8572773
0.8553658
0.8484642
0.8350145
0.8280999
0.8527046
0.8451616
0.804437
0.8172029
0.8480679
0.8573865
0.8761569
0.8975796
0.8962855
0.9026588
0.875899
0.8194041
0.8248301
0.8366062
0.8445534
0.8690325
0.8743598
0.8624255
0.8620047
0.8749793
0.8891646
0.9048499
0.9144982
0.8682528
0.8544178
0.8922408
0.896155
0.86797
0.8280887
0.8730806
0.9255384
0.9375753
0.9392132
0.9287173
0.9094234
0.8703474
0.8621407
0.8700752
0.8787914
0.9152733
0.9359985
0.88555
0.8667518
0.9255561
0.9524071
0.9409919
0.9363211
0.9290962
0.921441
0.9162856
0.9109709
0.9158486
0.9348197
0.9534791
0.8918386
0.8529863
0.8861817
0.8977152
0.9440873
0.9480458
0.932793
0.9363546
0.8980813
0.8695068
0.8565543
0.8578933
0.8977225
0.9309664
0.9297016
0.9387156
0.9322309
0.9135332
0.9282279
0.9374311
0.9279358
0.9231998
0.9186884
0.9077443
0.8968256
0.8844507
0.8991292
0.9143481
0.8687546
0.8365571
0.856652
0.8939558
0.9023884
0.874425
0.8445609
0.8401392
0.8808863
0.9045284
0.8863359
0.8957688
0.8895574
0.880946
0.9258734
0.9250586
0.8802738
0.8469956
0.8484374
0.8613395
0.8693693
0.8712755
0.851825
0.8488096
0.8511179
0.8618433
0.8866859
0.8972808
0.90662
0.9266029
0.9517158
0.9691553
0.9613034
0.9554488
0.9688299
0.9662013
0.9425478
0.9388051
0.9549406
0.980286
0.9786375
0.9691596
0.9903784
0.9959822
0.9871311
0.9832839
0.9915835
0.9816212
0.977825
0.9960539
0.9983892
1.007928
1.002136
1.011389
0.9943066
0.9652879
0.9708705
0.9486002
0.9795913
0.9844813
0.9771566
0.9769578
0.9411707
0.9247449
0.8781551
0.8521144
0.8725195
0.8917193
0.8942859
0.9101084
0.9500429
0.9584805
0.9435265
0.9530507
0.9522859
0.932354
0.9231373
0.9233688
0.924187
0.9297591
0.948707
0.9712014
0.9927952
1.004125
0.9992443
0.9798551
0.9577599
0.9378565
0.927539
0.9271093
0.9083023
0.9037959
0.9046744
0.8924746
0.9083392
0.9204508
0.9014774
0.8926673
0.9323026
0.9638765
0.9579896
0.9577395
0.976543
0.9705574
0.9229478
0.8945781
0.8803935
0.8767476
0.8943552
0.9036661
0.9099981
0.9196926
0.905047
0.8879552
0.9046048
0.9397923
0.9692005
0.9697613
0.9244322
0.8838784
0.8919438
0.9024965
0.9074746
0.9114483
0.9033549
0.9059726
0.917657
0.9230492
0.9215133
0.9333343
0.9391881
0.952027
0.9233779
0.8952748
0.9302502
0.8959476
0.8781112
0.8765479
0.8714163
0.9180886
0.9274696
0.9190981
0.9259404
0.921869
0.9183835
0.9243632
0.9231285
0.9257914
0.9416856
0.9444514
0.9362542
0.954871
0.9684745
0.9620673
0.9609492
0.9477599
0.9434706
0.9437849
0.9316447
0.9322737
0.9372688
0.9354717
0.9483357
0.9541083
0.9560424
0.9398983
0.9145687
0.9322611
0.925729
0.9226448
0.9323293
0.9114721
0.8795593
0.867506
0.8800227
0.9036182
0.9188588
0.8821832
0.8581047
0.8928139
0.9138211
0.9009695
0.8971987
0.9093098
0.8987927
0.8556762
0.8391492
0.8373786
0.8143409
0.8113147
0.7931277
0.8066521
0.8683616
0.8056991
0.7723146
0.8456052
0.8451418
0.8149755
0.7838009
0.7445725
0.7407969
0.7547001
0.7598821
0.7644732
0.7736563
0.8033831
0.8258065
0.8066101
0.7936296
0.7700072
0.7429985
0.70258
0.6986987
0.7957683
0.7837357
0.7240295
0.7228241
0.6905358
0.679278
0.6746032
0.673939
0.6757836
0.6752418
0.684799
0.6885469
0.6764327
0.643377
0.6321142
0.6326392
0.6314237
0.6361397
0.6346409
0.6347481
0.6371
0.6378868
0.640298
0.6413766
0.6329448
0.62476
0.6243569
0.627948
0.6228275
0.6162425
0.6264616
0.6312622
0.627064
0.6270518
0.6301621
0.6370195
0.6270191
0.6180514
0.6323327
0.6317098
0.6301486
0.635749
0.6312916
0.6277662
0.6275224
0.6182341
0.6213153
0.6229864
0.6079478
0.6155033
0.620808
0.6079648
0.6019872
0.6117194
0.6148803
0.602924
0.5968977
0.6069813
0.6115584
0.6091662
0.6093849
0.6034102
0.6056633
0.6004778
0.5819751
0.573646
0.5836705
0.5895783
0.5806014
0.5868234
0.5927171
0.5875777
0.5765007
0.5788369
0.5930828
0.5901879
0.5786265
0.5810338
0.5911161
0.5772005
0.5780407
0.5921153
0.5833137
0.5820535
0.5839081
0.5805835
0.5813576
0.5771785
0.5811456
0.5989961
0.5956213
0.5849957
0.59675
0.598442
0.5825048
0.5821986
0.5944207
0.6014073
0.6076904
0.6097679
0.6106473
0.6198122
0.6242268
0.6186829
0.6223834
0.6210152
0.6050445
0.6078813
0.6246653
0.6250575
0.6162482
0.6175092
0.6153749
0.5981475
0.599267
0.6193171
0.6256507
0.6145398
0.607723
0.6177974
0.6231876
0.6243847
0.6171532
0.6081186
0.6175601
0.6133163
0.6043038
0.6196474
0.6142073
0.6056042
0.6099516
0.6044532
0.6114626
0.6164033
0.6217765
0.6303853
0.633917
0.6255217
0.6159114
0.6189956
0.6176273
0.6123357
0.6122511
0.6155158
0.6131198
0.6113062
0.6092413
0.6094514
0.6154691
0.6137988
0.6085562
0.6075344
0.6186572
0.6134246
0.6062931
0.6123853
0.599984
0.5977166
0.6112509
0.6102466
0.5991952
0.6085134
0.6188896
0.6073988
0.5997147
0.607841
0.6054981
0.6020456
0.6073333
0.6156024
0.6144691
0.6011755
0.6016315
0.6037354
0.5980782
0.584245
0.5760244
0.5956456
0.621324
0.6220748
0.6090746
0.603567
0.60335
0.6071579
0.6124956
0.6156168
0.6182156
0.6209682
0.6216269
0.6183639
0.630244
0.6287346
0.6161137
0.6286991
0.633686
0.6177166
0.6086048
0.6303293
0.6338107
0.6068337
0.6107872
0.6201644
0.6109178
0.6065109
0.6098815
0.6260805
0.624031
0.6128986
0.6301706
0.6354993
0.6363589
0.6311412
0.6208198
0.6258387
0.6170446
0.604697
0.612711
0.6141911
0.6036362
0.6070067
0.6092293
0.6104265
0.6052442
0.6179763
0.6162798
0.6055057
0.6159488
0.6109683
0.6150737
0.6031969
0.5993837
0.6117431
0.5995366
0.5972286
0.6129047
0.6133544
0.6010388
0.6086743
0.6278287
0.6220345
0.61385
0.6186346
0.6138729
0.6152698
0.6143422
0.6074122
0.6098191
0.6018546
0.6023666
0.6079473
0.6070555
0.6103877
0.608632
0.6118762
0.610084
0.6135065
0.6202542
0.6124487
0.6104627
0.6142337
0.6080154
0.5983742
0.6027121
0.6094556
0.6040992
0.6128335
0.6144862
0.5994302
0.5958667
0.5951355
0.5926804
0.5961267
0.6012425
0.5974477
0.5916508
0.5963599
0.6039317
0.5916844
0.595383
0.6096671
0.595253
0.599832
0.6107524
0.5981833
0.5926208
0.5909903
0.5882851
0.5876589
0.5818499
0.5867745
0.5971796
0.5844207
0.5798426
0.5837946
0.583075
0.58202
0.5887018
0.6000713
0.5965876
0.6061287
0.6072681
0.5971462
0.5930786
0.5964857
0.6044289
0.5959195
0.5922423
0.5919537
0.589636
0.58671
0.5839629
0.5959162
0.600418
0.5963422
0.6019164
0.5955661
0.5967464
0.6091231
0.6030608
0.6000807
0.5956216
0.5962089
0.6014523
0.5946108
0.5973362
0.592968
0.5865069
0.585605
0.5842334
0.5874082
0.5842854
0.5854765
0.596835
0.5910428
0.5817051
0.5882208
0.5814508
0.5816091
0.5857517
0.5865327
0.601702
0.5991974
0.5935739
0.6055085
0.6084608
0.598172
0.6016484
0.6044611
0.6007396
0.604891
0.6017038
0.6110217
0.6191245
0.608782
0.6027686
0.6134426
0.612075
0.5891294
0.5957921
0.6123289
0.597208
0.5912193
0.6054925
0.5996746
0.5908397
0.6028462
0.6121864
0.6016864
0.597061
0.6022252
0.5929659
0.5995115
0.5992974
0.5843368
0.5779322
0.5841292
0.5919845
0.5753124
0.5673055
0.579175
0.5891439
0.5749906
0.5742958
0.597993
0.5982428
0.5851084
0.5916139
0.6032002
0.5971207
0.5804392
0.5841543
0.5916515
0.5884089
0.5878098
0.5880613
0.5936288
0.5874399
0.6016444
0.6084949
0.5885353
0.5963687
0.6170878
0.6217619
0.6196746
0.6291049
0.6134694
0.5957347
0.6037833
0.5937946
0.5847246
0.5947748
0.6013599
0.5884468
0.5791256
0.5882492
0.5962584
0.5785153
0.5853005
0.5974501
0.5908163
0.5961843
0.5884297
0.5932878
0.5800883
0.5743203
0.5950709
0.5953799
0.6029342
0.5973663
0.5879242
0.5978276
0.5861412
0.5872396
0.605155
0.6044888
0.5994006
0.6048192
0.5998661
0.5899218
0.602688
0.6101412
0.5979562
0.585967
0.597604
0.6031856
0.604583
0.5966649
0.575711
0.5784103
0.5725666
0.5753694
0.5854644
0.5700038
0.5645885
0.5777839
0.5941817
0.5985865
0.6014864
0.5921488
0.5787917
0.5909629
0.5887655
0.5686102
0.5759129
0.5869593
0.573591
0.5732321
0.5707171
0.5750574
0.581377
0.5748303
0.5757508
0.5710776
0.586182
0.5803478
0.5662499
0.5868114
0.5847375
0.5670669
0.5692216
0.5860376
0.5870328
0.5677565
0.5741657
0.5865419
0.57637
0.5712517
0.5773062
0.5831094
0.575007
0.5679914
0.5744306
0.5890063
0.5946095
0.5907788
0.5935276
0.5894447
0.5755467
0.5815645
0.5984743
0.5964926
0.5833638
0.5887328
0.6154215
0.6279268
0.6251069
0.6262811
0.6317884
0.6371239
0.6441413
0.6561169
0.6608616
0.653927
0.649555
0.6482912
0.6468432
0.6472146
0.6555707
0.6647287
0.6661556
0.6747128
0.6834364
0.679028
0.6756125
0.6806383
0.6872818
0.6971372
0.7052609
0.7032734
0.7011811
0.704987
0.7010247
0.6924798
0.7007958
0.7156152
0.7276834
0.7355773
0.7308271
0.7234961
0.728481
0.7346688
0.7322753
0.7331227
0.7255951
0.7277044
0.746788
0.748931
0.7446742
0.7586448
0.7686137
0.7601855
0.7688162
0.782741
0.7743455
0.762169
0.7693615
0.7771735
0.7685572
0.7697475
0.8000179
0.8145559
0.7807686
0.7591965
0.752398
0.7326392
0.720084
0.7283956
0.7684789
0.8008303
0.813816
0.8477491
0.8604435
0.8398496
0.8366989
0.8550193
0.8441844
0.7967477
0.7918066
0.807855
0.8044271
0.8337481
0.8776121
0.8829617
0.8817744
0.8883042
0.8878834
0.8935742
0.8978151
0.8794042
0.8547136
0.8581366
0.8609487
0.853928
0.8874785
0.9144169
0.8970056
0.8985759
0.8975707
0.8526459
0.8081866
0.8020239
0.7935181
0.7860493
0.8029568
0.8234116
0.8565602
0.8793774
0.8803823
0.89533
0.9076838
0.8845565
0.8634125
0.8594302
0.8490518
0.8429139
0.8472234
0.8516519
0.882234
0.9128877
0.9093845
0.8996896
0.8925009
0.8808361
0.8598421
0.8719773
0.8987484
0.8998119
0.9218413
0.9255738
0.8741925
0.8610815
0.8744388
0.8578828
0.8630935
0.8801845
0.87968
0.8873149
0.9114302
0.9280315
0.9243673
0.9280048
0.9103782
0.87988
0.8879317
0.9119413
0.9194428
0.9137837
0.9191543
0.9160086
0.9083523
0.9270714
0.9342909
0.9223208
0.9391028
0.9442447
0.9125153
0.89637
0.8841601
0.8522276
0.8360478
0.846487
0.8525121
0.8551289
0.8761757
0.8942006
0.8833775
0.8764564
0.888737
0.8675348
0.8260524
0.8257029
0.8602231
0.8982177
0.9050517
0.898238
0.8993042
0.8844756
0.8708742
0.8746058
0.8912805
0.9055827
0.9116889
0.9124782
0.8999485
0.8921211
0.8725717
0.8482296
0.8564018
0.8750755
0.874405
0.862979
0.8829519
0.9064941
0.9009939
0.8999931
0.9057314
0.8947825
0.8780982
0.8866896
0.9033773
0.9071973
0.9000726
0.9183379
0.9239116
0.8851592
0.88259
0.8762642
0.8531043
0.8596648
0.8688423
0.8809611
0.8954899
0.9190081
0.9257196
0.9034982
0.8846389
0.8528601
0.8474218
0.8646938
0.8643285
0.8870909
0.9128009
0.9092145
0.9113772
0.9185613
0.9288253
0.921982
0.8727339
0.8492725
0.8413628
0.817296
0.8153841
0.8475316
0.8728296
0.8854732
0.8971187
0.8791646
0.8660647
0.8649739
0.8595276
0.8573119
0.8671178
0.8954034
0.9129406
0.9173271
0.9303131
0.9418989
0.9438745
0.9531195
0.9383514
0.897415
0.8971079
0.9052625
0.9133613
0.9254346
0.9165577
0.9253113
0.9360268
0.9220256
0.9090279
0.9115579
0.9216552
0.9221142
0.8851675
0.8452358
0.8556792
0.8876818
0.9065729
0.926256
0.9459123
0.9458361
0.9330763
0.9389817
0.9214902
0.8772097
0.8442897
0.8503234
0.8703589
0.840305
0.853404
0.892647
0.9099899
0.9307321
0.9470823
0.9563563
0.9461483
0.9386311
0.9394718
0.9314942
0.9168342
0.9252763
0.9380728
0.9460715
0.9459242
0.9170471
0.9036119
0.8907943
0.856536
0.8601299
0.8944479
0.9088743
0.9216268
0.9494647
0.9539817
0.9328658
0.9056418
0.8844917
0.8846213
0.8897987
0.8858142
0.892723
0.8952804
0.8742231
0.8700565
0.8779355
0.8838669
0.8870395
0.8822092
0.8976859
0.905623
0.8940035
0.903611
0.9205484
0.9048464
0.8719427
0.8773083
0.9003017
0.9062934
0.913209
0.9281342
0.9323969
0.9281764
0.922049
0.8944598
0.8804668
0.8699764
0.8394669
0.8392924
0.8545808
0.8706259
0.8939343
0.9141825
0.9257883
0.9215704
0.930454
0.932835
0.9102391
0.8966362
0.8902505
0.8916889
0.8934007
0.905619
0.9217772
0.9120989
0.8840898
0.8635054
0.8730838
0.9024121
0.9220713
0.9291133
0.9311765
0.92127
0.9313986
0.9341545
0.9149769
0.9171453
0.925372
0.9207546
0.9116444
0.9287212
0.9425727
0.9303844
0.9377198
0.9396002
0.924262
0.9323488
0.9556462
0.9570471
0.9403489
0.9500413
0.959549
0.9509491
0.9526392
0.9559428
0.9438497
0.941373
0.9506445
0.9525615
