0.84
0.823
0.813
0.801
0.821
0.831
0.838
0.828
0.833
0.853
0.861
0.856
0.842
0.858
0.863
0.862
0.862
0.846
0.836
0.854
0.846
0.848
0.849
0.835
0.835
0.841
0.846
0.847
0.838
0.856
0.858
0.841
0.835
0.839
0.858
0.833
0.835
0.845
0.856
0.842
0.832
0.823
0.846
0.8271935
0.8360469
0.809
0.838
0.813
0.823
0.834
0.833
0.829
0.854
0.857
0.854
0.84
0.837
0.828
0.838
0.849
0.851
0.822
0.823
0.812
0.821
0.817
0.837
0.835
0.832
0.843
0.852
0.861
0.839
0.845
0.852
0.855
0.849
0.848
0.862
0.864
0.87
0.858
0.857
0.871
0.882
0.879
0.865
0.864
0.879
0.877
0.875
0.852
0.838
0.832
0.821
0.796
0.796
0.809
0.809
0.812
0.825
0.838
0.845
0.867
0.867
0.849
0.86
0.884
0.875
0.869
0.849
0.862
0.875
0.877
0.867
0.855
0.853
0.87
0.858
0.854
0.839
0.855
0.863
0.866
0.866
0.853
0.847
0.858
0.857
0.862
0.846
0.846
0.845
0.856
0.866
0.866
0.856
0.855
0.862
0.861
0.863
0.854
0.847
0.849
0.849
0.858
0.859
0.865
0.838
0.826
0.828
0.802
0.802
0.818
0.827
0.83
0.832
0.844
0.847
0.841
0.828
0.83
0.84
0.85
0.847
0.842
0.854
0.856
0.855
0.855
0.856
0.872
0.874
0.874
0.86
0.877
0.877
0.885
0.859
0.86
0.864
0.875
0.866
0.858
0.849
0.866
0.854
0.841
0.833
0.859
0.845
0.848
0.834
0.858
0.854
0.842
0.843
0.85
0.851
0.835
0.824
0.818
0.834
0.848
0.847
0.847
0.846
0.854
0.865
0.855
0.836
0.843
0.85
0.82
0.795
0.802
0.802
0.816
0.826
0.823
0.811
0.833
0.851
0.853
0.845
0.836
0.838
0.85
0.85
0.863
0.862
0.869
0.865
0.867
0.857
0.851
0.851
0.856
0.848
0.853
0.864
0.849
0.86
0.866
0.863
0.873
0.873
0.865
0.88
0.88
0.887
0.877
0.855
0.868
0.863
0.869
0.865
0.86
0.853
0.861
0.868
0.856
0.851
0.86
0.86
0.862
0.852
0.854
0.868
0.86
0.852
0.853
0.854
0.866
0.874
0.868
0.862
0.855
0.868
0.871
0.869
0.86
0.848
0.847
0.854
0.854
0.842
0.839
0.853
0.854
0.854
0.838
0.847
0.854
0.843
0.846
0.84
0.852
0.852
0.857
0.843
0.84
0.849
0.855
0.852
0.862
0.837
0.845
0.848
0.851
0.845
0.838
0.844
0.848
0.846
0.855
0.839
0.837
0.841
0.82
0.801
0.789
0.782
0.79
0.788
0.8943435
0.855198
0.818
0.857201
0.797
0.833
0.803
0.783
0.84
0.824
0.795
0.818
0.795
0.813
0.792
0.83
0.865
0.881
0.895
0.867
0.783
0.911
0.8995145
0.892
0.835
0.819
0.869
0.8644413
0.872
0.791
0.858
0.89
0.867
0.802
0.815
0.808
0.856
0.799
0.82
0.87
0.909
0.8124788
0.877
0.861
0.888
0.8257211
0.8315677
0.881
0.886
0.831
0.877
0.89
0.908
0.84
0.85
0.874
0.861
0.877
0.85
0.849
0.859
0.856
0.857
0.847
0.852
0.866
0.865
0.87
0.862
0.851
0.855
0.851
0.832
0.807
0.796
0.795
0.805
0.792
0.776
0.767
0.799
0.784
0.798
0.829
0.828
0.857
0.87
0.865
0.883
0.868
0.882
0.876
0.8351174
0.88
0.8096928
0.8094964
0.872
0.873
0.7979897
0.873
0.864
0.7765666
0.8373087
0.854
0.844
0.846
0.806
0.793
0.791
0.759
0.757
0.729
0.738
0.759
0.735
0.727
0.724
0.72
0.725
0.706
0.708
0.699
0.698
0.7768129
0.7100284
0.763
0.754
0.705
0.73
0.698
0.717
0.704
0.695
0.697
0.69
0.679
0.681
0.7586058
0.728
0.735
0.701
0.672
0.698
0.688
0.683
0.67
0.691
0.685
0.688
0.692
0.677
0.66
0.742
0.735
0.727
0.698
0.71
0.678
0.705
0.707
0.73
0.706
0.717
0.697
0.681
0.728
0.716
0.709
0.714
0.702
0.682
0.73
0.702
0.699
0.702
0.683
0.694
0.696
0.706
0.694
0.684
0.68
0.68
0.669
0.658
0.711
0.724
0.698
0.708
0.705
0.682
0.714
0.713
0.694
0.694
0.704
0.693
0.678
0.685
0.688
0.668
0.674
0.675
0.66
0.651
0.654
0.651
0.659
0.661
0.654
0.646
0.653
0.665
0.655
0.647
0.635
0.629
0.629
0.602
0.646
0.682
0.664
0.639
0.661
0.669
0.647
0.663
0.654
0.657
0.655
0.652
0.658
0.642
0.634
0.619
0.659
0.644
0.647
0.668
0.648
0.642
0.63
0.621
0.655
0.673
0.655
0.639
0.613
0.613
0.618
0.632
0.648
0.638
0.639
0.631
0.641
0.645
0.629
0.619
0.637
0.628
0.646
0.647
0.645
0.643
0.642
0.625
0.656
0.647
0.6228266
0.6067369
0.638
0.66
0.657
0.665
0.646
0.632
0.634
0.655
0.666
0.647
0.649
0.654
0.637
0.637
0.624
0.623
0.629
0.608
0.6
0.631
0.635
0.636
0.63
0.619
0.613
0.627
0.63
0.628
0.628
0.608
0.6212167
0.5997071
0.649
0.636
0.626
0.631
0.627
0.633
0.628
0.636
0.627
0.627
0.632
0.636
0.632
0.619
0.612
0.62
0.6059745
0.6086392
0.594
0.629
0.646
0.623
0.621
0.626
0.627
0.63
0.623
0.628
0.622
0.622
0.626
0.634
0.621
0.622
0.5789764
0.6457302
0.638
0.605
0.61
0.589
0.607
0.631
0.622
0.61
0.589
0.594
0.629
0.617
0.594
0.636
0.624
0.623
0.63
0.63
0.584
0.642
0.644
0.633
0.63
0.633
0.638
0.634
0.627
0.625
0.64
0.633
0.617
0.617
0.604
0.578
0.617
0.668
0.642
0.628
0.622
0.626
0.63
0.624
0.624
0.627
0.634
0.626
0.626
0.626
0.592
0.639
0.628
0.617
0.616
0.623
0.608
0.636
0.645
0.648
0.639
0.636
0.621
0.64
0.631
0.63
0.639
0.643
0.629
0.614
0.616
0.637
0.647
0.642
0.646
0.632
0.611
0.64
0.637
0.628
0.629
0.626
0.628
0.616
0.602
0.607
0.633
0.656
0.629
0.615
0.619
0.612
0.616
0.614
0.604
0.605
0.62
0.621
0.609
0.604
0.614
0.646
0.637
0.623
0.624
0.632
0.625
0.606
0.638
0.638
0.625
0.627
0.629
0.611
0.624
0.63
0.626
0.621
0.624
0.646
0.646
0.626
0.625
0.606
0.638
0.624
0.627
0.628
0.621
0.577
0.604
0.655
0.628
0.587
0.628
0.626
0.622
0.617
0.62
0.626
0.621
0.617
0.621
0.54
0.6189977
0.615
0.615
0.613
0.603
0.606
0.604
0.591
0.611
0.666
0.634
0.629
0.621
0.6
0.634
0.629
0.621
0.622
0.604
0.636
0.622
0.614
0.6
0.613
0.605
0.613
0.62
0.611
0.598
0.618
0.62
0.611
0.597
0.607
0.617
0.625
0.618
0.618
0.619
0.605
0.629
0.626
0.619
0.606
0.607
0.616
0.616
0.594
0.592
0.578
0.605
0.641
0.614
0.607
0.586
0.606
0.604
0.599
0.575
0.578
0.598
0.619
0.609
0.615
0.611
0.602
0.581
0.633
0.618
0.601
0.588
0.605
0.629
0.618
0.62
0.63
0.62
0.62
0.621
0.633
0.621
0.627
0.641
0.629
0.625
0.618
0.623
0.62
0.606
0.609
0.674
0.6142998
0.6784335
0.639
0.614
0.645
0.626
0.625
0.6615516
0.592
0.606
0.614
0.61
0.615
0.625
0.595
0.6486415
0.6808378
0.645
0.603
0.602
0.596
0.602
0.625
0.621
0.627
0.634
0.624
0.621
0.621
0.607
0.611
0.634
0.651
0.6916885
0.64
0.6916393
0.594
0.6
0.632
0.608
0.595
0.625
0.652
0.625
0.637
0.628
0.6963335
0.607
0.629
0.613
0.628
0.64
0.635
0.622
0.698776
0.6832212
0.6774996
0.6762597
0.613
0.642
0.626
0.624
0.624
0.627
0.628
0.673607
0.6871849
0.6599039
0.619
0.641
0.654
0.65
0.658
0.7550046
0.647
0.7309965
0.63
0.67074
0.6905089
0.7
0.68
0.667
0.659
0.66
0.677
0.684
0.667
0.656
0.66
0.684
0.65
0.649
0.687
0.676
0.673
0.679
0.694
0.678
0.675
0.681
0.669
0.682
0.688
0.697
0.723
0.667
0.74
0.746
0.732
0.706
0.706
0.704
0.699
0.672
0.688
0.696
0.691
0.68
0.671
0.702
0.704
0.697
0.692
0.696
0.678
0.721
0.726
0.705
0.689
0.674
0.677
0.682
0.689
0.689
0.697
0.707
0.706
0.741
0.744
0.729
0.747
0.751
0.739
0.759
0.765
0.778
0.763
0.748
0.755
0.676
0.778
0.778
0.77
0.767
0.724
0.737
0.807
0.814
0.829
0.813
0.785
0.712
0.74
0.829
0.802
0.71
0.777
0.784
0.736
0.712
0.822
0.82
0.758
0.706
0.814
0.807
0.76
0.747
0.741
0.822
0.844
0.78
0.785
0.789
0.826
0.804
0.718
0.739
0.7634875
0.7971241
0.798
0.771
0.825
0.807
0.769
0.836
0.742
0.859
0.843
0.777
0.759
0.854
0.853
0.783
0.726
0.826
0.79
0.771
0.748
0.7874097
0.818
0.802
0.727
0.722
0.823
0.834
0.811
0.739
0.749
0.846
0.836
0.776
0.777
0.823
0.784
0.746
0.841
0.808
0.785
0.75
0.879
0.861
0.81
0.785
0.77
0.777
0.756
0.771
0.771
0.766
0.814791
0.806
0.802
0.788
0.782
0.793
0.787
0.792
0.784
0.789
0.798
0.799
0.799
0.789
0.779
0.788
0.8
0.8
0.793
0.799
0.802
0.804
0.801
0.801
0.798
0.787
0.781
0.788
0.763
0.848
0.8104678
0.787
0.885
0.821
0.774
0.752
0.775
0.759
0.756
0.834
0.819
0.834
0.806
0.831
0.826
0.853
0.88
0.788
0.8105367
0.804
0.831
0.824
0.822
0.821
0.871
0.856
0.792
0.86
0.852
0.829
0.842
0.886
0.851
0.795
0.827
0.879
0.863
0.83
0.8449194
0.844
0.821
0.795
0.811
0.819
0.823
0.869
0.874
0.771
0.785
0.831
0.825
0.829
0.76
0.843
0.798
0.795
0.801
0.79
0.788
0.787
0.772
0.765
0.764
0.771
0.771
0.76
0.784
0.776
0.775
0.782
0.789
0.793
0.784
0.789
0.791
0.789
0.798
0.799
0.795
0.799
0.799
0.799
0.802
0.796
0.798
0.796
0.794
0.79
0.775
0.766
0.768
0.768
0.771
0.778
0.781
0.795
0.8
0.799
0.807
0.808
0.813
0.813
0.817
0.817
0.82
0.814
0.807
0.811
0.814
0.824
0.819
0.822
0.822
0.823
0.814
0.815
0.817
0.82
0.803
0.805
0.804
0.784
0.766
0.745
0.751
0.745
0.734
0.7991219
0.81
0.762
0.784
0.797
0.781
0.783
0.773
0.785
0.799
0.761
0.756
0.758
0.803
0.792
0.778
0.775
0.766
0.785
0.819
0.851
0.791
0.851
0.775
0.863
0.855
0.799
0.807
0.833
0.808
0.808
0.803
0.833
0.867
0.811
0.816
0.887
0.833
0.844
0.807
0.889
0.827
0.766
0.789
0.801
0.799
0.768
0.775
0.79
0.823
0.815
0.783
0.789
0.83
0.807
0.754
0.807
0.854
0.885
0.833
0.828
0.786
0.812
0.842
0.882
0.873
0.806
0.808
0.781
0.772
0.768
0.787
0.785
0.818
0.803
0.768
0.815
0.822
0.795
0.799
0.793
0.785
0.8838964
0.879
0.883
0.886
0.836
0.8066721
0.8639144
0.854
0.89
0.832
0.872
0.834
0.8566079
0.887
0.917
0.922
0.824
0.923
0.906
0.851
0.871
