0.9352352
0.9318191
0.9348023
0.9054946
0.9317267
0.9349503
0.9083774
0.9249052
0.9087979
0.9089915
0.9379994
0.9377111
0.9304552
0.9181517
0.9152319
0.9045667
0.8902491
0.9061224
0.9180941
0.9039302
0.8878425
0.9037642
0.9151502
0.8967956
0.9017159
0.9045528
0.8993275
0.9060541
0.8901782
0.8779776
0.8904739
0.8941426
0.880403
0.8715692
0.8769602
0.8836471
0.8740237
0.8620583
0.8744289
0.8759371
0.8631922
0.8730665
0.8904696
0.9024185
0.9169679
0.9160084
0.9094212
0.8998323
0.8865211
0.8697613
0.8697215
0.8874742
0.8680001
0.8550102
0.8498009
0.8588984
0.8706637
0.8847493
0.8745344
0.8655666
0.8942446
0.8607765
0.8531246
0.85945
0.8525826
0.8800048
0.8716285
0.842553
0.8534898
0.8964317
0.8919194
0.8528948
0.8524788
0.8555118
0.8719085
0.8920685
0.8850894
0.8877728
0.8992985
0.9050171
0.8782361
0.8582253
0.8729839
0.8688079
0.8431303
0.8403487
0.8505421
0.8583112
0.8859355
0.8750904
0.839978
0.8478139
0.8553639
0.8657585
0.8928855
0.9093442
0.8996668
0.8836532
0.8971413
0.9032893
0.888019
0.8748998
0.8633467
0.8692497
0.8874525
0.8902153
0.8785988
0.8889012
0.9085898
0.9088703
0.884016
0.8747425
0.916932
0.9258845
0.9085208
0.9123069
0.9068944
0.8986001
0.8920942
0.8829309
0.8942012
0.9012176
0.8916084
0.9072292
0.9207069
0.9220789
0.9309243
0.930046
0.9300801
0.9230478
0.9190952
0.924658
0.9160372
0.9106041
0.8968793
0.8959928
0.9007287
0.8899073
0.8917988
0.8834097
0.8709522
0.8754789
0.8722737
0.8711986
0.8804156
0.8777115
0.8718253
0.8801367
0.8856007
0.878316
0.8852706
0.9010774
0.9087118
0.9198712
0.9260165
0.9231438
0.9285724
0.9292052
0.9233302
0.9204507
0.9166736
0.9042939
0.8872458
0.8813968
0.8838356
0.8825375
0.8821897
0.8742853
0.8572787
0.8680945
0.8818418
0.8806442
0.8843919
0.8763247
0.8567431
0.8640252
0.8723128
0.8613131
0.8723918
0.8828362
0.8805966
0.8756888
0.8643464
0.8648713
0.8726799
0.8752117
0.8667344
0.866153
0.8693594
0.8608961
0.8640777
0.8624397
0.848773
0.8417116
0.8482383
0.8525812
0.8420266
0.8335893
0.8404053
0.8398187
0.8501052
0.8699834
0.8709291
0.8923164
0.9044625
0.8966518
0.9026968
0.9089798
0.8974646
0.8805175
0.8802626
0.8866595
0.8778087
0.8608693
0.859049
0.8614817
0.8628781
0.8502851
0.8442432
0.8639464
0.874945
0.8828354
0.8713372
0.8505047
0.8587201
0.8659511
0.8722827
0.873996
0.8567207
0.857465
0.8695462
0.8780667
0.8751087
0.8582483
0.8604021
0.8730561
0.8698068
0.8517691
0.8571247
0.8663947
0.8638372
0.8731882
0.8705173
0.8755953
0.872421
0.865128
0.872915
0.8598394
0.8731968
0.8879101
0.8739565
0.8836762
0.8881358
0.8785716
0.8832215
0.8891168
0.8833094
0.8850627
0.8898898
0.870613
0.8620112
0.8712479
0.8648416
0.8647339
0.8803506
0.8809829
0.8638031
0.8620382
0.879109
0.8889842
0.8933399
0.8905853
0.881859
0.8793535
0.8808574
0.8740548
0.8547087
0.8444915
0.8432566
0.8431102
0.8592414
0.8776471
0.861854
0.8332974
0.8201812
0.8241431
0.8341732
0.8378385
0.8433441
0.8484288
0.8538318
0.8476886
0.8574725
0.8707336
0.848291
0.8413175
0.8586389
0.8641589
0.8689684
0.8470865
0.8449424
0.8685428
0.8632751
0.8743039
0.8588012
0.8479479
0.8529801
0.8536292
0.8514645
0.8360421
0.8450281
0.8471802
0.8384641
0.8489151
0.8530375
0.8435758
0.8561358
0.8747967
0.8708881
0.8462372
0.838414
0.849982
0.8504502
0.8489051
0.8444302
0.8480936
0.8636368
0.8673878
0.8649322
0.8638977
0.8622026
0.8517751
0.8490615
0.8637847
0.8589088
0.8362078
0.8259101
0.8439653
0.8767102
0.8906265
0.8883245
0.8957516
0.9009354
0.8941096
0.8856755
0.8909909
0.8929929
0.8771381
0.8852625
0.8866228
0.8628371
0.8677307
0.885009
0.8966568
0.899777
0.8562922
0.8465995
0.9030037
0.9018648
0.8946222
0.8913052
0.8529232
0.8298171
0.8370599
0.8800238
0.8715108
0.8477847
0.890468
0.883966
0.8421058
0.84996
0.8647234
0.869909
0.8475207
0.8465829
0.8564951
0.8479132
0.8476192
0.8413283
0.8304973
0.8252194
0.8188778
0.8185043
0.8137294
0.8101691
0.850406
0.839783
0.8014632
0.8034583
0.8096158
0.8190068
0.8108622
0.8097271
0.8023748
0.8077641
0.8137375
0.8076669
0.8066245
0.7831541
0.7892363
0.8025409
0.8223994
0.8147415
0.7735805
0.7678365
0.7661778
0.7491895
0.7458881
0.7453231
0.7444311
0.7270767
0.73174
0.7514365
0.733194
0.754326
0.7603202
0.7476174
0.7416021
0.7374605
0.7577208
0.7595503
0.7520877
0.7655178
0.7796245
0.7343606
0.7120973
0.7482261
0.7317883
0.7250091
0.749257
0.7273939
0.7113815
0.7280182
0.7221722
0.7266901
0.7171418
0.6787414
0.700889
0.7274583
0.6999617
0.6686759
0.7085384
0.7132317
0.6680564
0.6957066
0.6904756
0.649234
0.6479295
0.6424681
0.6460937
0.6638348
0.6532458
0.6505019
0.6634021
0.6588516
0.6482565
0.6532848
0.6615116
0.6473258
0.6495715
0.6604416
0.6413859
0.6351389
0.6450412
0.6391067
0.6315769
0.6371196
0.6443636
0.6399193
0.6302457
0.6317716
0.639909
0.6339189
0.6271735
0.6353046
0.6364833
0.6243203
0.6140791
0.6213729
0.6247631
0.6124422
0.6104421
0.6154092
0.6151921
0.6074076
0.6123347
0.615765
0.6034758
0.6002392
0.6093493
0.6124251
0.6013014
0.597774
0.6030835
0.6035475
0.5937367
0.5906935
0.5990834
0.5948021
0.5891699
0.5973124
0.5995856
0.5925316
0.5875724
0.5934699
0.6006202
0.5949347
0.5906593
0.5957338
0.6008807
0.5942627
0.5887058
0.5956448
0.6052903
0.6013392
0.5936351
0.6020974
0.6090062
0.6013529
0.5932395
0.6019437
0.6097817
0.5962352
0.589463
0.5940366
0.5973286
0.6047414
0.5965403
0.589277
0.5975454
0.6000206
0.5912233
0.5870175
0.5972678
0.5962582
0.5851498
0.5834339
0.5931939
0.5953785
0.58469
0.5820961
0.5891348
0.5843903
0.5767823
0.5824462
0.5861146
0.5847983
0.5776758
0.5742392
0.5809131
0.5835034
0.5793702
0.5769354
0.5848518
0.5867229
0.5808891
0.5889677
0.5927185
0.5865477
0.5846356
0.5877072
0.58538
0.5779992
0.5795662
0.5897814
0.5909119
0.5834921
0.590642
0.5960388
0.5878456
0.5825789
0.5870216
0.5947218
0.5924858
0.5847232
0.5804347
0.5809104
0.5862588
0.5893316
0.5920394
0.591217
0.5871882
0.5957343
0.6043508
0.5991002
0.5967555
0.6066844
0.6012541
0.5924514
0.6028727
0.6082732
0.6001535
0.5947015
0.605119
0.6116503
0.6018571
0.6016473
0.609723
0.602267
0.594735
0.6006865
0.6046858
0.5955557
0.5906486
0.5973752
0.5968335
0.5903281
0.5912997
0.5942851
0.5881693
0.5857685
0.5933472
0.5937829
0.5851272
0.5870831
0.5998477
0.6009949
0.5932205
0.5945222
0.6013148
0.5977553
0.5919361
0.5987011
0.6023307
0.593301
0.5907514
0.5982579
0.6012569
0.5941627
0.589695
0.5955355
0.5989811
0.5924489
0.5906173
0.5983234
0.5978749
0.5923956
0.5896193
0.5941358
0.5958089
0.5860382
0.5816869
0.5887982
0.593458
0.5893615
0.5858844
0.5885144
0.5955522
0.5956485
0.5883726
0.5861386
0.5922291
0.5928229
0.5830283
0.5809333
0.5847267
0.5863881
0.5851957
0.579774
0.5831893
0.5891121
0.5855893
0.578313
0.5841714
0.5948535
0.5916563
0.5844061
0.5865203
0.5952521
0.5950303
0.5913189
0.5906536
0.5982458
0.6013847
0.5938589
0.5970264
0.6023119
0.5961403
0.5915773
0.5978489
0.6014421
0.5952319
0.5913387
0.5948751
0.5989701
0.5931366
0.5922825
0.5991093
0.599857
0.6023621
0.6010116
0.6018452
0.6000171
0.5936405
0.5944618
0.5898638
0.5892289
0.5931604
0.5907845
0.5938446
0.5897735
0.5833613
0.5842777
0.5805981
0.5831879
0.5882914
0.5887377
0.583649
0.5801301
0.5883277
0.5905875
0.5891018
0.5871608
0.5845006
0.5919
0.5919204
0.5833525
0.5810344
0.5863886
0.5888868
0.5807109
0.5783
0.5846098
0.5859565
0.5807895
0.5776818
0.5827052
0.5834567
0.5776936
0.5744188
0.5815694
0.5872916
0.5794113
0.5797539
0.5912595
0.5881882
0.5798031
0.5868331
0.5923735
0.5895353
0.5820671
0.5821251
0.5905679
0.5908808
0.5839005
0.5807193
0.5866196
0.5886309
0.5777585
0.5746744
0.5831088
0.5821123
0.5828496
0.5842594
0.5822729
0.5801839
0.5772724
0.5787328
0.57468
0.5742943
0.5781825
0.5779004
0.5713555
0.5688109
0.5760562
0.5752239
0.5666821
0.5651521
0.5741222
0.5769556
0.5688072
0.5693473
0.5772785
0.5772559
0.5693806
0.5665113
0.5736536
0.5734007
0.5657657
0.5636507
0.5686881
0.5695303
0.5612927
0.5595724
0.5653547
0.5650787
0.5610967
0.5633904
0.5695283
0.5688314
0.5632984
0.5653752
0.5724822
0.5718425
0.566317
0.5649641
0.569362
0.572141
0.5664632
0.5654222
0.5736735
0.5733226
0.5659388
0.5644189
0.56997
0.5734193
0.5694033
0.5635837
0.565216
0.5759445
0.5802129
0.577939
0.5748199
0.5736242
0.5808173
0.5832374
0.5778878
0.5763942
0.5820819
0.5829311
0.5740262
0.5750665
0.5825176
0.5809458
0.5751443
0.5742876
0.5788529
0.5796039
0.5720639
0.5698282
0.577305
0.5778276
0.571295
0.5712695
0.5789831
0.581182
0.5725045
0.5705149
0.5751668
0.5734827
0.5707581
0.5691154
0.5736648
0.5752412
0.5679128
0.5665646
0.5682815
0.5653853
0.5618841
0.5644915
0.568255
0.566406
0.5638594
0.5664138
0.5715898
0.5718921
0.5659688
0.5635391
0.5687607
0.5705802
0.5653327
0.5641875
0.567794
0.5700856
0.5697582
0.567158
0.5627332
0.5617376
0.5652695
0.5653601
0.5582501
0.5567298
0.5631261
0.5656044
0.5620256
0.5560962
0.5530907
0.5563878
0.5613048
0.5615047
0.5594476
0.5565068
0.5591258
0.5623003
0.5596596
0.556305
0.5582945
0.562321
0.5593218
0.5537654
0.5548483
0.5599637
0.5574152
0.5530098
0.5552687
0.5619162
0.5611124
0.5542159
0.5564162
0.5634634
0.562848
0.5595582
0.5638344
0.5666152
0.5655268
0.5643186
0.5639217
0.5694652
0.5751644
0.5689481
0.5663181
0.5756819
0.5775239
0.5725507
0.5662327
0.5667003
0.5752164
0.5782926
0.5767062
0.5730796
0.5690971
0.5713886
0.5730602
0.5655183
0.5634848
0.5671094
0.5646544
0.5615087
0.5627961
0.5649954
0.5593891
0.5553969
0.5608102
0.5637184
0.5578238
0.5549533
0.5601179
0.5625192
0.5547724
0.5547517
0.5691562
0.5683032
0.558524
0.5577605
0.5636582
0.5610222
0.5549329
0.561442
0.5592661
0.5536641
0.5573906
0.5593703
0.5541037
0.5494913
0.551626
0.5543153
0.5500044
0.549028
0.5557527
0.553521
0.5467231
0.5467536
0.5512402
0.5535347
0.5478479
0.5372511
0.5344755
0.5385176
0.5335367
0.5373359
0.5273345
0.5258995
0.5584549
0.5487266
0.5312767
0.5483665
0.5381024
0.5273802
0.5563249
0.5491576
0.5412856
0.552261
0.5475347
0.5471254
0.5461553
0.5500808
0.5547629
0.5526791
0.5497944
0.5500652
0.5511623
0.5515335
0.5472828
0.5451215
0.5524792
0.5565759
0.551389
0.5478166
0.5484185
0.5538571
0.5521087
0.5487563
0.5476119
0.5526754
0.5603087
0.5564993
0.5515751
0.5541413
0.5616658
0.5595045
0.556205
0.5575789
0.5597181
0.557528
0.5518587
0.5524114
0.5578323
0.5572949
0.5498486
0.5509057
0.5579746
0.5562127
0.5479093
0.5467197
0.5523739
0.5563561
0.5520377
0.5531409
0.5592041
0.5520562
0.5524832
0.5596935
0.5537401
0.550067
0.5528024
0.5564215
0.5581556
0.5547216
0.5547686
0.5569685
0.5570733
0.5568504
0.5550605
0.5630624
0.5797295
0.588662
0.59687
0.6056594
0.6059096
0.5998557
0.5922109
0.5925671
0.5970953
0.5967252
0.5953481
0.5946505
0.5999882
0.6064968
0.6063116
0.606969
0.6066471
0.6067855
0.6134733
0.6213984
0.6264237
0.6284362
0.6363243
0.6461162
0.6486802
0.6482022
0.651292
0.6564299
0.656291
0.6548507
0.6585502
0.6664973
0.6655122
0.6611185
0.6662571
0.6724819
0.6709614
0.6629052
0.6675712
0.6842171
0.6875936
0.6894333
0.6938072
0.6945711
0.6950171
0.6909145
0.6916663
0.6894383
0.6785421
0.6685758
0.6638607
0.6642407
0.6724885
0.6830238
0.6833904
0.6853652
0.691297
0.6959006
0.6953585
0.6898589
0.6950525
0.7000112
0.6948575
0.6959313
0.7073746
0.7182606
0.722391
0.7303629
0.7478921
0.7614317
0.7618603
0.7696219
0.7846647
0.7766103
0.7770069
0.7907891
0.7809177
0.7758865
0.7881334
0.7897215
0.7892011
0.804552
0.8073721
0.7973478
0.8025386
0.8075568
0.813439
0.818476
0.8157942
0.8252132
0.8280886
0.8171514
0.8234256
0.8311505
0.8214318
0.8265526
0.8403824
0.8312593
0.8343929
0.8424775
0.8350102
0.8342054
0.835672
0.8208165
0.8245581
0.8374701
0.8323164
0.8568936
0.8711587
0.8673225
0.85869
0.8525619
0.8539831
0.8655421
0.8746767
0.8573063
0.8642809
0.864409
0.8459374
0.8501065
0.8448552
0.8357795
0.8522868
0.8641575
0.8719698
0.8944516
0.9048515
0.9103254
0.8829883
0.8717642
0.8961048
0.8587054
0.85011
0.8718986
0.8642111
0.8623606
0.8528026
0.8737993
0.9114312
0.9141279
0.9117805
0.9003525
0.8962925
0.906577
0.8885663
0.8769672
0.8856394
0.8780358
0.8792164
0.8961997
0.8977555
0.8981687
0.9034176
0.8945005
0.8911713
0.9016105
0.8981391
0.8895735
0.8963317
0.8904262
0.8792606
0.8926443
0.88414
0.8750096
0.891551
0.8933299
0.8846893
0.8830285
0.8946568
0.8821053
0.8590207
0.8604403
0.8699531
0.8785575
0.8757243
0.8752421
0.8747953
0.8730279
0.8644276
0.8572692
0.8533791
0.8422035
0.8524785
0.8684398
0.8835523
0.8861326
0.8735854
0.8740726
0.8775892
0.8684086
0.8562827
0.8618991
0.8634946
0.85617
0.8581474
0.8672918
0.8561246
0.8432822
0.8589558
0.8514486
0.8321822
0.8297896
0.8372822
0.8468669
0.8525748
0.8657746
0.8676842
0.8676521
0.8770022
0.871808
0.8719445
0.8846276
0.8844417
0.8811624
0.8771569
0.8657416
0.857718
0.8487194
0.8409756
0.835577
0.8298341
0.8360135
0.8365424
0.8279374
0.839737
0.8504768
0.8501401
0.8424686
0.8338195
0.8416302
0.8298521
0.8232075
0.8357595
0.8527411
0.8652903
0.8564165
0.8680407
0.8884273
0.8979588
0.9032024
0.8874163
0.8742407
0.8655789
0.8509741
0.8487836
0.8475609
0.8494199
0.8628175
0.864733
0.8588984
0.8736428
0.8855125
0.882792
0.886592
0.8810362
0.8574298
0.8352553
0.8264735
0.8323446
0.8389107
0.839168
0.8453822
0.8398249
0.8283426
0.8343348
0.8444198
0.8526273
0.8513212
0.861995
0.8782813
0.8866013
0.8967042
0.9025397
0.885837
0.8565077
0.8619246
0.8699755
0.8770179
0.8817443
0.8730799
0.8629401
0.8441238
0.8392882
0.8353998
0.8297234
0.8375824
0.8394828
0.83587
0.8496091
0.8583881
0.8553691
0.8719421
0.8798298
0.8761804
0.8638981
0.8498355
0.8566333
0.8572449
0.8567613
0.8606992
0.8704544
0.8815316
0.8824052
0.8781126
0.8632542
0.8494951
0.8502923
0.8620806
0.8779806
0.8894953
0.8831425
0.8795064
0.8769596
0.860059
0.8619011
0.8708937
0.8725354
0.8762549
0.8799525
0.8726821
0.8623612
0.8638413
0.8537326
0.8548819
0.8643855
0.8520404
0.8473408
0.8601237
0.8499928
0.8387761
0.8274426
0.8353723
0.8628474
0.8260944
0.8123656
0.8394871
0.8454236
0.8427575
0.8523563
0.8670699
0.8702906
0.8632674
0.846104
0.8307115
0.8233175
0.823448
0.8215751
0.8204844
0.8295257
0.838452
0.8397668
0.856659
0.8616598
0.8614739
0.8815294
0.888037
0.8932611
0.9073799
0.9041473
0.9047282
0.9121149
0.8966271
0.8794528
0.8792601
0.8790223
0.8675044
0.8716192
0.8796729
0.8713008
0.8649376
0.8666797
0.8676182
0.8624379
0.8698336
0.8790915
0.8868222
0.8975841
0.8990256
0.8958806
0.8999779
0.904174
0.8975296
0.897461
0.903157
0.9025607
0.901693
0.8988442
0.889984
0.8879035
0.8817824
0.8688082
0.8678721
0.8753343
0.8801834
0.877504
0.8882231
0.8934724
0.8854288
0.9011824
0.8982318
0.877474
0.8903734
0.8848324
0.8677426
0.8797548
0.8895095
0.8846873
0.8834997
0.8990841
0.8997581
0.902632
0.91945
0.9130129
0.9132264
0.9359062
0.9399989
0.929562
0.9345002
0.9327293
0.9232247
0.9294857
0.9324566
0.9311494
0.9325281
0.9326631
0.9208885
0.9118488
0.9146658
0.9055611
0.9084815
0.9170747
0.9052091
0.8968804
0.8913225
0.8731419
0.8733333
0.8943948
0.9002744
0.8982188
0.9164274
0.9293705
0.9283582
0.9335702
0.928406
0.9247802
0.9254914
0.9217688
0.9190801
0.9059709
0.8941099
0.8907016
0.8830375
0.9057977
0.9217851
