0.762
0.767
0.756
0.747
0.751
0.762
0.775
0.775
0.771
0.771
0.779
0.779
0.765
0.771
0.785
0.785
0.772
0.77
0.778
0.789
0.775
0.777
0.788
0.801
0.792
0.785
0.794
0.807
0.813
0.798
0.795
0.804
0.81
0.802
0.792
0.797
0.813
0.825
0.809
0.806
0.818
0.827
0.827
0.819
0.826
0.837
0.818
0.823
0.84
0.854
0.854
0.839
0.844
0.86
0.87
0.843
0.84
0.845
0.858
0.847
0.827
0.844
0.865
0.868
0.847
0.851
0.87
0.878
0.851
0.856
0.874
0.886
0.861
0.86
0.886
0.872
0.836
0.809
0.8566381
0.831
0.852
0.873
0.889
0.892
0.86028
0.8608618
0.861
0.864
0.866
0.8631219
0.888
0.855
0.844
0.838
0.861
0.883
0.875
0.879
0.8676726
0.8681085
0.874
0.839
0.836
0.842
0.849
0.836
0.844
0.864
0.876
0.887
0.869
0.874
0.88
0.887
0.885
0.861
0.859
0.867
0.876
0.862
0.853
0.866
0.89
0.889
0.869
0.876
0.887
0.889
0.867
0.856
0.872
0.884
0.897
0.867
0.874
0.891
0.902
0.879
0.87
0.887
0.894
0.887
0.854
0.864
0.867
0.87
0.841
0.851
0.861
0.861
0.846
0.846
0.867
0.886
0.866
0.856
0.878
0.89
0.894
0.877
0.894
0.899
0.904
0.888
0.869
0.881
0.884
0.885
0.866
0.875
0.892
0.863
0.855
0.875
0.888
0.872
0.856
0.868
0.873
0.857
0.846
0.866
0.875
0.866
0.853
0.872
0.885
0.888
0.856
0.85
0.862
0.868
0.876
0.856
0.86
0.878
0.886
0.883
0.86
0.872
0.88
0.871
0.855
0.859
0.874
0.872
0.857
0.863
0.875
0.869
0.859
0.869
0.85
0.831
0.829
0.849
0.854
0.839
0.841
0.853
0.862
0.847
0.85
0.856
0.863
0.855
0.839
0.848
0.852
0.856
0.855
0.841
0.84
0.82
0.8536755
0.8536815
0.796
0.815
0.801
0.853903
0.796
0.815
0.817
0.801
0.854554
0.813
0.828
0.84
0.824
0.827
0.845
0.86
0.868
0.857
0.856
0.863
0.871
0.88
0.875
0.864
0.878
0.886
0.877
0.858
0.847
0.86
0.866
0.873
0.856
0.851
0.867
0.878
0.886
0.865
0.861
0.879
0.894
0.885
0.862
0.873
0.885
0.885
0.868
0.866
0.884
0.889
0.878
0.858
0.874
0.875
0.854
0.844
0.864
0.871
0.872
0.853
0.854
0.859
0.861
0.844
0.85
0.859
0.864
0.86
0.846
0.854
0.861
0.867
0.865
0.852
0.862
0.867
0.872
0.855
0.84
0.849
0.855
0.845
0.8785804
0.8786914
0.828
0.853
0.866
0.879
0.892
0.902
0.913
0.919
0.915
0.911
0.916
0.915
0.912
0.917
0.915
0.917
0.915
0.911
0.899
0.874
0.889
0.891
0.893
0.861
0.842
0.846
0.852
0.836
0.839
0.853
0.862
0.881
0.877
0.859
0.863
0.862
0.864
0.863
0.859
0.868
0.88
0.881
0.862
0.863
0.868
0.883
0.89
0.86
0.86
0.87
0.883
0.892
0.888
0.89
0.892
0.896
0.893
0.895
0.896
0.877
0.882
0.886
0.885
0.879
0.863
0.862
0.875
0.886
0.866
0.854
0.873
0.847
0.833
0.844
0.857
0.872
0.854
0.856
0.872
0.881
0.885
0.827067
0.877
0.865
0.861
0.858
0.851
0.837
0.852
0.86
0.854
0.85
0.856
0.859
0.843
0.832
0.836
0.845
0.848
0.836
0.836
0.838
0.848
0.833
0.838
0.841
0.825
0.811
0.785
0.774
0.765
0.761
0.754
0.734
0.737
0.742
0.732
0.74
0.738
0.74
0.755
0.755
0.747
0.75
0.759
0.752
0.737
0.733
0.73
0.717
0.712
0.712
0.706
0.702
0.708
0.702
0.695
0.69
0.676
0.675
0.673
0.677
0.679
0.677
0.684
0.675
0.676
0.671
0.678
0.665
0.667
0.656
0.662
0.66
0.655
0.654
0.661
0.666
0.657
0.655
0.658
0.662
0.667
0.664
0.662
0.661
0.658
0.658
0.653
0.654
0.656
0.658
0.662
0.651
0.647
0.646
0.648
0.646
0.644
0.636
0.636
0.636
0.637
0.632
0.624
0.628
0.63
0.626
0.617
0.618
0.621
0.625
0.612
0.617
0.613
0.615
0.619
0.615
0.615
0.618
0.617
0.617
0.612
0.61
0.611
0.611
0.609
0.607
0.611
0.609
0.611
0.609
0.604
0.604
0.609
0.608
0.602
0.606
0.594
0.593
0.59
0.589
0.587
0.585
0.582
0.58
0.583
0.581
0.577
0.58
0.579
0.58
0.579
0.58
0.583
0.589
0.583
0.587
0.586
0.59
0.584
0.58
0.58
0.58
0.574
0.574
0.573
0.571
0.571
0.567
0.565
0.566
0.566
0.562
0.564
0.561
0.563
0.56
0.558
0.559
0.563
0.556
0.557
0.556
0.554
0.555
0.549
0.545
0.54
0.54
0.541
0.542
0.538
0.538
0.538
0.544
0.543
0.544
0.543
0.547
0.548
0.543
0.543
0.542
0.545
0.545
0.546
0.544
0.542
0.547
0.545
0.548
0.546
0.543
0.546
0.546
0.547
0.546
0.542
0.544
0.546
0.546
0.546
0.545
0.545
0.551
0.545
0.545
0.545
0.545
0.544
0.54
0.545
0.544
0.545
0.542
0.54
0.544
0.546
0.541
0.539
0.539
0.542
0.543
0.539
0.537
0.536
0.537
0.536
0.542
0.533
0.533
0.536
0.534
0.537
0.534
0.53
0.532
0.531
0.532
0.529
0.529
0.531
0.53
0.536
0.528
0.53
0.531
0.531
0.531
0.527
0.532
0.529
0.531
0.528
0.524
0.527
0.524
0.526
0.528
0.522
0.525
0.527
0.529
0.526
0.524
0.522
0.526
0.524
0.528
0.526
0.523
0.526
0.525
0.525
0.525
0.521
0.522
0.521
0.523
0.522
0.519
0.518
0.519
0.521
0.523
0.522
0.521
0.521
0.525
0.521
0.522
0.521
0.519
0.519
0.519
0.519
0.519
0.522
0.522
0.524
0.522
0.523
0.525
0.525
0.523
0.524
0.518
0.516
0.516
0.516
0.515
0.513
0.512
0.515
0.512
0.514
0.518
0.513
0.517
0.516
0.519
0.52
0.519
0.519
0.518
0.522
0.524
0.528
0.531
0.531
0.527
0.523
0.522
0.518
0.521
0.524
0.529
0.535
0.542
0.542
0.54
0.54
0.544
0.545
0.54
0.539
0.536
0.538
0.53
0.532
0.531
0.534
0.532
0.528
0.527
0.525
0.528
0.525
0.529
0.527
0.528
0.529
0.523
0.527
0.527
0.53
0.529
0.524
0.525
0.524
0.527
0.525
0.521
0.522
0.521
0.524
0.52
0.521
0.521
0.522
0.522
0.519
0.525
0.522
0.524
0.521
0.521
0.526
0.525
0.527
0.522
0.522
0.523
0.526
0.524
0.524
0.529
0.528
0.534
0.527
0.53
0.529
0.531
0.533
0.535
0.54
0.535
0.534
0.535
0.533
0.536
0.53
0.528
0.532
0.532
0.536
0.538
0.542
0.543
0.541
0.539
0.532
0.533
0.529
0.53
0.532
0.535
0.527
0.525
0.523
0.522
0.523
0.521
0.518
0.521
0.519
0.52
0.518
0.515
0.521
0.521
0.521
0.515
0.52
0.517
0.518
0.513
0.512
0.515
0.517
0.513
0.513
0.517
0.514
0.514
0.518
0.512
0.512
0.512
0.511
0.511
0.506
0.507
0.501
0.505
0.503
0.506
0.508
0.505
0.507
0.508
0.513
0.507
0.511
0.512
0.514
0.518
0.514
0.52
0.518
0.521
0.521
0.516
0.521
0.521
0.524
0.521
0.523
0.523
0.529
0.529
0.525
0.527
0.527
0.531
0.529
0.526
0.525
0.523
0.526
0.526
0.525
0.523
0.521
0.523
0.523
0.525
0.524
0.523
0.525
0.527
0.526
0.525
0.522
0.523
0.522
0.521
0.52
0.519
0.521
0.52
0.516
0.515
0.515
0.513
0.516
0.512
0.512
0.516
0.516
0.517
0.514
0.516
0.514
0.516
0.515
0.512
0.517
0.513
0.513
0.515
0.511
0.514
0.512
0.515
0.514
0.509
0.51
0.51
0.511
0.511
0.511
0.51
0.506
0.512
0.508
0.511
0.508
0.507
0.511
0.509
0.513
0.507
0.509
0.51
0.512
0.513
0.508
0.514
0.51
0.51
0.509
0.51
0.512
0.512
0.514
0.509
0.513
0.511
0.51
0.51
0.506
0.51
0.509
0.511
0.51
0.513
0.509
0.506
0.51
0.51
0.506
0.507
0.507
0.507
0.511
0.508
0.506
0.506
0.507
0.509
0.506
0.504
0.508
0.505
0.506
0.503
0.502
0.506
0.505
0.508
0.503
0.507
0.505
0.504
0.507
0.504
0.506
0.504
0.507
0.506
0.505
0.504
0.507
0.504
0.505
0.503
0.501
0.505
0.504
0.505
0.506
0.502
0.504
0.504
0.506
0.505
0.506
0.505
0.505
0.506
0.504
0.508
0.504
0.508
0.505
0.505
0.506
0.503
0.507
0.506
0.507
0.505
0.505
0.503
0.5
0.504
0.501
0.501
0.499
0.498
0.493
0.493
0.494
0.493
0.495
0.491
0.494
0.493
0.497
0.498
0.497
0.496
0.5
0.497
0.498
0.497
0.496
0.502
0.499
0.503
0.5
0.5
0.501
0.5
0.504
0.5
0.504
0.504
0.501
0.503
0.502
0.505
0.504
0.504
0.504
0.505
0.503
0.506
0.509
0.512
0.514
0.511
0.517
0.516
0.521
0.521
0.521
0.524
0.524
0.528
0.524
0.529
0.535
0.537
0.541
0.545
0.549
0.552
0.555
0.554
0.554
0.556
0.556
0.56
0.558
0.556
0.557
0.562
0.565
0.565
0.567
0.562
0.563
0.563
0.564
0.565
0.563
0.563
0.566
0.569
0.57
0.573
0.573
0.575
0.578
0.578
0.579
0.583
0.583
0.588
0.592
0.595
0.599
0.596
0.596
0.599
0.601
0.603
0.601
0.598
0.602
0.604
0.604
0.598
0.596
0.602
0.603
0.601
0.603
0.601
0.604
0.609
0.614
0.618
0.617
0.615
0.621
0.628
0.632
0.633
0.635
0.632
0.624
0.612
0.617
0.622
0.636
0.636
0.637
0.631
0.631
0.642
0.644
0.657
0.658
0.652
0.65
0.663
0.674
0.682
0.686
0.69
0.688
0.67
0.678
0.688
0.682
0.673
0.667
0.671
0.679
0.682
0.68
0.671
0.679
0.681
0.688
0.685
0.682
0.683
0.691
0.704
0.7
0.703
0.702
0.711
0.723
0.726
0.72
0.719
0.724
0.725
0.721
0.706
0.722
0.733
0.729
0.705
0.714
0.722
0.721
0.727
0.717
0.73
0.733
0.732
0.725
0.735
0.736
0.729
0.726
0.743
0.745
0.744
0.715
0.728
0.734
0.741
0.735
0.725
0.729
0.732
0.729
0.725
0.721
0.736
0.723
0.725
0.714
0.696
0.688
0.694
0.697
0.698
0.712
0.729
0.729
0.727
0.71
0.725
0.729
0.743
0.742
0.733
0.732
0.747
0.757
0.756
0.74
0.736
0.749
0.761
0.764
0.762
0.752
0.763
0.767
0.77
0.758
0.752
0.769
0.77
0.762
0.749
0.751
0.754
0.743
0.718
0.698
0.704
0.721
0.724
0.735
0.746
0.752
0.753
0.743
0.741
0.757
0.769
0.771
0.776
0.759
0.765
0.763
0.78
0.772
0.766
0.756
0.762
0.765
0.772
0.779
0.772
0.754
0.744
0.76
0.761
0.771
0.774
0.768
0.757
0.764
0.766
0.771
0.776
0.76
0.766
0.769
0.773
0.78
0.771
0.758
0.76
0.763
0.771
0.762
0.74
0.741
0.755
0.751
0.75
0.746
0.74
0.747
0.75
0.755
0.752
0.759
0.765
0.768
0.763
0.754
0.745
0.757
0.76
0.765
0.757
0.749
0.753
0.756
0.758
0.757
0.737
0.75
0.762
0.771
0.771
0.773
0.755
0.763
0.769
0.774
0.773
0.76
0.764
0.771
0.776
0.78
0.767
0.767
0.772
0.762
0.76
0.745
0.75
0.749
0.732
0.776951
0.7770447
0.7771357
0.7772243
0.7773103
0.7773946
0.739
0.737
0.734
0.739
0.746
0.757
0.769
0.773
0.763
0.774
0.783
0.796
0.802
0.808
0.812
0.805
0.79
0.803
0.803
0.7787155
0.778758
0.764
0.75
0.749
0.751
0.757
0.757
0.7789745
0.787
0.782
0.774
0.748
0.7790332
0.763
0.742
0.726
0.779016
0.724
0.726
0.722
0.7789368
0.7789068
0.732
0.728
0.731
