0.918
0.93
0.894041
0.9015316
0.936
0.922
0.92
0.914
0.898
0.895
0.883
0.877
0.9426475
0.9097884
0.901
0.914
0.9115498
0.9468785
0.923
0.914
0.895
0.9
0.882
0.934
0.92
0.908
0.889
0.902
0.895
0.9207744
0.8826213
0.92
0.909
0.903
0.8959761
0.9014552
0.911
0.935
0.906
0.909
0.9391183
0.9200658
0.946
0.941
0.9213257
0.9150045
0.946
0.933
0.934
0.9006607
0.9527389
0.949
0.928
0.924
0.926
0.9246627
0.8700925
0.939
0.944
0.947
0.929669
0.9037173
0.948
0.945
0.932
0.8908876
0.9098304
0.954
0.931
0.925
0.8922558
0.8989321
0.926
0.936
0.9014861
0.8780165
0.958
0.934
0.927
0.925
0.9344139
0.9193077
0.955
0.943
0.933
0.8909558
0.9440906
0.938
0.927
0.9259508
0.9100143
0.943
0.933
0.93
0.923
0.909
0.9368113
0.9364937
0.931
0.929
0.93
0.9354589
0.983
0.922
0.922
0.914
0.9327489
0.9298039
0.934
0.93
0.923
0.9163047
0.9109286
0.943
0.934
0.923
0.9094172
0.9024796
0.935
0.927
0.926
0.919
0.9134345
0.8900054
0.925
0.935
0.913
0.922
0.9663345
0.9450441
0.945
0.918
0.922
0.8934436
0.9094487
0.941
0.939
0.929
0.9081479
0.9358285
0.959
0.943
0.949
0.9167228
0.9241901
0.91
0.919
0.911
0.9178852
0.9175443
0.922
0.924
0.925
0.9487303
0.9133229
0.929
0.918
0.933
0.9517978
0.8837526
0.929
0.92
0.917
0.9308802
0.9206086
0.931
0.939
0.929
0.9224541
0.9260385
0.944
0.943
0.948
0.9063019
0.910016
0.952
0.949
0.955
0.8946911
0.8934888
0.962
0.959
0.951
0.95
0.9239529
0.9271676
0.953
0.925
0.912
0.9184653
0.978
0.929
0.916
0.9378741
0.9629324
0.916
0.921
0.917
0.9067434
0.8664612
0.948
0.953
0.936
0.9402149
0.9022281
0.93
0.943
0.92
0.9029288
0.9409997
0.941
0.919
0.918
0.9121542
0.8914444
0.941
0.923
0.9226943
0.9156364
0.941
0.922
0.922
0.9189996
0.9274495
0.941
0.916
0.919
0.9107661
0.9332944
0.939
0.912
0.927
0.9141558
0.9264552
0.949
0.924
0.926
0.9437869
0.9292356
0.938
0.915
0.92
0.9129739
0.9458684
0.92
0.924
0.931
0.922
0.937
0.935
0.9438302
0.9341663
0.972
0.947
0.9279186
0.9088943
0.975
0.938
0.928
0.9537516
0.9104175
0.941
0.972557
0.9581656
0.945
0.924
0.93
0.9193267
0.9018422
0.95
0.928
0.9089081
0.9303431
0.963
0.931
0.931
0.9188455
0.9164971
0.946
0.924
0.9029943
0.9231413
0.953
0.918
0.927
0.9071568
0.8877352
0.968
0.95
0.9169116
0.9459649
0.97
0.94
0.9135636
0.9400733
0.971
0.943
0.94
0.8917242
0.9266252
0.981
0.955
0.943
0.938
0.9403968
0.9357028
0.956
0.944
0.9316568
0.9151377
0.96
0.944
0.934
0.9103017
0.9062827
0.929
0.94
0.924
0.9305452
0.977
0.94
0.928
0.9049932
0.9145221
0.954
0.934
0.9178205
0.9637437
0.946
0.941
0.94
0.9055975
0.9245532
0.954
0.938
0.936
0.9180132
0.8941511
0.951
0.893
0.904
0.9105936
0.9433596
0.922
0.9195685
0.9095667
0.945
0.923
0.8964998
0.8593713
0.909
0.919
0.908
0.9260772
0.8675607
0.923
0.918
0.921
0.912181
0.9370361
0.938
0.906
0.907
0.8582034
0.9046579
0.905
0.897
0.907
0.905
0.907
0.902
0.905
0.901
0.899
0.898
0.8686973
0.8380145
0.912
0.8359074
0.8322267
0.8541851
0.8317074
0.925
0.8756408
0.9050472
0.8279611
0.92
0.8700242
0.828
0.8655722
0.912
0.8517893
0.81999
0.8376427
0.8320019
0.874
0.8465685
0.8237501
0.8516238
0.8195888
0.8492097
0.8005542
0.7938618
0.8917209
0.825
0.816
0.811
0.747
0.8009701
0.843
0.755
0.8114495
0.856
0.8155653
0.7890841
0.846
0.842
0.8064653
0.8014745
0.798
0.771
0.769
0.763
0.7791663
0.724
0.781338
0.7770504
0.822906
0.7570964
0.7470538
0.714
0.708
0.712
0.7632883
0.747
0.714
0.7625042
0.74
0.721
0.7584303
0.797
0.735
0.7317511
0.787
0.729
0.7116256
0.752
0.712
0.756732
0.731
0.692
0.7147303
0.72
0.691
0.679
0.698
0.695
0.667
0.707
0.693
0.655
0.722
0.689
0.665
0.721
0.69
0.644
0.724
0.689
0.673
0.692
0.689
0.669
0.689
0.678
0.676
0.686
0.621
0.706
0.669
0.672
0.664
0.664
0.657
0.662
0.658
0.646
0.651
0.651
0.646
0.642
0.644
0.596
0.69
0.656
0.664
0.665
0.662
0.649
0.652
0.631
0.679
0.651
0.657
0.653
0.606
0.687
0.654
0.646
0.646
0.648
0.652
0.646
0.62
0.649
0.643
0.633
0.645
0.601
0.668
0.647
0.634
0.633
0.598
0.671
0.645
0.636
0.637
0.613
0.659
0.633
0.629
0.631
0.629
0.626
0.624
0.619
0.618
0.629
0.62
0.614
0.625
0.625
0.579
0.646
0.618
0.614
0.617
0.575
0.638
0.614
0.615
0.61
0.604
0.613
0.611
0.599
0.619
0.618
0.613
0.603
0.599
0.622
0.617
0.621
0.633
0.634
0.617
0.587
0.658
0.621
0.618
0.615
0.614
0.617
0.609
0.613
0.608
0.614
0.589
0.612
0.606
0.604
0.6
0.592
0.6
0.604
0.591
0.621
0.613
0.604
0.603
0.593
0.607
0.6
0.597
0.598
0.6
0.608
0.599
0.6
0.612
0.613
0.604
0.595
0.591
0.607
0.603
0.592
0.599
0.598
0.599
0.599
0.6
0.605
0.605
0.602
0.578
0.622
0.61
0.602
0.609
0.605
0.606
0.599
0.598
0.604
0.599
0.608
0.6
0.593
0.604
0.601
0.599
0.594
0.596
0.597
0.598
0.595
0.593
0.594
0.61
0.596
0.598
0.603
0.599
0.597
0.596
0.608
0.607
0.604
0.594
0.597
0.601
0.616
0.599
0.6
0.599
0.607
0.594
0.611
0.604
0.605
0.597
0.589
0.583
0.586
0.58
0.584
0.585
0.595
0.583
0.588
0.59
0.593
0.597
0.587
0.587
0.586
0.599
0.596
0.582
0.585
0.599
0.603
0.596
0.595
0.589
0.6
0.591
0.589
0.591
0.59
0.605
0.601
0.611
0.604
0.589
0.611
0.588
0.595
0.591
0.587
0.597
0.596
0.599
0.6
0.594
0.597
0.597
0.588
0.604
0.594
0.61
0.602
0.604
0.609
0.573
0.615
0.605
0.605
0.601
0.596
0.601
0.604
0.606
0.596
0.572
0.623
0.604
0.591
0.593
0.593
0.598
0.594
0.588
0.586
0.594
0.599
0.59
0.591
0.6
0.603
0.599
0.597
0.587
0.598
0.597
0.583
0.572
0.604
0.602
0.607
0.592
0.586
0.617
0.608
0.595
0.587
0.593
0.594
0.599
0.596
0.585
0.584
0.587
0.595
0.6
0.589
0.581
0.576
0.58
0.588
0.593
0.599
0.604
0.59
0.588
0.589
0.588
0.583
0.574
0.595
0.596
0.59
0.585
0.584
0.585
0.587
0.58
0.581
0.589
0.585
0.584
0.581
0.591
0.591
0.584
0.582
0.579
0.584
0.588
0.585
0.577
0.569
0.576
0.589
0.576
0.572
0.575
0.573
0.577
0.582
0.574
0.578
0.574
0.585
0.577
0.576
0.576
0.581
0.585
0.577
0.576
0.579
0.58
0.593
0.581
0.586
0.592
0.586
0.577
0.581
0.58
0.594
0.594
0.585
0.582
0.579
0.59
0.58
0.574
0.591
0.583
0.595
0.582
0.585
0.584
0.595
0.591
0.582
0.583
0.596
0.602
0.597
0.583
0.598
0.602
0.604
0.592
0.59
0.591
0.592
0.603
0.588
0.587
0.592
0.596
0.601
0.591
0.598
0.6
0.604
0.572
0.607
0.597
0.596
0.583
0.586
0.584
0.585
0.588
0.579
0.575
0.577
0.585
0.58
0.576
0.582
0.592
0.597
0.581
0.582
0.58
0.583
0.595
0.577
0.585
0.584
0.593
0.597
0.597
0.582
0.589
0.585
0.596
0.579
0.586
0.585
0.591
0.585
0.58
0.579
0.588
0.593
0.588
0.59
0.584
0.587
0.596
0.572
0.597
0.587
0.582
0.587
0.572
0.583
0.582
0.591
0.582
0.564
0.596
0.585
0.587
0.581
0.58
0.587
0.594
0.584
0.583
0.583
0.584
0.596
0.577
0.582
0.582
0.581
0.585
0.564
0.588
0.588
0.586
0.576
0.579
0.579
0.585
0.598
0.584
0.589
0.585
0.593
0.575
0.592
0.591
0.584
0.597
0.581
0.585
0.584
0.588
0.586
0.581
0.581
0.583
0.583
0.577
0.546
0.601
0.58
0.579
0.581
0.574
0.577
0.578
0.587
0.596
0.581
0.586
0.59
0.599
0.596
0.587
0.587
0.605
0.609
0.614
0.611
0.617
0.608
0.608
0.61
0.604
0.604
0.606
0.615
0.602
0.615
0.619
0.631
0.631
0.633
0.621
0.605
0.626
0.624
0.623
0.644
0.628
0.639
0.648
0.624
0.659
0.646
0.646
0.646
0.633
0.63
0.636
0.634
0.626
0.621
0.613
0.602
0.607
0.604
0.612
0.61
0.615
0.619
0.619
0.619
0.62
0.619
0.629
0.626
0.627
0.634
0.625
0.621
0.626
0.63
0.6505283
0.673
0.656
0.66
0.646
0.657
0.674
0.681
0.668
0.682
0.681
0.694
0.687
0.646
0.737
0.68
0.633
0.6854609
0.676
0.719
0.699
0.723
0.701
0.67
0.74
0.684
0.66
0.7009149
0.7314398
0.771
0.7
0.764
0.739
0.701
0.759
0.748
0.75
0.7225177
0.779
0.748
0.747
0.75
0.749
0.757
0.675
0.7490447
0.774
0.769
0.688
0.7265798
0.783
0.778
0.771
0.781
0.776
0.771
0.773
0.782
0.793
0.784
0.696
0.7561498
0.801
0.7465012
0.7569704
0.804
0.788
0.738553
0.7305277
0.805
0.812
0.8074985
0.813
0.756
0.761
0.744
0.735
0.7836728
0.798
0.751
0.7461031
0.782
0.753
0.7637397
0.77
0.752
0.758
0.7554159
0.832
0.802
0.784
0.8346614
0.822
0.777
0.809
0.786
0.8197675
0.841
0.789
0.793
0.7881568
0.8068671
0.806
0.787109
0.786445
0.813
0.815
0.808
0.737
0.859
0.818
0.813
0.784499
0.7893486
0.811
0.804
0.840715
0.867
0.824
0.814
0.81
0.8052325
0.8095128
0.823
0.826
0.8135317
0.8358713
0.86
0.827
0.7982612
0.7880754
0.856
0.869
0.8483965
0.8018096
0.871
0.841
0.841
0.837
0.7974164
0.7864077
0.865
0.859
0.849
0.842
0.826
0.757
0.868
0.827
0.828
0.779
0.7895743
0.8056656
0.835
0.832704
0.8438887
0.85
0.828
0.814
0.8359112
0.8123504
0.824
0.819
0.813
0.8224463
0.8056423
0.831
0.82
0.811
0.811
0.837
0.831
0.822
0.8063524
0.8419944
0.842
0.824
0.834
0.8002621
0.866275
0.843
0.843
0.848
0.8213599
0.8282506
0.846
0.851
0.807532
0.8113305
0.837
0.837
0.7953864
0.8207433
0.845
0.841
0.838
0.8348783
0.8329349
0.823
0.831
0.808783
0.8087245
0.838
0.815238
0.859629
0.86
0.845
0.8013379
0.8226196
0.852
0.85
0.839
0.8688193
0.8243706
0.848
0.834
0.83
0.7963799
0.8117779
0.842
0.828
0.832
0.8372105
0.8180919
0.834
0.808
0.821
0.773
0.863
0.835
0.832
0.831
0.8140261
0.8189061
0.83
0.813
0.804
0.8288313
0.854
0.802
0.784
0.862752
0.826
0.779
0.8257021
0.837
0.824
0.8520215
0.8421646
0.8257782
0.856
0.7945485
0.817121
0.886
0.869
0.8181972
0.8302381
0.887
0.863
0.845
0.8585457
0.8806988
0.853
0.849
0.864542
0.893
0.853
0.833
0.8277617
0.7918746
0.84
0.8224655
0.8331929
0.876
0.866
0.854
0.853
0.8505711
0.8532985
0.854
0.846
0.847484
0.801469
0.854
0.854
0.851
0.844
0.8518468
0.8232071
0.851
0.828
0.8373349
0.8352254
0.868
0.8432987
0.834462
0.872
0.87
0.838
0.7973798
0.8508222
0.867
0.847
0.8433874
0.9
0.86
0.854
0.8293814
0.8380075
0.855
0.841
0.838695
0.8407357
0.856
0.85
0.8725642
0.8314149
0.86
0.848
0.8403305
0.8626298
0.854
0.865
0.86042
0.8625477
0.865
0.848
0.8246503
0.8819885
0.863
0.849
0.8393597
0.8793974
0.847
0.83
0.847
0.80843
0.8389665
0.853
0.8664343
0.8229425
0.875
0.858
0.8224184
0.8183973
0.883
0.859
0.8161729
0.8299246
0.854
0.854
0.863
0.8473701
0.7954405
0.856
0.859
0.875
0.847
0.895
0.861
0.854
0.864
0.798
0.877
0.85
0.8459981
0.8688252
0.85
0.854
0.8868768
0.895
0.853
0.859
0.8709154
0.8589313
0.865
0.8040224
0.8290754
0.888
0.889
0.8348801
0.8583855
0.885
0.876
0.840698
0.8152073
0.867
0.82
0.8807518
0.8636872
0.882
0.866
0.796
0.905
0.865
0.854
0.8493119
0.8711472
0.847
0.847
0.854
0.8147429
0.893
0.84
0.8593341
0.8331516
0.868
0.863
0.860148
0.8437063
0.857
0.855
0.8593212
0.8749807
0.86
0.85
0.8457366
0.896
0.855
0.8683664
0.8195018
0.872
0.848
0.845
