0.813
0.817
0.814
0.826
0.836
0.851
0.855
0.856
0.843
0.854
0.848
0.843
0.849
0.851
0.855
0.858
0.854
0.852
0.854
0.836
0.844
0.836
0.847
0.855
0.859
0.84
0.853
0.861
0.865
0.851
0.869
0.873
0.859
0.874
0.874
0.855
0.858
0.866
0.86
0.866
0.872
0.857
0.867
0.855
0.87
0.874
0.877
0.873
0.848
0.851
0.841
0.839
0.843
0.823
0.839
0.841
0.845
0.843
0.851
0.856
0.853
0.857
0.867
0.867
0.869
0.864
0.87
0.875
0.867
0.877
0.875
0.868
0.872
0.856
0.859
0.864
0.865
0.866
0.85
0.851
0.852
0.859
0.862
0.866
0.857
0.873
0.879
0.873
0.867
0.88
0.878
0.881
0.86
0.875
0.877
0.859
0.875
0.859
0.854
0.86
0.856
0.856
0.858
0.854
0.871
0.88
0.862
0.88
0.883
0.879
0.865
0.878
0.88
0.874
0.867
0.867
0.872
0.868
0.869
0.875
0.876
0.86
0.875
0.871
0.872
0.863
0.855
0.858
0.859
0.858
0.843
0.854
0.858
0.857
0.86
0.851
0.835
0.836
0.837
0.836
0.843
0.829
0.836
0.841
0.844
0.854
0.861
0.859
0.868
0.874
0.876
0.874
0.857
0.858
0.864
0.867
0.858
0.848
0.84
0.832
0.82
0.813
0.806
0.801
0.809
0.813
0.819
0.825
0.83
0.816
0.816
0.822
0.825
0.83
0.81
0.814
0.822
0.833
0.829
0.832
0.835
0.837
0.834
0.828
0.81
0.795
0.826
0.827
0.837
0.85
0.863
0.862
0.869
0.871
0.865
0.861
0.85
0.843
0.83
0.835
0.818
0.821
0.83
0.834
0.834
0.835
0.83
0.8214583
0.8269211
0.828
0.821
0.825
0.824
0.811
0.811
0.823
0.823
0.828
0.83
0.837
0.841
0.839
0.853
0.851
0.856
0.864
0.863
0.857
0.863
0.866
0.866
0.87
0.863
0.851
0.85
0.854
0.857
0.852
0.84
0.848
0.852
0.837
0.838
0.85
0.855
0.854
0.842
0.853
0.853
0.86
0.857
0.856
0.844
0.847
0.849
0.851
0.856
0.847
0.838
0.84
0.843
0.843
0.828
0.841
0.85
0.843
0.845
0.832
0.847
0.848
0.845
0.843
0.842
0.852
0.857
0.848
0.846
0.858
0.86
0.862
0.856
0.868
0.867
0.854
0.85
0.855
0.858
0.857
0.854
0.847
0.854
0.854
0.862
0.86
0.866
0.872
0.872
0.87
0.876
0.879
0.873
0.873
0.866
0.858
0.846
0.828
0.829
0.833
0.832
0.835
0.842
0.848
0.854
0.854
0.86
0.828
0.835
0.84
0.818
0.836
0.843
0.829
0.833
0.844
0.847
0.855
0.834
0.844
0.851
0.853
0.851
0.844
0.84
0.833
0.84
0.835
0.842
0.834
0.838
0.844
0.852
0.858
0.858
0.837
0.847
0.855
0.856
0.841
0.85
0.852
0.852
0.852
0.846
0.84
0.85
0.851
0.844
0.85
0.858
0.854
0.865
0.87
0.868
0.869
0.877
0.873
0.871
0.856
0.843
0.846
0.847
0.859
0.87
0.88
0.887
0.883
0.884
0.89
0.882
0.888
0.883
0.878
0.88
0.874
0.871
0.873
0.867
0.868
0.854
0.858
0.857
0.855
0.861
0.857
0.853
0.857
0.854
0.842
0.849
0.838
0.838
0.837
0.817
0.823
0.848
0.853
0.856
0.854
0.854
0.859
0.857
0.854
0.838
0.841
0.842
0.848
0.849
0.851
0.853
0.854
0.853
0.845
0.854
0.847
0.843
0.835
0.841
0.836
0.837
0.836
0.831
0.825
0.812
0.816
0.813
0.814
0.811
0.816
0.818
0.825
0.832
0.839
0.844
0.85
0.851
0.854
0.864
0.863
0.855
0.862
0.861
0.858
0.834
0.844
0.847
0.85
0.854
0.842
0.851
0.857
0.864
0.867
0.873
0.875
0.872
0.869
0.875
0.878
0.878
0.885
0.883
0.884
0.88
0.854
0.85
0.852
0.851
0.852
0.852
0.858
0.858
0.847
0.852
0.854
0.86
0.861
0.862
0.859
0.864
0.861
0.859
0.861
0.862
0.863
0.862
0.86
0.869
0.865
0.851
0.853
0.818
0.806
0.849
0.851
0.854
0.848
0.838
0.841
0.834
0.827
0.821
0.821
0.827
0.816
0.816
0.811
0.806
0.804
0.803
0.8
0.792
0.79
0.784
0.78
0.772
0.771
0.768
0.762
0.76
0.76
0.753
0.76
0.754
0.753
0.761
0.751
0.754
0.751
0.745
0.746
0.738
0.737
0.742
0.734
0.735
0.733
0.736
0.737
0.728
0.732
0.727
0.732
0.728
0.724
0.723
0.721
0.719
0.719
0.713
0.717
0.715
0.71
0.713
0.711
0.711
0.709
0.704
0.706
0.704
0.697
0.706
0.699
0.701
0.705
0.697
0.7
0.703
0.697
0.704
0.699
0.699
0.701
0.694
0.694
0.694
0.691
0.695
0.687
0.692
0.688
0.687
0.69
0.692
0.687
0.69
0.694
0.688
0.688
0.687
0.681
0.686
0.679
0.684
0.681
0.677
0.672
0.673
0.672
0.67
0.67
0.667
0.668
0.666
0.669
0.665
0.662
0.666
0.661
0.663
0.665
0.661
0.665
0.664
0.666
0.666
0.659
0.66
0.661
0.658
0.664
0.663
0.661
0.665
0.661
0.662
0.667
0.663
0.665
0.662
0.662
0.661
0.664
0.669
0.664
0.667
0.666
0.661
0.67
0.664
0.662
0.664
0.666
0.668
0.663
0.665
0.669
0.671
0.671
0.673
0.676
0.674
0.673
0.672
0.672
0.671
0.672
0.673
0.672
0.675
0.677
0.673
0.671
0.667
0.666
0.662
0.663
0.656
0.66
0.661
0.66
0.665
0.659
0.656
0.66
0.654
0.66
0.659
0.653
0.66
0.651
0.653
0.653
0.646
0.652
0.646
0.649
0.646
0.654
0.661
0.663
0.664
0.668
0.668
0.671
0.672
0.67
0.667
0.653
0.656
0.651
0.656
0.656
0.655
0.657
0.659
0.661
0.666
0.675
0.677
0.682
0.687
0.696
0.691
0.698
0.701
0.699
0.696
0.698
0.702
0.694
0.699
0.703
0.701
0.7
0.7
0.704
0.701
0.71
0.719
0.715
0.704
0.748
0.757
0.758
0.767
0.775
0.766
0.775
0.7574136
0.7347079
0.771
0.764
0.76
0.76
0.749
0.742
0.752
0.755
0.762
0.747
0.755
0.76
0.763
0.753
0.77
0.776
0.778
0.782
0.771
0.775
0.78
0.775
0.764
0.77
0.777
0.783
0.781
0.781
0.784
0.781
0.781
0.762
0.754
0.757
0.747
0.756
0.766
0.771
0.769
0.774
0.778
0.791
0.78
0.792
0.803
0.786
0.8
0.813
0.795
0.803
0.813
0.821
0.802
0.812
0.819
0.819
0.811
0.821
0.83
0.814
0.823
0.829
0.831
0.823
0.834
0.836
0.806
0.782
0.794
0.798
0.789
0.815
0.823
0.82
0.826
0.82
0.821
0.827
0.816
0.813
0.816
0.824
0.83
0.839
0.821
0.819
0.826
0.834
0.832
0.814
0.83
0.84
0.847
0.844
0.825
0.824
0.831
0.816
0.824
0.833
0.836
0.825
0.838
0.848
0.833
0.844
0.831
0.835
0.851
0.852
0.847
0.855
0.863
0.853
0.842
0.852
0.848
0.844
0.856
0.858
0.836
0.846
0.853
0.825
0.827
0.837
0.836
0.817
0.824
0.838
0.847
0.843
0.854
0.866
0.861
0.85
0.867
0.872
0.854
0.861
0.876
0.876
0.869
0.873
0.879
0.872
0.878
0.876
0.864
0.842
0.846
0.849
0.845
0.853
0.857
0.847
0.837
0.818
0.811
0.814
0.813
0.834
0.85
0.852
0.854
0.863
0.865
0.853
0.864
0.881
0.884
0.866
0.875
0.888
0.881
0.869
0.882
0.877
0.87
0.874
0.875
0.877
0.867
0.871
0.873
0.864
0.862
0.862
0.844
0.854
0.857
0.844
0.835
0.838
0.828
0.825
0.831
0.837
0.839
0.831
0.829
0.83
0.843
0.847
0.853
0.857
0.852
0.849
0.854
0.853
0.845
0.848
0.852
0.854
0.851
0.856
0.861
0.861
0.86
0.866
0.867
0.865
0.882
0.889
0.893
0.897
0.9
0.904
0.885
0.841
0.8661049
0.8918337
0.888
0.864
0.864
0.862
0.858
0.871
0.86
0.875
0.882
0.872
0.884
0.89
0.885
0.879
0.875
0.878
0.865
0.871
0.865
0.862
0.864
0.856
0.853
0.85
0.851
0.848
0.856
0.896
0.903
0.877
0.863
0.843
0.848
0.851
0.856
0.862
0.865
0.852
0.854
0.834
0.841
0.843
0.845
0.85
0.837
0.852
0.867
0.871
0.87
0.856
0.861
0.854
0.854
0.841
0.855
0.839
0.851
0.853
0.85
0.849
0.834
0.848
0.856
0.854
0.857
0.845
0.85
0.842
0.838
0.822
0.825
0.826
0.821
0.822
0.828
0.821
0.82
0.826
0.823
0.826
0.842
0.827
0.82
0.828
0.825
0.827
0.838
0.851
0.831
0.831
0.839
0.832
0.846
0.846
0.83
0.835
0.833
0.837
0.837
0.82
0.825
0.83
0.815
0.812
0.81
0.812
0.821
0.825
0.812
0.827
0.828
0.832
0.832
0.834
0.819
0.823
0.824
0.825
0.814
0.831
0.837
0.838
0.826
0.808
0.809
0.81
0.817
0.831
0.833
0.84
0.813
0.824
0.832
0.838
0.847
0.856
0.858
0.847
0.85
0.821
0.813
0.833
0.835
0.844
0.87
0.886
0.889
0.876
0.879
0.884
0.847
0.85
0.854
0.858
0.86
0.864
0.871
0.858
0.866
0.856
0.854
0.87
0.87
0.869
0.87
0.856
0.877
0.875
0.882
0.886
0.892
0.878
0.856
0.864
0.873
0.869
0.868
0.873
0.86
0.872
0.876
0.873
0.862
0.858
0.844
0.848
0.834
0.831
0.841
0.858
0.866
0.888
0.895
