0.92
0.923
0.933
0.93
0.922
0.923
0.925
0.926
0.933
0.935
0.943
0.934
0.944
0.942
0.942
0.948
0.952
0.956
0.956
0.943
0.95
0.947
0.944
0.952
0.946
0.959
0.956
0.951
0.954
0.943
0.948
0.948
0.946
0.954
0.951
0.96
0.969
0.966
0.966
0.983
0.969
0.976
0.983
0.974
0.985
0.974
0.972
0.988
0.966
0.979
0.972
0.967
0.976
0.966
0.961
0.959
0.959
0.96
0.973
0.971
0.962
0.979
0.971
0.975
0.98
0.971
0.947
0.951
0.968
0.974
0.992
0.988
0.989
1.002
0.992
0.996
0.997
0.99
0.996
1.003
1.002
1.001
1.004
1.005
1.012
1.004
1.017
1.015
1
1.001
0.993
0.979
0.98
0.979
0.979
0.973
0.985
0.984
0.985
0.983
0.968
0.974
0.971
0.959
0.945
0.938
0.922
0.95
0.925
0.915
0.919
0.907
0.919
0.932
0.931
0.942
0.948
0.957
0.927
0.947
0.947
0.941
0.934
0.922
0.914
0.909
0.921
0.918
0.938
0.945
0.94
0.949
0.925
0.932
0.924
0.918
0.928
0.931
0.892
0.895
0.894
0.904
0.9
0.892
0.892
0.899
0.899
0.914
0.923
0.927
0.924
0.919
0.903
0.908
0.906
0.895
0.886
0.881
0.869
0.87
0.86
0.871
0.874
0.867
0.858
0.866
0.854
0.854
0.861
0.852
0.859
0.876
0.872
0.864
0.862
0.869
0.871
0.849
0.863
0.857
0.857
0.869
0.879
0.887
0.897
0.891
0.889
0.885
0.892
0.886
0.873
0.879
0.89
0.913
0.93
0.935
0.921
0.915
0.929
0.938
0.93
0.906
0.905
0.914
0.91
0.92
0.929
0.933
0.948
0.952
0.957
0.966
0.972
0.974
0.972
0.94
0.936
0.957
0.963
0.966
0.979
0.988
1.002
0.98
0.939
0.937
0.906
0.892
0.904
0.922
0.948
0.962
0.97
0.977
0.99
1
1.009
1.017
1.021
1.018
0.996
0.982
0.981
0.963
0.967
0.971
0.957
0.959
0.954
0.959
0.97
0.95
0.956
0.958
0.969
0.95
0.955
0.935
0.938
0.928
0.913
0.902
0.896
0.899
0.894
0.887
0.902
0.893
0.874
0.896
0.88
0.881
0.888
0.879
0.879
0.91
0.923
0.937
0.938
0.965
0.966
0.985
0.993
0.996
0.993
1.004
1.003
1.009
1.001
0.996
0.999
1.004
0.999
0.999
0.987
0.993
0.989
0.997
0.988
0.963
0.965
0.963
0.964
0.954
0.965
0.957
0.959
0.951
0.961
0.945
0.912
0.901
0.895
0.895
0.9
0.912
0.932
0.936
0.959
0.971
0.973
0.982
0.982
0.978
0.992
0.997
1.006
1.008
1.007
1.004
1
1.002
1.002
1
0.995
0.993
0.981
0.985
0.992
0.989
0.997
1.002
1.002
1.003
1.011
0.997
1.001
0.993
0.985
0.987
0.982
0.991
0.99
0.981
1.006
0.999
1.002
0.998
0.988
0.983
0.987
0.971
0.979
0.971
0.968
0.976
0.965
0.973
0.977
0.983
0.985
0.99
0.985
0.98
0.991
0.978
0.988
0.989
0.981
0.974
0.971
0.967
0.973
0.962
0.963
0.953
0.894
0.921
0.89
0.891
0.886
0.869
0.867
0.856
0.854
0.841
0.851
0.848
0.839
0.847
0.826
0.825
0.816
0.815
0.811
0.81
0.811
0.796
0.793
0.785
0.784
0.788
0.785
0.785
0.782
0.76
0.734
0.721
0.7781034
0.784911
0.8367512
0.851
0.777
0.762
0.755
0.754
0.747
0.738
0.74
0.733
0.732
0.705
0.688
0.683
0.672
0.673
0.7440845
0.81
0.735
0.727
0.717
0.72
0.719
0.719
0.721
0.72
0.722
0.723
0.722
0.719
0.719
0.706
0.704
0.702
0.703
0.691
0.672
0.619
0.7050089
0.715
0.708
0.707
0.704
0.704
0.701
0.703
0.701
0.699
0.704
0.7
0.696
0.692
0.69
0.682
0.685
0.686
0.675
0.668
0.618
0.747
0.683
0.678
0.681
0.687
0.696
0.688
0.685
0.683
0.685
0.683
0.683
0.682
0.68
0.68
0.673
0.672
0.668
0.663
0.664
0.659
0.657
0.656
0.652
0.652
0.646
0.595
0.7043527
0.6646144
0.6102778
0.663
0.66
0.657
0.655
0.652
0.651
0.648
0.654
0.649
0.65
0.655
0.649
0.657
0.657
0.664
0.656
0.657
0.652
0.654
0.655
0.647
0.643
0.64
0.608
0.573
0.6024876
0.65
0.644
0.643
0.642
0.636
0.628
0.63
0.63
0.624
0.622
0.629
0.626
0.619
0.617
0.623
0.617
0.61
0.613
0.612
0.608
0.605
0.608
0.608
0.604
0.602
0.602
0.545
0.525
0.604
0.671
0.596
0.604
0.6
0.595
0.592
0.598
0.593
0.591
0.594
0.59
0.588
0.587
0.591
0.585
0.585
0.579
0.587
0.565
0.635
0.599
0.606
0.604
0.603
0.611
0.615
0.615
0.622
0.627
0.623
0.636
0.646
0.646
0.65
0.657
0.655
0.665
0.663
0.659
0.656
0.654
0.656
0.657
0.66
0.666
0.67
0.674
0.675
0.683
0.68
0.681
0.691
0.695
0.692
0.696
0.695
0.695
0.69
0.699
0.706
0.71
0.712
0.713
0.713
0.717
0.705
0.705
0.704
0.716
0.721
0.772
0.776
0.758
0.778
0.814
0.766
0.767
0.772
0.793
0.771
0.781
0.82
0.781
0.819
0.779
0.833
0.776
0.801
0.839
0.795
0.842
0.837
0.841
0.854
0.865
0.811
0.809
0.826
0.811
0.829
0.863
0.81
0.874
0.833
0.847
0.885
0.836
0.889
0.849
0.845
0.873
0.891
0.864
0.905
0.863
0.902
0.893
0.859
0.91
0.896
0.901
0.908
0.893
0.866
0.899
0.851
0.913
0.887
0.867
0.917
0.914
0.915
0.938
0.935
0.92
0.937
0.917
0.895
0.939
0.919
0.878
0.935
0.93
0.925
0.931
0.932
0.891
0.891
0.908
0.913
0.873
0.93
0.929
0.8896451
0.9409263
0.964
0.935
0.882
0.926
0.883
0.896
0.923
0.909
0.911
0.921
0.921
0.884
0.896
0.896
0.864
0.91
0.883
0.88
0.877
0.864
0.861
0.885
0.865
0.896
0.895
0.904
0.922
0.926
0.928
0.928
0.918
0.916
0.938
0.94
0.944
0.939
0.949
0.935
0.903
0.921
0.889
0.869
0.869
0.87
0.847
0.877
0.875
0.856
0.899
0.854
0.825
0.856
0.814
0.804
0.801
0.8949686
0.801
0.858
0.802
0.818
0.811
0.829
0.8
0.838
0.818
0.817
0.849
0.8971834
0.876
0.908
0.843
0.843
0.84
0.833
0.814
0.865
0.8891847
0.8686991
0.952
0.957
0.948
0.957
0.898
0.832
0.824
0.831
0.846
0.826
0.836
0.892
0.833
0.968
0.942333
0.964
0.892
0.846
0.821
0.84
0.803
0.838
0.831
0.834
0.861
0.898
0.893
0.896
0.89
0.843
0.847
0.952
0.919
0.921
0.892
0.9
0.917
0.912
0.95
0.955
0.957
0.96
0.964
0.953
0.942
0.866
0.857
0.862
0.951
0.956
0.949
0.952
0.957
0.936
0.938
0.945
0.954
0.943
0.917
0.877
0.943
0.91
0.863
0.878
0.869
0.896
0.888
0.896
0.901
0.898
0.897
0.896
0.896
0.892
0.872
0.874
0.894
0.877
0.872
0.843
0.844
0.861
0.862
0.884
0.877
0.897
0.948
0.907
0.908
0.873
0.912
0.894
0.881
0.872
0.876
0.875
0.847
0.839
0.841
0.886
0.83
0.854
0.833
0.833
0.843
0.873
0.853
0.851
0.825
0.83
0.851
0.845
0.862
0.878
0.896
0.907
0.891
0.851
0.85
0.87
0.862
0.869
0.877
0.869
0.879
0.877
0.887
0.87
0.871
0.878
0.887
0.909
0.901
0.882
0.825
0.853
0.869
0.891
0.894
0.905
0.922
0.893
0.87
0.904
0.887
0.865
0.883
0.873
0.843
0.865
0.818
0.822
0.85
0.854
0.864
0.871
0.861
0.867
0.877
0.88
0.905
0.935
0.928
0.942
0.961
0.8977727
0.973
0.931
0.926
0.926
0.927
0.931
0.932
0.938
0.945
0.94
0.926
0.916
0.899
0.897
0.887
0.897
0.892
0.876
0.876
0.883
0.89
0.896
0.886
0.882
0.89
0.892
0.881
0.873
0.864
0.854
0.847
0.838
0.827
0.831
0.85
0.873
0.876
0.899
0.925
0.901
0.874
0.895
0.881
0.863
0.87
0.874
0.876
0.893
0.903
0.912
0.905
0.877
0.885
0.866
0.861
0.849
0.845
0.868
0.892
0.893
0.915
0.922
0.9
0.905
0.91
0.924
0.896
0.896
0.895
0.89
0.882
0.884
0.881
0.869
0.872
0.845
0.854
0.85
0.853
0.848
0.833
0.84
0.857
0.872
0.88
0.895
0.876
0.86
0.864
0.834
0.804
0.834
0.83
0.838
0.857
0.847
0.837
0.83
0.845
0.87
0.892
0.908
0.911
0.931
0.945
0.946
0.968
0.955
0.93
0.918
