0.7986138
0.8199028
0.8147936
0.7927188
0.8110326
0.8414988
0.830603
0.8091843
0.8238366
0.8381017
0.8228431
0.8015779
0.8224495
0.8357206
0.8167002
0.8359158
0.8644524
0.8563069
0.8277824
0.8225916
0.8471779
0.8474898
0.7986537
0.7726088
0.7863265
0.7918758
0.7756198
0.7655363
0.7865954
0.8116999
0.8079595
0.7898657
0.793615
0.8113843
0.8017201
0.7754191
0.7897292
0.8186669
0.8200255
0.8078537
0.8198149
0.8482565
0.8397741
0.8132955
0.8145642
0.8390244
0.8410148
0.811634
0.8185489
0.8341892
0.8053799
0.7838159
0.8133868
0.8300475
0.8096006
0.8133006
0.8368989
0.8307624
0.7999737
0.8073158
0.82219
0.8004376
0.7756103
0.7748865
0.7947949
0.7988499
0.7834514
0.7883948
0.8038709
0.7975636
0.7842637
0.7921451
0.8038496
0.7882758
0.7692326
0.7759821
0.7872838
0.7805457
0.7724851
0.7879698
0.8102978
0.8033432
0.7825554
0.7950608
0.8151204
0.8078087
0.7901723
0.7941261
0.8165225
0.8086314
0.7811461
0.7843124
0.7983801
0.7917414
0.7806689
0.7923197
0.8126032
0.8011204
0.7779189
0.7807949
0.7912964
0.7736396
0.7609486
0.7797923
0.8073911
0.8075262
0.7851835
0.793325
0.8056031
0.7883512
0.7650566
0.7616336
0.7766197
0.778772
0.7640553
0.7714519
0.790244
0.7788761
0.7579999
0.7606028
0.7828707
0.7855924
0.7521239
0.7549965
0.7668291
0.7425308
0.7415733
0.745878
0.7473741
0.7550234
0.7402075
0.7132834
0.7007443
0.7117093
0.7318005
0.7527838
0.7534912
0.7363493
0.7142911
0.7199998
0.7451752
0.7190561
0.7199782
0.7277061
0.7099157
0.7193352
0.7328458
0.7593444
0.7675323
0.7699856
0.7982181
0.8232393
0.8337741
0.8073061
0.7850593
0.7983244
0.814611
0.7979783
0.7758525
0.7968717
0.8151106
0.8026679
0.7883563
0.8071104
0.8197806
0.7931828
0.7870103
0.8065067
0.815911
0.7977626
0.7728497
0.7776778
0.7817107
0.7792111
0.7657051
0.7568721
0.7821521
0.8033977
0.7859695
0.7765039
0.803916
0.8182873
0.7955967
0.7769459
0.787606
0.8056183
0.8007408
0.7780158
0.785407
0.8088666
0.804972
0.7889042
0.7945075
0.8045495
0.7942455
0.7794894
0.7849053
0.8041611
0.7980996
0.7748221
0.7769369
0.7782159
0.7673491
0.749331
0.7477212
0.775309
0.7791541
0.7577132
0.7498532
0.7493579
0.7405537
0.7203289
0.7098136
0.7213746
0.7301423
0.717031
0.7026631
0.7099264
0.7186368
0.712201
0.698158
0.7024148
0.7115246
0.7149341
0.708576
0.7074683
0.725509
0.7457454
0.7447596
0.7347866
0.7470106
0.7591871
0.7504021
0.7342285
0.7393935
0.7461527
0.7376946
0.7294843
0.7336426
0.7461074
0.7491476
0.7347571
0.7326331
0.7556285
0.7802852
0.7801877
0.7557721
0.7334938
0.7134793
0.7148
0.7360216
0.7269596
0.706898
0.7141254
0.7241461
0.7245692
0.7135026
0.7001884
0.6860316
0.6829138
0.7025422
0.7275721
0.7701682
0.806422
0.8072476
0.8047298
0.8011843
0.7845162
0.7711297
0.7593993
0.7503554
0.7531385
0.7564202
0.7555867
0.7588376
0.7684048
0.7716894
0.7607105
0.7454361
0.7338016
0.7297626
0.7368476
0.7446142
0.7596964
0.7806085
0.7742025
0.7702449
0.7864346
0.7895003
0.7791482
0.7591889
0.750683
0.755893
0.7593453
0.7646074
0.7515007
0.7406269
0.7504282
0.7616687
0.7576204
0.7340271
0.725965
0.7236495
0.7027769
0.6862562
0.6887144
0.6902137
0.6907572
0.6990947
0.7058906
0.7031134
0.6920027
0.6920602
0.7019108
0.7188685
0.7218798
0.7030679
0.6973688
0.6967286
0.6995381
0.7032951
0.7012602
0.7103601
0.7178497
0.7204214
0.7177545
0.7195397
0.7367999
0.7627812
0.7696164
0.7692228
0.7879574
0.7990563
0.793133
0.7821428
0.7816943
0.7826129
0.7819086
0.7626065
0.7473002
0.7608382
0.7650374
0.7690694
0.7593748
0.7323517
0.7294705
0.7244851
0.709504
0.6822066
0.6931164
0.7225074
0.7048984
0.7134538
0.7076814
0.7022159
0.7282079
0.7465619
0.7389242
0.7137368
0.7165592
0.7202349
0.721742
0.7154586
0.7104783
0.7279556
0.7556937
0.764677
0.7516261
0.7558999
0.7718017
0.7751738
0.758762
0.7490047
0.7571148
0.7680655
0.7641888
0.7438152
0.7354483
0.7317848
0.734674
0.7311949
0.7223719
0.7331282
0.7477832
0.7522273
0.7344121
0.7348784
0.7493048
0.7556598
0.7490018
0.7367455
0.7479879
0.7581663
0.7485943
0.7374825
0.7532818
0.772293
0.759807
0.7347677
0.7364821
0.7293323
0.7195784
0.745251
0.7720371
0.7707064
0.748328
0.7423712
0.7470526
0.7526167
0.7375343
0.7167084
0.7251374
0.7318338
0.7325651
0.7173526
0.7072713
0.7272816
0.7437964
0.7578676
0.7490523
0.7299409
0.7446348
0.7564898
0.7717445
0.7691352
0.7457966
0.7557906
0.7588949
0.756879
0.7486959
0.7374006
0.7466744
0.7562863
0.7534376
0.7374517
0.7395704
0.7536726
0.768121
0.7585497
0.7442841
0.764525
0.7812999
0.7743729
0.7467718
0.7380799
0.7446831
0.7493494
0.7435088
0.7331566
0.7455827
0.7688192
0.7727395
0.7532279
0.7617659
0.7836492
0.7825046
0.7612149
0.7501445
0.7574345
0.7560732
0.7342599
0.7224646
0.7331882
0.7453062
0.7538188
0.7329548
0.7223553
0.7291735
0.7150912
0.6905387
0.6747573
0.6645334
0.6508061
0.6547165
0.6520686
0.6446419
0.6522331
0.6453654
0.6379815
0.6351524
0.6282877
0.6279626
0.6278047
0.620694
0.6149517
0.6194876
0.6173706
0.6135961
0.6149819
0.6130945
0.6130206
0.6150906
0.6212275
0.6229928
0.615846
0.6194503
0.6277491
0.6304617
0.6422898
0.6584121
0.6816357
0.6885999
0.6761108
0.6731886
0.6750132
0.6689525
0.6597501
0.6494293
0.6260083
0.6204388
0.6173792
0.618214
0.6393344
0.6421888
0.6408448
0.644667
0.6354439
0.6309438
0.6334033
0.6340592
0.6322142
0.620467
0.6245199
0.6240116
0.6066808
0.609784
0.606027
0.5965592
0.6002431
0.5972497
0.5931396
0.5872871
0.590213
0.5888323
0.5826115
0.5904265
0.5896258
0.5904985
0.5835517
0.5707835
0.5724
0.5688736
0.5659124
0.5644609
0.5698925
0.5724508
0.5662848
0.5711435
0.5742424
0.5751392
0.5731775
0.5737762
0.5731397
0.5674063
0.5688001
0.5710879
0.5796907
0.5818504
0.576853
0.5769853
0.5760654
0.5748531
0.5709438
0.5728762
0.5708903
0.567159
0.5705428
0.5714991
0.5702233
0.5645947
0.568605
0.5687917
0.5620836
0.5661819
0.5649946
0.5649494
0.5640123
0.560784
0.5607576
0.5528709
0.5545059
0.5583507
0.5583912
0.5622725
0.554873
0.5569859
0.5625161
0.5635022
0.5711867
0.565738
0.5614611
0.5573581
0.5505355
0.5469083
0.5414552
0.5395565
0.5362871
0.5339699
0.5317873
0.532792
0.5302548
0.5299322
0.5343849
0.5359983
0.5387375
0.5381786
0.5435292
0.5431591
0.5420775
0.5440034
0.5470322
0.5566253
0.5533598
0.5563116
0.5578699
0.5510657
0.552912
0.5517977
0.5549421
0.5527553
0.5516629
0.5599042
0.5551574
0.5519427
0.5534563
0.5518112
0.5532466
0.5513432
0.5546132
0.555141
0.5505662
0.5546397
0.5513803
0.5497743
0.5502957
0.5517307
0.5588421
0.5554792
0.5577995
0.5587805
0.5562711
0.5547854
0.5509052
0.5586292
0.5579492
0.5574965
0.5626497
0.5637793
0.5670139
0.560124
0.5593877
0.5636258
0.5572391
0.5587274
0.5569626
0.5497748
0.5525384
0.54954
0.5485987
0.5494522
0.5482836
0.5536731
0.5504623
0.5518921
0.5549223
0.5515917
0.5523231
0.5493734
0.5514619
0.5526027
0.5510482
0.5515142
0.5485625
0.5498034
0.5463333
0.5469628
0.5488767
0.5435158
0.5436745
0.5419348
0.5438408
0.5408686
0.5407202
0.5462953
0.5416055
0.5431521
0.5484906
0.5505171
0.546877
0.5482592
0.5496004
0.5437845
0.5456406
0.5457499
0.5447417
0.5415346
0.5404088
0.543045
0.5387717
0.5433455
0.54302
0.540369
0.5461302
0.5446011
0.543738
0.5406925
0.5423764
0.5457312
0.5458159
0.5467238
0.5477489
0.5510151
0.5486236
0.5490334
0.5481758
0.5510042
0.5560498
0.5541643
0.554898
0.5482616
0.5460454
0.5458622
0.5429412
0.5469914
0.5466079
0.5513319
0.5635157
0.5756292
0.5826928
0.5810681
0.5813751
0.5833588
0.5759117
0.5677415
0.5629635
0.5594669
0.5594725
0.556247
0.5575071
0.5598534
0.5617371
0.5681505
0.5694187
0.5710505
0.5802828
0.5793062
0.568016
0.5667165
0.5633306
0.55623
0.5536909
0.552534
0.555697
0.563569
0.5688963
0.5702152
0.5728077
0.5684339
0.571064
0.57229
0.5722192
0.5935289
0.6080012
0.6135238
0.6144678
0.6099656
0.6089714
0.602515
0.5959916
0.5939779
0.5942991
0.5944007
0.5983005
0.6120369
0.6233723
0.6229804
0.6215582
0.6288201
0.6312965
0.6268569
0.6230574
0.6335357
0.6483265
0.6426506
0.6407734
0.652208
0.6470599
0.6326996
0.6398073
0.6410686
0.6241345
0.6211332
0.6331886
0.6455186
0.6566474
0.6525826
0.6313779
0.6297257
0.6449525
0.6469752
0.6379284
0.6336739
0.636468
0.6382873
0.6309956
0.6270777
0.6407008
0.6534259
0.6474758
0.6382798
0.6390128
0.6463967
0.6486524
0.6390461
0.6392958
0.6393406
0.6255638
0.6159738
0.607619
0.5942599
0.5853287
0.5861079
0.5864046
0.584892
0.5894527
0.6065234
0.6268437
0.6310926
0.6304552
0.6434345
0.666769
0.6799562
0.6788048
0.6852346
0.7051497
0.7120969
0.6884237
0.6706818
0.689022
0.7050277
0.6862504
0.6752976
0.695437
0.70915
0.6897692
0.6826008
0.7141127
0.7350583
0.7367366
0.7094059
0.6880861
0.7021583
0.696516
0.6717956
0.6614058
0.6760341
0.6882738
0.6746922
0.6669593
0.6884773
0.6977984
0.6755981
0.6674935
0.6806607
0.6864011
0.6702231
0.6619917
0.6851024
0.7055191
0.6956634
0.6839589
0.6903268
0.7019414
0.6981656
0.6746427
0.6638981
0.6714979
0.6802253
0.6678206
0.6573362
0.6699449
0.6928623
0.698507
0.6873498
0.6869265
0.6879499
0.6836071
0.6575426
0.6592384
0.6363894
0.6498122
0.7067959
0.6455343
0.6212503
0.6495126
0.656476
0.6590746
0.6568673
0.6686697
0.6830672
0.6803936
0.6636614
0.6663321
0.6831702
0.6891849
0.6843105
0.6925821
0.7161391
0.7312478
0.7206516
0.7227939
0.7426284
0.7562984
0.740683
0.7242492
0.7335338
0.7493755
0.7523577
0.7358518
0.7378973
0.7504643
0.7598367
0.7509328
0.7389754
0.7550789
0.7596493
0.7311291
0.7143299
0.7217701
0.7212941
0.7094405
0.698971
0.6841591
0.6574554
0.6499578
0.6594194
0.652471
0.6490065
0.6578113
0.6730502
0.6757663
0.6649931
0.6788474
0.7090365
0.7345902
0.7295536
0.716451
0.7371086
0.7438642
0.7199221
0.7075087
0.711827
0.7079748
0.6885829
0.6777646
0.6892417
0.7085822
0.7029584
0.6997567
0.7300661
0.7410733
0.7215657
0.7140626
0.7252861
0.727404
0.7053546
0.6884276
0.6930671
0.710823
0.7159541
0.7011658
0.7091147
0.7210227
0.7037602
0.6886882
0.6962534
0.7105117
0.7146554
0.6946253
0.684097
0.6865512
0.6742419
0.6630869
0.6683139
0.6933798
0.7066849
0.7102188
0.7161283
0.7114017
0.7037606
0.6837736
0.6580907
0.6498906
0.6444159
0.6326092
0.6303764
0.6264603
0.6193677
0.6083946
0.6146633
0.6730217
0.6740969
0.6098605
0.5992021
0.6122365
0.617505
0.6294594
0.6337692
0.6368751
0.6461297
0.6603945
0.669541
0.6628517
0.6624159
0.6701825
0.6771329
0.6678365
0.6492091
0.6452991
0.6456416
0.6408787
0.6344221
0.6383761
0.6417662
0.6394936
0.6372495
0.647306
0.6571122
0.6563545
0.6640739
0.6804072
0.6826212
0.6719949
0.6848702
0.6927358
0.6928386
0.7014894
0.6867089
0.6654041
0.6545906
0.6478441
0.6619194
0.6819453
0.674265
0.6687538
0.6844684
0.6958523
0.6955984
0.6904323
0.6978673
0.713722
0.7174035
0.7013919
0.6847457
0.6848893
0.6777018
0.6584316
0.6484117
0.6544392
0.6696829
0.6673382
0.6523006
0.6426268
0.631268
0.6332452
0.6385979
0.6390406
0.644892
0.6612888
0.6708039
0.6610714
0.6655541
0.6910376
0.7129989
0.7181946
0.7258742
0.7430608
0.7487952
0.7330848
0.7248215
0.7251828
0.7191364
0.6990636
0.6775884
0.6803147
0.6861058
0.6891877
0.6768958
0.6639518
0.6735839
0.6850768
0.7029344
0.7076689
0.6926415
0.698224
0.7139851
0.7197505
0.7199234
0.7025503
0.6827162
0.6831578
0.6907199
0.710715
0.7174502
0.6931031
0.6884195
0.7008665
0.7105565
0.7188759
0.7053897
0.6890426
0.6937476
0.7062896
0.7052381
0.6818792
0.673595
0.6850106
0.6907887
0.6852134
0.6730936
0.6795617
0.69358
0.7072405
0.7119992
0.6944007
0.6895446
0.7034957
0.714112
0.7063389
0.69146
0.6946485
0.7072351
0.7142981
0.7066116
0.7017801
0.7135845
0.7216569
0.7066669
0.6909305
0.6933934
0.7063953
0.7109211
0.7001472
0.7054855
0.720951
0.7366356
0.727117
0.7058949
0.7119757
0.7237553
0.7187406
0.7148859
0.7227218
0.7262117
0.7209286
0.6991943
0.6911255
0.6992659
0.6905647
0.6871643
0.7031537
0.7195738
0.736782
0.7426668
0.7232089
0.6927544
0.6768146
0.6717663
0.6722353
0.6805962
0.6795825
0.6692555
0.6667302
0.6732378
0.6865082
0.701978
0.6895954
0.6656059
0.6623854
0.6529692
0.6325105
0.6377197
0.6508906
0.6500163
0.6546593
0.6708882
0.6809089
0.6734486
0.6673364
0.6809626
0.6936381
0.6822173
0.6765329
0.6874718
0.6985367
0.696021
0.6889392
0.6921916
0.7012953
0.69678
0.6764781
0.6741626
0.6688838
0.6607706
0.6726898
0.6848781
0.6931393
0.6907152
0.6884468
0.6964786
0.6990158
0.6847117
0.6683427
0.6772739
0.676036
0.6623388
0.6683692
0.6772208
0.6862031
0.6819787
0.6744954
0.6882753
0.6974699
0.702327
0.7001315
0.6884037
0.6916411
0.6964836
0.6991634
0.688814
0.668116
0.6614336
0.6584022
0.6546902
0.6456555
0.6381615
0.6366536
0.6277507
0.6579759
0.722968
0.7512081
0.757275
0.7576401
0.7517886
0.7289939
0.6905739
0.6630038
0.644361
0.6397562
0.6429499
0.6486037
0.6560298
0.6622046
0.6607563
0.661516
0.6733845
0.6857695
0.7036574
0.7152512
0.7078331
0.7078695
0.7308501
0.7455568
0.7521832
0.7423378
0.7354538
0.748901
0.7538467
0.7382354
0.7193354
0.7280044
0.7366538
0.7390252
0.7334577
0.7280795
0.7324081
0.7371476
0.7356367
0.723452
0.7181901
0.7232585
0.7294071
0.728145
0.7217622
0.7153247
0.7242055
0.7388755
0.7496302
0.7430322
0.726228
0.7341189
0.7370058
0.7286863
0.7150614
0.703398
0.7100793
0.7242321
0.7272846
0.7089398
0.7020446
0.7161925
0.7317155
0.7172059
0.6995394
0.7130016
0.7208665
0.7192662
0.7120033
