1.048
1.046
1.026
1.046
1.052
1.041
1.046
1.061
1.056
1.052
1.059
1.057
1.038
1.054
1.066
1.034
1.048
1.051
1.039
1.032
1.042
1.044
1.032
1.045
1.047
1.031
1.041
1.047
1.034
1.055
1.057
1.039
1.06
1.062
1.052
1.049
1.037
1.034
1.003
1.001
1.031381
1.037827
1.0731
1.043586
0.983
1.002
1.011
1.014
1.023
1.035
1.028
1.048
1.055
1.04
1.052
1.063
1.048
1.049
1.044
1.048
1.035
1.027
1.042
1.042
1.027
1.043
1.052
1.027
1.043
1.041
1.019
1.041
1.045
1.034
1.046
1.056
1.04
1.049
1.061
1.053
1.064
1.071
1.08
1.072
1.03584
1.06689
1.041792
1.007358
1.018466
1.022904
1.055574
1.038144
1.038603
1.078
1.032147
1.084
1.075
1.086
1.077
1.065
1.072
1.063
1.028
1.021
1.026
1.015
1.001
0.989
0.987
0.982
0.979
0.988
0.991
0.983
0.993
0.986
0.969
0.986
0.967
1.007137
0.974
0.962
1.05093
1.024574
0.9749724
1.026826
1.002729
0.952
0.976
0.984
0.984
0.995
1.005
1.001
1.006
1.024
1.032
1.023
1.024
0.994
0.999
1.015
1.021
1.016
1.023
1.031
1.028
1.009
1.015
1.016
0.99
1.004
1.011
1.013
1.011
1.031
1.024
1.019
1.03
1.029
1.019
1.029
1.032
1.017
1.03
1.038
1.019
1.012
1.008
1.002
1.006
0.995
1
0.992
0.987
1.007
1.013
0.995
1.005
0.988
0.976
0.958
0.957
0.9802688
0.9977092
0.947
0.961
0.974
0.979
0.964
0.979
0.997
1.001
1.018
1.031
1.04
1.031
1.028
1.038
1.041
1.026
1.004
1.016
1.005
1.01
0.992
1
0.975
0.978
0.99
0.984
0.998
1.007
1.01
0.987
0.991
0.992
0.995
0.988
0.996
0.991
0.995
1.01
1.019
1.019
1.023
1.034
1.032
1.023
1.03
1.026
1.007
1.025
1.029
1.018
1.035
1.039
1.037
1.03
1.043
1.042
1.034
1.048
1.056
1.033
1.049
1.06
1.054
1.048
1.068
1.062
1.043
1.052
1.037
1
1.005
1.001
1.004
0.979
1.01
1.007
0.995
1.011
1.013
1.012
1.017
1.034
1.026
1.022
1.032
1.031
1.017
1.014
1.013
1.008
0.984
0.979
0.963
0.973
0.963
0.971
0.961
0.974
0.979
0.992
0.986
1
1.012
1.011
1.01
1.023
1.031
1.024
1.037
1.042
1.038
1.035
1.047
1.043
1.023
1.032
1.028
1.011
1
1.01
0.967
0.968
0.9977386
1.003359
1.005213
0.9840744
1.033867
1.02026
0.965
0.99
1.001
1.007
0.993
1.018
1.024
1.021
1.024
1.011
1
0.999
0.98
0.985
1.001
1.021
1.035
1.048
1.063
1.069
1.053
0.9884771
1.068
1.049
1.05
1.057
1.032
1.054
1.057
1.031
1.025059
1.058
1.032
1.004465
0.9887358
1.010776
1.008932
1.006289
1.002121
0.9979056
0.9841698
0.977776
1.034
1.024
1.001
1.002
0.982
0.973
0.973
0.953
0.94
0.938
0.923
0.925
0.917
0.91
0.904
0.908
0.906
0.9
0.906
0.908
0.899
0.911
0.912
0.912
0.912
0.929
0.924
0.916
0.933
0.932
0.922
0.93
0.921
0.895
0.907
0.892
0.883
0.887
0.871
0.866
0.872
0.861
0.851
0.867
0.851
0.846
0.851
0.847
0.839
0.853
0.85
0.845
0.864
0.856
0.851
0.859
0.855
0.851
0.864
0.854
0.856
0.854
0.845
0.854
0.837
0.854
0.846
0.835
0.844
0.839
0.821
0.84
0.827
0.819
0.834
0.826
0.805
0.832
0.814
0.813
0.817
0.803
0.825
0.816
0.81
0.827
0.819
0.809
0.841
0.827
0.816
0.838
0.836
0.822
0.847
0.832
0.82
0.838
0.823
0.808
0.827
0.811
0.798
0.82
0.809
0.789
0.812
0.801
0.79
0.806
0.803
0.784
0.811
0.799
0.788
0.813
0.798
0.787
0.812
0.798
0.789
0.814
0.788
0.795
0.813
0.793
0.787
0.813
0.8
0.779
0.806
0.802
0.779
0.797
0.797
0.778
0.801
0.794
0.775
0.791
0.794
0.776
0.784
0.788
0.772
0.784
0.789
0.771
0.78
0.791
0.774
0.782
0.789
0.773
0.782
0.79
0.781
0.779
0.8
0.783
0.771
0.783
0.788
0.77
0.776
0.787
0.778
0.772
0.782
0.806
0.796
0.79
0.787
0.801
0.79
0.797
0.807
0.8
0.801
0.812
0.803
0.81
0.82
0.819
0.841
0.842
0.835
0.859
0.86
0.848
0.862
0.863
0.848
0.88
0.858
0.854
0.841
0.854
0.869
0.854
0.872
0.871
0.859
0.879
0.883
0.874
0.892
0.902
0.903
0.925
0.924
0.927
0.931
0.927
0.932
0.938
0.925
0.927
0.891
0.886
0.879
0.897
0.901
0.892
0.922
0.928
0.924
0.932
0.931
0.923
0.926
0.919
0.92
0.939
0.925
0.936
0.952
0.938
0.952
0.961
0.943
0.967
0.972
0.956
0.974
0.957
0.952
0.956
0.938
0.942
0.948
0.938
0.949
0.957
0.961
0.962
0.976
0.962
0.95
0.96
0.944
0.937
0.94
0.918
0.925
0.918
0.915
0.924
0.933
0.932
0.935
0.942
0.943
0.937
0.943
0.952
0.945
0.951
0.947
0.948
0.954
0.954
0.947
0.961
0.968
0.949
0.961
0.963
0.96
0.976
0.982
0.964
0.978
0.977
0.956
0.96
0.946
0.94
0.945
0.942
0.938
0.945
0.932
0.928
0.94
0.944
0.938
0.951
0.954
0.948
0.964
0.957
0.952
0.965
0.965
0.96
0.97
0.978
0.963
0.975
0.981
0.968
0.982
0.988
0.973
0.979
0.99
0.975
0.981
0.988
0.968
0.983
0.987
0.97
0.975
0.979
0.964
0.956
0.976
0.983
0.961
0.964
0.96
0.962
0.946
0.943
0.917
0.923
0.93
0.941
0.953
0.955
0.971
0.969
0.959
0.964
0.96
0.953
0.955
0.95
0.955
0.962
0.963
0.959
0.977
0.978
0.967
0.982
0.98
0.975
0.983
0.979
0.976
0.982
0.967
0.97
0.972
0.961
0.968
0.971
0.967
0.973
0.986
0.979
0.977
0.989
0.982
0.979
0.981
0.966
0.961
0.968
0.973
0.958
0.968
0.966
0.958
0.97
0.97
0.955
0.967
0.973
0.963
0.976
0.976
0.967
0.972
0.977
0.971
0.971
0.974
0.955
0.966
0.975
0.967
0.968
0.979
0.975
0.976
0.985
0.982
0.976
0.988
0.977
0.965
0.973
0.979
0.973
0.978
0.98
0.974
0.982
0.994
0.983
0.994
1.008
0.994
0.998
1.005
0.984
0.998
0.998
0.983
0.994
0.993
0.977
0.981
0.974
0.961
0.964
0.961
0.961
0.955
0.97
0.982
0.963
0.98
0.971
0.963
0.967
0.97
0.957
0.967
0.975
0.969
0.978
0.986
0.978
0.987
0.993
0.981
0.986
0.997
0.988
0.985
0.997
0.986
0.984
0.994
0.995
0.986
1.001
0.996
0.976
0.989
0.984
0.968
0.961
0.96
0.937
0.94
0.941
0.947
0.959
0.953
0.964
0.967
0.96
0.962
0.967
0.955
0.954
0.962
0.968
0.964
0.97
0.978
0.98
0.996
1.004
1.012
1.013
1.021
1.015
0.994
1.002
1.003
1.005
0.998
0.997
1.005
1
1.011
1.02
1.009
1.02
1.021
1.007
1.003
1.013
1.01
0.999
1.014
1.021
