0.9502739
0.9103634
0.9616246
0.962017
0.9109038
0.9150046
0.9570981
0.932789
0.92284
0.963918
0.9349265
0.9096179
0.9408019
0.9180882
0.8916259
0.9316826
0.9384998
0.9017147
0.9288154
0.9466793
0.9078397
0.9312089
0.954762
0.9078254
0.9086271
0.9591718
0.9452201
0.9012152
0.92333
0.9607395
0.932232
0.9038051
0.9556303
0.9677416
0.9239887
0.9551946
0.9531072
0.9158813
0.9585667
0.9517604
0.9180748
0.962317
0.9481217
0.9188476
0.957337
0.950716
0.8928175
0.8603319
0.8777917
0.9006553
0.9250604
0.935779
0.9094729
0.9112389
0.9711923
0.9866823
0.9454552
0.9603301
1.00727
1.003809
0.9810767
1.017257
1.024338
0.9784786
0.9863806
0.9881082
0.9390403
0.9188611
0.9540868
0.9509112
0.9145917
0.939354
0.9379364
0.9133246
0.9554613
0.9564038
0.9164093
0.9550829
0.9766153
0.9439663
0.9740778
0.9803627
0.9257697
0.9314623
0.9518579
0.9169874
0.8989438
0.9415253
0.960515
0.923536
0.921055
0.9686395
0.9753509
0.9279454
0.9210333
0.939687
0.9217272
0.9083414
0.9403863
0.9718217
0.9447986
0.9197942
0.9404316
0.9736734
0.9658906
0.9462988
0.9723283
0.9465782
0.9160063
0.9345997
0.9013176
0.9124545
0.958339
0.9953043
1.041044
0.9787903
0.8939955
0.9433849
0.9999973
0.9481725
0.9034025
0.9563376
1.082671
1.053266
0.9553385
0.9857221
1.011725
1.060315
1.064137
0.9693566
0.9411818
0.9938106
0.996975
0.957766
0.9866855
1.012581
0.9512903
0.9839685
1.035281
0.9597108
0.9771128
1.002955
0.9529731
0.9478332
0.9893947
1.041564
1.017458
1.023737
1.031937
0.9551435
0.966033
1.000254
0.9629036
0.9461091
0.9836103
0.9991741
0.9808411
1.045167
1.096155
0.9932799
0.9249307
0.9474523
0.9198757
0.9241598
0.9389095
0.9082246
0.9391452
0.9615903
0.9210218
0.918369
0.9621414
0.958324
0.9474675
0.9747695
0.9516727
0.9501643
0.973636
0.9372437
0.9444829
0.9786314
0.935048
0.923673
0.9584819
0.9262899
0.9263426
0.9528141
0.9309235
0.9619226
0.9697891
0.9327594
0.9683599
0.9766361
0.9328741
0.9466948
0.9730607
0.9331911
0.9148274
0.9386027
0.9149612
0.8736046
0.8608491
0.8778373
0.9033793
0.9361693
0.9559038
0.9313471
0.9466053
1.015595
0.9606004
0.8885074
0.9613092
1.025427
1.007076
0.9783234
0.988374
0.9676831
0.9573537
0.994636
0.9754083
0.936466
0.9692298
0.976369
0.9259562
0.9383492
0.9480625
0.912775
0.9321594
0.9497129
0.9160027
0.9202936
0.9378059
0.9036386
0.8923301
0.9231486
0.9130533
0.883713
0.9026137
0.9176519
0.8861713
0.8863475
0.9084484
0.8871769
0.8662324
0.892324
0.9124945
0.8834961
0.8869381
0.9186078
0.8983659
0.8798418
0.9045106
0.9213059
0.8987201
0.8807401
0.9064077
0.9235439
0.8979986
0.8948203
0.9304589
0.9338584
0.9099404
0.91983
0.9584308
0.9515018
0.9367385
0.9230017
0.9338181
1.017359
1.063767
1.028482
0.9329038
0.9182545
0.9527786
0.9223289
0.9038248
0.9319436
0.9670229
0.9472162
0.9242065
0.9550569
0.9856528
0.9540736
0.94229
0.9683408
0.9678471
0.9615995
0.9344717
0.9304105
0.9409851
0.9519792
0.9787187
0.9552865
0.9261007
0.9657825
0.9796041
0.9281142
0.923071
0.9568414
0.9354194
0.916594
0.9677844
0.9707456
0.9334774
0.9656285
0.961428
0.9340709
0.9249876
0.9175899
1.010448
1.033327
0.9485304
0.9362703
0.9328638
0.9065878
0.938057
0.9480286
0.9086787
0.9255493
0.9399633
0.9019938
0.9020652
0.9297958
0.9036559
0.8991795
0.9285594
0.905126
0.8978997
0.9436697
0.9417234
0.9085911
0.9354252
0.9536495
0.9130674
0.9090791
0.9561668
0.9544332
0.9250475
0.9591773
0.9701535
0.9323677
0.9577834
0.9651612
0.9282148
0.9573899
0.9691688
0.924291
0.9418398
0.9746396
0.9285527
0.9191251
0.9639216
0.9375145
0.8998622
0.9366164
0.9527254
0.9141608
0.9240706
0.9381368
0.9046337
0.9107818
0.9413843
0.9289008
0.9090348
0.926805
0.8916389
0.8589357
0.9260068
0.9440456
0.8991318
0.8603369
0.8144452
0.7922772
0.8080007
0.817013
0.8013705
0.7963694
0.8087229
0.798837
0.7907981
0.7926063
0.7827587
0.7907607
0.7908887
0.772508
0.7809244
0.7852067
0.7785023
0.7930303
0.8197213
0.8409506
0.8411582
0.8518386
0.8431162
0.8171037
0.8409389
0.8449226
0.8112392
0.8234435
0.8258382
0.8021237
0.8248135
0.8270947
0.8032375
0.8230395
0.8337206
0.8121101
0.8056596
0.8163839
0.8142111
0.7965598
0.7764049
0.7935704
0.8025949
0.776536
0.7816212
0.7794563
0.7651884
0.7612582
0.7617635
0.7655626
0.7623735
0.7631042
0.7566607
0.7427904
0.7410378
0.7502964
0.7537572
0.7381791
0.7385705
0.750945
0.7523851
0.7509849
0.7440621
0.7491599
0.7568966
0.7539153
0.7446045
0.7359443
0.7320052
0.7302788
0.7306597
0.7269723
0.7256448
0.7303779
0.7166505
0.7033682
0.7074459
0.7005852
0.6866353
0.6854967
0.6854909
0.6743455
0.6773075
0.6811304
0.6720717
0.6694006
0.6805905
0.6947297
0.6821268
0.6834913
0.7083735
0.7013984
0.6904055
0.6854255
0.6908411
0.7036755
0.6911283
0.6947779
0.708365
0.6979591
0.7011526
0.7058997
0.6965609
0.7026023
0.6925338
0.6957305
0.7224931
0.7135095
0.7022474
0.7066494
0.6992028
0.6997934
0.703544
0.7048617
0.7012076
0.6955069
0.7210802
0.718344
0.6928268
0.6926809
0.7029063
0.692308
0.6870404
0.6961265
0.6889944
0.6964219
0.6919004
0.6922964
0.699193
0.6851018
0.6895619
0.6792107
0.6802156
0.7115612
0.706856
0.6804341
0.6777856
0.676096
0.6750952
0.6982655
0.6833535
0.6702149
0.6851843
0.6635525
0.6629286
0.6704503
0.6547157
0.6670855
0.6723648
0.6592422
0.662925
0.6680613
0.659507
0.6665737
0.6610123
0.6553959
0.6670157
0.6573228
0.6551307
0.6568263
0.6503544
0.6590681
0.6540609
0.6454273
0.6706599
0.6728167
0.6556685
0.650065
0.6553511
0.6523588
0.6421716
0.6524595
0.6483941
0.6358581
0.6563798
0.6573145
0.6490165
0.6775399
0.6701078
0.6465412
0.6518593
0.6566886
0.64614
0.6506177
0.6635133
0.6483986
0.6460358
0.6647556
0.6487913
0.6516489
0.697444
0.6898239
0.6651029
0.6812891
0.7062447
0.7088633
0.6997948
0.6961161
0.6919182
0.6959123
0.6969444
0.7015793
0.7092138
0.7114201
0.7173378
0.7105644
0.7102112
0.72792
0.7359242
0.7219067
0.7183687
0.7321884
0.7362212
0.7269663
0.717862
0.7306174
0.7428477
0.7255723
0.7113278
0.7067977
0.7355954
0.7706748
0.7557791
0.7653501
0.7968342
0.7910466
0.7884047
0.8264383
0.8244986
0.7957323
0.8296551
0.8405237
0.8009748
0.8006698
0.8320284
0.8241287
0.7944107
0.8064592
0.8321065
0.8215005
0.8030661
0.8424739
0.8652279
0.8254708
0.8462181
0.8570457
0.8453082
0.8679695
0.8236852
0.8311203
0.8670862
0.8132237
0.8198525
0.865154
0.8292683
0.8380221
0.8690376
0.8372749
0.8736009
0.8736986
0.8293049
0.8562199
0.8542007
0.8412217
0.8115987
0.836318
0.8965104
0.8493251
0.868886
0.8889567
0.845493
0.8959754
0.9040826
0.8726893
0.9097675
0.8875116
0.8629677
0.9157126
0.9071329
0.8565917
0.8850209
0.9200648
0.8877369
0.866648
0.9097432
0.9226818
0.8833777
0.9139387
0.9268854
0.8788528
0.8952064
0.9206993
0.8838091
0.8824317
0.8958941
0.875171
0.8984045
0.887406
0.8868901
0.9192886
0.8944947
0.918918
0.9258194
0.885453
0.8889002
0.8503085
0.8226355
0.8435499
0.8329361
0.8259622
0.8169212
0.7981702
0.809963
0.8174492
0.7994479
0.7883878
0.7778294
0.7546175
0.8069065
0.8965088
0.884663
0.8571004
0.8506637
0.8233703
0.8022471
0.8057336
0.8059392
0.8041805
0.8016146
0.7963002
0.8041777
0.8023163
0.8012765
0.8157706
0.8301725
0.8192061
0.810672
0.7991327
0.785882
0.7999918
0.8309088
0.8342828
0.8296839
0.8533315
0.8352474
0.8115847
0.8400908
0.8514204
0.8172667
0.8244057
0.8487371
0.8395853
0.8580029
0.888706
0.8972453
0.8756188
0.8545791
0.8801432
0.9084211
0.8789141
0.8576176
0.8782806
0.8641478
0.8415279
0.8467341
0.8553655
0.847828
0.847768
0.8912308
0.9325435
0.9177601
0.9006955
0.958783
0.982064
0.9592195
0.9991214
0.9982312
0.9638841
0.9926652
0.9759861
0.951543
0.9906357
0.9598035
0.9086073
0.9609082
0.9744883
0.934455
0.9628229
0.9472614
0.936121
0.9624525
0.9409209
0.9734087
0.9727637
0.9172737
0.9555926
0.9767269
0.9342366
0.9667146
0.9736362
0.9318733
0.956641
0.9606535
0.9718057
0.9726464
0.959416
0.9700401
0.9379996
0.9562723
0.969973
0.9290108
0.9573185
0.9562509
0.9115758
0.9504142
0.9449149
0.9006649
0.9495923
0.934379
0.9062905
0.9406309
0.8882973
0.8458144
0.8645353
0.8585015
0.8524609
0.8700739
0.8638777
0.8604644
0.8683906
0.872334
0.8792559
0.8805613
0.8838286
0.8587935
0.8536884
0.8555669
0.8392577
0.8642814
0.8589778
0.8425931
0.855979
0.8482163
0.8372503
0.8363452
0.8461946
0.8495835
0.8481268
0.8371587
0.8579038
0.876843
0.8539989
0.8691728
0.8723936
0.8403131
0.8414913
0.8796034
0.8982464
0.8710661
0.8920489
0.9220245
0.9496497
0.9840353
0.9271947
0.9320933
0.947755
0.8784238
0.861981
0.8735739
0.845705
0.83928
0.8964489
0.9113612
0.8721107
0.8793226
0.9141606
0.9113853
0.8889985
0.8755628
0.8931512
0.9156535
0.8927479
0.9123369
0.9483077
0.9314728
0.9404743
0.9283481
0.911311
0.9487848
0.9659785
0.9486094
0.9315501
0.9359895
0.9681078
0.9505506
0.9204688
0.9564905
0.9500694
0.9142691
0.930931
0.9244227
0.8768928
0.8801538
0.91515
0.8969279
0.8890907
0.9132709
0.8915181
0.8931629
0.8963152
0.8801694
0.9102235
0.8967928
0.8909969
0.9154017
0.8888165
0.8697602
0.8663109
0.8603533
0.8472256
0.8442693
0.8714135
0.8687575
0.8638318
0.9010255
0.8933838
0.8851437
0.9198643
0.8992901
0.8885988
0.9199509
0.901211
0.8915897
0.9251705
0.9132674
0.8979324
0.9432736
0.9594404
0.9400966
0.9695143
0.964209
0.9434345
0.9810907
0.9546134
0.9499896
0.9767173
0.9577519
0.9969158
0.9839088
0.9500672
0.9807712
0.9565969
0.9565862
0.9584262
0.8957502
0.9057454
0.9314136
0.885914
0.8788122
0.9228619
0.9194538
0.8905374
0.9173553
0.9515285
0.9229643
0.9068581
0.9562325
0.9564917
0.9176569
0.9507926
0.9658492
0.9335048
0.9581587
0.957506
0.914341
0.9490313
0.9701652
0.9190062
0.8968884
