1.066384
1.033046
1.041988
1.037568
1.009366
1.01754
1.044541
1.02552
0.9907576
1.014099
1.014637
0.9922019
1.011349
1.013282
1.005009
1.003403
0.9932854
0.9740648
0.9847413
1.009991
1.0241
1.012046
0.9718343
0.9737304
0.9868944
0.9994127
1.017912
1.021153
1.036008
1.03182
1.003839
1.023534
1.048666
1.04734
1.075798
1.070499
1.04396
1.063438
1.068658
1.086587
1.097418
1.076192
1.059697
1.033376
1.044504
1.067913
1.069351
1.053567
1.0509
1.067687
1.064632
1.056516
1.046093
1.067677
1.09406
1.082162
1.085192
1.085127
1.069959
1.07957
1.089985
1.074751
1.07181
1.076427
1.061246
1.074033
1.077728
1.055807
1.076116
1.082489
1.059842
1.06697
1.076467
1.060396
1.045909
1.062017
1.061279
1.040287
1.067205
1.082025
1.057601
1.085273
1.109488
1.080091
1.078238
1.101035
1.090134
1.059626
1.058741
1.063487
1.062701
1.049836
1.025406
1.043881
1.051707
1.040718
1.07124
1.085037
1.067364
1.067071
1.082114
1.089939
1.080148
1.070814
1.080201
1.073036
1.047821
1.049121
1.071122
1.076924
1.064059
1.077762
1.082466
1.042601
1.025763
1.041289
1.071175
1.084626
1.060618
1.061797
1.070593
1.061086
1.067966
1.061581
1.029118
1.029669
1.05518
1.047463
1.041029
1.064652
1.0507
1.033618
1.003709
0.9840442
1.012028
0.9924717
0.9772853
0.9954821
1.005933
1.015566
1.049501
1.067779
1.087045
1.112819
1.122633
1.109491
1.074028
1.078688
1.078034
1.045923
1.043226
1.051817
1.050047
1.042478
1.029418
1.034614
1.048245
1.045129
1.028021
1.038771
1.052782
1.04429
1.046799
1.074803
1.077974
1.053311
1.060799
1.047944
1.019686
1.043143
1.048073
1.025845
1.03897
1.048876
1.044803
1.04273
1.050809
1.050798
1.030448
1.04499
1.048396
1.018725
1.02606
1.028655
1.014904
1.03065
1.052433
1.045447
1.036462
1.06007
1.057651
1.032196
1.049467
1.050115
1.027887
1.047531
1.063683
1.035413
1.012003
1.028828
1.033005
1.014799
1.013145
1.028731
1.036575
1.010543
0.988792
1.002631
1.008059
0.9975719
1.006888
1.00776
0.9839898
0.9747994
0.9955751
0.9947724
0.9748629
0.9846354
1.007219
1.004227
0.9834498
1.0065
1.022841
1.00188
0.9971085
1.019803
1.022137
0.9947908
0.9996856
1.017167
1.016013
1.004738
1.01476
1.035919
1.030609
1.015868
1.03414
1.038369
1.017468
1.025778
1.033962
1.014365
0.9976081
1.023971
1.052699
1.040287
1.019882
1.022365
1.036633
1.032419
1.009561
1.018852
1.038866
1.021466
1.006454
1.028542
1.033671
1.00114
0.961275
0.9347148
0.938499
0.9590582
0.9659406
0.9663803
1.002014
1.012988
0.9904754
1.008322
1.032554
1.026358
1.03086
1.06282
1.070987
1.045671
1.040833
1.059103
1.053435
1.043587
1.057947
1.052418
1.042782
1.056481
1.080327
1.064697
1.022471
1.039631
1.042789
1.011113
1.027006
1.047344
1.030367
1.025166
1.039348
1.039677
1.03698
1.053379
1.053548
1.028906
1.037108
1.050418
1.029437
1.015447
1.029646
1.057727
1.064669
1.05744
1.081785
1.089204
1.072232
1.076582
1.076092
1.064009
1.060829
1.078538
1.072598
1.046095
1.049355
1.062209
1.051768
1.02783
1.041547
1.055054
1.03925
1.056987
1.083727
1.090446
1.048214
1.003845
1.028986
0.9952378
0.994499
1.01957
1.011696
1.03607
0.9380168
0.9477337
1.017717
0.9647424
1.023199
1.024661
0.9872224
0.9607521
0.8960914
0.916627
0.8875522
0.8778851
0.9145713
0.9006272
0.8928225
0.8869297
0.8802333
0.8646674
0.853943
0.8412373
0.8207621
0.8102951
0.7996263
0.7839204
0.7909311
0.8751986
0.8955767
0.7935503
0.7606169
0.7741181
0.7669666
0.7689087
0.7667869
0.7645001
0.7566227
0.7537868
0.7541405
0.7493937
0.7406501
0.7345893
0.7460177
0.7540129
0.7585964
0.7627489
0.7579621
0.7533448
0.7572478
0.7589246
0.7631747
0.7688795
0.7628248
0.7530815
0.7485638
0.7582952
0.7633524
0.7623615
0.7586359
0.7543025
0.7508523
0.7447085
0.7544027
0.7488795
0.734951
0.7458385
0.7429139
0.7291941
0.7313768
0.7329923
0.7290519
0.7271154
0.7347252
0.7368559
0.7385131
0.7367576
0.7271418
0.7336623
0.7316307
0.7278965
0.7212711
0.7111974
0.7214837
0.7284888
0.7366619
0.7519371
0.7596674
0.7588228
0.7498263
0.7438426
0.7452709
0.7387795
0.7265661
0.7241194
0.7200207
0.7135934
0.7045124
0.69873
0.7120436
0.7151
0.7177092
0.7205008
0.7132264
0.7194738
0.7236022
0.7216834
0.7155904
0.7146834
0.7207825
0.7177919
0.7079056
0.7040315
0.7078427
0.7034131
0.6915458
0.6906539
0.698018
0.6963573
0.6886266
0.687038
0.6942238
0.6948186
0.6861623
0.6834884
0.6909287
0.6930977
0.6914758
0.6877262
0.6852011
0.6963111
0.6970856
0.6918871
0.6961378
0.7020083
0.6988974
0.6928912
0.701906
0.7079871
0.7051816
0.706036
0.7145555
0.7228267
0.7184564
0.716517
0.7267998
0.7290336
0.7199368
0.7223029
0.7344946
0.73553
0.7274868
0.7318009
0.7481858
0.7547956
0.7522573
0.7541585
0.7642951
0.7630496
0.752638
0.7561438
0.7645968
0.7692629
0.7716353
0.7767568
0.7829659
0.7770291
0.7720803
0.7790709
0.7846265
0.7884984
0.7856692
0.7843194
0.7927216
0.8034869
0.7986584
0.7774692
0.7720703
0.7786553
0.7733653
0.7619695
0.7685988
0.7703143
0.7504997
0.7373947
0.734823
0.7252167
0.7280578
0.7373487
0.738372
0.7556203
0.748852
0.7304473
0.7469373
0.7670617
0.7757297
0.7721901
0.7622103
0.7624705
0.7550365
0.7485574
0.7563561
0.7592081
0.7622475
0.7608261
0.741176
0.7341553
0.7555089
0.7701144
0.7775
0.7725872
0.7684024
0.7870147
0.8133874
0.8458537
0.8644397
0.8777051
0.8788729
0.8571304
0.8526934
0.8563359
0.8405877
0.8255653
0.8314934
0.8609296
0.8906806
0.8983814
0.8876062
0.8785923
0.8993527
0.9185359
0.8928372
0.8544501
0.8408828
0.84461
0.8489632
0.8333563
0.8217462
0.8403401
0.8585311
0.8542224
0.8343847
0.825125
0.8343128
0.8365115
0.844249
0.8698796
0.8982847
0.8941115
0.8782592
0.8992608
0.9280403
0.9376329
0.9276245
0.9349478
0.9693374
0.9910379
0.9756739
0.9595323
0.9868496
1.003659
0.9761538
0.9591411
0.9772744
0.9874722
0.9832598
1.0036
1.030201
1.019009
0.9932431
1.003285
1.020996
1.01301
0.9993887
1.016452
1.038203
1.026624
1.02008
1.042246
1.038714
1.028635
1.045904
1.047949
1.026742
0.9977441
1.014612
0.9862577
0.9735215
1.011304
1.04003
1.060394
0.9929304
0.9886382
1.018387
1.035225
1.058883
1.041697
1.060526
1.072531
1.045266
1.051471
1.081285
1.074047
1.057654
1.093119
1.090038
1.052127
1.096381
1.114333
1.086074
1.102205
1.118537
1.102281
1.091477
1.107609
1.104248
1.090834
1.113939
1.108249
1.086913
1.112925
1.10685
1.110391
1.118892
1.06303
1.042812
1.068157
1.069321
1.05116
1.06247
1.08174
1.065278
1.046454
1.078146
1.109184
1.095795
1.082205
1.102357
1.10526
1.074577
1.087153
1.096809
1.10173
1.089465
1.036318
1.025291
1.026602
1.056526
1.096396
1.104309
1.13432
1.141658
1.123693
1.121635
1.122327
1.11932
1.117118
1.108798
1.098027
1.120677
1.138064
1.136158
1.117894
1.085571
1.09877
1.108525
1.077918
1.070038
1.08323
1.058497
1.036012
1.058194
1.062739
1.053918
1.083477
1.090777
1.06106
1.076914
1.073029
1.039947
1.051825
1.043244
1.011211
1.010657
1.031761
1.030456
1.015933
1.052022
1.069006
1.058012
1.093921
1.124593
1.104537
1.077607
1.103864
1.107251
1.068148
1.067514
1.080234
1.070665
1.073774
1.094664
1.08687
1.07183
1.088854
1.087524
1.068198
1.086
1.101567
1.090003
1.089607
1.109976
1.111446
1.101976
1.116091
1.116383
1.100429
1.123925
1.125396
1.089319
1.093183
1.092874
1.068532
1.068644
1.077055
1.062858
1.050414
1.068541
1.013812
0.9901106
1.045171
0.9941234
0.9714688
0.994793
1.019043
1.034157
1.018383
1.0445
1.041548
1.007076
1.016986
1.039258
1.019009
0.9953654
1.03158
1.038369
1.012203
1.037677
1.04559
1.028504
1.024816
1.049901
1.055304
1.028043
1.047548
1.056777
1.037936
1.05516
1.067198
1.039221
1.030381
1.053378
1.038908
1.018141
1.044819
1.038766
1.013634
1.04045
1.022769
0.9770524
0.9993015
1.005668
0.9889229
1.030661
1.04932
1.024064
1.058895
1.08525
1.063529
1.067393
1.088506
1.083877
1.066382
1.082957
1.094135
1.065577
1.048972
1.078332
1.082729
1.067095
1.083459
1.102243
1.085282
1.071533
1.095651
1.114623
1.071553
1.023503
1.073287
1.068971
0.9809333
0.9435057
0.9779882
1.004961
0.9828789
0.9906715
0.9867947
0.9441764
0.9370403
0.9532025
0.969577
0.9867251
0.986096
0.9459064
0.9629938
1.019859
0.9974601
1.003014
1.042047
1.065218
1.09524
1.094002
1.082692
1.089529
1.050398
1.003899
0.9869222
0.9591134
0.9453319
0.9714333
