0.943195
0.9477394
0.9333246
0.9196943
0.8917788
0.8536723
0.8449821
0.8710309
0.8846432
0.859602
0.848639
0.8683593
0.8741745
0.864675
0.8365044
0.832911
0.8618877
0.838317
0.8354383
0.8663766
0.8799782
0.8947954
0.9060555
0.8891165
0.854886
0.8625326
0.8733876
0.8601486
0.8719599
0.895131
0.907654
0.9172522
0.906716
0.8985679
0.921421
0.9233848
0.9124475
0.9039811
0.9023075
0.9171473
0.9033775
0.8890375
0.9058348
0.9054823
0.8985007
0.9205849
0.9400533
0.9358046
0.9089511
0.8979688
0.9106047
0.9048837
0.8851483
0.8669857
0.8790739
0.90313
0.8964178
0.8923093
0.9125324
0.9158401
0.9019743
0.9172922
0.9279491
0.9041745
0.897508
0.9154024
0.9102545
0.9006142
0.9161778
0.9197658
0.9042766
0.9155013
0.920012
0.88981
0.8906447
0.9098389
0.9029207
0.8974752
0.9178554
0.9265838
0.9081045
0.9182266
0.9351615
0.9256594
0.9378051
0.9452323
0.9225517
0.9253546
0.9321619
0.9136485
0.925776
0.9333151
0.9059039
0.9024011
0.9138751
0.9169635
0.9123889
0.9206094
0.9305766
0.9167225
0.9018733
0.9054793
0.9237124
0.9275792
0.9132032
0.8979185
0.8897066
0.9085217
0.9261217
0.9040462
0.8929445
0.8955075
0.8510796
0.8577254
0.8987371
0.8674457
0.877361
0.8990782
0.895849
0.9268362
0.9384313
0.9156745
0.9122618
0.9244488
0.9122681
0.9067146
0.92368
0.929778
0.9223342
0.9301662
0.9361369
0.9202527
0.9200089
0.9476762
0.9521948
0.9323635
0.9522738
0.9676055
0.9422162
0.944929
0.9680839
0.9629126
0.9458337
0.9574494
0.9603472
0.9516299
0.9669283
0.9668948
0.9505612
0.9585506
0.9651957
0.9597852
0.9721057
0.9615928
0.9372485
0.9486879
0.9536967
0.928757
0.9362091
0.9572605
0.951432
0.9470256
0.9380327
0.9165953
0.9036759
0.8966779
0.8687596
0.8598049
0.8819095
0.9077728
0.93018
0.9171232
0.8934531
0.8744648
0.8679323
0.8974796
0.8969312
0.8899824
0.9267157
0.9568941
0.956241
0.9511559
0.9800325
0.9752226
0.9302859
0.931028
0.9327629
0.9064893
0.9171588
0.9405346
0.9447491
0.9355512
0.9283603
0.9329744
0.9164604
0.9224842
0.9364048
0.9350986
0.9299973
0.9014294
0.8832396
0.8662144
0.8527026
0.8695898
0.8939017
0.9220074
0.9400178
0.93447
0.948063
0.9703185
0.9631988
0.951836
0.9691575
0.9779484
0.9623734
0.9518368
0.9733351
0.9810364
0.9505617
0.9634144
0.9855942
0.9704576
0.9622188
0.9787162
0.9696499
0.9420247
0.9567743
0.9770053
0.9603174
0.9444462
0.9601207
0.9618391
0.9530968
0.9562201
0.921464
0.8958131
0.9134833
0.9245199
0.9276412
0.926777
0.8956052
0.8762613
0.8792275
0.8878846
0.8702251
0.8895721
0.9596905
0.8907674
0.8739784
0.934793
0.8943995
0.9040116
0.9269883
0.8907615
0.9036767
0.9403985
0.9417972
0.9586372
0.9815717
0.9818248
0.9627367
0.9716589
0.9832246
0.9620758
0.9744369
0.9900293
1.008845
1.01382
0.9815873
0.9880956
1.009829
0.9943141
0.9718044
0.9714121
0.9870653
0.9722395
0.9440443
0.9592544
0.980035
0.9771803
0.9567487
0.9665098
0.9806992
0.9448043
0.9354994
0.951912
0.9541837
0.9355092
0.9246197
0.9422637
0.948666
0.9476176
0.9449252
0.9526297
0.9619903
0.9590959
0.9445923
0.9498006
0.965963
0.9644024
0.9576882
0.9456602
0.9530403
0.951296
0.9493461
0.9503205
0.9375632
0.9547101
0.9563829
0.9384548
0.9408534
0.9562059
0.9605753
0.934421
0.9343347
0.9394597
0.9257583
0.9299083
0.9389406
0.9337042
0.9163743
0.9253213
0.9339495
0.9193249
0.9088376
0.9337357
0.9872488
0.9626002
0.9068246
0.8976858
0.8810079
0.8788291
0.9031294
0.9246149
0.9321702
0.9356103
0.9575636
0.966934
0.9598291
0.9590787
0.9658025
0.9611111
0.9458605
0.9480043
0.9456568
0.9325457
0.9225842
0.9278986
0.9392567
0.9371684
0.934327
0.9501479
0.9563632
0.9497739
0.9486679
0.9322766
0.9314188
0.9521668
0.9531623
0.9433697
0.9531664
0.9756353
0.9829646
0.9680915
0.9606354
0.9782885
0.9722907
0.9515765
0.958471
0.961023
0.9399935
0.9189932
0.9304464
0.9354312
0.8993565
0.8739859
0.8609768
0.8391273
0.8480136
0.8680196
0.853279
0.8451169
0.8722091
0.9061924
0.9180725
0.921802
0.9398334
0.9228329
0.914406
0.9008093
0.8648732
0.9038674
0.8990198
0.8638968
0.8694845
0.8538988
0.8309394
0.8183134
0.8288827
0.8332684
0.8375718
0.8348459
0.8227468
0.8296685
0.8347186
0.8399091
0.8466241
0.8460759
0.835126
0.8381471
0.8259759
0.7949059
0.7977978
0.7971219
0.7824844
0.779097
0.7942824
0.7992606
0.7896569
0.7894139
0.7817299
0.7696638
0.7680455
0.778522
0.7687754
0.7499709
0.7570113
0.7595289
0.7496187
0.7492398
0.7612048
0.7599555
0.7454888
0.7511967
0.759379
0.7423877
0.7314888
0.7463548
0.7450996
0.7355727
0.7380191
0.7213735
0.716474
0.7217532
0.7068936
0.6958641
0.6921507
0.6944716
0.6958015
0.6890749
0.6876035
0.6845511
0.6801521
0.6817811
0.6888611
0.690972
0.6831458
0.688084
0.6948826
0.692144
0.7010598
0.704118
0.6921141
0.6941343
0.6944357
0.6871983
0.6857823
0.687576
0.6867938
0.6802255
0.6793568
0.6869546
0.6869291
0.6827485
0.6886368
0.6983854
0.7075286
0.7020096
0.6942116
0.7067099
0.7104433
0.6976597
0.6986963
0.7055632
0.6987311
0.6975738
0.7061488
0.7062322
0.7008051
0.6973676
0.7012304
0.7018268
0.6987256
0.6957335
0.690579
0.6951334
0.6957371
0.6852181
0.6793139
0.6809502
0.6772191
0.6736263
0.6750589
0.6762281
0.6830854
0.6794985
0.6736822
0.6815854
0.6812804
0.664069
0.6543753
0.6530656
0.6458724
0.64484
0.6422871
0.631742
0.634649
0.6424798
0.6369846
0.6371484
0.6467107
0.6486224
0.6477506
0.6547024
0.6585131
0.6555572
0.6534637
0.6582408
0.661941
0.6547247
0.6476215
0.6500371
0.6545227
0.6499625
0.6455701
0.6464544
0.6464246
0.645614
0.6420576
0.6404797
0.6401106
0.6347747
0.6338004
0.6359547
0.6360754
0.6369769
0.6357457
0.6378879
0.6483578
0.6494015
0.6475317
0.6567004
0.6571465
0.6513472
0.6518214
0.6586844
0.6814283
0.6879294
0.6729942
0.6729561
0.6742323
0.6699975
0.66801
0.6749221
0.6866548
0.6976953
0.7011542
0.7061596
0.7316938
0.7451808
0.7433247
0.7467247
0.7703625
0.7968513
0.789346
0.7825294
0.7912338
0.8011286
0.8070941
0.8014584
0.7937726
0.8049922
0.8218367
0.8047523
0.7943658
0.7968779
0.7786933
0.7719424
0.7609768
0.7389346
0.7328374
0.7442379
0.7679908
0.7806044
0.790515
0.817129
0.8431661
0.8393916
0.8226855
0.8252743
0.8434068
0.8630742
0.8555771
0.8555616
0.8854577
0.8920644
0.8659602
0.8679848
0.89132
0.8740929
0.8486241
0.8561413
0.8820331
0.8809439
0.8543907
0.8518051
0.875806
0.8861401
0.8678968
0.8467609
0.8401108
0.8586801
0.8641457
0.8398909
0.8429568
0.8629864
0.8797227
0.8943451
0.8850636
0.8687894
0.8858799
0.9102157
0.8899835
0.8921857
0.9315706
0.912502
0.9001326
0.9374818
0.9346633
0.9020457
0.8960565
0.9121753
0.8939691
0.874783
0.8956985
0.8989558
0.8845222
0.8957041
0.9238617
0.9067983
0.896227
0.9293618
0.9239834
0.9019088
0.9104291
0.9203846
0.9107315
0.9145775
0.9370836
0.9402093
0.9222743
0.9288274
0.9495689
0.9297531
0.9289301
0.9563706
0.9474947
0.9308162
0.9462645
0.9482314
0.9335108
0.9567549
0.9542622
0.9382985
0.9500688
0.9514691
0.9429453
0.9436104
0.9549621
0.9318242
0.9172988
0.9405684
0.9378174
0.9358831
0.9613045
0.9562952
0.9387853
0.9457143
0.9472127
0.9198089
0.9077942
0.9403033
0.9490953
0.92392
0.9192271
0.9381153
0.929655
0.9126753
0.9340429
0.9529826
0.9418132
0.9337152
0.9570777
0.9666762
0.9363554
0.9368681
0.9636854
0.9494244
0.9310295
0.9303913
0.9280032
0.9390173
0.9331836
0.8896337
0.8767908
0.9062506
0.9222912
0.921377
0.9120685
0.9326405
0.9592924
0.9399152
0.9365696
0.9709258
0.9787809
0.9440124
0.9416114
0.9543647
0.9341821
0.9288376
0.945462
0.9577842
0.9509468
0.9454653
0.9624997
0.9728273
0.9470322
0.9300375
0.937472
0.9383236
0.9388461
0.9355848
0.9151738
0.8939855
0.8929866
0.8920477
0.8685349
0.8515743
0.8667044
0.8909827
0.9108662
0.9134595
0.9195881
0.9420933
0.954119
0.9510782
0.9499239
0.9602904
0.9671222
0.9611092
0.9534898
0.9626864
0.9654591
0.9617064
0.9436142
0.8903522
0.862348
0.8652106
0.8693676
0.8886513
0.9117305
0.9237165
0.92579
0.9187403
0.8960816
0.8797663
0.8969191
0.9166697
0.9054745
0.8966295
0.9185104
0.9302826
0.9184303
0.9057716
0.8986065
0.9110897
0.9421782
0.9601713
0.9315589
0.899329
0.8902245
0.8599913
0.8532756
0.8878125
0.9041812
0.8940247
0.89382
0.8921843
0.8897245
0.9153297
0.9383424
0.932991
0.9265619
0.9377446
0.9299448
0.9223918
0.9309751
0.9385516
0.9358349
0.9226761
0.9299724
0.9407463
0.9269401
0.9212281
0.9390927
0.9475983
0.9377756
0.9300745
0.9399289
0.9422751
0.9243844
0.915955
0.9289695
0.933176
0.9142346
0.9031882
0.9147788
0.9195324
0.9073707
0.9058497
0.9251256
0.9304235
0.9103487
0.9121931
0.9243542
0.9125705
0.9004715
0.9097426
0.9134567
0.900594
0.9018454
0.9205588
0.9244748
0.9083788
0.9118313
0.9227464
0.9046088
0.8926929
0.9179275
0.931188
0.9223651
0.9286799
0.9375442
0.9327943
0.9323183
0.9460712
0.9483253
0.9435345
0.953124
0.9509787
0.9366302
0.9351157
0.942028
0.9376348
0.9259306
0.9357794
0.9410245
0.9260353
0.9254226
0.9318642
0.9187885
0.8898882
0.8592518
0.8431417
0.8398142
0.8496159
0.8812599
0.9027973
0.9017625
0.9140881
0.9360819
0.9319947
0.9189871
0.9362243
0.9491044
0.9279766
0.9147797
0.9226926
0.924154
0.90592
0.9025781
0.9089493
0.9010129
0.9053172
0.9249734
0.9402764
0.9319826
0.9215305
0.9333026
0.9370131
0.9183042
0.9161234
0.9323974
0.9267697
0.9154638
0.9155001
0.9099458
0.8811552
0.8650869
0.8821709
0.8951364
0.8907214
0.8696638
0.8747064
0.8989505
0.8988193
0.89167
0.905003
0.9194406
0.9061931
0.8943182
0.9123253
0.9232875
0.9061311
0.9062769
0.9141287
0.8979262
0.8865258
0.8984886
0.9060301
0.8966664
0.8921486
0.8992645
0.8940172
0.8786308
0.8861383
0.8952634
0.8842039
0.8744686
0.8861163
0.8950078
0.8781497
0.8751565
0.894942
0.8993343
0.8854609
0.8918868
0.9021729
0.9038595
