0.85
0.872
0.886
0.871
0.883
0.9
0.899
0.869
0.876
0.873
0.852
0.822
0.823
0.841
0.833
0.836
0.853
0.862
0.854
0.856
0.868
0.86
0.845
0.854
0.87
0.86
0.866
0.879
0.864
0.87
0.84
0.821
0.834
0.854
0.824
0.809
0.816
0.79
0.78
0.787
0.792
0.787
0.757
0.75
0.758
0.781
0.772
0.781
0.815
0.834
0.824
0.826
0.819
0.844
0.861
0.841
0.825
0.844
0.865
0.85
0.839
0.84
0.854
0.851
0.838
0.842
0.857
0.871
0.85
0.854
0.862
0.863
0.852
0.854
0.868
0.871
0.851
0.844
0.852
0.854
0.849
0.84
0.85
0.844
0.831
0.84
0.835
0.797
0.76
0.752
0.753
0.761
0.791
0.81
0.79
0.784
0.813
0.831
0.817
0.8
0.831
0.86
0.866
0.843
0.842
0.865
0.872
0.855
0.872
0.872
0.869
0.8576287
0.862
0.859
0.856
0.844
0.871
0.88
0.872
0.872
0.869
0.895
0.897
0.895
0.882
0.886
0.89
0.883
0.874
0.859
0.873
0.873
0.873
0.857
0.865
0.872
0.88
0.871
0.86
0.881
0.873
0.859
0.847
0.856
0.863
0.859
0.847
0.849
0.864
0.861
0.843
0.83
0.841
0.843
0.829
0.813
0.828
0.85
0.847
0.827
0.83
0.831
0.839
0.835
0.827
0.851
0.854
0.842
0.839
0.846
0.841
0.847
0.836
0.842
0.849
0.859
0.84
0.84
0.854
0.845
0.84
0.833
0.841
0.848
0.834
0.83
0.84
0.854
0.841
0.84
0.822
0.838
0.846
0.832
0.817
0.827
0.838
0.836
0.835
0.827
0.824
0.835
0.836
0.829
0.813
0.814
0.825
0.821
0.808
0.828
0.81
0.821
0.808
0.794
0.804
0.8
0.771
0.77
0.792
0.808
0.788
0.776
0.804
0.812
0.828
0.824
0.827
0.833
0.85
0.854
0.848
0.831
0.844
0.859
0.875
0.836
0.83
0.846
0.863
0.857
0.842
0.857
0.869
0.87
0.861
0.877
0.896
0.897
0.883
0.888
0.898
0.881
0.867
0.861
0.875
0.882
0.883
0.865
0.87
0.875
0.88
0.869
0.853
0.867
0.865
0.858
0.86
0.84
0.862
0.875
0.854
0.848
0.848
0.85
0.858
0.845
0.848
0.856
0.866
0.878
0.863
0.851
0.87
0.882
0.873
0.854
0.858
0.852
0.862
0.862
0.849
0.843
0.829
0.824
0.844
0.86
0.87
0.884
0.875
0.861
0.879
0.874
0.869
0.875
0.886
0.889
0.891
0.889
0.888
0.883
0.897
0.885
0.858
0.823
0.781
0.767
0.769
0.782
0.806
0.814
0.801
0.788
0.809
0.833
0.839
0.816
0.795
0.815
0.835
0.861
0.855
0.85
0.873
0.894
0.889
0.868
0.871
0.887
0.884
0.868
0.877
0.886
0.9
0.888
0.892
0.897
0.882
0.867
0.875
0.889
0.887
0.869
0.863
0.875
0.874
0.88
0.853
0.85
0.862
0.856
0.852
0.829
0.836
0.84
0.838
0.815
0.823
0.835
0.846
0.85
0.852
0.851
0.862
0.869
0.833
0.821
0.829
0.846
0.852
0.846
0.822
0.844
0.865
0.843
0.821
0.825
0.829
0.825
0.815
0.826
0.848
0.847
0.842
0.837
0.849
0.857
0.855
0.833
0.833
0.841
0.841
0.798
0.767
0.813
0.822
0.813
0.802
0.816
0.839
0.848
0.842
0.824
0.842
0.85
0.851
0.816
0.808
0.809
0.787
0.808
0.816
0.822
0.809
0.828
0.845
0.85
0.848
0.821
0.808
0.813
0.824
0.813
0.785
0.73
0.73
0.723
0.693
0.677
0.67
0.66
0.664
0.65
0.657
0.656
0.664
0.657
0.659
0.656
0.654
0.664
0.645
0.641
0.642
0.653
0.661
0.66
0.649
0.658
0.67
0.678
0.667
0.662
0.657
0.669
0.655
0.651
0.641
0.65
0.671
0.655
0.642
0.644
0.647
0.656
0.639
0.642
0.641
0.637
0.653
0.644
0.635
0.629
0.554
0.726
0.633
0.629
0.615
0.623
0.633
0.619
0.611
0.614
0.634
0.631
0.641
0.623
0.622
0.617
0.642
0.631
0.634
0.629
0.632
0.632
0.642
0.625
0.633
0.616
0.627
0.621
0.633
0.621
0.619
0.623
0.615
0.629
0.625
0.608
0.611
0.613
0.621
0.612
0.615
0.605
0.599
0.618
0.604
0.607
0.613
0.6
0.606
0.598
0.609
0.6
0.597
0.604
0.598
0.602
0.599
0.604
0.6
0.596
0.608
0.599
0.6
0.591
0.602
0.592
0.591
0.6
0.597
0.588
0.588
0.603
0.604
0.595
0.606
0.595
0.602
0.608
0.599
0.599
0.602
0.611
0.601
0.598
0.592
0.597
0.607
0.593
0.599
0.592
0.601
0.608
0.607
0.602
0.592
0.597
0.588
0.589
0.593
0.59
0.582
0.591
0.585
0.586
0.59
0.589
0.585
0.591
0.591
0.59
0.587
0.581
0.581
0.585
0.586
0.583
0.581
0.575
0.573
0.57
0.572
0.579
0.565
0.564
0.574
0.621
0.639
0.646
0.65
0.649
0.623
0.616
0.601
0.589
0.601
0.589
0.581
0.577
0.573
0.576
0.571
0.576
0.574
0.588
0.593
0.607
0.61
0.591
0.596
0.584
0.6
0.594
0.598
0.587
0.575
0.593
0.585
0.581
0.578
0.578
0.589
0.597
0.6
0.595
0.62
0.627
0.636
0.629
0.61
0.607
0.614
0.624
0.619
0.625
0.634
0.646
0.652
0.662
0.66
0.665
0.662
0.667
0.688
0.688
0.689
0.683
0.701
0.717
0.7
0.693
0.691
0.693
0.69
0.703
0.702
0.689
0.698
0.736
0.733
0.732
0.722
0.729
0.741
0.742
0.734
0.766
0.791
0.783
0.785
0.791
0.799
0.797
0.779
0.775
0.785
0.801
0.779
0.77
0.759
0.78
0.796
0.799
0.782
0.787
0.801
0.82
0.799
0.786
0.806
0.81
0.805
0.786
0.788
0.822
0.854
0.832
0.813
0.829
0.851
0.845
0.832
0.819
0.829
0.821
0.798
0.779
0.789
0.82
0.835
0.828
0.813
0.84
0.86
0.844
0.852
0.871
0.872
0.852
0.881
0.878
0.88
0.869
0.899
0.896
0.875
0.86
0.876
0.888
0.875
0.866
0.839
0.854
0.855
0.849
0.836
0.839
0.856
0.869
0.845
0.846
0.867
0.886
0.889
0.883
0.908
0.914
0.894
0.873
0.87
0.888
0.889
0.871
0.878
0.895
0.885
0.87
0.89
0.906
0.905
0.884
0.888
0.869
0.896
0.896
0.897
0.883
0.897
0.891
0.886
0.866
0.863
0.887
0.879
0.833
0.855
0.848
0.836
0.865
0.887
0.866
0.866
0.896
0.901
0.909
0.914
0.917
0.907
0.909
0.897
0.904
0.913
0.925
0.917
0.936
0.938
0.926
0.907
0.914
0.916
0.901
0.868
0.863
0.891
0.896
0.885
0.886
0.878
0.892
0.896
0.87
0.859
0.869
0.877
0.894
0.885
0.906
0.914
0.927
0.927
0.916
0.919
0.914
0.917
0.895
0.897
0.894
0.886
0.875
0.868
0.897
0.884
0.858
0.875
0.872
0.851
0.852
0.848
0.854
0.855
0.845
0.859
0.865
0.863
0.853
0.866
0.86
0.861
0.855
0.868
0.875
0.874
0.851
0.849
0.862
0.859
0.849
0.857
0.869
0.875
0.87
0.856
0.866
0.877
0.829
0.809
0.766
0.795
0.827
0.844
0.827
0.833
0.848
0.835
0.825
0.84
0.868
0.879
0.862
0.867
0.904
0.918
0.906
0.916
0.928
0.915
0.896
0.905
0.903
0.888
0.865
0.869
0.89
0.898
0.899
0.885
0.863
0.852
0.845
0.813
0.8
0.819
0.846
0.858
0.837
0.839
0.817
0.804
0.777
0.784
0.8
0.801
0.784
0.778
0.8
0.813
0.815
0.803
0.814
0.837
0.845
0.838
0.833
0.852
0.84
0.823
0.802
0.81
0.834
0.863
0.863
0.869
0.891
0.884
0.868
0.875
0.882
0.853
0.851
0.858
0.873
0.852
0.848
0.868
0.867
0.869
0.854
0.854
0.857
0.849
0.808
0.808
0.805
0.815
0.84
0.854
0.867
0.874
0.866
0.854
0.872
0.89
0.881
0.876
0.886
0.903
0.92
0.902
0.9
0.929
0.929
0.917
0.891
0.888
0.839
0.822
0.825
0.839
0.847
0.828
0.823
0.842
0.881
0.898
0.886
0.871
0.901
0.914
0.912
0.902
0.903
0.927
0.921
0.908
0.91
0.921
0.93
0.938
0.913
0.918
0.923
0.931
0.949
0.954
0.937
0.932
0.943
0.941
0.938
0.921
0.92
0.919
0.933
0.925
0.908
0.921
0.92
0.92
0.91
0.893
0.917
0.908
0.896
0.88
0.878
0.907
0.92
0.918
0.912
0.932
0.933
0.914
0.883
0.867
0.892
