0.8193469
0.8154365
0.8196363
0.836643
0.8407118
0.8315349
0.8400903
0.8460057
0.8395972
0.8439344
0.8563913
0.8436196
0.8359033
0.8420359
0.8345916
0.8479804
0.864811
0.8578901
0.8559328
0.8621022
0.8611063
0.8696973
0.881878
0.8800697
0.8891299
0.8920189
0.8746987
0.8676703
0.8766509
0.8793666
0.8793248
0.8823025
0.8805733
0.8818705
0.885983
0.8845815
0.8861697
0.889235
0.880069
0.8661223
0.8672812
0.8694187
0.8562674
0.8519826
0.8500117
0.8535786
0.8668563
0.8796587
0.8794531
0.866041
0.86139
0.8516409
0.851324
0.8652106
0.8736833
0.8813363
0.8897213
0.8825821
0.8650134
0.8641553
0.8715469
0.8720204
0.8645763
0.8601451
0.8606552
0.8571171
0.8508193
0.8475657
0.8496085
0.8556383
0.8576955
0.8599964
0.8679035
0.8460552
0.8150158
0.8118565
0.8037487
0.7967648
0.8064852
0.8095635
0.8034135
0.7909421
0.7854379
0.7835656
0.7825181
0.8059865
0.8295152
0.8350873
0.8324428
0.8389985
0.844443
0.8333719
0.837408
0.8507997
0.8505528
0.8455977
0.8558581
0.8544547
0.8409554
0.8410718
0.8453391
0.8424997
0.8340715
0.8387399
0.8423353
0.8354868
0.8264612
0.8388517
0.8373709
0.8230511
0.8420439
0.8530142
0.8359701
0.8280039
0.8345546
0.8240905
0.8076314
0.804001
0.8070743
0.8098152
0.8111464
0.8107049
0.8160554
0.8222763
0.8160813
0.8173489
0.8248823
0.8195256
0.8252348
0.8343662
0.8351518
0.8397307
0.8443959
0.8428184
0.8331088
0.8318569
0.8401891
0.8253148
0.8079145
0.8054309
0.7931941
0.7957419
0.7938539
0.7892652
0.7969069
0.7881945
0.7830844
0.7921312
0.7916469
0.7815614
0.7812636
0.7920853
0.7913452
0.7812351
0.7857261
0.7858518
0.7832861
0.7995656
0.8166699
0.8140079
0.8146647
0.8335916
0.8319843
0.8237391
0.8434936
0.8453882
0.8287762
0.8388799
0.8416945
0.8246327
0.8293381
0.8448299
0.8420759
0.8333923
0.8386068
0.8321633
0.8149271
0.8192595
0.8067788
0.7964053
0.7976357
0.7971413
0.779651
0.75
0.7721851
0.7555292
0.7499229
0.7873295
0.7397758
0.7347749
0.7866823
0.7807547
0.7692159
0.7678919
0.7704055
0.7733418
0.7658053
0.7747919
0.7970074
0.8013012
0.8020118
0.8116138
0.8050544
0.8004878
0.8038019
0.7945854
0.7961672
0.8160077
0.8179251
0.8089971
0.8213248
0.831082
0.825938
0.8344876
0.853155
0.8532406
0.8444238
0.8404198
0.8323023
0.8161247
0.7993894
0.7876209
0.7719577
0.7721362
0.7750598
0.7642997
0.7812683
0.8104536
0.8241941
0.848247
0.858897
0.8521192
0.864933
0.8545677
0.8316012
0.8215984
0.7854407
0.7965057
0.8455585
0.8485103
0.8469438
0.8523368
0.8606958
0.861471
0.8534317
0.8445799
0.8308986
0.829969
0.8414763
0.8463814
0.8428727
0.8466415
0.8508954
0.8399645
0.8258383
0.8359141
0.8452561
0.8378003
0.8412998
0.8423404
0.8284422
0.8271009
0.8253084
0.8131925
0.8125141
0.8285432
0.838789
0.8298537
0.837225
0.8558884
0.8560444
0.8492938
0.8579999
0.8655884
0.8660733
0.8830008
0.8943344
0.8840478
0.8769015
0.8713137
0.8542606
0.8438682
0.8519537
0.8624823
0.8641459
0.8752195
0.8819575
0.8642889
0.8531546
0.8525092
0.8451144
0.834972
0.8350173
0.8383395
0.8323173
0.8360565
0.8484874
0.8553846
0.8583258
0.863164
0.8683867
0.8551095
0.8346345
0.8392728
0.8359828
0.8171172
0.7876652
0.8010777
0.8793347
0.862617
0.7937823
0.7961022
0.8192076
0.8201418
0.8137336
0.8196971
0.8359595
0.8445768
0.8416704
0.8491824
0.8614689
0.8526518
0.8498641
0.8700449
0.8766085
0.8681525
0.8690769
0.8808378
0.8698455
0.8584262
0.8864681
0.9135346
0.9136136
0.9098305
0.9012152
0.8871652
0.8757303
0.886744
0.8910762
0.8704708
0.8712387
0.8832376
0.8818756
0.8754798
0.8881809
0.8944829
0.8773828
0.8731053
0.8761831
0.8594354
0.8373864
0.8326159
0.828445
0.8234019
0.836686
0.8457841
0.8457854
0.8534547
0.8624447
0.8660919
0.8626198
0.866438
0.8738874
0.8650697
0.8604123
0.8684454
0.8644242
0.8517977
0.8534924
0.8675196
0.8680428
0.8549581
0.854359
0.8633346
0.8540432
0.8412044
0.8509302
0.8509058
0.8345321
0.8291951
0.8274577
0.8158471
0.8082744
0.8162451
0.8309459
0.8425346
0.8416703
0.8501068
0.8614199
0.8507306
0.8457183
0.8397298
0.8204152
0.80707
0.803474
0.8145286
0.8221011
0.8169231
0.8221513
0.8367651
0.8278326
0.8107044
0.8183769
0.831072
0.8311466
0.8294474
0.8425177
0.8510366
0.8493295
0.8461488
0.8467748
0.8551162
0.8573478
0.8613781
0.8659535
0.8662646
0.8653922
0.8538214
0.8396952
0.8470568
0.8508103
0.8587663
0.8431707
0.8015192
0.8156541
0.7942884
0.7499378
0.757273
0.7647648
0.8047286
0.8233695
0.7523898
0.7378046
0.782231
0.7864931
0.7851959
0.7841406
0.7858106
0.7782653
0.7594712
0.7374517
0.713412
0.697592
0.694777
0.6694807
0.683402
0.7279273
0.6821746
0.6568626
0.6690602
0.6809886
0.6940861
0.6855559
0.6834839
0.6680676
0.6590573
0.6643253
0.6591943
0.6565484
0.6559221
0.6545262
0.6530132
0.646969
0.6511258
0.651366
0.6488514
0.6559457
0.6543386
0.6523352
0.6443605
0.6425997
0.6493372
0.6456224
0.6458323
0.645674
0.6536817
0.6552867
0.6522555
0.659262
0.6550345
0.6528888
0.6478862
0.6467466
0.6590387
0.6555053
0.6485942
0.6647406
0.6708667
0.6552281
0.6575758
0.6618205
0.6568057
0.6616041
0.6625828
0.6631911
0.6607086
0.649467
0.6517895
0.6561714
0.6474883
0.6466838
0.6573558
0.6563743
0.6481287
0.6460157
0.6415963
0.6468085
0.6428148
0.630705
0.6422751
0.6459066
0.6387754
0.6438291
0.642939
0.6344954
0.6350165
0.6276375
0.6297059
0.6342075
0.6198924
0.6217108
0.6259405
0.6181379
0.624253
0.6303547
0.6259258
0.6296549
0.628219
0.6246855
0.6270305
0.6236489
0.6184834
0.6189823
0.6195603
0.6098062
0.6087449
0.6188867
0.6172369
0.6111736
0.6132782
0.6152566
0.6172054
0.6193536
0.6120942
0.6111218
0.6185491
0.6145766
0.6080255
0.6125407
0.6112837
0.6020497
0.6037738
0.6087456
0.6047928
0.6028847
0.6026103
0.6007246
0.6067788
0.60376
0.5917522
0.595387
0.5972911
0.5878311
0.5914248
0.5942368
0.5881635
0.5891851
0.5815526
0.5815111
0.5926003
0.5942966
0.5924303
0.5830494
0.5700934
0.566782
0.5745078
0.5732544
0.5697452
0.5673755
0.5644445
0.606483
0.6508335
0.645617
0.632051
0.617139
0.6116678
0.6054462
0.5983471
0.5986399
0.5860087
0.5956993
0.6033805
0.5959436
0.6066475
0.6066294
0.6037965
0.6018737
0.5904535
0.5948938
0.5919828
0.5790864
0.5892823
0.5948616
0.5831712
0.5874856
0.5885103
0.5738365
0.5800184
0.5838818
0.5782114
0.5850119
0.5839329
0.5831541
0.5928666
0.5886412
0.5815482
0.5943643
0.5977251
0.5855449
0.5910524
0.5907353
0.5781856
0.5860485
0.5847502
0.5745068
0.5810035
0.5796582
0.5753692
0.5895536
0.5856096
0.5733491
0.5885963
0.5922326
0.5758222
0.5725053
0.5848171
0.5755862
0.5626158
0.5770785
0.5788918
0.5733627
0.5762737
0.5690162
0.5706304
0.5750156
0.5659147
0.5672575
0.579747
0.5911318
0.599691
0.6029238
0.5863728
0.5838071
0.6033467
0.6012111
0.5891871
0.5785625
0.5788388
0.5898984
0.6002944
0.6104919
0.6274338
0.6524979
0.6619189
0.6538141
0.6532488
0.6638691
0.6594223
0.6519688
0.6591893
0.6700355
0.6762509
0.6802263
0.6977242
0.7108653
0.7100742
0.7145413
0.7199417
0.7088324
0.708535
0.7248517
0.7217071
0.7120462
0.7189493
0.7249612
0.7177303
0.7184137
0.7306633
0.7365923
0.7331641
0.7424183
0.757628
0.7499045
0.7414899
0.753245
0.7560782
0.7496174
0.7616381
0.7696871
0.7601289
0.7611745
0.7715019
0.7650502
0.7494297
0.7520122
0.7523041
0.7456458
0.7528698
0.7651482
0.7655836
0.7622912
0.7767032
0.773436
0.765983
0.7820848
0.7843909
0.7614701
0.7543354
0.7669434
0.75968
0.7583198
0.774536
0.7704666
0.7542482
0.7548084
0.7517534
0.7375029
0.737774
0.7580625
0.7657732
0.7633179
0.7862737
0.7889989
0.7749585
0.7868185
0.7950181
0.7941925
0.7969782
0.8054516
0.7951349
0.7842148
0.7969307
0.8032483
0.8006292
0.8097306
0.8166827
0.8026932
0.7900758
0.7916539
0.7914258
0.7892936
0.8093272
0.8245434
0.8272672
0.8377404
0.8359582
0.8310089
0.8416724
0.8247322
0.7944552
0.8057459
0.8114649
0.7972164
0.8021248
0.8131832
0.8077698
0.8033859
0.8196369
0.8229773
0.8074127
0.7810581
0.7633878
0.7529274
0.7662704
0.8215965
0.8322373
0.8052752
0.7870408
0.7869337
0.788241
0.7884704
0.8033666
0.7953806
0.7912827
0.8127535
0.8219104
0.8337041
0.8490572
0.8462659
0.8411673
0.8442647
0.8349979
0.8190323
0.8196929
0.8239631
0.8373427
0.8670784
0.8841653
0.8770344
0.8742219
0.8715352
0.8597469
0.8613889
0.8590556
0.8553556
0.873544
0.8792372
0.8749253
0.8731835
0.8616767
0.8549698
0.8562243
0.8542397
0.8500651
0.8556617
0.8582991
0.861835
0.8739351
0.8729091
0.8644633
0.8584176
0.8482682
0.8581619
0.8751577
0.8668515
0.8670356
0.8692965
0.8556969
0.8535151
0.8546199
0.841772
0.8355338
0.8425608
0.8370175
0.8347499
0.8481351
0.8396735
0.830436
0.8460814
0.8423561
0.8225039
0.8305852
0.8360494
0.8345845
0.842804
0.8429558
0.8578397
0.8622602
0.8465105
0.8463663
0.8423479
0.8356556
0.8405659
0.8295291
0.8217162
0.834179
0.8368969
0.8411938
0.8524503
0.8404505
0.8242
0.8361239
0.8486117
0.8471835
0.8482887
0.854811
0.8543524
0.8456097
0.8363764
0.8042172
0.7710867
0.7957062
0.8372921
0.8272601
0.8060025
0.7746713
0.777233
0.8647892
0.8461496
0.7956249
0.8417683
0.8255284
0.7787978
0.8007999
0.8404674
0.8433857
0.8356349
0.835107
0.8218021
0.8093821
0.8198499
0.8209266
0.8122692
0.8113521
0.8032702
0.795098
0.7976679
0.8017231
0.7958364
0.7951535
0.8083186
0.8278852
0.8490832
0.8486664
0.8452694
0.8585562
0.848113
0.8505808
0.8683397
0.8655729
0.8669522
0.8808435
0.8831362
0.8702853
0.874047
0.8697722
0.8698701
0.8794931
0.8679043
0.8645697
0.8732218
0.8730557
0.8715223
0.8777153
0.8695291
0.8522686
0.8561677
0.8559628
0.849216
0.870572
0.8759535
0.8569461
0.8616584
0.8645443
0.8471074
0.8493147
0.8545868
0.8348741
0.8358492
0.8497972
0.8512358
0.8449116
0.8423367
0.8460821
0.8382799
0.8482325
0.8616174
0.8543527
0.8555731
0.8754732
0.8552439
0.8305696
0.8480692
0.8630232
0.8443324
0.8420761
0.8932099
0.8852995
0.8704594
0.8692173
0.852469
0.8481577
0.8397871
0.8435491
0.8448556
0.8345096
0.8308289
0.8312674
0.8226837
0.8188686
0.8245854
0.8288021
0.8294315
0.8370753
0.8443823
0.8432714
0.8398287
0.8393882
0.8316215
0.8322558
0.8429265
0.8416274
0.8498207
0.8599338
0.8491004
0.8512346
0.8657362
0.8467585
0.837805
0.8420219
0.8170719
0.7985085
0.8145662
0.8046131
0.7908001
0.8304288
0.8390711
0.8272708
0.835502
0.84037
0.8324028
0.8483489
0.8526724
0.8361004
0.8380861
0.8139721
0.8078715
0.8560112
0.8403728
0.816359
0.8432873
0.8040847
0.7913361
0.8206878
0.824603
0.8202314
0.8181791
0.8063817
0.7828151
0.7813181
0.7962871
0.8032639
0.8023523
0.7931569
0.791086
0.8001255
0.7886979
0.7895554
0.7925783
0.7656118
0.7575252
0.7718397
0.7756908
0.7719804
0.7538232
0.7621715
0.7909956
0.7862985
0.7757944
0.7751541
0.7693525
0.7619745
0.7603007
0.7651083
0.7638414
0.7610477
0.772575
0.7826488
0.7887031
0.792731
0.7968438
0.8005372
0.7973562
0.8071168
0.8208272
0.8174218
0.814366
0.8309159
0.8333074
0.8153176
0.8294485
0.8315113
0.8100448
0.8263911
0.8465786
0.8284015
0.8095468
0.8083713
0.8032993
0.7857085
0.7817198
