0.7416215
0.7491125
0.7650446
0.7539444
0.7375027
0.7411735
0.7451863
0.7260052
0.7190993
0.729638
0.7283793
0.7321325
0.7442374
0.7519265
0.7621804
0.7669719
0.7480434
0.7332094
0.7230291
0.7339614
0.7832726
0.7752548
0.741248
0.7533151
0.7503678
0.7246675
0.7276873
0.7332235
0.7288158
0.729704
0.7509225
0.789258
0.7822175
0.7711892
0.7886821
0.7901668
0.7953776
0.7988997
0.789454
0.7723878
0.7793021
0.7882195
0.7763314
0.7993398
0.7942965
0.7722746
0.7814475
0.7587304
0.7552835
0.7936294
0.7840188
0.76538
0.7785829
0.7835887
0.7870796
0.7823882
0.7703706
0.7846464
0.7982673
0.7928041
0.7759185
0.7661055
0.7737092
0.7803773
0.7909483
0.7883341
0.7708093
0.7541374
0.7469134
0.7590832
0.776471
0.7738639
0.7573311
0.750498
0.7693887
0.782069
0.7765522
0.7629757
0.7427998
0.7224014
0.7248048
0.7740978
0.7593677
0.7240631
0.7569487
0.7425237
0.7020715
0.7110301
0.7276802
0.7401702
0.7563711
0.7630862
0.7671797
0.7715875
0.7722498
0.7729129
0.7706113
0.7566315
0.7420635
0.7383918
0.7419122
0.7447072
0.7398674
0.7300305
0.7222932
0.726661
0.7336629
0.7432904
0.7538552
0.7527692
0.7504793
0.7449278
0.7441713
0.753829
0.7564251
0.7481758
0.7402582
0.7323038
0.730817
0.7413289
0.753724
0.7651174
0.7648055
0.754183
0.74386
0.7386352
0.7383959
0.7419762
0.7423088
0.7334342
0.7226178
0.7224549
0.729202
0.7361639
0.746865
0.7469895
0.7370987
0.7334747
0.7389081
0.7436344
0.7466416
0.7456614
0.7383691
0.7350162
0.7382991
0.7435986
0.7439851
0.734376
0.7275574
0.7327803
0.7401037
0.7380191
0.732495
0.7325834
0.7423612
0.7482877
0.7439834
0.7453436
0.7384591
0.7339936
0.7385009
0.738532
0.7373019
0.7291314
0.7259634
0.7352574
0.7467544
0.7526417
0.744479
0.7420004
0.7518184
0.7546223
0.7501711
0.7404826
0.7297539
0.7301881
0.7420794
0.7513795
0.7511563
0.7502343
0.7538548
0.7570067
0.7523024
0.7417735
0.7311395
0.7232358
0.7232218
0.7266879
0.7293136
0.7350089
0.7384283
0.7466404
0.7553426
0.7479782
0.7429473
0.7392701
0.7444473
0.7621586
0.7713344
0.7767787
0.7731503
0.7610234
0.7599722
0.7724618
0.7884763
0.7878262
0.777891
0.7695613
0.7598394
0.762016
0.7674751
0.7663374
0.7581008
0.7527677
0.7518277
0.741596
0.727581
0.7232662
0.7199971
0.716741
0.7280596
0.7458198
0.7565596
0.7513804
0.7377917
0.7296066
0.7354792
0.7414449
0.7409489
0.7406815
0.7340123
0.7407044
0.7610167
0.7767821
0.7823415
0.7830194
0.7791383
0.7768748
0.7908237
0.804443
0.8060189
0.7985661
0.7829916
0.7719269
0.7768415
0.7914091
0.8052652
0.8045189
0.7936258
0.7844062
0.7845505
0.7922954
0.787539
0.7747819
0.759646
0.7505653
0.7590812
0.7750603
0.7818254
0.7670106
0.7566205
0.7602259
0.7684111
0.7725217
0.7698271
0.7600795
0.7544484
0.7680546
0.7724724
0.7658333
0.7599397
0.7587878
0.767529
0.7716682
0.7627567
0.7560513
0.7614149
0.7705131
0.7694903
0.7618026
0.7583518
0.762272
0.772802
0.7819815
0.7867717
0.7847567
0.7950102
0.801864
0.7892014
0.7789922
0.7632277
0.7531531
0.7535742
0.7525454
0.7490774
0.738555
0.7322587
0.7415759
0.7460814
0.7435145
0.7375285
0.7302969
0.7407441
0.7478637
0.7477667
0.7520672
0.7616573
0.7694258
0.7574015
0.7502898
0.7642426
0.7771103
0.7838945
0.7822063
0.7706513
0.766246
0.773039
0.7852477
0.7885223
0.7749266
0.7661313
0.7690471
0.7751062
0.7829263
0.7866039
0.7819907
0.772947
0.7708485
0.7727817
0.766747
0.7551356
0.7429178
0.7400118
0.7482332
0.7598837
0.764228
0.7675526
0.7728781
0.782103
0.7919854
0.7795724
0.7701896
0.7767293
0.7844797
0.7878488
0.7851858
0.7761017
0.7676809
0.7673954
0.7731679
0.7860158
0.7887308
0.7781152
0.7636302
0.7630973
0.7733096
0.7731931
0.7744491
0.7669885
0.7584613
0.7691137
0.7781397
0.784305
0.7879882
0.7805437
0.7751397
0.7780551
0.780724
0.7868633
0.7857877
0.7800713
0.7874524
0.7872201
0.7748232
0.7665712
0.7490566
0.7379971
0.7481933
0.756407
0.7594464
0.7515452
0.7367336
0.7320576
0.7416584
0.7505508
0.7525077
0.7432497
0.7384652
0.7461347
0.7453755
0.744055
0.7402524
0.7453832
0.7666887
0.7726159
0.7746708
0.7904964
0.7940397
0.782871
0.7633349
0.7490092
0.755885
0.7655112
0.767261
0.7588992
0.7576964
0.7712677
0.7746974
0.7638278
0.7537283
0.7582603
0.7661002
0.7634295
0.7566018
0.7459646
0.7388397
0.7492021
0.7564246
0.7483319
0.7354009
0.7285034
0.728299
0.7278754
0.7246549
0.728568
0.7489476
0.7662074
0.7836577
0.7914585
0.7804384
0.7696938
0.7726169
0.7861975
0.7877145
0.7905084
0.7955009
0.7792468
0.7764234
0.7851229
0.8100433
0.8057011
0.7662144
0.7903246
0.7977445
0.7828282
0.7820965
0.7731069
0.7636391
0.7524311
0.7594197
0.7734756
0.7932307
0.8030097
0.7892665
0.7810396
0.7916421
0.7949009
0.7896586
0.7837069
0.7723577
0.7862416
0.8012811
0.7553207
0.7493922
0.7970342
0.8019929
0.7913308
0.7477648
0.7473126
0.7986399
0.8010818
0.7964498
0.7965145
0.7707995
0.7392728
0.7322408
0.7274861
0.7216756
0.7173159
0.7126615
0.7162291
0.7198901
0.7262787
0.7247128
0.715487
0.7197357
0.7229302
0.7174925
0.7187966
0.7198923
0.7270598
0.7283697
0.721318
0.7251426
0.7238574
0.7220919
0.7243875
0.7327764
0.7186865
0.7054639
0.7253578
0.719487
0.7152759
0.7154212
0.7047385
0.7052875
0.711259
0.7104821
0.7019589
0.6958554
0.6959886
0.6984088
0.6900565
0.6848055
0.6871324
0.6877491
0.6883698
0.6873367
0.6859158
0.6915796
0.6935333
0.6886299
0.6887358
0.6889053
0.6906164
0.6873348
0.6803198
0.6864089
0.6895512
0.6846383
0.6802249
0.6826319
0.6855671
0.6792579
0.6695592
0.665186
0.6678073
0.6690543
0.6644683
0.6600241
0.6677705
0.6709531
0.6676372
0.6614716
0.6587871
0.664881
0.6647989
0.658908
0.6523105
0.6566228
0.6570318
0.6461183
0.6425021
0.6422307
0.6420457
0.6461286
0.6485184
0.6441176
0.6369547
0.6333484
0.6348922
0.632446
0.6257692
0.6268327
0.6297623
0.6292827
0.6253027
0.624441
0.6283152
0.6296618
0.6269307
0.6222734
0.6242197
0.6251835
0.6230905
0.6205927
0.6187984
0.6223778
0.6253856
0.6210788
0.6153017
0.6137656
0.6166318
0.6211446
0.6149483
0.6101011
0.613746
0.6162907
0.6152993
0.6096154
0.6101237
0.614551
0.6131601
0.6110532
0.6120625
0.6161463
0.6162216
0.6119517
0.614606
0.6190224
0.6211026
0.6204878
0.6232816
0.6259342
0.6165828
0.6169234
0.6231967
0.620764
0.6160325
0.6145097
0.6185337
0.6168167
0.6136832
0.6130844
0.6154622
0.6191271
0.6155154
0.6129529
0.6150731
0.6191024
0.6215557
0.6181696
0.6196151
0.6294902
0.630465
0.6226521
0.6264573
0.6304535
0.6245954
0.6194287
0.6201711
0.6235025
0.6189966
0.6133879
0.6127526
0.6154597
0.6172289
0.6157383
0.612064
0.6148117
0.6172836
0.6140152
0.6151509
0.6167297
0.6206354
0.6272898
0.6270581
0.6220944
0.6222986
0.6245215
0.6300023
0.6321187
0.6303502
0.6337238
0.6316243
0.6256147
0.6235642
0.6245806
0.6274725
0.6282512
0.6200802
0.6160226
0.6263984
0.6327565
0.6267871
0.6228878
0.6239624
0.6307954
0.6430156
0.6473398
0.6423181
0.6358737
0.6378203
0.6405706
0.6474774
0.6555366
0.6465282
0.6364093
0.638277
0.6424603
0.6434671
0.643503
0.6412894
0.6400176
0.6409031
0.6388678
0.6351877
0.6317862
0.6293407
0.6343157
0.641233
0.6415182
0.6394859
0.6352805
0.6309386
0.6302254
0.6340944
0.6420133
0.6454005
0.6414065
0.6411848
0.6434908
0.6570182
0.6771723
0.6809034
0.6772403
0.6747385
0.6801142
0.6905692
0.6995966
0.7014837
0.6967354
0.6954065
0.6889056
0.6828269
0.6741682
0.653577
0.6404677
0.6420373
0.6579745
0.6784979
0.6833783
0.685449
0.6888659
0.6906465
0.7007163
0.7109369
0.7247939
0.7339825
0.7275969
0.7129518
0.7052306
0.7110126
0.7156201
0.7174543
0.7139026
0.7007242
0.6932514
0.6958347
0.7013934
0.7085469
0.7076645
0.7004564
0.6956794
0.6990443
0.7055651
0.7073226
0.7054013
0.6994492
0.7004324
0.7084261
0.7156323
0.7188927
0.7114525
0.7098148
0.7224218
0.7297885
0.7291569
0.7211154
0.7136758
0.7199844
0.7319528
0.738542
0.7348811
0.7228077
0.7115942
0.7122577
0.720713
0.7226255
0.7183866
0.7101828
0.7067516
0.7200836
0.7240974
0.7153773
0.7038519
0.7064053
0.6892576
0.7056169
0.7332698
0.7084407
0.722618
0.7118548
0.7163674
0.7449517
0.743565
0.7418876
0.7340047
0.7462254
0.7675004
0.7742392
0.768728
0.7577251
0.7501876
0.7619357
0.7706173
0.7653579
0.7551437
0.7509949
0.7714655
0.7909723
0.7938325
0.7840254
0.7673965
0.7735911
0.7905587
0.7904934
0.7736872
0.7638701
0.7747586
0.7822546
0.7807857
0.7702128
0.7542161
0.7461972
0.7551849
0.7734079
0.7719181
0.7618504
0.7490978
0.738144
0.7444347
0.7487813
0.7496339
0.7476518
0.7483451
0.7642656
0.773408
0.7628371
0.7507586
0.7554122
0.7749929
0.7878971
0.785609
0.7783613
0.7817962
0.8006769
0.8075861
0.7895135
0.7780886
0.78751
0.7924146
0.7731044
0.7645076
0.7927719
0.8108759
0.7982299
0.7890278
0.8009439
0.8142288
0.8197822
0.8017129
0.7782194
0.7895219
0.7996085
0.7868493
0.7747642
0.773796
0.7893926
0.8155319
0.8135778
0.7900332
0.7965271
0.8196703
0.8230454
0.8027389
0.7802461
0.7890758
0.8076288
0.8032451
0.785467
0.7790169
0.8004422
0.8154179
0.8005738
0.7853995
0.7941532
0.811166
0.8017217
0.7812236
0.7887943
0.8073471
0.8031049
0.7838592
0.7831319
0.8008215
0.7991849
0.7922493
0.8020873
0.8160069
0.812007
0.7912052
0.7907283
0.8004107
0.7981942
0.7794569
0.7709747
0.7894384
0.7992332
0.7934506
0.7934791
0.8058994
0.8131794
0.7972965
0.7823238
0.7960901
0.8060995
0.7955394
0.7803311
0.7882389
0.8051406
0.7968168
0.7814861
0.7874602
0.8036746
0.8023377
0.7894283
0.7824297
0.7981061
0.8021277
0.7843356
0.7840492
0.7958412
0.8005172
0.7838737
0.7711492
0.7868264
0.7965718
0.7836354
0.7823919
0.8039926
0.813328
0.7965998
0.7850154
0.8024309
0.8145652
0.7973391
0.7853048
0.8009764
0.8122815
0.799967
0.7889181
0.7994781
0.8112541
0.799533
0.7854281
0.7917692
0.8036145
0.8004133
0.7897735
0.8036252
0.8225071
0.8111704
0.8001898
0.8107211
0.8191456
0.8045583
0.7919463
0.799699
0.8065616
0.8008502
0.7924546
0.7898522
0.795737
0.7994438
0.7832772
0.7703429
0.7827078
0.7952614
0.7831673
0.7736791
0.7913408
0.8041243
0.7939912
0.7805433
0.7914985
0.8114048
0.8060222
0.788242
0.7895041
0.8019281
0.8079654
0.799623
0.7963207
0.8184169
0.8174059
0.7966911
0.7885381
0.7835688
0.782764
0.7729524
0.7599996
0.7694093
0.7836968
0.7747435
0.7725274
0.7981396
0.8074749
0.7956797
0.7830809
0.7924811
0.8165004
0.808095
0.7869664
0.7950569
0.8140732
0.8137556
0.7988786
0.7912527
0.8048573
0.8168639
0.8060003
0.7917811
0.8031375
0.8194692
0.8091059
0.7926789
0.7955766
0.7936597
0.7764941
0.7615909
0.7473992
0.7459567
0.7447078
0.7291131
0.728665
0.7319512
0.7298655
0.7440337
0.7614053
0.7747283
0.7814401
0.7895378
0.781814
0.7648598
0.7798376
0.7888335
0.7941019
0.8067408
0.7892338
0.7762713
0.7822202
0.7782402
0.7675959
0.7498145
0.7384529
0.7284201
0.7209808
0.7631665
0.7744339
0.7279669
0.7234553
0.733678
0.7375145
0.7424041
0.7432503
0.7463311
0.743459
0.7374162
0.7339843
0.7350947
0.7436078
0.756111
0.7625276
0.7654667
0.7629646
0.7617388
0.7661532
0.7743547
0.7832061
0.7877817
0.7866253
0.7759642
0.7654632
0.761835
0.7667709
0.7716134
0.7703586
0.7652639
0.7533987
0.7419865
0.7429331
0.7497691
0.7542836
0.7541758
0.7510459
0.7477109
0.7445509
0.7456355
0.7483503
0.7472625
0.7450008
0.7449717
0.7450693
0.7515653
0.7588874
0.7588868
0.7560383
0.7474284
0.7413749
0.7481793
0.76089
0.7707385
0.7661041
0.7554141
0.7462263
0.7416166
0.7476657
0.7496196
0.7465665
0.7432161
0.7411354
0.7496296
0.7530722
0.7450117
0.735781
0.7252937
0.7235552
0.7327502
0.7475344
0.7554564
0.7512749
0.7425099
0.742645
0.7589023
0.7655344
0.7742489
