0.8627188
0.8350724
0.8652399
0.8775639
0.8448807
0.8496262
0.8772861
0.882424
0.8565969
0.8549331
0.875929
0.8402225
0.8158192
0.8369459
0.8471343
0.8421876
0.8162773
0.8137237
0.8437108
0.8425682
0.8198778
0.8256846
0.8642068
0.8749714
0.8500869
0.8505287
0.875439
0.8816155
0.8582065
0.8595887
0.8963512
0.8924119
0.8564437
0.8632126
0.8891553
0.8696821
0.8438043
0.8579329
0.8958403
0.908747
0.8724735
0.8698595
0.9070051
0.9061148
0.8745241
0.8629501
0.8862582
0.9084116
0.8895931
0.8647681
0.8868197
0.9130318
0.8943803
0.8628477
0.8767176
0.9052668
0.8890194
0.8682131
0.8822309
0.9153407
0.9268023
0.900017
0.8899263
0.9248866
0.9435836
0.9048871
0.880112
0.9129738
0.9258281
0.8846675
0.8684727
0.8971214
0.9118107
0.8870973
0.8641848
0.8840491
0.9025758
0.8760422
0.8672084
0.9088722
0.9130944
0.8822354
0.8995171
0.9211945
0.8872185
0.8623277
0.888519
0.8877925
0.8645153
0.883655
0.8942752
0.8745957
0.8701406
0.8907714
0.8945359
0.8668349
0.8599969
0.8889499
0.8980023
0.8802115
0.8916617
0.9225133
0.9320627
0.9066726
0.893927
0.9105768
0.9179388
0.913276
0.880546
0.868853
0.8947126
0.8961428
0.8678656
0.8524879
0.8695872
0.8963587
0.9103457
0.8858916
0.8652764
0.8825564
0.9018203
0.897291
0.8735716
0.8774827
0.9060679
0.9153429
0.8839532
0.863953
0.8944744
0.9116939
0.8900332
0.8726962
0.8958489
0.914087
0.8838604
0.8710285
0.8960823
0.8950533
0.8714254
0.873846
0.901552
0.9066648
0.8741455
0.8633361
0.8890368
0.8899763
0.8597169
0.8508482
0.8717273
0.89159
0.902106
0.8841971
0.8765871
0.9032467
0.9165047
0.906263
0.8847829
0.8978147
0.9250915
0.9117098
0.8761471
0.8634051
0.8846284
0.8940971
0.8662365
0.859679
0.888098
0.8993081
0.8823074
0.8650499
0.8766381
0.8931989
0.8898637
0.8759578
0.8901914
0.905805
0.8764513
0.862968
0.8842869
0.8987325
0.9065481
0.9007321
0.8681632
0.8605791
0.8873002
0.8947902
0.8741496
0.8662565
0.9008197
0.9115924
0.8861747
0.8879265
0.9101316
0.9004432
0.8764744
0.8906333
0.8986059
0.8714459
0.8545901
0.8731083
0.8933782
0.8761798
0.8660037
0.8904701
0.8971816
0.8818384
0.8716902
0.8796981
0.8890562
0.8724481
0.8583081
0.8729771
0.8933387
0.8920611
0.8838021
0.8976707
0.9063037
0.8945719
0.8702201
0.8515922
0.8560307
0.8625679
0.8453227
0.8232802
0.8379978
0.8694959
0.8786518
0.8547059
0.855554
0.8908197
0.8978229
0.8799034
0.8724782
0.8953374
0.8999173
0.8724442
0.8754076
0.8933187
0.8818538
0.8632166
0.8704436
0.8913393
0.8950652
0.8761389
0.8677719
0.8950842
0.9007774
0.871689
0.8842406
0.890126
0.8607888
0.8704092
0.8904979
0.8725829
0.8565333
0.8828201
0.9020852
0.8717757
0.8637118
0.901658
0.9087106
0.8768082
0.8658881
0.8957176
0.9078035
0.8760468
0.8642054
0.8805142
0.8900511
0.8803527
0.8679588
0.8937623
0.9060945
0.877755
0.8683998
0.8885616
0.9006217
0.8752425
0.8610772
0.8856977
0.8937814
0.8726557
0.862014
0.8826146
0.8993486
0.8832186
0.869465
0.8849368
0.9029273
0.8854657
0.8715115
0.8999912
0.9083856
0.8792784
0.8712869
0.8933173
0.8971581
0.8723409
0.8728319
0.8908452
0.8816
0.8674355
0.872566
0.8919358
0.9060025
0.8809268
0.8505882
0.8735207
0.9019508
0.8937058
0.8632978
0.8561547
0.8863328
0.8971339
0.8805033
0.8739203
0.8833462
0.900168
0.8983498
0.8703704
0.859741
0.8759847
0.8855887
0.863491
0.859322
0.88949
0.9062862
0.8938516
0.8776086
0.8910668
0.9019901
0.8894788
0.8658818
0.8607019
0.8792159
0.8777578
0.85055
0.8432431
0.8717441
0.8879732
0.8786075
0.8687611
0.8767536
0.9037365
0.908419
0.8810408
0.8724867
0.8863527
0.8919332
0.8877501
0.866796
0.8601705
0.8807333
0.8935446
0.8983302
0.8748064
0.8510305
0.8729576
0.8917202
0.8658947
0.8506024
0.865039
0.8691322
0.8703945
0.8545528
0.8364486
0.8521152
0.8695026
0.8511013
0.8288928
0.8597113
0.891821
0.8945443
0.8981875
0.8797496
0.8780841
0.9095836
0.9038141
0.8854595
0.9041811
0.898614
0.8746484
0.8958584
0.9087572
0.8824924
0.8685598
0.8845466
0.8869085
0.869555
0.8832605
0.898037
0.8723987
0.8662199
0.8948348
0.905182
0.8834103
0.8776921
0.8856491
0.8699922
0.8789122
0.8764581
0.821433
0.826756
0.8767553
0.8589976
0.8195045
0.7779315
0.7994161
0.8473506
0.799953
0.7717721
0.7781514
0.7838536
0.7790301
0.7561834
0.7448149
0.7342743
0.7269792
0.7331935
0.7407786
0.7404097
0.7337365
0.7271237
0.7378463
0.7246595
0.699579
0.7032141
0.7181901
0.7200176
0.703878
0.7072907
0.7351181
0.7646534
0.7621977
0.7186087
0.6957763
0.7141935
0.7183289
0.6986326
0.7018219
0.7125159
0.700778
0.6877967
0.690259
0.7060975
0.6980213
0.6831417
0.6877531
0.6811704
0.6771798
0.6858015
0.697547
0.6889578
0.6716131
0.6839495
0.6998658
0.6929036
0.6796643
0.6813426
0.6881969
0.6774002
0.6648139
0.6720666
0.6700773
0.656562
0.6539497
0.6627427
0.6715684
0.6677898
0.6604791
0.6666782
0.6821427
0.6880249
0.6803794
0.666565
0.6692304
0.6842818
0.6902466
0.6839282
0.6678687
0.6702851
0.6904332
0.6952276
0.6822337
0.6726668
0.66459
0.6549926
0.6521365
0.6632044
0.7035451
0.7235595
0.7075306
0.6958368
0.6904629
0.6852549
0.6677266
0.6614833
0.6564327
0.6382666
0.6278525
0.6491228
0.6736232
0.6400077
0.630822
0.6649176
0.6781391
0.6829124
0.6724251
0.6522105
0.6601234
0.6820188
0.6758792
0.6535093
0.638924
0.6347408
0.6283626
0.6192447
0.624685
0.6371242
0.6456538
0.6411972
0.6325045
0.6316178
0.6369125
0.6370084
0.6258863
0.6264529
0.6328203
0.6344011
0.6487225
0.6575767
0.6515535
0.6587075
0.6705236
0.6665815
0.6555666
0.6520801
0.6471174
0.6371575
0.6354375
0.635115
0.62757
0.6275381
0.6407521
0.6450124
0.641391
0.6494373
0.6532918
0.644661
0.6442545
0.6550082
0.6646072
0.6625465
0.6714582
0.685029
0.6772276
0.6672905
0.6661167
0.6711293
0.6722096
0.6723525
0.6709189
0.6687298
0.6621587
0.6470515
0.6395402
0.6340851
0.6271313
0.6195904
0.6194716
0.6273061
0.641598
0.6375632
0.638836
0.6799735
0.6899246
0.6778523
0.678739
0.6763209
0.6758218
0.6716475
0.6589874
0.6519739
0.6517854
0.6391403
0.6325761
0.6446782
0.6470391
0.6335728
0.651086
0.6805129
0.6741049
0.6683457
0.6621585
0.6574985
0.6606714
0.6541336
0.6548247
0.66189
0.6627391
0.6602829
0.6520893
0.6546765
0.6531201
0.667797
0.6887539
0.6645361
0.6555913
0.6484741
0.6336464
0.6539411
0.6845615
0.6947823
0.6847341
0.6691669
0.6617976
0.6676318
0.6818208
0.7012833
0.7194787
0.7344151
0.7340786
0.7121479
0.7007362
0.7095109
0.723827
0.7333267
0.7212409
0.7047237
0.7073306
0.7297016
0.7567612
0.7748265
0.7836054
0.76508
0.7305442
0.7159353
0.7206224
0.7292343
0.7490967
0.7741168
0.7594834
0.7270358
0.7167889
0.7220206
0.7461667
0.7718033
0.7658967
0.7380915
0.7288837
0.7414387
0.7676842
0.7763354
0.7477095
0.7360351
0.7532725
0.7894158
0.8046931
0.7665593
0.7684095
0.8142677
0.8108533
0.7823803
0.7745673
0.8044666
0.8378695
0.8159543
0.7864172
0.7762571
0.78619
0.8153978
0.824938
0.8068046
0.786191
0.7971463
0.8152737
0.8008722
0.7926324
0.8218136
0.8328219
0.8077316
0.8106744
0.836316
0.8247673
0.809787
0.8382445
0.8421299
0.8197196
0.8388126
0.8453273
0.8157192
0.8141998
0.8352657
0.846199
0.8528881
0.8354809
0.8170412
0.8241321
0.8384586
0.8630327
0.8729262
0.8429006
0.8155556
0.8304473
0.8355124
0.8136892
0.8122625
0.8443209
0.8525835
0.8246955
0.8373004
0.8586242
0.8447336
0.8432148
0.8653322
0.8680754
0.8380583
0.8256689
0.8505372
0.8618226
0.8302979
0.8130933
0.8334845
0.8416466
0.8256744
0.8178666
0.8419603
0.8472249
0.8190607
0.823048
0.8480633
0.8414906
0.8226615
0.8388872
0.8623256
0.8496489
0.8273621
0.8291707
0.8570487
0.8724106
0.8490411
0.833314
0.8519598
0.8719034
0.8598559
0.8495708
0.868038
0.8829812
0.8689397
0.8417516
0.8492155
0.8657781
0.84532
0.8357291
0.8541824
0.8707019
0.8628398
0.8411596
0.8534246
0.872735
0.874224
0.8557047
0.8407421
0.8571199
0.8718436
0.8548438
0.8228901
0.8339133
0.8788653
0.870754
0.8335559
0.8609538
0.8885583
0.8521742
0.8474341
0.8888281
0.9030399
0.8757059
0.8575134
0.8906906
0.8995368
0.8634971
0.8464769
0.8675731
0.8827522
0.8867411
0.8840616
0.830795
0.8164582
0.8703443
0.8732259
0.8772829
0.9203808
0.9226446
0.9164355
0.8915082
0.8587179
0.8775007
0.8951624
0.8785568
0.8527528
0.851533
0.8747624
0.8778117
0.8559883
0.8644041
0.8944915
0.893312
0.8762027
0.8738394
0.8923189
0.8926017
0.8600066
0.8519787
0.8764691
0.8921534
0.8702565
0.8539207
0.887133
0.901862
0.8657787
0.8519277
0.8853573
0.8959462
0.8575821
0.8490377
0.8727477
0.8830515
0.8774724
0.8574822
0.8576963
0.8805114
0.8865051
0.860053
0.8512524
0.8849263
0.9010412
0.8700144
0.8590479
0.8802902
0.8946445
0.8904641
0.8618475
0.8518013
0.8594141
0.8517585
0.8351205
0.8369501
0.8546553
0.8772562
0.8819408
0.8667654
0.8817079
0.9024288
0.8977533
0.8785285
0.8781827
0.8960263
0.9003358
0.8930812
0.872047
0.860865
0.8692935
0.8842358
0.8902973
0.8648423
0.8546271
0.8829748
0.9069631
0.9076377
0.8786277
0.8725255
0.885316
0.8709786
0.8567369
0.8459078
0.8287828
0.8293996
0.8651243
0.8801684
0.8620364
0.8482137
0.8524418
0.8714646
0.8850555
0.8838638
0.8519763
0.8425554
0.8731359
0.88522
0.8795497
0.8568866
0.8358486
0.8512647
0.8744412
0.8710478
0.846198
0.8193447
0.827845
0.8772877
0.8896666
0.8420445
0.8579512
0.9143253
0.8988085
0.8662596
0.8571465
0.8619127
0.8659512
0.842257
0.801761
0.8025831
0.8388106
0.8647047
0.8695586
0.8350191
0.8261089
0.861433
0.8903485
0.8897547
0.8455366
0.8291056
0.8613959
0.896388
0.8972221
0.8489875
0.8332317
0.8701054
0.8863833
0.8506356
0.8344061
0.8744983
0.8888834
0.8724851
0.8583896
0.8582042
0.8638137
0.8557219
0.8287492
0.8129604
0.8454241
0.8659288
0.8509748
0.8327795
0.8479934
0.8844795
0.8830441
0.8724673
0.8665089
0.8672188
0.8747764
0.8743897
0.8577258
0.8434062
0.8485126
0.8580347
0.8685196
0.8587923
0.8611742
0.894082
0.9009083
0.8790757
0.8826193
0.904636
0.8936215
0.8720014
0.8827981
0.8922617
0.8726041
0.853599
0.8576298
0.8655522
0.8486445
0.8366808
0.8585675
0.8644998
0.8424822
0.8395508
0.8598709
0.871824
0.8622034
0.8561452
0.8751523
0.885652
0.8652851
0.8458793
0.848256
0.8684945
0.8731051
0.8459407
0.83693
0.8561831
0.869027
0.8638614
0.8414269
0.8271454
0.8424005
0.8659268
0.875246
0.8577502
0.8402535
0.8562821
0.8643408
0.8462785
0.8336788
0.8404041
0.8598566
0.8587076
0.8443317
0.8586593
0.8767466
0.8736064
0.8610461
0.8717583
