1.041432
1.034247
1.036021
1.019814
1.035744
1.033811
0.9947086
0.9971582
1.033559
1.039508
1.042067
1.07116
1.099538
1.088615
1.078295
1.083426
1.063173
1.048854
1.043014
1.031521
1.035586
1.022496
1.004953
1.024517
1.039534
1.053282
1.087013
1.109507
1.107374
1.096861
1.099267
1.079235
1.05368
1.059744
1.060246
1.061885
1.05174
1.047229
1.051756
1.039486
1.047403
1.055753
1.081978
1.100476
1.086658
1.087785
1.069749
1.053954
1.039483
1.032915
1.025609
1.016697
1.030383
1.014405
1.020095
1.026479
1.013951
1.031828
1.024758
1.014298
1.027102
1.040568
1.074974
1.092727
1.087104
1.098904
1.102188
1.090096
1.094345
1.086989
1.071857
1.079726
1.068695
1.064618
1.072313
1.060721
1.069384
1.068504
1.056426
1.091636
1.124002
1.122819
1.11462
1.104766
1.108256
1.101656
1.092121
1.098814
1.087331
1.071013
1.075879
1.064515
1.054201
1.06423
1.054225
1.058868
1.083109
1.096801
1.106911
1.090586
1.072759
1.078371
1.086797
1.11402
1.127737
1.106852
1.105634
1.118351
1.101548
1.086766
1.090918
1.077548
1.087443
1.122191
1.127017
1.128413
1.1179
1.104481
1.103446
1.093708
1.109873
1.114308
1.101713
1.101582
1.091023
1.089307
1.082865
1.064728
1.067932
1.059142
1.058661
1.097708
1.094456
1.084692
1.08525
1.065684
1.07101
1.089707
1.113069
1.117117
1.097163
1.09325
1.106107
1.093888
1.066518
1.077081
1.079455
1.063024
1.077791
1.09461
1.116527
1.127143
1.109168
1.110566
1.10496
1.092825
1.097126
1.085211
1.073471
1.07416
1.058481
1.054066
1.052709
1.032529
1.05694
1.088327
1.09142
1.091518
1.088182
1.090741
1.086632
1.085287
1.079304
1.073079
1.074327
1.059578
1.046716
1.054131
1.076613
1.109771
1.117121
1.102687
1.099715
1.100254
1.09854
1.095529
1.094624
1.077513
1.071525
1.078841
1.075687
1.087349
1.089623
1.119297
1.142052
1.115381
1.110485
1.098947
1.089881
1.095881
1.077817
1.066162
1.056019
1.035729
1.037894
1.036062
1.040662
1.070252
1.062938
1.043604
1.059583
1.058421
1.039724
1.047976
1.051864
1.045181
1.053341
1.061093
1.06731
1.084439
1.11414
1.118619
1.113622
1.123732
1.121623
1.099956
1.089666
1.117765
1.131263
1.11228
1.109932
1.117949
1.103833
1.107234
1.11406
1.113909
1.118636
1.103748
1.09446
1.095414
1.091164
1.086182
1.085976
1.075814
1.056422
1.058623
1.055803
1.058336
1.095143
1.104477
1.091553
1.090691
1.088976
1.081778
1.08787
1.080008
1.069873
1.079312
1.064995
1.05629
1.078711
1.101307
1.11135
1.096349
1.069726
1.075635
1.08206
1.045732
1.019546
1.043465
1.048534
1.034445
1.026192
1.027143
1.044225
1.04912
1.056832
1.05635
1.04983
1.047424
1.037531
1.036444
1.049024
1.049197
1.061904
1.086221
1.086072
1.091191
1.101045
1.093927
1.081545
1.096913
1.091429
1.076202
1.088024
1.089677
1.126316
1.142535
1.122819
1.128508
1.114036
1.103875
1.115515
1.10249
1.086155
1.083661
1.065912
1.055264
1.078094
1.100504
1.100536
1.092581
1.087618
1.078773
1.075415
1.084735
1.077351
1.07846
1.094282
1.077537
1.066217
1.085232
1.077494
1.069782
1.099939
1.111362
1.106632
1.106902
1.097548
1.094687
1.099934
1.088705
1.078795
1.059739
1.028433
1.010843
1.005135
1.016712
1.006098
1.007343
1.011526
0.9887608
1.002843
0.9941489
0.9814349
0.9768384
0.9763189
0.9989701
0.9747975
0.9638288
0.9681602
0.9594768
0.9676677
0.9605741
0.9576212
0.9530083
0.9416501
0.9698699
0.9584223
0.9372599
0.9540663
0.9459794
0.9491651
0.9415503
0.9370647
0.940116
0.9314681
0.9464415
0.9292536
0.922112
0.930122
0.9040453
0.909071
0.9081891
0.8997533
0.9047192
0.8863442
0.8910266
0.9090064
0.8844722
0.883541
0.9059052
0.8940344
0.9099606
0.9171187
0.8991492
0.9207616
0.9143712
0.9018485
0.9213082
0.9103206
0.9135516
0.9243781
0.9066809
0.9127714
0.9288285
0.9121117
0.9049578
0.9181172
0.9005655
0.9050816
0.9069967
0.8854479
0.8932011
0.8810484
0.8820957
0.8905414
0.8786775
0.8816724
0.872716
0.8706198
0.8802861
0.8730203
0.87908
0.8747195
0.8626691
0.8789313
0.8787302
0.8719094
0.872202
0.8548207
0.8538937
0.8702126
0.859866
0.8568269
0.8679784
0.857984
0.8514154
0.8530515
0.8399229
0.8439096
0.860599
0.8623112
0.8536874
0.8509338
0.8551845
0.8440756
0.8505172
0.8535279
0.8429975
0.8537209
0.8466858
0.8421739
0.8469467
0.8418956
0.8440197
0.8427017
0.8415997
0.8400518
0.8494526
0.8445309
0.8439431
0.8480819
0.8406741
0.8514943
0.8422154
0.8453897
0.8524114
0.8385866
0.8478532
0.8488321
0.8483259
0.8497163
0.8367229
0.8450934
0.8541643
0.846848
0.8435656
0.847816
0.8540072
0.853458
0.8575688
0.8535458
0.845964
0.8597859
0.8667391
0.8692689
0.8750682
0.8570837
0.8521413
0.8823441
0.8718768
0.8597244
0.8935259
0.8903165
0.8678031
0.8920096
0.9027568
0.8899949
0.9074428
0.9150843
0.9145226
0.9049155
0.9023944
0.9003455
0.8755088
0.893118
0.8967831
0.8846478
0.9020385
0.8935423
0.8926833
0.9088932
0.8987479
0.9053824
0.9237231
0.9187054
0.9273037
0.9423702
0.9323025
0.9253542
0.9302382
0.9217584
0.9188311
0.9345477
0.9288084
0.9172178
0.9326041
0.9240462
0.9175178
0.9410968
0.935174
0.928473
0.9453715
0.9404841
0.9446122
0.962773
0.9539981
0.9642382
0.9756491
0.949498
0.9591328
0.9815901
0.9689855
0.9732163
0.9764797
0.9775978
0.9849868
0.965602
0.9636496
0.9677364
0.9584676
0.9661141
0.9631879
0.9638935
0.9628393
0.9647398
0.9834565
0.9867153
0.9990735
1.009985
0.9952489
0.988344
0.9921991
0.971685
0.9548156
0.9711939
0.9609904
0.9430037
0.9507153
0.9440476
0.9394031
0.9385461
0.940837
0.9628635
0.9709661
0.9590957
0.9769842
0.981527
0.9591163
0.9708445
0.9698516
0.9650502
0.9835031
0.9762275
0.9634625
0.9776981
0.9787494
0.9730952
0.9837858
0.9764278
0.9727468
0.9824965
0.9721371
0.9756989
0.9906696
0.9836392
0.9894027
0.981067
0.9634875
0.9839771
0.9788544
0.979973
1.020343
1.01222
1.003111
1.018101
0.9979805
0.9846557
0.9840511
0.9776279
0.9896392
0.9898475
0.9795574
0.9779549
0.9743181
0.9960915
1.006275
0.9906312
1.000115
0.9979037
0.9961228
1.017271
1.008138
1.016277
1.029885
0.9936945
0.9901747
1.016061
1.011489
0.994669
0.9748575
0.9556833
0.9479876
0.9627079
0.961964
0.9468467
0.9737822
0.9927473
0.9871276
0.9842914
0.9868603
1.010179
1.009219
1.007279
1.064465
1.087148
1.063329
1.076053
1.068417
1.037674
1.035222
1.059728
1.054145
1.021562
1.056747
1.075657
1.043554
1.041398
1.0397
1.021456
1.011235
1.005553
1.01305
1.01138
0.9945952
1.0031
1.006686
1.006086
1.015164
1.01121
1.011907
1.021964
1.028827
1.019692
1.000753
0.9974529
0.9932455
0.9868222
0.9990827
0.9930849
0.9922977
1.021484
1.042915
1.064726
1.072111
1.066702
1.070452
1.058764
1.050367
1.048155
1.037424
1.033741
1.028979
1.034372
1.029157
1.014297
1.031651
1.036031
1.025737
1.040098
1.040604
1.043998
1.079823
1.101905
1.098698
1.093488
1.073798
1.069547
1.071794
1.059309
1.065567
1.052519
1.019261
1.003841
1.013728
1.018124
0.9984875
0.9900874
1.003657
1.000872
0.9941876
1.007907
1.005272
1.004775
1.005284
0.9922247
1.002757
1.006549
0.9955876
0.994297
1.003977
1.036122
1.058779
1.065655
1.060657
1.042658
1.041841
1.042854
1.013215
1.00721
1.036042
1.042326
1.035973
1.040922
1.047338
1.030999
1.031434
1.037754
1.029522
1.043553
1.047284
1.045271
1.0331
1.035015
1.08382
1.095418
1.077197
1.071512
1.06242
1.057041
1.054834
1.056724
1.055377
1.036692
1.026092
1.026261
1.012965
1.008769
1.011195
1.007158
1.016948
1.003492
1.005725
1.044965
1.041876
1.046051
1.048881
1.026528
1.043181
1.052317
1.042148
1.048089
1.041334
1.018551
1.027964
1.053191
1.048495
1.060593
1.07004
1.060302
1.067102
1.065619
1.063603
1.063362
1.048085
1.046962
1.049363
1.035607
1.059386
1.092619
1.088425
1.085685
1.072056
1.054823
1.059624
1.045983
1.027947
1.02021
1.00818
1.008763
1.003699
1.007807
1.023958
1.023526
1.017387
1.007282
0.9936809
0.9926875
1.006508
1.005758
0.9937913
1.001764
1.021972
1.047895
1.076523
1.07039
1.062514
1.075818
1.059749
1.060455
