0.8321849
0.8321004
0.834921
0.8157342
0.8391033
0.8620103
0.8636285
0.86579
0.8711266
0.8691887
0.8664069
0.8707497
0.8706217
0.8632412
0.8570181
0.8574222
0.8592922
0.8620914
0.8622457
0.8579471
0.8617114
0.8611762
0.8576169
0.8635971
0.8646709
0.8660985
0.8682037
0.8660438
0.8759863
0.8848719
0.8831499
0.8829935
0.8828661
0.8811014
0.8822374
0.8834298
0.8704016
0.8667576
0.8686697
0.8586424
0.8602765
0.8595559
0.8552312
0.8543447
0.8530346
0.8549237
0.8582719
0.8536958
0.8392998
0.8436877
0.8528263
0.8482072
0.8415434
0.8391576
0.8461293
0.8491686
0.8425096
0.8369256
0.8406185
0.8415453
0.8310891
0.8235886
0.8291084
0.8240812
0.8153369
0.8173844
0.8143587
0.813083
0.8092
0.8055405
0.8106441
0.8151033
0.8146283
0.8102253
0.8137589
0.8206067
0.818033
0.8108395
0.8065998
0.810858
0.8079249
0.8075636
0.8158621
0.8158331
0.8187867
0.8193402
0.8217264
0.8320444
0.8354557
0.8290029
0.8247732
0.828266
0.8283332
0.8246743
0.8258261
0.8355818
0.8404995
0.834239
0.8313817
0.8379977
0.8367978
0.8309121
0.8265377
0.8253489
0.8281899
0.8279455
0.8257087
0.8225385
0.8259043
0.8274621
0.8258353
0.8249449
0.8287729
0.8347345
0.829585
0.8229373
0.8288683
0.8320341
0.8272212
0.8258912
0.8272837
0.8296434
0.8280077
0.8241015
0.8242136
0.8278427
0.8265852
0.8193565
0.8172416
0.8218724
0.8248378
0.8184662
0.8144818
0.8217592
0.8245233
0.8182389
0.8120041
0.8124591
0.8186871
0.8207243
0.8150503
0.8158596
0.820651
0.8202951
0.8163834
0.8163472
0.8214665
0.8211455
0.8157017
0.816064
0.8250842
0.8225474
0.8164445
0.818416
0.8196451
0.8179892
0.8141455
0.8174772
0.8197927
0.8207992
0.8159955
0.8078577
0.8126546
0.812288
0.8083973
0.8116741
0.8175264
0.8176704
0.8136983
0.8099575
0.8075248
0.8116894
0.8116529
0.8120506
0.8122221
0.8114005
0.8166141
0.8201993
0.8240112
0.8210648
0.8234187
0.8317263
0.8356677
0.8399771
0.8376807
0.8401663
0.8452623
0.8480672
0.8483355
0.8471034
0.852117
0.8532531
0.8499031
0.8469865
0.8441304
0.8462813
0.8471741
0.8416981
0.8386902
0.844894
0.8493358
0.8478037
0.8449134
0.8401743
0.8447179
0.8471689
0.8432743
0.8381529
0.8345838
0.8418204
0.8487423
0.8467545
0.8369204
0.8397407
0.8470748
0.8428941
0.8391871
0.8435877
0.8498322
0.8456468
0.8374507
0.8339471
0.8385062
0.8385653
0.831624
0.8274821
0.8301284
0.8344366
0.8278481
0.8219389
0.8252471
0.8240961
0.8247515
0.8242822
0.8180787
0.8204675
0.8196475
0.8136957
0.813577
0.8164682
0.8172656
0.8146391
0.8125086
0.8159299
0.8196647
0.8181909
0.8147455
0.8202646
0.8279544
0.8213136
0.8155063
0.8219691
0.825216
0.8252609
0.824139
0.8201594
0.8277654
0.8330665
0.83248
0.8286288
0.8264376
0.8323518
0.8266306
0.8214435
0.8254533
0.8240817
0.8234627
0.8196565
0.8185046
0.8285124
0.8328746
0.8299715
0.828314
0.8353146
0.8386722
0.8356696
0.8341446
0.8353269
0.8361651
0.8362648
0.827354
0.8168601
0.8248804
0.8256093
0.8101969
0.791668
0.7858043
0.7998223
0.8079267
0.8062965
0.8145206
0.8226526
0.82563
0.826908
0.8297155
0.8360314
0.8366167
0.8377981
0.8320561
0.8271812
0.8337943
0.8323829
0.830377
0.8266851
0.8232836
0.8297943
0.8293987
0.826102
0.8212311
0.8186807
0.8287385
0.8366116
0.8383953
0.8328208
0.8369918
0.8501436
0.8492367
0.8495073
0.8497452
0.8544766
0.8649027
0.8657016
0.8555366
0.8362637
0.8370543
0.8510186
0.8514833
0.8430783
0.8387952
0.8499625
0.8545894
0.8509903
0.8496707
0.8487059
0.8512926
0.8492167
0.8450536
0.847359
0.8536492
0.8548002
0.861317
0.8641801
0.8572935
0.8636287
0.8682702
0.8694672
0.8674568
0.8634035
0.867608
0.8702115
0.8651609
0.8560365
0.8579291
0.8634928
0.8623804
0.8573307
0.8508021
0.8529849
0.8529992
0.8463088
0.8438276
0.8421175
0.8421181
0.8415906
0.8361858
0.8243599
0.8176327
0.8226105
0.8259762
0.8260943
0.8224365
0.8190626
0.8232349
0.8241205
0.8155228
0.8112952
0.8169277
0.8184113
0.8158194
0.8117992
0.8142673
0.8200121
0.8212306
0.8191818
0.8152019
0.8214993
0.8233276
0.8203366
0.8180762
0.818829
0.8214645
0.8164324
0.8150566
0.8111916
0.7919353
0.7830306
0.8019399
0.8132917
0.8143947
0.8271489
0.8347651
0.8512581
0.8475903
0.8231423
0.8325734
0.8196428
0.8143794
0.8376495
0.8156768
0.7902234
0.7908283
0.8017272
0.8184706
0.8102056
0.8066451
0.7967029
0.7953647
0.8152939
0.800442
0.778342
0.7793094
0.7876059
0.7535985
0.7543214
0.7931913
0.7773489
0.7663126
0.77461
0.7639694
0.7661659
0.7620345
0.7318569
0.7276238
0.7340173
0.7325072
0.7354371
0.7487107
0.759924
0.7614149
0.7666405
0.7600574
0.7565717
0.7572374
0.745661
0.7434268
0.7493461
0.7470093
0.7446309
0.7528474
0.7483299
0.7345107
0.7407682
0.7435903
0.7303561
0.7311817
0.7345487
0.7242815
0.7261718
0.7295298
0.7193381
0.7165786
0.7190577
0.7089804
0.7001088
0.6996948
0.6928194
0.6867517
0.6840305
0.6778188
0.6746536
0.6786278
0.6786763
0.6734642
0.6706483
0.6705233
0.6725301
0.6732842
0.6716493
0.6693467
0.6677297
0.6673214
0.6677117
0.6649192
0.6647241
0.6646448
0.661682
0.6646136
0.662565
0.6613437
0.6619394
0.6560979
0.6554088
0.6540095
0.6503315
0.649643
0.648315
0.6455783
0.6447275
0.6462134
0.6433909
0.6399382
0.6401159
0.6420114
0.6416198
0.6418104
0.643967
0.641799
0.6438839
0.6431339
0.637313
0.6356826
0.6354717
0.6376233
0.6381053
0.6358803
0.6386629
0.6418352
0.6412725
0.6428453
0.6395198
0.6383419
0.6389891
0.6352129
0.6349566
0.6360123
0.6358949
0.6340114
0.6320768
0.6342707
0.6330178
0.6305672
0.6334062
0.6333106
0.6329439
0.63171
0.630655
0.6322609
0.6327001
0.6311264
0.6312234
0.6280852
0.6245659
0.626342
0.6232345
0.6190783
0.617926
0.6171046
0.6158154
0.6142338
0.6127248
0.6135647
0.6129973
0.6068519
0.604723
0.6060689
0.6037526
0.6025428
0.6044957
0.6064679
0.6041116
0.6001382
0.602255
0.6032314
0.6009368
0.6033969
0.6051999
0.6038727
0.6053508
0.6074961
0.6063048
0.6059866
0.6102005
0.6146357
0.6117559
0.6110859
0.6167399
0.6190848
0.6266405
0.6223875
0.6231097
0.6132789
0.6226799
0.6644085
0.6420549
0.6284
0.6386709
0.634761
0.6386281
0.6340961
0.6268982
0.6268637
0.6319108
0.6362387
0.635027
0.6303404
0.6397839
0.6580201
0.6750484
0.6873881
0.69352
0.6984444
0.6969091
0.6957802
0.6978704
0.6971861
0.6967875
0.691749
0.6878329
0.6880181
0.6870042
0.6937976
0.700378
0.6996778
0.6959465
0.6935726
0.6987004
0.7018141
0.7024051
0.6978303
0.6962505
0.7024946
0.7054086
0.702023
0.6974164
0.6998918
0.7006149
0.6997061
0.6967577
0.694893
0.6979789
0.697805
0.695149
0.6918266
0.6937518
0.696787
0.6951845
0.6916388
0.6885904
0.6862557
0.6850135
0.6848289
0.6842915
0.6880408
0.6960799
0.7093519
0.716578
0.716747
0.7236375
0.728795
0.7292791
0.7273969
0.7203855
0.7183583
0.721437
0.7236794
0.7262376
0.7254973
0.7292413
0.7397324
0.7480662
0.7460417
0.7393586
0.7456062
0.756969
0.756172
0.7478976
0.7479074
0.7550394
0.760877
0.7572023
0.752623
0.7609102
0.7695991
0.7733727
0.7687714
0.7696646
0.783238
0.7923928
0.7919647
0.7771601
0.7784101
0.7957146
0.7964069
0.7885712
0.7837711
0.7878209
0.7960257
0.7974073
0.784669
0.7801192
0.7918068
0.7998863
0.7950579
0.7933246
0.8102642
0.8070158
0.7869264
0.791763
0.8043677
0.8130919
0.8113427
0.8002345
0.804848
0.8101413
0.8058584
0.7988546
0.8003272
0.8070446
0.8079723
0.7989615
0.8001852
0.8207054
0.8335989
0.8371058
0.8289591
0.8355297
0.8531479
0.8600425
0.8488586
0.836071
0.8486807
0.8515381
0.8408088
0.8331707
0.8404218
0.8502588
0.8376959
0.8343193
0.8474033
0.8519755
0.8499491
0.8436782
0.8466727
0.8578391
0.8630169
0.8569388
0.8623148
0.8774634
0.869297
0.8530942
0.8588308
0.8731502
0.8711453
0.8673725
0.867524
0.8742764
0.8842647
0.8740625
0.8624628
0.8722722
0.8786282
0.8754665
0.8668643
0.8655771
0.8684172
0.8570931
0.8498248
0.8545204
0.8725413
0.8758432
0.8641939
0.8729202
0.8875937
0.892904
0.8841093
0.8658816
0.8615997
0.8803505
0.8829993
0.8755889
0.8756072
0.8807362
0.8870449
0.8808545
0.8753149
0.8739573
0.8794989
0.8783372
0.8678413
0.8692356
0.8796387
0.8760051
0.8667585
0.8753625
0.8856995
0.8940264
0.8988812
0.8953229
0.9070909
0.9218064
0.9183811
0.9031892
0.9016857
0.909414
0.8974022
0.8802376
0.878781
0.8917203
0.8891401
0.8635728
0.8678669
0.8682841
0.8473061
0.850674
0.8532639
0.8502016
0.8406475
0.8382599
0.8548346
0.8531423
0.8508135
0.8515549
0.8386345
0.8430012
0.8529528
0.842991
0.8330695
0.8429618
0.8485527
0.8416095
0.8375308
0.8456128
0.8476002
0.8524936
0.8562977
0.8431181
0.849535
0.8669756
0.8677547
0.8629226
0.8729711
0.888739
0.8866675
0.8782568
0.8899403
0.8929465
0.8917198
0.9006905
0.8942749
0.889984
0.9025352
0.9015127
0.8892532
0.894868
0.9100175
0.9004921
0.8842939
0.8924962
0.9018336
0.8895546
0.8803856
0.8940889
0.9018044
0.9003322
0.891784
0.8931459
0.886029
0.866484
0.8526007
0.8337948
0.8315589
0.8391218
0.8416678
0.8434633
0.8532492
0.8641567
0.8654191
0.8614532
0.8711131
0.8769131
0.8708034
0.8745172
0.8770361
0.8793936
0.8766368
0.8766224
0.8872411
0.8911915
0.8886953
0.8886798
0.9023947
0.9065182
0.8982619
0.9056048
0.9080069
0.9047879
0.8991633
0.8939265
0.9024348
0.9022904
0.8952571
0.8949003
0.8961074
0.8968342
0.8871222
0.8835719
0.8931165
0.8999041
0.8981764
0.8911877
0.8978941
0.9073102
0.8985684
0.8895206
0.8926791
0.8995088
0.8984729
0.8886139
0.8972521
0.9103531
0.9017504
0.8931459
0.9040136
0.9159386
0.9024235
0.8914866
0.9007343
0.89999
0.88811
0.8746199
0.8818362
0.8953752
0.8848755
0.8849948
0.9130882
0.9050101
0.8879425
0.9102632
0.9079282
0.9025603
0.9204015
0.9152045
0.9001488
0.9090245
0.9233808
0.9170276
0.9038429
0.9126035
0.9175472
0.9110995
0.9019708
0.904153
0.9145953
0.910077
0.9007422
0.8880882
0.8884562
0.8979644
0.9020417
0.9025784
0.8949382
0.8965187
0.9024878
0.9018033
0.8908182
0.8806462
0.8854728
0.8814766
0.882057
0.8935627
0.9036699
0.905191
0.8957955
0.8917866
0.8943222
0.8864727
0.8720372
0.876442
0.8900504
0.9011973
0.8991635
0.8729198
0.8638053
0.8835123
0.9009281
0.9030129
0.8972137
0.898285
0.8924916
0.8878538
0.88946
0.8845369
0.8816849
0.879124
0.8804806
0.8808058
0.8775272
0.877481
0.8641034
0.8547355
0.8689111
0.8734219
0.8671016
0.8603269
0.8520902
0.8591025
0.8578302
0.8573173
0.878864
0.8864843
0.8829944
0.8817657
0.8827029
0.8827326
0.8683056
0.85363
0.8652059
0.8713889
0.8624163
0.8571722
0.8522761
0.8640337
0.8745225
0.8748484
0.8713802
0.8639757
0.8667422
0.8762518
0.8801633
0.8822266
0.8754503
0.8666601
0.8750423
0.8742909
0.8722384
0.8724737
0.8650003
0.870942
0.8715528
0.8696912
0.8692105
0.8577262
0.8631189
0.8724519
0.8752917
0.8723548
0.8577689
0.8643411
0.8716239
0.8593459
0.8466389
0.843373
0.8529734
0.8593386
0.8541273
0.8494648
0.8572581
0.8638972
0.8609337
0.8616207
0.8640039
0.8674877
0.8676724
0.8570238
0.8641574
0.8784134
0.87405
0.8661087
0.8699795
0.8806501
0.8738789
0.8698854
0.8809389
0.8855575
0.8809746
0.872033
0.8785962
0.8824931
0.8774766
0.8759188
0.8769602
0.8837697
0.8793107
0.870108
0.8716026
0.8815826
0.885603
0.8779825
0.8737944
0.880588
0.88587
0.878317
0.8648741
0.8609384
0.8550421
0.8355412
0.8281545
0.8457917
0.8598883
0.861068
0.8686518
0.8789109
0.8817423
0.880136
0.8790394
0.8788845
0.873656
0.8654939
0.8607132
0.8650413
0.8669486
0.8590235
0.8476392
0.8490487
0.8636567
0.8652655
0.8701591
0.8564527
0.8440616
0.8637895
0.8699102
0.8473637
0.8311586
0.8558949
0.8667085
0.8508748
0.868024
0.8492888
0.8108181
0.8447223
0.8681326
0.8361661
0.7833321
0.7737343
0.7586166
0.7597479
0.8153355
0.8100865
0.7953802
0.8109162
0.8121578
0.8082832
0.8057515
0.801335
0.7896726
0.786662
