0.6592966
0.6531175
0.6553572
0.6504093
0.6503392
0.640926
0.6519684
0.6262569
0.6105767
0.6683436
0.6496656
0.6414275
0.6525203
0.6445157
0.6744541
0.6352798
0.6731166
0.5952744
0.5955855
0.7274422
0.7309834
0.7591956
0.7216871
0.7258272
0.7195597
0.7051989
0.6899485
0.7073514
0.7064124
0.7170456
0.6939338
0.6834163
0.7101681
0.6936827
0.6931507
0.6897087
0.7110482
0.6874508
0.6853161
0.688476
0.7006875
0.6740474
0.7433464
0.7451323
0.7507986
0.8110312
0.7514947
0.7378213
0.7249471
0.730198
0.7345633
0.7330552
0.7324182
0.7433274
0.7550086
0.753235
0.7448203
0.7383274
0.7348426
0.7309437
0.7205883
0.7076019
0.7075762
0.7116819
0.71162
0.6998412
0.7144875
0.7627308
0.7450961
0.7270318
0.7222418
0.6884195
0.784649
0.7225693
0.6422911
0.6747505
0.651306
0.6488538
0.6358751
0.6458156
0.6409283
0.6397158
0.6476005
0.6617439
0.6602621
0.6564902
0.6516441
0.6483896
0.6579271
0.6622003
0.6611054
0.6640111
0.6523327
0.6481108
0.6590459
0.6585954
0.6599544
0.6659894
0.6675995
0.6698825
0.6715729
0.6718193
0.6728738
0.6990895
0.6667672
0.7249287
0.6962025
0.7448331
0.7651412
0.7322703
0.7373218
0.6637899
0.735424
0.6464011
0.7590666
0.7641029
0.738492
0.7688185
0.6993336
0.7435143
0.7116047
0.7082956
0.6835398
0.6854389
0.6686048
0.7016136
0.6670323
0.7195132
0.736158
0.7252635
0.7646203
0.6703931
0.7555293
0.7935769
0.7373657
0.7432471
0.7323711
0.7421963
0.7690323
0.7398223
0.7281776
0.7380994
0.7274521
0.718137
0.7182714
0.7272543
0.7228016
0.7203541
0.7230311
0.7199789
0.7192572
0.7151491
0.70702
0.6898572
0.6923396
0.7536771
0.8477636
0.7327169
0.6670118
0.700759
0.671856
0.6637216
0.6422978
0.6519652
0.6494899
0.6492958
0.6589592
0.664333
0.6592733
0.6641716
0.6448237
0.6318545
0.6519591
0.6644204
0.6604671
0.6700773
0.651391
0.6365463
0.6583897
0.6583657
0.6667685
0.6750885
0.6651242
0.6814374
0.645483
0.6733325
0.6124883
0.6176604
0.6768989
0.7220551
0.7144172
0.657956
0.6877801
0.6850466
0.6910489
0.6778259
0.681034
0.6539032
0.6506841
0.6544679
0.6595133
0.6544369
0.6518787
0.6554531
0.650293
0.6605931
0.707372
0.647392
0.7108787
0.679875
0.6650827
0.8042091
0.6818984
0.7031504
0.7058411
0.6555766
0.6754055
0.6498175
0.6552326
0.6942665
0.6996855
0.6629077
0.7115133
0.6549642
0.7696343
0.7897888
0.6767236
0.7918553
0.7477551
0.7494713
0.7501977
0.6963743
0.7638607
0.7537078
0.7325634
0.7424404
0.7257511
0.7213553
0.7231968
0.7275122
0.7205927
0.7143767
0.7131842
0.7178762
0.7164138
0.7075108
0.6974416
0.6876336
0.7040609
0.7034453
0.7220809
0.6833349
0.6956387
0.6905517
0.6628727
0.6827203
0.6624515
0.6692325
0.6772099
0.6842487
0.6655785
0.6979867
0.6589002
0.7175289
0.6653429
0.7312531
0.7781429
0.6980558
0.778716
0.7331904
0.6946395
0.6778254
0.6696183
0.6642362
0.666742
0.6569852
0.6651831
0.6669719
0.6565879
0.651401
0.6611913
0.6477653
0.6901725
0.6725524
0.7038914
0.7044111
0.7086825
0.8004624
0.7023447
0.6921283
0.7909056
0.8006625
0.8108108
0.7670216
0.7723293
0.7347971
0.6847559
0.7777966
0.7342287
0.7623102
0.7610536
0.7103637
0.7206571
0.7123594
0.6946281
0.7668846
0.7423882
0.7038573
0.716276
0.6771487
0.6999662
0.6815676
0.6841093
0.6716278
0.6764634
0.6635741
0.670478
0.667418
0.6960296
0.6149414
0.7029383
0.7353094
0.6489032
0.6870316
0.6478744
0.6573545
0.6507149
0.6621208
0.6427995
0.6556797
0.6330971
0.6805164
0.5970524
0.6524574
0.7101053
0.6279953
0.6700082
0.6415483
0.6531216
0.6484987
0.653944
0.6562857
0.6662939
0.6470368
0.6667463
0.6283346
0.7170005
0.7117493
0.6427733
0.7894737
0.6903243
0.7138265
0.7369867
0.7054228
0.7457584
0.6865514
0.6796622
0.6731657
0.6782265
0.6733301
0.6736656
0.6609621
0.6484281
0.6641666
0.674688
0.6765424
0.6770891
0.664939
0.6575339
0.6689838
0.6704439
0.6643287
0.6645698
0.6656169
0.6650233
0.6654436
0.6672343
0.6668593
0.6615234
0.6560828
0.6648064
0.6676877
0.6619034
0.6632593
0.6645736
0.6577326
0.6532056
0.6567035
0.6548192
0.6626876
0.6685989
0.6606515
0.6520265
0.6712338
0.6893955
0.6677753
0.6594583
0.6714523
0.6769514
0.6748417
0.6622596
0.6820575
0.7183687
0.6758866
0.7054658
0.6502274
0.7683854
0.8389805
0.6234462
0.7771038
0.7726544
0.6970784
0.7307192
0.673937
0.6711021
0.6722826
0.7046222
0.6637432
0.6955669
0.6309405
0.5744065
0.7575499
0.7638207
0.6479095
0.7560097
0.6650564
0.7024247
0.8105659
0.7384089
0.7661642
0.691444
0.7198334
0.6483447
0.7564358
0.7776073
0.6820234
0.8021154
0.7025566
0.7346726
0.7950856
0.7243059
0.744955
0.6763626
0.6765847
0.7736969
0.7335284
0.7256558
0.7450372
0.7273571
0.7248504
0.7174224
0.7181676
0.7203994
0.7197271
0.711331
0.7103989
0.7244534
0.7387163
0.7408315
0.7224576
0.7109816
0.7096503
0.7065289
0.7211669
0.712698
0.6999897
0.700744
0.6970531
0.7043051
0.7012484
0.7071432
0.692273
0.708605
0.6886904
0.6779865
0.7254806
0.6892089
0.7358556
0.7317186
0.6919449
0.6747782
0.7189772
0.7565699
0.6753383
0.735702
0.7459687
0.7317786
0.8393263
0.7676473
0.7254964
0.7515616
0.700207
0.7451956
0.6484371
0.6782978
0.81304
0.7452391
0.7054377
0.7084002
0.7173992
0.7167867
0.7025937
0.7047521
0.6845403
0.6943352
0.7026311
0.6823898
0.651461
0.6989691
0.696304
0.6531483
0.6786475
0.6598837
0.6651187
0.6564064
0.6514667
0.6399677
0.6375575
0.6304181
0.6348254
0.6411316
0.6311968
0.6270901
0.6281706
0.6251341
0.6282062
0.6370644
0.627746
0.6318619
0.6276512
0.6182921
0.6266332
0.6220803
0.6305847
0.6129955
0.6345576
0.6413277
0.6287438
0.6508467
0.6087892
0.5810908
0.5697568
0.6098219
0.635031
0.6366228
0.6097146
0.5941451
0.6081136
0.5958592
0.601005
0.58824
0.6001165
0.5723407
0.5553395
0.6162003
0.6046111
0.5858169
0.5980286
0.592224
0.5854177
0.5812155
0.5838759
0.5747931
0.5811702
0.5823141
0.5932336
0.5740395
0.6027441
0.6079962
0.5886684
0.5976563
0.5601058
0.5265543
0.5576059
0.6116625
0.5822577
0.5885954
0.5911523
0.5818477
0.5877586
0.5869229
0.5909043
0.5874876
0.5874805
0.5909147
0.5869042
0.5833222
0.5827714
0.5810068
0.5848019
0.5805386
0.5783387
0.5824503
0.5800759
0.57848
0.5803275
0.5795922
0.5784445
0.5753089
0.576382
0.5791008
0.5768967
0.5785086
0.583436
0.5841774
0.5807714
0.5795058
0.5804503
0.580499
0.5783161
0.5803097
0.5820363
0.5791284
0.5812365
0.5789329
0.5769293
0.5797139
0.5781877
0.5780581
0.5754326
0.5731085
0.5747713
0.5785749
0.5786894
0.5779569
0.5684728
0.5669365
0.589163
0.5849459
0.5764987
0.5814738
0.5865661
0.5958348
0.5980159
0.6012439
0.6000271
0.6020433
0.6105742
0.607593
0.6120221
0.6230606
0.6248838
0.6294627
0.6263822
0.6215924
0.6230975
0.6174583
0.6131236
0.6127083
0.6102435
0.6022176
0.5965726
0.6006652
0.5973107
0.5959207
0.6027115
0.6029662
0.601136
0.6009337
0.6021459
0.5959975
0.5932145
0.5928263
0.5932148
0.5803442
0.5827048
0.5796774
0.5769747
0.5755031
0.5706634
0.5729191
0.5554119
0.5751937
0.5370894
0.5801361
0.5933741
0.5411457
0.5765905
0.5501387
0.5722602
0.5775656
0.5535086
0.5707803
0.5521395
0.5407012
0.5786747
0.5454307
0.592995
0.6829593
0.5928867
0.5456983
0.5770035
0.598192
0.5703688
0.5442116
0.5517671
0.5525379
0.5531392
0.5486459
0.5535624
0.5570818
0.5557633
0.5566215
0.5614085
0.5643686
0.5634442
0.5638873
0.5771328
0.5909025
0.5939278
0.599512
0.6061606
0.6042647
0.6034211
0.6051664
0.6139937
0.6071966
0.5984022
0.6224682
0.6209617
0.6140364
0.6181287
0.6194094
0.6143871
0.6333483
0.6060303
0.6020554
0.6257837
0.6281188
0.6332768
0.5980658
0.6788361
0.6887851
0.6549737
0.6727094
0.6559675
0.6550233
0.6550928
0.6536291
0.653824
0.6469797
0.6536425
0.6250089
0.611988
0.641506
0.6128593
0.6474518
0.6666075
0.6651579
0.6630022
0.6664268
0.7204902
0.7119875
0.6767079
0.6751577
0.6818466
0.672451
0.6632746
0.6651685
0.6730169
0.6729634
0.6663654
0.6670776
0.6663248
0.6585293
0.6506028
0.6489248
0.6565274
0.6651254
0.6642182
0.658981
0.6616549
0.6725802
0.6775566
0.6744536
0.6737942
0.6807634
0.6865545
0.6809214
0.6756399
0.6630247
0.6681876
0.7205869
0.721168
0.6975191
0.6726667
0.6448326
0.7284324
0.6837606
0.6412776
0.6959402
0.6446569
0.6899408
0.7008304
0.696826
0.6768292
0.6329995
0.7110377
0.7128809
0.7096665
0.7135337
0.7150141
0.6862446
0.647437
0.7218326
0.7153604
0.7039224
0.714074
0.7306028
0.7880391
0.7670381
0.7335684
0.7310978
0.7214816
0.6962953
0.6876771
0.6816211
0.6817317
0.6942225
0.7001282
0.7043427
0.7014345
0.7010553
0.709373
0.7227307
0.7249944
0.7071586
0.6886135
0.6863313
0.6959838
0.6967644
0.6896543
0.6874444
0.7000177
0.7013315
0.7011628
0.7259809
0.7128713
0.7070454
0.7032525
0.7318715
0.7923702
0.7651247
0.7563281
0.7583626
0.7263524
0.7061825
0.6896686
0.6925253
0.6773802
0.6918397
0.7953409
0.7329667
0.6696234
0.7197676
0.671446
0.7195168
0.7317354
0.7417833
0.8344169
0.822327
0.7864141
0.7497673
0.7387579
0.7142967
0.73882
0.8077515
0.7548105
0.7228415
0.7318306
0.7080363
0.7198567
0.7222556
0.7481081
0.8237887
0.8087354
0.784803
0.7639876
0.721985
0.7370693
0.7406634
0.7245202
0.719467
0.704499
0.7353748
0.7802268
0.7581004
0.7399971
0.7845166
0.805483
0.7941023
0.8012706
0.7591532
0.7688982
0.7623279
0.714042
0.7102897
0.7018877
0.7018142
0.6958635
0.6961135
0.7048002
0.699846
0.6877543
0.6890597
0.7001604
0.7015996
0.6914131
0.6872053
0.6932596
0.7070972
0.7070837
0.6932794
0.6894059
0.6915435
0.6979587
0.6989683
0.6889392
0.683654
0.6843882
0.6833863
0.6817749
0.6878784
0.6945257
0.6921138
0.6858388
0.6791665
0.6751035
0.6750497
0.6725377
0.6698573
0.6767595
0.6880914
0.6900702
0.6861448
0.690516
0.6970516
0.6977662
0.6917001
0.6847391
0.682299
0.688584
0.6754868
0.6713929
0.6554795
0.7279825
0.7267736
0.6706755
0.7121796
0.666792
0.7162495
0.7276961
0.7036066
0.7170535
0.7358513
0.7664945
0.7423787
0.7266317
0.7438369
0.708106
0.6931437
0.6976634
0.6858
0.7039
0.6676636
0.7179023
0.7115583
0.7038356
0.7225629
0.6962876
0.7067393
0.7049406
0.7045257
0.6995238
0.6988877
0.6965179
0.7007764
0.706035
0.7089011
0.7077374
0.6999218
0.6980461
0.7060266
0.7060619
0.6979941
0.7067232
0.7267524
0.7277642
0.6951715
0.7020611
0.6729004
0.7269197
0.8293736
0.7535074
0.7435721
0.7422587
0.7274901
0.7351265
0.7120102
0.7067367
0.7004045
0.751519
0.7768337
0.7212756
0.6857277
0.6815845
0.6860076
0.699341
0.7111494
0.6976929
0.7068524
0.6730686
0.7384829
0.8330424
0.6825628
0.6983895
0.6822875
0.6749621
0.7729013
0.7550063
0.7270209
0.7022963
0.7578632
0.7011205
0.7947736
0.78099
0.7068773
0.7596512
0.6764669
0.7600178
0.8010039
0.7726546
0.7793911
0.7541916
0.7616762
0.7236515
0.6972478
0.7781853
0.7028874
0.6593981
0.7840697
0.7194818
0.6896343
0.7497469
0.7237847
0.7032574
0.6927592
0.690046
0.7005435
0.6985481
0.6885113
0.6817781
0.6805094
0.6847888
0.6821865
0.674278
0.6785427
0.6848525
0.6828776
0.6758599
0.6705868
0.6727518
0.6816169
0.6866051
0.6855332
0.687667
0.6812278
0.6950126
0.6785543
0.6674435
0.705779
0.6914373
0.6863204
0.7133118
0.6818892
0.6733229
0.6744929
0.6645143
0.6835406
0.6688444
0.7051557
0.7027575
0.6712568
0.6810929
0.672625
0.6736603
0.6672704
0.656317
0.650654
0.6554825
0.6581531
0.6545488
0.6607886
0.6668558
0.6567974
0.6431729
0.6611981
0.7375931
0.7476076
0.7347801
0.6972212
0.6888599
0.710194
0.683703
0.687609
0.7391029
0.6951037
0.6730014
0.7012043
0.677064
0.6884146
0.7001472
0.7089855
0.7022362
0.7134372
0.6801977
0.6717889
0.6844487
0.6928656
0.6862309
0.6729733
0.6777236
0.6568771
0.6522327
0.6655543
0.6652167
0.6572017
0.6639371
0.675426
0.6704754
0.6734611
0.6676765
0.6968796
0.6427686
0.6511844
0.6934346
0.7639281
0.7028152
0.6648895
0.7157827
0.6558442
0.7229402
0.639369
0.7498034
0.7280709
0.6657722
0.7252401
0.6561785
0.6701712
0.6722179
0.6799984
0.648655
0.6445693
0.6390556
0.6411196
0.6482391
0.6364009
0.6484846
0.6528108
0.62556
0.6282277
0.6399394
0.6351517
0.6386299
0.6437632
0.6387751
0.6359108
0.6300913
0.6328078
0.6207315
0.6053839
0.6229784
0.6194268
0.6273829
0.6459249
0.6256715
0.6203036
0.6348207
0.6367234
0.6365091
0.6384902
0.6427511
0.6414168
0.6449267
0.6431742
0.6339344
0.6328141
0.6403513
0.6586158
0.6472935
0.6726717
0.6469705
0.7175521
0.6828055
0.6522829
0.7747838
0.6768809
0.7349174
0.754192
0.7178242
0.7448526
0.7188747
0.6923393
0.6777031
0.6811653
0.6570554
0.6595306
0.659633
0.6591406
0.6535472
0.6522149
0.6521577
0.6480412
0.6515666
0.6514399
0.654936
0.6654266
0.6427045
0.6324843
0.6435771
0.647617
0.6511336
0.6506986
0.6560836
0.6588586
0.6566758
0.6592969
0.6628263
0.6593063
0.6611246
