0.8277721
0.8428071
0.8843973
0.9078501
0.8394439
0.8302549
0.8590571
0.8294663
0.8089706
0.8344458
0.8791701
0.8817666
0.886525
0.9157683
0.9248052
0.922415
0.9125788
0.9068623
0.9442468
0.961521
0.9541046
0.9495744
0.9245867
0.9226899
0.9512487
0.9641607
0.9607015
0.9518691
0.9436221
0.9236487
0.8750595
0.8608633
0.895354
0.9293797
0.9605893
0.9433241
0.9279636
0.9451889
0.9369726
0.9199345
0.8864188
0.8834532
0.9008214
0.9100439
0.9224241
0.9217272
0.9244863
0.9150083
0.8853685
0.8764414
0.8979633
0.9095869
0.9006971
0.8786273
0.8917652
0.8478154
0.832642
0.8590327
0.8276851
0.8287646
0.8532575
0.8521585
0.8260668
0.9150242
0.9120586
0.8450824
0.8546422
0.8855993
0.90513
0.835223
0.8430313
0.8585259
0.8481899
0.8794899
0.8862382
0.8952752
0.8818387
0.8612972
0.885266
0.9382322
0.9443205
0.904254
0.9234254
0.9485207
0.9187399
0.8979486
0.9265807
0.9380814
0.9235034
0.9022021
0.9090659
0.9379957
0.9222234
0.8875634
0.8738624
0.8965537
0.9156506
0.902769
0.8875664
0.9190243
0.9380751
0.9020064
0.89386
0.9232348
0.9303169
0.8957325
0.885823
0.9124821
0.9123883
0.8848431
0.8602357
0.8826497
0.9166926
0.9006807
0.8771524
0.8943098
0.9111999
0.8936551
0.8832429
0.9086395
0.9233498
0.916371
0.8931985
0.8724923
0.8730631
0.849873
0.8149525
0.8081952
0.8475223
0.8766874
0.8692374
0.8484274
0.8503027
0.8798931
0.8719484
0.8407558
0.8453144
0.8797719
0.8839445
0.8503522
0.8397816
0.872673
0.8958464
0.8895198
0.8786325
0.8951034
0.915584
0.9021479
0.911529
0.9308427
0.9162008
0.9096052
0.9070113
0.908839
0.9035604
0.8532902
0.828555
0.8673019
0.9058168
0.8948395
0.8454488
0.8376544
0.8750089
0.9044973
0.8937484
0.8729442
0.8971109
0.9196637
0.9001172
0.859922
0.865915
0.8968849
0.8925925
0.8487552
0.8361995
0.8864794
0.9089004
0.8892814
0.8561055
0.8671792
0.9065205
0.9122292
0.9068506
0.8708353
0.847855
0.8780707
0.8990259
0.9187471
0.9038221
0.8729222
0.8870916
0.8941431
0.8726038
0.8472462
0.8610368
0.8891974
0.8806983
0.8590141
0.8562734
0.8623724
0.8545077
0.8331922
0.8747452
0.9040214
0.8471134
0.8265935
0.8101277
0.7684942
0.7928507
0.8469438
0.8778096
0.8726318
0.8422678
0.8688439
0.8882919
0.8494147
0.8198631
0.8144023
0.8373292
0.863256
0.8813297
0.8889846
0.8676395
0.8758574
0.918254
0.9282097
0.8891522
0.8605944
0.8808078
0.8873462
0.8733297
0.8589567
0.830243
0.8283936
0.8627972
0.8533863
0.8131789
0.8068305
0.8135384
0.8346089
0.8473661
0.8428336
0.832337
0.8236873
0.8544492
0.8574874
0.8180966
0.7782738
0.7595873
0.7841138
0.8204298
0.8145745
0.8095041
0.856963
0.8833447
0.8545191
0.8446146
0.876683
0.8766282
0.8692919
0.8584141
0.8289139
0.8243955
0.838233
0.8499104
0.8329196
0.8140523
0.8407906
0.8785278
0.8624751
0.8476518
0.8712808
0.8835917
0.8776041
0.835374
0.8216582
0.8497201
0.8276041
0.788252
0.7947304
0.8203031
0.8378122
0.8617514
0.8554975
0.8246582
0.8188263
0.8461941
0.8760478
0.852022
0.8278978
0.8556603
0.8815879
0.8746994
0.7841847
0.7778147
0.8325842
0.7839919
0.8236975
0.8781724
0.85585
0.8543231
0.8793022
0.905166
0.8933924
0.8809821
0.8787142
0.864308
0.8608228
0.8424776
0.7929277
0.7772422
0.7951327
0.7889512
0.7885782
0.8180424
0.8283105
0.8081213
0.8220488
0.8625908
0.8949004
0.9019407
0.9114823
0.9177489
0.9027777
0.8910367
0.8645971
0.8511397
0.8683625
0.9029707
0.911995
0.9154513
0.8878203
0.8453404
0.85724
0.8658304
0.8718253
0.8294081
0.8220611
0.9094738
0.8963805
0.8458084
0.8676474
0.8832371
0.8921764
0.8802023
0.8393726
0.8225914
0.8434146
0.8802721
0.8577749
0.8351663
0.8688337
0.8730579
0.8680789
0.8482125
0.8341039
0.863134
0.8680861
0.8670629
0.8601681
0.8648198
0.889284
0.875583
0.8671009
0.8682297
0.866095
0.8680075
0.8374635
0.8260892
0.8579192
0.8722221
0.8631712
0.8399384
0.8337517
0.8610985
0.8768246
0.8642663
0.8259202
0.827062
0.8558773
0.8125691
0.7633618
0.7438416
0.7384463
0.7713043
0.8083916
0.8034784
0.7897175
0.8331218
0.8759816
0.8697303
0.8725113
0.8651794
0.8302124
0.843489
0.8646411
0.8616836
0.8802658
0.8574102
0.8371923
0.86978
0.8653384
0.8493211
0.8687629
0.8669043
0.8487032
0.8284754
0.8048222
0.7764486
0.773545
0.7987285
0.7613484
0.7492431
0.747231
0.7128808
0.7137227
0.7023883
0.6915534
0.6860699
0.6981624
0.7162369
0.6930028
0.6831726
0.6960492
0.7221222
0.7431766
0.7254281
0.7247717
0.7273724
0.704829
0.6931127
0.6954268
0.7126026
0.7282015
0.733955
0.7298474
0.7118878
0.6977841
0.6991803
0.7020062
0.7003322
0.7094708
0.7176218
0.7207559
0.7328079
0.7345386
0.7148539
0.7025307
0.6878341
0.6727614
0.6688181
0.6690423
0.6992641
0.7137703
0.6946447
0.6860523
0.6828161
0.672576
0.6485796
0.6253452
0.603921
0.5985024
0.6020172
0.5886845
0.5879431
0.5919284
0.5839356
0.580703
0.5810347
0.5733849
0.5696038
0.5776567
0.5783005
0.5764824
0.5859234
0.5901169
0.5848434
0.5836244
0.5863213
0.5875814
0.5840054
0.5804052
0.5828191
0.5804519
0.5771818
0.5786888
0.5737612
0.5687835
0.5692462
0.5641357
0.5640085
0.5683155
0.5645034
0.5651482
0.5628941
0.5577595
0.5559366
0.5510432
0.5481927
0.5467164
0.5465083
0.5451451
0.542015
0.5376998
0.5347272
0.5352107
0.5302798
0.5296877
0.5316102
0.5274497
0.5291044
0.5291743
0.5239926
0.5255521
0.5268785
0.5242761
0.523793
0.5208816
0.5196178
0.5200633
0.5168717
0.517608
0.5167433
0.5136725
0.5165385
0.5125241
0.5128741
0.5171412
0.5095964
0.5094468
0.5117713
0.5050562
0.5036798
0.5059714
0.5039188
0.5011113
0.500042
0.5021388
0.4991426
0.4977447
0.5019606
0.4985264
0.4983283
0.5011341
0.4966319
0.494894
0.4958664
0.4963184
0.4942285
0.4911168
0.4908369
0.4879323
0.4875666
0.4891391
0.4856173
0.4860429
0.4873945
0.4847457
0.4843522
0.4823835
0.4820537
0.4792476
0.4786882
0.4806412
0.4763726
0.4760279
0.4755584
0.4759457
0.4754577
0.4740408
0.4769136
0.4734647
0.4701738
0.4683418
0.4694534
0.4718914
0.470343
0.4728509
0.4704354
0.4694268
0.4698636
0.4664383
0.465525
0.4645
0.4645931
0.4631517
0.4621498
0.461596
0.4583767
0.4612989
0.4628844
0.4593967
0.457489
0.4567484
0.4582509
0.4575133
0.4544801
0.4537719
0.4585559
0.4574998
0.4553266
0.458401
0.4608001
0.458503
0.4584286
0.4653818
0.4650374
0.4600535
0.4593024
0.4639072
0.4611008
0.4578436
0.45864
0.4554563
0.4535862
0.4546848
0.4571931
0.4554838
0.454965
0.4546028
0.4593711
0.4624799
0.4589705
0.4623013
0.4609306
0.4587523
0.4576818
0.4569164
0.456525
0.4560218
0.455421
0.4562914
0.4592127
0.4544746
0.4554402
0.4577912
0.4554857
0.453244
0.4532651
0.4565728
0.4562008
0.4560487
0.4556787
0.4511554
0.4504094
0.4511868
0.4578372
0.4484453
0.4426522
0.4618933
0.4536608
0.4480634
0.4522449
0.445269
0.4449164
0.4471737
0.4497722
0.4489173
0.4473142
0.4465421
0.4433458
0.4408392
0.4424059
0.4455115
0.4418575
0.443313
0.4478409
0.4463721
0.4454753
0.443571
0.4435853
0.4421001
0.4412852
0.442549
0.4458299
0.4465175
0.4415366
0.4419821
0.4447437
0.4430614
0.4388685
0.4408538
0.4356666
0.4431507
0.4298361
0.4194904
0.4583811
0.446374
0.4326943
0.4382704
0.4325751
0.4343703
0.4345096
0.4413142
0.4467136
0.4511578
0.4515423
0.4472655
0.4406832
0.4411077
0.4432865
0.4408299
0.4380159
0.4396029
0.4418478
0.4414193
0.4413516
0.4385933
0.4365357
0.4432628
0.457759
0.4755691
0.5031324
0.5323396
0.5600281
0.5652303
0.5380977
0.5217085
0.5200393
0.508132
0.4911622
0.4835293
0.4902998
0.4968476
0.4850704
0.4763324
0.4951767
0.5165849
0.5275511
0.5293445
0.5072365
0.4941331
0.4949689
0.4881175
0.496393
0.5163273
0.5213815
0.5079592
0.5025457
0.5092262
0.5227214
0.5329905
0.5231776
0.5148066
0.5184808
0.5311851
0.5441797
0.5440723
0.5346972
0.5244401
0.522277
0.5356456
0.5539533
0.5601715
0.5533243
0.5450267
0.5466719
0.567673
0.603553
0.640314
0.6589002
0.6332114
0.5853346
0.5661483
0.5697775
0.5710477
0.5642784
0.555146
0.5934361
0.6532547
0.6549146
0.6032908
0.5928517
0.6781087
0.7248665
0.7073753
0.7318089
0.724674
0.6530329
0.6293201
0.647779
0.6616359
0.7061898
0.7476587
0.7101555
0.6652488
0.5923967
0.6251017
0.7035796
0.6304258
0.6742679
0.7079677
0.643425
0.6597161
0.7298244
0.7459343
0.6986101
0.6876887
0.7329431
0.7773338
0.7363791
0.7138537
0.7255237
0.77194
0.7798798
0.7074275
0.7503261
0.8067944
0.7959821
0.7628891
0.7392364
0.7771365
0.809954
0.7826034
0.8051019
0.8629217
0.8383571
0.7797725
0.7255594
0.7493429
0.8014575
0.8441735
0.8354799
0.8085394
0.8666149
0.7951545
0.7151769
0.7677541
0.8012071
0.7714159
0.7317836
0.7235781
0.7306758
0.8230759
0.8726513
0.8253992
0.8266734
0.8405886
0.7914977
0.7804302
0.8088061
0.796682
0.8541802
0.9052824
0.902574
0.9006526
0.8611536
0.898112
0.9423958
0.8898766
0.897165
0.9238401
0.8908565
0.8831114
0.9173534
0.9231821
0.8823569
0.8600601
0.8833339
0.8726914
0.8119993
0.8217464
0.8639326
0.896358
0.9260645
0.9174695
0.9000666
0.9147889
0.9259832
0.8902951
0.8991266
0.9308707
0.894993
0.8837433
0.925071
0.9079433
0.8642364
0.8809642
0.9179767
0.9271425
0.9054841
0.9062575
0.9349481
0.8777821
0.8182365
0.8677993
0.8847933
0.8442868
0.8532877
0.8869583
0.8671497
0.8746224
0.922915
0.912332
0.8857298
0.897231
0.9378859
0.946628
0.9201387
0.9310424
0.9518188
0.9286842
0.910316
0.9464363
0.9537727
0.9196404
0.9374278
0.953302
0.9253403
0.9182174
0.9559617
0.9614543
0.9280201
0.9548698
0.9744755
0.939407
0.927115
0.9523218
0.9391943
0.8950109
0.891028
0.9159888
0.9577702
0.9547399
0.9036793
0.8954201
0.943018
0.912009
0.8514504
0.9213453
0.9460927
0.9033436
0.927258
0.9567268
0.974001
0.9599657
0.923723
0.9189059
0.9312801
0.9368116
0.919707
0.8681356
0.8282562
0.8442509
0.8926647
0.876614
0.8838368
0.9101084
0.8352188
0.8284897
0.8229247
0.8333489
0.9238292
0.9435191
0.9217562
0.9200901
0.9493261
0.948035
0.9108104
0.9135649
0.9294455
0.8997305
0.8600405
0.8838973
0.9115675
0.8707357
0.8411481
0.8712719
0.9348387
0.9409891
0.9237096
0.911083
0.8918036
0.9290394
0.9296305
0.9318741
0.9480972
0.91022
0.8959557
0.9266109
0.9388816
0.9024883
0.8750915
0.900951
0.9046689
0.8550838
0.8509633
0.8783119
0.8506
0.8302672
0.8791756
0.8982297
0.8525285
0.8368868
0.8709449
0.8728264
0.8173465
0.7826777
0.8098242
0.8198684
0.7868978
0.7599744
0.7465818
0.7317053
0.7103205
0.7076271
0.7144277
0.7047812
0.7084116
0.7269718
0.7143532
0.6889748
0.688306
0.7063934
0.74061
0.7530921
0.7327394
0.6978997
0.6914593
0.7650585
0.8063835
0.8152067
0.7904082
0.7184508
0.7710626
0.8122141
0.7707917
0.7917928
0.8271369
0.8417441
0.834017
0.796027
0.7567983
0.7419504
0.7407407
0.7328644
0.7233584
0.7334922
0.7369527
0.7193821
0.7269356
0.7258329
0.6964087
0.6785733
0.6749447
0.6928062
0.7238329
0.7589611
0.7808469
0.7698763
0.7594588
0.7436353
0.7193805
0.7113127
0.7040826
0.7009552
0.6980281
0.6905033
0.6840819
0.6750581
0.6836629
0.685949
0.6750467
0.6628175
0.6726471
0.6728746
0.6893154
0.7692891
0.791858
0.7501755
0.7153559
0.7355187
0.7746044
0.808751
0.8294767
0.8067032
0.8143259
0.845088
0.8564501
0.8646813
0.8329705
0.8103359
0.8376287
0.8330409
0.8159717
0.8213898
0.8418353
0.8518371
0.8424428
0.825478
0.7996673
0.7708723
0.7404123
0.725997
0.7205393
0.7149058
0.7287002
0.766196
0.8005793
0.8044212
0.7728385
0.7576306
0.7731436
0.8070209
0.8531031
0.8405865
0.8131487
0.8498918
0.8770563
0.8402409
0.8191185
0.8511316
0.8669036
0.8484477
0.8324617
0.8401256
0.8740606
0.8685934
0.8079249
0.795619
0.7904755
0.7629639
0.7702387
0.7563213
0.7465571
