0.8329202
0.8218042
0.8328065
0.840202
0.8355138
0.8497705
0.8695257
0.8656872
0.8475951
0.8156614
0.7953043
0.8127174
0.830247
0.8491129
0.8767847
0.8518107
0.8519757
0.8852774
0.8745691
0.8389551
0.8013058
0.7991839
0.8074198
0.8160143
0.8223087
0.8294586
0.8580363
0.8707992
0.8609814
0.8501288
0.8319921
0.820599
0.8199435
0.8072423
0.80911
0.8048956
0.8235088
0.8593917
0.8560104
0.8542044
0.819603
0.7912493
0.7930858
0.7900666
0.79793
0.8016344
0.8058557
0.8207845
0.836677
0.8428337
0.8530882
0.8618302
0.8623873
0.8656845
0.8569763
0.8506101
0.8526957
0.8561421
0.8533628
0.8411349
0.8406022
0.8463206
0.8517232
0.8326488
0.8117908
0.8108748
0.8038104
0.8065382
0.8113313
0.8168789
0.8307944
0.8355671
0.8411578
0.8326264
0.8280019
0.8032443
0.7539154
0.7770925
0.806593
0.803828
0.8118945
0.8070165
0.7975926
0.802289
0.804575
0.7956201
0.8021508
0.8068051
0.7909089
0.7843643
0.792961
0.8084403
0.8185963
0.8137871
0.8032218
0.8006088
0.8019814
0.797847
0.7921607
0.7902278
0.7917483
0.8011026
0.8032898
0.7896466
0.7876463
0.790582
0.7953871
0.8074053
0.8109028
0.8047727
0.7940689
0.7908832
0.7994002
0.7983013
0.798091
0.8052999
0.8089316
0.805043
0.7920179
0.7912112
0.7950502
0.7986648
0.7937163
0.7878006
0.791721
0.7823548
0.7624577
0.7449859
0.7443478
0.761161
0.7772543
0.7955645
0.8158223
0.8346388
0.8461265
0.8447501
0.8500813
0.8449865
0.8287718
0.8180498
0.8115772
0.8058774
0.8018439
0.8063347
0.8138008
0.8143315
0.8111435
0.8129038
0.8363369
0.8537912
0.8485094
0.8595736
0.855583
0.8433949
0.8361488
0.8226469
0.8297305
0.8413733
0.8278679
0.8037729
0.7997001
0.8036766
0.7956828
0.7924615
0.7927664
0.7818177
0.7817467
0.798461
0.8097595
0.8198975
0.8450284
0.8745044
0.8871903
0.8800187
0.8716455
0.8615036
0.8513456
0.8385241
0.8211228
0.8266511
0.8382119
0.8354087
0.8218335
0.8190652
0.837248
0.8464955
0.8401106
0.8511197
0.8683018
0.8561833
0.8387728
0.8246143
0.8077084
0.7999327
0.7991662
0.7943024
0.7947945
0.7995597
0.7928776
0.7900971
0.7857644
0.7880756
0.8068193
0.8151909
0.826063
0.8277091
0.8150037
0.8112261
0.8142637
0.8094139
0.7926509
0.7908656
0.7986256
0.8047059
0.8065112
0.8149745
0.8269059
0.8258417
0.8366657
0.8512207
0.8536084
0.8532754
0.8472388
0.8356622
0.8233602
0.8116833
0.8081309
0.8051111
0.7859419
0.7826851
0.8031974
0.8373614
0.8743813
0.8649746
0.8567995
0.877472
0.8569025
0.8367689
0.8567999
0.8620819
0.8626141
0.8516963
0.8456891
0.8911567
0.858927
0.82
0.8583708
0.8478895
0.8502007
0.8851554
0.8948184
0.8742839
0.8359489
0.8344679
0.8348142
0.8427633
0.8966538
0.88477
0.8604985
0.8731289
0.856114
0.8385893
0.8296096
0.8313202
0.839425
0.8389208
0.8398887
0.8480625
0.8537208
0.8539196
0.8488878
0.851066
0.851831
0.8410534
0.828919
0.8205011
0.8221407
0.8253871
0.8324925
0.8396314
0.8294122
0.8184677
0.818848
0.8131999
0.812248
0.8303116
0.8458635
0.8508453
0.8509286
0.8513311
0.8502528
0.8558702
0.8620682
0.8433645
0.8152044
0.7939563
0.7740216
0.7651706
0.768973
0.7728962
0.7862279
0.8052486
0.8186855
0.8189945
0.8260362
0.83627
0.8184634
0.8142368
0.8268398
0.8334511
0.8413991
0.8386181
0.8185386
0.8016407
0.8053563
0.8097145
0.8041691
0.8090478
0.8181849
0.8197868
0.821224
0.8205414
0.8196737
0.8247375
0.8309753
0.8227891
0.8166641
0.8176316
0.8101845
0.8019124
0.7951502
0.7910705
0.7900297
0.787738
0.7866179
0.7905607
0.7953501
0.7952198
0.7985787
0.7959954
0.7811343
0.7734988
0.7692227
0.7684228
0.7802665
0.814397
0.8556963
0.8882914
0.8748619
0.8039644
0.8099253
0.8643669
0.8450639
0.8142947
0.7933879
0.7785726
0.775731
0.7718564
0.7708602
0.7682533
0.7656318
0.7769554
0.8052489
0.8078325
0.7865684
0.7717065
0.7626292
0.7563282
0.764212
0.7856822
0.7962753
0.8089914
0.8195099
0.8132136
0.8160243
0.8231985
0.8205407
0.8255271
0.8326284
0.8346833
0.8392725
0.8381709
0.8340689
0.8386029
0.8426766
0.8314261
0.8260963
0.8214539
0.8136635
0.8185583
0.8120121
0.8031758
0.8047336
0.8086007
0.8131354
0.8215367
0.8253017
0.8344257
0.8483541
0.8506366
0.8545443
0.8548998
0.844523
0.8284531
0.8215372
0.818927
0.8177612
0.8176633
0.8235432
0.8292298
0.8249444
0.834324
0.8489628
0.8525876
0.8513486
0.8451966
0.8426375
0.8372273
0.8341546
0.8303906
0.8461226
0.8232933
0.7508248
0.783349
0.823359
0.802126
0.7780936
0.7514066
0.7452619
0.7379459
0.7308719
0.729961
0.7225163
0.7194709
0.7154377
0.706093
0.7119848
0.7157084
0.7117918
0.7099244
0.7139854
0.7203479
0.7128563
0.7127156
0.7239091
0.7265649
0.7266943
0.7214825
0.7163489
0.7163631
0.7113992
0.7057679
0.7011745
0.7002728
0.6970331
0.6891732
0.6894829
0.688751
0.6902507
0.6973374
0.6950889
0.6890888
0.6893999
0.6923948
0.6891519
0.6885837
0.6943494
0.6929623
0.6906257
0.6944352
0.6985345
0.7047155
0.7032245
0.6940214
0.6903129
0.6919134
0.6939013
0.6795601
0.6604779
0.6515567
0.6401458
0.6426174
0.643446
0.6366898
0.6492094
0.6529663
0.6490476
0.6616865
0.6634291
0.6531904
0.6655789
0.6742604
0.6627707
0.6679589
0.6688587
0.655856
0.6569138
0.6516489
0.6412459
0.6431596
0.6432415
0.6411253
0.6373307
0.6320573
0.6377081
0.63572
0.6271578
0.6301883
0.6290227
0.6232835
0.6185126
0.6148034
0.6197996
0.6178658
0.6165322
0.628471
0.6315953
0.6287033
0.6271383
0.6305451
0.6315142
0.6245937
0.6250806
0.6263252
0.6182892
0.6156681
0.6178855
0.6161429
0.6171154
0.6198079
0.6177693
0.6100542
0.612159
0.6180249
0.6159532
0.6118547
0.6072879
0.6070237
0.6055354
0.6005346
0.593143
0.5907021
0.5907116
0.5819487
0.5801236
0.579982
0.5720948
0.573846
0.5751678
0.5667948
0.5682837
0.571858
0.5671232
0.5663097
0.5685834
0.5716022
0.573046
0.5765203
0.5709597
0.5611073
0.5675455
0.5760162
0.5743522
0.5655231
0.5666531
0.5749246
0.573471
0.5643209
0.5671521
0.5693031
0.5589183
0.5600792
0.5631219
0.5577932
0.5589795
0.5602574
0.5503219
0.5534814
0.5578422
0.5483742
0.5528852
0.5523195
0.5447349
0.5517523
0.5520511
0.5454131
0.5492261
0.5531461
0.5508227
0.5515284
0.549871
0.5454363
0.5479946
0.5483409
0.5449265
0.545195
0.5412375
0.538454
0.5470565
0.5486981
0.5416275
0.5429309
0.5423073
0.5403095
0.5413997
0.5384663
0.5379197
0.5388503
0.5370962
0.5371479
0.5398923
0.5386462
0.5401004
0.5422237
0.5344024
0.5337259
0.5398654
0.5343084
0.5452607
0.5666477
0.5569096
0.5547042
0.5538217
0.5492644
0.5670033
0.5668389
0.5640409
0.562178
0.5628732
0.5618995
0.5489738
0.5594378
0.5622507
0.5538802
0.5561078
0.5667975
0.5672124
0.5778576
0.5961195
0.5741414
0.5618651
0.5680806
0.5649913
0.5619409
0.5613909
0.5557387
0.5490191
0.5545125
0.55995
0.5555488
0.5475752
0.5493275
0.5496151
0.5426797
0.5427669
0.5450145
0.5471971
0.5496162
0.5593419
0.5608303
0.5563694
0.5692631
0.5742719
0.5747106
0.5730895
0.5587698
0.5667223
0.5842309
0.5681417
0.5574969
0.5591644
0.5477983
0.5507506
0.5559362
0.5502268
0.5524474
0.5537851
0.5560838
0.5602438
0.5566052
0.553614
0.5523489
0.5506414
0.5494195
0.5474396
0.546848
0.5469363
0.5439554
0.5534722
0.5619952
0.5582414
0.5668246
0.5739563
0.5712212
0.5786772
0.5931669
0.5934937
0.5893765
0.596992
0.5800466
0.5707191
0.5794183
0.5694762
0.5842372
0.5912292
0.5860159
0.59303
0.5820215
0.5832153
0.5901545
0.5900825
0.6159264
0.6264232
0.6079886
0.6063754
0.6042014
0.5955366
0.5978884
0.5996211
0.5985761
0.6005449
0.609021
0.6185211
0.6223367
0.6257647
0.6246549
0.6262064
0.6290708
0.6215562
0.6216166
0.6211557
0.6088183
0.6028837
0.6075315
0.6098024
0.6017766
0.6081662
0.6182845
0.6137139
0.618249
0.6216706
0.615385
0.6107318
0.6139863
0.6173021
0.6103225
0.6086087
0.6075267
0.6029712
0.6030167
0.6007515
0.5995976
0.5946532
0.5879058
0.5860519
0.5906741
0.6001078
0.6023511
0.6041422
0.6108874
0.6237262
0.6288451
0.6335386
0.6458857
0.6520357
0.6546719
0.6598935
0.6689454
0.6637069
0.6642513
0.6782063
0.6834125
0.6834199
0.6893758
0.6958873
0.6894865
0.6887362
0.6914017
0.6822085
0.6765549
0.6728917
0.6708308
0.6594642
0.6650281
0.6936078
0.7072651
0.7198188
0.717181
0.7193238
0.7300807
0.7270603
0.7338326
0.7368814
0.7259262
0.7175372
0.714572
0.716875
0.7175009
0.7136506
0.713599
0.7063965
0.6895945
0.6857862
0.6885242
0.6911541
0.6964491
0.7131521
0.7392371
0.7385469
0.7342929
0.7466176
0.7494721
0.7379168
0.7300875
0.730811
0.7256714
0.7231193
0.7289779
0.7338173
0.7338835
0.7378247
0.745904
0.7443504
0.7345217
0.7313043
0.7356704
0.7280942
0.7178607
0.7138404
0.7049437
0.6996529
0.6959144
0.6869685
0.6815175
0.6849324
0.6920036
0.6934684
0.6984286
0.7059443
0.704765
0.7035188
0.7077789
0.7208542
0.7256373
0.7107997
0.6979758
0.6953225
0.7012894
0.7104343
0.7120468
0.7190402
0.7292079
0.7306197
0.7292602
0.7345633
0.7462916
0.7488897
0.746391
0.7522061
0.7582177
0.7498395
0.7500054
0.7702717
0.7826147
0.7799104
0.7887873
0.7963795
0.8000385
0.793463
0.782397
0.807201
0.8197419
0.8077222
0.7868824
0.7743946
0.7813846
0.7765922
0.7691513
0.7621517
0.7477653
0.7389005
0.7383069
0.7564654
0.7758966
0.7723114
0.7639794
0.7535035
0.7418939
0.7564735
0.7789978
0.7769352
0.7762804
0.7821979
0.7894665
0.8069472
0.8190739
0.8006832
0.7736469
0.7616061
0.7468547
0.7372252
0.742241
0.7484151
0.7762115
0.8052981
0.7905663
0.7788921
0.7710546
0.7663271
0.767963
0.7485217
0.7401637
0.742254
0.7443265
0.7561192
0.7629067
0.756695
0.7619096
0.7753547
0.7737971
0.7664386
0.772771
0.7823635
0.7780319
0.7713216
0.7765896
0.7781029
0.7679757
0.7691374
0.7719206
0.7661147
0.7564419
0.7615634
0.7742275
0.7623954
0.7454409
0.7343409
0.7205984
0.7075339
0.6987899
0.6999297
0.706974
0.7230788
0.7511296
0.7685385
0.7701227
0.7610959
0.7650566
0.7777083
0.7737759
0.7697277
0.7668972
0.7578181
0.7417262
0.7268588
0.7159769
0.7119064
0.7160806
0.7254845
0.7360758
0.7396198
0.7448639
0.7518345
0.756191
0.7585752
0.7662133
0.7762517
0.7739842
0.7650791
0.7681185
0.773982
0.7642735
0.7645223
0.780324
0.7801424
0.7636716
0.7609679
0.7785323
0.7836538
0.773553
0.7688053
0.7727546
0.7755654
0.7657855
0.7647912
0.7669667
0.7603467
0.7544121
0.7488704
0.7550885
0.7709732
0.7713254
0.755688
0.741446
0.7263275
0.7130985
0.7016651
0.6917295
0.6897119
0.6934549
0.7007538
0.7080358
0.7185119
0.732289
0.7403016
0.7413752
0.7407708
0.7423094
0.7402283
0.7371262
0.7345777
0.7294456
0.7301469
0.7324272
0.7316789
0.7301305
0.7246444
0.7241027
0.7275738
0.7295967
0.7345411
0.7359475
0.7308804
0.7319383
0.7388623
0.7430479
0.7470192
0.7441964
0.7382591
0.7367532
0.7374691
0.7383233
0.7332597
0.732625
0.7336674
0.729489
0.7298319
0.7353987
0.7324742
0.725193
0.725993
0.7223521
0.7149004
0.7123662
0.7126664
0.7133405
0.7080198
0.7003746
0.7044706
0.706462
0.7030331
0.7072823
0.712505
0.7232955
0.7316465
0.7337523
0.736966
0.7369777
0.7382072
0.734038
0.735289
0.7430737
0.7382303
0.7345929
0.7383662
0.7382658
0.7380948
0.7352638
0.7301351
0.7311105
0.7338278
0.731725
0.7252618
0.7187457
0.7156028
0.7153543
0.7101674
0.704232
0.7039672
0.706085
0.7078226
0.7114716
0.7174837
0.7213327
0.7214577
0.7228898
0.7270508
0.7242764
0.7135576
0.7036991
0.7007763
0.6966177
0.6908146
0.6925488
0.6996549
0.7094223
0.7195372
0.7317219
0.7440323
0.7506082
0.7499921
0.7471752
0.750283
0.7532433
0.7517614
0.7457563
0.7341329
0.7297415
0.7309783
0.7300761
0.7310698
0.7317515
0.7380167
0.7453253
0.7422349
0.7380941
0.7424769
0.7458451
0.7510242
0.7560952
0.746206
0.7488118
0.7556132
0.7596722
0.7640792
0.7558337
0.7572761
0.766428
0.7691938
0.7666208
0.7657436
0.7682491
0.7707586
0.7676395
0.7594243
0.7593737
0.7632419
0.7582021
0.7511406
0.7479226
0.748405
0.7437222
0.7313375
0.7185616
0.7133366
0.7189047
0.7293711
0.738178
0.7405988
0.7459318
0.7560419
0.7626105
0.7608586
0.7530308
0.7540094
0.7571819
0.7539507
0.753176
0.7650306
