0.7877066
0.8151205
0.7816216
0.7609952
0.7761674
0.7268632
0.679289
0.7064488
0.7260114
0.7253983
0.7654891
0.8134548
0.809075
0.7618744
0.7498945
0.7831078
0.8001866
0.7694734
0.7265807
0.7425829
0.7839292
0.7987593
0.7643542
0.728365
0.7533534
0.7901778
0.7949021
0.7519887
0.713598
0.7418511
0.7920127
0.8186388
0.7909785
0.7376996
0.7550824
0.7989296
0.824085
0.8142012
0.7721126
0.782068
0.8118439
0.8031867
0.7590356
0.7460304
0.786555
0.8212435
0.8056495
0.7614361
0.766702
0.8090777
0.8130927
0.7552012
0.7299509
0.7686481
0.8245715
0.8421621
0.8053622
0.8060736
0.8411149
0.8443375
0.7879131
0.7486479
0.7679771
0.8120055
0.8224682
0.7715811
0.7751149
0.8362726
0.8503718
0.7968442
0.767492
0.7951954
0.8309693
0.821041
0.77068
0.7709436
0.8184169
0.8450191
0.7999816
0.7494361
0.7752026
0.8157154
0.7915368
0.7425968
0.7580699
0.8123616
0.8326132
0.7897486
0.7647787
0.8078804
0.8481628
0.8251073
0.7780933
0.8022163
0.8522048
0.8297231
0.7738205
0.7835665
0.8321463
0.8275242
0.7758364
0.7673656
0.8209878
0.8455957
0.7948673
0.767093
0.8082209
0.8405347
0.8078475
0.7646621
0.793424
0.8549488
0.8686271
0.8101828
0.7855801
0.8265832
0.8493257
0.813592
0.7651486
0.7797686
0.8200202
0.8232863
0.7805506
0.7700116
0.8209126
0.8554339
0.8175785
0.7748998
0.8031052
0.8420203
0.8238247
0.7784621
0.800351
0.849739
0.8544549
0.804589
0.7766859
0.8239777
0.8545986
0.8132244
0.7719648
0.7957086
0.8419981
0.8502828
0.7969288
0.7718439
0.8268374
0.8624335
0.8088844
0.777095
0.819789
0.8522463
0.8187562
0.7751761
0.8090709
0.8482388
0.827083
0.7865494
0.7972244
0.8426729
0.8381546
0.7759252
0.7520436
0.789459
0.83153
0.8287455
0.7745516
0.7704385
0.815794
0.8251757
0.7778699
0.7713951
0.784396
0.7218356
0.7338006
0.802559
0.7715484
0.7436753
0.7943985
0.8444575
0.8365688
0.7769428
0.7555857
0.7830388
0.8103183
0.8082235
0.7671161
0.7690927
0.8153759
0.8107844
0.7523734
0.7470762
0.8040481
0.8485065
0.8236178
0.7814318
0.8088689
0.8469546
0.8349319
0.7896728
0.7961885
0.8331661
0.8034368
0.7728721
0.8010172
0.8324395
0.8138208
0.7736429
0.7898458
0.8358073
0.8200207
0.7739546
0.7895834
0.8450884
0.8588308
0.812956
0.803055
0.8443376
0.8259726
0.7831333
0.8067799
0.8459454
0.8227453
0.7805596
0.8074254
0.8525134
0.8293414
0.7923443
0.8231257
0.8578172
0.8150638
0.7876776
0.8299334
0.8579527
0.8336359
0.8042391
0.8274386
0.8721552
0.8535677
0.7899561
0.7902688
0.841927
0.8391279
0.7988616
0.8084077
0.8530255
0.8505717
0.80643
0.8106769
0.8588541
0.8651985
0.8181077
0.8163748
0.8800479
0.8853691
0.8376101
0.8374342
0.8778018
0.8732163
0.820706
0.8242942
0.866816
0.8441967
0.8229338
0.8668129
0.890286
0.8610504
0.8181729
0.8203615
0.8544744
0.864105
0.8240725
0.7859518
0.8128927
0.822425
0.7797452
0.7616836
0.7942305
0.835809
0.8201041
0.7737469
0.7866594
0.8167475
0.7864728
0.7395491
0.7483074
0.7836417
0.8049258
0.8298958
0.8262629
0.7711428
0.7701678
0.8265801
0.8569194
0.8473699
0.7959169
0.7806125
0.8173525
0.8502801
0.8472961
0.7915583
0.7657466
0.8137403
0.850597
0.8188199
0.7900844
0.8101649
0.8406882
0.8390649
0.7980203
0.8027244
0.8545004
0.8783238
0.8447974
0.8021147
0.826001
0.858827
0.8767742
0.8767246
0.825359
0.805929
0.8494265
0.8619478
0.821037
0.8135018
0.8517979
0.8719912
0.8318501
0.7979696
0.8402514
0.882527
0.8497736
0.797908
0.8068276
0.844469
0.8475899
0.7999972
0.7904302
0.8415493
0.8667333
0.8271461
0.7779613
0.8161563
0.8547704
0.8340375
0.8433238
0.8601063
0.8126856
0.7733793
0.8005769
0.8374929
0.8297193
0.7762435
0.7831705
0.8430006
0.8491624
0.8054045
0.7889065
0.8287283
0.8440504
0.7943012
0.7689199
0.8143331
0.8560206
0.8260618
0.7913545
0.8243799
0.8635325
0.846638
0.8034115
0.8164825
0.8519925
0.8405786
0.7930361
0.7866995
0.81972
0.798091
0.7648746
0.7847666
0.8269451
0.8168215
0.7694831
0.7702958
0.8167431
0.8285623
0.7864373
0.7837239
0.835911
0.848247
0.8013407
0.7998683
0.8560047
0.8539823
0.7905471
0.7839209
0.8335501
0.8304076
0.7930192
0.7969121
0.8302669
0.8389494
0.7852483
0.7561515
0.8012853
0.8529693
0.8634233
0.8172005
0.7924416
0.8193734
0.8379271
0.8109674
0.7953339
0.8296368
0.8499116
0.8225063
0.7760663
0.7852316
0.8302564
0.8271772
0.7763481
0.7530311
0.7843588
0.8207903
0.8235007
0.7826047
0.7703094
0.8237126
0.8571586
0.8071609
0.768742
0.803031
0.8204108
0.7845239
0.7429401
0.7519359
0.7958775
0.8224783
0.7776218
0.784768
0.8141942
0.75346
0.7882394
0.7986204
0.7416856
0.7899977
0.8158909
0.7426364
0.7478958
0.8049288
0.7657608
0.7399609
0.7132178
0.6553137
0.6597347
0.6754045
0.6736127
0.6903233
0.6966437
0.6743705
0.6593846
0.6594493
0.6463244
0.6496374
0.6657525
0.6617319
0.6678545
0.6802179
0.669246
0.6594099
0.6633931
0.6510838
0.6361636
0.6328101
0.6258337
0.6117747
0.5976052
0.5941455
0.6068056
0.619217
0.63513
0.661642
0.6718665
0.6647995
0.6597472
0.6479991
0.6507893
0.6690561
0.655767
0.6558183
0.6846331
0.689374
0.6667275
0.65648
0.6563842
0.646744
0.6460749
0.6405986
0.6391535
0.6437303
0.634979
0.6307939
0.6286486
0.6180125
0.6106745
0.6148544
0.6085052
0.5987788
0.6034581
0.6060887
0.5971423
0.5953858
0.6120285
0.6106551
0.604116
0.6194189
0.6171959
0.6096246
0.6048501
0.5884476
0.6013484
0.6138093
0.6125887
0.6187976
0.6057869
0.5959652
0.6041877
0.5981544
0.5824863
0.584768
0.578025
0.5778785
0.5827475
0.5775653
0.5989238
0.5993805
0.5981357
0.6152907
0.6199653
0.6370935
0.6370331
0.6446509
0.6638923
0.6424152
0.5908726
0.5473095
0.5523744
0.5667865
0.6201973
0.6602517
0.5939691
0.5906249
0.6498889
0.6551739
0.6451467
0.6188109
0.5821403
0.5638487
0.5585321
0.5463638
0.543749
0.5422568
0.5384981
0.541456
0.5345483
0.5374869
0.5393661
0.5317819
0.5307634
0.5308031
0.5272512
0.5292841
0.5244563
0.5254141
0.5245199
0.5190644
0.523383
0.5215165
0.5195762
0.5206492
0.521055
0.5189788
0.5203515
0.5223883
0.5182165
0.5164306
0.517191
0.514861
0.5153887
0.5130602
0.5126987
0.5136848
0.5149626
0.5197618
0.5200362
0.5179128
0.5184156
0.5181779
0.5160265
0.5137565
0.5136935
0.5205914
0.5159003
0.5116552
0.5167784
0.5184204
0.5181822
0.513775
0.5148461
0.5188415
0.5179556
0.5195044
0.5210336
0.5212945
0.5202383
0.5181163
0.5165922
0.5146558
0.5164948
0.517239
0.5180325
0.5186808
0.5196387
0.5188584
0.5142393
0.5163762
0.5201847
0.517577
0.515743
0.5161764
0.5158209
0.5151483
0.5160485
0.5178498
0.5169687
0.5117555
0.515462
0.5204564
0.5144655
0.5108651
0.5123402
0.5111759
0.5058709
0.5056153
0.5093161
0.5071311
0.5065959
0.5045137
0.5034882
0.5058696
0.5043621
0.5012353
0.5015284
0.4983405
0.5014561
0.4999842
0.4958879
0.5012541
0.5022941
0.4953106
0.5115348
0.5435733
0.515545
0.494341
0.5006809
0.5006217
0.5044905
0.5005756
0.4996766
0.5013418
0.5014784
0.5028296
0.5004706
0.497125
0.4976926
0.5052252
0.5005703
0.4956009
0.5058327
0.5123405
0.5083812
0.5071892
0.5129773
0.5110407
0.5111582
0.5105682
0.505201
0.5045251
0.5082092
0.5087218
0.5149507
0.5113377
0.5084506
0.5069025
0.5069084
0.508442
0.509117
0.5115048
0.509399
0.513335
0.5101826
0.5095677
0.5108861
0.5138319
0.5175294
0.5132691
0.5111595
0.517281
0.5132017
0.5093385
0.5073156
0.5049993
0.5082762
0.5114359
0.5081741
0.5030156
0.5056134
0.5043498
0.5026398
0.4991865
0.5016072
0.5001942
0.4979126
0.4971399
0.4979777
0.4933251
0.4950448
0.5032724
0.5002195
0.5084832
0.5101137
0.5022915
0.4987559
0.5041381
0.5178469
0.5266503
0.5180111
0.532801
0.5719595
0.578876
0.5751666
0.5740663
0.5749057
0.5694587
0.553016
0.5577443
0.5703243
0.5881622
0.5974484
0.5778964
0.5778143
0.5986873
0.6030701
0.5847787
0.5618869
0.5495632
0.5470191
0.5544518
0.5721622
0.5824389
0.5695102
0.5632442
0.5681845
0.5823619
0.6005109
0.5928963
0.573447
0.5564708
0.5485695
0.5504198
0.559337
0.5790454
0.5907246
0.584629
0.5835467
0.5934358
0.5913136
0.5777267
0.5675982
0.5648569
0.5672278
0.5808784
0.6040171
0.5968923
0.5868949
0.6053182
0.5988396
0.5785438
0.5714684
0.5667703
0.5686896
0.5988299
0.6274949
0.6192876
0.6243285
0.6346084
0.6332231
0.627486
0.6061591
0.5874749
0.566667
0.5484664
0.5516587
0.5563773
0.5471101
0.555239
0.5969582
0.6422186
0.6428982
0.6127282
0.6139606
0.6522643
0.6893861
0.7013025
0.6995676
0.6796417
0.6378393
0.6012276
0.5837226
0.5764024
0.5695188
0.5793218
0.6145185
0.670875
0.7244363
0.7480954
0.7444949
0.6950778
0.653139
0.6709523
0.7091035
0.7255492
0.6981715
0.6554924
0.6497424
0.6999281
0.6796148
0.6279007
0.6865586
0.7059902
0.6757624
0.6913186
0.7132763
0.725054
0.7086393
0.6602968
0.6296337
0.63974
0.6398287
0.6328573
0.6611832
0.7144046
0.7635804
0.7676751
0.7285013
0.6859676
0.6782379
0.7096934
0.7514642
0.7766245
0.7598607
0.7101789
0.6932382
0.728898
0.7750764
0.7884903
0.744928
0.70616
0.6990996
0.7251348
0.7695736
0.7745519
0.7401668
0.6972096
0.6924464
0.7225821
0.7422884
0.7372263
0.6987292
0.6793316
0.7177067
0.7663377
0.7642649
0.7118138
0.6993265
0.7345726
0.7694941
0.774255
0.7208557
0.6859902
0.7059521
0.7417807
0.7618196
0.7435341
0.7105617
0.6862577
0.6932242
0.7215487
0.7250586
0.6869391
0.6569181
0.6563321
0.6799756
0.6813676
0.6766435
0.7006407
0.7082981
0.7106442
0.7097541
0.6944471
0.6825098
0.7326982
0.7685838
0.7426028
0.7049817
0.6864491
0.7117476
0.7359389
0.7290985
0.6916306
0.6748213
0.7046506
0.7349244
0.7364674
0.701261
0.6850119
0.7179031
0.7556998
0.7680062
0.7310914
0.6870597
0.6874823
0.7282331
0.757879
0.7500528
0.728574
0.7134725
0.7353891
0.7656279
0.7461012
0.728358
0.7582072
0.7994281
0.8085476
0.7738509
0.7577094
0.798769
0.8296812
0.7938191
0.7531759
0.7642936
0.798695
0.8042734
0.7694978
0.73585
0.7442402
0.7850972
0.8143392
0.8118774
0.7697146
0.7422444
0.7729369
0.8027936
0.8033865
0.767592
0.7503927
0.7918109
0.8061238
0.7751617
0.7367683
0.7295981
0.7566483
0.7606745
0.7281431
0.7128602
0.7429239
0.7643838
0.7405241
0.7143206
0.7269325
0.7499086
0.7442246
0.7174115
0.7189449
0.7620918
0.7735231
0.7311854
0.7103791
0.7325986
0.7577312
0.7639414
0.7290465
0.705124
0.7343126
0.7453327
0.7246779
0.7054635
0.705419
0.7269795
0.7307431
0.7099408
0.7005837
0.7277475
0.7593947
0.7456735
0.71776
0.730051
0.7555303
0.7495691
0.7254103
0.7228952
0.7420913
0.7530528
0.7503618
0.720338
0.7078092
0.738619
0.7565982
0.7607217
0.7560273
0.7646271
0.7994914
0.8064434
0.7778714
0.7386941
0.7210094
0.749122
0.778925
0.7699322
0.7321737
0.714881
0.7394878
0.7686213
0.7748517
0.7482044
0.7284693
0.7424125
0.7522749
0.7508457
0.7344541
0.7171498
0.7315987
0.7534325
0.7409091
0.7164939
0.6809256
0.6781129
0.7022595
0.6717247
0.6788295
0.6878148
0.6719135
0.6988843
0.7341987
0.7429096
0.7017131
0.6819241
0.7038416
0.7275854
0.7364129
0.713207
0.7002557
0.7297642
0.7782158
0.7899252
0.7505395
0.7232755
0.747327
0.7799784
0.7735951
0.7388355
0.7305263
0.7657028
0.78991
0.7742705
0.7507131
0.7530354
0.7708518
0.7703244
0.7437494
0.7305934
0.7483247
0.7511875
0.7319692
0.7419576
0.7677881
0.7554351
0.7344281
0.7450475
0.7722249
0.778272
0.7450897
0.731631
0.7544817
0.7617619
0.7466283
0.730921
0.7301015
0.7500708
0.7686055
0.7654257
0.7592241
0.7531384
0.722955
0.698563
0.7163745
0.7448095
0.7506178
0.7290666
0.7273422
0.7598645
0.7795763
0.7654057
0.7393583
0.7474856
0.7758019
0.7658728
0.7229714
0.717093
0.7577561
0.7704411
0.7532026
0.7730712
0.7993297
0.7760384
0.7447492
0.7514767
0.7739608
0.7664333
0.7368435
0.7269602
0.7485598
0.7643018
0.7417989
0.7246674
0.7481545
0.7620063
0.7344626
0.7126764
0.7325866
0.7677619
0.7715791
0.7459738
0.7383742
0.7648781
0.7740386
0.7472495
0.729407
0.7365771
0.7612909
0.7690513
0.7329789
0.7160073
0.7549046
0.7864022
0.7780879
0.7582002
0.763132
0.7987784
0.8164092
0.7975509
0.7717567
0.7671751
0.7875252
0.7932283
0.7822581
0.7846682
0.779618
0.7505614
0.7212302
0.7232924
0.763178
0.7977954
0.7774261
0.7428528
0.7626034
0.795308
0.7919762
0.7563279
0.7371017
0.7677321
0.7883801
0.7804953
0.7513888
0.7306059
0.7540708
0.7749829
0.7624303
0.7311827
0.7237147
0.7532996
0.7636561
0.7285931
0.7143563
0.7488376
0.7616845
0.734575
0.7205464
0.7465594
0.7689526
0.7479544
0.7238059
0.7351844
0.7669808
0.7765023
0.7491183
0.7245593
0.7343941
0.7581188
0.7779581
0.7789783
0.7499087
0.7436081
0.7726012
0.7776631
0.7551628
0.7442328
0.7624485
0.7887207
0.7905273
0.7564349
0.7528207
