0.68
0.639
0.775
0.74
0.746
0.774
0.732
0.756
0.677
0.834
0.702
0.748
0.701
0.754
0.719
0.734
0.688
0.696
0.707
0.732
0.719
0.731
0.725
0.727
0.656
0.723
0.743
0.736
0.733
0.773
0.747
0.747
0.702
0.797
0.76
0.754
0.745
0.709
0.713
0.69
0.676
0.67
0.675
0.778
0.684
0.928
0.805
0.723
0.683
0.721
0.747
0.777
0.797
0.741
0.675
0.7
0.709
0.703
0.703
0.683
0.7062649
0.872
0.823
0.745
0.691
0.674
0.714
0.7279371
0.869
0.812
0.72
0.685
0.709
0.823
0.823
0.8416928
0.883
0.833
0.744
0.706
0.664
0.662
0.67
0.783
0.91
0.848
0.763
0.705
0.682
0.7
0.768
0.912
0.839
0.804
0.721
0.692
0.771
0.709
0.694
0.656
0.76
0.721
0.72
0.739
0.786
0.718
0.728
0.724
0.782
0.716
0.669
0.66
0.657
0.654
0.649
0.648
0.646
0.649
0.655
0.658
0.775
0.805
0.88
0.902
0.77
0.734
0.802
0.7547331
0.92
0.78
0.721
0.762
0.813
0.737
0.812
0.78
0.682
0.668
0.672
0.678
0.688
0.854
0.846
0.771
0.77
0.741
0.725
0.733
0.743
0.789
0.755
0.813
0.732
0.774
0.73
0.743
0.731
0.737
0.703
0.743
0.738
0.729
0.748
0.694
0.714
0.727
0.784
0.744
0.706
0.736
0.67
0.756
0.714
0.66
0.661
0.673
0.886
0.918
0.795
0.714
0.684
0.73
0.785173
0.897
0.763
0.697
0.681
0.789
0.945
0.856
0.798
0.709
0.689
0.709
0.896
0.824
0.836
0.912
0.868
0.812
0.767
0.725
0.688
0.713
0.875
0.818
0.935
0.732
0.697
0.858
0.854
0.79
0.752
0.715
0.684
0.708
0.774
0.731
0.69
0.722
0.787
0.978
0.867
0.901
0.893
0.878
0.822
0.762
0.729
0.756
0.9021764
0.914
0.844
0.747
0.691
0.836
0.733
0.821878
0.911
0.905
0.864
0.755
0.7
0.733
0.93
0.827
0.85
0.918
0.881
0.808
0.73
0.688
0.713
0.906
0.823
0.921
0.896
0.869
0.812
0.773
0.7
0.701
0.732
0.702877
0.877
0.856
0.797
0.712
0.698
0.708
0.795
0.722
0.66
0.648
0.814
0.671
0.646
0.649
0.656
0.666
0.666
0.783
0.771
0.754
0.693
0.722
0.672
0.663
0.74
0.707
0.71
0.754
0.777
0.935
0.895
0.867
0.809
0.7
0.729
0.814
0.801
0.75
0.708
0.718
0.769
0.794
0.832
0.773
0.709
0.729
0.775
0.93
0.878
0.807
0.711
0.685
0.693
0.653
0.714
0.731
0.738
0.756
0.705
0.657
0.657
0.657
0.665
0.774
0.757
0.769
0.731
0.712
0.73
0.745
0.774
0.759
0.695
0.757
0.67
0.745
0.75
0.756
0.785
0.747
0.685
0.761
0.679
0.749
0.779
0.772
0.7060436
0.88
0.785
0.701
0.731
0.744
0.758
0.748
0.721
0.701
0.747
0.71
0.689
0.678
0.674
0.677
0.683
0.689
0.693
0.686
0.69
0.709
0.706
0.716
0.727
0.735
0.72
0.703
0.729
0.884
0.733619
0.928
0.903
0.893
0.865
0.741
0.689
0.724
0.911
0.793
0.923
0.858
0.837
0.795
0.744
0.69
0.732
0.721
0.706
0.674
0.707
0.76
0.746
0.926
0.841
0.844
0.805
0.722
0.712
0.715
0.909
0.822
0.954
0.906
0.871
0.806
0.754
0.703
0.735
0.753
0.719
0.696
0.747
0.689
0.748
0.683
0.711
0.77
0.802
0.759
0.735
0.741
0.76
0.7
0.7
0.671
0.668
0.669
0.67
0.67
0.671
0.67
0.676
0.672
0.756
0.699
0.92
0.911
0.834
0.744
0.734
0.837
0.8345254
0.907
0.771
0.713
0.874
0.758
0.704
0.72
0.774
0.7724808
0.828
0.916
0.784
0.721
0.694
0.728
0.91
0.826
0.729
0.781
0.788
0.806
0.763866
0.878
0.806
0.766
0.708
0.7
0.715
0.784
0.75
0.818
0.717
0.614
0.715
0.661
0.659
0.657
0.655
0.661
0.662
0.647
0.646
0.659
0.671
0.659
0.657
0.638
0.635
0.637
0.642
0.645
0.641
0.645
0.646
0.649
0.634
0.659
0.647
0.653
0.659
0.655
0.659
0.666
0.675
0.691
0.873
0.797
0.785
0.743
0.671
0.645
0.639
0.642
0.702
0.666
0.806
0.752
0.733
0.716
0.681
0.637
0.618
0.625
0.63
0.687
0.636
0.632
0.746
0.708
0.699
0.698
0.65
0.614
0.608
0.611
0.624
0.637
0.65
0.635
0.732
0.691
0.685
0.661
0.605
0.586
0.607
0.617
0.63
0.62
0.611
0.657
0.699
0.668
0.661
0.633
0.589
0.574
0.635
0.612
0.613
0.578
0.537
0.556
0.54
0.596
0.632
0.596
0.604
0.688
0.649
0.645
0.648
0.638
0.579
0.568
0.567
0.548
0.566
0.624
0.623
0.62
0.599
0.568
0.553
0.559
0.575
0.573
0.571
0.58
0.581
0.58
0.582
0.579
0.573
0.578
0.582
0.58
0.581
0.58
0.58
0.576
0.575
0.574
0.572
0.57
0.571
0.571
0.569
0.567
0.569
0.563
0.558
0.556
0.559
0.555
0.557
0.558
0.543
0.557
0.559
0.556
0.563
0.562
0.562
0.558
0.546
0.565
0.562
0.566
0.573
0.573
0.571
0.568
0.58
0.586
0.586
0.585
0.581
0.578
0.587
0.588
0.584
0.588
0.579
0.585
0.587
0.592
0.591
0.582
0.577
0.588
0.589
0.586
0.582
0.591
0.595
0.594
0.593
0.587
0.586
0.592
0.59
0.58
0.589
0.593
0.588
0.595
0.592
0.591
0.588
0.593
0.596
0.59
0.593
0.592
0.597
0.601
0.599
0.604
0.598
0.595
0.594
0.594
0.596
0.593
0.593
0.592
0.585
0.587
0.585
0.585
0.583
0.591
0.592
0.59
0.593
0.594
0.595
0.595
0.598
0.595
0.593
0.588
0.6
0.604
0.604
0.604
0.608
0.604
0.62
0.628
0.626
0.627
0.628
0.628
0.633
0.631
0.639
0.646
0.653
0.654
0.661
0.657
0.651
0.65
0.658
0.652
0.639
0.63
0.63
0.63
0.636
0.637
0.644
0.647
0.645
0.648
0.654
0.802
0.741
0.74
0.835
0.832
0.715
0.743
0.805
0.71
0.716
0.7220514
0.81
0.745
0.676
0.658
0.662
0.674
0.688
0.701
0.6924334
0.869
0.748
0.683
0.714
0.898
0.774
0.902
0.821
0.813
0.771
0.709
0.671
0.661
0.848
0.905
0.854
0.731
0.673
0.701
0.875
0.786
0.941
0.829
0.789
0.741
0.689
0.663
0.701
0.888
0.792
0.881
0.836
0.825
0.786
0.739
0.675
0.707
0.805
0.876
0.829
0.798
0.699
0.742
0.77
0.836
0.799
0.737
0.682
0.713
0.746
0.826
0.801
0.761
0.726
0.667
0.684
0.668
0.69
0.649
0.633
0.664
0.632
0.638
0.73
0.872
0.896
0.755
0.686
0.673
0.72
0.913
0.82
0.786
0.687
0.646
0.675
0.781
0.724
0.68
0.668
0.686
0.733
0.728
0.8800726
0.874
0.815
0.72
0.74
0.758
0.787
0.79
0.708
0.686
0.716
0.761
0.931
0.829
0.892
0.742
0.709
0.709
0.892
0.823
0.847
0.898
0.858
0.807
0.746
0.701
0.716
0.906
0.806
0.931
0.864
0.842
0.786
0.732
0.677
0.695
0.811
0.857
0.812
0.814
0.729
0.676
0.694
0.813
0.864
0.819
0.807
0.734
0.666
0.676
0.716
0.871
0.805
0.803
0.751
0.68
0.712
0.69
0.743
0.771
0.796
0.741
0.691
0.711
0.716
0.892
0.816
0.808
0.774
0.696
0.663
0.728
0.688
0.668
0.701
0.758
0.679
0.68
0.959
0.844
0.821
0.773
0.689
0.704
0.7
0.911
0.848
0.846
0.745
0.691
0.723
0.715
0.935
0.841
0.792
0.7
0.673
0.8
0.896
0.834
0.806
0.708
0.726
0.726
0.75
0.81
0.769
0.704
0.721
0.723
0.82
0.814
0.753
0.686
0.717
0.767
0.757
0.736
0.681
0.763
0.836
0.916
0.837
0.821
0.702
0.697
0.694
0.897
0.82
0.809
0.774
0.688
0.677
0.696
0.885
0.785
0.857
0.836
0.836
0.794
0.735
0.687
0.652
0.677
0.861
0.811
0.915
0.801
0.816
0.825
0.77
0.711
0.743
0.728
0.845
0.849
0.7939594
0.929
0.819
0.767
0.71
0.81
0.6383409
0.879
0.816
0.704
0.908
0.843
0.726
0.673
0.642
0.692
0.724
0.709
0.894
0.804
0.804
0.736
0.679
0.665
0.661
0.707
0.666
0.694
0.729
0.738
0.73
0.691
0.719
0.73
0.728
0.671
0.659
0.654
0.657
0.764
0.79
0.728
0.731
0.706
0.732
0.695
0.727
0.646
0.703
0.77
0.705
0.75
0.765
0.843
0.922
0.851
0.725
0.682
0.662
0.671
0.656
0.675
0.651
0.749
0.783
0.747
0.704
0.679
0.725
0.724
0.704
0.711
0.813
0.8071361
0.853
0.906
0.886
0.854
0.787
0.713
0.688
0.723
0.938
0.838
0.822
0.713
0.693
0.807
0.832
0.732
0.712
0.701
0.701
0.684
0.769
0.787
0.787
0.737
0.735
0.835
0.7370002
0.6997302
0.849
0.727
0.735
0.804
0.83
0.751
0.705
0.764
0.927
0.86
0.796
0.706
0.733
0.792
0.861
0.796
0.743
0.696
0.779
0.74
0.715
0.717
0.769
0.732
0.924
0.797
0.767
0.822
0.837
0.904
0.837
0.801
0.698
0.669
0.691
0.717
0.669
0.655
0.686
0.733
0.722
0.933
