0.892
0.888
0.873
0.879
0.904
0.889
0.879
0.92
0.91
0.878
0.906
0.927
0.882
0.903
0.917
0.885
0.875
0.915
0.9
0.866
0.884
0.91
0.878
0.847
0.879
0.904
0.879
0.857
0.895
0.915
0.884
0.918
0.938
0.891
0.877
0.901
0.881
0.847
0.908
0.911
0.867
0.866
0.885
0.888
0.854
0.875
0.899
0.88
0.842
0.868
0.876
0.859
0.837
0.865
0.871
0.851
0.838
0.86
0.875
0.851
0.851
0.888
0.866
0.849
0.868
0.885
0.859
0.856
0.885
0.898
0.865
0.88
0.908
0.875
0.847
0.88
0.9
0.868
0.891
0.912
0.883
0.859
0.897
0.911
0.876
0.866
0.898
0.901
0.863
0.881
0.899
0.867
0.86
0.892
0.885
0.864
0.892
0.905
0.876
0.872
0.906
0.917
0.886
0.873
0.908
0.895
0.866
0.873
0.905
0.885
0.86
0.897
0.904
0.866
0.876
0.891
0.867
0.843
0.874
0.887
0.852
0.841
0.874
0.876
0.844
0.873
0.892
0.874
0.853
0.879
0.891
0.849
0.848
0.872
0.871
0.84
0.85
0.868
0.85
0.835
0.861
0.88
0.862
0.865
0.887
0.876
0.848
0.88
0.894
0.865
0.864
0.892
0.875
0.86
0.886
0.896
0.852
0.849
0.834
0.828
0.95
0.8185838
0.972
0.947
0.951
0.89
0.889
0.894
0.897
0.863
0.87
0.886
0.905
0.875
0.886
0.894
0.886
0.871
0.895
0.896
0.866
0.865
0.885
0.893
0.87
0.879
0.9
0.887
0.866
0.885
0.899
0.883
0.867
0.883
0.863
0.844
0.873
0.894
0.851
0.861
0.872
0.849
0.834
0.85
0.867
0.837
0.836
0.853
0.836
0.825
0.848
0.856
0.833
0.838
0.86
0.845
0.835
0.863
0.876
0.843
0.838
0.847
0.821
0.81
0.824
0.836
0.818
0.813
0.849
0.854
0.831
0.839
0.863
0.846
0.826
0.851
0.855
0.84
0.834
0.846
0.835
0.817
0.839
0.857
0.831
0.857
0.876
0.856
0.852
0.873
0.869
0.843
0.865
0.884
0.859
0.868
0.886
0.886
0.859
0.864
0.884
0.884
0.851
0.868
0.883
0.873
0.848
0.871
0.88
0.86
0.875
0.897
0.88
0.868
0.889
0.896
0.862
0.875
0.889
0.864
0.868
0.88
0.868
0.854
0.879
0.899
0.877
0.869
0.892
0.911
0.876
0.863
0.902
0.916
0.886
0.869
0.885
0.89
0.857
0.851
0.87
0.862
0.84
0.853
0.861
0.838
0.837
0.87
0.875
0.849
0.877
0.889
0.87
0.843
0.865
0.873
0.84
0.851
0.877
0.864
0.841
0.864
0.876
0.852
0.852
0.874
0.878
0.847
0.874
0.883
0.861
0.856
0.875
0.883
0.852
0.875
0.897
0.866
0.843
0.877
0.894
0.853
0.856
0.891
0.908
0.876
0.897
0.905
0.874
0.874
0.904
0.87
0.845
0.874
0.901
0.876
0.86
0.857
0.834
0.833
0.863
0.863
0.833
0.865
0.874
0.856
0.867
0.868
0.838
0.86
0.878
0.853
0.859
0.886
0.868
0.848
0.871
0.858
0.837
0.833
0.803
0.805
0.788
0.76
0.779
0.77
0.759
0.766
0.757
0.755
0.756
0.742
0.755
0.743
0.737
0.742
0.733
0.73
0.739
0.73
0.731
0.745
0.747
0.754
0.759
0.784
0.778
0.784
0.796
0.815
0.799
0.785
0.775
0.785
0.77
0.765
0.776
0.787
0.793
0.795
0.784
0.766
0.771
0.75
0.766
0.759
0.753
0.752
0.77
0.881
0.856
0.818
0.788
0.784
0.769
0.774
0.75
0.747
0.739
0.741
0.757
0.788
0.789
0.811
0.823
0.809
0.807
0.791
0.773
0.771
0.769
0.782
0.786
0.804
0.808
0.78
0.779
0.748
0.735
0.737
0.716
0.725
0.71
0.711
0.724
0.706
0.725
0.728
0.714
0.726
0.727
0.713
0.726
0.72
0.705
0.716
0.708
0.7
0.706
0.701
0.704
0.703
0.701
0.703
0.704
0.707
0.705
0.707
0.701
0.701
0.71
0.699
0.693
0.704
0.695
0.686
0.697
0.682
0.671
0.688
0.678
0.67
0.681
0.668
0.683
0.681
0.668
0.678
0.671
0.668
0.674
0.67
0.662
0.666
0.673
0.658
0.66
0.669
0.653
0.656
0.666
0.65
0.654
0.659
0.651
0.654
0.653
0.651
0.659
0.649
0.643
0.655
0.645
0.636
0.647
0.639
0.635
0.638
0.626
0.635
0.636
0.627
0.63
0.63
0.627
0.63
0.624
0.628
0.633
0.624
0.627
0.622
0.62
0.626
0.7528755
0.8391458
0.624
0.7670705
0.769802
0.8462675
0.7856036
0.619
0.619
0.7019495
0.625
0.619
0.7295619
0.624
0.623
0.619
0.62
0.7407082
0.618
0.621
0.8210414
0.7792126
0.7810944
0.7669918
0.7347131
0.8477423
0.7854044
0.6663111
0.7950456
0.7382584
0.7094351
0.7503806
0.7112735
0.7255305
0.7304561
0.679104
0.8009143
0.7677789
0.7053296
0.8207421
0.7807065
0.7457808
0.8031665
0.8022617
0.7994473
0.7929449
0.786357
0.7565386
0.7446726
0.7409937
0.7257398
0.749165
0.6980235
0.8637771
0.8172955
0.7046582
0.7393576
0.7362012
0.7963195
0.7545559
0.7707377
0.7570522
0.7562858
0.8243666
0.7473061
0.8313595
0.6832778
0.7862181
0.7638977
0.7682728
0.7761061
0.7334487
0.7415446
0.7083809
0.705742
0.7720825
0.7790003
0.7598492
0.8017554
0.8561466
0.7333784
0.6455208
0.8055201
0.7226463
0.7236046
0.8062828
0.7429467
0.6976895
0.7653248
0.7498008
0.7567231
0.7749865
0.738423
0.7873742
0.745552
0.7721585
0.8090402
0.7770312
0.7402203
0.8113712
0.8038134
0.7822624
0.7672518
0.7253473
0.8213105
0.7265681
0.8611146
0.8294441
0.612
0.64
0.656
0.662
0.656
0.648
0.631
0.624
0.624
0.626
0.626
0.624
0.629
0.645
0.647
0.652
0.658
0.654
0.665
0.675
0.678
0.674
0.67
0.686
0.688
0.692
0.682
0.686
0.697
0.691
0.682
0.685
0.703
0.702
0.696
0.693
0.703
0.714
0.709
0.703
0.71
0.71
0.706
0.699
0.711
0.712
0.707
0.697
0.709
0.731
0.723
0.711
0.726
0.736
0.725
0.707
0.708
0.721
0.712
0.703
0.701
0.704
0.7
0.69
0.682
0.674
0.682
0.688
0.684
0.698
0.74
0.737
0.73
0.746
0.766
0.741
0.723
0.746
0.758
0.748
0.7404306
0.7022131
0.7174359
0.784
0.74
0.733
0.75
0.741
0.731
0.75
0.781
0.795
0.765
0.78
0.789
0.766
0.75
0.77
0.777
0.757
0.779
0.809
0.792
0.762
0.769
0.776
0.762
0.778
0.789
0.777
0.775
0.763158
0.82
0.74
0.733
0.724
0.718
0.731
0.777
0.786
0.777
0.826
0.833
0.792
0.8
0.819
0.789
0.792
0.806
0.785
0.781
0.809
0.805
0.782
0.806
0.805
0.779
0.777
0.809
0.816
0.781
0.78
0.807
0.808
0.784
0.808
0.822
0.805
0.779
0.786
0.763
0.762
0.764
0.779
0.767
0.769
0.772
0.763
0.756
0.771
0.767
0.742
0.773
0.83
0.833
0.865
0.826
0.807
0.825
0.834
0.802
0.81
0.838
0.84
0.801
0.806
0.833
0.83
0.801
0.791
0.771
0.746
0.739
0.723
0.726
0.759
0.804
0.808
0.791
0.82
0.826
0.802
0.787
0.805
0.83
0.809
0.804
0.852
0.876
0.848
0.839
0.854
0.853
0.815
0.819
0.838
0.824
0.808
0.829
0.849
0.83
0.812
0.834
0.857
0.826
0.814
0.837
0.849
0.821
0.795
0.812
0.887
0.884
0.898
0.888
0.844
0.865
0.89
0.851
0.847
0.856
0.857
0.837
0.854
0.858
0.827
0.839
0.853
0.81
0.805
0.815
0.817
0.8
0.799
0.817
0.814
0.797
0.819
0.833
0.803
0.789
0.791
0.803
0.788
0.792
0.808
0.823
0.809
0.819
0.821
0.808
0.802
0.827
0.827
0.806
0.813
0.833
0.817
0.802
0.825
0.827
0.804
0.808
0.824
0.82
0.809
0.818
0.841
0.829
0.82
0.828
0.844
0.829
0.812
0.833
0.848
0.827
0.828
0.853
0.859
0.838
0.855
0.867
0.83
0.819
0.81
0.797
0.79
0.803
0.82
0.825
0.803
0.827
0.841
0.815
0.811
0.823
0.821
0.8
0.808
0.812
0.802
0.81
0.825
0.816
0.809
0.837
0.843
0.812
0.817
0.817
0.799
0.795
0.806
0.807
0.795
0.814
0.818
0.798
0.818
0.824
0.81
0.799
0.816
0.826
0.804
0.795
0.798
0.79
0.788
0.801
0.833
0.819
0.807
0.823
0.819
0.805
0.799
0.808
0.798
0.787
0.802
0.814
0.801
0.81
0.824
0.81
0.807
0.819
0.814
0.798
0.809
0.829
0.831
0.815
0.829
0.844
0.826
0.838
0.869
0.836
0.813
0.823
0.814
0.788
0.788
0.8
0.803
0.798
0.833
0.85
0.827
0.839
0.845
0.823
0.823
0.828
0.813
0.795
0.807
0.812
0.806
0.808
0.826
0.833
0.812
0.831
0.858
0.839
0.831
0.839
0.83
0.817
0.838
0.854
0.834
0.814
0.829
0.835
0.809
0.801
0.817
0.813
0.787
0.779
0.791
0.896
0.859
0.827
0.807
0.789
0.768
0.76
0.75
0.759
0.753
0.755
0.762
0.772
0.768
0.771
0.783
0.791
0.779
0.786
0.792
0.78
0.765
0.767
0.754
0.749
0.742
0.751
0.781
0.814
0.801
0.845
0.855
0.839
0.838
0.836
0.806
0.8
0.804
0.805
0.788
0.802
0.817
0.811
0.791
0.8
0.817
0.807
0.791
0.798
0.804
0.793
0.788
0.801
0.81
0.794
0.807
0.803
0.796
0.796
0.804
0.802
0.783
0.796
0.811
0.816
0.799
0.805
0.82
0.808
0.811
0.824
0.794
0.776
0.789
0.798
0.806
0.786
0.774
0.754
0.743
0.73
0.726
0.738
0.75
0.747
0.746
0.756
0.765
0.757
0.757
0.776
0.782
0.777
0.793
0.788
0.768
0.771
0.774
0.769
0.766
0.778
0.788
0.774
0.786
0.801
0.795
0.783
0.795
0.796
0.782
0.791
0.796
0.782
0.787
0.791
0.791
0.791
0.778
0.765
0.759
0.758
0.748
0.753
0.768
0.76
0.757
0.768
0.791
0.795
0.782
0.792
0.813
0.793
0.799
0.802
0.787
0.792
0.791
0.79
0.784
0.792
0.789
0.804
0.827
0.82
0.813
0.793
0.78
0.781
0.792
0.804
0.805
0.802
0.809
0.812
0.816
0.808
0.777
0.773
0.784
0.804
0.79
0.778
0.788
0.791
0.781
0.768
0.766
0.773
0.787
0.792
0.776
0.769
0.778
0.791
0.794
0.789
0.781
0.794
0.792
0.784
0.801
0.81
0.791
0.778
0.761
0.757
0.779
0.769
0.762
0.778
0.794
0.8
0.797
0.809
0.806
0.787
0.791
0.804
0.821
0.812
0.812
0.822
0.802
0.788
0.784
0.781
0.776
0.77
0.768
0.765
0.77
0.768
0.772
0.762
0.789
0.82
0.84
0.875
0.887
0.837
0.846
0.844
0.839
0.837
0.799
0.797
0.808
0.805
0.789
0.785
0.778
0.778
0.772
0.755
0.752
0.771
0.79
0.801
0.789
0.805
0.805
0.785
0.78
0.827
0.875
0.892
0.873
0.873
0.83
0.833
0.84
0.847
0.834
0.845
0.829
0.805
0.816
0.818
0.848
0.84
0.824
0.808
0.815
0.826
0.795
0.784
0.786
0.785
0.782
0.798
0.806
0.817
0.809
0.818
0.804
0.816
0.828
0.804
0.791
0.796
0.809
0.806
0.812
0.807
0.798
0.776
0.759
0.748
0.739
0.73
0.741
0.748
0.768
0.768
0.761
0.775
0.78
0.789
0.774
0.791
0.786
0.791
0.803
0.798
0.788
0.802
0.799
0.783
0.79
0.798
0.783
0.775
0.789
0.786
0.774
0.79
0.801
0.806
0.796
0.78
0.791
0.799
0.788
0.794
0.806
0.789
0.775
0.78
0.812
0.833
0.807
0.825
0.825
0.833
0.822
0.804
0.789
0.794
0.803
0.79
0.786
0.799
0.788
0.796
0.797
0.806
0.796
0.79
0.806
0.81
0.793
0.794
0.801
0.795
0.804
0.816
0.832
0.805
0.81
0.803
0.806
0.801
0.783
0.777
0.793
0.79
0.786
0.802
0.823
0.8
0.807
0.82
0.821
0.836
0.836
0.829
0.826
0.819
0.792
0.796
0.81
0.814
0.786
0.787
0.795
0.782
0.778
0.789
0.816
0.805
0.813
0.833
0.814
0.822
0.82
0.802
0.792
0.766
0.767
0.771
0.766
0.757
0.761
0.767
0.771
0.772
0.786
0.803
0.801
0.776
0.761
0.757
0.79
0.808
0.821
0.829
0.829
0.799
0.825
0.838
0.816
0.824
0.839
0.833
0.82
0.829
0.807
0.792
0.8
0.798
0.798
0.789
0.785
0.786
0.779
0.764
0.753
0.754
0.759
0.763
0.783
0.804
0.807
0.805
0.783
0.789
0.792
0.781
0.771
0.775
0.776
0.773
0.766
0.763
0.744
0.753
0.769
0.761
0.761
0.79
0.789
0.773
0.767
0.771
0.76
0.757
0.774
0.793
0.784
0.794
0.803
0.817
0.797
0.798
0.812
0.795
0.798
0.808
0.808
0.792
0.802
0.818
0.802
0.806
0.8
0.811
0.809
0.805
0.791
0.782
0.792
0.807
0.785
0.793
0.809
0.816
0.793
0.808
0.8
0.816
0.804
0.814
0.788
0.786
0.813
0.83
0.833
0.831
0.803
0.804
0.814
0.823
0.806
0.819
0.807
0.805
0.807
0.826
0.833
0.807
0.807
0.808
0.816
0.831
0.799
0.803
0.81
0.797
0.806
0.808
0.788
0.791
0.81
0.799
0.798
0.797
0.805
0.786
0.788
0.798
0.787
0.776
0.782
0.779
0.791
0.805
0.785
0.776
0.77
0.75
0.74
0.732
0.722
0.729
0.74
0.75
0.747
0.75
0.774
0.776
0.76
0.773
0.793
0.78
0.777
0.782
0.796
0.806
0.79
0.791
0.813
0.829
0.804
0.821
0.82
0.809
0.817
0.837
0.816
0.819
0.843
0.811
0.819
0.814
0.827
0.824
0.829
0.795
0.797
0.809
0.823
0.789
0.792
0.804
0.8
0.807
0.782
0.786
0.793
0.804
0.806
0.791
0.786
0.805
0.822
0.802
0.803
0.826
0.808
0.809
0.826
0.81
0.822
0.822
0.858
0.856
0.817
0.828
0.839
0.822
0.812
0.831
0.801
0.803
0.806
0.835
0.828
0.822
0.833
0.811
0.825
0.816
0.818
0.809
0.823
0.831
0.845
0.83
0.806
0.821
0.827
0.792
0.794
0.796
0.804
0.791
0.801
0.818
0.8
0.816
0.828
0.799
0.798
0.812
0.803
0.788
0.801
0.804
0.786
0.796
0.811
0.815
0.81
0.814
0.826
0.83
0.81
0.789
0.794
0.803
0.789
0.799
0.789
0.785
0.804
0.802
0.783
0.789
0.791
0.777
0.779
0.785
0.791
0.801
0.797
0.791
0.803
0.814
0.801
0.799
0.811
0.839
0.832
0.824
0.793
0.784
0.796
0.812
0.791
0.811
0.833
0.833
0.806
0.824
0.826
0.834
0.857
0.837
0.804
0.803
0.81
0.82
0.805
0.819
0.84
0.842
0.815
0.828
0.841
0.818
0.818
0.823
0.796
0.804
0.803
0.783
0.781
0.792
0.81
0.833
0.825
0.826
0.808
0.79
0.795
0.812
0.789
0.79
0.798
0.784
0.776
0.772
0.794
0.813
0.828
0.83
0.83
0.8
0.799
0.803
0.786
0.782
0.793
0.787
0.784
0.792
0.812
0.809
0.796
0.783
0.772
0.761
0.747
0.75
0.747
0.751
0.782
0.818
0.797
0.816
0.843
0.856
0.834
0.824
0.823
0.812
0.782
0.784
0.791
0.794
0.788
0.804
0.816
0.799
0.815
0.83
0.802
0.803
0.82
0.802
0.799
0.818
0.798
0.802
0.796
0.775
0.754
0.774
0.791
0.802
0.812
0.793
0.798
0.79
0.771
0.766
0.781
0.778
0.791
0.775
0.757
0.749
0.752
0.757
0.768
0.759
0.759
0.774
0.769
0.758
0.762
0.759
0.78
0.791
0.778
0.771
0.78
0.793
0.779
0.782
0.789
0.773
0.761
0.78
0.791
0.795
0.791
0.79
0.765
0.762
0.768
0.785
0.777
0.781
0.778
0.769
0.754
0.751
0.753
0.843
0.87
0.865
0.846
0.837
0.809
0.794
0.799
0.809
0.808
0.818
0.826
0.817
0.79
0.785
0.782
0.772
0.759
0.754
0.75
0.758
0.76
0.752
0.749
0.75
0.746
0.741
0.744
0.763
0.759
0.771
0.791
0.773
0.769
0.778
0.787
0.787
0.791
0.795
0.795
0.792
0.791
0.789
0.779
0.771
0.764
0.751
0.741
0.746
0.754
0.774
0.778
0.768
0.777
0.798
0.801
0.802
0.8
0.782
0.789
0.788
0.774
0.773
0.775
0.779
0.77
0.779
0.804
0.786
0.791
0.812
0.811
0.801
0.809
0.811
0.791
0.791
0.791
0.777
0.77
0.771
0.778
0.77
0.788
0.801
0.784
0.791
0.803
0.789
0.782
0.789
0.792
0.782
0.791
0.803
0.789
0.791
0.796
0.802
0.796
0.78
0.761
0.752
0.757
0.763
0.773
0.769
0.79
0.804
0.788
0.791
0.801
0.808
0.791
0.802
0.807
0.811
0.792
0.817
0.83
0.802
0.814
0.808
0.791
0.768
0.746
0.734
0.722
0.71
0.72
0.72
0.732
0.755
0.787
0.777
0.768
0.777
0.785
0.778
0.765
0.764
0.776
0.799
0.777
0.765
0.77
0.765
0.759
0.763
0.778
0.792
0.775
0.794
0.805
0.805
0.792
0.814
0.812
0.794
0.788
0.795
0.808
0.793
0.791
0.799
0.812
0.785
0.786
0.791
0.8
0.783
0.793
0.803
0.784
0.786
0.811
0.804
0.819
0.815
0.791
0.8
0.814
0.805
0.803
0.802
0.809
0.793
0.796
0.82
0.82
0.796
0.789
0.788
0.796
0.811
0.819
0.81
0.786
0.767
0.767
0.762
0.751
0.753
0.766
0.779
0.769
0.766
0.76
0.758
0.75
0.747
0.732
0.725
0.715
0.704
0.694
0.688
0.687
0.701
0.722
0.72
0.731
0.765
0.78
0.8
0.825
0.798
0.803
0.811
0.786
0.783
0.778
0.779
0.761
0.752
0.76
0.778
0.773
0.766
0.78
0.8
0.809
0.785
0.801
0.804
0.784
0.784
0.794
0.772
0.763
0.768
0.768
0.757
0.743
0.743
0.755
0.756
0.765
0.772
0.768
0.756
0.755
0.762
0.753
0.752
0.752
0.774
0.8
0.81
0.817
0.801
0.81
0.787
0.784
0.792
0.771
0.771
0.767
0.778
0.798
0.797
0.779
0.786
0.801
0.778
0.783
0.774
0.771
0.773
0.765
0.749
0.75
0.759
0.769
0.76
0.777
0.783
0.772
0.786
0.806
0.82
0.834
0.817
0.793
0.801
0.8
0.814
0.827
0.81
0.818
0.783
0.779
0.766
0.75
0.732
0.735
0.73
0.747
0.742
0.736
0.752
0.769
0.779
0.762
0.754
0.747
0.787
0.821
0.817
0.839
0.847
0.813
0.82
0.811
0.803
0.817
0.803
0.795
0.772
0.756
0.762
0.772
0.787
0.779
0.796
0.794
0.803
0.817
0.797
0.784
0.782
0.785
0.792
0.785
0.789
0.792
0.767
0.771
0.777
0.785
0.767
0.774
0.787
0.814
0.83
0.806
0.804
0.818
0.829
0.799
0.802
0.804
0.799
0.797
0.776
0.784
0.81
0.799
0.799
0.807
0.834
0.817
0.802
0.811
0.812
0.789
0.781
0.771
0.767
0.746
0.744
0.75
0.759
0.746
0.765
0.76
0.772
0.782
0.777
0.768
0.774
0.779
0.766
0.778
0.779
0.771
0.787
0.798
0.836
0.837
0.814
0.812
0.818
0.819
0.813
0.82
0.81
0.8
0.796
0.78
0.763
0.767
0.782
0.77
0.783
0.811
0.789
0.804
0.812
0.823
0.806
0.784
0.786
0.791
0.791
0.774
0.789
0.78
0.771
0.782
0.795
0.809
0.825
0.817
0.798
0.785
0.765
0.748
0.732
0.733
0.751
0.757
0.752
0.775
0.787
0.78
0.788
0.786
0.771
0.77
0.77
0.781
0.764
0.773
0.783
0.767
0.763
0.781
0.797
0.794
0.792
0.804
0.824
0.795
0.791
0.801
0.811
0.822
0.809
0.79
0.77
0.772
0.78
0.775
0.791
0.804
0.781
0.78
0.78
0.788
0.788
0.767
0.768
0.779
0.778
0.794
0.771
0.749
0.75
0.758
0.754
0.761
0.754
0.75
0.746
0.738
0.737
0.74
0.751
0.77
0.868
0.819
0.82
0.806
0.79
0.801
0.812
0.791
0.798
0.803
0.806
0.777
0.765
0.771
0.784
0.762
0.768
0.768
0.773
0.79
0.792
0.784
0.798
0.804
0.792
0.799
0.81
0.812
0.788
0.798
0.794
0.778
0.78
0.79
0.783
0.79
0.793
0.782
0.762
0.776
0.796
0.796
0.778
0.786
0.793
0.788
0.797
0.802
0.789
0.785
0.791
0.801
0.789
0.788
0.796
0.804
0.787
0.785
0.796
0.773
0.766
0.766
0.773
0.765
0.754
0.751
0.763
0.768
0.767
0.77
0.777
0.782
0.771
0.759
0.761
0.756
0.75
0.751
0.761
0.767
0.757
0.78
0.792
0.791
0.789
0.81
0.804
0.797
0.815
0.825
0.804
0.817
0.828
0.821
0.809
0.824
0.839
0.817
0.823
0.813
0.782
0.78
0.792
0.784
0.788
0.807
0.793
0.791
0.802
0.817
0.816
0.789
0.791
0.797
0.789
0.791
0.812
0.816
0.794
0.812
0.811
0.797
0.814
0.832
0.802
0.82
0.824
0.799
0.793
0.795
0.794
0.775
0.765
0.757
0.741
0.744
0.758
0.758
0.755
0.779
0.79
0.782
0.786
0.791
0.802
0.792
0.77
0.748
0.744
0.73
0.731
0.754
0.759
0.766
0.79
0.811
0.782
0.799
0.808
0.78
0.768
0.772
0.783
0.794
0.786
0.767
0.78
0.783
0.78
0.778
0.798
0.825
0.801
0.815
0.835
0.806
0.795
0.815
0.827
0.799
0.814
0.819
0.82
0.785
0.773
0.764
0.751
0.759
0.755
0.766
0.79
0.808
0.776
0.797
0.812
0.806
0.789
0.808
0.827
0.799
0.815
0.843
0.817
0.804
0.813
0.81
0.817
0.788
0.786
0.801
0.795
0.778
0.798
0.81
0.808
0.818
0.82
0.792
0.778
0.784
0.782
0.773
0.786
0.801
0.791
0.8
0.795
0.806
0.778
0.786
0.79
0.784
0.769
0.785
0.786
0.764
0.755
0.766
0.785
0.801
0.798
0.794
0.82
0.804
0.814
0.835
0.857
0.833
0.852
0.859
0.862
0.838
0.818
0.79
0.782
0.786
0.791
0.783
0.8
0.819
0.805
0.794
0.802
0.785
0.781
0.758
0.749
0.752
0.765
0.759
0.773
0.8
0.822
0.808
0.819
0.802
0.807
0.814
0.798
0.78
0.779
0.799
0.818
0.802
0.794
0.804
0.786
0.769
0.769
0.787
0.791
0.782
0.773
0.788
0.808
0.827
0.814
0.832
0.845
0.846
0.842
0.813
0.794
0.788
0.772
0.762
0.755
0.76
0.779
0.767
0.767
0.793
0.784
0.787
0.793
0.782
0.784
0.76
0.746
0.751
0.761
0.753
0.765
0.791
0.804
0.799
0.791
0.792
0.773
0.752
0.751
0.761
0.777
0.785
0.785
0.806
0.826
0.832
0.8
0.806
0.815
0.791
0.804
0.797
0.812
0.827
0.819
0.805
0.778
0.759
0.752
0.749
0.765
0.754
0.743
0.734
0.73
0.72
0.737
0.766
0.749
0.748
0.755
0.778
0.784
0.768
0.76
0.765
0.771
0.757
0.743
0.743
0.756
0.783
0.802
0.789
0.802
0.826
0.821
0.812
0.791
0.797
0.8
0.804
0.782
0.774
0.79
0.81
0.797
0.802
0.822
0.842
0.82
0.82
0.796
0.778
0.786
0.789
0.79
0.787
0.804
0.804
0.795
0.781
0.782
0.784
0.767
0.777
0.789
0.788
0.793
0.8
0.766
0.763
0.78
0.799
0.819
0.834
0.824
0.821
0.82
0.828
0.828
0.822
0.821
0.802
0.792
0.773
0.753
0.733
0.72
0.725
0.742
0.757
0.752
0.787
0.799
0.79
0.809
0.833
0.844
0.813
0.805
0.799
0.791
0.785
0.795
0.79
0.794
0.793
0.788
0.791
0.765
0.767
0.78
0.798
0.785
0.784
0.812
0.784
0.794
0.802
0.785
0.774
0.779
0.784
0.81
0.803
0.802
0.798
0.774
0.775
0.772
0.763
0.772
0.752
0.757
0.774
0.791
0.83
0.832
0.825
0.802
0.8
0.809
0.823
0.792
0.798
0.814
0.815
0.793
0.78
0.789
0.802
0.792
0.784
0.802
0.796
0.789
0.802
0.791
0.806
0.824
0.816
0.801
0.811
0.802
0.774
0.757
0.755
0.797
0.827
0.857
0.844
0.809
0.817
0.82
0.829
0.807
0.779
0.776
0.791
0.814
0.802
0.789
0.801
0.81
0.813
0.84
0.844
0.823
0.821
0.822
0.796
0.798
0.815
0.823
0.789
0.804
0.808
0.8
0.796
0.819
0.816
0.798
0.814
0.824
0.8
0.805
0.814
0.795
0.801
0.815
0.794
0.775
0.768
0.755
0.732
0.724
0.715
0.711
0.709
0.724
0.744
0.746
0.743
0.761
0.798
0.809
0.778
0.788
0.794
0.786
0.791
0.821
0.828
0.815
0.825
0.82
0.817
0.78
0.778
0.784
0.813
0.792
0.794
0.8
0.808
0.811
0.788
0.789
0.797
0.779
0.773
0.776
0.768
0.763
0.784
0.801
0.806
0.785
0.772
0.761
0.756
0.762
0.758
0.756
0.775
0.796
0.822
0.831
0.842
0.842
0.843
0.828
0.802
0.779
0.78
0.789
0.795
0.781
0.79
0.81
0.79
0.776
0.788
0.799
0.791
0.787
0.789
0.793
0.804
0.797
0.774
0.773
0.779
0.776
0.765
0.771
0.795
0.791
0.795
0.809
0.79
0.795
0.812
0.808
0.802
0.799
0.786
0.768
0.761
0.774
0.794
0.785
0.789
0.789
0.771
0.757
0.765
0.753
0.763
0.78
0.77
0.774
0.786
0.801
0.797
0.788
0.806
0.805
0.782
0.785
0.8
0.782
0.805
0.827
0.848
0.845
0.816
0.813
0.832
0.841
0.814
0.779
0.777
0.784
0.802
0.806
0.806
0.819
0.839
0.81
0.816
0.819
0.827
0.807
0.788
0.789
0.807
0.789
0.774
0.778
0.789
0.799
0.823
0.847
0.814
0.827
0.826
0.813
0.808
0.812
0.821
0.794
0.783
0.778
0.779
0.761
0.767
0.782
0.796
0.779
0.782
0.772
0.774
0.815
0.902
0.911
0.878
0.859
0.821
0.834
0.838
0.833
0.816
0.825
0.843
0.816
0.806
0.824
0.854
0.829
0.829
0.851
0.836
0.848
0.842
0.808
0.806
0.815
0.806
0.786
0.796
0.808
0.824
0.801
0.833
0.829
0.828
0.828
0.81
0.791
0.773
0.771
0.786
0.772
0.772
0.78
0.79
0.791
0.799
0.785
0.773
0.78
0.788
0.758
0.756
0.766
0.791
0.822
0.807
0.803
0.789
0.776
0.761
0.764
0.771
0.761
0.772
0.785
0.787
0.797
0.824
0.808
0.809
0.811
0.819
0.811
0.793
0.787
0.78
0.764
0.757
0.735
0.73
0.732
0.75
0.75
0.753
0.772
0.772
0.795
0.781
0.782
0.798
0.817
0.804
0.82
0.818
0.84
0.814
0.825
0.824
0.8
0.827
0.812
0.82
0.825
0.802
0.806
0.79
0.767
0.767
0.769
0.755
0.747
0.746
0.75
0.767
0.786
0.77
0.781
0.789
0.792
0.774
0.766
0.743
0.735
0.717
0.704
0.711
0.804
0.835
0.833
0.804
0.798
0.78
0.782
0.785
0.787
0.757
0.76
0.762
0.75
0.738
0.734
0.745
0.748
0.748
0.754
0.778
0.778
0.77
0.788
0.794
0.777
0.775
0.795
0.798
0.787
0.798
0.815
0.793
0.788
0.819
0.85
0.806
0.817
0.829
0.811
0.823
0.826
0.796
0.789
0.791
0.791
0.774
0.784
0.78
0.779
0.781
0.791
0.786
0.783
0.797
0.779
0.763
0.756
0.755
0.766
0.767
0.772
0.776
0.751
0.747
0.728
0.726
0.749
0.803
0.81
0.807
0.837
0.859
0.865
0.82
0.821
0.825
0.815
0.795
0.803
0.813
0.812
0.794
0.817
0.828
0.813
0.814
0.838
0.843
0.817
0.826
0.823
0.797
0.78
0.789
0.817
0.833
0.811
0.811
0.837
0.864
0.834
0.817
0.837
0.857
0.849
0.825
0.837
0.847
0.831
0.812
0.83
0.839
0.828
0.822
0.858
0.875
0.854
0.881
0.885
0.853
0.851
0.86
0.848
0.828
0.837
0.828
0.82
0.831
0.846
0.82
0.822
0.835
0.825
0.806
0.819
0.821
0.806
0.797
0.803
0.804
0.788
0.806
0.822
0.798
0.808
0.819
0.808
0.806
0.824
0.823
0.804
0.809
0.815
0.799
0.796
0.803
0.797
0.791
0.813
0.815
0.804
0.813
0.817
0.801
0.798
0.812
0.809
0.799
0.804
0.816
0.811
0.8
0.813
0.81
0.794
0.794
0.825
0.824
0.805
0.838
0.839
0.811
0.807
0.815
0.794
0.78
0.777
0.784
0.865
0.88
0.866
0.859
0.821
0.821
0.806
0.8
0.801
0.832
0.848
0.856
0.864
0.852
0.851
0.849
0.828
0.823
0.816
0.807
0.792
0.805
0.818
0.795
0.772
0.764
0.748
0.736
0.72
0.726
0.717
0.706
0.703
0.689
0.684
0.685
0.685
0.697
0.717
0.723
0.728
0.725
0.713
0.712
0.708
0.707
0.711
0.724
0.744
0.754
0.761
0.79
0.801
0.804
0.844
0.853
0.817
0.81
0.823
0.821
0.81
0.819
0.812
0.786
0.791
0.803
0.789
0.79
0.814
0.813
0.791
0.796
0.802
0.784
0.777
0.788
0.777
0.769
0.764
0.744
0.738
0.745
0.75
0.772
0.796
0.807
0.787
0.779
0.78
0.772
0.76
0.763
0.763
0.743
0.734
0.732
0.733
0.722
0.72
0.724
0.724
0.728
0.727
0.741
0.763
0.789
0.786
0.792
0.823
0.815
0.787
0.767
0.755
0.757
0.747
0.744
0.755
0.78
0.783
0.783
0.812
0.828
0.816
0.808
0.807
0.786
0.768
0.764
0.753
0.745
0.74
0.736
0.757
0.757
0.755
0.753
0.738
0.74
0.741
0.754
0.759
0.759
0.763
0.75
0.742
0.738
0.743
0.734
0.724
0.72
0.714
0.707
0.701
0.7
0.706
0.703
0.712
0.739
0.748
0.744
0.763
0.782
0.776
0.767
0.778
0.782
0.778
0.775
0.782
0.8
0.789
0.79
0.804
0.826
0.815
0.843
0.871
0.843
0.809
0.811
0.821
0.824
0.805
0.806
0.841
0.845
0.816
0.808
0.817
0.827
0.814
0.825
0.841
0.847
0.822
0.825
0.836
0.82
0.793
0.773
0.757
0.807
0.864
0.864
0.859
0.857
0.828
0.833
0.825
0.818
0.795
0.805
0.817
0.811
0.791
0.81
0.814
0.81
0.798
0.816
0.834
0.818
0.844
0.85
0.839
0.814
0.822
0.818
0.801
0.785
0.791
0.798
0.794
0.786
0.787
0.789
0.784
0.785
0.788
0.792
0.779
0.783
0.807
0.799
0.788
0.791
0.804
0.8
0.792
0.783
0.795
0.808
0.806
0.788
0.798
0.792
0.78
0.78
0.782
0.777
0.764
0.761
0.769
0.779
0.781
0.792
0.783
0.791
0.795
0.779
0.783
0.774
0.788
0.779
0.81
0.834
0.822
0.832
0.852
0.864
0.837
0.81
0.805
0.797
0.794
0.789
0.789
0.769
0.787
0.806
0.785
0.798
0.808
0.827
0.814
0.809
0.819
0.798
0.791
0.8
0.795
0.815
0.809
0.831
0.818
0.805
0.828
0.815
0.8
0.815
0.811
0.815
0.82
0.805
0.817
0.812
0.801
0.792
0.804
0.783
0.787
0.796
0.799
0.789
0.793
0.815
0.799
0.805
0.814
0.818
0.813
0.796
0.801
0.812
0.799
0.822
0.829
0.818
0.838
0.836
0.83
0.834
0.842
0.83
0.822
0.804
0.811
0.8
0.779
0.756
0.755
0.755
0.758
0.773
0.775
0.768
0.762
0.773
0.784
0.763
0.755
0.77
0.767
0.772
0.778
0.782
0.8
0.839
0.834
0.824
0.837
0.842
0.854
0.84
0.822
0.813
0.797
0.767
0.754
0.757
0.775
0.787
0.792
0.806
0.8
0.819
0.8
0.82
0.805
0.823
0.829
0.813
0.823
0.833
0.813
0.83
0.85
0.837
0.833
0.832
0.836
0.851
0.877
0.886
0.86
0.861
0.875
0.861
0.842
0.857
0.842
0.838
0.845
0.835
0.838
0.846
0.822
0.827
0.823
0.805
0.794
0.82
0.808
0.801
0.823
0.839
0.823
0.789
0.799
0.837
0.823
0.833
0.815
0.823
0.853
0.837
0.855
0.868
0.876
0.873
0.886
0.845
0.832
0.818
0.796
0.79
0.796
0.799
0.814
0.798
0.823
0.841
0.836
0.816
0.826
0.83
0.808
0.813
0.811
0.791
0.78
0.791
0.806
0.796
0.813
0.824
0.822
0.836
0.857
0.819
0.832
0.825
0.805
0.789
0.784
0.798
0.824
0.838
0.844
0.845
0.83
0.792
0.779
0.768
0.773
0.764
0.768
0.777
0.814
0.834
0.824
0.828
0.842
0.831
0.831
0.826
0.834
0.827
0.81
0.803
0.821
0.842
0.827
0.804
0.798
0.813
0.814
0.797
0.814
0.839
0.821
0.84
0.823
0.817
0.837
0.825
0.813
0.793
0.791
0.807
0.819
0.81
0.808
0.804
0.79
0.762
0.756
0.752
0.763
0.768
0.759
0.765
0.781
0.796
0.803
0.811
0.815
0.816
0.807
0.79
0.772
0.762
0.775
0.783
0.807
0.826
0.825
0.823
0.835
0.846
0.829
0.808
0.79
0.767
0.76
0.767
0.774
0.782
0.794
0.826
0.838
0.842
0.8033957
0.798579
0.7694628
0.8132908
0.801
0.79
0.803
0.786
0.784
0.791
0.7779143
0.8
0.809
0.806
0.789
0.773
0.756
0.755
0.762
0.775
0.824
0.847
0.84
0.835
0.82
0.799
0.776
0.768
0.759
0.751
0.736
0.749
0.791
0.799
0.827
0.839
0.826
0.837
0.849
0.82
0.831
0.827
0.809
0.837
0.836
0.827
0.849
0.858
0.842
0.862
0.858
0.845
0.874
0.889
0.891
0.89
0.872
0.873
0.859
0.895
0.895
0.855
0.876
0.869
0.837
0.823
0.833
0.84
0.827
0.85
0.875
0.856
0.873
0.867
0.834
0.847
0.851
0.847
0.828
0.814
0.814
0.828
0.845
0.852
0.865
0.856
0.829
0.82
0.801
0.793
0.802
0.827
0.845
0.855
0.82
0.835
0.85
0.833
0.81
0.796
0.793
0.786
0.788
0.778
0.781
0.771
0.756
0.742
0.738
0.748
0.767
0.79
0.796
0.786
0.827
0.842
0.825
0.823
0.83
0.812
0.815
0.798
0.789
0.798
0.803
0.778
0.764
0.764
0.739
0.734
0.738
0.744
0.75
0.775
0.81
0.81
0.808
0.813
0.839
0.846
0.813
0.797
0.807
0.811
0.838
0.843
0.817
0.836
0.846
0.823
0.81
0.803
0.817
0.81
0.807
0.789
0.794
0.814
0.837
0.84
0.824
0.874
0.887
0.863
0.849
0.861
0.855
0.902
0.884
0.915
0.903
0.846
0.832
0.818
0.803
0.786
0.778
0.791
0.807
0.791
0.789
0.783
0.796
0.793
0.781
0.796
0.813
0.796
0.794
0.81
0.824
0.807
0.825
0.844
0.856
0.828
0.845
0.861
0.869
0.861
0.834
0.843
0.825
0.813
0.827
0.817
0.812
0.822
0.81
0.833
0.849
0.836
0.836
0.832
0.806
0.805
0.805
0.778
0.766
0.806
0.86
0.84
0.843
0.877
0.852
0.83
0.801
0.78
0.756
0.749
0.744
0.746
0.735
0.739
0.739
0.741
0.733
0.749
0.766
0.829
0.847
0.856
0.867
0.836
0.833
0.838
0.848
0.84
0.833
0.835
0.867
0.849
0.821
0.838
0.834
0.84
0.827
0.813
0.8
0.787
0.776
0.779
0.772
0.769
0.759
0.76
0.758
0.758
0.753
0.796
0.844
0.853
0.867
0.856
0.848
0.848
0.817
0.812
0.816
0.811
0.795
0.78
0.769
0.769
0.769
0.795
0.834
0.829
0.834
0.866
0.897
0.863
0.868
0.879
0.865
0.838
0.853
0.855
0.827
0.852
0.859
0.825
0.845
0.843
0.836
0.852
0.851
0.851
0.833
0.827
0.811
0.779
0.778
0.779
0.784
0.802
0.807
0.819
0.833
0.818
0.791
0.786
0.781
0.782
0.81
0.809
0.811
0.817
0.799
0.791
0.797
0.816
0.83
0.83
0.804
0.796
0.791
0.795
0.789
0.773
0.763
0.753
0.7382935
0.8004301
0.8631216
0.724
0.724
0.74
0.759
0.803
0.859
0.875
0.862
0.867
0.864
0.877
0.857
0.858
0.827
0.816
0.805
0.809
0.78
0.774
0.781
0.784
0.776
0.779
0.777
0.765
0.755
0.765
0.791
0.797
0.794
0.821
0.833
0.85
0.863
0.875
0.883
0.868
0.883
0.899
0.87
0.832
0.838
0.815
0.789
0.79
0.804
0.803
0.846
0.821
0.836
0.87
0.84
0.82
0.832
0.834
0.861
0.883
0.882
0.859
0.89
0.878
0.883
0.844
0.843
0.869
0.861
0.828
0.842
0.878
0.886
0.86
0.844
0.861
0.875
0.843
0.843
0.86
0.871
0.865
0.866
0.876
0.866
0.871
0.861
0.866
0.863
0.874
0.894
0.854
0.865
0.859
0.823
0.822
0.791
0.781
0.788
0.807
0.811
0.849
0.88
0.838
0.822
0.844
0.817
0.8
0.78
0.769
0.774
0.792
0.83
0.85
0.888
0.851
0.842
0.85
0.833
0.829
0.811
0.805
0.791
0.805
0.839
0.874
0.9
0.895
0.889
0.881
0.872
0.871
0.843
0.83
0.815
0.802
0.801
0.793
0.791
0.825
0.82
0.811
0.844
0.873
0.852
0.877
0.865
0.848
0.854
0.865
0.83
0.82
0.858
0.888
0.907
0.921
0.92
0.902
0.918
0.921
0.885
0.885
0.885
0.852
0.864
0.868
0.855
0.848
0.861
0.848
0.825
0.846
0.833
0.819
0.842
0.833
0.828
0.827
0.803
0.792
0.799
0.831
0.7782777
0.908
0.906
0.887
0.87
0.832
0.812
0.785
0.768
0.748
0.768
0.782
0.815
0.83
0.832
0.851
0.857
0.831
0.814
0.834
0.856
0.854
0.838
0.848
0.864
0.855
0.847
0.86
0.874
0.846
0.875
0.884
0.868
0.859
0.879
0.886
0.853
0.882
0.884
0.848
0.831
0.833
0.83
0.818
0.819
0.824
0.833
0.828
0.821
0.812
0.807
0.791
0.798
0.776
0.787
0.804
0.794
0.81
0.83
0.825
0.813
0.829
0.852
0.842
0.818
0.833
0.823
0.809
0.799
0.795
0.782
0.776
0.775
0.756
0.748
0.741
0.738
0.749
0.735
0.733
0.74
0.752
0.749
0.756
0.762
0.777
0.788
0.789
0.799
0.806
0.8
0.804
0.809
0.806
0.799
0.788
0.778
0.773
0.755
0.757
0.758
0.756
0.78
0.783
0.806
0.848
0.844
0.843
0.849
0.854
0.821
0.828
0.819
0.803
0.817
0.817
0.798
0.809
0.812
0.793
0.795
0.809
0.821
0.812
0.812
0.828
0.833
0.813
0.818
0.824
0.806
0.791
0.801
0.831
0.811
0.819
0.833
0.824
0.824
0.835
0.849
0.821
0.802
0.806
0.823
0.826
0.803
0.786
0.805
0.808
0.821
0.81
0.812
0.829
0.851
0.822
0.833
0.841
0.85
0.845
0.823
0.807
0.816
0.834
0.832
0.876
0.876
0.856
0.878
0.862
0.876
0.885
0.851
0.863
0.857
0.831
0.828
0.845
0.829
0.842
0.856
0.834
0.841
0.845
0.823
0.819
0.833
0.827
0.798
0.814
0.835
0.831
0.818
0.841
0.84
0.819
0.838
0.85
0.854
0.843
0.873
0.863
0.832
0.849
0.852
0.845
0.855
0.855
0.841
0.825
0.838
0.833
0.807
0.824
0.826
0.804
0.819
0.821
0.804
0.798
0.807
0.811
0.79
0.8
0.8
0.783
0.775
0.781
0.793
0.813
0.799
0.79
0.77
0.77
0.749
0.739
0.731
0.735
0.824565
0.698
0.703
0.703
0.709
0.706
0.699
0.702
0.688
0.686
0.681
0.687
0.664
0.685
0.728
0.72
0.722
0.721
0.738
0.742
0.735
0.742
0.747
0.737
0.737
0.735
0.732
0.737
0.746
0.746
0.749
0.761
0.758
0.75
0.771
0.811
0.845
0.807
0.81
0.79
0.776
0.75
0.724
0.713
0.7
0.684
0.692
0.709
0.727
0.717
0.73
0.749
0.745
0.733
0.729
0.71
0.71
0.75
0.749
0.726
0.742
0.739
0.731
0.71
0.704
0.687
0.682
0.667
0.659
0.656
0.654
0.662
0.671
0.687
0.699
0.713
0.708
0.721
0.715
0.726
0.742
0.741
0.733
0.749
0.758
0.751
0.77
0.758
0.742
0.748
0.736
0.734
0.735
0.728
0.729
0.721
0.725
0.717
0.715
0.713
0.701
0.692
0.685
0.676
0.67
0.676
0.691
0.711
0.706
0.737
0.753
0.743
0.756
0.77
0.747
0.742
0.722
0.714
0.708
0.718
0.714
0.726
0.737
0.735
0.735
0.735
0.718
0.724
0.734
0.719
0.714
0.711
0.698
0.691
0.698
0.697
0.698
0.693
0.707
0.71
0.704
0.707
0.706
0.699
0.688
0.704
0.696
0.698
0.708
0.712
0.714
0.704
0.71
0.697
0.69
0.673
0.671
0.671
0.679
0.68
0.68
0.698
0.713
0.708
0.709
0.722
0.74
0.745
0.747
0.747
0.746
0.75
0.752
0.748
0.74
0.755
0.747
0.751
0.768
0.805
0.78
0.805
0.809
0.798
0.829
0.819
0.805
0.815
0.821
0.812
0.803
0.79
0.789
0.783
0.772
0.78
0.794
0.804
0.789
0.784
0.78
0.767
0.758
0.757
0.768
0.762
0.782
0.808
0.79
0.797
0.797
0.8
0.809
0.798
0.776
0.791
0.778
0.773
0.791
0.807
0.797
0.821
0.819
0.787
0.782
0.77
0.762
0.756
0.749
0.751
0.75
0.742
0.734
0.721
0.726
0.732
0.773
0.79
0.78
0.823
0.858
0.817
0.828
0.874
0.878
0.835
0.839
0.86
0.88
0.875
0.836
0.847
0.856
0.838
0.845
0.885
0.888
0.851
0.863
0.879
0.834
0.838
0.863
0.86
0.813
0.832
0.858
0.858
0.836
0.849
0.846
0.841
0.819
0.795
0.805
0.809
0.8
0.787
0.787
0.8
0.825
0.831
0.844
0.812
0.81
0.801
0.781
0.765
0.756
0.787
0.824
0.811
0.823
0.834
0.822
0.835
0.821
0.803
0.818
0.813
0.804
0.797
0.782
0.768
0.755
0.752
0.746
0.758
0.754
0.777
0.805
0.819
0.81
0.823
0.863
0.862
0.827
0.814
0.83
0.85
0.858
0.825
0.831
0.844
0.85
0.824
0.86
0.855
0.829
0.863
0.83
0.831
0.856
0.845
0.849
0.892
0.881
0.856
0.858
0.85
0.834
0.814
0.819
0.795
0.813
0.838
0.824
0.85
0.868
0.87
0.848
0.827
0.844
0.849
0.826
0.825
0.833
0.835
0.835
0.805
0.805
0.814
0.827
0.819
0.812
0.784
0.786
0.789
0.818
0.845
0.823
0.84
0.874
0.885
0.889
0.889
0.873
0.83
0.833
0.8
0.798
0.794
0.787
0.772
0.782
0.779
0.814
0.797
0.797
0.821
0.852
0.828
0.84
0.883
0.88
0.871
0.841
0.858
0.869
0.832
0.846
0.841
0.852
0.847
0.841
0.848
0.837
0.825
0.815
0.821
0.813
0.799
0.787
0.774
0.772
0.792
0.828
0.802
0.779
0.776
0.773
0.776
0.779
0.818
0.85
0.872
0.864
0.826
0.833
0.855
0.865
0.866
0.872
0.863
0.845
0.83
0.807
0.779
0.77
0.772
0.806
0.85
0.815
0.858
0.891
0.907
0.864
0.894
0.891
0.881
0.875
0.841
0.836
0.83
0.831
0.823
0.824
0.826
0.865
0.871
0.866
0.833
0.835
0.859
0.886
0.887
0.878
0.838
0.827
0.821
0.834
0.826
0.808
0.816
0.811
0.808
0.812
0.795
0.796
0.797
0.803
0.791
0.801
0.817
0.835
0.813
0.82
0.824
0.844
0.858
0.865
0.859
0.858
0.852
0.831
0.818
0.787
0.766
0.772
0.801
0.86
0.919
0.7228166
0.936
0.923
0.858
0.846
0.837
0.833
0.801
0.795
0.805
0.824
0.841
0.846
0.855
0.818
0.811
0.803
0.821
0.822
0.835
0.838
0.839
0.822
0.792
0.782
0.769
0.758
0.758
0.766
0.766
0.798
0.834
0.873
0.835
0.828
0.833
0.816
0.808
0.796
0.791
0.809
0.853
0.852
0.837
0.828
0.833
0.817
0.797
0.809
0.794
0.773
0.775
0.759
0.748
0.738
0.729
0.74
0.737
0.74
0.748
0.76
0.761
0.754
0.753
0.742
0.75
0.749
0.745
0.745
0.751
0.744
0.726
0.734
0.724
0.727
0.73
0.721
0.72
0.727
0.72
0.708
0.703
0.7
0.706
0.71
0.705
0.704
0.724
0.721
0.721
0.72
0.697
0.724
0.719
0.726
0.732
0.731
0.713
0.721
0.714
0.72
0.716
0.719
0.721
0.708
0.719
0.731
0.734
0.745
0.731
0.74
0.744
0.746
0.773
0.773
0.748
0.764
0.767
0.755
0.735
0.733
0.74
0.733
0.722
0.711
0.711
0.704
0.708
0.712
0.708
0.73
0.76
0.788
0.78
0.773
0.857
0.828
0.842
0.846
0.872
0.871
0.848
0.843
0.858
0.862
0.879
0.885
0.864
0.847
0.872
0.883
0.902
0.862
0.84
0.846
0.86
0.869
0.879
0.855
0.842
0.851
0.861
0.869
0.848
0.855
0.871
0.851
0.842
0.838
0.844
0.854
0.881
0.846
0.838
0.833
0.799
0.801
0.781
0.774
0.75
0.766
0.782
0.802
0.835
0.819
0.825
0.838
0.836
0.827
0.8
0.795
0.802
0.788
0.765
0.775
0.827
0.845
0.845
0.858
0.863
0.872
0.837
0.808
0.783
0.773
0.783
0.797
0.819
0.845
0.826
0.831
0.856
0.863
0.84
0.801
0.795
0.813
0.837
0.842
0.855
0.891
0.892
0.899
0.867
0.871
0.884
0.875
0.85
0.877
0.878
0.856
0.853
0.881
0.903
0.855
0.837
0.858
0.872
0.871
0.821
0.826
0.835
0.84
0.811
0.791
0.779
0.761
0.758
0.778
0.799
0.827
0.84
0.88
0.9
0.878
0.872
0.837
0.804
0.802
0.822
0.866
0.879
0.857
0.86
0.91
0.943
0.941
0.937
0.863
0.826
0.813
0.796
0.807
0.826
0.895
0.9
0.903
0.837
0.851
0.867
0.883
0.87
0.833
0.81
0.804
0.81
0.836
0.87
0.862
0.818
0.823
0.855
0.87
0.885
0.893
0.882
0.833
0.819
0.823
0.833
0.846
0.879
0.894
0.884
0.843
0.867
0.88
0.897
0.911
0.91
0.904
0.883
0.856
0.834
0.805
0.795
0.79
0.809
0.831
0.846
0.833
0.801
0.806
0.799
0.784
0.792
0.796
0.783
0.771
0.746
0.75
0.753
0.784
0.817
0.839
0.847
0.834
0.843
0.862
0.862
0.858
0.852
0.845
0.819
0.825
0.823
0.833
0.813
0.789
0.801
0.842
0.878
0.854
0.866
0.88
0.856
0.839
0.831
0.836
0.837
0.845
0.813
0.821
0.841
0.814
0.811
0.829
0.796
0.817
0.859
0.861
0.846
0.849
0.869
0.843
0.819
0.822
0.825
0.814
0.819
0.807
0.799
0.793
0.781
0.761
0.756
0.759
0.751
0.754
0.775
0.794
0.801
0.8
0.8
0.795
0.789
0.783
0.76
0.765
0.764
0.762
0.757
0.765
0.757
0.779
0.787
0.766
0.777
0.787
0.808
0.816
0.815
0.798
0.794
0.797
0.816
0.831
0.851
0.838
0.815
0.835
0.843
0.863
0.856
0.849
0.858
0.857
0.824
0.825
0.81
0.806
0.779
0.77
0.774
0.832
0.87
0.892
0.904
0.87
0.834
0.8370154
0.8648468
0.8543763
0.8450054
0.82
0.831
0.87
0.859
0.854
0.782
0.947
0.874
0.855
0.848
0.808
0.811
0.8098424
0.808
0.845
0.828
0.841
0.858
0.867
0.874
0.88
0.849
0.813
0.81
0.824
0.871
0.892
0.855
0.863
0.911
0.91
0.886
0.898
0.856
0.871
0.873
0.895
0.872
0.842
0.863
0.888
0.902
0.907
0.843
0.861
0.892
0.881
0.887
0.855
0.885
0.899
0.842
0.858
0.867
0.849
0.823
0.805
0.79
0.784
0.801
0.816
0.812
0.824
0.807
0.794
0.785
0.816
0.834
0.862
0.885
0.915
0.901
0.91
0.893
0.839
0.815
0.805
0.81
0.819
0.829
0.798
0.782
0.76
0.732
0.722
0.732
0.763
0.803
0.847
0.898
0.908
0.909
0.884
0.833
0.802
0.791
0.786
0.819
0.831
0.843
0.823
0.82
0.808
0.831
0.848
0.853
0.844
0.87
0.877
0.861
0.87
0.895
0.91
0.874
0.845
0.855
0.821
0.791
0.776
0.77
0.753
0.745
0.755
0.755
0.739
0.748
0.739
0.737
0.74
0.754
0.744
0.738
0.738
0.727
0.719
0.713
0.717
0.716
0.718
0.722
0.732
0.734
0.73
0.756
0.761
0.75
0.75
0.743
0.732
0.738
0.741
0.732
0.728
0.737
0.746
0.746
0.733
0.727
0.712
0.8074075
0.7990196
0.8541862
0.717
0.715
0.734
0.777
0.781
0.791
0.824
0.802
0.805
0.822
0.818
0.827
0.823
0.8
0.794
0.802
0.805
0.839
0.831
0.831
0.855
0.875
0.837
0.833
0.857
0.816
0.795
0.78
0.758
0.776
0.815
0.821
0.877
0.84
0.8
0.826
0.813
0.792
0.791
0.827
0.854
0.834
0.871
0.899
0.895
0.903
0.959
0.91
0.916
0.958
0.919
0.91
0.965
0.899
0.857
0.879
0.92
0.891
0.908
0.916
0.876
0.882
0.903
0.882
0.85
0.847
0.826
0.843
0.897
0.926
0.906
0.966
0.956
0.945
0.8050419
0.992
0.958
0.965
0.923
0.927
0.965
0.931
0.953
0.994
0.92
0.957
0.95
0.904
0.955
0.995
0.946
0.957
0.953
0.897
0.916
0.952
0.904
0.922
0.96
0.944
0.94
0.975
0.906
0.903
0.936
0.965
0.91
0.914
0.966
0.926
0.937
0.923
0.982
0.962
0.918
0.95
0.967
0.908
0.926
0.959
0.893
0.911
0.946
0.917
0.918
0.949
0.942
0.938
0.942
0.959
0.966
0.96
0.957
0.868
0.876
0.895
0.909
0.926
0.959
0.977
0.98
0.902
0.945
0.98
0.936
0.933
0.884
0.84
0.816
0.809
0.841
0.888
0.83
0.852
0.899
0.927
0.935
0.958
0.936
0.951
0.947
0.967
0.93
0.912
0.954
0.958
0.929
0.969
0.947
0.901
0.933
0.924
0.874
0.925
0.8294545
0.8407965
0.9422163
0.8217227
0.972
0.8646097
0.8570284
0.8068395
0.8498611
0.981
0.932
0.975
0.972
0.928
0.9231765
0.8752456
0.958
0.986
0.958
0.922
0.965
0.917
0.916
0.872
0.927
0.925
0.873
0.868
0.908
0.888
0.834
0.83
0.898
0.921
0.92
0.909
0.878
0.875
0.875
0.833
0.823
0.836
0.827
0.84
0.839
0.827
0.823
0.822
0.816
0.825
0.843
0.874
0.869
0.865
0.842
0.857
0.866
0.898
0.922
0.935
0.918
0.885
0.86
0.828
0.811
0.837
0.896
0.897
0.907
0.952
0.953
0.922
0.883
0.876
0.89
0.925
0.946
0.877
0.856
0.876
0.898
0.919
0.891
0.916
0.943
0.891
0.888
0.915
0.928
0.988
0.923
0.928
0.932
0.9
0.862
0.864
0.888
0.947
0.97
0.925
0.961
0.967
0.924
0.911
0.954
1
0.8572026
0.8348316
0.7561093
0.9099025
0.784766
0.951
0.895
0.857
0.908
0.974
0.935
0.978
0.8911919
0.952
0.993
0.947709
0.954
0.918
0.955
0.955
0.906
0.908
0.835
0.84
0.808
0.785
0.751
0.771
0.744
0.731
0.786115
0.8897425
0.8432156
0.7799833
0.722
0.728
0.726
0.74
0.744
0.75
0.747
0.74
0.736
0.73
0.728
0.717
0.725
0.73
0.749
0.755
0.773
0.783
0.785
0.786
0.805
0.773
0.767
0.763
0.774
0.734
0.75
0.73
0.724
0.72
0.7833554
0.713
0.728
0.74
0.752
0.769
0.785
0.787
0.779
0.758
0.75
0.738
0.747
0.792
0.85
0.902
0.955
0.961
0.959
0.913
0.908
0.924
0.915
0.895
0.913
0.859
0.83
0.804
0.769
0.776
0.755
0.739
0.755
0.75
0.747
0.731
0.715
0.7797336
0.8314431
0.714
0.7865202
0.8903323
0.9585339
0.7949926
0.718
0.732
0.74
0.767
0.759
0.78
0.791
0.786
0.798
0.785
0.765
0.749
0.738
0.743
0.741
0.748
0.775
0.809
0.814
0.81
0.809
0.834
0.833
0.802
0.804
0.824
0.851
0.835
0.803
0.803
0.806
0.82
0.822
0.832
0.843
0.839
0.841
0.838
0.835
0.828
0.832
0.811
0.791
0.753
0.744
0.756
0.784
0.788
0.801
0.818
0.838
0.844
0.844
0.833
0.801
0.791
0.791
0.805
0.821
0.842
0.843
0.87
0.871
0.869
0.872
0.84
0.822
0.826
0.844
0.872
0.871
0.868
0.845
0.839
0.808
0.782
0.77
0.765
0.774
0.883
0.8953253
0.934
0.925
0.925
0.936
0.938
0.937
0.926
0.927
0.918
0.875
0.835
0.812
0.794
0.75
0.738
0.733
0.792
0.89
0.883
0.872
0.873
0.883
0.897
0.901
0.889
0.843
0.819
0.814
0.803
0.79
0.776
0.764
0.761
0.756
0.805
0.846
0.849
0.85
0.854
0.856
0.848
0.829
0.816
0.8
0.779
0.769
0.767
0.771
0.794
0.765
0.759
0.746
0.754
0.762
0.765
0.775
0.781
0.775
0.773
0.757
0.796
0.875
0.878
0.862
0.881
0.862
0.859
0.856
0.87
0.896
0.91
0.923
0.93
0.932
0.928
0.934
0.914
0.909
0.916
0.913
0.876
0.871
0.87
0.87
0.869
0.863
0.86
0.852
0.849
0.829
0.811
0.789
0.762
0.756
0.758
0.807
0.888
0.904
0.885
0.903
0.901
0.915
0.898
0.9
0.906
0.92
0.919
0.92
0.909
0.924
0.915
0.915
0.92
0.929
0.939
0.915
0.916
0.91
0.899
0.884
0.863
0.86
0.865
0.842
0.847
0.842
0.816
0.797
0.794
0.792
0.77
0.778
0.787
0.77
0.767
0.756
0.753
0.762
0.81
0.846
0.849
0.878
0.891
0.919
0.924
0.95
0.949
0.96
0.963
0.943
0.921
0.916
0.919
0.947
0.962
0.933
0.888
0.876
0.867
0.874
0.865
0.86
0.849
0.848
0.832
0.839
0.834
0.828
0.829
0.827
0.826
0.824
0.804
0.777
0.769
0.763
0.759
0.746
0.755
0.772
0.781
0.777
0.791
0.809
0.821
0.809
0.802
0.801
0.786
0.773
0.775
0.758
0.758
0.788
0.809
0.857
0.86
0.891
0.899
0.916
0.922
0.925
0.911
0.889
0.875
0.874
0.868
0.847
0.835
0.829
0.842
0.836
0.823
0.82
0.859
0.884
0.896
0.894
0.887
0.913
0.899
0.911
0.888
0.85
0.819
0.833
0.85
0.852
0.886
0.867
0.902
0.917
0.927
0.896
0.916
0.905
0.897
0.916
0.895
0.86
0.86
0.871
0.869
0.846
0.83
0.849
0.893
0.872
0.846
0.819
0.811
0.82
0.837
0.886
0.91
0.899
0.867
0.848
0.818
0.807
0.833
0.871
0.886
0.889
0.886
0.891
0.894
0.865
0.847
0.818
0.813
0.77
0.766
0.788
0.809
0.835
0.821
0.833
0.823
0.803
0.796
0.787
0.779
0.782
0.796
0.815
0.795
0.792
0.798
0.793
0.796
0.793
0.8
0.817
0.829
0.839
0.836
0.807
0.804
0.814
0.851
0.857
0.86
0.832
0.846
0.869
0.864
0.834
0.82
0.818
0.826
0.842
0.86
0.867
0.865
0.849
0.849
0.858
0.835
0.84
0.869
0.881
0.862
0.876
0.872
0.848
0.826
0.827
0.833
0.846
0.833
0.822
0.824
0.819
0.819
0.818
0.826
0.805
0.81
0.83
0.841
0.825
0.84
0.854
0.849
0.84
0.858
0.845
0.841
0.814
0.796
0.78
0.755
0.759
0.758
0.774
0.791
0.791
0.778
0.792
0.789
0.781
0.783
0.758
0.755
0.743
0.735
0.732
0.733
0.719
0.726
0.71
0.722
0.74
0.758
0.762
0.766
0.784
0.807
0.839
0.802
0.797
0.784
0.761
0.749
0.753
0.784
0.806
0.798
0.831
0.849
0.837
0.845
0.875
0.839
0.816
0.833
0.822
0.852
0.859
0.856
0.87
0.894
0.909
0.839
0.834
0.84
0.866
0.835
0.854
0.886
0.871
0.872
0.866
0.844
0.817
0.814
0.815
0.84
0.868
0.878
0.875
0.875
0.887
0.889
0.833
0.812
0.802
0.831
0.868
0.896
0.913
0.913
0.913
0.881
0.886
0.907
0.914
0.902
0.918
0.898
0.892
0.881
0.823
0.832
0.858
0.875
0.894
0.862
0.868
0.89
0.912
0.855
0.857
0.882
0.886
0.879
0.895
0.909
0.925
0.926
0.891
0.865
0.884
0.9
0.871
0.874
0.89
0.881
0.84
0.839
0.847
0.883
0.912
0.942
0.906
0.857
0.829
0.852
0.867
0.831
0.833
0.848
0.878
0.867
0.844
0.835
0.86
0.872
0.882
0.88
0.886
0.853
0.872
0.893
0.871
0.847
0.835
0.824
0.832
0.845
0.862
0.875
0.871
0.867
0.86
0.833
0.827
0.846
0.879
0.902
0.853
0.835
0.8763871
0.8552807
0.7905353
0.8334441
0.8256578
0.956
0.884
0.8663334
0.895
0.857
0.886
0.897
0.933
0.93
0.957
0.8210053
0.97
0.97
0.956
0.916
0.884
0.892
0.882
0.845
0.857
0.883
0.876
0.858
0.822
0.807
0.806
0.807
0.835
0.854
0.867
0.907
0.928
0.94
0.937
0.893
0.889
0.873
0.891
0.901
0.913
0.9
0.892
0.918
0.916
0.918
0.916
0.908
0.875
0.871
0.833
0.828
0.839
0.849
0.844
0.857
0.85
0.883
0.875
0.884
0.875
0.867
0.85
0.842
0.861
0.885
0.893
0.91
0.905
0.893
0.911
0.934
0.913
0.93
0.905
0.916
0.909
0.867
0.869
0.872
0.855
0.876
0.894
0.902
0.885
0.9
0.91
0.89
0.872
0.837
0.84
0.837
0.824
0.834
0.855
0.828
0.825
0.804
0.808
0.816
0.818
0.814
0.827
0.835
0.864
0.886
0.822
0.809
0.812
0.866
0.882
0.899
0.905
0.915
0.921
0.918
0.862
0.875
0.892
0.918
0.909
0.865
0.882
0.898
0.867
0.885
0.916
0.914
0.875
0.895
0.908
0.9
0.909
0.895
0.842
0.843
0.862
0.892
0.881
0.875
0.891
0.908
0.9
0.865
0.838
0.823
0.853
0.828
0.811
0.8
0.783
0.762
0.743
0.743
0.75
0.74
0.738
0.727
0.717
0.731
0.743
0.757
0.776
0.781
0.805
0.833
0.817
0.85
0.871
0.847
0.852
0.874
0.859
0.854
0.828
0.816
0.798
0.785
0.778
0.775
0.781
0.778
0.768
0.769
0.764
0.751
0.757
0.746
0.737
0.742
0.725
0.72
0.707
0.698
0.708
0.719
0.727
0.726
0.722
0.73
0.718
0.708
0.712
0.698
0.693
0.693
0.8839878
0.8186971
0.8875865
0.7860636
0.7758456
0.9931612
0.8165025
0.8509991
0.8673035
0.8131723
0.8614557
0.8542795
0.8260283
0.8395451
0.8347108
0.9390941
0.8004844
0.7833207
0.8380281
0.8511558
0.8572016
0.8139497
0.7846966
0.8969933
0.8190722
0.7941194
0.8244585
0.8263017
0.889371
0.8398222
0.872094
0.8115266
0.8459419
0.8198599
0.840055
0.7922032
0.7720918
0.9317719
0.8642867
0.7748075
0.8056615
0.7778747
0.9412341
0.8983764
0.8221441
0.8611177
0.8148226
0.8117734
0.7966302
0.8059355
0.9143016
0.8319132
0.840216
0.84616
0.8938395
0.8093422
0.7862691
0.915039
0.8127543
0.7990723
0.7742206
0.7718098
0.8060564
0.8635385
0.8872145
0.8677156
0.8159128
0.8362802
0.7992934
0.798603
0.8758689
0.7840286
0.9273962
0.8285331
0.8431643
0.7970531
0.8048862
0.7689332
0.8235986
0.8525653
0.8478947
0.7943971
0.7939529
0.8076797
0.9040636
0.7768012
0.8229638
0.9233585
0.8265135
0.765615
0.7990638
0.8544892
0.689
0.686
0.693
0.703
0.71
0.695
0.8120675
0.785
0.7
0.691
0.8025622
0.8129559
0.8338002
0.9064835
0.8248863
0.8812153
0.694
0.7
0.709
0.745
0.774
0.774
0.757
0.785
0.833
0.833
0.8
0.795
0.846
0.885
0.854
0.824
0.853
0.876
0.841
0.823
0.885
0.916
0.861
0.859
0.919
0.923
0.866
0.89
0.899
0.829
0.827
0.855
0.859
0.82
0.85
0.878
0.865
0.847
0.884
0.916
0.907
0.8529356
0.8168198
0.92
0.7479439
0.7966262
0.934
0.7977874
0.962
0.911
0.949
0.934
0.905
0.958
0.913
0.93
0.948
0.91
0.934
0.928
0.885
0.931
0.963
0.902
0.926
0.959
0.893
0.901
0.922
0.871
0.919
0.941
0.886
0.881
0.915
0.907
0.862
0.897
0.92
0.883
0.914
0.934
0.883
0.881
0.943
0.934
0.906
0.952
0.8163725
0.924
0.922
0.945
0.904
0.905
0.919
0.912
0.926
0.8752668
0.937
0.92
0.947
0.917
0.899
0.944
0.9219727
0.891
0.905
0.93
0.895
0.864
0.912
0.913
0.869
0.896
0.918
0.876
0.885
0.925
0.906
0.876
0.92
0.915
0.875
0.92
0.92
0.88
0.931
0.8820776
0.916
0.927
0.941
0.9
0.866
0.888
0.842
0.862
0.855
0.817
0.808
0.8
0.785
0.812
0.822
0.872
0.814
0.819
0.827
0.942
0.7977003
0.7191703
0.932
0.868
0.835
0.873
0.904
0.884
0.939
0.7841105
0.8070581
0.945
0.8432913
0.8488366
0.921
0.94
0.8350226
0.7344828
0.8427592
0.7800488
0.809932
0.8049725
0.8219299
0.926
0.917
0.94
0.898
0.88
0.911
0.906
0.869
0.875
0.903
0.931
0.89
0.903
0.928
0.92
0.933
0.8006738
0.7188755
0.897
0.923
0.936
0.898
0.9
0.8344476
0.929
0.893
0.941
0.8172211
0.911
0.925
0.7855449
0.924
0.887
0.8038846
0.8045916
0.913
0.929
0.8086218
0.931
0.941
0.936
0.896
0.915
0.8768932
0.7870436
0.882
0.875
0.847
0.833
0.793
0.788
0.81
0.832
0.826
0.806
0.81
0.847
0.878
0.854
0.873
0.897
0.903
0.865
0.885
0.922
0.892
0.871
0.916
0.8047345
0.8529948
0.915
0.8473975
0.939
0.881
0.835
0.859
0.899
0.928
0.891
0.921
0.8514244
0.924
0.929
0.7681169
0.94
0.888
0.89
0.914
0.8924898
0.7989771
0.92
0.889
0.904
0.901
0.863
0.852
0.874
0.901
0.859
0.883
0.886
0.88
0.873
0.889
0.891
0.866
0.869
0.89
0.854
0.829
0.817
0.806
0.783
0.772
0.759
0.768
0.801
0.849
0.855
0.832
0.878
0.901
0.878
0.88
0.896
0.894
0.862
0.893
0.916
0.887
0.889
0.8842628
0.937
0.877
0.92
0.7287417
0.915
0.7949124
0.8542169
0.926
0.904
0.901
0.861
0.842
0.884
0.875
0.869
0.904
0.7589711
0.7571281
0.896
0.908
0.931
0.7480162
0.894
0.902
0.919
0.934
0.896
0.935
0.742277
0.7719571
0.8090246
0.6957412
0.91
0.803171
0.8526176
0.921
0.917
0.8911942
0.896
0.852
0.88
0.869
0.839
0.857
0.829
0.782
0.789
0.771
0.784
0.774
0.773
0.781
0.767
0.773
0.759
0.754
0.734
0.72
0.715
0.706
0.703
0.712
0.731
0.764
0.788
0.783
0.763
0.751
0.742
0.729
0.713
0.73
0.75
0.768
0.807
0.796
0.829
0.854
0.839
0.806
0.813
0.799
0.761
0.752
0.74
0.739
0.768
0.765
0.753
0.756
0.758
0.753
0.758
0.765
0.747
0.744
0.746
0.736
0.734
0.739
0.732
0.721
0.719
0.727
0.718
0.709
0.705
0.706
0.708
0.705
0.708
0.698
0.701
0.695
0.692
0.693
0.687
0.683
0.685
0.683
0.685
0.683
0.687
0.698
0.687
0.693
0.692
0.693
0.691
0.691
0.679
0.671
0.675
0.67
0.661
0.662
0.651
0.649
0.654
0.661
0.662
0.666
0.667
0.665
0.656
0.656
0.66
0.663
0.666
0.661
0.665
0.668
0.671
0.673
0.678
0.684
0.67
0.667
0.664
0.668
0.664
0.662
0.662
0.658
0.65
0.8533706
0.8270835
0.7071643
0.761498
0.7735443
0.8245149
0.7854427
0.7297705
0.8718827
0.8345564
0.8020145
0.8493693
0.725908
0.8224629
0.7653063
0.8235733
0.7876226
0.8211249
0.8550509
0.7909177
0.8397022
0.733185
0.755729
0.8639329
0.8088007
0.6914862
0.7247191
0.7808916
0.8323951
0.7856732
0.8207359
0.8369065
0.8712923
0.7933115
0.7881004
0.7059566
0.7954143
0.7630096
0.7435949
0.7819437
0.8396431
0.6944169
0.7700125
0.796281
0.7475241
0.8067819
0.8105305
0.7890741
0.6716051
0.9148467
0.7807725
0.8221352
0.8039165
0.8401811
0.8301912
0.7805854
0.8089823
0.7450779
0.8321128
0.7684798
0.907446
0.7110323
0.7683584
0.8306247
0.8154099
0.762321
0.7426616
0.7977766
0.7901175
0.891
0.7043783
0.909
0.7925098
0.8000356
0.7992958
0.7399247
0.8138676
0.8574523
0.8129254
0.7360713
0.7698787
0.8076364
0.7596906
0.6867592
0.8336518
0.7509123
0.7632802
0.8636041
0.7536162
0.8318452
0.7301451
0.7739107
0.7874899
0.7346233
0.7604153
0.7896843
0.8234745
0.7114022
0.7742252
0.8276503
0.7651217
0.8021269
0.8149327
0.8041108
0.8227348
0.7852797
0.7712435
0.6636041
0.7867586
0.8120375
0.8171274
0.764477
0.87723
0.8051494
0.7974334
0.8527825
0.7566724
0.7696349
0.9071604
0.7919492
0.8703071
0.7219838
0.7822612
0.8097499
0.8059818
0.7429524
0.7924581
0.7395206
0.8259769
0.8439606
0.6841618
0.8512839
0.7317092
0.8136125
0.8235363
0.7820388
0.7605595
0.65
0.648
0.65
0.66
0.677
0.678
0.67
0.682
0.668
0.663
0.66
0.675
0.682
0.672
0.668
0.681
0.717
0.733
0.734
0.712
0.717
0.74
0.753
0.742
0.763
0.785
0.775
0.765
0.797
0.797
0.77
0.787
0.808
0.78
0.759
0.802
0.798
0.76
0.759
0.796
0.793
0.764
0.772
0.799
0.789
0.756
0.764
0.795
0.785
0.765
0.773
0.801
0.778
0.755
0.735
0.772
0.89
0.852
0.838
0.792
0.782
0.804
0.797
0.777
0.814
0.851
0.828
0.826
0.855
0.826
0.789
0.817
0.832
0.804
0.788
0.833
0.852
0.812
0.834
0.86
0.825
0.807
0.847
0.842
0.809
0.838
0.866
0.831
0.832
0.854
0.825
0.822
0.855
0.817
0.801
0.827
0.811
0.775
0.766
0.765
0.8027168
0.8159653
0.8374703
0.891
0.846
0.858
0.828
0.801
0.8
0.861
0.903
0.859
0.879
0.881
0.837
0.83
0.842
0.84
0.817
0.816
0.832
0.814
0.798
0.827
0.85
0.816
0.816
0.843
0.838
0.816
0.844
0.872
0.867
0.835
0.885
0.89
0.849
0.825
0.843
0.841
0.804
0.841
0.834
0.804
0.837
0.872
0.857
0.846
0.872
0.848
0.833
0.88
0.895
0.856
0.857
0.874
0.856
0.862
0.892
0.877
0.849
0.851
0.886
0.862
0.83
0.85
0.854
0.838
0.856
0.89
0.85
0.858
0.875
0.847
0.863
0.886
0.855
0.868
0.889
0.862
0.851
0.891
0.873
0.834
0.847
0.85
0.837
0.825
0.857
0.871
0.837
0.854
0.877
0.854
0.852
0.846
0.856
0.833
0.854
0.805
0.786
0.774
0.771
0.754
0.744
0.747
0.768
0.862
0.923
0.889
0.863
0.89
0.891
0.854
0.881
0.917
0.89
0.902
0.919
0.888
0.883
0.918
0.927
0.902
0.941
0.94
0.894
0.91
0.917
0.898
0.866
0.888
0.91
0.884
0.867
0.884
0.887
0.861
0.875
0.891
0.864
0.894
0.947
0.939
0.946
0.948
0.894
0.924
0.941
0.894
0.906
0.936
0.875
0.889
0.905
0.863
0.874
0.892
0.876
0.89
0.897
0.879
0.836
0.861
0.88
0.859
0.876
0.911
0.876
0.869
0.911
0.896
0.849
0.866
0.865
0.811
0.795
0.824
0.929
0.937
0.898
0.862
0.891
0.92
0.914
0.893
0.914
0.917
0.896
0.898
0.91
0.915
0.873
0.881
0.904
0.896
0.889
0.899
0.852
0.828
0.851
0.872
0.859
0.847
0.872
0.887
0.853
0.856
0.877
0.877
0.846
0.826
0.812
0.902
0.7117016
0.7318899
0.8800773
0.927
0.885
0.915
0.928
0.921
0.884
0.915
0.926
0.927
0.907
0.92
0.926
0.879
0.901
0.925
0.882
0.898
0.902
0.89
0.877
0.881
0.858
0.863
0.88
0.867
0.835
0.857
0.874
0.845
0.857
0.875
0.854
0.887
0.891
0.852
0.861
0.866
0.859
0.816
0.794
0.761
0.732
0.738
0.72
0.721
0.732
0.731
0.732
0.729
0.718
0.711
0.707
0.701
0.678
0.673
0.8676194
0.838213
0.851841
0.8617079
0.6890477
0.8712591
