0.717
0.726
0.699
0.692
0.679
0.695
0.692
0.683
0.654
0.658
0.671
0.68
0.699
0.739
0.739
0.738
0.733
0.721
0.707
0.726
0.755
0.738
0.771
0.75
0.747
0.741
0.7792041
0.772
0.748
0.759
0.734
0.735
0.713
0.73
0.734
0.757
0.742
0.741
0.75
0.737
0.736
0.777
0.766
0.77
0.77
0.764
0.735
0.746
0.734
0.738
0.75
0.745
0.7883243
0.801
0.683
0.687
0.696
0.692
0.709
0.71
0.703
0.694
0.69
0.693
0.725
0.734
0.751
0.8835629
0.779
0.691
0.693
0.707
0.725
0.752
0.771
0.753
0.747
0.73
0.735
0.739
0.757
0.736
0.735
0.731
0.714
0.712
0.72
0.723
0.725
0.717
0.713
0.698
0.678
0.679
0.703
0.712
0.712
0.701
0.678
0.662
0.646
0.636
0.645
0.656
0.653
0.678
0.7
0.741
0.73
0.75
0.744
0.748
0.752
0.752
0.76
0.767
0.763
0.767
0.767
0.762
0.753
0.737
0.771
0.757
0.7804196
0.802
0.744
0.717
0.708
0.715
0.753
0.759
0.767
0.745
0.755
0.719
0.708
0.705
0.715
0.745
0.738
0.766
0.7778449
0.79
0.7
0.672
0.662
0.669
0.701
0.7
0.747
0.734
0.754
0.722
0.713
0.702
0.693
0.701
0.753
0.77
0.782
0.775
0.8606236
0.799
0.706
0.694
0.695
0.71
0.754
0.765
0.754
0.761
0.755
0.742
0.73
0.719
0.761
0.769
0.779
0.787
0.786
0.7842112
0.833
0.731
0.695
0.712
0.732
0.709
0.722
0.74
0.744
0.729
0.751
0.737
0.727
0.732
0.757
0.756
0.76
0.761
0.759
0.764
0.751
0.74
0.723
0.713
0.731
0.7
0.722
0.726
0.723
0.724
0.692
0.685
0.668
0.661
0.657
0.647
0.647
0.665
0.689
0.706
0.742
0.745
0.75
0.6740995
0.802
0.745
0.727
0.717
0.734
0.747
0.762
0.75
0.743
0.74
0.747
0.755
0.752
0.751
0.74
0.733
0.746
0.7015031
0.762
0.738
0.724
0.735
0.716
0.725
0.751
0.765
0.77
0.767
0.767
0.759
0.744
0.727
0.736
0.755
0.737
0.749
0.782
0.775
0.777
0.768
0.725
0.698
0.691
0.695
0.732
0.774
0.797
0.791
0.8
0.808
0.791
0.768
0.744
0.713
0.757
0.77
0.777
0.775
0.784
0.773
0.767
0.7032012
0.789
0.749
0.756
0.75
0.747
0.728
0.729
0.75
0.763
0.773
0.77
0.759
0.732
0.712
0.701
0.675
0.663
0.658
0.7922303
0.664
0.666
0.692
0.707
0.714
0.731
0.725
0.712
0.709
0.703
0.719
0.747
0.736
0.759
0.773
0.761
0.749
0.758
0.755
0.77
0.746
0.754
0.762
0.75
0.741
0.736
0.746
0.762
0.756
0.77
0.768
0.751
0.767
0.774
0.772
0.769
0.77
0.758
0.758
0.765
0.7337364
0.78
0.721
0.707
0.694
0.688
0.696
0.719
0.745
0.725
0.722
0.72
0.711
0.729
0.746
0.735
0.722
0.706
0.717
0.728
0.753
0.744
0.727
0.721
0.721
0.736
0.757
0.765
0.769
0.742
0.715
0.707
0.708
0.741
0.768
0.792
0.783
0.776
0.768
0.747
0.749
0.759
0.763
0.775
0.764
0.75
0.719
0.72
0.734
0.754
0.754
0.756
0.744
0.749
0.754
0.763
0.769
0.776
0.7232653
0.809
0.72
0.728
0.748
0.75
0.75
0.734
0.742
0.73
0.761
0.7046896
0.787
0.773
0.757
0.745
0.733
0.763
0.762
0.767
0.757
0.751
0.74
0.71
0.73
0.746
0.712
0.709
0.706
0.708
0.694
0.6632184
0.678
0.681
0.698
0.715
0.715
0.716
0.737
0.76
0.773
0.775
0.7927989
0.8
0.741
0.741
0.752
0.746
0.748
0.722
0.739
0.75
0.737
0.699
0.695
0.712
0.703
0.693
0.687
0.685
0.681
0.698
0.699
0.704
0.703
0.696
0.691
0.706
0.716
0.711
0.701
0.699
0.7
0.721
0.731
0.721
0.725
0.711
0.703
0.733
0.798
0.795
0.828
0.815
0.831
0.818
0.802
0.776
0.722
0.741
0.768
0.711376
0.791
0.733
0.704
0.728
0.741
0.74
0.743
0.756
0.766
0.767
0.766
0.758
0.761
0.762
0.758
0.733
0.723
0.75
0.775
0.796
0.793
0.781
0.789
0.794
0.788
0.789
0.784
0.771
0.753
0.792
0.5676024
0.7174373
0.6512624
0.806
0.812
0.803
0.793
0.787
0.788
0.782
0.779
0.757
0.737
0.748
0.764
0.771
0.777
0.753
0.747
0.727
0.71
0.735
0.754
0.705
0.778
0.758
0.745
0.731
0.708
0.726
0.716
0.724
0.703
0.678
0.688
0.709
0.694
0.718
0.75
0.75
0.746
0.752
0.769
0.791
0.803
0.814
0.807
0.792
0.793
0.793
0.6104465
0.837
0.743
0.724
0.731
0.764
0.789
0.796
0.804
0.801
0.787
0.777
0.782
0.785
0.788
0.791
0.781
0.766
0.779
0.775
0.782
0.771
0.743
0.737
0.732
0.752
0.765
0.751
0.72
0.682
0.674
0.664
0.662
0.658
0.666
0.672
0.666
0.663
0.668
0.662
0.645
0.637
0.635
0.624
0.663
0.653
0.663
0.656
0.653
0.652
0.657
0.672
0.681
0.683
0.684
0.698
0.703
0.699
0.686
0.688
0.688
0.683
0.662
0.65
0.655
0.64
0.633
0.627
0.631
0.623
0.613
0.616
0.611
0.612
0.609
0.605
0.602
0.606
0.603
0.605
0.61
0.599
0.593
0.599
0.596
0.59
0.595
0.589
0.587
0.585
0.589
0.592
0.595
0.588
0.588
0.588
0.593
0.589
0.595
0.596
0.588
0.591
0.589
0.584
0.582
0.587
0.584
0.577
0.586
0.59
0.588
0.596
0.589
0.578
0.585
0.583
0.583
0.578
0.577
0.57
0.571
0.574
0.573
0.577
0.582
0.579
0.583
0.576
0.573
0.579
0.577
0.574
0.573
0.569
0.563
0.563
0.562
0.559
0.56
0.562
0.556
0.557
0.558
0.56
0.552
0.552
0.552
0.552
0.549
0.549
0.543
0.544
0.547
0.545
0.539
0.541
0.539
0.538
0.537
0.535
0.531
0.531
0.529
0.529
0.53
0.528
0.526
0.527
0.525
0.527
0.526
0.526
0.522
0.525
0.522
0.523
0.524
0.524
0.517
0.518
0.515
0.514
0.514
0.515
0.517
0.516
0.515
0.513
0.513
0.51
0.514
0.514
0.512
0.511
0.511
0.511
0.515
0.515
0.514
0.515
0.513
0.511
0.514
0.516
0.514
0.513
0.511
0.51
0.509
0.511
0.511
0.508
0.508
0.504
0.503
0.506
0.504
0.501
0.499
0.497
0.499
0.496
0.493
0.491
0.487
0.486
0.491
0.489
0.485
0.483
0.6363589
0.48
0.48
0.5907582
0.6074055
0.6131875
0.5534433
0.6953173
0.6567826
0.5841161
0.7185399
0.6719697
0.6313488
0.6982087
0.6971988
0.693965
0.6864367
0.6788085
0.6441319
0.6303575
0.6261152
0.6083954
0.6357106
0.5762048
0.7692371
0.7151563
0.5840479
0.6244883
0.6208518
0.6908879
0.6422995
0.6611786
0.6452821
0.6444276
0.7237341
0.6340476
0.7319512
0.5595721
0.6794662
0.6535149
0.658646
0.6678035
0.6181728
0.6276357
0.5890587
0.5860227
0.6633015
0.6713924
0.6491304
0.6979593
0.7613248
0.6184176
0.5161578
0.7024862
0.6060292
0.6071807
0.7034812
0.6297724
0.5771133
0.6558988
0.637859
0.6459542
0.667254
0.6247171
0.478
0.478
0.479
0.481
0.488
0.485
0.486
0.489
0.487
0.49
0.49
0.488
0.498
0.5
0.511
0.505
0.509
0.506
0.513
0.521
0.519
0.511
0.507
0.502
0.51
0.524
0.554
0.585
0.585
0.592
0.59
0.584
0.583
0.585
0.598
0.597
0.587
0.58
0.587
0.599
0.62
0.603
0.587
0.583
0.587
0.605
0.617
0.609
0.599
0.591
0.615
0.638
0.635
0.614
0.61
0.613
0.616
0.617
0.597
0.578
0.581
0.579
0.575
0.569
0.565
0.574
0.576
0.576
0.581
0.598
0.597
0.603
0.614
0.609
0.6
0.589
0.609
0.606
0.604
0.602
0.594
0.597
0.598
0.589
0.575
0.577
0.593
0.612
0.624
0.625
0.618
0.647
0.693
0.737
0.709
0.67
0.687
0.718
0.737
0.735
0.678
0.646
0.651
0.668
0.659
0.663
0.666
0.66
0.686
0.7
0.691
0.665
0.646
0.661
0.6802344
0.734
0.676
0.655
0.651
0.665
0.644
0.636
0.63
0.621
0.593
0.588
0.595
0.61
0.635
0.648
0.653
0.638
0.619
0.623
0.611
0.604
0.598
0.593
0.593
0.596
0.596
0.588
0.599
0.625
0.649
0.668
0.666
0.668
0.643
0.644
0.633
0.645
0.669
0.651
0.651
0.628
0.616
0.61
0.601
0.601
0.625
0.653
0.668
0.646
0.639
0.652
0.704
0.753
0.767
0.713
0.692
0.67
0.691
0.717
0.739
0.726
0.715
0.6329254
0.762
0.704
0.687
0.672
0.68
0.68
0.692
0.666
0.651
0.658
0.685
0.72
0.73
0.751
0.6645042
0.802
0.71
0.699
0.675
0.65
0.645
0.666
0.699
0.731
0.74
0.714
0.696
0.711
0.735
0.768
0.759
0.738
0.692
0.656
0.659
0.668
0.66
0.631
0.614
0.601
0.592
0.586
0.599
0.616
0.614
0.624
0.611
0.636
0.688
0.713
0.732
0.742
0.796
0.7092725
0.802
0.794
0.766
0.728
0.703
0.708
0.748
0.792
0.6725548
0.6298203
0.753
0.731
0.743
0.766
0.786
0.744
0.72
0.695
0.702
0.73
0.761
0.781
0.763
0.748
0.727
0.699
0.702
0.7
0.709
0.692
0.686
0.689
0.724
0.731
0.74
0.737
0.717
0.694
0.686
0.678
0.72
0.723
0.731
0.742
0.741
0.707
0.694
0.71
0.714
0.697
0.692
0.675
0.663
0.658
0.663
0.663
0.662
0.659
0.66
0.644
0.656
0.683
0.698
0.718
0.691
0.669
0.658
0.662
0.669
0.665
0.652
0.643
0.624
0.623
0.627
0.619
0.635
0.658
0.683
0.694
0.691
0.687
0.676
0.669
0.676
0.695
0.705
0.699
0.686
0.672
0.67
0.686
0.693
0.708
0.72
0.698
0.689
0.654
0.663
0.686
0.705
0.708
0.7
0.668
0.64
0.644
0.667
0.638
0.642
0.63
0.617
0.612
0.599
0.591
0.585
0.583
0.592
0.609
0.647
0.675
0.711
0.729
0.733
0.75
0.722
0.691
0.689
0.7337202
0.724
0.666
0.643
0.635
0.636
0.639
0.629
0.617
0.7272897
0.596
0.616
0.618
0.635
0.633
0.628
0.616
0.617
0.617
0.619
0.632
0.642
0.647
0.663
0.679
0.682
0.7066794
0.71
0.658
0.648
0.666
0.683
0.701
0.731
0.738
0.709
0.679
0.677
0.673
0.676
0.675
0.674
0.702
0.736
0.734
0.718
0.723
0.717
0.7
0.678
0.68
0.686
0.709
0.712
0.719
0.709
0.683
0.659
0.648
0.649
0.666
0.688
0.693
0.697
0.689
0.675
0.668
0.656
0.658
0.649
0.646
0.642
0.637
0.7012393
0.639
0.669
0.684
0.69
0.688
0.695
0.717
0.733
0.763
0.759
0.734
0.713
0.723
0.728
0.739
0.77
0.787
0.746
0.739
0.746
0.753
0.779
0.777
0.781
0.769
0.764
0.739
0.725
0.6590771
0.759
0.726
0.718
0.708
0.72
0.729
0.764
0.775
0.746
0.735
0.736
0.757
0.7734596
0.792
0.712
0.694
0.704
0.706
0.6643137
0.699
0.646
0.637
0.632
0.647
0.65
0.655
0.647
0.652
0.654
0.68
0.694
0.701
0.694
0.715
0.703
0.686
0.688
0.694
0.686
0.695
0.696
0.676
0.661
0.664
0.658
0.663
0.666
0.676
0.666
0.684
0.681
0.685
0.673
0.668
0.668
0.681
0.697
0.717
0.716
0.73
0.711
0.692
0.723
0.722
0.706
0.71
0.704
0.688
0.697
0.701
0.707
0.713
0.736
0.727
0.709
0.696
0.68
0.667
0.67
0.708
0.708
0.731
0.736
0.752
0.742
0.722
0.706
0.689
0.701
0.708
0.725
0.731
0.754
0.756
0.746
0.741
0.745
0.747
0.747
0.75
0.73
0.727
0.7
0.674
0.671
0.689
0.708
0.728
0.72
0.703
0.693
0.715
0.719
0.736
0.717
0.704
0.718
0.734
0.749
0.763
0.76
0.741
0.719
0.727
0.736
0.741
0.736
0.733
0.75
0.765
0.8336891
0.82
0.695
0.683
0.698
0.701
0.692
0.7
0.698
0.706
0.716
0.707
0.673
0.666
0.668
0.679
0.679
0.666
0.662
0.657
0.651
0.645
0.647
0.672
0.66
0.652
0.651
0.665
0.653
0.653
0.665
0.659
0.656
0.658
0.657
0.8003516
0.736
0.649
0.654
0.657
0.7014229
0.792
0.661
0.669
0.676
0.686
0.667
0.656
0.656
0.653
0.685
0.677
0.678
0.67
0.666
0.657
0.661
0.664
0.664
0.65
0.642
0.635
0.644
0.683
0.731
0.775
0.79
0.796
0.784
0.729
0.715
0.701
0.687
0.696
0.702
0.714
0.735
0.713
0.698
0.688
0.677
0.681
0.673
0.669
0.655
0.649
0.649
0.673
0.689
0.689
0.679
0.664
0.664
0.673
0.6620247
0.683
0.742
0.73
0.709
0.698
0.679
0.67
0.686
0.723
0.757
0.746
0.752
0.778
0.781
0.768
0.764
0.755
0.731
0.739
0.74
0.753
0.782
0.786
0.764
0.772
0.768
0.743
0.727
0.749
0.77
0.6824372
0.804
0.741
0.732
0.732
0.744
0.738
0.751
0.751
0.769
0.778
0.76
0.756
0.765
0.7379326
0.781
0.747
0.727
0.733
0.729
0.727
0.716
0.71
0.709
0.687
0.687
0.71
0.709
0.703
0.7
0.693
0.677
0.682
0.67
0.67
0.678
0.68
0.669
0.675
0.686
0.685
0.687
0.666
0.654
0.645
0.65
0.673
0.708
0.763
0.813
0.822
0.819
0.712331
0.871
0.762
0.734
0.725
0.702
0.695
0.709
0.717
0.71
0.706
0.697
0.709
0.749
0.747
0.749
0.733
0.701
0.694
0.69
0.698
0.705
0.718
0.727
0.76
0.74
0.748
0.754
0.739
0.724
0.728
0.756
0.755
0.751
0.765
0.749
0.73
0.721
0.73
0.72
0.7088677
0.747
0.719
0.698
0.688
0.675
0.674
0.683
0.71
0.725
0.731
0.725
0.714
0.711
0.708
0.711
0.714
0.723
0.713
0.72
0.696
0.67
0.67
0.672
0.681
0.697
0.714
0.718
0.721
0.708
0.711
0.705
0.709
0.7
0.702
0.693
0.674
0.673
0.674
0.669
0.665
0.665
0.672
0.674
0.654
0.654
0.67
0.707
0.709
0.6756415
0.722
0.693
0.683
0.682
0.672
0.681
0.671
0.661
0.659
0.665
0.665
0.649
0.637
0.642
0.666
0.69
0.708
0.708
0.703
0.7
0.704
0.723
0.728
0.763
0.76
0.733
0.716
0.73
0.722
0.73
0.732
0.751
0.74
0.765
0.778
0.766
0.775
0.773
0.75
0.752
0.777
0.764
0.774
0.754
0.76
0.774
0.791
0.771
0.744
0.741
0.756
0.7255213
0.76
0.729
0.69
0.687
0.693
0.692
0.692
0.679
0.679
0.678
0.65
0.653
0.647
0.664
0.66
0.675
0.685
0.683
0.689
0.682
0.675
0.669
0.6831061
0.67
0.649
0.645
0.625
0.631
0.624
0.628
0.634
0.648
0.644
0.645
0.635
0.625
0.625
0.629
0.653
0.662
0.679
0.704
0.708
0.706
0.706
0.696
0.681
0.674
0.678
0.694
0.704
0.696
0.683
0.668
0.665
0.665
0.662
0.672
0.718
0.747
0.757
0.731
0.708
0.719
0.743
0.767
0.782
0.779
0.772
0.767
0.768
0.776
0.763
0.753
0.768
0.78
0.772
0.758
0.738
0.718
0.7
0.695
0.695
0.686
0.708
0.731
0.726
0.727
0.727
0.742
0.736
0.738
0.715
0.73
0.75
0.765
0.763
0.751
0.749
0.754
0.739
0.726
0.739
0.727
0.687
0.684
0.691
0.702
0.707
0.717
0.728
0.731
0.741
0.734
0.725
0.726
0.719
0.725
0.701
0.698
0.702
0.714
0.715
0.728
0.732
0.712
0.714
0.717
0.711
0.692
0.682
0.697
0.709
0.72
0.73
0.752
0.739
0.747
0.745
0.742
0.708
0.678
0.689
0.736
0.709
0.732
0.733
0.735
0.726
0.724
0.707
0.698
0.692
0.694
0.684
0.681
0.689
0.692
0.698
0.709
0.696
0.691
0.673
0.67
0.661
0.66
0.708
0.752
0.788
0.811
0.816
0.819
0.823
0.824
0.801
0.798
0.791
0.784
0.79
0.776
0.745
0.745
0.758
0.772
0.764
0.75
0.717
0.714
0.721
0.717
0.733
0.722
0.715
0.707
0.6310875
0.732
0.703
0.698
0.682
0.679
0.669
0.67
0.663
0.663
0.658
0.656
0.689
0.692
0.71
0.71
0.712
0.709
0.683
0.676
0.666
0.667
0.666
0.674
0.685
0.706
0.707
0.698
0.697
0.706
0.69
0.677
0.663
0.666
0.674
0.707
0.719
0.732
0.716
0.706
0.72
0.724
0.733
0.727
0.716
0.719
0.685
0.681
0.684
0.683
0.717
0.716
0.694
0.687
0.686
0.69
0.682
0.666
0.669
0.653
0.657
0.663
0.66
0.651
0.652
0.645
0.656
0.677
0.692
0.708
0.717
0.73
0.739
0.741
0.741
0.738
0.72
0.704
0.692
0.677
0.666
0.671
0.677
0.698
0.722
0.747
0.747
0.727
0.708
0.719
0.735
0.735
0.746
0.75
0.723
0.707
0.689
0.689
0.714
0.722
0.726
0.749
0.763
0.767
0.753
0.757
0.772
0.774
0.782
0.771
0.766
0.755
0.75
0.742
0.738
0.727
0.713
0.712
0.701
0.699
0.705
0.711
0.706
0.708
0.713
0.717
0.725
0.739
0.753
0.76
0.771
0.766
0.762
0.751
0.7060993
0.727
0.688
0.677
0.673
0.67
0.679
0.699
0.692
0.703
0.701
0.706
0.705
0.683
0.675
0.672
0.696
0.702
0.727
0.734
0.734
0.737
0.747
0.747
0.735
0.721
0.729
0.735
0.752
0.776
0.75
0.749
0.758
0.723
0.717
0.726
0.721
0.706
0.704
0.7
0.682
0.67
0.663
0.666
0.674
0.666
0.669
0.671
0.654
0.653
0.646
0.663
0.664
0.671
0.664
0.667
0.653
0.656
0.668
0.683
0.686
0.695
0.712
0.732
0.742
0.75
0.745
0.741
0.741
0.747
0.761
0.772
0.758
0.718
0.699
0.699
0.712
0.716
0.708
0.717
0.719
0.724
0.722
0.716
0.721
0.715
0.714
0.709
0.664
0.679
0.669
0.673
0.672
0.683
0.677
0.694
0.686
0.682
0.671
0.673
0.684
0.702
0.717
0.724
0.743
0.754
0.719
0.721
0.727
0.728
0.726
0.724
0.724
0.707
0.693
0.701
0.714
0.736
0.744
0.749
0.745
0.758
0.742
0.72
0.704
0.702
0.679
0.666
0.666
0.678
0.695
0.715
0.704
0.699
0.706
0.73
0.731
0.738
0.754
0.766
0.776
0.786
0.783
0.776
0.777
0.777
0.784
0.781
0.774
0.77
0.783
0.785
0.788
0.792
0.79
0.788
0.7818425
0.6978496
0.7643987
0.772
0.752
0.738
0.718
0.708
0.687
0.695
0.71
0.718
0.714
0.73
0.732
0.72
0.715
0.715
0.686
0.698
0.696
0.703
0.7
0.688
0.689
0.701
0.639803
0.723
0.698
0.686
0.676
0.67
0.678
0.678
0.682
0.677
0.674
0.693
0.7
0.699
0.698
0.69
0.688
0.677
0.672
0.678
0.702
0.716
0.719
0.71
0.708
0.714
0.721
0.724
0.728
0.746
0.749
0.758
0.768
0.777
0.77
0.741
0.721
0.719
0.716
0.712
0.704
0.708
0.714
0.722
0.736
0.731
0.722
0.729
0.751
0.756
0.792
0.785
0.757
0.749
0.751
0.748
0.747
0.738
0.73
0.718
0.711
0.705
0.701
0.707
0.708
0.692
0.68
0.682
0.681
0.688
0.676
0.672
0.675
0.691
0.712
0.726
0.737
0.754
0.773
0.789
0.798
0.806
0.802
0.8
0.792
0.784
0.782
0.778
0.778
0.765
0.752
0.723
0.708
0.726
0.744
0.744
0.764
0.771
0.765
0.758
0.757
0.774
0.795
0.771
0.765
0.775
0.761
0.761
0.735
0.737
0.7304077
0.785
0.723
0.722
0.73
0.754
0.737
0.721
0.723
0.75
0.75
0.755
0.76
0.758
0.758
0.724
0.694
0.68
0.678
0.698
0.706
0.731
0.758
0.789
0.795
0.797
0.797
0.812
0.81
0.815
0.809
0.799
0.792
0.791
0.795
0.791
0.799
0.804
0.804
0.7635941
0.825
0.765
0.76
0.759
0.745
0.747
0.734
0.717
0.704
0.716
0.72
0.725
0.732
0.721
0.718
0.711
0.703
0.7
0.689
0.687
0.696
0.708
0.713
0.727
0.746
0.75
0.752
0.77
0.789
0.788
0.784
0.78
0.791
0.794
0.802
0.803
0.8
0.779
0.75
0.719
0.726
0.732
0.718
0.725
0.714
0.715
0.715
0.698
0.693
0.688
0.693
0.707
0.727
0.739
0.74
0.751
0.759
0.768
0.759
0.746
0.736
0.735
0.751
0.759
0.761
0.761
0.741
0.736
0.744
0.754
0.759
0.741
0.741
0.741
0.739
0.739
0.744
0.739
0.723
0.72
0.731
0.737
0.726
0.719
0.726
0.73
0.721
0.703
0.687
0.674
0.673
0.666
0.67
0.693
0.701
0.721
0.722
0.74
0.751
0.757
0.755
0.748
0.75
0.72
0.699
0.693
0.701
0.713
0.719
0.733
0.74
0.725
0.72
0.725
0.728
0.745
0.76
0.759
0.763
0.769
0.778
0.777
0.7527844
0.819
0.736
0.717
0.719
0.732
0.738
0.755
0.732
0.708
0.719
0.741
0.771
0.798
0.793
0.799
0.8
0.784
0.775
0.778
0.766
0.744
0.738
0.74
0.754
0.777
0.794
0.803
0.813
0.803
0.795
0.801
0.802
0.801
0.792
0.778
0.766
0.765
0.774
0.775
0.776
0.782
0.773
0.775
0.772
0.747
0.747
0.736
0.732
0.735
0.742
0.748
0.754
0.758
0.75
0.746
0.751
0.755
0.758
0.762
0.758
0.749
0.735
0.743
0.75
0.741
0.734
0.741
0.746
0.747
0.752
0.752
0.768
0.769
0.752
0.743
0.733
0.747
0.763
0.76
0.769
0.771
0.763
0.764
0.759
0.759
0.747
0.745
0.726
0.729
0.73
0.733
0.72
0.717
0.717
0.722
0.721
0.716
0.7423588
0.7004003
0.6886544
0.716
0.702
0.7
0.704
0.688
0.7
0.694
0.685
0.678
0.69
0.706
0.721
0.714
0.709
0.705
0.711
0.721
0.73
0.739
0.75
0.741
0.744
0.736
0.719
0.72
0.725
0.721
0.72
0.721
0.716
0.716
0.717
0.722
0.723
0.72
0.73
0.734
0.741
0.749
0.754
0.761
0.762
0.766
0.769
0.772
0.782
0.766
0.757
0.733
0.744
0.727
0.715
0.707
0.714
0.748
0.753
0.758
0.761
0.762
0.753
0.743
0.728
0.725
0.679076
0.745
0.68
0.682
0.693
0.704
0.699
0.7
0.717
0.72
0.733
0.739
0.752
0.75
0.756
0.752
0.747
0.742
0.718
0.707
0.695
0.698
0.699
0.69
0.701
0.695
0.691
0.699
0.706
0.711
0.714
0.712
0.719
0.718
0.719
0.72
0.711
0.707
0.693
0.688
0.682
0.694
0.696
0.703
0.711
0.732
0.742
0.753
0.763
0.756
0.746
0.758
0.761
0.763
0.763
0.759
0.755
0.738
0.715
0.711
0.704
0.703
0.708
0.711
0.696
0.699
0.708
0.694
0.696
0.705
0.694
0.709
0.711
0.728
0.726
0.739
0.735
0.724
0.717
0.707
0.692
0.683
0.694
0.692
0.706
0.705
0.712
0.718
0.727
0.732
0.746
0.76
0.762
0.766
0.754
0.753
0.738
0.727
0.73
0.724
0.733
0.737
0.744
0.752
0.759
0.764
0.757
0.751
0.76
0.769
0.765
0.773
0.773
0.751
0.731
0.718
0.71
0.708
0.704
0.69
0.687
0.688
0.699
0.703
0.709
0.721
0.715
0.719
0.724
0.711
0.725
0.738
0.737
0.726
0.728
0.732
0.729
0.725
0.716
0.714
0.728
0.728
0.733
0.712
0.708
0.695
0.7
0.707
0.717
0.717
0.723
0.729
0.72
0.711
0.712
0.721
0.729
0.735
0.747
0.749
0.74
0.727
0.733
0.736
0.731
0.737
0.721
0.716
0.721
0.722
0.724
0.722
0.724
0.73
0.732
0.717
0.712
0.716
0.724
0.737
0.735
0.733
0.74
0.745
0.747
0.735
0.731
0.736
0.745
0.75
0.753
0.746
0.736
0.734
0.747
0.755
0.762
0.755
0.763
0.774
0.78
0.789
0.767
0.766
0.768
0.767
0.763
0.756
0.742
0.742
0.746
0.752
0.752
0.746
0.743
0.735
0.732
0.732
0.72
0.711
0.702
0.7
0.7398954
0.7
0.705
0.712
0.719
0.707
0.707
0.705
0.703
0.687
0.682
0.681
0.684
0.69
0.698
0.712
0.714
0.721
0.714
0.708
0.72
0.723
0.724
0.716
0.71
0.707
0.7
0.687
0.671
0.659
0.666
0.656
0.662
0.702
0.721
0.744
0.765
0.784
0.781
0.776
0.778
0.792
0.8
0.803
0.804
0.804
0.796
0.793
0.759
0.738
0.757
0.748
0.75
0.747
0.731
0.711
0.7
0.707
0.712
0.721
0.726
0.735
0.747
0.74
0.766
0.758
0.758
0.755
0.754
0.733
0.744
0.73
0.72
0.728
0.741
0.74
0.749
0.753
0.757
0.762
0.754
0.748
0.735
0.725
0.732
0.738
0.741
0.742
0.725
0.708
0.699
0.723
0.771
0.808
0.818
0.823
0.819
0.821
0.793
0.785
0.764
0.752
0.743
0.73
0.726
0.724
0.724
0.725
0.733
0.745
0.75
0.76
0.764
0.75
0.743
0.732
0.719
0.718
0.704
0.687
0.682
0.683
0.6782256
0.691
0.682
0.689
0.691
0.701
0.701
0.699
0.706
0.709
0.706
0.708
0.717
0.723
0.734
0.735
0.75
0.757
0.757
0.758
0.758
0.765
0.762
0.759
0.76
0.75
0.743
0.721
0.727
0.73
0.728
0.728
0.718
0.718
0.705
0.697
0.696
0.701
0.702
0.708
0.723
0.727
0.729
0.723
0.7037569
0.7169336
0.834991
0.736
0.737
0.744
0.743
0.739
0.738
0.717
0.694
0.694
0.687
0.682
0.69
0.692
0.689
0.7
0.711
0.713
0.714
0.722
0.722
0.727
0.733
0.737
0.733
0.734
0.732
0.742
0.748
0.752
0.76
0.75
0.751
0.733
0.722
0.706
0.715
0.707
0.71
0.717
0.718
0.727
0.73
0.729
0.74
0.747
0.735
0.738
0.741
0.749
0.747
0.744
0.742
0.733
0.732
0.721
0.735
0.737
0.755
0.758
0.76
0.759
0.758
0.739
0.729
0.711
0.713
0.701
0.699
0.7
0.708
0.719
0.725
0.72
0.725
0.739
0.74
0.74
0.721
0.716
0.715
0.708
0.712
0.702
0.706
0.718
0.722
0.733
0.731
0.738
0.729
0.744
0.728
0.742
0.742
0.746
0.728
0.711
0.721
0.717
0.71
0.696
0.692
0.703
0.709
0.713
0.718
0.725
0.73
0.744
0.749
0.752
0.756
0.745
0.75
0.75
0.754
0.759
0.754
0.743
0.75
0.752
0.763
0.765
0.76
0.756
0.741
0.748
0.748
0.752
0.739
0.742
0.735
0.724
0.722
0.728
0.727
0.726
0.727
0.723
0.711
0.718
0.72
0.722
0.72
0.717
0.709
0.69
0.695
0.701
0.704
0.717
0.714
0.72
0.721
0.723
0.727
0.711
0.703
0.701
0.713
0.709
0.708
0.701
0.707
0.708
0.709
0.711
0.722
0.727
0.72
0.727
0.738
0.746
0.753
0.748
0.752
0.752
0.748
0.738
0.728
0.734
0.737
0.747
0.749
0.74
0.749
0.749
0.733
0.726
0.727
0.728
0.723
0.73
0.727
0.725
0.716
0.721
0.723
0.714
0.6945282
0.7444294
0.7355927
0.735
0.731
0.734
0.714
0.715
0.724
0.734
0.745
0.745
0.735
0.736
0.747
0.738
0.737
0.727
0.729
0.732
0.75
0.746
0.74
0.741
0.743
0.735
0.723
0.713
0.708
0.721
0.724
0.729
0.728
0.722
0.711
0.718
0.718
0.716
0.721
0.719
0.712
0.718
0.734
0.758
0.768
0.65
0.891
0.752
0.726
0.72
0.72
0.711
0.711
0.722
0.726
0.723
0.743
0.742
0.756
0.746
0.73
0.716
0.729
0.737
0.731
0.731
0.726
0.733
0.753
0.769
0.776
0.788
0.793
0.768
0.768
0.766
0.746
0.748
0.72
0.706
0.717
0.723
0.737
0.736
0.746
0.745
0.752
0.767
0.773
0.768
0.767
0.777
0.78
0.776
0.771
0.771
0.77
0.762
0.767
0.6804646
0.761
0.765
0.761
0.756
0.752
0.733
0.715
0.715
0.713
0.724
0.743
0.748
0.736
0.728
0.739
0.756
0.783
0.795
0.791
0.771
0.759
0.764
0.767
0.763
0.759
0.76
0.75
0.747
0.737
0.719
0.699
0.682
0.675
0.682
0.726
0.743
0.763
0.77
0.781
0.766
0.769
0.773
0.777
0.766
0.784
0.794
0.794
0.777
0.763
0.767
0.757
0.757
0.759
0.735
0.706
0.708
0.705
0.711
0.714
0.73
0.733
0.723
0.727
0.732
0.739
0.748
0.735
0.728
0.737
0.742
0.749
0.754
0.751
0.74
0.754
0.76
0.765
0.75
0.741
0.75
0.747
0.744
0.738
0.73
0.727
0.722
0.714
0.702
0.699
0.708
0.717
0.711
0.718
0.709
0.696
0.696
0.695
0.684
0.675
0.679
0.683
0.698
0.704
0.707
0.707
0.708
0.713
0.718
0.736
0.733
0.736
0.743
0.746
0.747
0.74
0.75
0.747
0.742
0.742
0.722
0.704
0.692
0.69
0.685
0.676
0.671
0.686
0.706
0.718
0.721
0.723
0.744
0.756
0.767
0.78
0.789
0.769
0.758
0.757
0.77
0.767
0.774
0.769
0.771
0.775
0.75
0.742
0.746
0.757
0.747
0.752
0.755
0.756
0.766
0.765
0.751
0.741
0.75
0.755
0.754
0.761
0.7394452
0.8247079
0.7689155
0.744
0.725
0.703
0.697
0.696
0.688
0.686
0.684
0.692
0.703
0.716
0.724
0.717
0.715
0.72
0.732
0.742
0.75
0.74
0.737
0.747
0.749
0.752
0.75
0.747
0.736
0.736
0.74
0.744
0.74
0.74
0.75
0.752
0.758
0.749
0.746
0.75
0.753
0.763
0.765
0.762
0.746
0.757
0.756
0.758
0.745
0.736
0.722
0.724
0.719
0.728
0.735
0.741
0.733
0.723
0.729
0.74
0.748
0.75
0.741
0.728
0.722
0.718
0.727
0.736
0.74
0.73
0.724
0.736
0.738
0.743
0.737
0.735
0.75
0.75
0.736
0.715
0.714
0.715
0.719
0.713
0.721
0.735
0.742
0.729
0.741
0.752
0.774
0.788
0.778
0.772
0.782
0.799
0.802
0.796
0.791
0.798
0.804
0.786
0.777
0.789
0.798
0.791
0.796
0.791
0.783
0.76
0.75
0.75
0.753
0.762
0.75
0.746
0.75
0.756
0.765
0.768
0.747
0.745
0.754
0.761
0.773
0.779
0.764
0.756
0.761
0.769
0.766
0.747
0.721
0.723
0.73
0.742
0.746
0.73
0.723
0.715
0.731
0.753
0.762
0.763
0.758
0.751
0.758
0.763
0.75
0.744
0.748
0.751
0.759
0.77
0.765
0.755
0.762
0.767
0.751
0.757
0.756
0.7539522
0.7279525
0.6363411
0.747
0.737
0.73
0.735
0.737
0.741
0.735
0.734
0.736
0.742
0.752
0.749
0.738
0.74
0.744
0.755
0.744
0.737
0.748
0.742
0.749
0.754
0.746
0.732
0.727
0.732
0.741
0.745
0.75
0.736
0.731
0.742
0.742
0.747
0.744
0.738
0.747
0.749
0.747
0.75
0.753
0.728
0.709
0.715
0.8184585
0.734
0.724
0.726
0.723
0.735
0.747
0.754
0.75
0.753
0.752
0.773
0.786
0.784
0.778
0.775
0.78
0.79
0.783
0.794
0.784
0.783
0.78
0.773
0.761
0.751
0.726
0.713
0.708
0.713
0.72
0.724
0.722
0.732
0.737
0.745
0.752
0.757
0.742
0.741
0.748
0.758
0.758
0.746
0.736
0.75
0.759
0.759
0.772
0.765
0.752
0.745
0.744
0.75
0.752
0.747
0.735
0.738
0.74
0.756
0.764
0.776
0.766
0.753
0.759
0.762
0.762
0.742
0.738
0.6758167
0.7995582
0.8653102
0.741
0.73
0.718
0.708
0.685
0.61
0.756
0.695
0.718
0.725
0.725
0.719
0.732
0.736
0.742
0.747
0.742
0.748
0.759
0.767
0.762
0.746
0.734
0.733
0.744
0.752
0.754
0.744
0.731
0.719
0.717
0.726
0.726
0.725
0.714
0.727
0.741
0.751
0.776
0.781
0.78
0.776
0.787
0.791
0.793
0.79
0.766
0.773
0.78
0.776
0.764
0.759
0.77
0.768
0.755
0.743
0.75
0.75
0.754
0.735
0.748
0.747
0.747
0.739
0.736
0.686
0.769
0.693
0.67
0.665
0.667
0.681
0.682
0.696
0.699
0.703
0.71
0.73
0.744
0.741
0.75
0.764
0.789
0.791
0.791
0.78
0.783
0.773
0.767
0.78
0.774
0.6754785
0.808
0.725
0.726
0.76
0.81
0.84
0.852
0.866
0.866
0.871
0.865
0.864
0.839
0.834
0.7955259
0.868
0.785
0.768
0.77
0.766
0.751
0.763
0.752
0.763
0.7409002
0.793
0.714
0.711
0.712
0.718
0.724
0.712
0.721
0.739
0.75
0.774
0.778
0.763
0.751
0.746
0.755
0.758
0.757
0.747
0.739
0.74
0.712
0.703
0.694
0.704
0.718
0.736
0.754
0.759
0.732
0.724
0.742
0.776
0.791
0.816
0.818
0.793
0.748
0.762
0.769
0.78
0.795
0.789
0.786
0.801
0.808
0.792
0.795
0.819
0.821
0.798
0.788
0.789
0.792
0.787
0.779
0.782
0.792
0.802
0.794
0.776
0.753
0.749
0.749
0.767
0.775
0.766
0.747
0.765
0.776
0.79
0.789
0.794
0.793
0.797
0.808
0.807
0.791
0.752
0.728
0.721
0.731
0.761
0.756
0.778
0.791
0.779
0.774
0.777
0.776
0.79
0.782
0.786
0.789
0.794
0.8
0.795
0.778
0.78
0.78
0.787
0.791
0.777
0.778
0.788
0.784
0.767
0.781
0.787
0.788
0.773
0.773
0.78
0.786
0.792
0.805
0.793
0.774
0.765
0.755
0.741
0.755
0.77
0.793
0.797
0.786
0.775
0.787
0.793
0.797
0.6600253
0.817
0.768
0.762
0.761
0.766
0.777
0.786
0.768
0.761
0.766
0.765
0.762
0.754
0.756
0.777
0.783
0.754
0.74
0.746
0.757
0.782
0.772
0.752
0.756
0.769
0.774
0.763
0.772
0.779
0.801
0.796
0.796
0.771
0.749
0.754
0.759
0.771
0.771
0.757
0.77
0.795
0.804
0.79
0.79
0.772
0.768
0.745
0.736
0.737
0.724
0.749
0.769
0.774
0.782
0.727
0.806
0.781
0.785
0.797
0.783
0.806
0.804
0.801
0.788
0.779
0.759
0.753
0.753
0.758
0.773
0.766
0.761
0.734
0.739
0.753
0.766
0.779
0.6589123
0.835
0.766
0.757
0.759
0.765
0.784
0.807
0.808
0.818
0.796
0.798
0.803
0.781
0.796
0.807
0.808
0.814
0.803
0.791
0.786
0.795
0.813
0.82
0.837
0.828
0.816
0.6518058
0.7119022
0.6594715
0.7802316
0.725
0.692
0.684
0.677
0.682
0.687
0.664
0.66
0.651
0.647
0.652
0.646
0.652
0.641
0.648
0.645
0.656
0.649
0.656
0.641
0.647
0.656
0.681
0.688
0.688
0.676
0.669
0.679
0.673
0.666
0.666
0.666
0.659
0.659
0.664
0.652
0.652
0.645
0.643
0.64
0.67
0.668
0.669
0.671
0.679
0.692
0.694
0.684
0.691
0.693
0.694
0.701
0.698
0.695
0.698
0.698
0.691
0.691
0.683
0.67
0.687
0.704
0.691
0.698
0.712
0.72
0.712
0.724
0.725
0.706
0.694
0.694
0.696
0.687
0.672
0.665
0.675
0.686
0.698
0.705
0.708
0.71
0.706
0.692
0.688
0.701
0.709
0.706
0.699
0.69
0.703
0.71
0.725
0.744
0.726
0.705
0.684
0.669
0.677
0.683
0.687
0.677
0.679
0.682
0.709
0.718
0.727
0.721
0.724
0.723
0.734
0.751
0.768
0.75
0.716
0.729
0.782
0.791
0.765
0.743
0.714
0.691
0.686
0.716
0.751
0.789
0.797
0.792
0.795
0.805
0.819
0.83
0.804
0.817
0.813
0.827
0.818
0.806
0.801
0.819
0.828
0.833
0.822
0.825
0.818
0.807
0.777
0.751
0.726
0.722
0.728
0.739
0.781
0.802
0.813
0.821
0.825
0.801
0.775
0.771
0.794
0.804
0.816
0.791
0.77
0.767
0.76
0.759
0.761
0.743
0.735
0.74
0.765
0.771
0.777
0.761
0.742
0.736
0.745
0.76
0.764
0.771
0.76
0.748
0.75
0.761
0.779
0.789
0.753
0.739
0.735
0.751
0.8355992
0.796
0.703
0.673
0.66
0.649
0.646
0.687
0.694
0.7
0.685
0.698
0.788
0.816
0.801
0.814
0.818
0.796
0.773
0.758
0.759
0.793
0.816
0.811
0.806
0.809
0.823
0.843
0.863
0.846
0.824
0.842
0.847
0.869
0.881
0.867
0.838
0.849
0.833
0.829
0.801
0.821
0.809
0.798
0.792
0.809
0.816
0.801
0.761
0.743
0.733
0.728
0.717
0.712
0.726
0.716
0.694
0.678
0.682
0.694
0.708
0.733
0.747
0.743
0.725
0.742
0.737
0.736
0.721
0.743
0.743
0.763
0.736
0.735
0.755
0.774
0.788
0.773
0.754
0.768
0.774
0.79
0.76
0.755
0.732
0.726
0.708
0.696
0.686
0.681
0.682
0.678
0.677
0.672
0.672
0.669
0.679
0.668
0.669
0.661
0.669
0.665
0.67
0.667
0.658
0.652
0.658
0.661
0.669
0.659
0.675
0.664
0.67
0.658
0.652
0.655
0.648
0.653
0.651
0.649
0.651
0.664
0.656
0.665
0.658
0.659
0.66
0.665
0.661
0.653
0.658
0.654
0.647
0.652
0.639
0.647
0.645
0.651
0.655
0.658
0.656
0.672
0.663
0.671
0.668
0.671
0.675
0.671
0.656
0.652
0.656
0.652
0.644
0.6331409
0.643
0.666
0.664
0.663
0.673
0.679
0.677
0.667
0.667
0.664
0.662
0.662
0.669
0.655
0.65
0.655
0.666
0.662
0.662
0.651
0.652
0.666
0.659
0.661
0.668
0.649
0.656
0.644
0.746951
0.7458037
0.7211479
0.652
0.641
0.644
0.562
0.737
0.631
0.618
0.618
0.617
0.621
0.625
0.634
0.647
0.642
0.6443663
0.632
0.634
0.63
0.612
0.601
0.601
0.604
0.612
0.615
0.623
0.628
0.633
0.639
0.617
0.629
0.628
0.637
0.621
0.625
0.618
0.622
0.656
0.628
0.625
0.623
0.6920706
0.638
0.626
0.635
0.625
0.613
0.617
0.63
0.65
0.663
0.676
0.687
0.663
0.671
0.666
0.675
0.666
0.662
0.688
0.697
0.724
0.735
0.729
0.722
0.693
0.689
0.671
0.658
0.656
0.647
0.642
0.646
0.64
0.645
0.656
0.637
0.635
0.64
0.652
0.664
0.665
0.651
0.629
0.616
0.601
0.596
0.591
0.589
0.584
0.599
0.622
0.639
0.65
0.64
0.642
0.636
0.649
0.625
0.609
0.602
0.589
0.583
0.579
0.577
0.573
0.566
0.564
0.578
0.592
0.619
0.618
0.637
0.662
0.65
0.663
0.681
0.697
0.68
0.674
0.651
0.638
0.628
0.623
0.625
0.628
0.624
0.619
0.619
0.619
0.613
0.612
0.618
0.645
0.673
0.671
0.656
0.671
0.672
0.704
0.679
0.669
0.662
0.658
0.6785033
0.7259223
0.6733343
0.667
0.675
0.677
0.666
0.659
0.663
0.657
0.659
0.671
0.676
0.672
0.668
0.681
0.682
0.688
0.677
0.678
0.69
0.664
0.659
0.65
0.651
0.649
0.64
0.666
0.651
0.649
0.652
0.672
0.663
0.667
0.695
0.708
0.708
0.689
0.678
0.659
0.645
0.63
0.637
0.632
0.629
0.641
0.643
0.642
0.637
0.642
0.637
0.645
0.652
0.643
0.643
0.634
0.63
0.634
0.625
0.634
0.628
0.631
0.626
0.628
0.637
0.641
0.638
0.645
0.657
0.669
0.667
0.649
0.646
0.666
0.653
0.649
0.634
0.643
0.661
0.675
0.674
0.661
0.657
0.663
0.671
0.676
0.671
0.669
0.671
0.675
0.675
0.674
0.662
0.653
0.655
0.663
0.68
0.674
0.68
0.671
0.66
0.673
0.701
0.706
0.693
0.682
0.696
0.685
0.668
0.662
0.676
0.696
0.725
0.749
0.74
0.741
0.759
0.783
0.787
0.763
0.747
0.747
0.731
0.721
0.712
0.702
0.699
0.689
0.7
0.708
0.719
0.712
0.691
0.701
0.721
0.743
0.719
0.694
0.692
0.719
0.739
0.713
0.7
0.704
0.704
0.7547889
0.766
0.672
0.69
0.689
0.719
0.711
0.682
0.676
0.668
0.661
0.667
0.641
0.629
0.645
0.681
0.721
0.762
0.776
0.754
0.746
0.754
0.792
0.807
0.789
0.787
0.805
0.81
0.821
0.81
0.6807549
0.847
0.706
0.684
0.667
0.67
0.688
0.712
0.72
0.726
0.752
0.783
0.811
0.812
0.799
0.79
0.778
0.767
0.761
0.755
0.747
0.748
0.747
0.758
0.704
0.701
0.697
0.708
0.71
0.714
0.699
0.7
0.697
0.697
0.68
0.69
0.673
0.69
0.699
0.698
0.706
0.693
0.677
0.683
0.691
0.69
0.689
0.7641503
0.698
0.69
0.69
0.683
0.667
0.68
0.69
0.681
0.675
0.707
0.721
0.73
0.6468303
0.752
0.708
0.713
0.69
0.675
0.691
0.681
0.668
0.666
0.682
0.683
0.698
0.698
0.696
0.674
0.676
0.685
0.698
0.703
0.7
0.692
0.684
0.658
0.655
0.656
0.687
0.693
0.713
0.726
0.722
0.729
0.705
0.701
0.708
0.717
0.728
0.742
0.75
0.77
0.792
0.808
0.813
0.815
0.809
0.8
0.786
0.761
0.744
0.735
0.731
0.738
0.74
0.738
0.744
0.754
0.743
0.73
0.696
0.6390215
0.846
0.695
0.693
0.699
0.73
0.751
0.766
0.763
0.76
0.761
0.738
0.729
0.73
0.745
0.738
0.711
0.696
0.685
0.689
0.676
0.674
0.662
0.657
0.649
0.674
0.69
0.711
0.711
0.702
0.704
0.683
0.679
0.8958483
0.857
0.671
0.704
0.724
0.718
0.733
0.746
0.728
0.711
0.712
0.727
0.741
0.732
0.729
0.701
0.695
0.706
0.72
0.714
0.721
0.714
0.704
0.724
0.722
0.75
0.757
0.767
0.778
0.794
0.791
0.779
0.774
0.777
0.773
0.767
0.761
0.761
0.742
0.739
0.749
0.755
0.757
0.766
0.756
0.696865
0.7372301
0.7564146
0.784
0.788
0.789
0.776
0.771
0.761
0.752
0.747
0.739
0.745
0.753
0.756
0.75
0.749
0.749
0.75
0.751
0.759
0.757
0.765
0.767
0.782
0.793
0.793
0.782
0.777
0.775
0.774
0.774
0.776
0.768
0.777
0.771
0.762
0.6993002
0.7557288
0.7475846
0.752
0.77
0.776
0.769
0.769
0.76
0.744
0.749
0.755
0.737
0.722
0.71
0.689
0.7
0.725
0.733
0.745
0.75
0.75
0.747
0.748
0.772
0.78
0.781
0.784
0.77
0.763
0.715
0.73
0.73
0.708
0.709
0.695
0.698
0.673
0.671
0.676
0.665
0.667
0.666
0.702
0.711
0.708
0.711
0.687
0.673
0.679
0.685
0.697
0.7230947
0.683
0.695
0.694
0.696
0.701
0.707
0.708
0.68
0.677
0.68
0.677
0.669
0.672
0.691
0.685
0.704
0.7
0.713
0.746
0.758
0.755
0.768
0.779
0.794
0.782
0.774
0.784
0.792
0.805
0.799
0.79
0.78
0.784
0.779
0.78
0.78
0.779
0.793
0.815
0.813
0.803
0.785
0.787
0.777
0.764
0.76
0.763
0.772
0.78
0.789
0.789
0.774
0.743
0.728
0.71
0.707
0.694
0.705
0.718
0.73
0.73
0.746
0.744
0.751
0.718
0.712
0.726
0.723
0.72
0.723
0.711
0.708
0.679
0.681
0.682
0.705
0.708
0.705
0.698
0.686
0.673
0.673
0.694
0.727
0.734
0.755
0.782
0.783
0.785
0.772
0.765
0.727
0.729
0.726
0.702
0.711
0.706
0.72
0.726
0.739
0.753
0.754
0.749
0.74
0.733
0.722
0.717
0.723
0.721
0.735
0.733
0.72
0.722
0.716
0.748
0.756
0.763
0.776
0.767
0.73
0.719
0.725
0.724
0.725
0.722
0.721
0.704
0.7
0.697
0.7
0.713
0.72
0.734
0.738
0.743
0.735
0.745
0.751
0.745
0.765
0.783
0.784
0.791
0.806
0.806
0.822
0.824
0.81
0.79
0.779
0.765
0.745
0.729
0.726
0.722
0.733
0.733
0.739
0.734
0.733
0.723
0.716
0.716
0.721
0.735
0.741
0.731
0.729
0.735
0.741
0.732
0.729
0.741
0.757243
0.7517489
0.719
0.7
0.69
0.8736976
0.7124459
0.6925985
0.72
0.7565262
0.741
0.732
0.729
0.727
0.742
0.72
0.719
0.741
0.746
0.748
0.748
0.743
0.726
0.711
0.72
0.738
0.743
0.747
0.743
0.738
0.753
0.76
0.772
0.763
0.758
0.743
0.747
0.749
0.753
0.754
0.737
0.721
0.746
0.715
0.713
0.708
0.689
0.696
0.697
0.709
0.707
0.699
0.676
0.673
0.744
0.788
0.804
0.821
0.803
0.792
0.785
0.772
0.751
0.756
0.759
0.77
0.78
0.797
0.777
0.78
0.796
0.796
0.8
0.798
0.78
0.788
0.802
0.803
0.794
0.791
0.757
0.748
0.741
0.736
0.743
0.741
0.739
0.756
0.774
0.769
0.766
0.763
0.743
0.746
0.744
0.75
0.75
0.754
0.734
0.739
0.729
0.706
0.708
0.727
0.76
0.756
0.764
0.756
0.738
0.723
0.741
0.744
0.749
0.736
0.749
0.756
0.768
0.786
0.765
0.766
0.766
0.774
0.785
0.779
0.772
0.77
0.781
0.793
0.791
0.774
0.773
0.771
0.779
0.782
0.774
0.769
0.755
0.75
0.749
0.738
0.735
0.741
0.755
0.761
0.767
0.759
0.756
0.775
0.794
0.801
0.784
0.781
0.75
0.778
0.793
0.861
0.859
0.844
0.866
0.913
0.93
0.914
0.889
0.847
0.816
0.805
0.825
0.833
0.833
0.874
0.86
0.878
0.7853048
0.917
0.796
0.794
0.77
0.781
0.7927528
0.811
0.755
0.739
0.747
0.766
0.766
0.756
0.777
0.799
0.84
0.862
0.818
0.82
0.814
0.808
0.792
0.763
0.741
0.743
0.742
0.736
0.744
0.749
0.755
0.79
0.827
0.837
0.836
0.829
0.802
0.773
0.784
0.802
0.81
0.793
0.801
0.808
0.784
0.791
0.815
0.819
0.838
0.82
0.827
0.807
0.768
0.766
0.768
0.783
0.792
0.784
0.802
0.806
0.815
0.816
0.833
0.846
0.866
0.828
0.848
0.854
0.848
0.836
0.818
0.773
0.769
0.768
0.757
0.753
0.748
0.7457595
0.725
0.74
0.746
0.729
0.743
0.742
0.767
0.796
0.813
0.811
0.783
0.781
0.77
0.765
0.751
0.747
0.735
0.715
0.71
0.705
0.71
0.708
0.72
0.743
0.7125893
0.794
0.771
0.779
0.75
0.751
0.728
0.716
0.723
0.742
0.76
0.779
0.784
0.8
0.821
0.832
0.826
0.818
0.799
0.767
0.769
0.761
0.755
0.754
0.758
0.748
0.765
0.774
0.754
0.767
0.78
0.797
0.8442897
0.838
0.776
0.765
0.741
0.732
0.696
0.712
0.718
0.713
0.727
0.745
0.762
0.762
0.777
0.762
0.747
0.754
0.763
0.776
0.786
0.791
0.781
0.757
0.765
0.769
0.761
0.73
0.716
0.736
0.743
0.757
0.753
0.762
0.785
0.793
0.798
0.821
0.816
0.804
0.802
0.795
0.814
0.812
0.804
0.789
0.75
0.747
0.729
0.718
0.713
0.723
0.734
0.753
0.767
0.763
0.774
0.75
0.746
0.747
0.758
0.763
0.772
0.75
0.76
0.748
0.746
0.731
0.729
0.739
0.747
0.761
0.765
0.78
0.791
0.789
0.794
0.799
0.791
0.785
0.778
0.78
0.787
0.796
0.805
0.812
0.812
0.813
0.778
0.757
0.744
0.723
0.721
0.743
0.771
0.782
0.79
0.807
0.816
0.815
0.812
0.814
0.822
0.815
0.815
0.832
0.83
0.824
0.838
0.84
0.847
0.846
0.835
0.832
0.812
0.79
0.749
0.743
0.739
0.722
0.73
0.72
0.718
0.722
0.722
0.727
0.734
0.757
0.781
0.813
0.823
0.808
0.822
0.817
0.8
0.767
0.764
0.753
0.746
0.75
0.768
0.782
0.801
0.815
0.811
0.814
0.826
0.818
0.811
0.801
0.796
0.8
0.812
0.817
0.819
0.82
0.829
0.845
0.849
0.85
0.855
0.851
0.85
0.84
0.845
0.828
0.829
0.825
0.791
0.798
0.781
0.787
0.759
0.751
0.753
0.759
0.772
0.765
0.7575721
0.7285905
0.7639876
0.691
0.837
0.757
0.75
0.7662848
0.8397907
0.7821719
0.771
0.787
0.787
0.778
0.745
0.728
0.73
0.736
0.745
0.752
0.754
0.76
0.778
0.798
0.805
0.816
0.827
0.807
0.795
0.805
0.795
0.781
0.788
0.805
0.798
0.824
0.819
0.826
0.8202265
0.7497724
0.7899105
0.802
0.801
0.683
0.873
0.761
0.7596594
0.7832406
0.766
0.782
0.811
0.806
0.797
0.797
0.733
0.849
0.785
0.782
0.784
0.79
0.783
0.7276914
0.704341
0.8903288
0.811821
0.944
0.787
0.792
0.801
0.831
0.86
0.875
0.894
0.882
0.89
0.897
0.897
0.882
0.876
0.836
0.842
0.833
0.83
0.829
0.818
0.803
0.67
0.85
0.75
0.76
0.766
0.782
0.818
0.848
0.838
0.819
0.81
0.851
0.628
0.7078026
0.766
0.7437911
0.7115025
0.809
0.788
0.9017726
0.8519377
0.7632446
0.732
0.729
0.713
0.708
0.699
0.705
0.701
0.693
0.687
0.688
0.688
0.681
0.687
0.677
0.671
0.682
0.687
0.703
0.708
0.721
0.722
0.736
0.716
0.708
0.697
0.705
0.709
0.721
0.722
0.727
0.742
0.739
0.724
0.727
0.73
0.752
0.765
0.779
0.777
0.8
0.826
0.849
0.867
0.86
0.833
0.839
0.843
0.845
0.831
0.805
0.801
0.821
0.839
0.866
0.868
0.856
0.877
0.863
0.865
0.861
0.845
0.811
0.807
0.831
0.826
0.81
0.765
0.753
0.749
0.749
0.739
0.74
0.747
0.76
0.772
0.775
0.76
0.764
0.761
0.759
0.766
0.761
0.75
0.733
0.755
0.751
0.763
0.766
0.766
0.745
0.728
0.714
0.721
0.718
0.738
0.752
0.746
0.742
0.733
0.75
0.772
0.785
0.791
0.755
0.758
0.76
0.76
0.751
0.754
0.74
0.744
0.741
0.727
0.735
0.748
0.744
0.756
0.749
0.726
0.746
0.756
0.786
0.771
0.772
0.76
0.771
0.783
0.782
0.803
0.829
0.827
0.811
0.791
0.779
0.775
0.747
0.725
0.718
0.729
0.746
0.76
0.763
0.769
0.787
0.819
0.836
0.805
0.796
0.8
0.8085049
0.838
0.782
0.763
0.75
0.744
0.752
0.779
0.769
0.746
0.75
0.775
0.794
0.796
0.812
0.82
0.813
0.803
0.789
0.781
0.782
0.803
0.812
0.815
0.805
0.782
0.791
0.774
0.775
0.773
0.758
0.759
0.766
0.767
0.762
0.782
0.785
0.816
0.82
0.798
0.79
0.776
0.801
0.845
0.852
0.866
0.876
0.873
0.876
0.856
0.843
0.81
0.802
0.793
0.786
0.781
0.775
0.774
0.763
0.749
0.75
0.761
0.786
0.791
0.788
0.8
0.814
0.798
0.795
0.777
0.757
0.734
0.73
0.752
0.761
0.764
0.762
0.754
0.741
0.721
0.707
0.713
0.733
0.744
0.764
0.796
0.817
0.813
0.815
0.785
0.776
0.777
0.767
0.774
0.791
0.771
0.753
0.738
0.727
0.739
0.731
0.74
0.75
0.752
0.748
0.726
0.717
0.72
0.715
0.703
0.68
0.692
0.704
0.73
0.752
0.763
0.784
0.806
0.818
0.838
0.833
0.822
0.806
0.773
0.78
0.784
0.781
0.772
0.759
0.746
0.736
0.723
0.722
0.749
0.814
0.847
0.867
0.886
0.859
0.834
0.804
0.772
0.733
0.711
0.727
0.761
0.774
0.781
0.799
0.791
0.786
0.763
0.752
0.757
0.763
0.782
0.803
0.819
0.81
0.816
0.828
0.833
0.831
0.849
0.841
0.844
0.864
0.868
0.845
0.7510455
0.864
0.781
0.768
0.784
0.792
0.791
0.794
0.812
0.835
0.836
0.844
0.849
0.873
0.857
0.857
0.874
0.878
0.878
0.87
0.845
0.841
0.833
0.809
0.806
0.83
0.84
0.824
0.818
0.818
0.814
0.819
0.813
0.758
0.763
0.75
0.739
0.738
0.73
0.735
0.714
0.708
0.713
0.724
0.734
0.75
0.757
0.747
0.743
0.74
0.772
0.742
0.731
0.734
0.725
0.702
0.702
0.73
0.725
0.728
0.733
0.739
0.748
0.7460651
0.781
0.696
0.71
0.729
0.73
0.725
0.729
0.731
0.719
0.701
0.698
0.682
0.675
0.686
0.704
0.727
0.761
0.782
0.79
0.804
0.821
0.833
0.843
0.847
0.839
0.834
0.833
0.825
0.817
0.802
0.821
0.824
0.825
0.822
0.82
0.812
0.762
0.762
0.751
0.747
0.746
0.741
0.736
0.715
0.721
0.713
0.714
0.702
0.708
0.715
0.725
0.726
0.722
0.715
0.723
0.725
0.734
0.739
0.758
0.78
0.791
0.791
0.814
0.832
0.832
0.829
0.849
0.849
0.86
0.838
0.835
0.826
0.808
0.779
0.78
0.768
0.767
0.768
0.757
0.732
0.712
0.717
0.696
0.67
0.775
0.734
0.727
0.747
0.747
0.764
0.767
0.767
0.762
0.748
0.732
0.696
0.695
0.682
0.695
0.72
0.716
0.708
0.694
0.703
0.713
0.714
0.72
0.711
0.728
0.721
0.715
0.727
0.727
0.708
0.729
0.745
0.749
0.769
0.786
0.809
0.805
0.803
0.777
0.769
0.778
0.793
0.805
0.831
0.829
0.859
0.859
0.854
0.862
0.869
0.854
0.829
0.792
0.779
0.768
0.769
0.78
0.792
0.812
0.826
0.836
0.789
0.797
0.799
0.798
0.79
0.788
0.782
0.793
0.792
0.814
0.83
0.821
0.794
0.779
0.775
0.791
0.837
0.833
0.831
0.792
0.771
0.731
0.715
0.72
0.741
0.77
0.811
0.826
0.854
0.86
0.843
0.884
0.885
0.875
0.869
0.868
0.872
0.875
0.873
0.856
0.861
0.885
0.904
0.899
0.909
0.911
0.897
0.864
0.842
0.839
0.84
0.828
0.814
0.812
0.786
0.774
0.768
0.7308629
0.793
0.757
0.764
0.766
0.76
0.7419062
0.794
0.722
0.715
0.7
0.715
0.756
0.788
0.816
0.81
0.804
0.77
0.782
0.795
0.761
0.75
0.732
0.708
0.695
0.674
0.665
0.664
0.662
0.66
0.666
0.69
0.694
0.696
0.714
0.738
0.732
0.708
0.71
0.715
0.73
0.709
0.705
0.735
0.754
0.741
0.734
0.723
0.719
0.714
0.708
0.718
0.744
0.785
0.798
0.802
0.792
0.785
0.762
0.734
0.71
0.715
0.75
0.78
0.783
0.776
0.791
0.808
0.807
0.789
0.815
0.827
0.789
0.788
0.768
0.746
0.72
0.683
0.666
0.666
0.688
0.713
0.732
0.736
0.761
0.755
0.784
0.812
0.831
0.833
0.823
0.833
0.822
0.797
0.755
0.8705856
0.908
0.724
0.713
0.707
0.696
0.67
0.675
0.666
0.656
0.667
0.686
0.706
0.735
0.748
0.76
0.778
0.789
0.797
0.794
0.799
0.789
0.768
0.762
0.772
0.782
0.776
0.774
0.75
0.758
0.773
0.791
0.793
0.788
0.776
0.769
0.761
0.749
0.734
0.719
0.734
0.736
0.743
0.748
0.758
0.783
0.796
0.788
0.776
0.775
0.779
0.745
0.744
0.732
0.722
0.739
0.734
0.725
0.724
0.733
0.75
0.757
0.754
0.764
0.757
0.755
0.733
0.729
0.717
0.717
0.713
0.715
0.735
0.743
0.733
0.733
0.737
0.706
0.713
0.746
0.768
0.793
0.801
0.81
0.828
0.833
0.837
0.844
0.841
0.853
0.873
0.853
0.841
0.844
0.852
0.831
0.818
0.826
0.83
0.825
0.835
0.828
0.808
0.791
0.789
0.793
0.802
0.804
0.804
0.7851746
0.838
0.798
0.785
0.77
0.75
0.729
0.713
0.7964011
0.762
0.69
0.711
0.75
0.785
0.799
0.824
0.813
0.819
0.809
0.765
0.776
0.785
0.787
0.77
0.785
0.801
0.792
0.758
0.763
0.767
0.771
0.754
0.744
0.73
0.735
0.738
0.727
0.73
0.743
0.751
0.775
0.786
0.763
0.755
0.736
0.72
0.714
0.723
0.725
0.719
0.723
0.734
0.749
0.765
0.788
0.792
0.794
0.807
0.802
0.782
0.767
0.751
0.732
0.719
0.71
0.707
0.695
0.698
0.731
0.75
0.766
0.78
0.767
0.769
0.779
0.79
0.797
0.82
0.839
0.84
0.847
0.848
0.861
0.8184176
0.912
0.819
0.815
0.785
0.765
0.756
0.752
0.756
0.784
0.795
0.818
0.809
0.817
0.802
0.76
0.745
0.757
0.743
0.755
0.771
0.791
0.793
0.78
0.776
0.756
0.747
0.759
0.762
0.769
0.785
0.791
0.798
0.801
0.879915
0.86
0.789
0.79
0.789
0.787
0.784
0.778
0.753
0.769
0.781
0.772
0.783
0.772
0.789
0.791
0.791
0.786
0.786
0.79
0.764
0.743
0.733
0.731
0.741
0.745
0.748
0.762
0.769
0.77
0.761
0.711
0.704
0.717
0.718
0.702
0.704
0.698
0.7
0.724
0.715
0.71
0.693
0.68
0.685
0.704
0.714
0.726
0.734
0.742
0.741
0.728
0.733
0.721
0.716
0.733
0.748
0.763
0.789
0.796
0.773
0.767
0.764
0.758
0.75
0.739
0.718
0.721
0.716
0.733
0.746
0.771
0.752
0.738
0.743
0.73
0.738
0.747
0.732
0.731
0.739
0.754
0.752
0.751
0.75
0.76
0.741
0.732
0.715
0.712
0.712
0.725
0.734
0.714
0.718
0.722
0.717
0.714
0.696
0.695
0.709
0.737
0.76
0.784
0.805
0.788
0.795
0.775
0.774
0.759
0.765
0.753
0.757
0.75
0.7857479
0.7589264
0.9089021
0.716
0.709
0.707
0.715
0.716
0.719
0.727
0.715
0.717
0.717
0.71
0.705
0.729
0.751
0.793
0.811
0.803
0.814
0.812
0.816
0.825
0.815
0.827
0.862
0.866
0.7890239
0.895
0.804
0.789
0.784
0.769
0.762
0.768
0.758
0.739
0.738
0.728
0.73
0.737
0.739
0.75
0.771
0.783
0.776
0.779
0.779
0.781
0.7724486
0.801
0.744
0.73
0.728
0.739
0.712
0.708
0.687
0.672
0.673
0.676
0.687
0.701
0.724
0.761
0.792
0.843
0.86
0.863
0.874
0.87
0.885
0.879
0.868
0.872
0.834
0.802
0.794
0.797
0.802
0.815
0.777
0.759
0.746
0.756
0.779
0.7421785
0.945
0.766
0.765
0.75
0.742
0.717
0.713
0.731
0.75
0.76
0.782
0.787
0.755
0.734
0.7387465
0.926
0.787
0.777
0.755
0.728
0.739
0.799
0.837
0.833
0.843
0.855
0.859
0.855
0.827
0.809
0.811
0.82
0.831
0.851
0.864
0.866
0.875
0.867
0.821
0.804
0.815
0.819
0.83
0.817
0.802
0.806
0.809
0.793
0.809
0.7765819
0.869
0.773
0.765
0.732
0.721
0.731
0.746
0.767
0.785
0.797
0.797
0.796
0.797
0.794
0.786
0.774
0.787
0.796
0.806
0.787
0.782
0.804
0.875
0.946
0.935
0.932
0.93
0.906
0.858
0.833
0.811
0.772
0.736
0.75
0.786
0.808
0.815
0.838
0.836
0.829
0.851
0.856
0.872
0.872
0.864
0.879
0.875
0.867
0.862
0.853
0.833
0.822
0.826
0.828
0.823
0.806
0.802
0.802
0.805
0.799
0.785
0.775
0.794
0.811
0.806
0.806
0.818
0.816
0.803
0.768
0.755
0.745
0.782
0.748
0.732
0.706
0.689
0.686
0.8350857
0.708
0.69
0.696
0.677
0.684
0.706
0.733
0.778
0.809
0.837
0.859
0.863
0.845
0.844
0.879
0.894
0.912
0.906
0.915
0.92
0.935
0.922
0.916
0.892
0.888
0.898
0.875
0.866
0.859
0.834
0.826
0.833
0.85
0.872
0.875
0.893
0.866
0.871
0.877
0.896
0.904
0.914
0.89
0.848
0.825
0.818
0.823
0.819
0.789
0.786
0.743
0.748
0.75
0.758
0.767
0.79
0.803
0.791
0.789
0.794
0.808
0.838
0.8493029
0.854
0.814
0.83
0.845
0.865
0.863
0.843
0.853
0.871
0.886
0.883
0.885
0.874
0.846
0.832
0.844
0.883
0.858
0.858
0.859
0.874
0.863
0.83
0.809
0.757
0.763
0.8173137
0.794
0.839
0.82
0.818
0.842
0.867
0.895
0.902
0.912
0.909
0.905
0.93
0.937
0.93
0.911
0.89
0.902
0.899
0.896
0.9
0.888
0.859
0.857
0.883
0.864
0.87
0.875
0.888
0.854
0.824
0.806
0.807
0.819
0.871
0.9
0.914
0.914
0.872
0.832
0.795
0.744
0.743
0.781
0.801
0.797
0.806
0.781
0.754
0.757
0.793
0.784
0.763
0.741
0.709
0.71
0.721
0.747
0.823
0.83
0.857
0.854
0.851
0.871
0.887
0.894
0.904
0.892
0.881
0.875
0.84
0.847
0.849
0.872
0.887
0.899
0.879
0.865
0.888
0.7218876
0.7452125
0.7017599
0.904
0.898
0.875
0.871
0.872
0.6981708
0.7877507
0.879
0.876
0.87
0.846
0.812
0.775
0.73
0.697
0.68
0.676
0.725
0.731
0.73
0.716
0.738
0.798
0.813
0.821
0.863
0.892
0.6709149
0.8374724
0.874
0.873
0.881
0.720591
0.7372642
0.6832158
0.6919794
0.6497641
0.7130618
0.869
0.871
0.7455201
0.7397386
0.6771092
0.6762546
0.6919026
0.803794
0.6552895
0.7087125
0.8252827
0.7122032
0.6409803
0.881
0.858
0.823
0.781
0.773
0.75
0.753
0.782
0.799
0.809
0.837
0.847
0.835
0.82
0.827
0.835
0.841
0.857
0.868
0.85
0.83
0.831
0.843
0.837
0.827
0.836
0.858
0.874
0.6677892
0.867
0.857
0.862
0.7308929
0.6820973
0.844
0.832
0.818
0.827
0.848
0.863
0.6689941
0.6808821
0.7049421
0.789364
0.6941559
0.867
0.849
0.833
0.808
0.784
0.773
0.743
0.721
0.704
0.725
0.743
0.757
0.79
0.847
0.7548568
0.7292417
0.687081
0.6069813
0.6635619
0.6650183
0.6949135
0.7650677
0.8205983
0.7783978
0.6836204
0.5920708
0.84
0.822
0.812
0.792
0.788
0.775
0.754
0.797
0.818
0.829
0.824
0.831
0.838
0.6654025
0.6920482
0.7343138
0.7406905
0.7248155
0.6076619
0.7336356
0.6605192
0.695208
0.6893239
0.708954
0.6860154
0.853
0.5903645
0.7252575
0.7052889
0.807
0.772
0.768
0.76
0.77
0.792
0.802
0.847
0.666148
0.6874347
0.6880348
0.6926291
0.7721557
0.6672886
0.6887498
0.832
0.806
0.773
0.742
0.726
0.717
0.712
0.695
0.692
0.683
0.674
0.674
0.676
0.668
0.66
0.665
0.667
0.653
0.661
0.662
0.682
0.688
0.674
0.674
0.689
0.694
0.681
0.67
0.668
0.657
0.649
0.658
0.647
0.662
0.685
0.71
0.738
0.766
0.795
0.793
0.798
0.796
0.819
0.7296492
0.826
0.81
0.803
0.79
0.772
0.73
0.724
0.7201073
0.698
0.635
0.629
0.625
0.612
0.607
0.61
0.607
0.601
0.598
0.588
0.596
0.59
0.588
0.583
0.588
0.583
0.583
0.581
0.583
0.579
0.583
0.58
0.583
0.574
0.581
0.576
0.576
0.57
0.568
0.572
0.568
0.567
0.564
0.568
0.566
0.564
0.562
0.567
0.563
0.566
0.561
0.563
0.565
0.565
0.561
0.559
0.562
0.562
0.558
0.556
0.554
0.558
0.553
0.552
0.55
0.545
0.544
0.541
0.537
0.534
0.536
0.532
0.535
0.533
0.53
0.526
0.526
0.522
0.517
0.516
0.511
0.515
0.51
0.511
0.506
0.505
0.5
0.498
0.5
0.498
0.498
0.494
0.492
0.491
0.488
0.489
0.487
0.485
0.481
0.477
0.481
0.479
0.478
0.473
0.471
0.47
0.47
0.468
0.466
0.463
0.46
0.459
0.461
0.463
0.458
0.458
0.456
0.454
0.454
0.451
0.454
0.454
0.45
0.449
0.446
0.448
0.449
0.445
0.6767504
0.5795414
0.443
0.445
0.723538
0.6143582
0.7152204
0.53397
0.6107582
0.6795113
0.5686898
0.5662492
0.5554671
0.5487281
0.5829951
0.6258652
0.4936789
0.6185161
0.6758055
0.7205149
0.6787974
0.6478765
0.5079384
0.5708909
0.584609
0.6436503
0.5978539
0.5327319
0.6978993
0.6541426
0.615959
0.6708043
0.5267649
0.6389004
0.5720668
0.6396272
0.5974894
0.6362205
0.6754475
0.6005034
0.6570358
0.5327478
0.5587328
0.6844572
0.6200065
0.4831575
0.5215988
0.5867521
0.646472
0.5918276
0.6324105
0.6509995
0.6908001
0.5997712
0.5934735
0.4976035
0.6015379
0.5635867
0.5407632
0.5851987
0.6521679
0.482867
0.5706795
0.601062
0.5440929
0.6128923
0.6170636
0.591891
0.4549311
0.7379619
0.5816745
0.6296575
0.6082711
0.650325
0.6385265
0.5806053
0.6135087
0.5389462
0.6401297
0.5658872
0.7275394
0.4986989
0.5652978
0.6376503
0.6197905
0.557834
0.5348023
0.5988344
0.5897779
0.489802
0.5922708
0.6008987
0.5999041
0.5306447
0.6166086
0.6672268
0.6152552
0.5256452
0.5648837
0.6087229
0.5527761
0.4677389
0.6386517
0.5421974
0.5564811
0.6731764
0.5449997
0.6359718
0.5174475
0.5682951
0.583997
0.522335
0.5522592
0.5862329
0.6254721
0.4948798
0.5679253
0.6300297
0.5571263
0.6001147
0.6149283
0.6022322
0.6238224
0.5801187
0.5636837
0.4382643
0.5815673
0.6109114
0.6167499
0.5553605
0.6865569
0.6025463
0.5934786
0.6578408
0.545855
0.5608671
0.7209131
0.5866902
0.6778473
0.5050728
0.5751801
0.6071114
0.6026502
0.52919
0.5867592
0.5250513
0.6256451
0.6465148
0.4603872
0.6549056
0.5156141
0.610911
0.6224006
0.5740194
0.548947
0.5944706
0.6098079
0.6347593
0.4696758
0.4930254
0.6654094
0.6437987
0.6093949
0.6250984
0.6364235
0.417
0.4351972
0.417
0.417
0.422
0.418
0.421
0.419
0.423
0.424
0.6469935
0.5572844
0.469
0.437
0.428
0.428
0.429
0.433
0.429
0.432
0.433
0.5973514
0.571
0.488
0.446
0.432
0.432
0.5677277
0.568
0.49
0.458
0.44
0.444
0.445
0.445
0.443
0.447
0.448
0.6332893
0.581
0.509
0.491
0.462
0.462
0.467
0.471
0.476
0.472
0.469
0.471
0.479
0.5646959
0.614
0.541
0.529
0.514
0.488
0.494
0.493
0.488
0.479
0.471
0.469
0.471
0.466
0.468
0.479
0.485
0.486
0.495
0.5
0.506
0.509
0.51
0.503
0.499
0.507
0.515
0.522
0.528
0.521
0.515
0.518
0.527
0.538
0.532
0.52
0.516
0.521
0.521
0.521
0.514
0.509
0.508
0.521
0.527
0.531
0.526
0.521
0.533
0.553
0.567
0.567
0.57
0.547
0.536
0.541
0.552
0.567
0.574
0.567
0.555
0.538
0.545
0.559
0.577
0.57
0.565
0.556
0.543
0.535
0.541
0.55
0.559
0.55
0.551
0.556
0.555
0.561
0.546
0.533
0.537
0.541
0.55
0.548
0.538
0.53
0.527
0.534
0.541
0.54
0.55
0.538
0.538
0.543
0.559
0.565
0.568
0.567
0.562
0.589
0.607
0.616
0.637
0.606
0.598
0.592
0.65
0.6145981
0.5634809
0.752
0.739
0.687
0.594
0.602
0.5239882
0.605
0.6534438
0.635
0.606
0.637
0.645
0.604
0.593
0.575
0.571
0.563
0.571
0.591
0.606
0.615
0.601
0.598
0.631
0.678
0.689
0.745
0.698
0.634
0.63
0.643
0.668
0.698
0.676
0.638
0.608
0.624
0.639
0.65
0.685
0.751
0.693
0.668
0.647
0.63
0.652
0.657
0.666
0.684
0.636
0.63
0.614
0.629
0.632
0.648
0.642
0.625
0.636
0.647
0.656
0.627
0.619
0.608
0.623
0.639
0.65
0.655
0.614
0.6
0.583
0.579
0.58
0.589
0.591
0.61
0.595
0.61
0.622
0.654
0.646
0.639
0.669
0.691
0.693
0.689
0.671
0.642
0.65
0.673
0.68
0.68
0.678
0.672
0.657
0.653
0.669
0.694
0.701
0.693
0.695
0.674
0.644
0.646
0.662
0.671
0.683
0.681
0.67
0.65
0.658
0.667
0.689
0.706
0.688
0.699
0.675
0.649
0.643
0.643
0.647
0.653
0.658
0.646
0.647
0.662
0.705
0.72
0.717
0.708
0.6272133
0.685
0.669
0.656
0.678
0.674
0.683
0.673
0.66
0.651
0.636
0.634
0.63
0.635
0.65
0.645
0.651
0.648
0.65
0.647
0.649
0.654
0.656
0.659
0.664
0.649
0.655
0.661
0.671
0.668
0.652
0.648
0.647
0.665
0.676
0.701
0.708
0.711
0.704
0.679
0.663
0.662
0.677
0.706
0.722
0.706
0.705
0.681
0.672
0.667
0.685
0.704
0.714
0.715
0.712
0.699
0.675
0.678
0.685
0.704
0.712
0.722
0.706
0.687
0.671
0.666
0.653
0.634
0.622
0.613
0.604
0.6
0.622
0.633
0.628
0.63
0.627
0.643
0.647
0.666
0.67
0.68
0.674
0.671
0.666
0.668
0.689
0.713
0.732
0.757
0.75
0.739
0.735
0.725
0.694
0.697
0.715
0.719
0.75
0.721
0.723
0.702
0.698
0.687
0.691
0.699
0.704
0.704
0.7
0.688
0.673
0.677
0.693
0.71
0.722
0.717
0.717
0.7
0.689
0.682
0.689
0.688
0.689292
0.5960916
0.6557555
0.703645
0.708
0.576915
0.66
0.636
0.644
0.648
0.653
0.655
0.683
0.715
0.715
0.719
0.71
0.699
0.674
0.66
0.662
0.686
0.711
0.743
0.746
0.725
0.705
0.684
0.688
0.709
0.5204097
0.695
0.742
0.725
0.726
0.697
0.685
0.686
0.7
0.714
0.758
0.762
0.752
0.757
0.727
0.706
0.69
0.694
0.5829022
0.696
0.728
0.714
0.725
0.708
0.698
0.691
0.694
0.706
0.711
0.724
0.718
0.721
0.709
0.682
0.654
0.644
0.63
0.619
0.605
0.628
0.625
0.625
0.633
0.65
0.648
0.671
0.681
0.706
0.708
0.706
0.69
0.682
0.669
0.651
0.652
0.649
0.641
0.655
0.661
0.696
0.687
0.691
0.698
0.691
0.693
0.675
0.678
0.685
0.707
0.702
0.713
0.715
0.694
0.685
0.681
0.695
0.694
0.709
0.712
0.72
0.708
0.696
0.682
0.684
0.688
0.698
0.7
0.7
0.699
0.694
0.683
0.685
0.684
0.677
0.673
0.5924503
0.6131351
0.7009996
0.654
0.638
0.627
0.624
0.614
0.606
0.601
0.599
0.6
0.6
0.612
0.615
0.62
0.614
0.624
0.617
0.616
0.618
0.62
0.624
0.625
0.62
0.615
0.443
0.5896284
0.625
0.638
0.633
0.631
0.629
0.638
0.648
0.648
0.661
0.654
0.654
0.668
0.68
0.674
0.677
0.677
0.687
0.695
0.684
0.676
0.66
0.662
0.671
0.687
0.709
0.727
0.719
0.695
0.687
0.687
0.696
0.705
0.704
0.687
0.677
0.687
0.685
0.673
0.665
0.663
0.671
0.671
0.672
0.657
0.663
0.679
0.686
0.678
0.669
0.682
0.696
0.707
0.732
0.712
0.691
0.677
0.677
0.675
0.666
0.692
0.697
0.722
0.703
0.677
0.668
0.682
0.668
0.678
0.666
0.676
0.662
0.674
0.665
0.6399634
0.657
0.701
0.68
0.672
0.663
0.655
0.658
0.537
0.781
0.666
0.671
0.684
0.679
0.67
0.669
0.681
0.676
0.686
0.674
0.668
0.668
0.681
0.689
0.699
0.707
0.688
0.69
0.684
0.708
0.712
0.715
0.69
0.689
0.681
0.657
0.665
0.665
0.673
0.648
0.65
0.659
0.668
0.673
0.664
0.654
0.643
0.669
0.676
0.67
0.664
0.657
0.694
0.679
0.684
0.683
0.684
0.66
0.677
0.682
0.668
0.672
0.689
0.671
0.686
0.677
0.688
0.692
0.666
0.678
0.666
0.657
0.681
0.684
0.663
0.67
0.674
0.689
0.673
0.656
0.651
0.658
0.656
0.666
0.663
0.653
0.662
0.671
0.667
0.653
0.648
0.661
0.661
0.674
0.673
0.663
0.662
0.661
0.661
0.668
0.651
0.649
0.662
0.665
0.668
0.65
0.663
0.647
0.667
0.666
0.674
0.66
0.654
0.642
0.649
0.648
0.662
0.668
0.675
0.673
0.674
0.668
0.656
0.655
0.654
0.657
0.666
0.666
0.669
0.651
0.651
0.642
0.658
0.67
0.662
0.649
0.651
0.656
0.66
0.663
0.664
0.672
0.654
0.644
0.639
0.641
0.629
0.637
0.64
0.644
0.648
0.632
0.626
0.639
0.645
0.64
0.644
0.648
0.631
0.625
0.629
0.635
0.625
0.632
0.624
0.634
0.623
0.637
0.638
0.632
0.639
0.632
0.627
0.64
0.628
0.622
0.621
0.624
0.628
0.639
0.639
0.641
0.644
0.645
0.643
0.627
0.632
0.623
0.61
0.624
0.624
0.625
0.614
0.62
0.622
0.629
0.629
0.617
0.609
0.618
0.614
0.625
0.621
0.611
0.606
0.597
0.611
0.617
0.625
0.628
0.626
0.638
0.625
0.62
0.63
0.633
0.641
0.631
0.65
0.631
0.624
0.626
0.631
0.642
0.638
0.631
0.621
0.625
0.63
0.627
0.629
0.632
0.627
0.625
0.625
0.62
0.626
0.625
0.61
0.617
0.62
0.608
0.62
0.613
0.603
0.598
0.614
0.609
0.626
0.628
0.636
0.65
0.639
0.629
0.622
0.628
0.648
0.645
0.647
0.64
0.645
0.639
0.651
0.654
0.663
0.661
0.658
0.665
0.661
0.666
0.662
0.664
0.672
0.662
0.657
0.6602115
0.654
0.662
0.638
0.625
0.631
0.634
0.638
0.629
0.625
0.628
0.634
0.636
0.634
0.647
0.64
0.642
0.649
0.646
0.638
0.649
0.647
0.644
0.63
0.633
0.638
0.646
0.642
0.628
0.626
0.629
0.63
0.63
0.619
0.627
0.634
0.627
0.64
0.637
0.644
0.633
0.632
0.637
0.633
0.636
0.65
0.658
0.66
0.664
0.668
0.666
0.655
0.638
0.625
0.642
0.641
0.628
0.637
0.643
0.632
0.612
0.631
0.628
0.615
0.626
0.635
0.628
0.625
0.627
0.624
0.617
0.62
0.609
0.614
0.607
0.604
0.603
0.608
0.6
0.601
0.603
0.603
0.612
0.613
0.611
0.611
0.61
0.614
0.617
0.621
0.626
0.6961872
0.7129539
0.7702315
0.626
0.632
0.63
0.635
0.631
0.628
0.633
0.632
0.7047381
0.7382589
0.7422354
0.534
0.722
0.7506739
0.6672172
0.7912434
0.6786271
0.64
