0.809
0.806
0.795
0.79
0.8
0.809
0.798
0.788
0.796
0.795
0.779
0.789
0.796
0.773
0.797
0.795
0.787
0.773
0.789
0.792
0.778
0.796
0.797
0.789
0.77
0.786
0.79
0.776
0.777
0.785
0.785
0.765
0.782
0.784
0.775
0.773
0.785
0.789
0.766
0.787
0.787
0.783
0.776
0.794
0.791
0.771
0.79
0.791
0.789
0.772
0.791
0.797
0.785
0.799
0.803
0.8
0.795
0.801
0.8
0.786
0.803
0.801
0.77
0.809
0.815
0.818
0.809
0.817
0.82
0.805
0.798
0.793
0.799
0.782
0.798
0.799
0.796
0.796
0.813
0.811
0.791
0.82
0.818
0.821
0.802
0.814
0.815
0.805
0.813
0.816
0.806
0.785
0.797
0.802
0.807
0.786
0.805
0.796
0.807
0.792
0.788
0.805
0.802
0.801
0.795
0.811
0.812
0.809
0.799
0.811
0.818
0.818
0.794
0.816
0.82
0.81
0.803
0.81
0.806
0.8
0.784
0.8
0.791
0.775
0.79
0.792
0.784
0.773
0.789
0.788
0.774
0.773
0.781
0.782
0.764
0.779
0.777
0.762
0.745
0.778
0.772
0.765
0.761
0.776
0.778
0.766
0.784
0.789
0.791
0.779
0.791
0.792
0.79
0.787
0.779
0.79
0.793
0.795
0.787
0.809
0.814
0.797
0.82
0.815
0.807
0.792
0.81
0.812
0.798
0.799
0.804
0.809
0.785
0.805
0.803
0.791
0.79
0.797
0.803
0.783
0.806
0.811
0.807
0.79
0.803
0.807
0.804
0.791
0.809
0.807
0.8
0.792
0.804
0.806
0.789
0.796
0.803
0.792
0.782
0.792
0.794
0.789
0.78
0.806
0.805
0.786
0.796
0.801
0.804
0.78
0.802
0.804
0.8
0.779
0.801
0.8
0.801
0.784
0.802
0.811
0.799
0.789
0.808
0.805
0.791
0.791
0.807
0.813
0.793
0.801
0.824
0.818
0.799
0.804
0.805
0.813
0.795
0.811
0.814
0.817
0.793
0.81
0.823
0.826
0.808
0.81
0.812
0.816
0.806
0.796
0.81
0.813
0.808
0.791
0.812
0.813
0.812
0.791
0.815
0.809
0.802
0.791
0.817
0.815
0.805
0.793
0.809
0.815
0.812
0.792
0.801
0.817
0.811
0.802
0.81
0.817
0.817
0.794
0.817
0.818
0.818
0.803
0.82
0.823
0.796
0.803
0.813
0.809
0.796
0.8
0.804
0.814
0.783
0.801
0.802
0.81
0.794
0.809
0.819
0.824
0.797
0.826
0.819
0.814
0.798
0.818
0.82
0.804
0.79
0.814
0.813
0.81
0.787
0.812
0.822
0.817
0.794
0.811
0.818
0.819
0.805
0.819
0.815
0.821
0.803
0.816
0.823
0.828
0.815
0.825
0.833
0.817
0.785
0.788
0.836
0.827
0.829
0.827
0.816
0.819
0.844
0.799
0.83
0.829
0.826
0.819
0.805
0.835
0.814
0.795
0.809
0.822
0.812
0.796
0.819
0.82
0.82
0.801
0.823
0.818
0.821
0.815
0.832
0.827
0.83
0.823
0.805
0.818
0.821
0.815
0.822
0.819
0.801
0.813
0.812
0.811
0.812
0.801
0.832
0.827
0.829
0.806
0.823
0.821
0.826
0.828
0.805
0.82
0.828
0.821
0.814
0.809
0.828
0.822
0.818
0.809
0.821
0.834
0.837
0.834
0.803
0.831
0.826
0.834
0.83
0.7021909
0.827
0.805
0.825
0.82
0.813
0.803
0.808
0.814
0.823
0.806
0.81
0.814
0.824
0.829
0.807
0.764
0.777
0.76
0.738
0.742
0.723
0.721
0.725
0.718
0.716
0.717
0.703
0.722
0.708
0.708
0.712
0.697
0.714
0.702
0.723
0.724
0.709
0.731
0.725
0.72
0.746
0.741
0.759
0.756
0.759
0.759
0.763
0.771
0.764
0.776
0.771
0.753
0.763
0.764
0.757
0.759
0.763
0.745
0.761
0.754
0.739
0.755
0.762
0.756
0.734
0.754
0.737
0.715
0.711
0.726
0.743
0.744
0.754
0.76
0.763
0.768
0.769
0.76
0.769
0.761
0.753
0.754
0.761
0.737
0.75
0.755
0.757
0.741
0.763
0.747
0.6990373
0.7662951
0.717
0.729
0.715
0.699
0.688
0.698
0.677
0.689
0.682
0.669
0.673
0.682
0.677
0.673
0.683
0.678
0.663
0.679
0.667
0.666
0.67
0.65
0.66
0.663
0.649
0.669
0.651
0.667
0.66
0.645
0.647
0.641
0.649
0.636
0.655
0.644
0.646
0.638
0.633
0.634
0.634
0.649
0.642
0.645
0.626
0.636
0.625
0.63
0.637
0.625
0.639
0.62
0.629
0.617
0.625
0.624
0.622
0.628
0.619
0.627
0.611
0.624
0.625
0.615
0.624
0.611
0.618
0.604
0.606
0.611
0.607
0.614
0.605
0.619
0.605
0.605
0.601
0.606
0.598
0.605
0.601
0.603
0.606
0.604
0.598
0.6
0.599
0.604
0.614
0.595
0.614
0.607
0.599
0.606
0.591
0.603
0.604
0.597
0.614
0.593
0.604
0.603
0.605
0.596
0.596
0.595
0.598
0.594
0.592
0.608
0.586
0.593
0.585
0.588
0.59
0.592
0.601
0.588
0.598
0.585
0.592
0.59
0.588
0.597
0.697948
0.588
0.583
0.59
0.588
0.59
0.6997837
0.592
0.7594049
0.594
0.594
0.711974
0.599
0.582
0.596
0.582
0.592
0.59
0.6465403
0.585
0.59
0.584
0.582
0.595
0.6679906
0.584
0.586
0.676916
0.596
0.7397176
0.7071042
0.586
0.7085438
0.587
0.583
0.6974623
0.581
0.6722514
0.760465
0.584
0.7118022
0.6189054
0.719373
0.6750896
0.58
0.6525778
0.6845492
0.6540606
0.6652085
0.6690756
0.6290328
0.7240974
0.6982677
0.6495663
0.7396396
0.7084269
0.6812015
0.7260011
0.7253208
0.7231509
0.7181038
0.7129903
0.689752
0.6805211
0.6776785
0.6658049
0.6841106
0.6442369
0.7735932
0.7373561
0.6495023
0.6766063
0.6741742
0.7211117
0.6885577
0.701215
0.6905692
0.579
0.6899786
0.7431313
0.583
0.599
0.604
0.603
0.603
0.611
0.621
0.621
0.613
0.629
0.631
0.618
0.615
0.626
0.622
0.616
0.622
0.624
0.61
0.616
0.622
0.608
0.609
0.618
0.604
0.608
0.611
0.604
0.599
0.611
0.605
0.597
0.605
0.591
0.588
0.596
0.585
0.583
0.589
0.6826743
0.582
0.588
0.7483285
0.586
0.591
0.581
0.592
0.602
0.598
0.586
0.594
0.603
0.594
0.604
0.621
0.613
0.605
0.621
0.61
0.605
0.613
0.609
0.613
0.618
0.616
0.617
0.631
0.625
0.625
0.641
0.658
0.644
0.638
0.648
0.657
0.65
0.656
0.669
0.678
0.652
0.672
0.722
0.665
0.67
0.674
0.682
0.673
0.666
0.684
0.682
0.666
0.682
0.681
0.68
0.678
0.707
0.699
0.679
0.694
0.703
0.681
0.668
0.685
0.69
0.68
0.672
0.685
0.691
0.697
0.668
0.679
0.68
0.682
0.666
0.676
0.677
0.652
0.661
0.673
0.669
0.664
0.683
0.681
0.67
0.696
0.698
0.678
0.683
0.704
0.698
0.681
0.705
0.718
0.702
0.708
0.73
0.735
0.712
0.723
0.728
0.705
0.717
0.721
0.699
0.693
0.723
0.736
0.706
0.71
0.74
0.739
0.719
0.75
0.762
0.718
0.748
0.755
0.723
0.721
0.738
0.753
0.717
0.74
0.747
0.747
0.715
0.743
0.764
0.737
0.761
0.739
0.721
0.749
0.724
0.7
0.679
0.747
0.75
0.775
0.736
0.732
0.756
0.751
0.731
0.751
0.777
0.6399237
0.745
0.796
0.811
0.799
0.753
0.767
0.753
0.746
0.752
0.736
0.75
0.763
0.781
0.75
0.778
0.788
0.75
0.777
0.794
0.778
0.747
0.77
0.754
0.755
0.776
0.75
0.77
0.785
0.753
0.747
0.776
0.766
0.754
0.77
0.762
0.733
0.747
0.75
0.727
0.735
0.75
0.732
0.718
0.717
0.727
0.719
0.716
0.743
0.724
0.703
0.729
0.755
0.739
0.748
0.76
0.76
0.738
0.765
0.771
0.743
0.74
0.76
0.764
0.756
0.78
0.776
0.745
0.776
0.776
0.746
0.763
0.769
0.729
0.757
0.77
0.743
0.75
0.767
0.754
0.734
0.757
0.772
0.737
0.768
0.762
0.748
0.751
0.771
0.751
0.75
0.769
0.752
0.726
0.756
0.768
0.747
0.751
0.773
0.775
0.75
0.773
0.78
0.764
0.754
0.771
0.769
0.746
0.742
0.768
0.749
0.738
0.756
0.771
0.766
0.734
0.763
0.766
0.75
0.752
0.765
0.749
0.748
0.764
0.754
0.752
0.775
0.759
0.754
0.778
0.767
0.774
0.773
0.749
0.762
0.769
0.771
0.772
0.738
0.757
0.772
0.742
0.73
0.749
0.782
0.784
0.786
0.786
0.817
0.801
0.757
0.772
0.782
0.765
0.764
0.768
0.761
0.771
0.773
0.77
0.764
0.775
0.779
0.782
0.772
0.771
0.781
0.761
0.761
0.771
0.782
0.782
0.772
0.765
0.78
0.792
0.766
0.782
0.791
0.787
0.766
0.784
0.788
0.755
0.791
0.778
0.744
0.738
0.793
0.801
0.807
0.796
0.762
0.79
0.794
0.77
0.783
0.802
0.791
0.766
0.785
0.792
0.769
0.795
0.791
0.795
0.791
0.796
0.788
0.763
0.786
0.781
0.756
0.79
0.797
0.783
0.806
0.803
0.791
0.805
0.783
0.798
0.807
0.808
0.8
0.799
0.798
0.773
0.791
0.801
0.776
0.81
0.808
0.78
0.792
0.802
0.811
0.803
0.819
0.805
0.781
0.803
0.804
0.808
0.821
0.806
0.797
0.822
0.812
0.81
0.79
0.812
0.81
0.809
0.792
0.806
0.807
0.79
0.801
0.813
0.814
0.793
0.812
0.8
0.791
0.811
0.81
0.809
0.81
0.779
0.804
0.811
0.812
0.81
0.775
0.798
0.808
0.802
0.783
0.801
0.809
0.781
0.807
0.812
0.82
0.808
0.808
0.817
0.789
0.807
0.802
0.806
0.799
0.806
0.806
0.789
0.812
0.807
0.783
0.791
0.787
0.793
0.81
0.791
0.803
0.795
0.785
0.791
0.779
0.777
0.771
0.776
0.772
0.753
0.75
0.732
0.741
0.728
0.712
0.72
0.696
0.716
0.711
0.69
0.711
0.708
0.701
0.707
0.72
0.721
0.713
0.731
0.734
0.723
0.735
0.741
0.747
0.739
0.721
0.7985391
0.7813645
0.7850182
0.742
0.75
0.742
0.748
0.75
0.751
0.746
0.756
0.753
0.742
0.758
0.763
0.77
0.756
0.773
0.767
0.751
0.768
0.763
0.737
0.77
0.754
0.745
0.763
0.762
0.755
0.769
0.739
0.75
0.739
0.737
0.723
0.718
0.733
0.727
0.728
0.749
0.729
0.756
0.735
0.716
0.735
0.774
0.781
0.794
0.805
0.773
0.798
0.796
0.778
0.791
0.79
0.789
0.775
0.787
0.795
0.787
0.772
0.789
0.791
0.775
0.786
0.798
0.794
0.777
0.805
0.808
0.791
0.804
0.805
0.778
0.791
0.797
0.783
0.796
0.798
0.778
0.798
0.801
0.787
0.787
0.795
0.794
0.778
0.785
0.787
0.776
0.803
0.793
0.78
0.791
0.797
0.799
0.802
0.812
0.816
0.797
0.788
0.795
0.798
0.807
0.786
0.771
0.789
0.783
0.789
0.791
0.794
0.789
0.782
0.789
0.809
0.806
0.792
0.811
0.81
0.791
0.812
0.809
0.798
0.823
0.797
0.827
0.829
0.822
0.814
0.836
0.823
0.835
0.839
0.833
0.809
0.825
0.827
0.802
0.816
0.826
0.809
0.788
0.824
0.815
0.818
0.804
0.829
0.833
0.814
0.834
0.84
0.833
0.822
0.835
0.831
0.814
0.818
0.818
0.814
0.801
0.811
0.822
0.804
0.808
0.803
0.808
0.813
0.814
0.804
0.814
0.813
0.805
0.827
0.82
0.806
0.822
0.825
0.81
0.787
0.816
0.817
0.803
0.802
0.813
0.824
0.805
0.831
0.827
0.817
0.817
0.827
0.827
0.813
0.83
0.834
0.802
0.822
0.781
0.766
0.764
0.747
0.74
0.739
0.728
0.721
0.718
0.722
0.715
0.719
0.719
0.721
0.73
0.729
0.705
0.708
0.731
0.713
0.73
0.735
0.717
0.708
0.739
0.736
0.75
0.744
0.749
0.77
0.774
0.786
0.777
0.803
0.798
0.813
0.791
0.808
0.815
0.799
0.798
0.811
0.807
0.777
0.798
0.799
0.78
0.801
0.803
0.791
0.796
0.8
0.792
0.791
0.798
0.797
0.773
0.79
0.796
0.802
0.782
0.797
0.798
0.802
0.791
0.817
0.83
0.804
0.82
0.836
0.802
0.798
0.821
0.802
0.781
0.796
0.793
0.773
0.799
0.797
0.795
0.774
0.794
0.803
0.779
0.806
0.81
0.797
0.785
0.818
0.811
0.787
0.808
0.816
0.799
0.791
0.749
0.761
0.755
0.737
0.712
0.721
0.708
0.695
0.702
0.706
0.702
0.706
0.708
0.711
0.726
0.716
0.733
0.753
0.774
0.759
0.782
0.793
0.791
0.794
0.805
0.798
0.805
0.831
0.826
0.828
0.843
0.845
0.826
0.823
0.804
0.806
0.796
0.787
0.794
0.812
0.796
0.81
0.822
0.809
0.827
0.833
0.828
0.823
0.798
0.801
0.784
0.778
0.776
0.763
0.752
0.751
0.753
0.761
0.767
0.756
0.753
0.763
0.76
0.785
0.791
0.8
0.796
0.819
0.815
0.81
0.831
0.82
0.806
0.796
0.781
0.763
0.78
0.774
0.765
0.757
0.751
0.75
0.742
0.723
0.73
0.725
0.73
0.74
0.741
0.755
0.751
0.77
0.782
0.785
0.803
0.811
0.802
0.83
0.829
0.811
0.832
0.832
0.827
0.829
0.823
0.814
0.826
0.819
0.826
0.822
0.827
0.815
0.804
0.807
0.819
0.817
0.832
0.841
0.841
0.836
0.848
0.824
0.843
0.834
0.805
0.837
0.84
0.824
0.806
0.8
0.826
0.81
0.833
0.835
0.838
0.836
0.835
0.831
0.84
0.842
0.837
0.82
0.826
0.814
0.834
0.822
0.831
0.837
0.832
0.84
0.835
0.847
0.856
0.853
0.846
0.857
0.842
0.828
0.862
0.856
0.846
0.854
0.846
0.857
0.854
0.867
0.861
0.854
0.852
0.855
0.848
0.861
0.865
0.866
0.859
0.874
0.875
0.867
0.852
0.828
0.83
0.812
0.82
0.8
0.79
0.783
0.772
0.762
0.767
0.763
0.769
0.757
0.757
0.756
0.769
0.771
0.781
0.78
0.784
0.78
0.771
0.783
0.788
0.785
0.803
0.806
0.786
0.803
0.804
0.796
0.799
0.798
0.798
0.801
0.804
0.821
0.847
0.827
0.846
0.83
0.831
0.837
0.847
0.83
0.83
0.807
0.786
0.774
0.786
0.764
0.748
0.747
0.77
0.767
0.76
0.757
0.755
0.763
0.754
0.76
0.754
0.76
0.758
0.751
0.738
0.733
0.744
0.737
0.742
0.733
0.747
0.756
0.74
0.752
0.75
0.749
0.761
0.755
0.756
0.744
0.757
0.759
0.742
0.776
0.774
0.77
0.79
0.77
0.788
0.784
0.791
0.779
0.769
0.775
0.787
0.767
0.767
0.794
0.798
0.824
0.802
0.8
0.803
0.808
0.778
0.789
0.796
0.797
0.764
0.789
0.792
0.799
0.772
0.796
0.809
0.805
0.781
0.798
0.799
0.814
0.82
0.808
0.79
0.779
0.786
0.792
0.792
0.803
0.818
0.833
0.836
0.833
0.834
0.855
0.846
0.855
0.845
0.84
0.814
0.824
0.815
0.787
0.811
0.817
0.795
0.821
0.838
0.843
0.833
0.832
0.799
0.813
0.826
0.835
0.831
0.821
0.834
0.833
0.814
0.838
0.845
0.861
0.845
0.824
0.832
0.842
0.854
0.845
0.819
0.83
0.844
0.842
0.845
0.841
0.823
0.841
0.84
0.849
0.855
0.846
0.82
0.842
0.836
0.816
0.832
0.84
0.817
0.823
0.84
0.836
0.837
0.821
0.844
0.846
0.836
0.822
0.83
0.831
0.824
0.83
0.843
0.818
0.839
0.829
0.817
0.84
0.842
0.85
0.859
0.837
0.841
0.851
0.823
0.848
0.844
0.843
0.839
0.828
0.839
0.833
0.82
0.829
0.838
0.847
0.842
0.832
0.816
0.83
0.861
0.85
0.849
0.863
0.865
0.837
0.856
0.833
0.812
0.797
0.804
0.798
0.784
0.787
0.756
0.759
0.781
0.769
0.765
0.781
0.761
0.783
0.769
0.769
0.762
0.749
0.758
0.752
0.745
0.758
0.75
0.76
0.757
0.759
0.761
0.776
0.781
0.792
0.796
0.807
0.801
0.79
0.796
0.801
0.798
0.794
0.785
0.794
0.801
0.795
0.794
0.779
0.776
0.786
0.773
0.763
0.781
0.778
0.791
0.779
0.804
0.807
0.786
0.796
0.801
0.792
0.791
0.756
0.769
0.763
0.752
0.752
0.741
0.736
0.742
0.74
0.748
0.726
0.749
0.745
0.732
0.745
0.723
0.724
0.723
0.701
0.714
0.708
0.7
0.71
0.701
0.715
0.704
0.7
0.742
0.735
0.722
0.731
0.712
0.73
0.736
0.739
0.743
0.757
0.751
0.791
0.75
0.753
0.78
0.771
0.774
0.782
0.793
0.794
0.794
0.745
0.781
0.822
0.833
0.802
0.791
0.801
0.784
0.793
0.783
0.786
0.765
0.786
0.776
0.756
0.763
0.741
0.732
0.735
0.749
0.747
0.754
0.765
0.754
0.771
0.76
0.745
0.763
0.764
0.769
0.752
0.762
0.762
0.745
0.759
0.761
0.74
0.774
0.775
0.793
0.782
0.77
0.777
0.774
0.77
0.792
0.78
0.774
0.777
0.782
0.789
0.769
0.767
0.775
0.767
0.759
0.757
0.765
0.738
0.754
0.743
0.729
0.737
0.748
0.718
0.745
0.731
0.715
0.713
0.73
0.741
0.752
0.751
0.755
0.734
0.753
0.752
0.75
0.737
0.729
0.725
0.724
0.715
0.703
0.715
0.724
0.724
0.727
0.722
0.718
0.728
0.715
0.735
0.726
0.719
0.73
0.721
0.713
0.715
0.712
0.716
0.713
0.704
0.711
0.71
0.715
0.732
0.724
0.729
0.735
0.714
0.727
0.716
0.734
0.739
0.747
0.736
0.722
0.735
0.726
0.711
0.731
0.726
0.715
0.74
0.742
0.728
0.725
0.719
0.713
0.722
0.727
0.725
0.739
0.751
0.75
0.757
0.774
0.738
0.739
0.747
0.716
0.746
0.749
0.743
0.755
0.76
0.747
0.756
0.758
0.765
0.758
0.76
0.761
0.763
0.762
0.77
0.734
0.758
0.735
0.75
0.732
0.752
0.754
0.742
0.764
0.768
0.755
0.77
0.77
0.764
0.761
0.764
0.761
0.735
0.749
0.75
0.735
0.756
0.764
0.753
0.75
0.773
0.768
0.75
0.766
0.775
0.764
0.765
0.774
0.753
0.771
0.761
0.744
0.754
0.744
0.747
0.76
0.755
0.747
0.765
0.763
0.75
0.767
0.77
0.754
0.763
0.756
0.748
0.732
0.735
0.719
0.703
0.707
0.717
0.736
0.751
0.772
0.784
0.791
0.784
0.779
0.785
0.791
0.802
0.785
0.792
0.789
0.784
0.768
0.778
0.781
0.783
0.778
0.784
0.774
0.756
0.769
0.77
0.748
0.766
0.766
0.75
0.756
0.75
0.747
0.733
0.739
0.721
0.728
0.728
0.736
0.729
0.739
0.731
0.722
0.727
0.709
0.696
0.711
0.702
0.69
0.708
0.702
0.708
0.72
0.723
0.712
0.7490783
0.7157259
0.712
0.728
0.716
0.715
0.73
0.732
0.729
0.743
0.751
0.735
0.743
0.732
0.706
0.707
0.7
0.697
0.692
0.688
0.696
0.709
0.701
0.705
0.714
0.714
0.718
0.711
0.723
0.721
0.736
0.728
0.745
0.748
0.726
0.743
0.742
0.748
0.729
0.731
0.728
0.705
0.712
0.708
0.705
0.698
0.708
0.711
0.697
0.714
0.711
0.7
0.708
0.709
0.708
0.703
0.708
0.704
0.693
0.707
0.701
0.698
0.69
0.679
0.669
0.685
0.683
0.681
0.687
0.691
0.715
0.716
0.73
0.726
0.742
0.744
0.749
0.747
0.742
0.735
0.734
0.726
0.742
0.74
0.743
0.733
0.735
0.718
0.713
0.716
0.723
0.726
0.731
0.722
0.73
0.72
0.719
0.723
0.724
0.718
0.712
0.705
0.708
0.7
0.701
0.706
0.708
0.72
0.722
0.725
0.726
0.719
0.724
0.712
0.716
0.719
0.72
0.722
0.718
0.722
0.724
0.726
0.72
0.73
0.73
0.722
0.731
0.732
0.728
0.736
0.744
0.736
0.732
0.737
0.737
0.734
0.741
0.74
0.731
0.741
0.744
0.729
0.739
0.734
0.726
0.729
0.737
0.738
0.73
0.737
0.741
0.735
0.737
0.737
0.734
0.714
0.725
0.727
0.717
0.723
0.734
0.719
0.738
0.747
0.744
0.738
0.745
0.75
0.747
0.731
0.745
0.725
0.728
0.729
0.719
0.721
0.724
0.708
0.719
0.717
0.709
0.696
0.714
0.711
0.717
0.708
0.717
0.713
0.708
0.709
0.715
0.714
0.724
0.72
0.727
0.723
0.725
0.72
0.699
0.699
0.702
0.699
0.699
0.71
0.731
0.753
0.753
0.758
0.757
0.758
0.748
0.738
0.747
0.748
0.744
0.75
0.756
0.75
0.751
0.743
0.729
0.734
0.718
0.713
0.717
0.714
0.704
0.699
0.686
0.675
0.687
0.679
0.683
0.676
0.689
0.697
0.697
0.699
0.704
0.704
0.695
0.711
0.709
0.704
0.708
0.702
0.71
0.705
0.701
0.713
0.726
0.726
0.716
0.716
0.697
0.691
0.685
0.692
0.677
0.678
0.665
0.681
0.698
0.708
0.726
0.739
0.742
0.737
0.732
0.716
0.716
0.708
0.715
0.71
0.707
0.693
0.708
0.7
0.691
0.708
0.708
0.692
0.708
0.714
0.717
0.71
0.731
0.738
0.72
0.738
0.742
0.739
0.744
0.75
0.74
0.723
0.742
0.73
0.722
0.728
0.738
0.728
0.711
0.733
0.727
0.714
0.734
0.726
0.718
0.73
0.726
0.727
0.713
0.729
0.734
0.712
0.733
0.731
0.712
0.728
0.735
0.715
0.73
0.731
0.72
0.738
0.736
0.719
0.742
0.745
0.728
0.746
0.747
0.735
0.741
0.739
0.738
0.752
0.756
0.74
0.756
0.755
0.758
0.735
0.754
0.761
0.736
0.757
0.753
0.747
0.762
0.76
0.755
0.75
0.754
0.75
0.742
0.739
0.732
0.748
0.757
0.759
0.77
0.769
0.759
0.765
0.77
0.75
0.779
0.763
0.722
0.728
0.74
0.758
0.744
0.733
0.75
0.75
0.726
0.729
0.731
0.732
0.72
0.74
0.738
0.731
0.726
0.726
0.718
0.713
0.712
0.7
0.698
0.699
0.699
0.688
0.709
0.708
0.694
0.688
0.723
0.713
0.71
0.693
0.712
0.7
0.694
0.704
0.686
0.693
0.699
0.69
0.708
0.708
0.7
0.715
0.703
0.698
0.7
0.726
0.711
0.717
0.711
0.712
0.701
0.717
0.705
0.687
0.698
0.705
0.682
0.701
0.689
0.684
0.701
0.703
0.702
0.706
0.711
0.722
0.721
0.718
0.728
0.712
0.712
0.703
0.721
0.718
0.705
0.711
0.718
0.708
0.695
0.716
0.713
0.691
0.717
0.693
0.68
0.684
0.673
0.686
0.687
0.671
0.695
0.698
0.684
0.713
0.705
0.705
0.714
0.695
0.703
0.702
0.697
0.693
0.698
0.696
0.7
0.699
0.701
0.687
0.703
0.709
0.71
0.702
0.719
0.726
0.72
0.724
0.735
0.73
0.717
0.732
0.738
0.728
0.72
0.734
0.733
0.729
0.737
0.748
0.745
0.725
0.758
0.754
0.753
0.738
0.755
0.756
0.738
0.736
0.75
0.749
0.729
0.751
0.749
0.751
0.745
0.765
0.764
0.749
0.761
0.766
0.766
0.76
0.778
0.773
0.753
0.771
0.768
0.753
0.759
0.773
0.764
0.76
0.775
0.755
0.737
0.77
0.791
0.799
0.805
0.793
0.798
0.797
0.788
0.795
0.792
0.788
0.784
0.802
0.812
0.801
0.798
0.8
0.801
0.793
0.806
0.805
0.808
0.791
0.814
0.813
0.796
0.807
0.813
0.807
0.804
0.806
0.81
0.8
0.807
0.811
0.798
0.81
0.791
0.783
0.801
0.788
0.777
0.793
0.794
0.772
0.79
0.789
0.783
0.773
0.745
0.735
0.749
0.746
0.729
0.741
0.73
0.729
0.72
0.727
0.731
0.727
0.735
0.735
0.756593
0.7309142
0.7290501
0.739
0.746
0.758
0.75
0.745
0.764
0.755
0.757
0.767
0.766
0.783
0.791
0.809
0.788
0.826
0.802
0.791
0.794
0.799
0.788
0.798
0.792
0.783
0.779
0.77
0.776
0.77
0.771
0.775
0.798
0.806
0.804
0.817
0.802
0.813
0.823
0.809
0.835
0.824
0.808
0.776
0.768
0.754
0.75
0.737
0.738
0.728
0.711
0.734
0.733
0.708
0.715
0.708
0.719
0.7895184
0.7951534
0.7804489
0.719
0.743
0.743
0.735
0.752
0.752
0.763
0.747
0.77
0.78
0.79
0.784
0.808
0.793
0.778
0.784
0.782
0.752
0.758
0.765
0.757
0.76
0.762
0.782
0.779
0.778
0.791
0.782
0.754
0.77
0.768
0.753
0.766
0.736
0.765
0.759
0.763
0.769
0.75
0.767
0.764
0.759
0.752
0.773
0.769
0.758
0.785
0.783
0.759
0.782
0.779
0.788
0.779
0.785
0.778
0.795
0.801
0.799
0.798
0.783
0.805
0.816
0.8
0.814
0.797
0.811
0.809
0.792
0.818
0.824
0.827
0.827
0.826
0.825
0.811
0.828
0.821
0.811
0.82
0.817
0.797
0.826
0.837
0.808
0.829
0.84
0.838
0.817
0.817
0.814
0.813
0.823
0.817
0.798
0.804
0.796
0.811
0.833
0.847
0.84
0.823
0.847
0.841
0.829
0.844
0.834
0.831
0.827
0.821
0.844
0.83
0.857
0.877
0.879
0.862
0.843
0.837
0.838
0.831
0.833
0.849
0.828
0.843
0.842
0.844
0.861
0.875
0.865
0.858
0.853
0.833
0.803
0.806
0.814
0.791
0.819
0.827
0.841
0.833
0.845
0.846
0.833
0.828
0.833
0.834
0.817
0.827
0.856
0.865
0.825
0.855
0.878
0.877
0.876
0.866
0.857
0.859
0.842
0.845
0.843
0.827
0.837
0.824
0.806
0.823
0.849
0.853
0.824
0.817
0.798
0.815
0.828
0.82
0.838
0.843
0.849
0.866
0.861
0.855
0.881
0.88
0.848
0.862
0.877
0.863
0.853
0.873
0.865
0.852
0.857
0.856
0.855
0.866
0.875
0.88
0.862
0.856
0.866
0.862
0.855
0.851
0.86
0.861
0.851
0.854
0.845
0.844
0.855
0.824
0.856
0.85
0.848
0.873
0.826
0.842
0.855
0.847
0.85
0.851
0.847
0.809
0.824
0.823
0.818
0.83
0.832
0.802
0.815
0.824
0.841
0.847
0.852
0.844
0.836
0.814
0.818
0.833
0.817
0.812
0.836
0.835
0.812
0.824
0.845
0.868
0.866
0.868
0.853
0.835
0.834
0.831
0.802
0.827
0.811
0.81
0.807
0.806
0.804
0.798
0.787
0.827
0.812
0.843
0.874
0.845
0.874
0.85
0.864
0.873
0.842
0.866
0.874
0.869
0.875
0.833
0.84
0.839
0.835
0.831
0.817
0.829
0.838
0.835
0.83
0.812
0.815
0.815
0.836
0.826
0.817
0.823
0.836
0.823
0.832
0.821
0.83
0.806
0.829
0.84
0.848
0.846
0.846
0.837
0.851
0.842
0.837
0.844
0.848
0.834
0.846
0.85
0.841
0.834
0.853
0.858
0.852
0.83
0.842
0.828
0.837
0.846
0.833
0.828
0.835
0.841
0.823
0.846
0.86
0.861
0.855
0.853
0.837
0.831
0.805
0.827
0.825
0.832
0.821
0.81
0.811
0.827
0.827
0.816
0.862
0.853
0.867
0.873
0.884
0.893
0.886
0.853
0.86
0.884
0.878
0.87
0.84
0.829
0.868
0.88
0.872
0.897
0.895
0.889
0.891
0.89
0.878
0.865
0.864
0.837
0.826
0.828
0.835
0.845
0.821
0.837
0.832
0.81
0.814
0.814
0.816
0.818
0.817
0.826
0.83
0.831
0.84
0.831
0.827
0.814
0.814
0.821
0.807
0.826
0.833
0.835
0.823
0.811
0.824
0.823
0.809
0.811
0.814
0.802
0.818
0.823
0.818
0.838
0.853
0.834
0.823
0.837
0.848
0.833
0.828
0.83
0.817
0.83
0.811
0.825
0.806
0.821
0.836
0.838
0.846
0.838
0.833
0.82
0.834
0.828
0.821
0.818
0.791
0.805
0.807
0.817
0.823
0.827
0.823
0.819
0.805
0.818
0.8
0.826
0.833
0.824
0.837
0.851
0.852
0.844
0.857
0.861
0.862
0.864
0.847
0.851
0.863
0.867
0.847
0.86
0.865
0.871
0.855
0.848
0.858
0.846
0.867
0.875
0.856
0.862
0.867
0.869
0.867
0.856
0.858
0.852
0.814
0.826
0.832
0.837
0.836
0.824
0.817
0.817
0.832
0.83
0.817
0.827
0.846
0.831
0.854
0.856
0.867
0.86
0.879
0.888
0.867
0.85
0.82
0.837
0.83
0.833
0.835
0.844
0.833
0.822
0.822
0.824
0.828
0.804
0.822
0.792
0.801
0.794
0.809
0.827
0.818
0.831
0.842
0.842
0.833
0.839
0.852
0.827
0.848
0.842
0.843
0.834
0.842
0.845
0.835
0.837
0.836
0.822
0.816
0.827
0.814
0.823
0.828
0.805
0.826
0.801
0.821
0.825
0.826
0.823
0.827
0.803
0.813
0.821
0.827
0.811
0.796
0.817
0.829
0.833
0.826
0.852
0.86
0.865
0.865
0.859
0.875
0.846
0.84
0.808
0.817
0.818
0.823
0.813
0.812
0.8
0.8
0.802
0.797
0.817
0.823
0.832
0.861
0.86
0.84
0.865
0.882
0.867
0.867
0.851
0.851
0.846
0.833
0.8799541
0.9224684
0.947
0.814
0.783
0.791
0.781
0.778
0.759
0.78
0.791
0.788
0.794
0.786
0.81
0.793
0.805
0.811
0.831
0.821
0.833
0.814
0.833
0.837
0.82
0.841
0.838
0.826
0.835
0.846
0.831
0.829
0.832
0.849
0.852
0.865
0.854
0.834
0.84
0.839
0.838
0.845
0.853
0.845
0.822
0.836
0.839
0.839
0.82
0.835
0.85
0.842
0.839
0.818
0.824
0.833
0.819
0.818
0.826
0.811
0.833
0.845
0.831
0.844
0.822
0.84
0.848
0.834
0.849
0.863
0.864
0.875
0.882
0.873
0.838
0.854
0.859
0.869
0.864
0.868
0.851
0.866
0.862
0.837
0.852
0.858
0.857
0.861
0.843
0.853
0.859
0.834
0.841
0.833
0.819
0.837
0.852
0.853
0.849
0.844
0.847
0.827
0.851
0.849
0.836
0.844
0.847
0.846
0.83
0.833
0.836
0.834
0.825
0.846
0.829
0.847
0.856
0.871
0.858
0.855
0.833
0.84
0.846
0.841
0.833
0.867
0.87
0.845
0.871
0.875
0.839
0.858
0.867
0.879
0.868
0.835
0.849
0.848
0.851
0.846
0.857
0.844
0.849
0.852
0.836
0.853
0.834
0.837
0.838
0.862
0.853
0.84
0.82
0.811
0.821
0.84
0.861
0.86
0.848
0.834
0.855
0.828
0.837
0.86
0.841
0.863
0.874
0.886
0.88
0.879
0.855
0.851
0.857
0.85
0.856
0.859
0.867
0.867
0.876
0.848
0.861
0.857
0.861
0.857
0.857
0.855
0.866
0.859
0.858
0.859
0.872
0.836
0.851
0.869
0.866
0.867
0.867
0.865
0.848
0.848
0.817
0.82
0.822
0.835
0.862
0.866
0.865
0.875
0.834
0.861
0.864
0.868
0.864
0.867
0.863
0.87
0.886
0.878
0.874
0.881
0.869
0.852
0.861
0.861
0.872
0.875
0.859
0.852
0.871
0.871
0.862
0.857
0.88
0.885
0.889
0.882
0.879
0.875
0.891
0.853
0.879
0.882
0.843
0.866
0.874
0.873
0.86
0.868
0.872
0.879
0.86
0.879
0.879
0.849
0.864
0.882
0.896
0.896
0.875
0.836
0.863
0.869
0.835
0.866
0.876
0.889
0.881
0.86
0.875
0.851
0.875
0.883
0.84
0.863
0.877
0.87
0.878
0.864
0.835
0.863
0.871
0.883
0.883
0.883
0.878
0.872
0.864
0.882
0.858
0.88
0.858
0.88
0.885
0.862
0.879
0.875
0.857
0.873
0.876
0.875
0.837
0.855
0.866
0.845
0.868
0.874
0.851
0.864
0.87
0.865
0.877
0.868
0.881
0.885
0.862
0.883
0.892
0.877
0.866
0.879
0.862
0.871
0.885
0.87
0.862
0.875
0.875
0.858
0.877
0.882
0.851
0.865
0.879
0.875
0.87
0.856
0.874
0.855
0.839
0.826
0.832
0.815
0.8
0.78
0.841
0.869
0.88
0.858
0.88
0.858
0.866
0.859
0.845
0.838
0.841
0.856
0.843
0.854
0.857
0.85
0.87
0.869
0.842
0.856
0.866
0.845
0.867
0.877
0.858
0.878
0.871
0.851
0.86
0.855
0.849
0.852
0.854
0.834
0.836
0.819
0.839
0.839
0.84
0.825
0.842
0.836
0.828
0.83
0.845
0.823
0.818
0.83
0.804
0.822
0.819
0.81
0.828
0.819
0.805
0.814
0.822
0.809
0.835
0.829
0.824
0.84
0.845
0.833
0.842
0.845
0.833
0.845
0.845
0.837
0.851
0.842
0.838
0.844
0.841
0.816
0.833
0.832
0.831
0.825
0.837
0.832
0.828
0.848
0.84
0.842
0.833
0.834
0.843
0.853
0.852
0.859
0.847
0.852
0.833
0.832
0.831
0.822
0.81
0.803
0.817
0.808
0.84
0.841
0.845
0.826
0.826
0.811
0.841
0.841
0.823
0.832
0.848
0.849
0.836
0.85
0.845
0.842
0.823
0.833
0.836
0.827
0.843
0.834
0.834
0.848
0.834
0.845
0.846
0.819
0.834
0.837
0.841
0.844
0.822
0.836
0.843
0.842
0.838
0.842
0.834
0.829
0.82
0.841
0.843
0.854
0.858
0.853
0.825
0.842
0.839
0.851
0.83
0.841
0.834
0.843
0.821
0.835
0.842
0.832
0.839
0.85
0.845
0.827
0.837
0.837
0.824
0.838
0.815
0.838
0.837
0.833
0.841
0.855
0.831
0.845
0.836
0.842
0.844
0.868
0.875
0.87
0.869
0.862
0.837
0.844
0.837
0.817
0.829
0.84
0.844
0.825
0.852
0.862
0.824
0.844
0.834
0.823
0.841
0.853
0.835
0.856
0.869
0.855
0.878
0.871
0.873
0.88
0.888
0.862
0.87
0.879
0.875
0.851
0.873
0.878
0.847
0.853
0.82
0.84
0.837
0.828
0.858
0.863
0.854
0.843
0.852
0.852
0.847
0.854
0.863
0.853
0.84
0.863
0.855
0.862
0.863
0.87
0.85
0.871
0.877
0.858
0.857
0.882
0.866
0.857
0.877
0.873
0.843
0.856
0.869
0.844
0.851
0.856
0.846
0.839
0.85
0.855
0.839
0.858
0.869
0.839
0.861
0.855
0.836
0.849
0.863
0.848
0.839
0.857
0.843
0.82
0.848
0.843
0.829
0.858
0.859
0.832
0.856
0.863
0.852
0.848
0.858
0.816
0.814
0.881
0.879
0.9
0.893
0.883
0.893
0.894
0.875
0.89
0.879
0.859
0.882
0.886
0.882
0.882
0.897
0.893
0.89
0.894
0.89
0.859
0.882
0.881
0.868
0.878
0.875
0.87
0.852
0.868
0.867
0.87
0.863
0.861
0.873
0.873
0.876
0.86
0.875
0.881
0.865
0.875
0.87
0.874
0.873
0.874
0.857
0.868
0.854
0.859
0.836
0.858
0.846
0.84
0.84
0.84
0.829
0.85
0.847
0.857
0.858
0.872
0.864
0.869
0.872
0.861
0.857
0.871
0.854
0.848
0.861
0.871
0.841
0.863
0.869
0.863
0.873
0.868
0.865
0.869
0.86
0.851
0.861
0.855
0.846
0.869
0.865
0.829
0.854
0.851
0.849
0.859
0.857
0.842
0.857
0.846
0.848
0.841
0.856
0.852
0.835
0.851
0.849
0.857
0.849
0.856
0.859
0.855
0.858
0.861
0.841
0.868
0.86
0.835
0.857
0.864
0.836
0.847
0.856
0.837
0.862
0.862
0.834
0.864
0.867
0.845
0.871
0.864
0.833
0.862
0.865
0.832
0.838
0.828
0.833
0.837
0.842
0.83
0.835
0.849
0.858
0.843
0.865
0.864
0.841
0.84
0.843
0.861
0.842
0.86
0.856
0.845
0.859
0.852
0.845
0.828
0.843
0.841
0.835
0.852
0.848
0.836
0.852
0.865
0.837
0.849
0.862
0.833
0.868
0.867
0.851
0.848
0.863
0.833
0.85
0.852
0.836
0.846
0.861
0.848
0.837
0.849
0.857
0.842
0.86
0.857
0.86
0.843
0.861
0.862
0.846
0.875
0.87
0.855
0.867
0.867
0.854
0.87
0.875
0.857
0.872
0.867
0.868
0.841
0.869
0.875
0.865
0.875
0.879
0.861
0.862
0.872
0.866
0.85
0.868
0.863
0.837
0.863
0.873
0.842
0.867
0.867
0.846
0.871
0.875
0.861
0.85
0.867
0.866
0.837
0.858
0.861
0.841
0.86
0.864
0.845
0.869
0.867
0.85
0.861
0.873
0.838
0.86
0.853
0.836
0.855
0.871
0.852
0.859
0.869
0.862
0.836
0.855
0.859
0.848
0.86
0.875
0.846
0.864
0.856
0.843
0.845
0.861
0.865
0.85
0.873
0.875
0.856
0.883
0.87
0.857
0.858
0.867
0.87
0.841
0.858
0.856
0.837
0.86
0.859
0.848
0.854
0.86
0.862
0.844
0.861
0.867
0.838
0.861
0.853
0.843
0.855
0.856
0.855
0.845
0.851
0.853
0.829
0.86
0.856
0.852
0.85
0.864
0.862
0.838
0.855
0.866
0.841
0.846
0.854
0.847
0.837
0.856
0.857
0.837
0.858
0.858
0.841
0.861
0.847
0.855
0.854
0.863
0.844
0.845
0.853
0.837
0.84
0.858
0.851
0.834
0.856
0.86
0.837
0.851
0.857
0.849
0.847
0.855
0.861
0.841
0.854
0.866
0.842
0.867
0.867
0.844
0.857
0.86
0.84
0.859
0.871
0.855
0.852
0.877
0.848
0.85
0.862
0.851
0.842
0.855
0.862
0.852
0.869
0.872
0.869
0.861
0.867
0.875
0.855
0.864
0.866
0.858
0.844
0.849
0.859
0.844
0.856
0.847
0.844
0.847
0.862
0.861
0.846
0.861
0.862
0.855
0.869
0.866
0.865
0.852
0.865
0.87
0.854
0.831
0.856
0.859
0.843
0.862
0.849
0.864
0.875
0.872
0.857
0.863
0.843
0.86
0.85
0.828
0.84
0.834
0.807
0.791
0.864
0.846
0.845
0.856
0.859
0.857
0.824
0.83
0.82
0.834
0.836
0.857
0.841
0.844
0.838
0.833
0.84
0.861
0.866
0.879
0.872
0.869
0.855
0.848
0.822
0.833
0.841
0.84
0.833
0.811
0.824
0.821
0.809
0.823
0.837
0.813
0.822
0.834
0.842
0.855
0.846
0.847
0.834
0.835
0.827
0.842
0.844
0.856
0.856
0.837
0.833
0.81
0.808
0.825
0.827
0.833
0.814
0.833
0.842
0.824
0.85
0.843
0.824
0.836
0.855
0.828
0.838
0.859
0.838
0.824
0.849
0.868
0.871
0.837
0.852
0.849
0.852
0.837
0.82
0.84
0.834
0.837
0.852
0.87
0.876
0.877
0.843
0.839
0.867
0.866
0.874
0.866
0.863
0.848
0.858
0.856
0.836
0.867
0.867
0.846
0.88
0.857
0.875
0.879
0.88
0.863
0.883
0.871
0.851
0.863
0.874
0.86
0.875
0.885
0.868
0.875
0.894
0.879
0.878
0.902
0.891
0.888
0.901
0.89
0.881
0.889
0.868
0.878
0.876
0.877
0.879
0.86
0.842
0.828
0.841
0.834
0.813
0.828
0.85
0.854
0.835
0.842
0.849
0.847
0.846
0.859
0.854
0.849
0.858
0.851
0.857
0.846
0.841
0.858
0.861
0.852
0.844
0.865
0.869
0.872
0.84
0.841
0.838
0.857
0.859
0.856
0.86
0.863
0.836
0.855
0.843
0.826
0.845
0.856
0.828
0.849
0.875
0.875
0.88
0.843
0.837
0.852
0.851
0.849
0.856
0.845
0.854
0.859
0.856
0.87
0.88
0.863
0.881
0.892
0.861
0.875
0.884
0.853
0.834
0.867
0.899
0.911
0.913
0.918
0.908
0.902
0.885
0.899
0.866
0.84
0.847
0.853
0.866
0.857
0.867
0.871
0.874
0.873
0.872
0.867
0.874
0.87
0.857
0.869
0.875
0.85
0.875
0.887
0.858
0.891
0.883
0.878
0.862
0.881
0.863
0.874
0.867
0.848
0.857
0.865
0.85
0.858
0.862
0.846
0.851
0.86
0.846
0.865
0.879
0.895
0.873
0.884
0.879
0.867
0.843
0.866
0.849
0.825
0.861
0.873
0.897
0.898
0.893
0.869
0.887
0.884
0.879
0.883
0.886
0.88
0.87
0.875
0.848
0.875
0.889
0.898
0.887
0.874
0.889
0.881
0.879
0.866
0.85
0.879
0.882
0.895
0.876
0.875
0.867
0.85
0.846
0.837
0.834
0.834
0.839
0.84
0.858
0.873
0.893
0.865
0.867
0.875
0.88
0.882
0.865
0.85
0.851
0.856
0.851
0.839
0.849
0.843
0.831
0.843
0.853
0.857
0.851
0.858
0.863
0.862
0.865
0.845
0.862
0.871
0.854
0.856
0.858
0.854
0.867
0.866
0.848
0.86
0.864
0.858
0.863
0.854
0.873
0.868
0.844
0.833
0.865
0.875
0.881
0.886
0.874
0.887
0.897
0.866
0.898
0.907
0.889
0.866
0.888
0.883
0.886
0.893
0.877
0.884
0.887
0.89
0.883
0.874
0.883
0.891
0.882
0.87
0.876
0.89
0.88
0.877
0.882
0.885
0.869
0.873
0.867
0.851
0.834
0.852
0.854
0.83
0.812
0.797
0.796
0.812
0.825
0.814
0.852
0.838
0.843
0.879
0.884
0.893
0.884
0.872
0.896
0.891
0.891
0.898
0.871
0.895
0.89
0.902
0.871
0.886
0.88
0.897
0.881
0.892
0.887
0.882
0.873
0.873
0.885
0.893
0.902
0.865
0.867
0.866
0.873
0.876
0.867
0.838
0.831
0.851
0.85
0.85
0.859
0.862
0.856
0.843
0.847
0.85
0.844
0.857
0.865
0.857
0.853
0.869
0.852
0.839
0.798
0.825
0.876
0.899
0.902
0.924
0.92
0.919
0.919
0.89
0.902
0.9
0.894
0.907
0.9
0.905
0.889
0.886
0.889
0.889
0.879
0.883
0.886
0.874
0.877
0.886
0.883
0.906
0.858
0.872
0.89
0.863
0.869
0.881
0.885
0.859
0.887
0.875
0.866
0.874
0.886
0.876
0.869
0.887
0.878
0.87
0.868
0.868
0.864
0.877
0.889
0.868
0.891
0.89
0.881
0.87
0.86
0.852
0.833
0.827
0.815
0.788
0.814
0.829
0.856
0.866
0.883
0.867
0.882
0.888
0.887
0.893
0.883
0.869
0.893
0.886
0.902
0.878
0.87
0.895
0.875
0.876
0.898
0.885
0.885
0.872
0.872
0.844
0.867
0.866
0.865
0.853
0.845
0.85
0.845
0.839
0.859
0.862
0.865
0.865
0.863
0.863
0.867
0.873
0.854
0.874
0.878
0.875
0.899
0.878
0.882
0.883
0.89
0.879
0.875
0.852
0.862
0.869
0.86
0.856
0.874
0.881
0.873
0.875
0.874
0.836
0.843
0.864
0.859
0.859
0.833
0.862
0.865
0.867
0.88
0.871
0.877
0.86
0.84
0.841
0.833
0.795
0.819
0.826
0.833
0.839
0.837
0.836
0.819
0.802
0.813
0.808
0.826
0.822
0.807
0.833
0.855
0.818
0.849
0.869
0.869
0.857
0.871
0.876
0.886
0.875
0.891
0.884
0.864
0.891
0.908
0.914
0.869
0.894
0.898
0.896
0.899
0.862
0.871
0.893
0.878
0.853
0.875
0.87
0.85
0.853
0.86
0.872
0.875
0.848
0.861
0.87
0.85
0.859
0.83
0.821
0.826
0.822
0.827
0.838
0.828
0.798
0.831
0.816
0.822
0.826
0.828
0.822
0.843
0.855
0.85
0.832
0.865
0.852
0.865
0.845
0.816
0.854
0.832
0.815
0.831
0.817
0.833
0.834
0.836
0.835
0.83
0.817
0.821
0.838
0.859
0.867
0.885
0.886
0.907
0.901
0.879
0.904
0.906
0.92
0.887
0.886
0.903
0.918
0.892
0.833
0.863
0.865
0.857
0.844
0.844
0.823
0.835
0.853
0.851
0.859
0.857
0.866
0.864
0.88
0.877
0.855
0.83
0.83
0.832
0.788
0.805
0.828
0.827
0.808
0.81
0.822
0.809
0.789
0.797
0.807
0.81
0.814
0.812
0.8
0.803
0.824
0.836
0.821
0.839
0.849
0.834
0.83
0.791
0.814
0.797
0.784
0.769
0.765
0.759
0.742
0.744
0.752
0.764
0.8
0.782
0.791
0.826
0.835
0.852
0.803
0.826
0.882
0.836
0.851
0.893
0.82
0.881
0.885
0.848
0.854
0.832
0.849
0.861
0.807
0.8
0.84
0.835
0.793
0.81
0.862
0.807
0.813
0.849
0.817
0.833
0.791
0.823
0.801
0.817
0.802
0.833
0.831
0.866
0.831
0.886
0.884
0.855
0.858
0.857
0.865
0.859
0.822
0.858
0.839
0.881
0.825
0.848
0.863
0.864
0.836
0.854
0.855
0.866
0.848
0.872
0.812
0.873
0.858
0.83
0.834
0.845
0.818
0.843
0.852
0.816
0.842
0.807
0.828
0.835
0.842
0.824
0.865
0.85
0.833
0.867
0.833
0.806
0.832
0.798
0.802
0.78
0.789
0.773
0.777
0.781
0.766
0.764
0.773
0.766
0.753
0.764
0.751
0.754
0.753
0.751
0.742
0.749
0.748
0.74
0.757
0.756
0.779
0.784
0.785
0.786
0.777
0.75
0.751
0.728
0.739
0.717
0.722
0.736
0.732
0.738
0.762
0.756
0.763
0.741
0.773
0.772
0.755
0.782
0.807
0.825
0.819
0.831
0.795
0.833
0.804
0.784
0.775
0.755
0.76
0.746
0.747
0.745
0.739
0.74
0.743
0.73
0.75
0.741
0.75
0.746
0.751
0.763
0.764
0.765
0.776
0.755
0.777
0.765
0.779
0.774
0.793
0.769
0.807
0.786
0.797
0.779
0.834
0.771
0.833
0.833
0.81
0.79
0.851
0.802
0.832
0.781
0.839
0.837
0.818
0.829
0.796
0.814
0.811
0.791
0.803
0.797
0.802
0.798
0.835
0.808
0.854
0.804
0.887
0.858
0.863
0.814
0.849
0.901
0.855
0.827
0.859
0.804
0.854
0.867
0.854
0.867
0.853
0.812
0.866
0.832
0.844
0.857
0.839
0.896
0.871
0.878
0.867
0.857
0.874
0.88
0.878
0.86
0.867
0.866
0.875
0.871
0.849
0.828
0.825
0.82
0.809
0.842
0.791
0.801
0.796
0.793
0.782
0.78
0.776
0.771
0.764
0.767
0.767
0.763
0.758
0.761
0.759
0.751
0.768
0.78
0.776
0.755
0.77
0.774
0.769
0.786
0.791
0.787
0.791
0.779
0.784
0.773
0.779
0.762
0.77
0.762
0.765
0.774
0.764
0.76
0.755
0.75
0.75
0.741
0.751
0.742
0.749
0.756
0.748
0.744
0.753
0.768
0.767
0.75
0.771
0.774
0.77
0.758
0.753
0.758
0.73
0.704
0.772
0.776
0.77
0.772
0.766
0.753
0.742
0.733
0.737
0.725
0.724
0.718
0.697
0.706
0.711
0.71
0.721
0.726
0.721
0.752
0.745
0.755
0.769
0.775
0.768
0.754
0.772
0.774
0.776
0.754
0.771
0.78
0.759
0.783
0.764
0.766
0.787
0.75
0.756
0.748
0.73
0.752
0.755
0.741
0.751
0.756
0.745
0.751
0.739
0.759
0.766
0.743
0.759
0.763
0.748
0.772
0.762
0.764
0.778
0.777
0.776
0.788
0.787
0.794
0.781
0.786
0.757
0.775
0.774
0.787
0.778
0.746
0.765
0.771
0.775
0.778
0.751
0.772
0.781
0.785
0.781
0.762
0.774
0.774
0.791
0.78
0.789
0.765
0.785
0.788
0.792
0.796
0.793
0.763
0.815
0.818
0.829
0.8
0.845
0.793
0.833
0.809
0.811
0.805
0.834
0.801
0.799
0.81
0.819
0.812
0.814
0.827
0.837
0.838
0.835
0.79
0.83
0.862
0.821
0.847
0.847
0.84
0.82
0.824
0.815
0.838
0.782
0.824
0.859
0.821
0.833
0.84
0.85
0.834
0.831
0.858
0.812
0.823
0.814
0.789
0.794
0.786
0.778
0.791
0.778
0.758
0.776
0.756
0.771
0.77
0.781
0.763
0.786
0.765
0.776
0.769
0.782
0.77
0.766
0.762
0.803
0.772
0.805
0.811
0.791
0.807
0.798
0.836
0.812
0.846
0.803
0.815
0.831
0.82
0.817
0.844
0.803
0.861
0.843
0.864
0.814
0.868
0.857
0.836
0.815
0.834
0.816
0.836
0.854
0.837
0.848
0.817
0.807
0.859
0.825
0.817
0.814
0.799
0.804
0.821
0.81
0.821
0.839
0.851
0.835
0.836
0.844
0.817
0.82
0.834
0.829
0.813
0.829
0.84
0.827
0.826
0.821
0.829
0.812
0.824
0.837
0.847
0.828
0.825
0.844
0.825
0.846
0.839
0.842
0.855
0.855
0.833
0.873
0.861
0.87
0.837
0.864
0.875
0.866
0.829
0.846
0.858
0.87
0.838
0.837
0.857
0.857
0.846
0.842
0.846
0.86
0.828
0.845
0.855
0.826
0.85
0.865
0.863
0.868
0.853
0.827
0.855
0.832
0.857
0.861
0.882
0.879
0.875
0.849
0.866
0.865
0.871
0.873
0.869
0.862
0.856
0.849
0.829
0.832
0.816
0.826
0.851
0.86
0.84
0.867
0.886
0.894
0.897
0.89
0.868
0.846
0.838
0.823
0.838
0.851
0.865
0.875
0.875
0.871
0.84
0.87
0.871
0.872
0.887
0.87
0.867
0.844
0.868
0.862
0.865
0.861
0.838
0.86
0.871
0.858
0.874
0.885
0.888
0.889
0.854
0.871
0.876
0.875
0.868
0.876
0.885
0.852
0.871
0.89
0.897
0.888
0.86
0.854
0.892
0.902
0.916
0.921
0.91
0.914
0.916
0.903
0.883
0.879
0.872
0.882
0.872
0.87
0.869
0.85
0.855
0.861
0.867
0.868
0.867
0.858
0.851
0.841
0.844
0.844
0.873
0.848
0.849
0.85
0.84
0.846
0.856
0.862
0.827
0.85
0.863
0.89
0.848
0.86
0.858
0.847
0.849
0.85
0.829
0.819
0.839
0.835
0.832
0.832
0.831
0.818
0.804
0.807
0.803
0.779
0.784
0.814
0.842
0.863
0.857
0.87
0.87
0.863
0.874
0.845
0.854
0.849
0.835
0.835
0.842
0.817
0.819
0.834
0.823
0.803
0.82
0.826
0.816
0.815
0.82
0.825
0.815
0.808
0.818
0.812
0.827
0.819
0.82
0.837
0.823
0.836
0.837
0.848
0.837
0.836
0.843
0.831
0.837
0.836
0.836
0.822
0.828
0.821
0.826
0.823
0.803
0.812
0.81
0.813
0.822
0.813
0.822
0.831
0.799
0.813
0.82
0.813
0.825
0.833
0.818
0.842
0.837
0.827
0.85
0.858
0.835
0.851
0.85
0.857
0.831
0.861
0.865
0.852
0.847
0.863
0.859
0.846
0.864
0.86
0.849
0.865
0.848
0.833
0.814
0.864
0.853
0.857
0.852
0.872
0.876
0.87
0.863
0.875
0.867
0.867
0.862
0.874
0.862
0.862
0.883
0.878
0.872
0.888
0.882
0.875
0.889
0.888
0.88
0.873
0.893
0.891
0.861
0.879
0.877
0.855
0.878
0.873
0.87
0.845
0.863
0.87
0.858
0.872
0.87
0.861
0.861
0.867
0.866
0.849
0.868
0.872
0.86
0.847
0.86
0.873
0.858
0.872
0.88
0.873
0.869
0.872
0.875
0.861
0.875
0.866
0.857
0.869
0.874
0.86
0.871
0.876
0.869
0.842
0.867
0.875
0.86
0.858
0.876
0.879
0.858
0.864
0.872
0.862
0.875
0.894
0.886
0.879
0.883
0.876
0.894
0.89
0.871
0.877
0.859
0.875
0.866
0.862
0.866
0.864
0.872
0.88
0.871
0.876
0.886
0.868
0.882
0.876
0.877
0.876
0.871
0.859
0.871
0.885
0.877
0.86
0.878
0.88
0.876
0.875
0.866
0.868
0.873
0.876
0.873
0.864
0.865
0.878
0.886
0.884
0.865
0.881
0.885
0.869
0.878
0.881
0.862
0.871
0.883
0.881
0.889
0.89
0.875
0.879
0.872
0.882
0.885
0.862
0.877
0.873
0.884
0.859
0.875
0.881
0.869
0.878
0.885
0.873
0.881
0.885
0.875
0.886
0.888
0.885
0.881
0.906
0.904
0.877
0.84
0.862
0.895
0.884
0.888
0.88
0.895
0.897
0.89
0.885
0.887
0.876
0.884
0.893
0.885
0.875
0.884
0.888
0.875
0.868
0.869
0.857
0.84
0.859
0.871
0.888
0.882
0.893
0.891
0.9
0.902
0.899
0.878
0.893
0.894
0.906
0.886
0.879
0.883
0.893
0.865
0.879
0.882
0.875
0.883
0.894
0.897
0.879
0.895
0.899
0.905
0.906
0.899
0.875
0.889
0.891
0.889
0.897
0.899
0.877
0.903
0.919
0.901
0.887
0.894
0.901
0.89
0.893
0.887
0.896
0.894
0.892
0.875
0.878
0.878
0.884
0.862
0.889
0.904
0.89
0.888
0.884
0.902
0.907
0.902
0.904
0.883
0.897
0.89
0.895
0.871
0.885
0.879
0.86
0.879
0.891
0.868
0.876
0.882
0.876
0.838
0.858
0.877
0.9
0.911
0.912
0.876
0.888
0.894
0.902
0.884
0.879
0.887
0.893
0.889
0.888
0.886
0.887
0.89
0.887
0.896
0.899
0.893
0.905
0.902
0.906
0.916
0.913
0.916
0.892
0.906
0.888
0.896
0.897
0.89
0.891
0.869
0.882
0.89
0.893
0.901
0.903
0.882
0.892
0.905
0.9
0.884
0.888
0.897
0.909
0.874
0.897
0.9
0.904
0.882
0.896
0.895
0.865
0.891
0.905
0.892
0.878
0.884
0.885
0.884
0.878
0.888
0.876
0.875
0.894
0.89
0.875
0.896
0.893
0.895
0.877
0.883
0.876
0.865
0.873
0.882
0.85
0.881
0.895
0.879
0.864
0.881
0.86
0.824
0.829
0.798
0.828
0.758
0.786
0.778
0.77
0.755
0.772
0.776
0.764
0.769
0.751
0.784
0.771
0.774
0.767
0.773
0.772
0.782
0.802
0.811
0.82
0.829
0.833
0.845
0.836
0.837
0.84
0.833
0.845
0.824
0.834
0.822
0.806
0.823
0.826
0.815
0.833
0.828
0.833
0.846
0.84
0.836
0.847
0.864
0.822
0.833
0.852
0.822
0.816
0.82
0.823
0.818
0.81
0.822
0.834
0.807
0.803
0.782
0.787
0.772
0.755
0.756
0.753
0.737
0.751
0.751
0.732
0.749
0.739
0.724
0.738
0.72
0.714
0.717
0.717
0.709
0.723
0.709
0.696
0.714
0.7
0.708
0.709
0.69
0.714
0.704
0.691
0.708
0.701
0.694
0.706
0.687
0.694
0.697
0.68
0.686
0.689
0.673
0.687
0.685
0.7670387
0.685
0.673
0.675
0.681
0.673
0.677
0.682
0.6977684
0.683
0.673
0.822366
0.677
0.7575614
0.7582625
0.672
0.8226265
0.773162
0.7378028
0.7905262
0.7783653
0.7837175
0.797918
0.7693403
0.807484
0.7748026
0.7955115
0.8242372
0.7992116
0.770439
0.8259018
0.819953
0.803086
0.7913217
0.7585735
0.8333946
0.7594199
0.8643445
0.8395804
0.7728621
0.7429743
0.7547828
0.791128
0.7720587
0.768162
0.7453064
0.7793651
0.7513935
0.7180283
0.7664461
0.8152976
0.7589019
0.8033866
0.7194318
0.7781958
0.7997617
0.7914431
0.7839827
0.7557672
0.7477977
0.7411309
0.784052
0.7438286
0.760948
0.7696867
0.8487077
0.7545839
0.7879199
0.7818949
0.7426261
0.7760837
0.8331001
0.7955939
0.7800439
0.7624801
0.7009492
0.8208356
0.723091
0.8059059
0.849862
0.7234468
0.8041937
0.7677848
0.718342
0.7204169
0.7170539
0.7572998
0.7221405
0.8030397
0.8561547
0.7284558
0.8065339
0.8057413
0.7891954
0.7386016
0.7720043
0.7658537
0.7975414
0.7622129
0.8129657
0.7619603
0.8156479
0.7363744
0.7283411
0.8978387
0.7599438
0.7868008
0.7994645
0.7571724
0.7947889
0.7891347
0.7670377
0.7775306
0.7737061
0.8550981
0.7468989
0.7334572
0.776093
0.7862876
0.7909576
0.7571645
0.7342949
0.8218685
0.7610282
0.7415167
0.7651469
0.7665445
0.8157141
0.7770157
0.8021579
0.7548645
0.7816812
0.7612966
0.7770202
0.7396523
0.7239293
0.8484875
0.795804
0.725961
0.7500075
0.7283015
0.8557359
0.8222731
0.7627715
0.7931589
0.7570177
0.7546197
0.7427866
0.7500304
0.8345662
0.7702695
0.7767346
0.66
0.661
0.7812377
0.668
0.661
0.8183101
0.7523752
0.734367
0.8348337
0.7550242
0.7443471
0.7249563
0.723076
0.7497986
0.7946516
0.8131292
0.7979215
0.7575104
0.7734109
0.7445635
0.744038
0.8043388
0.7326987
0.8445781
0.662
0.767413
0.7788499
0.7428947
0.7490301
0.7210031
0.7636812
0.664
0.7862607
0.661
0.667
0.664
0.7824988
0.672
0.675
0.667
0.7406415
0.679
0.676
0.666
0.683
0.689
0.681
0.681
0.684
0.681
0.672
0.674
0.677
0.677
0.676
0.68
0.7
0.696
0.696
0.722
0.727
0.71
0.738
0.748
0.71
0.734
0.75
0.728
0.712
0.735
0.723
0.703
0.732
0.732
0.709
0.719
0.743
0.745
0.714
0.751
0.753
0.731
0.744
0.752
0.744
0.724
0.751
0.769
0.74
0.732
0.764
0.771
0.74
0.771
0.788
0.757
0.754
0.803
0.745
0.784
0.79
0.758
0.75
0.791
0.772
0.751
0.719
0.698
0.7
0.693
0.688
0.703
0.716
0.731
0.774
0.749
0.742
0.785
0.791
0.767
0.791
0.791
0.787
0.791
0.802
0.787
0.827
0.822
0.796
0.81
0.812
0.782
0.814
0.811
0.798
0.814
0.815
0.804
0.825
0.836
0.822
0.807
0.809
0.791
0.788
0.795
0.805
0.782
0.809
0.821
0.792
0.803
0.795
0.779
0.802
0.795
0.78
0.809
0.8
0.808
0.833
0.799
0.827
0.827
0.79
0.817
0.785
0.778
0.803
0.8
0.77
0.784
0.756
0.729
0.716
0.733
0.756
0.783
0.739
0.766
0.787
0.794
0.765
0.787
0.815
0.786
0.803
0.807
0.778
0.803
0.807
0.792
0.808
0.818
0.804
0.83
0.833
0.844
0.807
0.825
0.811
0.805
0.803
0.814
0.815
0.801
0.819
0.829
0.819
0.82
0.833
0.845
0.829
0.845
0.844
0.822
0.82
0.825
0.819
0.793
0.811
0.813
0.792
0.805
0.811
0.81
0.798
0.813
0.809
0.779
0.8
0.806
0.787
0.814
0.81
0.801
0.797
0.794
0.819
0.791
0.813
0.828
0.816
0.812
0.821
0.821
0.806
0.819
0.818
0.795
0.816
0.823
0.803
0.824
0.83
0.821
0.814
0.821
0.828
0.802
0.836
0.828
0.803
0.825
0.836
0.821
0.83
0.838
0.826
0.816
0.842
0.841
0.82
0.834
0.836
0.829
0.845
0.842
0.833
0.844
0.846
0.824
0.84
0.833
0.813
0.841
0.837
0.823
0.846
0.854
0.843
0.851
0.859
0.839
0.841
0.857
0.846
0.813
0.829
0.832
0.795
0.825
0.84
0.839
0.831
0.85
0.834
0.843
0.854
0.845
0.833
0.845
0.837
0.817
0.835
0.835
0.825
0.837
0.841
0.821
0.833
0.847
0.835
0.828
0.845
0.843
0.826
0.849
0.846
0.833
0.844
0.846
0.827
0.845
0.839
0.821
0.826
0.833
0.818
0.806
0.835
0.832
0.813
0.831
0.833
0.817
0.826
0.832
0.828
0.829
0.844
0.854
0.827
0.848
0.853
0.825
0.841
0.852
0.815
0.84
0.856
0.831
0.817
0.839
0.842
0.825
0.833
0.841
0.814
0.827
0.83
0.796
0.814
0.822
0.806
0.826
0.828
0.821
0.84
0.842
0.851
0.833
0.85
0.841
0.819
0.84
0.837
0.83
0.843
0.84
0.826
0.79
0.778
0.844
0.837
0.856
0.861
0.85
0.862
0.858
0.853
0.844
0.84
0.839
0.829
0.835
0.836
0.833
0.827
0.846
0.816
0.816
0.812
0.785
0.789
0.78
0.772
0.794
0.803
0.808
0.806
0.828
0.831
0.813
0.833
0.839
0.832
0.832
0.842
0.85
0.833
0.848
0.805
0.801
0.781
0.7455923
0.7564785
0.8318582
0.768
0.7328381
0.7690362
0.8475494
0.729
0.743
0.735
0.729
0.744
0.736
0.742
0.732
0.734
0.743
0.739
0.744
0.741
0.7734397
0.7261108
0.7523964
0.7958302
0.7634889
0.7565704
0.7648814
0.7813475
0.8382613
0.7748008
0.8189564
0.72
0.8022013
0.7742566
0.7208864
0.7591058
0.7603836
