1.081
1.07
1.084
1.099
1.082
1.06
1.09
1.091
1.073
1.056
1.093
1.068
1.034
1.053
1.069
1.024
1.005
1.016
1.057
1.058
1.065
1.032
1.057
1.066
1.05
1.031
1.056
1.068
1.064
1.04
1.072
1.08
1.054
1.066
1.086
1.092
1.09
1.085
1.107
1.105
1.092
1.075
1.089
1.086
1.088
1.07
1.062
1.088
1.083
1.084
1.056
1.065
1.084
1.085
1.063
1.05
1.073
1.078
1.058
1.057
1.055
1.069
1.076
1.062
1.039
1.041
1.059
1.065
1.059
1.036
1.052
1.063
1.077
1.084
1.079
1.052
1.055
1.064
1.063
1.051
1.04
1.044
1.064
1.077
1.053
1.033
1.052
1.055
1.025
1.033
1.05
1.047
1.026
1.039
1.05
1.054
1.029
1.04
1.053
1.057
1.032
1.033
1.043
1.048
1.005
1.007
1.03
1.036
1.026
1
1.02
1.021
1.016
1.011
1.032
1.045
1.024
1.027
1.057
1.067
1.046
1.069
1.065
1.045
1.06
1.059
1.044
1.037
1.018
1.047
1.051
1.028
0.988
0.974
1.009
0.996
1.009
1.019
1.035
1.014
1.038
1.058
1.067
1.051
1.054
1.06
1.066
1.054
1.044
1.075
1.088
1.101
1.076
1.093
1.109
1.117
1.083
1.077
1.096
1.097
1.101
1.105
1.097
1.069
1.098
1.09
1.091
1.082
1.062
1.066
1.078
1.074
1.052
1.044
1.067
1.064
1.062
1.044
1.047
1.052
1.072
1.044
1.046
1.057
1.06
1.036
1.04
1.049
1.058
1.035
1.027
1.035
1.051
1.049
1.032
1.037
1.055
1.05
1.013
1.027
1.04
1.037
1.036
1.024
1.045
1.049
1.033
1.047
1.05
1.029
1.017
1.03
1.033
0.994
0.965
0.979
1
0.985
0.991
1.025
1.037
1.03
1.026
1.036
1.049
1.06
1.052
1.04
1.06
1.081
1.091
1.073
1.056
1.085
1.092
1.084
1.057
1.05
1.01
1.042
1.053
1.078
1.07
1.063
1.047
1.082
1.086
1.09
1.078
1.083
1.098
1.091
1.102
1.086
1.091
1.093
1.071
1.071
1.083
1.083
1.084
1.062
1.057
1.069
1.085
1.083
1.062
1.071
1.083
1.095
1.082
1.076
1.092
1.101
1.082
1.083
1.098
1.109
1.096
1.083
1.099
1.117
1.114
1.098
1.106
1.119
1.118
1.092
1.095
1.105
1.071
1.067
1.08
1.039
1.037
1.013
1.011
1.024
1.03
1.005
0.997
0.977
0.993
1.026
1.026
1.031
1.049
1.063
1.041
1.077
1.08
1.059
1.041
1.078
1.103
1.074
1.089
1.095
1.059
1.03
1.014
1.047
1.061
1.054
1.074
1.048
1.019
1.004
0.998
0.986
0.97
0.976
0.967
0.964
0.958
0.955
0.963
0.956
0.936
0.948
0.945
0.93
0.941
0.94
0.932
0.93
0.943
0.954
0.938
0.932
0.939
0.94
0.972
0.974
0.987
0.997
0.985
0.973
0.973
0.963
0.949
0.957
0.963
0.943
0.942
0.945
0.909
0.916
0.924
0.917
0.915
0.945
0.955
0.956
0.964
0.974
0.96
0.948
0.954
0.963
0.94
0.937
0.94
0.928
0.899
0.897
0.898
0.89
0.894
0.889
0.891
0.901
0.878
0.887
0.875
0.889
0.912
0.91
0.922
0.935
0.926
0.914
0.922
0.914
0.911
0.907
0.899
0.879
0.888
0.886
0.87
0.852
0.874
0.868
0.85
0.831
0.841
0.824
0.863
0.867
0.877
0.892
0.901
0.916
0.919
0.916
0.934
0.947
0.959
0.941
0.944
0.962
0.952
0.941
0.958
0.971
0.953
0.948
0.967
0.974
0.947
0.944
0.952
0.944
0.922
0.932
0.932
0.855
0.842
0.812
0.795
0.79
0.776
0.776
0.766
0.756
0.77
0.762
0.764
0.762
0.759
0.771
0.751
0.76
0.749
0.75
0.75
0.756
0.762
0.749
0.76
0.781
0.774
0.77
0.78
0.77
0.772
0.766
0.754
0.753
0.748
0.743
0.735
0.726
0.728
0.721
0.71
0.717
0.704
0.705
0.698
0.696
0.692
0.688
0.692
0.678
0.673
0.67
0.669
0.669
0.66
0.66
0.655
0.659
0.646
0.654
0.647
0.646
0.641
0.646
0.648
0.634
0.638
0.641
0.645
0.633
0.639
0.637
0.631
0.633
0.63
0.633
0.625
0.625
0.628
0.62
0.625
0.624
0.625
0.614
0.618
0.614
0.614
0.612
0.611
0.611
0.607
0.607
0.605
0.603
0.601
0.609
0.6
0.606
0.601
0.605
0.599
0.595
0.596
0.599
0.593
0.592
0.594
0.599
0.591
0.583
0.594
0.593
0.599
0.588
0.596
0.591
0.584
0.591
0.591
0.591
0.586
0.59
0.585
0.589
0.585
0.588
0.588
0.585
0.585
0.583
0.59
0.589
0.583
0.587
0.586
0.583
0.582
0.584
0.586
0.583
0.585
0.582
0.583
0.583
0.579
0.579
0.58
0.583
0.574
0.576
0.576
0.575
0.572
0.573
0.576
0.568
0.565
0.569
0.565
0.567
0.562
0.568
0.565
0.565
0.56
0.565
0.559
0.561
0.557
0.558
0.552
0.558
0.56
0.555
0.551
0.551
0.557
0.549
0.547
0.548
0.55
0.545
0.546
0.544
0.545
0.541
0.544
0.544
0.54
0.539
0.543
0.54
0.543
0.545
0.547
0.543
0.55
0.557
0.56
0.548
0.549
0.555
0.551
0.549
0.557
0.563
0.571
0.578
0.577
0.584
0.592
0.517
0.67
0.595
0.595
0.594
0.597
0.593
0.59
0.592
0.602
0.614
0.609
0.609
0.609
0.619
0.624
0.631
0.628
0.631
0.645
0.656
0.65
0.652
0.655
0.663
0.69
0.735
0.776
0.77
0.759
0.753
0.732
0.712
0.72
0.698
0.692
0.703
0.722
0.765
0.811
0.805
0.709212
0.7125827
0.7159995
0.7194545
0.844
0.777
0.731
0.718
0.738
0.763
0.791
0.827
0.847
0.852
0.837
0.805
0.774
0.749
0.749
0.768
0.804
0.844
0.849
0.828
0.81
0.809
0.796
0.773
0.759
0.787
0.794
0.787
0.762
0.753
0.744
0.73
0.748
0.778
0.782
0.768
0.759
0.784
0.812
0.83
0.822
0.811
0.83
0.855
0.837
0.842
0.881
0.896
0.858
0.848
0.885
0.874
0.853
0.846
0.888
0.886
0.866
0.856
0.89
0.896
0.865
0.871
0.914
0.937
0.896
0.905
0.925
0.904
0.88
0.926
0.946
0.928
0.914
0.971
0.972
0.953
0.922
0.948
0.968
0.976
0.953
0.976
0.991
0.967
0.971
0.995
0.934
0.913
0.872
0.843
0.858
0.852
0.869
0.916
0.956
0.929
0.916
0.938
0.937
0.905
0.909
0.946
0.956
0.94
0.917
0.9
0.884
0.865
0.842
0.829
0.848
0.875
0.88
0.854
0.841
0.865
0.868
0.879
0.93
0.968
0.937
0.936
0.946
0.953
0.932
0.934
0.953
0.954
0.937
0.943
0.978
1
0.976
0.991
1.016
1.02
0.987
0.983
0.99
0.981
0.965
0.982
1.009
0.981
0.991
1.007
1.005
0.979
0.987
0.997
0.978
0.97
0.994
0.988
0.973
0.935
0.927
0.91
0.893
0.875
0.893
0.932
0.942
0.938
0.967
0.97
0.958
0.975
0.963
0.959
0.967
0.974
0.944
0.954
0.97
0.942
0.956
0.965
0.943
0.965
0.979
0.992
0.964
0.96
0.987
1.006
0.969
0.972
0.992
1.003
0.976
0.985
1.01
1.006
0.997
1.033
1.044
1.017
1.008
1.027
1.023
0.98
0.955
0.939
0.907
0.931
0.974
1.002
0.987
1.002
1.032
1.043
1.018
1.022
1.059
1.073
1.047
1.047
1.055
1.032
1.008
1.018
1.019
1.006
0.983
0.996
0.988
0.999
0.993
1.031
1.043
1.019
1.023
1.045
1.049
1.025
1.041
1.05
1.033
1.022
1.034
1.057
1.028
1.006
1.018
1.021
1.016
0.991
1.004
1.015
1.012
0.996
1.028
1.037
1.014
1.031
1.043
1.013
1.004
1.01
1.002
0.969
0.972
0.972
0.96
0.933
0.911
0.9
0.929
0.951
0.943
0.958
0.967
0.982
0.968
0.972
0.974
0.965
0.982
0.985
0.989
0.98
0.977
0.986
0.99
0.976
0.983
0.995
1.005
0.983
0.988
0.998
0.996
0.99
1.003
1.01
1.009
1.001
0.99
0.981
0.971
0.948
0.928
0.921
0.934
0.916
0.894
0.875
0.86
0.857
1.005714
1.006244
0.867
0.875
0.93
0.994
1.024
1.034
1.031
1.046
1.003
1.035
1.06
1.041
1.058
1.066
1.041
1.057
1.076
1.09
1.094
1.092
1.051
1.082
1.095
1.072
1.081
1.112
1.137
1.115
1.106
1.089
1.063
1.043
0.994
0.994
0.985
0.971
0.926
0.946
0.965
0.991
0.984
1.033
1.052
1.041
1.066
1.028
1.044
1.078
1.103
1.083
1.084
1.111
1.115
1.127
1.095
1.109
1.112
1.101
1.109
1.093
1.095
1.095
1.087
1.111
1.105
1.11
1.102
1.091
1.051
1.069
1.062
1.012
1
1.027
1.048
1.035
1.009
1.029
1.057
1.073
1.037
1.044
1.05
1.068
1.077
