0.7980559
0.7937708
0.8028091
0.8015209
0.7990213
0.7975444
0.8036951
0.8078553
0.8070724
0.7981394
0.793055
0.8011409
0.8041244
0.8009613
0.8013253
0.8002345
0.8025672
0.8023634
0.7927083
0.7977742
0.806086
0.8061869
0.8020977
0.7964534
0.8021978
0.8059396
0.8032434
0.7972227
0.7913241
0.7940383
0.7954631
0.7936988
0.7910454
0.789307
0.7873138
0.7850353
0.7904251
0.7939138
0.7910798
0.7890069
0.7891391
0.7886492
0.7930823
0.7937932
0.7831305
0.7830645
0.7883002
0.7933113
0.7891038
0.7777237
0.7843496
0.7860578
0.7807992
0.7842648
0.782074
0.7817883
0.7891576
0.7879958
0.7790265
0.7710567
0.7684235
0.7661324
0.7598951
0.7608351
0.7625126
0.7641338
0.7685108
0.7627773
0.7602759
0.765485
0.7674071
0.7652725
0.7630372
0.7651076
0.7678147
0.7702324
0.7671387
0.7623067
0.7672835
0.7709925
0.7669088
0.764351
0.7658136
0.7692278
0.7705052
0.7717593
0.776326
0.781671
0.7873694
0.7835896
0.7794092
0.7868153
0.7872213
0.7799296
0.7796611
0.7864984
0.7922247
0.796946
0.7940825
0.7830237
0.7919834
0.8032533
0.7865575
0.7584242
0.7574628
0.7846187
0.7911191
0.7937326
0.805368
0.8097673
0.811853
0.8123599
0.8123753
0.8073583
0.800739
0.7986411
0.7959122
0.793576
0.795372
0.7921502
0.7916109
0.7916938
0.7953822
0.8029516
0.8029113
0.8055038
0.8024892
0.7984048
0.7969822
0.7900491
0.7873686
0.7841578
0.7802414
0.7808357
0.7810468
0.7810487
0.7774788
0.7762398
0.7806365
0.7788325
0.7733054
0.7764747
0.7864653
0.7887849
0.7853583
0.7836834
0.7867784
0.7908643
0.7910848
0.7909259
0.7888622
0.7885327
0.7914109
0.7913333
0.7908831
0.7931918
0.7946428
0.7965733
0.798176
0.7967555
0.7953105
0.7947131
0.799871
0.8011337
0.7928542
0.7941711
0.8014311
0.800055
0.7984329
0.801583
0.8032438
0.8026962
0.7990352
0.7952169
0.7937828
0.7922021
0.7885995
0.7811978
0.7785017
0.78027
0.7752405
0.7702534
0.7674871
0.7636605
0.7624702
0.7614131
0.7618626
0.7618085
0.7637289
0.7668618
0.7683768
0.7715609
0.7711185
0.7768542
0.7843598
0.7824299
0.7819314
0.7850938
0.7878367
0.7924279
0.7951055
0.7928391
0.7912922
0.7917926
0.7898665
0.7840654
0.7813259
0.781601
0.7803064
0.7776416
0.7765796
0.7740435
0.774667
0.7801339
0.7760576
0.7728416
0.7770422
0.7732279
0.7695124
0.7690956
0.7704874
0.7764076
0.7771507
0.7727476
0.7717093
0.7786793
0.7814933
0.7798651
0.7810762
0.7797104
0.7774037
0.7777638
0.7825343
0.7882694
0.7894455
0.7931013
0.7951861
0.7930846
0.7917227
0.7916008
0.7943821
0.7954545
0.7933762
0.7884975
0.7869841
0.7877778
0.7884471
0.790471
0.7926245
0.7919851
0.7891763
0.7889332
0.793461
0.7992812
0.7971357
0.7943834
0.7932706
0.7920657
0.792803
0.7888312
0.7833783
0.7773516
0.7742247
0.7756832
0.7796766
0.7862344
0.7883898
0.7876839
0.7805655
0.7742723
0.7812957
0.7925867
0.7990177
0.8020154
0.8038261
0.8064144
0.8093854
0.8050426
0.8027453
0.8060592
0.8091083
0.8083189
0.8072213
0.8129602
0.812169
0.805032
0.8033422
0.8079484
0.8094314
0.8078672
0.808015
0.8069777
0.8093943
0.8111656
0.8021341
0.792503
0.7884487
0.7846238
0.7791271
0.7708258
0.7688937
0.7730273
0.7759209
0.7758141
0.7731844
0.7753201
0.7872047
0.7903478
0.7829914
0.7857359
0.7907796
0.7912187
0.7884435
0.7848028
0.786516
0.7859215
0.7834421
0.7823398
0.7785999
0.7777674
0.7802112
0.7817105
0.7789144
0.7776192
0.7824991
0.7829108
0.7814853
0.7790074
0.7764963
0.7807099
0.7828667
0.7800295
0.7815326
0.7895982
0.7927526
0.7914234
0.792673
0.7965031
0.7969652
0.7975829
0.8000659
0.7989
0.8015353
0.8062487
0.8064957
0.8022897
0.7990241
0.7978867
0.799492
0.8011331
0.802179
0.7979523
0.8095915
0.7939888
0.699733
0.709583
0.7407711
0.7383742
0.7734328
0.7409404
0.7422997
0.7371624
0.7974743
0.7767963
0.7093349
0.7507054
0.7336354
0.7555606
0.727625
0.7235645
0.7302731
0.7162457
0.7054688
0.7026869
0.784254
0.8020543
0.7905428
0.7933742
0.7844697
0.7846449
0.7886442
0.7908807
0.7925328
0.7951563
0.7937268
0.790165
0.7914554
0.7940633
0.790798
0.7895542
0.78695
0.7834513
0.7790523
0.7733014
0.7785011
0.784814
0.7818964
0.7794421
0.7817189
0.7852529
0.787656
0.7826533
0.779201
0.784912
0.7865443
0.7846243
0.7799123
0.7800647
0.7754556
0.7632187
0.761184
0.7594444
0.7434189
0.7176937
0.7067547
0.706975
0.706189
0.7045576
0.6993143
0.6926653
0.6998116
0.7078006
0.701029
0.703072
0.7014388
0.6877809
0.6851652
0.6885189
0.6839617
0.6739855
0.6663103
0.6751361
0.7012419
0.7217939
0.7320874
0.740872
0.7412847
0.7314799
0.7284731
0.7334127
0.7420968
0.7425218
0.732787
0.7351852
0.7367552
0.7204133
0.7078132
0.7139371
0.7214604
0.7235707
0.7220108
0.7215207
0.7265283
0.7269373
0.7220367
0.7214443
0.7255733
0.7226664
0.7167792
0.7141154
0.695283
0.674067
0.6637317
0.6534782
0.6444403
0.6367874
0.6356753
0.630425
0.6255101
0.6216681
0.6170742
0.6188565
0.6168084
0.6122632
0.6110132
0.6130583
0.6148427
0.6128585
0.608153
0.6072354
0.6030289
0.5998111
0.6007921
0.5993487
0.6030541
0.5975733
0.6018269
0.588966
0.6120342
0.7294941
0.6992054
0.6098182
0.6076266
0.6150728
0.692758
0.6724927
0.5999251
0.647945
0.6776694
0.654528
0.6648103
0.6580155
0.6442328
0.7023046
0.6885421
0.6590666
0.7141504
0.7009449
0.6784374
0.7085117
0.7140342
0.7085227
0.7067164
0.6999302
0.6819364
0.6757155
0.666856
0.6693878
0.6637451
0.6604976
0.7373555
0.721295
0.6546335
0.6617473
0.6765304
0.6972454
0.6859829
0.6874715
0.6778186
0.6911004
0.7062357
0.6978586
0.7016372
0.6586176
0.6810053
0.6942922
0.6845633
0.6907998
0.6682405
0.6666977
0.6491327
0.6492547
0.6866017
0.6940049
0.6826719
0.7106654
0.7395552
0.6602515
0.6230412
0.6927401
0.6665128
0.6578447
0.7064581
0.6699655
0.6459916
0.6783983
0.6764457
0.680397
0.6844213
0.6752698
0.6892591
0.6778176
0.6859169
0.712362
0.6886073
0.6738404
0.7086083
0.7087794
0.6985396
0.6753832
0.6742339
0.6978774
0.6807448
0.7291996
0.7306411
0.6679534
0.6451172
0.6567024
0.679042
0.6735183
0.659457
0.6530957
0.6682692
0.6532917
0.6233203
0.6689738
0.6913456
0.6744679
0.675559
0.6415533
0.6638967
0.6943368
0.6844454
0.6760722
0.6584191
0.6430624
0.6510331
0.6669454
0.6561484
0.6477985
0.6818208
0.7125714
0.6706431
0.6724126
0.6785945
0.6446961
0.6744222
0.7142105
0.6892371
0.679758
0.6474088
0.6316962
0.6834703
0.6466721
0.692654
0.7206453
0.6470312
0.6809471
0.6695004
0.6249998
0.6216119
0.6289129
0.6476545
0.6334011
0.6975789
0.7217169
0.6536175
0.6814433
0.7067293
0.6726312
0.6524957
0.6573659
0.6749398
0.676157
0.6761482
0.686048
0.6758555
0.6934818
0.6386818
0.6507558
0.7452754
0.6805706
0.6716025
0.6914929
0.6606181
0.6849543
0.681302
0.6699995
0.6647592
0.6844477
0.7200364
0.6600093
0.6337201
0.6721378
0.6804024
0.6850705
0.65196
0.6487905
0.6973349
0.6662697
0.6443213
0.6582458
0.6731535
0.6932983
0.6858677
0.681261
0.6666684
0.6674509
0.6670037
0.6690468
0.6398441
0.6399966
0.721136
0.6898517
0.6386288
0.6388154
0.6488989
0.7251449
0.7138257
0.6665626
0.6803419
0.6609102
0.6537027
0.641539
0.6612275
0.7065029
0.679945
0.6651359
0.6845395
0.701025
0.6531672
0.6494005
0.7052158
0.6676963
0.6392119
0.6341756
0.6270185
0.6531278
0.6861521
0.7048926
0.6879986
0.6619777
0.6681116
0.6438807
0.6580015
0.6758446
0.6630374
0.7039653
0.6859188
0.6606427
0.6566449
0.64089
0.6353851
0.657986
0.6825958
0.6782228
0.639784
0.5797719
0.5740261
0.582698
0.577068
0.5789601
0.5810306
0.5863184
0.5924183
0.5955294
0.5940368
0.5901434
0.5878446
0.5828866
0.5784358
0.5843345
0.5976816
0.6035084
0.6025894
0.5990345
0.6042696
0.6116532
0.6060533
0.6080412
0.614317
0.6102308
0.6028763
0.6016652
0.6064234
0.6048158
0.5973237
0.5984463
0.6076352
0.6139833
0.6092258
0.6068126
0.6152997
0.6213283
0.6180623
0.6133996
0.6181302
0.6245146
0.6241255
0.6209391
0.6236153
0.6291301
0.627355
0.6172842
0.6048244
0.59874
0.6016445
0.6050208
0.6038319
0.6078669
0.6169693
0.627327
0.6317502
0.6261103
0.6311576
0.6422084
0.643383
0.6372547
0.6400498
0.6526846
0.6521954
0.644124
0.6444422
0.653963
0.6569409
0.6501207
0.6483509
0.6550742
0.6603477
0.6528859
0.6436984
0.6537483
0.6682779
0.6670302
0.6622933
0.6674251
0.6695378
0.658065
0.6541277
0.6619176
0.6588956
0.642924
0.6284103
0.6210061
0.622519
0.6306551
0.6436878
0.6502906
0.6466496
0.65352
0.6681273
0.6776931
0.6886313
0.6855659
0.6799697
0.6935155
0.7047559
0.7070257
0.7002363
0.6901541
0.6916812
0.7035783
0.7028269
0.6905512
0.6847546
0.6901177
0.6938364
0.6815163
0.6780676
0.686615
0.6901759
0.6851238
0.6772819
0.6849498
0.6961963
0.6909125
0.6837839
0.6854479
0.6940531
0.6968307
0.6869491
0.6840034
0.6866326
0.6886688
0.6910682
0.6864544
0.6876346
0.7016291
0.7049838
0.6972305
0.6951546
0.7035678
0.713914
0.7067563
0.7018064
0.7111387
0.7198508
0.7180498
0.7070818
0.7046923
0.7081511
0.7098161
0.7044772
0.7014762
0.7019357
0.708273
0.7145074
0.7039381
0.7025898
0.7097841
0.7179439
0.7185283
0.7044516
0.7006536
0.7084671
0.7007752
0.6907344
0.7031239
0.7048969
0.6925965
0.6888088
0.6937023
0.6921008
0.6855763
0.6898908
0.6991657
0.7054634
0.7063346
0.7079455
0.70421
0.6972993
0.6957582
0.684118
0.6775402
0.6819629
0.6843154
0.6830214
0.6738056
0.6744036
0.682141
0.6881298
0.6845938
0.6817564
0.6923069
0.6981309
0.6944253
0.6944078
0.7048649
0.7103361
0.7131862
0.7163216
0.7101926
0.7076745
0.7155563
0.7187141
0.709734
0.7019435
0.7111762
0.7162667
0.7089841
0.7084809
0.7237157
0.7391039
0.7294306
0.7223037
0.7305892
0.7351217
0.7324016
0.7334755
0.739131
0.7419646
0.7449566
0.7425526
0.7477397
0.755209
0.7438552
0.7342671
0.7369009
0.7388599
0.7347374
0.7306714
0.7303111
0.7341497
0.7395548
0.7380065
0.7386652
0.7419393
0.746603
0.7508061
0.7491682
0.7523683
0.7583935
0.7570687
0.7554365
0.7607963
0.7659489
0.7635037
0.7576878
0.7599764
0.7646068
0.7620515
0.7570298
0.758583
0.763119
0.7559424
0.7467874
0.7519996
0.7572135
0.7514102
0.7448905
0.7455687
0.7492938
0.748351
0.7458385
0.7496384
0.7572915
0.7602868
0.7541732
0.7517571
0.7616077
0.7665047
0.7635546
0.7637145
0.7673873
0.7659739
0.756851
0.7506305
0.7516525
0.7519924
0.7501302
0.7521578
0.7523616
0.7520663
0.7537106
0.752177
0.752088
0.7538416
0.7551855
0.7534638
0.7496681
0.751829
0.7558727
0.7481873
0.7363102
0.7353443
0.740665
0.7385397
0.7340009
0.7372844
0.7448863
0.7474065
0.7402825
0.7419575
0.7505308
0.748904
0.7432344
0.7454609
0.7489803
0.7492336
0.745088
0.7405488
0.7447357
0.7456326
0.7414645
0.7374553
0.7403543
0.7483771
0.7547134
0.7578592
0.7504543
0.7477259
0.7518135
0.7511449
0.7509462
0.7532241
0.7589719
0.7659633
0.7641744
0.7526611
0.7527256
0.7584894
0.7553563
0.7506298
0.7486769
0.7537592
0.7610365
0.7614423
0.7565158
0.7593447
0.7673402
0.7659881
0.760217
0.7613015
0.7666277
0.7635565
0.7624686
0.7648752
0.7622497
0.7652157
0.7638629
0.758651
0.758354
0.7654182
0.7728483
0.7686584
0.7604059
0.7626365
0.774319
0.7767487
0.7724761
0.7638383
0.7603959
0.7708356
0.7741843
0.7666464
0.7718702
0.7855008
0.7868294
0.7822127
0.7766448
0.7760195
0.7797792
0.7811723
0.7717326
0.7657248
0.7687739
0.7683619
0.7685675
0.7639992
0.7627887
0.7625233
0.7576817
0.7587358
0.7564992
0.750912
0.7479545
0.7463186
0.7499662
0.7481749
0.7467195
0.7498727
0.7502412
0.750649
0.7459182
0.7460254
0.7460191
0.7325109
0.7278981
0.7326851
0.7299359
0.719647
0.7176449
0.726175
0.7305683
0.7324201
0.7312752
0.7344898
0.7444582
0.7512594
0.7513103
0.7488554
0.7548734
0.7648116
0.7621758
0.7520455
0.7551281
0.7643461
0.7619541
0.7586494
0.7625028
0.7685797
0.7743002
0.7730881
0.769246
0.7721299
0.7744328
0.7725641
0.7704087
0.7731337
0.7774969
0.7751658
0.7698572
0.7718955
0.7811093
0.78089
0.7744544
0.7738129
0.7728902
0.7679865
0.7597891
0.7525349
0.7495967
0.7406358
0.7321856
0.7318497
0.7310679
0.7210381
0.7164281
0.7277921
0.7322596
0.7299759
0.7266819
0.7304007
0.7379177
0.7335044
0.7178911
0.7016469
0.6970443
0.7034241
0.7101435
0.7151033
0.7207193
0.7264726
0.7368206
0.7434988
0.7468282
0.7509259
0.7508828
0.7457736
0.7383228
0.7383728
0.746818
0.7460148
0.7406732
0.734557
0.7337761
0.7485309
0.7542032
0.7556127
0.7542822
0.7460995
0.74418
0.7470456
0.7485891
0.7452619
0.7374093
0.7333164
0.7345167
0.7367603
0.742312
0.7442324
0.7439955
0.7426608
0.7428431
0.7470811
0.7476022
0.7387218
0.7254952
0.7212343
0.725988
0.7263234
0.7308028
0.7395182
0.7369719
0.7345514
0.7386093
0.7388242
0.7342351
0.7319488
0.7220653
0.7096537
0.706617
0.7075292
0.7083109
0.7132925
0.71473
0.7095487
0.7097398
0.7144487
0.721623
0.7193028
0.7189824
0.729921
0.7289145
0.7271723
0.7302497
0.7288563
0.7303417
0.726945
0.7271484
0.7300422
0.7249209
0.7223893
0.7225888
0.7168009
0.7096673
0.7129659
0.7208891
0.723718
0.727808
0.7349927
0.7299117
0.7263436
0.727947
0.7230791
0.7189754
0.720572
0.7218468
0.7126265
0.7084307
0.705663
0.6976943
0.6933287
0.688611
0.6833968
0.6842343
0.6896143
0.6877751
0.6802335
0.6694115
0.6601033
0.6581593
0.663329
0.6703814
0.6723741
0.6827561
0.6953468
0.6974423
0.700914
0.7058884
0.7080077
0.7145646
0.7185965
0.7121345
0.7084251
0.7095229
0.7138725
0.7187924
0.7235227
0.7326236
0.7389357
0.735473
0.731013
0.7343211
0.732839
0.7264867
0.7358464
0.7492471
0.7447721
0.7401981
0.7358561
0.7232133
0.7241509
0.7277676
0.7268334
0.7232902
0.7229214
0.7318484
0.729155
0.7235324
0.722237
0.7232357
0.7198262
0.7104857
0.7090353
0.7096631
0.7106795
0.7075391
0.7008698
0.7048451
0.709513
0.7074144
0.7090527
0.7171636
0.7189527
0.7153631
0.720212
0.726349
0.7286892
0.7290652
0.7269135
0.7251486
0.7216012
0.7153653
0.7097319
0.7086516
0.7024212
0.6920711
0.6914654
0.6898965
0.6921446
0.695982
0.6909555
0.6906001
0.6953872
0.7029148
0.7085873
0.7093972
0.7084307
0.7100101
0.7115443
0.7162346
0.7198759
0.7106559
0.709683
0.7168359
0.7146603
0.7117678
0.7099136
0.7117997
0.7112273
0.7141104
0.72768
0.7270282
0.7262504
0.7243529
0.7175232
0.715062
0.7089695
0.7097216
0.7094827
0.704849
0.7042446
0.7148446
0.7272575
0.7284565
0.7287321
0.7279698
0.7362868
0.7422031
0.7360308
0.738665
0.7439154
0.741718
0.7318376
0.7249197
0.7284233
0.7322699
0.7326734
0.7323014
0.7372897
0.7342742
0.7199701
0.7203341
0.7247941
0.7223487
0.7295243
0.7332371
0.7280632
0.737141
0.7377619
0.7305034
0.7377642
0.7416073
0.7427344
0.7439313
0.7376092
0.7319167
0.736659
0.7272738
0.71331
0.7136124
0.7134122
0.7180768
0.7123356
0.7028575
0.705197
0.7111277
0.7142514
0.7095427
0.7068791
0.7137004
0.7229796
0.7267598
0.7349682
0.748909
0.7531945
0.753256
0.7577627
0.7555044
0.7509904
0.7532276
0.7589191
0.7560281
0.7518935
0.7571796
0.7605446
0.7592381
0.7557488
0.753383
0.7537766
0.7506971
0.7333197
0.7156306
0.7186001
0.7267121
0.7327576
0.7421232
0.7397574
0.7418306
0.7468974
0.7457147
0.7502799
0.743531
0.7344073
0.7335243
0.7358867
0.7421099
0.7433695
0.7396226
0.7420357
0.7498793
0.7549085
0.7547567
0.7523388
0.7573499
0.7630322
0.7573901
0.7533575
0.7555523
0.7597492
0.7505332
0.7255162
0.7149612
0.7191142
0.7182844
0.7083566
0.7113685
0.7239127
0.7290211
0.7262089
0.7258165
0.7396612
0.7449589
0.7370241
0.7323357
0.7362084
0.733559
0.7205835
0.720651
0.7323416
0.7380325
0.7346339
0.7284005
0.7304383
0.7361061
0.730119
0.7235996
0.7244609
0.7288512
0.7361432
0.7327327
0.7249276
0.7330988
0.7385921
0.7336113
0.733723
0.7384277
0.7356296
0.7210716
0.7218459
0.7378439
0.7411237
0.7393783
0.7426494
0.734072
0.7240545
0.7260917
0.728837
0.7334294
0.7293932
0.7168903
0.7194124
0.7256803
0.7255517
0.7352542
0.7371116
0.7261715
0.7267628
0.7351231
0.742933
0.7465705
0.7398304
0.7349669
0.7391958
0.741431
0.7372666
0.7263197
0.7038806
0.6965098
0.717046
0.7239601
0.7243445
0.7310146
0.7264392
0.726608
0.7352382
0.7338589
0.7208123
0.7164314
0.7246557
0.7333018
0.7417163
0.7458095
0.7496367
0.7528525
0.7511377
0.7499251
0.7412212
0.7248199
0.7204044
0.7242427
0.7281136
0.7281222
0.7186399
0.7152401
0.7163566
0.7147602
0.7142362
0.7104197
0.7047261
0.7080835
0.7054772
0.6895565
0.6823275
0.6825781
0.6791252
0.6762303
0.6767775
0.6805557
0.6874388
0.6901235
0.6944921
0.6955421
0.7031122
0.7180069
0.7172184
0.7165713
0.7122513
0.7012174
0.7003917
0.7045224
0.7051987
0.7005142
0.6946482
0.6992998
0.7082008
0.7106136
0.7158725
0.7183476
0.7181502
0.7217533
0.7242237
0.7223396
0.7200548
0.7164069
0.7087033
0.7079168
0.7052663
0.6991889
0.697857
0.7005187
0.7030967
0.7030062
0.705124
0.7078052
0.7035312
0.6979995
0.7025323
0.7069206
0.7083099
0.7094314
0.7063875
0.7060827
0.7087621
0.7125054
0.7128705
0.7082246
0.7081643
0.7163133
0.7275332
0.7251883
0.7164112
0.7192115
0.7210659
0.7181535
0.7246169
0.7305574
0.7272969
0.7204725
0.7148891
0.7131558
0.718552
0.7203616
0.7104917
0.7073671
0.705955
0.7025082
0.704615
0.7073255
0.7063442
0.6982335
0.6957868
0.7021198
0.6967368
0.6891769
0.6908883
0.6964534
0.6988729
0.6996249
0.7076447
0.7083092
0.7042368
0.7024595
0.6963912
0.6908094
0.688316
0.6899995
0.6894491
0.6846543
0.6892319
0.6983627
0.7047535
0.7122466
0.7141647
0.7108742
0.7081463
0.702528
0.6990206
0.7032474
0.7097219
0.7174402
0.72319
0.7258541
0.7224625
0.7125304
0.7035804
0.697625
0.6955828
0.6976424
0.7001831
0.6974328
0.6983371
0.6966157
0.6865506
0.6852035
0.6896546
0.6900603
0.6879604
0.692746
0.7031398
0.7106723
0.7207883
0.7352051
0.7352881
0.7240202
0.7193701
0.718655
0.7150106
0.7090827
0.707257
0.708754
0.7135872
0.7146764
0.7082685
0.7118401
0.7150087
0.7103122
0.7165179
0.7226435
0.7214191
0.7261467
0.7358084
0.7362647
0.7344192
0.7329349
0.7216793
0.7219202
0.7202818
0.7062027
0.6990434
0.6961622
0.6992637
0.6989497
0.6966246
0.6993325
0.7016715
0.7032435
0.6947822
0.6828229
0.6839541
0.6797003
0.6711965
0.6729943
0.6781718
0.683699
0.6883362
0.6892339
0.6913218
0.6975608
0.7024098
0.7043081
0.7025925
0.7082894
0.712692
0.7128818
0.7180723
0.7117592
0.704287
0.7067116
0.7037178
0.6952779
0.6900673
0.6879097
0.6828017
0.6796985
0.6812977
0.6905098
0.7007961
0.7064041
0.7102049
0.7052631
0.710325
0.7150514
0.7083675
0.7134565
0.7254483
0.7320812
0.7294068
0.7237951
0.7179816
0.7178405
0.7195307
0.7233196
0.7301513
0.724008
0.720065
0.7303658
0.7312045
0.7188303
0.7217494
0.7280252
0.7285981
0.7332045
0.7290702
0.7179138
0.711615
0.7115101
0.712478
0.7146623
0.7082945
0.6994916
0.6985526
0.6917883
0.6826166
0.6718054
0.6641007
0.6805426
0.7012663
0.7029107
0.6982464
0.6969524
0.6992255
0.7049624
0.7008052
0.6785125
0.6673442
0.6747613
0.6821279
0.6933946
0.7062507
0.7246938
0.73668
0.738917
0.7504694
0.7565684
0.7467091
0.7403868
0.746869
0.7438747
0.7425588
0.7432159
0.7339631
0.7315836
0.7254762
0.712767
0.7111621
0.7155404
0.7163839
0.7166286
0.7196523
0.7275851
0.7317832
0.7369509
0.7434562
0.738977
0.7379547
0.7427252
0.7386623
0.7282833
0.7188734
0.7189739
0.7236633
0.7197963
0.7112502
0.7105295
0.7186212
0.7250528
0.7223039
0.7226679
0.7312252
0.7287131
0.7241299
0.7245559
0.7303221
0.7380019
0.7412011
0.7446189
0.7419146
0.7306478
0.71872
0.7236969
0.7333834
0.7301748
0.7250663
0.7207793
0.7185973
0.7148621
0.7050354
0.7051127
0.7192204
0.7222801
0.7129068
0.7173667
0.728013
0.7285389
0.7188285
0.7132392
0.7188785
0.7149989
0.7055341
0.7082152
0.7155242
0.7137808
0.7118996
0.7127034
0.7159517
0.7283603
0.7380396
0.7397155
0.7393096
0.7408733
0.7485937
0.7536588
0.7535414
0.7543567
0.7457504
0.7416144
0.744793
0.736599
0.7301984
0.7307368
0.7335703
0.7360895
0.7315004
0.7291457
0.7294936
0.72428
0.7155781
0.7221795
0.7324504
0.7317628
0.7287819
0.7223042
0.7312366
0.7368747
0.7330107
0.733571
0.7259876
0.7195776
0.7161746
0.7131089
0.7129104
0.7119946
0.7099849
0.7024526
0.6951323
0.6972827
0.6992869
0.7033621
0.7058179
0.6979077
0.6971184
0.6946816
0.6858426
0.6866519
0.6856639
0.685061
0.6908936
0.7016742
0.7116757
0.7186553
0.7282945
0.7220822
0.7155022
0.7256828
0.7316917
0.7312531
0.7296826
0.7317676
0.7304198
0.7204864
0.719558
0.7261964
0.7252483
0.7254258
0.7281712
0.7212066
0.7200262
0.727673
0.725602
0.7152487
0.7060193
0.7056478
0.7079694
0.7081919
0.7064383
0.6960164
0.683285
0.6860494
0.698655
0.7072132
0.7125819
0.7187024
0.7216818
0.7182581
0.7181522
0.7184836
0.7177703
0.7136122
0.7055984
0.6971447
0.6936341
0.6995861
0.7062711
0.7117437
0.7150084
0.7215897
0.7277699
0.7282709
0.7253243
0.7220453
0.7275079
0.7295811
0.7245835
0.7236847
0.7241959
0.7227129
0.7213958
0.7205446
0.7172577
0.7128182
0.7114278
0.7148324
0.7189865
0.7220829
0.7225724
0.7205019
0.726249
0.7308824
0.7259793
0.7234047
0.7302004
0.7372178
0.7320807
0.7299367
0.735902
0.7333612
0.730323
0.7347845
0.7357376
0.7356281
0.7338277
0.7283257
0.7269573
0.7235438
0.7188165
0.7115559
0.7029274
0.7046859
0.7067311
0.7043887
0.702544
0.7016205
0.7046302
0.7104117
0.7188241
0.722433
0.7173972
0.7217653
0.7316552
0.735261
0.7343456
0.7341207
0.7300019
0.7225206
0.7294818
0.7309344
0.7248542
0.7250162
0.7273419
0.7292567
0.7289055
0.727859
0.7240891
0.7188028
0.7166345
0.7183369
0.7207688
0.7231167
0.7227066
0.7191364
0.7183103
0.7228047
0.7214643
0.7169294
0.7194184
0.7233904
0.7256165
0.7273216
0.7275884
0.7308139
0.7281634
0.7236642
0.726257
0.7288185
0.7266016
0.7250485
0.7288688
0.7276857
0.7256721
0.728479
0.7336158
0.7326444
0.7310271
0.7281705
0.7267874
0.7308272
0.7244595
0.723863
0.7283512
0.7256786
0.7300334
0.7342387
0.7362584
0.7427127
0.7403897
0.7396782
0.740406
0.73261
0.7343844
0.7366758
0.7270006
0.7195588
0.7118541
0.7025658
0.7019275
0.7049676
0.7070345
0.7078289
0.7071523
0.7091487
0.7149522
0.7164973
0.7180544
0.7227223
0.7208059
0.7186395
0.7192033
0.722212
0.7276267
0.7280025
0.7261309
0.7214378
0.720377
0.7165122
0.7070026
0.7086617
0.7095977
0.7078607
0.7045106
0.698877
0.7005017
0.6942925
0.6856571
0.6874994
0.6848722
0.6828165
0.6849355
0.6929332
0.6934035
0.6853611
0.6857661
0.681627
0.6769199
0.6714529
0.6706686
0.6702482
0.6687177
0.6762759
0.6848363
0.6941287
0.7006094
0.7054828
0.707079
0.7083219
0.7103613
0.7085488
0.7076362
0.7049966
0.7034902
0.7064997
0.7083926
0.713002
0.7142484
0.7132659
0.7178025
0.7209863
0.7197593
0.7162547
0.7172012
0.7150118
0.7138877
0.7199741
0.716114
0.71398
0.7130533
0.709652
0.713397
0.7086582
0.7009758
0.7001099
0.7021066
0.7058626
0.709115
0.7084989
0.7022974
0.701474
0.7074751
0.7102335
0.7097116
0.7082433
0.7123951
0.7226062
0.7278702
0.7292426
0.7250579
0.7250864
0.7336728
0.7303061
0.7188624
0.703562
0.6946925
0.6927884
0.6851225
0.681381
0.6804078
0.6709026
0.6607148
0.6573925
0.6523148
0.6514194
0.6553566
0.6599351
0.669276
0.6773826
0.6770699
0.6786807
0.6817195
0.6848948
0.6807144
0.667749
0.6682045
0.6699814
0.6707233
0.6760567
0.6755463
0.6703566
0.6646902
0.6581733
0.6553535
0.6576609
0.6592486
0.6630785
0.6654392
0.6658357
0.669203
0.6660722
0.6693266
0.6778285
0.6736809
0.6698422
0.664473
0.6558703
0.6534377
0.6546378
0.6563396
0.6587587
0.6622569
0.6612521
0.660238
0.6603957
0.6554298
0.6496599
0.6476471
0.6483306
0.6508897
0.6561781
0.6561979
0.6519786
0.6556812
0.6608094
0.6578457
0.6544541
0.6512678
0.6446478
0.641839
0.6442224
0.6512015
0.6528075
0.6519204
0.6558615
0.6570679
0.6613247
0.6607753
0.6589948
0.6628277
0.6640769
0.6683362
0.6766822
0.6730332
0.6703539
0.6761543
0.6812647
0.6840732
0.6742559
0.6700025
0.6769184
0.6875534
0.6923594
0.6899679
0.6944282
0.6969735
0.6851028
0.6727723
0.6692862
0.6667561
0.6664347
0.6719955
0.6775765
0.6738711
0.6763322
0.6851338
0.6866288
0.6841938
0.6842463
0.6876694
0.6925709
0.6926831
0.6908584
0.6896669
0.6765486
0.6688031
0.6697643
0.6740156
0.6804332
0.6748512
0.6643446
0.6623593
0.6643573
0.6658755
0.6701867
0.670309
0.6701676
0.6726309
0.6778629
0.6747637
0.6660131
0.6695024
0.6685089
0.6618854
0.6591284
0.6580332
0.6579076
0.6570772
0.6592556
0.6614088
0.6628517
0.6649578
0.6683706
0.6678898
0.6645476
0.6587565
0.6417561
0.6336728
0.631525
0.6259112
0.6240485
0.6230869
0.6217367
0.622682
0.6216953
0.6153631
0.6129972
0.6117619
0.6160636
0.625671
0.6367497
0.6455937
0.6473105
0.6498747
0.6518811
0.6521831
0.6505482
0.6464616
0.6447827
0.6485476
0.6554536
0.6603309
0.6603742
0.6587441
0.6582584
0.6610891
0.6702294
0.6749896
0.6719701
0.6679663
0.6685853
0.676649
0.6795742
0.6754594
0.6748803
0.6748365
0.6777599
0.6784029
0.6738899
0.6754594
0.6760925
0.67743
0.6824346
0.6877316
0.6852846
0.6793287
0.6842012
0.69041
0.685841
0.6831011
0.6866173
0.6862548
0.6813987
0.6758776
0.6731399
0.6731307
0.6747731
0.6819023
0.6861143
0.6786348
0.6761426
0.6808389
0.6873736
0.6888834
0.6920328
0.6972717
0.6912333
0.6819155
0.6796839
0.6844562
0.6927785
0.6976193
0.6941004
0.6901326
0.6922801
0.6987651
0.7018284
0.7000689
0.6912931
0.6845606
0.6876193
0.6912624
0.6870237
0.6815609
0.685888
0.6828897
0.6815028
0.6812215
0.6721235
0.6725356
0.6660802
0.6648562
0.6698655
0.663178
0.6646388
0.671069
0.6816627
0.6881746
0.6927876
0.6972324
0.6883395
0.6868725
0.6926838
0.697673
0.6996523
0.6920061
0.6854506
0.6902963
0.7038791
0.7068221
0.7094426
0.7145559
0.7060029
0.7030272
0.7066381
0.7073954
0.7108566
0.7149592
0.7170083
0.7100761
0.6983315
0.6962848
0.6940825
0.6959835
0.7001945
0.7024177
0.707245
0.7031503
0.6983834
0.6986101
0.7016985
0.6971909
0.6907115
0.6899944
0.6904203
0.6956748
0.7035018
0.7046126
0.6962755
0.6956506
0.6965883
0.6960131
0.7032055
0.7061247
0.701778
0.7028963
0.7044784
0.7016849
0.6958283
0.6896214
0.6929338
0.6987783
0.697788
0.6999819
0.6944305
0.6791277
0.6789064
0.6824578
0.6828438
0.6895185
0.6949925
0.6915559
0.6878694
0.688121
0.6990118
0.7009056
0.6898052
0.6974645
0.7019284
0.6932962
0.6900477
0.6865859
0.68833
0.6964245
0.6936764
0.6912575
0.6988673
0.694772
0.6805158
0.6773691
0.6837519
0.6901261
0.6903463
0.6867819
0.6819569
0.6784427
0.6796569
0.6812874
0.6905768
0.6995227
0.6971868
0.6951336
0.6991912
0.7046299
0.7027795
0.6929709
0.6877647
0.6903192
0.6825021
0.6791479
0.6896668
0.6960857
0.6998853
0.6974897
0.6984943
0.7006424
0.6898553
0.6819514
0.683209
0.6868859
0.689955
0.6876351
0.688065
0.6960303
0.7016239
0.7033093
0.6991394
0.6921101
0.6912966
0.6958648
0.6988015
0.6970357
0.6984643
0.7000526
0.7081139
0.7100757
0.6949285
0.6935175
0.6953824
0.6888291
0.6908665
0.6968551
0.6956654
0.6926179
0.6946333
0.7049969
0.7075482
0.6987036
0.7012469
0.7116304
0.7136046
0.7106389
0.7025799
0.6896914
0.6837732
0.6822234
0.6875008
0.6983648
0.6997712
0.6943746
0.6940109
0.6924804
0.6899195
0.6888367
0.6896023
0.6887923
0.688911
0.6961358
0.6971631
0.6896348
0.6915659
0.7010285
0.6991833
0.6998725
0.7033681
0.7108078
0.7202251
0.7152193
0.715941
0.7180446
0.7121225
0.7067705
0.7046808
0.7051365
0.6982735
0.6980136
0.703283
0.7028147
0.7087653
0.7068212
0.6933782
0.6927781
0.6965243
0.7001617
0.705312
0.7012409
0.6972107
0.6955925
0.6969148
0.7019722
0.7037999
0.7042864
0.703492
0.7038515
0.7071113
0.7098734
0.7154378
0.7156903
0.7117378
0.7134302
0.7165529
0.7227931
0.7210143
0.7124634
0.7130206
0.717958
0.7219653
0.7183015
0.7099352
0.7096849
0.7108438
0.7104652
0.7135963
0.7129426
0.7136636
0.714771
0.7146665
0.7104632
0.6974801
0.6890581
0.6882024
0.6931497
0.6974276
0.6986752
0.7002573
0.7029247
0.7036928
0.7035988
0.7041811
0.6994815
0.6993369
0.705512
0.7060434
0.7041448
0.7049529
0.7070898
0.7077072
0.7062801
0.7125448
0.7219634
0.7214834
0.7154874
0.7073116
0.7010964
0.6989223
0.7004499
0.6988475
0.693455
0.6994441
0.7090373
0.7084013
0.7037344
0.7024912
0.7057594
0.7101036
0.7095123
0.7077479
0.708229
0.7076859
0.7096654
0.705315
0.6973198
0.6979568
0.6999052
0.7033957
0.7051165
0.7074342
0.710046
0.7035077
0.6946989
0.6850005
0.6820079
0.6868061
0.6891173
0.69314
0.6898285
0.685048
0.6957053
0.7043265
0.7047794
0.7051008
0.6982632
0.6936027
0.6974272
0.7038133
0.7065622
0.6989706
0.6937465
0.6974823
0.7080054
0.7117961
0.7053184
0.701889
0.6967199
0.6872133
0.6845791
0.6905354
0.6952154
0.7011682
0.7030147
0.7014414
0.6990122
0.6954103
0.6944455
0.6926064
0.6925275
0.6912076
0.6900772
0.6930735
0.6979771
0.7018652
0.7041202
0.7036015
0.6970386
0.6891851
0.6860941
0.6881725
0.6894795
0.6987045
0.7114871
0.7120291
0.7113231
0.7058182
0.7011264
0.7025775
0.705918
0.7107432
0.7100087
0.7092353
0.7107637
0.7055227
0.6979441
0.6950876
0.6907213
0.6898375
0.6840903
0.6801754
0.6866565
0.6868476
0.6910744
0.6983225
0.7007741
0.706472
0.707823
0.7066114
0.6970753
0.6872025
0.6943128
0.6989063
0.6949746
0.6922746
0.6894646
0.691285
0.7007751
0.7023268
0.7068892
0.7108291
0.708825
0.7098395
0.7059815
0.7033242
0.7036892
0.7043262
0.7090946
0.7223843
0.7283653
0.7260044
0.7292139
0.7236406
0.7107304
0.7057341
0.7075171
0.7114597
0.7178185
0.7216348
0.7248483
0.719796
0.7033577
0.6953821
0.7002322
0.7129881
0.7134987
0.7084248
0.7115134
0.714542
0.728563
0.7456563
0.744162
0.7307629
0.7184243
0.7120146
0.712248
0.7147266
0.716192
0.7145628
0.7081806
0.7054629
0.7129735
0.7228386
0.721127
0.7166113
0.7138339
0.7162715
0.7242032
0.7122196
0.7037261
0.7087559
0.7126413
0.7069505
0.6880647
0.6778339
0.672818
0.6686159
0.6672495
0.6681213
0.6650965
0.65605
0.6546062
0.6571596
0.6634713
0.6710293
0.6762201
0.6793085
0.6754272
0.6808159
0.6937362
0.7044822
0.7041275
0.6976124
0.7040109
0.7092425
0.7111536
0.71685
0.7209812
0.7274327
0.7308312
0.7226862
0.7125904
0.7087984
0.71038
0.7147342
0.7180409
0.7200466
0.7151356
0.7107361
0.716461
0.7167701
0.7113992
0.7075972
0.7067146
0.7104625
0.7087879
0.7024716
0.7063446
0.7086764
0.7079832
0.7073652
0.7062321
0.7118873
0.7158104
0.7172273
0.7086835
0.7060274
0.7155472
0.7203837
0.7212681
0.7187174
0.7230206
0.7261135
0.7231086
0.7207361
0.7240159
0.7316968
0.7306715
0.7311154
0.7377515
0.7421448
0.7458904
0.7445358
0.744139
0.7453566
0.7405072
0.7322714
0.728412
0.7327723
0.7336787
0.7315498
0.7347883
0.7389736
0.7354508
0.7310299
0.7264752
0.7220315
0.7140929
0.6956765
0.6865331
0.6850679
0.6888892
0.6909699
0.6920672
0.7040443
0.7124693
0.7143236
0.7091407
0.7100368
0.7185946
0.7244934
0.7270677
0.721513
0.7192543
0.7236846
0.7250533
0.7261836
0.7287289
0.7358407
0.7459011
0.7496957
0.7459068
0.7481247
0.7531389
0.7485876
0.7447626
0.7431174
0.7398291
0.7216525
0.6972037
0.6830242
0.6787987
0.6855357
0.689877
0.6958865
0.7012856
0.7031715
0.7054086
0.7035824
0.7080959
0.7144165
0.7155202
0.7154154
0.7212791
0.7247767
0.7169746
0.7148762
0.7200396
0.7171996
0.7089948
0.7108756
0.720021
0.7257184
0.7282031
0.7241894
0.7204467
0.7292406
0.7369583
0.7348
0.732418
0.7348749
0.7378913
0.7358036
0.7278861
0.7070617
0.6870795
0.6913385
0.7097361
0.7237237
0.7311207
0.7312697
0.7268585
0.7309063
0.7264288
0.7088533
0.7019963
0.6973921
0.6910345
0.6912309
0.6892768
0.688321
0.69711
0.7054071
0.7085295
0.712638
0.7217194
0.7264654
0.7280121
0.735095
0.736163
0.73203
0.7221727
0.7171333
0.7215601
0.7268361
0.7328451
0.7294846
0.7306652
0.7344612
0.7250143
0.7199755
0.7295806
0.7365891
0.7331368
0.7301907
0.7286279
0.7276112
0.7249792
0.7168502
0.7160995
0.7193761
0.7187348
0.7181616
0.7179838
0.7257047
0.729156
0.7252015
0.7281721
0.7303729
0.7253157
0.7199646
0.7181259
0.7168421
0.7162643
0.7122684
0.7070722
0.6903727
0.6764785
0.6749788
0.6623935
0.6592286
0.6639855
0.662099
0.6564157
0.6544636
0.6616186
0.6660072
0.6714817
0.6826283
0.6943192
0.7034647
0.7082961
0.7129214
0.710072
0.7035465
0.7012851
0.6966306
0.69251
0.6894627
0.6865822
0.677744
0.6734049
0.6750813
0.6719219
0.6724659
0.6753986
0.6731947
0.6745922
0.6778134
0.6807511
0.689274
0.6876272
0.6820574
0.6739947
0.6614834
0.6602265
0.6646647
0.6717204
0.6811446
0.68545
0.6843888
0.6849429
0.6902245
0.6967383
0.7010685
0.7006203
0.7007521
0.6997565
0.6976138
0.6927262
0.683473
0.6832848
0.6885312
0.6925201
0.6964192
0.7017977
0.7080808
0.7162385
0.7199755
0.7282943
0.7442413
0.7468108
0.7446362
0.7429705
0.7425548
0.7452482
0.7412414
0.736155
0.7326115
0.718507
0.7066072
0.7054083
0.7068555
0.7022406
0.7010217
0.709768
0.7161977
0.7217432
0.721729
0.7262809
0.7374028
0.7433692
0.7376222
0.7302107
0.7319192
0.7351071
0.7389341
0.7430559
0.7435737
0.7314636
0.7217524
0.7220928
0.7231363
0.7190982
0.7146209
0.7207833
0.7234427
0.7308304
0.7311503
0.7207357
0.7249194
0.7249914
0.7195118
0.7206877
0.7243783
0.7241411
0.7188008
0.7232955
0.7287046
0.7264905
0.723201
0.7167767
0.7147052
0.7195422
0.7186002
0.7138559
0.7209364
0.7249472
0.726958
0.7291566
0.7205926
0.7160867
0.7201374
0.7246916
0.7283888
0.7292291
0.7201006
0.7149944
0.7210936
0.7245382
0.7289301
0.7302805
0.7259043
0.7320183
0.7380504
0.7349128
0.7332831
0.7292693
0.7251693
0.7281385
0.7293704
0.7222378
0.718514
0.7180817
0.7139298
0.7145638
0.7171484
0.7134791
0.7132573
0.7029404
0.6906539
0.6966858
0.6951786
0.6906365
0.6888379
0.68441
0.6848566
0.6915345
0.6902317
0.6901287
0.6972764
0.6964798
0.6968916
0.7011423
0.6991665
0.6908559
0.6843078
0.6786193
0.6768694
0.6779396
0.6837521
0.6917913
0.6974098
0.6911334
0.6864966
0.6908194
0.6914779
0.6911173
0.6857599
0.6926565
0.6988532
0.7023524
0.7031577
0.6920774
0.6918312
0.6945759
0.693627
0.6921101
0.6856287
0.6796897
0.6840826
0.6959324
0.7058485
0.7074979
0.7046847
0.7066358
0.7102157
0.7150671
0.7207365
0.7164039
0.709147
0.705705
0.7035824
0.7077995
0.705087
0.7019854
0.7034213
0.6962649
0.6834516
0.6797989
0.6904619
0.7035313
0.7119886
0.7149067
0.71936
0.7199673
0.7263111
0.7346177
0.7368078
0.7420935
0.7436068
0.7479964
0.7501659
0.7504754
0.7486589
0.7383056
0.7366479
0.7376828
0.7300739
0.7288427
0.7383773
0.7428705
0.7378805
0.7334249
0.7237149
0.7163979
0.722954
0.7241257
0.7191451
0.7168698
0.7207671
0.7212339
0.7139464
0.7147248
0.720088
0.7183494
0.7150482
0.7204757
0.7282479
0.7337934
0.7402628
0.7388487
0.7369932
0.7318141
0.7218763
0.7292623
0.7388294
0.7424513
0.7462911
0.7432389
0.7380002
0.7394688
0.7399589
0.7372788
0.735588
0.7312675
0.7257506
0.7191129
0.7086162
0.6975998
0.6928452
0.692137
0.6919342
0.6942618
0.6931826
0.6912867
0.6981708
0.705409
0.708582
0.7113882
0.7180484
0.723374
0.7225548
0.7248447
0.7255931
0.7203349
0.7124608
0.7036439
0.6975376
0.6968533
0.6979431
0.6959332
0.6908678
0.6886296
0.693638
0.6969112
0.6983454
0.7027071
0.7050247
0.7072318
0.7061661
0.6998855
0.6974711
0.69854
0.701666
0.6883971
0.6800605
0.7016402
0.7125306
0.7121038
0.714567
0.7223209
0.7275217
0.7303893
0.7270437
0.7089683
0.7055692
0.710805
0.7135589
0.7182856
0.7228532
0.7291954
0.7357818
0.7422259
0.7443056
0.7427826
0.7355236
0.7214509
0.7210143
0.7249859
0.7234303
0.7221863
0.7122828
0.7100587
0.7064539
0.6941109
0.6946883
0.6944236
0.6933825
0.6962209
0.6935993
0.69836
0.6948026
0.6787115
0.6784449
0.6750705
0.6736168
0.6850572
0.6928877
0.7023384
0.7046856
0.7039667
0.711223
0.717482
0.7238214
0.7287234
0.723682
0.7155905
0.7182746
0.7230848
0.7230436
0.7205714
0.71778
0.7226807
0.7245372
0.7217553
0.7211858
0.7220214
0.7205253
0.713326
0.706905
0.7087352
0.7151038
0.7187722
0.7212233
0.7237939
0.7205781
0.7125409
0.7121469
0.7088598
0.7017276
0.7036398
0.7082809
0.7083118
0.7080664
0.7119962
0.7137069
0.7200825
0.7227351
0.7198642
0.7198368
0.7138312
0.7108166
0.7108582
0.7070619
0.6996348
0.693841
0.6943485
0.7000058
0.7022832
0.7010581
0.7040454
0.7090658
0.716028
0.7206288
0.7224174
0.7245753
0.7208062
0.7089594
0.7006482
0.6972645
0.6982882
0.7024951
0.7022517
0.7008827
0.6989203
0.6939601
0.6970044
0.6977929
0.6872092
0.6857521
0.6909936
0.6962636
0.7025909
0.714102
0.722921
0.7197949
0.7187039
0.7178189
0.7132716
0.7075097
0.7061766
0.7018176
0.68933
0.6899011
0.6976228
0.7014413
0.7077585
0.7073296
0.6931284
0.6805891
0.6810677
0.6868336
0.6922255
0.702199
0.7012201
0.6802502
0.6693417
0.6747937
0.6834045
0.7002687
0.7192854
0.7236094
0.7296803
0.7472433
0.7547739
0.7476631
0.7387048
0.7377748
0.741206
0.7459521
0.7486764
0.7494937
0.7413948
0.7270581
0.7247598
0.7313618
0.7296375
0.7272983
0.7314513
0.7246417
0.7227886
0.7308252
0.7318172
0.7302725
0.7342174
0.7450164
0.752388
0.7524342
0.7494205
0.7501164
0.7536459
0.7554049
0.7497629
0.7440631
0.7459072
0.743694
0.739495
0.7319642
0.7223575
0.7212144
0.7291748
0.7274092
0.7193414
0.7209271
0.7261928
0.726124
0.7221465
0.726458
0.7331933
0.7312378
0.7203926
0.7212081
0.7255651
0.7262769
0.7302226
0.7287008
0.7285172
0.7181945
0.7092381
0.7115152
0.7114882
0.7081598
0.7007626
0.7022534
0.7070832
0.7037147
0.700504
0.7006294
0.7046481
0.7091224
0.7096952
0.7093951
0.7118001
0.717335
0.7202536
0.7142117
0.7139311
0.7206667
0.7154763
0.7070377
0.7096109
0.7072161
0.6949107
0.691949
0.6959236
0.6957677
0.6955326
0.7007418
0.7026335
0.6961019
0.6902325
0.6911495
0.692516
0.696047
0.7027219
0.7005781
0.6969669
0.7024481
0.7059254
0.70191
0.6994151
0.699536
0.700614
0.6989461
0.689693
0.6851669
0.6899568
0.69494
0.6957194
0.6955176
0.7008272
0.7080277
0.7151045
0.7161239
0.7132351
0.7160031
0.7198753
0.7220692
0.7194816
0.7091501
0.7070917
0.7090954
0.7050823
0.7051734
0.7056072
0.7066796
0.7069487
0.7085652
0.703182
0.699221
0.7054519
0.6984814
0.6915941
0.6943483
0.6988991
0.6983111
0.6974498
0.7046392
0.7022619
0.6987134
0.6964465
0.6877105
0.6858593
0.6768111
0.6618994
0.6586178
0.6581633
0.6547423
0.6513558
0.6519684
0.6493683
0.6507114
0.6611715
0.6630385
0.653553
0.6471845
0.6511712
0.6599825
0.665518
0.6698551
0.6759584
0.6766577
0.6788879
0.6749112
0.6612693
0.6553673
0.6545309
0.6557924
0.6602184
0.6659037
0.6742558
0.6892903
0.7063807
0.7172965
0.7235323
0.7307417
0.7391062
0.7458777
0.7420158
0.733611
0.7381261
0.7443133
0.7446273
0.742136
0.7457448
0.7471408
0.7400808
0.7326594
0.720053
0.7060915
0.6961928
0.693258
0.6981136
0.7046972
0.7092809
0.7126084
0.7143331
0.7078599
0.7042493
0.7140583
0.7157804
0.7095403
0.7109461
0.7125928
0.7093522
0.7123627
0.7193414
0.7192033
0.7170381
0.7169386
0.7159956
0.7161903
0.7099438
0.6927683
0.6788651
0.6756275
0.680764
0.69031
0.7029418
0.7147159
0.7176983
0.719794
0.720575
0.7187846
0.7201937
0.7140285
0.708854
0.7088046
0.7051569
0.7052797
0.7041517
0.7023453
0.6989947
0.6900776
0.6864037
0.6820426
0.6752551
0.6729171
0.6698319
0.6697345
0.6697063
0.6709915
0.6756688
0.6795911
0.6752797
0.6708356
0.673835
0.669746
0.6768552
0.6868481
0.6896941
0.6860818
0.6798676
0.6798358
0.6727122
0.6691118
0.6706017
0.673873
0.6788304
0.6800741
0.6765142
0.6728908
0.6798182
0.6864407
0.6922103
0.6970394
0.689394
0.6788686
0.6801112
0.6875648
0.6936107
0.7002796
0.6978718
0.6960373
0.7029802
0.7055396
0.6989778
0.6858072
0.6679088
0.6571266
0.6659029
0.6795857
0.6906493
0.7032813
0.7146553
0.7253347
0.7333991
0.7318523
0.7276119
0.7340515
0.7413789
0.7380675
0.7333361
0.7360459
0.7441407
0.7460162
0.7388749
0.7401192
0.7486567
0.7531393
0.7424645
0.7598994
0.7632498
0.7420043
0.7609888
0.7498364
0.7517139
0.760461
0.7403137
0.7422423
0.7341431
0.7309942
0.7379337
0.7317534
0.7244398
0.7185134
0.7091731
0.6979408
0.7015078
0.7083941
0.7123998
0.7168535
0.7119001
0.7196919
0.7366878
0.7360733
0.7284228
0.7367701
0.7506177
0.7505225
0.7436184
0.7417749
0.7442922
0.7455027
0.7332846
0.7209116
0.7279404
0.7307637
0.7212275
0.7151461
0.7162377
0.7162664
0.7139857
0.7084148
0.7043429
0.7087999
0.7107978
0.7092279
0.7077569
0.7107273
0.7171534
0.7161853
0.7110345
0.7135557
0.7169458
0.7172242
0.7164999
0.7057137
0.6928538
0.6940641
0.6972239
0.6982645
0.6981222
0.6940792
0.6986262
0.7070809
0.7174099
0.7225516
0.7174002
0.7238756
0.7253173
0.7130416
0.7162322
0.7262105
0.7263032
0.7183318
0.7155848
0.7191668
0.7242389
0.7248884
0.7159746
0.7183546
0.7292109
0.7324157
0.7315254
0.7361118
0.7457884
0.747467
0.7437031
0.7490933
0.7585383
0.7577496
0.7502545
0.7505655
0.7550556
0.7503526
0.7396004
0.7373433
0.7413771
0.7426065
0.7388875
0.7300814
0.7309735
0.7342201
0.7342462
0.7376433
0.7392815
0.7363067
0.7319604
0.7344995
0.7392769
0.7338717
0.7312764
0.725209
0.7193251
0.7153416
0.6975322
0.6985854
0.7026107
0.6971966
0.6976116
0.6941736
0.6866053
0.6819203
0.6787098
0.6779152
0.680854
0.6844458
0.6882801
0.6875077
0.6855828
0.6844057
0.6802963
0.6759799
0.6784617
0.6833509
0.6889069
0.6948792
0.6969195
0.7037919
0.7026507
0.6896553
0.694972
0.6981778
0.6994704
0.7064856
0.6990308
0.6970284
0.693781
0.690395
0.7064851
0.7226418
0.7191578
0.7082599
0.7118522
0.7239318
0.7262541
0.7218499
0.718117
0.7239233
0.7323088
0.731487
0.7340773
0.7352038
0.7343009
0.7354065
0.7257499
0.7082675
0.698533
0.7009492
0.7091827
0.712127
0.7111493
0.710622
0.7173753
0.7313944
0.7324692
0.7292095
0.7328392
0.7416602
0.7441745
0.7414362
0.7490455
0.7542153
0.752832
0.7499638
0.7450214
0.7489277
0.7486853
0.7297256
0.7209373
0.7247279
0.7241453
0.724031
0.7248962
0.7206354
0.7213591
0.7305391
0.731718
0.734158
0.7381274
0.7325827
0.7210779
0.7181689
0.729039
0.7319084
0.7251251
0.7200185
0.7260097
0.7252495
0.7110752
0.7133351
0.7230407
0.724738
0.7264888
0.7260535
0.7197888
0.7189407
0.7217118
0.7201816
0.7211934
0.7191041
0.7176671
0.7244269
0.7303954
0.7312414
0.7231816
0.7243721
0.7328429
0.7375442
0.7398118
0.7362129
0.7394881
0.7428164
0.7402575
0.7343109
0.7336821
0.7423013
0.7372748
0.7287834
0.7357952
0.7325426
0.7145651
0.713067
0.7246856
0.7265298
0.7215324
0.715272
0.7156214
0.7221361
0.7213339
0.7145662
0.7164467
0.7252738
0.7261681
0.7229564
0.7210577
0.7311993
0.7292692
0.7149548
0.7198491
0.7209462
0.7166938
0.7171649
0.7124264
0.6990728
0.6909837
0.6907936
0.6881724
0.6847802
0.681253
0.6765943
0.6726318
0.6792601
0.6858431
0.6841834
0.6884116
0.6975072
0.7009803
0.7034233
0.7039732
0.702407
0.7113192
0.717686
0.7109226
0.7100954
0.7189037
0.7214343
0.7264947
0.7304608
0.7234218
0.7279128
0.7372659
0.7387216
0.7380682
0.7292836
0.7147585
0.7136117
0.733208
0.7451659
0.7396114
0.7335588
0.7317155
0.7266724
0.7175041
0.7127895
0.7090162
0.7040524
0.6966182
0.6897734
0.6850601
0.6834322
0.6798715
0.6712953
0.6748149
0.6780443
0.6754854
0.6785819
0.6846663
0.6967153
0.7100375
0.7176018
0.7202387
0.7240442
0.729888
0.7328785
0.7330583
0.7352134
0.73306
0.7328742
0.7343689
0.7241515
0.7210828
0.7243521
0.7271649
0.7270042
0.7223525
0.7217145
0.7223533
0.719176
0.7163297
0.7187172
0.7167792
0.7147106
0.7105821
0.7083225
0.7102108
0.7089202
0.7091044
0.7088217
0.7082183
0.7088746
0.7089736
0.7024825
0.70166
0.7045942
0.6981628
0.6965935
0.7013143
0.7012755
0.6977686
0.6997687
0.7028033
0.7055996
0.7068324
0.6998704
0.7013142
0.706943
0.7061185
0.7114723
0.718068
0.7232415
0.7295709
0.734465
0.7305712
0.7218868
0.7237709
0.7277975
0.7316117
0.7304543
0.7239111
0.7255918
0.724626
0.7208606
0.7244268
0.7182581
0.7064629
0.7071318
0.7094472
0.7097627
0.7100215
0.7124202
0.7140577
0.710965
0.7158551
0.7202751
0.7167565
0.7154449
0.7076715
0.6968951
0.7000042
0.7075666
0.711477
0.7143722
0.7156029
0.7119013
0.706405
0.7069238
0.7033113
0.6994247
0.698111
0.6918288
0.6930204
0.6918847
0.6856745
0.6887462
0.6918349
0.693426
0.6919941
0.6861166
0.6841899
0.6870041
0.6909179
0.6884905
0.6849874
0.6893668
0.6965779
0.7012045
0.7037985
0.7005855
0.6958722
0.6984387
0.7012794
0.7017526
0.7044503
0.7084883
0.7058704
0.7015961
0.694656
0.6847822
0.6837088
0.6872919
0.6906876
0.6887722
0.6878756
0.6886534
0.6865091
0.6854421
0.683516
0.6848724
0.6812093
0.6721381
0.6646854
0.6597576
0.6615039
0.6654688
0.6740454
0.685773
0.6906894
0.6880505
0.691894
0.7018018
0.7058878
0.7071215
0.7044578
0.6986287
0.7011682
0.7051914
0.6994142
0.6906665
0.6822923
0.6748471
0.674794
0.6868426
0.694005
0.6944368
0.7018594
0.7132649
0.7246038
0.7276522
0.7233116
0.7209314
0.724448
0.7293151
0.731655
0.7333018
0.735835
0.7290438
0.7153485
0.711275
0.7014995
0.6939623
0.6966561
0.6919436
0.6886013
0.6803339
0.6772816
0.6796782
0.6689794
0.6673169
0.6698274
0.6630475
0.6549371
0.6526981
0.6518092
0.6484194
0.644272
0.6377902
0.6322467
0.6244818
0.6190343
0.6201417
0.6172614
0.6098581
0.6097977
0.610642
0.6130872
0.6140243
0.6126166
0.6118055
0.6073922
0.6112873
0.6138976
0.6136117
0.6161804
0.6134703
0.607539
0.6092595
0.6098196
0.6100686
0.613365
0.610557
0.6130842
0.6129988
0.6118008
0.6137297
0.6101592
0.6114668
0.6173949
0.6170847
0.6152776
0.6144651
0.6115725
0.6161818
0.6143879
0.6108592
0.6157864
0.6149607
0.6143107
0.6167433
0.621442
0.619692
0.6159654
0.6191018
0.6161927
0.6135398
0.6162991
0.6166027
0.614211
0.6097578
0.6153321
0.616067
0.6086759
0.6139145
0.6150634
0.6125748
0.6131059
0.6120453
0.6130181
0.611674
0.612906
0.6134404
0.6108873
0.6144284
0.6138175
0.6129048
0.6168901
0.6146587
0.6150717
0.6162821
0.6139948
0.6173209
0.6180938
0.6162112
0.6145022
0.6127834
0.6165054
0.6168491
0.6111594
0.6159371
0.620996
0.6182465
0.6166307
0.6233747
0.6396233
0.639668
0.6356072
0.6400111
0.6432472
0.6487318
0.6520617
0.6528796
0.6497638
0.637642
0.6271211
0.6272388
0.6240523
0.6172777
0.6159694
0.6226241
0.6231335
0.6152195
0.6163861
0.6225341
0.6195852
0.609547
0.6082429
0.6114428
0.6126626
0.6120373
0.6168353
0.6212517
0.6178341
0.6218665
0.6264959
0.6311437
0.6340309
0.6345438
0.641569
0.6415774
0.6423577
0.6471285
0.6468525
0.646118
0.6403835
0.6362879
0.6398489
0.6351412
0.6275658
0.6297584
0.6375037
0.6396423
0.6344362
0.6351055
0.6353029
0.6330276
0.636219
0.6406671
0.644368
0.6475412
0.6527662
0.6601549
0.6634968
0.6567906
0.6510208
0.6529843
0.651664
0.6484923
0.647591
0.6541088
0.6545497
0.646942
0.6496559
0.6539085
0.655216
0.6510852
0.6443372
0.6383172
0.6275244
0.6210945
0.614242
0.6051892
0.6042345
0.6122933
0.6190404
0.6177806
0.6230921
0.6302277
0.6296367
0.6261983
0.6162829
0.6095744
0.6114775
0.6145993
0.618395
0.6204242
0.6239104
0.6277972
0.6303548
0.6346798
0.6404367
0.6475946
0.6476212
0.6448697
0.6438189
0.6402238
0.6412179
0.6378833
0.6283623
0.6306373
0.6345342
0.6304518
0.6299389
0.6386434
0.6444705
0.6403672
0.6458021
0.6532401
0.6484239
0.6517742
0.6606064
0.6644905
0.6706531
0.6705409
0.6735998
0.6795664
0.6774099
0.6723023
0.6658427
0.6667947
0.6641926
0.6551389
0.6599984
0.6626291
0.6512662
0.6543654
0.6603027
0.653706
0.6528962
0.6603768
0.6639363
0.6588365
0.657822
0.6609576
0.6575747
0.6505037
0.6557145
0.6543759
0.644648
0.6487927
0.6516285
0.6471815
0.6396868
0.6414189
0.6468676
0.642846
0.6383951
0.6400034
0.6427144
0.6422305
0.648542
0.6468394
0.6413828
0.6420404
0.6324549
0.6387235
0.6406384
0.6296359
0.6359142
0.6403401
0.6354187
0.6319789
0.6319876
0.6275795
0.6239338
0.6228203
0.6258646
0.6283964
0.6235652
0.6240325
0.6265905
0.6209176
0.6189673
0.6249895
0.6288226
0.633449
0.6371855
0.6322663
0.6283922
0.6328263
0.632447
0.6278327
0.6239667
0.6202496
0.6232425
0.6229149
0.6196138
0.6180399
0.6151696
0.618249
0.6190969
0.6150394
0.6108056
0.6096771
0.6111106
0.6086954
0.6087605
0.6076606
0.6013704
0.6068402
0.6074345
0.6016135
0.6109374
0.6183053
0.6220719
0.6288711
0.6328926
0.6306862
0.6310012
0.633547
0.6291745
0.6251397
0.6294244
0.6340472
0.6283967
0.6254442
0.6339215
0.6393958
0.6363918
0.6394619
0.6460566
0.6423359
0.637113
0.6392109
0.6459558
0.6417181
0.6320329
0.638971
0.6449206
0.6422809
0.6462112
0.6469609
0.6411773
0.6379549
0.6326981
0.6299095
0.6308798
0.6279156
0.6219748
0.6195007
0.6226135
0.6252187
0.6223738
0.6200934
0.6229855
0.6281785
0.6281012
0.6219813
0.6248894
0.6305281
0.6282148
0.6227049
0.6140427
0.6096617
0.6123837
0.6145077
0.6165972
0.617134
0.6159535
0.619453
0.6231626
0.6216729
0.6250001
0.630563
0.6403164
0.6497729
0.6479467
0.651949
0.6550613
0.6511912
0.6565283
0.6628568
0.6608814
0.6549643
0.6525611
0.6521208
0.6522582
0.6557129
0.6559793
0.6585743
0.6675453
0.6740777
0.6735544
0.6649615
0.6621309
0.6788395
0.6906757
0.6871918
0.6862043
0.6876572
0.6895251
0.6845725
0.6781775
0.6799328
0.6819885
0.6863316
0.6903097
0.6895487
0.6863338
0.6894522
0.6939023
0.6876089
0.6875366
0.6951268
0.6898516
0.6908304
0.7026301
0.7037856
0.6969556
0.6892061
0.687243
0.6886652
0.6859945
0.6799944
0.6751375
0.6719018
0.6702233
0.6664282
0.6618361
0.6646851
0.6633523
0.6559719
0.6598974
0.6665177
0.6674687
0.6674416
0.6732658
0.6823735
0.6864569
0.6974414
0.70757
0.7073233
0.7067489
0.7028254
0.6952107
0.6967161
0.6994912
0.6978336
0.7058645
0.7178555
0.7293746
0.7336282
0.7373085
0.7451993
0.7443726
0.7362894
0.7235578
0.7206299
0.7249472
0.7283825
0.7301071
0.7235265
0.7257717
0.7335101
0.7333772
0.7382656
0.738612
0.7272772
0.7281192
0.7396085
0.7427864
0.7335032
0.7230876
0.7212245
0.7239476
0.728023
0.7275233
0.7179751
0.7051842
0.7027499
0.7036701
0.6960033
0.6883218
0.6914996
0.6980333
0.6954739
0.6963854
0.6966914
0.6950235
0.7010768
0.6967243
0.6846604
0.6864136
0.6919073
0.6966975
0.6994864
0.6889196
0.6876565
0.6868115
0.6812194
0.6869446
0.6917996
0.6986688
0.700311
0.7027985
0.7061872
0.7098569
0.7085765
0.6935375
0.6951012
0.6962124
0.6807214
0.6597682
0.65215
0.6662217
0.682656
0.6928025
0.6971241
0.7031268
0.7052083
0.6974139
0.6900044
0.6870472
0.6883509
0.6959114
0.7016319
0.7034083
0.7078307
0.7152461
0.7092624
0.693161
0.6942283
0.6998649
0.6982794
0.7010345
0.7013992
0.7066867
0.7122572
0.7077332
0.7066385
0.7060425
0.7097286
0.7146284
0.7111278
0.7137639
0.7141017
0.6994503
0.6928475
0.6913988
0.6926386
0.6988486
0.686729
0.6747032
0.6774211
0.6782558
0.6734745
0.6710435
0.6818345
0.6900115
0.6903108
0.7026366
0.7009352
0.6872253
0.6948686
0.7042177
0.702531
0.7040597
0.7019672
0.6888409
0.6887244
0.6909585
0.684434
0.6804407
0.6800668
0.6838665
0.6882634
0.6914824
0.6947801
0.6979431
0.6968883
0.695215
0.6925803
0.6895866
0.6906777
0.6876199
0.6817898
0.6690735
0.6549105
0.6601545
0.6624717
0.6582074
0.6552517
0.6489344
0.6496188
0.6542442
0.6566596
0.6561252
0.6561489
0.6610968
0.6656117
0.6685089
0.6747203
0.6754743
0.672989
0.678379
0.6854281
0.6883265
0.6852925
0.6831864
0.6869549
0.6942791
0.6981189
0.7092531
0.7192555
0.7102268
0.7068919
0.7107485
0.7112577
0.7173227
0.7197085
0.7166897
0.7172946
0.7109918
0.7069617
0.708693
0.7106793
0.7141
0.7159556
0.7168917
0.718312
0.7161008
0.7067305
0.7019195
0.7052948
0.7062337
0.7027734
0.6902643
0.6754553
0.683207
0.6978592
0.7019607
0.7084741
0.7151034
0.7212703
0.7206382
0.7104439
0.7083269
0.7103383
0.7052467
0.6945796
0.6936187
0.6999532
0.7064971
0.7186442
0.7223202
0.7145019
0.7077932
0.7109537
0.7165574
0.7219044
0.731033
0.7277155
0.7267882
0.7379884
0.7425324
0.7435775
0.7342137
0.7216582
0.7251658
0.7312861
0.7305367
0.7251509
0.7168541
0.7136819
0.7130504
0.7121935
0.7171794
0.718009
0.7154444
0.7198367
0.7260773
0.725264
0.718798
0.7165895
0.7150987
0.7176386
0.7195586
0.7156263
0.7133653
0.7038805
0.6926941
0.690702
0.6967507
0.698324
0.69174
0.6919089
0.6947214
0.6954258
0.7020521
0.7062092
0.7004864
0.6992965
0.6956626
0.6901835
0.6950641
0.6918319
0.6859975
0.6824105
0.6747517
0.6749115
0.674349
0.6711076
0.6763293
0.6800784
0.6834768
0.6836247
0.6843329
0.6880245
0.6848983
0.6911713
0.6966784
0.6935615
0.6890515
0.678721
0.6729923
0.6740062
0.6727563
0.6737143
0.677068
0.6778815
0.6803429
0.6812707
0.6798697
0.6756972
0.6706428
0.6772482
0.6849797
0.6894479
0.689677
0.6835244
0.6839709
0.6867836
0.689446
0.6878778
0.685738
0.691478
0.6939622
0.6977334
0.6993427
0.6938293
0.6935515
0.6975156
0.6935837
0.6859233
0.6853141
0.6810641
0.6765274
0.6752223
0.675159
0.6822107
0.689438
0.6868801
0.6826222
0.6800537
0.6716547
0.6692719
0.6712632
0.6664873
0.6729486
0.6774038
0.6688729
0.6732089
0.6799648
0.6902322
0.7061694
0.7068145
0.7060531
0.7061724
0.6976946
0.6883465
0.686393
0.6938623
0.6974754
0.6978445
0.7022632
0.7099771
0.7200296
0.7221236
0.7147207
0.7130391
0.719009
0.7215847
0.7204276
0.7173582
0.7126868
0.7105341
0.708229
0.71049
0.7161497
0.7155496
0.7124915
0.7150615
0.7151203
0.7001066
0.6879702
0.6927375
0.6953246
0.6975781
0.7117807
0.7169018
0.7112818
0.7111098
0.716037
0.7107365
0.7032602
0.7002103
0.6951019
0.696246
0.6962899
0.6995094
0.7004508
0.6971401
0.7010291
0.7025518
0.6982525
0.6894697
0.6852944
0.6853927
0.6770267
0.6595971
0.6517956
0.6594426
0.6751725
0.693485
0.6995662
0.7031152
0.7139752
0.718238
0.7192005
0.7203845
0.7120228
0.7035592
0.7015392
0.7038161
0.7069153
0.704803
0.7013356
0.7041935
0.7106582
0.7141794
0.7168982
0.7189541
0.7178612
0.7117989
0.7055178
0.7058652
0.7056975
0.7035286
0.7001137
0.6928361
0.6907636
0.6931025
0.6972192
0.7014737
0.7036098
0.7074909
0.7114127
0.7179611
0.7202114
0.7181622
0.7176237
0.7176501
0.7203593
0.7225796
0.7188537
0.7124279
0.7141507
0.7129635
0.7018773
0.694694
0.6933514
0.6904374
0.6900394
0.6950552
0.6942338
0.6901307
0.6966235
0.6969738
0.6873789
0.6872699
0.6915442
0.695621
0.7025109
0.707116
0.7067302
0.7008427
0.6934225
0.7008833
0.7055119
0.702261
0.705669
0.6971408
0.687983
0.6833734
0.6737398
0.6652698
0.6600652
0.657923
0.6550071
0.6598856
0.6731019
0.6791543
0.6778085
0.6840273
0.6968321
0.7014434
0.6940095
0.6932414
0.7070461
0.7161723
0.7178196
0.7202736
0.7159138
0.7097034
0.7115275
0.7132285
0.7161437
0.7206523
0.7222437
0.7160369
0.7051928
0.7046668
0.707867
0.710544
0.7174964
0.7188747
0.7185773
0.7212884
0.7193557
0.7113601
0.7084623
0.7113233
0.7116204
0.709143
0.7026719
0.7054942
0.7161686
0.7182627
0.7180639
0.7175794
0.7212119
0.7272507
0.724342
0.7176678
0.7080072
0.7083767
0.7160057
0.7169009
0.7148852
0.7122649
0.7106961
0.7015422
0.6989078
0.6978037
0.6908692
0.6979361
0.7086429
0.7131204
0.7058791
0.7036507
0.7108108
0.713227
0.7202183
0.7262334
0.7222604
0.7227129
0.7222132
0.7106978
0.7083601
0.7122381
0.7128152
0.7153369
0.715234
0.7084944
0.7040158
0.7050567
0.703608
0.6983223
0.6971855
0.6974553
0.6968071
0.6959036
0.692077
0.6890239
0.6880999
0.6900833
0.6894581
0.681194
0.6754164
0.6778388
0.679864
0.6824975
0.6940865
0.7052886
0.7084919
0.7094955
0.7094012
0.7097486
0.70563
0.6942218
0.6784676
0.6606223
0.6556466
0.6656679
0.6782925
0.6940812
0.717333
0.7368594
0.7391259
0.729649
0.7239779
0.7172876
0.702603
0.7019923
0.7148325
0.7250677
0.7361182
0.7466401
0.7520634
0.7583213
0.7620243
0.7544384
0.7504822
0.7510777
0.7434994
0.7392779
0.7326956
0.7174123
0.7137014
0.7157979
0.7132081
0.7130418
0.7093344
0.6996593
0.7004521
0.7036951
0.7027114
0.7007823
0.6897645
0.682036
0.6864449
0.6989264
0.710619
0.7206614
0.7243918
0.7252519
0.7350477
0.741276
0.7440339
0.7477582
0.7503277
0.7469595
0.7337102
0.7251111
0.7283134
0.73235
0.7348212
0.7380919
0.7409515
0.745146
0.7430973
0.7372592
0.7302618
0.7198574
0.7145627
0.7190498
0.716606
0.709216
0.7198665
0.7355861
0.7408583
0.7490002
0.7537871
0.7394015
0.7377548
0.7506211
0.7495295
0.7393617
0.7387566
0.7470663
0.7539615
0.7520846
0.7475932
0.7527472
0.7579137
0.7556398
0.7493865
0.751467
0.7559311
0.7595852
0.7595042
0.7526963
0.7550729
0.7615957
0.7565102
0.748025
0.7539624
0.7611859
0.7541615
0.7464148
0.7502295
0.75749
0.7614412
0.7567112
0.7521548
0.7592045
0.7653397
0.7677196
0.7702354
0.7661084
0.7547885
0.7544767
0.7609772
0.7664615
0.7631736
0.7535192
0.7605495
0.7695946
0.7681544
0.7593156
0.7580098
0.7667225
0.7666138
0.7592879
0.7585007
0.7666546
0.7640547
0.7522658
0.7538225
0.7628811
0.7668813
0.7624682
0.7503712
0.7511486
0.7512614
0.7367888
0.7400312
0.7543144
0.7616014
0.7572547
0.7562412
0.7664474
0.7712987
0.766988
0.7549048
0.7588999
0.7644607
0.7646071
0.7642746
0.7537698
0.7554749
0.7584104
0.7494483
0.7418354
0.7450209
0.7425227
0.7309787
0.7340644
0.7390981
0.7425751
0.7501884
0.7524869
0.7526079
0.7455383
0.7349435
0.7313097
0.7285269
0.7200336
0.7125081
0.7049464
0.6931523
0.6929754
0.6917904
0.6881886
0.6926877
0.7008196
0.7041681
0.7000565
0.7068724
0.7075506
0.7024123
0.7032564
0.7040718
0.7079201
0.7143618
0.7247756
0.7306027
0.7259083
0.7238602
0.7336177
0.7383766
0.738097
0.7385015
0.7377813
0.729095
0.7132757
0.7208202
0.7280507
0.7205199
0.7229623
0.7211011
0.7288501
0.7339154
0.7225885
0.7265183
0.7326023
0.7315206
0.7236386
0.7073106
0.7030101
0.7120809
0.7118455
0.7033566
0.6999811
0.7089886
0.7158111
0.7089439
0.7045635
0.7054892
0.7053452
0.7036574
0.6990297
0.6920332
0.6927144
0.7002629
0.7077536
0.7163462
0.7245086
0.7214522
0.7141374
0.7173885
0.71443
0.7073124
0.7200404
0.7359419
0.742041
0.7490747
0.750184
0.7471162
0.7457648
0.738757
0.7283637
0.7264061
0.7315767
0.7296962
0.7302924
0.7306989
0.7201535
0.725692
0.7270176
0.7070218
0.6981089
0.6987714
0.7026923
0.6979269
0.6856621
0.695033
0.6919579
0.6778907
0.6933811
0.7026949
0.7033107
0.7081271
0.7123751
0.7182997
0.7195299
0.7083281
0.6956591
0.6990492
0.7044553
0.7067071
0.7113869
0.7176907
0.7253778
0.7246671
0.718737
0.7240454
0.7291508
0.7246375
0.7183913
0.7159854
0.7080546
0.6965256
0.6982986
0.6886739
0.6737993
0.6799469
0.6829779
0.6771636
0.6706178
0.6713714
0.6760541
0.6816129
0.6933751
0.7012237
0.7047177
0.7038841
0.7002148
0.7067651
0.7199559
0.7232815
0.7275842
0.7248022
0.7139606
0.7167117
0.7173981
0.7196582
0.7212107
0.7106405
0.702796
0.70369
0.7115605
0.7169244
0.7192723
0.7170484
0.71349
0.7189205
0.7302967
0.7336378
0.7330085
0.7424036
0.7455217
0.7485427
0.7435464
0.7260442
0.7206427
0.7269013
0.7336012
0.7364944
0.7394127
0.7304231
0.7329578
0.7412714
0.7383089
0.7484993
0.7553386
0.7517192
0.7415292
0.7390348
0.745329
0.7389715
0.7394497
0.747979
0.753248
0.7506997
0.7439042
0.7475994
0.7553222
0.757132
0.7505252
0.7527499
0.7616833
0.7642068
0.7557431
0.7517824
0.7644473
0.7695217
0.7677909
0.7602869
0.7459095
0.7464712
0.7449257
0.7381224
0.7363618
0.729629
0.7368538
0.7447325
0.7392731
0.7393006
0.7402198
0.7323298
0.7252009
0.7305898
0.7322229
0.7194427
0.7136269
0.7161878
0.7212628
0.7240444
0.7255094
0.7269323
0.7264219
0.732969
0.7351827
0.7321073
0.7341422
0.7400133
0.7447069
0.7495932
0.7484724
0.7441208
0.7504093
0.7503953
0.7419053
0.7439011
0.7530474
0.7530375
0.7427975
0.7379351
0.7423071
0.7464237
0.7441734
0.7389117
0.7418712
0.7476428
0.7438314
0.7351837
0.7368948
0.7480207
0.7467557
0.737639
0.740199
0.7485772
0.749902
0.744957
0.7446766
0.7491967
0.7550733
0.753914
0.743077
0.7531382
0.7625813
0.7515362
0.7492735
0.7491419
0.7338414
0.7136601
0.7128875
0.7193262
0.7142438
0.7091892
0.718941
0.7211304
0.7137923
0.7185634
0.7275231
0.7330253
0.7328241
0.7412357
0.7497112
0.7605963
0.7699327
0.7639177
0.7672151
0.7740226
0.7729027
0.7755721
0.7790372
0.7756277
0.7750011
0.7665432
0.7433576
0.7364613
0.7420364
0.7407405
0.7450772
0.7434785
0.7252055
0.7183119
0.727912
0.7323154
0.7386623
0.7442834
0.7385749
0.7414758
0.748957
0.7555124
0.7597762
0.7549785
0.7547491
0.7623499
0.7706219
0.7694044
0.7607881
0.7609456
0.7680546
0.7670932
0.7578887
0.7581261
0.7656257
0.7680909
0.7578511
0.7549853
0.7622475
0.7616945
0.7591535
0.7525719
0.7523769
0.7572046
0.7521731
0.7441314
0.7478004
0.7534801
0.7491864
0.745177
0.7482022
0.7536773
0.7482973
0.7359977
0.7315348
0.7369787
0.7436359
0.7351509
0.7304631
0.7415927
0.7500716
0.74705
0.7404508
0.7418979
0.7460377
0.7332384
0.7048385
0.6995215
0.6952263
0.6731484
0.6727674
0.6790168
0.6773648
0.6807896
0.6806833
0.6819933
0.6833332
0.6787108
0.683208
0.6968374
0.6988957
0.6924762
0.6917532
0.6932519
0.6947421
0.6951495
0.6915341
0.6799399
0.6753227
0.6703804
0.6659729
0.6695128
0.6685233
0.6685477
0.6672408
0.6715652
0.6711259
0.6667694
0.6634442
0.6592506
0.6628806
0.6737529
0.6790222
0.676366
0.6776631
0.6659325
0.6500318
0.6429333
0.6461955
0.6586457
0.6648542
0.6739509
0.6910935
0.7067
0.7169399
0.7185043
0.7245217
0.72597
0.7163721
0.7229986
0.7218051
0.7047127
0.7023216
0.7040825
0.7065925
0.7064527
0.696462
0.6967035
0.7116874
0.721361
0.7193578
0.7191086
0.7362623
0.7477708
0.7334715
0.73048
0.7465845
0.7477766
0.7343152
0.7350966
0.7477444
0.7470008
0.7283651
0.7271032
0.7421502
0.7364008
0.7232688
0.7268232
0.7401125
0.7428363
0.7362298
0.740894
0.7437961
0.7330756
0.7264892
0.7367215
0.744845
0.734655
0.729362
0.7347484
0.7379058
0.72695
0.7173358
0.7252264
0.7276323
0.7193842
0.7194802
0.7341991
0.7457914
0.7370738
0.7336162
0.7397011
0.7448865
0.7427531
0.7238353
0.7157164
0.7200461
0.7196975
0.7128755
0.7122004
0.7195733
0.7277365
0.7303699
0.7268768
0.7328789
0.7427767
0.7458469
0.7451297
0.7494226
0.764124
0.7648545
0.7483471
0.7515301
0.7635228
0.760879
0.7576582
0.7637921
0.7663836
0.7594335
0.7494268
0.7419835
0.7290239
0.7137214
0.7119631
0.6991893
0.6878048
0.6862374
0.6780181
0.6853703
0.6854763
0.6733899
0.6774484
0.6795016
0.6748394
0.6731316
0.6753075
0.6805803
0.6776678
0.6773591
0.6866248
0.7020405
0.7094488
0.6991975
0.6981251
0.7065554
0.7046757
0.6964202
0.6952298
0.7030739
0.7083513
0.7098215
0.7087358
0.7054775
0.7067919
0.714627
0.7241301
0.7185169
0.709474
0.7072556
0.7038942
0.7032421
0.7015072
0.700858
0.6974897
0.6997577
0.6986372
0.6890769
0.686999
0.6793354
0.6746439
0.6793711
0.6779665
0.6744757
0.682274
0.6765486
0.6672518
0.6758355
0.6795648
0.6785323
0.6740012
0.6705826
0.6690305
0.6639878
0.6657079
0.6664983
0.6672963
0.6757135
0.6842939
0.694914
0.6958564
0.694087
0.7008729
0.7104634
0.7157456
0.7143394
0.7170056
0.7151746
0.7136807
0.7147328
0.7046816
0.6971724
0.7023085
0.711655
0.7191902
0.7202846
0.7189882
0.7233347
0.7250663
0.7242653
0.72675
0.7281167
0.7222534
0.7074307
0.6973901
0.6923131
0.6936621
0.7043484
0.7056504
0.7051619
0.7095397
0.7159761
0.7247554
0.7290384
0.7309136
0.7264669
0.716578
0.7119304
0.7176564
0.7238011
0.7297174
0.7335435
0.7427652
0.7563911
0.7548515
0.7461497
0.7311883
0.7209749
0.7220539
0.7240097
0.7236859
0.7169404
0.7160515
0.7283486
0.7279063
0.7111126
0.7061138
0.7252028
0.751211
0.7572689
0.7509439
0.7538141
0.7653419
0.7675145
0.7651501
0.7632324
0.7546851
0.7598443
0.7645816
0.7488292
0.7405487
0.7488208
0.7545402
0.7567257
0.7500755
0.7363793
0.7388752
0.7475193
0.7471329
0.7405621
0.7370677
0.7422148
0.7475193
0.7505014
0.7434148
0.7378271
0.7464289
0.7464043
0.7423356
0.7479464
0.7549149
0.7488476
0.7412259
0.7471284
0.7479844
0.7422018
0.7399888
0.742298
0.7477465
0.7498564
0.7436641
0.742328
0.7495874
0.7497478
0.7510362
0.756635
0.7515678
0.7461973
0.7421805
0.7395926
0.7432987
0.7378426
0.7342084
0.7419406
0.7488204
0.7475591
0.7437974
0.7454138
0.7485337
0.7425586
0.7419115
0.7528404
0.7544207
0.7530015
0.7560476
0.7577627
0.757185
0.75578
0.7542408
0.7549788
0.7558116
0.757487
0.7592206
0.7633217
0.7637481
0.7585929
0.7619665
0.7621358
0.7583436
0.7608409
0.7606955
0.7529675
0.7453848
0.7427894
0.7433719
0.7467634
0.7512131
0.7491197
0.7386648
0.734181
0.7389499
0.7461788
0.750372
0.7529016
0.7536352
0.7548822
0.7588922
0.7566762
0.7536722
0.7532522
0.7550585
0.749895
0.7452011
0.7485522
0.7483158
0.7477851
0.7459794
0.750974
0.7560849
0.7507538
0.75435
0.761971
0.7596592
0.7555173
0.7580062
0.7649395
0.760963
0.7560339
0.7621335
0.7698721
0.7737105
0.7710173
0.7704827
0.7756155
0.7779956
0.7714511
0.7684793
0.7734263
0.7753489
0.767885
0.7754699
0.7988419
0.8016783
0.7958911
0.792827
0.7894186
0.7841382
0.7771217
0.7751511
0.7725047
0.7720732
0.7735503
0.7680943
0.7666888
0.7677931
0.7642325
0.7618682
0.7623293
0.7657898
0.7690723
0.7653232
0.7634828
0.7661915
0.7658077
0.7662838
0.7632546
0.7624408
0.7674818
0.7703681
0.7693722
0.7633578
0.7613335
0.7611718
0.7535335
0.7546897
0.7639419
0.7667458
0.7684505
0.7681405
0.7694382
0.7721304
0.7708854
0.7735069
0.7772155
0.7777243
0.7738758
0.7728187
0.7792806
0.7800155
0.777327
0.7787664
0.7801326
0.7741977
0.7707328
0.772935
0.7687197
0.765758
0.7661147
0.7704307
0.7717026
0.7642423
0.7545804
0.7523851
0.7607659
0.7612494
0.7583816
0.7649877
0.773885
0.7799426
0.7773126
0.7755206
0.7825806
0.7836899
0.7794779
0.7742468
0.7757383
0.7817543
0.7832789
0.7802022
0.7762213
0.7779588
0.7754083
0.7721499
0.7738114
0.7751983
0.7734622
0.7707771
0.7690889
0.7703572
0.771146
0.7679277
0.7661508
0.7659355
0.7693627
0.7711679
0.7711042
0.7716925
0.7714199
0.7703874
0.7665043
0.764838
0.7638962
0.7623007
0.7604786
0.7609884
0.7615501
0.7596517
0.7615471
0.7609958
0.7604632
0.758977
0.7575936
0.7636179
0.7668789
0.7662093
0.7690759
0.7727212
0.7720232
0.7678673
0.7620688
0.7581987
0.7590301
0.765317
0.7690681
0.7646884
0.7605843
0.7572214
0.7539866
0.7519299
0.7501867
0.7520807
0.7558498
0.7558184
0.7565992
0.7535823
0.739017
0.7389101
0.7492676
0.7517201
0.7520702
0.7498703
0.7516045
0.7528714
0.7513593
0.7504764
0.7530531
0.7598644
0.7628101
0.7688413
0.7699922
0.7722961
0.7878102
0.7874026
0.7807224
0.7864641
0.7890124
0.7881513
0.7888498
0.7879841
0.7927798
0.7952062
0.7888843
0.7819619
0.7707378
0.7662765
0.770641
0.7721389
0.7707795
0.7726423
0.7772229
0.7808067
0.7841369
0.7812647
0.788389
0.8083081
0.8167871
0.8128018
0.8029947
0.7988015
0.7977321
0.7945066
0.7923695
0.791934
0.79962
0.8090055
0.806068
0.7961182
0.790112
0.7880772
0.7901694
0.791504
0.7861125
0.7813359
0.7784113
0.7758835
0.7749947
0.7696573
0.7580261
0.744042
0.7365782
0.7343547
0.7327809
0.7288329
0.7233962
0.7184238
0.7171464
0.7219225
0.7259271
0.7291397
0.7339637
0.7411861
0.7498123
0.7581599
0.7657923
0.7654092
0.7643142
0.7718765
0.774401
0.7740141
0.7746821
0.7734176
0.7792298
0.7750701
0.7605347
0.7592606
0.7590571
0.7574801
0.7571101
0.7573657
0.7615759
0.7609745
0.7649593
0.7758344
0.7785059
0.778915
0.7819403
0.7718161
0.7591602
0.7524961
0.7391412
0.7307451
0.7290793
0.7337672
0.7439684
0.7408945
0.7349384
0.7493825
0.7554079
0.7473108
0.7478861
0.7489708
0.7568944
0.7597002
0.7593746
0.7584917
0.7498196
0.7475445
0.7450705
0.7489895
0.736185
0.7124909
0.7167885
0.7309764
0.7296174
0.7310874
0.746701
0.7468813
0.7464745
0.7472999
0.7456662
0.76565
0.7804908
0.7752481
0.7700138
0.7624816
0.763976
0.7633418
0.7522349
0.7389595
0.7225111
0.7160754
0.7093026
0.7078848
0.7058641
0.7066873
0.7089091
0.6925309
0.692785
0.6995908
0.7026364
0.7106621
0.7179628
0.7310199
0.7305715
0.7253312
0.7241998
0.7277649
0.7245551
0.7054464
0.7111742
0.7317754
0.7299022
0.7329384
0.7463123
0.7549354
0.7571392
0.7307697
0.7132564
0.7169572
0.7197315
0.7404772
0.763561
0.7774277
0.7804373
0.7691928
0.7649123
0.7688503
0.7611595
0.7482834
0.7542646
0.7557083
0.7394499
0.7345959
0.7259589
0.7130336
0.7100204
0.7102702
0.7070757
0.7024247
0.7104088
0.7221549
0.7276182
0.733671
0.7400771
0.7483744
0.7538792
0.753216
0.7426426
0.7247234
0.7326381
0.7376993
0.729571
0.7501942
0.7755391
0.7928829
0.8040422
0.790416
0.7726933
0.7787029
0.778215
0.7644672
0.7519841
0.7362179
0.7407197
0.7420028
0.7388012
0.7409608
0.7276432
0.7293376
0.7351123
0.7247322
0.725612
0.7349352
0.7378401
0.7392242
0.7429599
0.7502291
0.7464114
0.7362817
0.7394266
0.7507259
0.7453624
0.7361422
0.7486468
0.7537867
0.7475822
0.7443643
0.7473435
0.7510226
0.7445383
0.7322925
0.7288009
0.7317898
0.7278924
0.7311844
0.7291797
0.7207813
0.7223052
0.7269362
0.7284983
0.7144155
0.7096549
0.7153819
0.7194011
0.7193906
0.708689
0.7083224
0.7132221
0.7204826
0.7244668
0.7185372
0.7180314
0.7252114
0.732564
0.7306861
0.7268579
0.7303733
0.7355733
0.7393275
0.7349089
0.7353698
0.7442392
0.7464487
0.7488877
0.7484749
0.7470562
0.7554483
0.7595994
0.7554797
0.759277
0.7663077
0.7641362
0.7580016
0.7574501
0.7593578
0.7596653
0.7603515
0.7594656
0.7654417
0.7627344
0.7433265
0.7437011
0.7498846
0.7521121
0.7605464
0.7553567
0.7396274
0.7278004
0.7280464
0.7236129
0.7108484
0.7177685
0.7324322
0.7451632
0.7560464
0.7499516
0.7507815
0.7615329
0.768783
0.7714133
0.7576608
0.7510153
0.7599537
0.7623908
0.7530177
0.7536276
0.7648471
0.7722782
0.7762291
0.7713292
0.7794915
0.7843378
0.7776112
0.789394
0.7893526
0.775436
0.7729859
0.777307
0.7791371
0.7680557
0.7645515
0.7742334
0.7716912
0.7638218
0.7690477
0.7751784
0.768213
0.7614132
0.7617099
0.7577138
0.7471714
0.7448068
0.7500145
0.7495673
0.7477011
0.7505257
0.7599437
0.7595513
0.7477491
0.7471312
0.7559889
0.7615421
0.7546085
0.7471896
0.7512212
0.7576177
0.7556616
0.7496287
0.7497284
0.7510427
0.7532841
0.7497829
0.7461346
0.7575369
0.7631841
0.7545916
0.7545338
0.7643872
0.7568566
0.7488493
0.7605225
0.7609146
0.7538623
0.7541341
0.7593964
0.7640039
0.7596496
0.7613345
0.7671137
0.7634402
0.75668
0.7569411
0.7597018
0.7548519
0.7506644
0.7535679
0.7528135
0.7484209
0.7510902
0.7600643
0.7598065
0.7548239
0.7606913
0.7657033
0.7642159
0.7628809
0.7676686
0.7728203
0.7709493
0.7648328
0.7605821
0.7615545
0.7600471
0.756093
0.7550771
0.7615425
0.7689357
0.7632
0.7621601
0.7693486
0.7716241
0.7744626
0.7741142
0.7777271
0.7836783
0.7810057
0.7783075
0.7798243
0.7821269
0.783862
0.7839783
0.7897819
0.7932067
0.8001791
0.8164127
0.8062038
0.7906113
0.7823474
0.7647038
0.7539751
0.7332954
0.7101765
0.7052749
0.7036162
0.7014379
0.7107176
0.7313226
0.748249
0.7562357
0.755342
0.762981
0.7729409
0.7697486
0.7676806
0.7737491
0.7798215
0.7766299
0.7762116
0.7837914
0.7867139
0.7830895
0.7824189
0.7877012
0.7898476
0.7904395
0.7868299
0.7828631
0.7884529
0.784191
0.7779569
0.7819778
0.7827438
0.7757112
0.7632619
0.7652938
0.7682479
0.760031
0.7606197
0.7684994
0.7741458
0.7724321
0.7732583
0.7818737
0.7843457
0.7763275
0.7713169
0.7771875
0.7844558
0.7840957
0.7743634
0.7730682
0.7826482
0.7770308
0.7645673
0.7674552
0.7750155
0.7780344
0.7775455
0.7734991
0.778401
0.7848636
0.7818738
0.771622
0.7697688
0.7778939
0.7764312
0.769686
0.7699353
0.7783002
0.7830864
0.7796599
0.7766364
0.7830653
0.7880842
0.7849004
0.7799259
0.7797548
0.7862704
0.7904586
0.7858876
0.7795833
0.785205
0.791028
0.7900176
0.7866925
0.7858607
0.7912421
0.7899506
0.7832898
0.7842772
0.785143
0.7853694
0.7828258
0.7754711
0.7783081
0.7820034
0.773385
0.7619266
0.7630947
0.7683114
0.7687813
0.7679932
0.7649995
0.7687162
0.772584
0.7671319
0.7622079
0.7641803
0.7709366
0.7723864
0.7676362
0.7678672
0.7731643
0.7754906
0.7700328
0.7666645
0.7715049
0.7718513
0.7639185
0.7608224
0.7663469
0.769202
0.7677995
0.7661755
0.7660026
0.768054
0.7665097
0.7593318
0.7551422
0.7547889
0.7531437
0.7486198
0.7491502
0.756835
0.7619036
0.7651673
0.7609746
0.7580136
0.7661722
0.7679705
0.7520122
0.7415895
0.7307665
0.7131615
0.7283752
0.7508552
0.7672746
0.784702
0.7956359
0.7970179
0.7960839
0.8003649
0.7851254
0.7816233
0.7954582
0.7949456
0.7991485
0.8026873
0.7964442
0.799395
0.8084057
0.8055399
0.7980237
0.803818
0.807072
0.8021776
0.7897807
0.7828367
0.7900394
0.7881216
0.7778337
0.7749977
0.7788803
0.7821803
0.784674
0.7752092
0.770399
0.780575
0.7848254
0.7764402
0.7694405
0.7738872
0.7766022
0.7710339
0.764196
0.7654259
0.7714593
0.7687305
0.7627349
0.7646331
0.7681722
0.7675872
0.7621402
0.7616564
0.7671814
0.7674231
0.7613006
0.7583059
0.7628874
0.7646184
0.7546396
0.7518627
0.7597621
0.7620171
0.7597233
0.7519586
0.7522053
0.7582421
0.7520158
0.7423648
0.7422628
0.7443396
0.7448976
0.7492677
0.7546768
0.7559412
0.7552324
0.7557202
0.7529871
0.7480757
0.747298
0.7496598
0.7468349
0.7402762
0.7425446
0.7502037
0.7513616
0.7497843
0.7435814
0.7414866
0.749514
0.7507706
0.749699
0.7522096
0.7515468
0.7517927
0.7540838
0.747056
0.7442499
0.7481524
0.7480192
0.7533903
0.7558978
0.7543902
0.7533737
0.75404
0.7567634
0.7571908
0.7590009
0.7619249
0.7663027
0.7682087
0.7669454
0.7703985
0.7743055
0.7768463
0.7800745
0.7784973
0.7791682
0.783559
0.7843318
0.7847388
0.7807238
0.7812982
0.7850112
0.7797298
0.7734208
0.7685842
0.7689613
0.7717475
0.7678366
0.7657745
0.7703111
0.7723383
0.7717344
0.7734363
0.7754232
0.7755176
0.7721791
0.7702756
0.7749658
0.780927
0.7816244
0.7784112
0.7800671
0.787013
0.7871925
0.7820389
0.7856556
0.7908125
0.7856275
0.7754001
0.7790359
0.7881013
0.7866513
0.7845246
0.7811698
0.7669933
0.7584369
0.7646972
0.7644855
0.7565124
0.7496019
0.7522981
0.7614875
0.7684968
0.7721662
0.77062
0.7730091
0.7809475
0.7824124
0.7775609
0.7780273
0.7884339
0.7901917
0.7810298
0.7773248
0.7766394
0.7764487
0.7742514
0.7631036
0.7514926
0.7522131
0.7497445
0.7361202
0.7353748
0.7430156
0.7449964
0.7492293
0.7490827
0.7496843
0.7550518
0.7579516
0.7554777
0.7497494
0.7473778
0.7466707
0.7418461
0.7410639
0.7344059
0.7238652
0.7232153
0.7083679
0.6941178
0.6916392
0.6885382
0.6863845
0.6802752
0.6706992
0.6647046
0.6645033
0.6676414
0.665675
0.6629259
0.6649802
0.670477
0.6794306
0.6886944
0.6892624
0.6830666
0.6888713
0.6952516
0.6937986
0.6966005
0.7000711
0.6987516
0.6974249
0.6953161
0.69962
0.6989152
0.6874093
0.6886074
0.6904433
0.6891787
0.6893509
0.6834816
0.6821666
0.6924048
0.6997146
0.7027105
0.7014108
0.6904477
0.6864267
0.6883236
0.6843011
0.677814
0.6811029
0.6895216
0.6900173
0.6893175
0.69726
0.7085119
0.7185927
0.7226689
0.7215177
0.7269956
0.7336113
0.7397294
0.7369955
0.7253376
0.7244684
0.7259767
0.7219991
0.7191436
0.7201181
0.7239187
0.7303191
0.7341744
0.7294234
0.7272509
0.7306645
0.7288703
0.724302
0.7217371
0.7225839
0.7241734
0.7238693
0.7196775
0.7180459
0.7240352
0.7253949
0.7216345
0.7239809
0.7297669
0.7321233
0.7305742
0.7275752
0.7320662
0.7340252
0.7313994
0.7359317
0.7407695
0.741048
0.7366398
0.7338426
0.7373396
0.7326097
0.7285072
0.7333168
0.7322375
0.7222698
0.7155676
0.7175074
0.7194141
0.7194688
0.723017
0.7343153
0.7408495
0.7458208
0.7460034
0.7450528
0.7494562
0.7451111
0.736915
0.7246269
0.7207155
0.7292568
0.7254694
0.7151106
0.7176735
0.7239325
0.722667
0.7217726
0.7252492
0.7276113
0.7294756
0.731449
0.7314144
0.7339986
0.7399431
0.7383159
0.7330399
0.7331756
0.7347621
0.7340584
0.7330936
0.7339464
0.736157
0.7387836
0.7379059
0.738567
0.7456366
0.7498593
0.7491211
0.7489593
0.7545696
0.7587506
0.7539847
0.7559954
0.7624989
0.7634173
0.7602335
0.7548874
0.7567531
0.7574869
0.752689
0.7537539
0.7559193
0.7483833
0.7458413
0.7574255
0.7615167
0.7554708
0.7506734
0.7551628
0.7667504
0.7649199
0.7511493
0.7568356
0.7722014
0.7754863
0.7676523
0.7669635
0.7798543
0.7788622
0.77066
0.7695684
0.7748791
0.7740223
0.7685936
0.7728087
0.7756434
0.7688926
0.7659763
0.7676382
0.765328
0.7615511
0.7564278
0.7628078
0.7700474
0.7670127
0.7650393
0.7651263
0.7680027
0.7641589
0.7562503
0.7561665
0.7586922
0.7547682
0.7518809
0.7562345
0.7573034
0.7536614
0.7537697
0.757144
0.7587562
0.7614586
0.7654642
0.7629218
0.7596111
0.7613937
0.7569435
0.7505099
0.7496223
0.750424
0.7493296
0.7467611
0.7474969
0.7493645
0.7462479
0.7409046
0.7415782
0.7452563
0.7455521
0.7456148
0.7451641
0.7428616
0.7411781
0.7386981
0.7398043
0.7395497
0.7346008
0.7359093
0.7398595
0.741084
0.7408148
0.7413739
0.744733
0.7481681
0.7497334
0.7491368
0.7501645
0.7526927
0.7532411
0.7504752
0.7500563
0.7538577
0.7504692
0.7483365
0.7525252
0.7588373
0.765877
0.7645225
0.7619494
0.7640747
0.7636299
0.758132
0.7397453
0.7236157
0.7326835
0.7252782
0.7009763
0.6901967
0.6830095
0.6959045
0.7148168
0.7211321
0.7268568
0.7298679
0.7334698
0.7372068
0.743373
0.7501071
0.7474179
0.7484499
0.7485879
0.7460967
0.7487633
0.7446623
0.7398354
0.7491609
0.7555306
0.752819
0.7576249
0.7596361
0.7610386
0.7656225
0.7595962
0.7441953
0.7346291
0.736784
0.739905
0.7400968
0.7465639
0.7471551
0.7336363
0.7284523
0.7357801
0.7440914
0.749758
0.7542709
0.7564543
0.7599602
0.756936
0.7732047
0.7594892
0.7413901
0.7451055
0.6548984
0.673787
0.7172551
0.6999685
0.7373298
0.6531387
0.6513823
0.7586168
0.756783
0.768218
0.7529633
0.7100602
0.7364827
0.7709472
0.7374477
0.6919418
0.7407272
0.7773742
0.7430296
0.6742509
0.647546
0.6886389
0.7403136
0.749791
0.7467866
0.7559169
0.7475303
0.7445983
0.7367546
0.7188281
0.7195589
0.7345608
0.7381105
0.7378118
0.7394726
0.745728
0.7531999
0.714024
0.6755928
0.6933942
0.6941585
0.6569173
0.6288606
0.6439057
0.6564702
0.6665343
0.7116523
0.7318706
0.7241178
0.7433654
0.7561029
0.7460196
0.7224323
0.7002657
0.6981534
0.6920009
0.6769001
0.6689544
0.670157
0.6684214
0.6592111
0.655765
0.657842
0.6561535
0.6548966
0.6585742
0.6630379
0.661742
0.6638361
0.6688992
0.6699408
0.667893
0.6685599
0.6723131
0.6724299
0.6784502
0.6880472
0.6907249
0.6912789
0.6939398
0.6991059
0.7026803
0.7032123
0.6983226
0.6942261
0.6958266
0.6937305
0.6883676
0.6869509
0.6891079
0.6907824
0.6867219
0.6861413
0.6949912
0.6982903
0.693583
0.6907406
0.6924123
0.6967122
0.698945
0.6935975
0.6855779
0.6805639
0.674146
0.6670752
0.6697304
0.6724732
0.6697456
0.6703917
0.6704042
0.6741994
0.678221
0.6734281
0.6644846
0.6589641
0.6625485
0.6681521
0.6697213
0.6691827
0.6700631
0.6695432
0.667712
0.6671687
0.6647529
0.6656782
0.6669246
0.6618
0.6564518
0.6546734
0.6588279
0.6626341
0.6557784
0.654386
0.6613297
0.6656809
0.664751
0.6515184
0.6404397
0.6352208
0.6301325
0.633396
0.6360066
0.6397058
0.6491929
0.6533451
0.6648981
0.6746707
0.6646733
0.6639631
0.666772
0.6627744
0.6609038
0.6505191
0.6456391
0.6490814
0.6510418
0.6505793
0.6475261
0.6454743
0.6424195
0.6408429
0.6343789
0.6273386
0.6232562
0.6169099
0.6165566
0.6159502
0.6099763
0.6063444
0.6067626
0.6037705
0.5984507
0.5967056
0.5940411
0.5878386
0.5845939
0.5831653
0.5787614
0.5720705
0.5717725
0.5736099
0.5704836
0.5651945
0.5635077
0.5629045
0.5727906
0.5567803
0.5797657
0.6262794
0.5823406
0.5869536
0.6512253
0.6419784
0.5774729
0.5509209
0.5716801
0.6781964
0.6652248
0.5937284
0.6388263
0.6440518
0.646919
0.5884394
0.5438887
0.573626
0.6285075
0.6627162
0.6528195
0.6701224
0.6441261
0.6150148
0.6638051
0.6696614
0.6432251
0.6575731
0.6528988
0.6675613
0.6925438
0.6535038
0.6571894
0.6838165
0.6943129
0.6719311
0.6580427
0.6871278
0.6818585
0.6834822
0.6296073
0.645642
0.686267
0.6353821
0.6235576
0.624797
0.6148181
0.6451033
0.646526
0.6056359
0.6451366
0.6987201
0.7057832
0.7012387
0.6622056
0.61083
0.6217211
0.6465084
0.6687361
0.6435496
0.6227535
0.6930389
0.6797049
0.6676871
0.6702311
0.6308995
0.650017
0.6509971
0.6588595
0.6553538
0.6704683
0.6839157
0.6625635
0.6683673
0.6217074
0.6273996
0.6939894
0.6579154
0.5929905
0.601742
0.6487251
0.6677703
0.6557591
0.6611829
0.6885378
0.6897471
0.6643063
0.6330734
0.6108061
0.6383644
0.6394024
0.6129292
0.6531101
0.6641756
0.6027017
0.6284967
0.6496121
0.629509
0.6491631
0.6742831
0.6255042
0.6062584
0.6928446
0.6697224
0.652187
0.6676343
0.6769666
0.6707255
0.6523151
0.6448356
0.6401232
0.6500712
0.664098
0.6915645
0.6225973
0.6217643
0.6784163
0.6609666
0.6317983
0.6180838
0.6537755
0.6397935
0.6049592
0.6383797
0.6621935
0.6447298
0.6249974
0.6578481
0.6929013
0.6585826
0.618825
0.6310928
0.6613078
0.6191649
0.5972054
0.6592566
0.6287713
0.6374771
0.6773373
0.6453924
0.654158
0.6239914
0.6302182
0.6445189
0.6161079
0.6234714
0.6541159
0.6573585
0.6075381
0.6341599
0.6671502
0.6373199
0.6527347
0.6622106
0.6612435
0.6613074
0.6540421
0.6204984
0.5840282
0.6300793
0.6726093
0.652187
0.6475643
0.6885826
0.6655038
0.6529199
0.6835796
0.6253913
0.6479522
0.6996166
0.6757184
0.6724983
0.6262294
0.6282634
0.6692991
0.6473602
0.6290549
0.6375016
0.6225261
0.6731084
0.6639422
0.6086873
0.6560886
0.6342973
0.647995
0.675538
0.6378248
0.6343667
0.6475007
0.6697316
0.6653413
0.5914076
0.6016745
0.6843066
0.6875826
0.6565323
0.6832389
0.6536521
0.5979486
0.6529051
0.6564906
0.6385272
0.6550658
0.6615773
0.6497893
0.6581355
0.6354001
0.6249478
0.6732342
0.6856928
0.689616
0.6618447
0.6816381
0.7068695
0.6425856
0.6102091
0.6396295
0.6400226
0.6627014
0.6881843
0.6537659
0.6492982
0.6510433
0.6423283
0.6689157
0.6773287
0.6694312
0.6521131
0.5759141
0.5558138
0.5712052
0.5622002
0.5679524
0.5694454
0.5756548
0.583408
0.5859824
0.5808092
0.5843155
0.5920009
0.5907379
0.589529
0.5926625
0.5995413
0.6039992
0.6017524
0.5983768
0.6022603
0.6038616
0.6049637
0.6062281
0.5975282
0.5976466
0.5959915
0.5865482
0.5947778
0.600647
0.6069769
0.5932856
0.5894975
0.6360321
0.6309935
0.6092135
0.6133116
0.6137801
0.6129959
0.6032858
0.605714
0.6116574
0.6079527
0.6033415
0.6039112
0.607114
0.612043
0.6134255
0.6162591
0.6212881
0.6239107
0.6235785
0.618423
0.619202
0.6257858
0.6255012
0.6162668
0.6170194
0.6266294
0.6255984
0.6207732
0.6214344
0.6246251
0.6294925
0.6299214
0.6251116
0.6242747
0.6300354
0.6345196
0.6322078
0.6300847
0.6354091
0.6456121
0.6486055
0.6421827
0.6394149
0.6437358
0.643648
0.6339541
0.6289376
0.6342625
0.6372955
0.6356529
0.6355625
0.6419007
0.6486829
0.6479389
0.644114
0.6442514
0.6522087
0.6625867
0.6625147
0.6545507
0.6586584
0.667648
0.6636773
0.6589136
0.6634806
0.6703705
0.6688954
0.660062
0.6576597
0.6623696
0.6609546
0.6552706
0.6584388
0.6652348
0.6687446
0.6689244
0.6660882
0.6695658
0.6738672
0.6709362
0.6660544
0.6698735
0.6776124
0.6736683
0.6689715
0.6699923
0.6755196
0.6776051
0.6713944
0.6690101
0.6721708
0.6745677
0.6755437
0.6774422
0.672891
0.6755355
0.6858475
0.683425
0.6791017
0.6765595
0.6826954
0.6868394
0.6794033
0.6791079
0.6839201
0.6913257
0.6849764
0.6742605
0.6780321
0.6838963
0.6801621
0.672349
0.6685654
0.6656074
0.6722314
0.6834107
0.684927
0.6867697
0.6885244
0.6801078
0.6779174
0.6839227
0.6936277
0.7016435
0.7045455
0.7072441
0.7077331
0.7049437
0.7001701
0.6979899
0.698091
0.7011392
0.7069189
0.7119433
0.7183393
0.725454
0.7249483
0.7224379
0.7146151
0.6995693
0.6920399
0.6865682
0.6830275
0.6905441
0.6945094
0.6961966
0.7003587
0.7006806
0.7013129
0.6927196
0.6853803
0.6886387
0.6935129
0.6960934
0.7016104
0.7032797
0.6891638
0.6877317
0.6964436
0.7009355
0.707952
0.7151833
0.7171229
0.7062147
0.6999366
0.7028862
0.7041085
0.7048455
0.7006833
0.6945834
0.699291
0.7071694
0.7064639
0.6992116
0.6966032
0.7035956
0.7012162
0.6911618
0.6915642
0.6983876
0.6990053
0.696245
0.695743
0.6997445
0.713833
0.7141339
0.7060097
0.7168487
0.7317184
0.732195
0.7273273
0.7355302
0.741362
0.7288043
0.7227118
0.7380326
0.7464993
0.7393167
0.7318359
0.7329152
0.7399638
0.740466
0.7366482
0.7467022
0.7547339
0.7572474
0.7441201
0.6967366
0.6996864
0.7391557
0.7447056
0.7493359
0.7457558
0.7276153
0.7201395
0.7265742
0.7315589
0.7183915
0.7045912
0.7071536
0.7168553
0.7204958
0.7152108
0.7190454
0.7293851
0.7290583
0.7217627
0.7188825
0.7243539
0.7181802
0.7022564
0.7019564
0.7130316
0.7150212
0.7068537
0.7071667
0.7134423
0.7177397
0.720965
0.7131665
0.7102136
0.7186039
0.7187034
0.7134212
0.7096095
0.7075442
0.7097534
0.7175375
0.7251538
0.7231379
0.7193871
0.7273214
0.7327003
0.7360655
0.7357838
0.7297608
0.7337518
0.7332626
0.734953
0.7368534
0.7338191
0.738302
0.7414344
0.7470963
0.7445013
0.7374283
0.7418562
0.7435731
0.741609
0.7369214
0.7337034
0.7374021
0.7426567
0.7416203
0.7378099
0.7449121
0.7445813
0.7338247
0.7361505
0.7445114
0.7461131
0.7393828
0.7398848
0.7464922
0.7419541
0.734267
0.73433
0.7385074
0.7392976
0.7365208
0.730297
0.7316894
0.738943
0.7386252
0.7299212
0.7305139
0.7388707
0.7299173
0.7213338
0.730264
0.7346594
0.7282796
0.7251216
0.7270101
0.7288535
0.7268799
0.7198532
0.7201911
0.7252644
0.722447
0.7209846
0.717355
0.715492
0.720373
0.7235858
0.7230607
0.7166739
0.7162175
0.7259687
0.7313877
0.7261285
0.7191765
0.7181433
0.7209413
0.7228838
0.7186377
0.7182478
0.7223398
0.723794
0.7216972
0.7187185
0.725943
0.7289504
0.7254715
0.723238
0.7232941
0.7298611
0.7303411
0.7225874
0.7177969
0.722859
0.7274337
0.7233607
0.7176746
0.7145617
0.7201171
0.7251488
0.7205707
0.7078502
0.7013898
0.7032484
0.6972879
0.6922759
0.6960923
0.70285
0.7013343
0.7016776
0.7056987
0.7043591
0.7025316
0.6916185
0.6757034
0.666705
0.6668521
0.6743688
0.6880625
0.7014768
0.7094048
0.7121684
0.7141789
0.7243337
0.7296421
0.7197806
0.7142545
0.7198887
0.7293747
0.7338308
0.7278632
0.7236255
0.7221808
0.7266358
0.7316015
0.7305232
0.7293412
0.7311054
0.7200999
0.6941132
0.6877448
0.6858717
0.6767462
0.6721099
0.665864
0.6602262
0.6546947
0.6538826
0.6524776
0.6455827
0.6427901
0.637582
0.630889
0.6336366
0.6380094
0.6389861
0.6422611
0.6488406
0.6561329
0.6482963
0.7006345
