0.707
0.707
0.7
0.699
0.703
0.695
0.69
0.692
0.696
0.696
0.704
0.703
0.704
0.71
0.718
0.721
0.732
0.71
0.714
0.714
0.709
0.703
0.696
0.697
0.708
0.701
0.69
0.678
0.666
0.654
0.644
0.637
0.63
0.628
0.631
0.633
0.631
0.637
0.645
0.644
0.641
0.645
0.645
0.643
0.63
0.621
0.617
0.618
0.625
0.628
0.632
0.636
0.644
0.65
0.657
0.656
0.663
0.668
0.675
0.681
0.678
0.683
0.699
0.7
0.695
0.687
0.685
0.691
0.689
0.685
0.682
0.691
0.701
0.701
0.692
0.695
0.702
0.699
0.689
0.687
0.69
0.686
0.686
0.686
0.688
0.696
0.689
0.688
0.684
0.68
0.687
0.681
0.678
0.681
0.693
0.694
0.702
0.705
0.717
0.719
0.72
0.709
0.706
0.714
0.717
0.708
0.693
0.681
0.697
0.699
0.689
0.687
0.679
0.683
0.686
0.685
0.685
0.693
0.703
0.71
0.704
0.703
0.717
0.714
0.724
0.723
0.712
0.727
0.737
0.73
0.717
0.702
0.709
0.706
0.713
0.705
0.709
0.716
0.73
0.721
0.72
0.738
0.736
0.729
0.72
0.714
0.711
0.708
0.693
0.688
0.684
0.693
0.687
0.689
0.694
0.715
0.717
0.716
0.716
0.732
0.726
0.711
0.711
0.708
0.71
0.701
0.689
0.682
0.683
0.682
0.679
0.674
0.683
0.692
0.694
0.695
0.702
0.724
0.72
0.716
0.724
0.725
0.722
0.716
0.704
0.723
0.723
0.724
0.716
0.714
0.728
0.723
0.712
0.709
0.717
0.716
0.72
0.714
0.721
0.734
0.741
0.732
0.742
0.753
0.754
0.741
0.741
0.751
0.755
0.762
0.742
0.745
0.756
0.75
0.735
0.726
0.73
0.727
0.712
0.708
0.691
0.699
0.681
0.673
0.658
0.643
0.636
0.637
0.643
0.643
0.652
0.655
0.673
0.68
0.699
0.691
0.708
0.711
0.721
0.721
0.716
0.728
0.741
0.744
0.749
0.735
0.749
0.743
0.737
0.722
0.714
0.713
0.721
0.707
0.712
0.701
0.721
0.72
0.73
0.712
0.712
0.718
0.72
0.724
0.712
0.709
0.717
0.708
0.693
0.694
0.708
0.695
0.687
0.672
0.659
0.667
0.681
0.672
0.675
0.7
0.7
0.705
0.719
0.725
0.731
0.737
0.743
0.736
0.749
0.749
0.756
0.752
0.762
0.759
0.769
0.758
0.749
0.757
0.763
0.775
0.777
0.765
0.764
0.773
0.772
0.762
0.763
0.756
0.758
0.764
0.763
0.753
0.738
0.736
0.749
0.75
0.753
0.742
0.729
0.741
0.739
0.741
0.731
0.721
0.728
0.732
0.722
0.715
0.712
0.719
0.721
0.713
0.702
0.701
0.706
0.711
0.711
0.708
0.706
0.716
0.713
0.709
0.708
0.711
0.713
0.714
0.705
0.699
0.703
0.701
0.697
0.69
0.692
0.694
0.69
0.682
0.676
0.672
0.661
0.647
0.645
0.634
0.655
0.659
0.651
0.644
0.635
0.629
0.626
0.63
0.639
0.64
0.641
0.638
0.644
0.651
0.654
0.66
0.666
0.663
0.671
0.69
0.711
0.721
0.735
0.743
0.737
0.736
0.742
0.731
0.724
0.719
0.726
0.722
0.727
0.721
0.717
0.726
0.731
0.727
0.715
0.71
0.713
0.716
0.711
0.705
0.698
0.697
0.698
0.699
0.701
0.697
0.708
0.719
0.713
0.706
0.704
0.705
0.714
0.708
0.699
0.702
0.708
0.716
0.712
0.706
0.702
0.703
0.707
0.699
0.699
0.699
0.715
0.712
0.708
0.708
0.716
0.718
0.707
0.703
0.703
0.699
0.701
0.695
0.691
0.695
0.685
0.677
0.674
0.677
0.686
0.679
0.679
0.678
0.681
0.68
0.672
0.673
0.682
0.674
0.67
0.673
0.679
0.684
0.69
0.692
0.685
0.67
0.672
0.665
0.664
0.657
0.643
0.641
0.634
0.635
0.635
0.638
0.638
0.643
0.653
0.66
0.662
0.669
0.669
0.69
0.689
0.688
0.684
0.686
0.679
0.679
0.683
0.685
0.683
0.688
0.687
0.684
0.675
0.667
0.66
0.646
0.636
0.625
0.623
0.613
0.611
0.61
0.611
0.611
0.619
0.62
0.625
0.632
0.634
0.623
0.629
0.625
0.624
0.626
0.634
0.637
0.647
0.653
0.657
0.66
0.661
0.636
0.639
0.628
0.608
0.606
0.602
0.589
0.585
0.585
0.592
0.591
0.591
0.591
0.592
0.594
0.597
0.602
0.611
0.615
0.605
0.596
0.6
0.592
0.587
0.59
0.58
0.576
0.579
0.569
0.57
0.573
0.57
0.57
0.57
0.568
0.564
0.564
0.559
0.562
0.555
0.554
0.558
0.55
0.55
0.551
0.547
0.546
0.548
0.542
0.546
0.541
0.542
0.544
0.541
0.54
0.542
0.54
0.539
0.54
0.537
0.536
0.541
0.537
0.539
0.541
0.536
0.537
0.54
0.538
0.537
0.539
0.535
0.536
0.539
0.534
0.536
0.536
0.532
0.534
0.536
0.533
0.535
0.532
0.533
0.534
0.528
0.528
0.53
0.524
0.525
0.526
0.52
0.522
0.522
0.517
0.518
0.519
0.514
0.516
0.517
0.51
0.513
0.514
0.507
0.509
0.509
0.504
0.507
0.509
0.508
0.507
0.508
0.515
0.511
0.513
0.516
0.516
0.517
0.515
0.516
0.52
0.518
0.517
0.523
0.518
0.513
0.522
0.52
0.517
0.515
0.513
0.516
0.512
0.513
0.512
0.509
0.513
0.509
0.505
0.512
0.508
0.506
0.507
0.503
0.5
0.502
0.501
0.5
0.5
0.5
0.507
0.501
0.497
0.497
0.503
0.5
0.494
0.497
0.495
0.496
0.489
0.499
0.497
0.49
0.496
0.497
0.49
0.495
0.493
0.49
0.489
0.494
0.496
0.488
0.491
0.496
0.489
0.496
0.495
0.492
0.498
0.496
0.493
0.497
0.497
0.493
0.5
0.5
0.499
0.5
0.5
0.499
0.5
0.502
0.497
0.5
0.503
0.499
0.502
0.502
0.497
0.502
0.5
0.5
0.5
0.5
0.5
0.5
0.504
0.5
0.499
0.503
0.5
0.498
0.498
0.5
0.501
0.499
0.501
0.498
0.5
0.502
0.497
0.502
0.5
0.495
0.5
0.498
0.494
0.498
0.496
0.495
0.493
0.494
0.496
0.49
0.496
0.494
0.489
0.492
0.495
0.491
0.489
0.486
0.492
0.49
0.485
0.493
0.492
0.485
0.491
0.492
0.487
0.49
0.491
0.491
0.489
0.497
0.497
0.494
0.498
0.502
0.512
0.513
0.514
0.516
0.512
0.51
0.513
0.515
0.515
0.516
0.523
0.528
0.525
0.524
0.534
0.543
0.544
0.543
0.551
0.551
0.55
0.551
0.551
0.554
0.55
0.547
0.549
0.544
0.539
0.54
0.539
0.538
0.532
0.53
0.533
0.541
0.549
0.5721647
0.729
0.562
0.55
0.549
0.55
0.551
0.55
0.555
0.569
0.573
0.576
0.6
0.617
0.617
0.618
0.631
0.636
0.622
0.628
0.614
0.609
0.616
0.604
0.603
0.606
0.598
0.599
0.602
0.598
0.593
0.603
0.61
0.613
0.612
0.61
0.622
0.622
0.617
0.619
0.629
0.625
0.625
0.63
0.638
0.637
0.629
0.631
0.627
0.618
0.609
0.596
0.59
0.585
0.574
0.557
0.559
0.561
0.557
0.552
0.555
0.552
0.55
0.564
0.567
0.565
0.566
0.582
0.589
0.586
0.587
0.607
0.605
0.605
0.615
0.624
0.619
0.614
0.624
0.625
0.62
0.636
0.64
0.633
0.646
0.643
0.639
0.629
0.619
0.627
0.632
0.641
0.653
0.678
0.697
0.701
0.69
0.678
0.665
0.66
0.656
0.637
0.632
0.62
0.604
0.589
0.578
0.57
0.565
0.559
0.56
0.56
0.559
0.559
0.558
0.555
0.549
0.548
0.545
0.55
0.547
0.559
0.578
0.592
0.592
0.605
0.638
0.652
0.652
0.673
0.692
0.698
0.682
0.695
0.684
0.676
0.695
0.699
0.703
0.698
0.702
0.7
0.69
0.686
0.67
0.658
0.664
0.669
0.666
0.666
0.658
0.647
0.636
0.625
0.613
0.604
0.609
0.618
0.63
0.635
0.636
0.626
0.626
0.624
0.619
0.617
0.619
0.623
0.629
0.642
0.649
0.659
0.642
0.636
0.652
0.648
0.633
0.629
0.625
0.619
0.614
0.615
0.628
0.63
0.635
0.64
0.652
0.661
0.655
0.649
0.647
0.646
0.652
0.661
0.659
0.656
0.648
0.643
0.632
0.622
0.609
0.606
0.607
0.615
0.624
0.621
0.618
0.632
0.632
0.632
0.629
0.636
0.642
0.655
0.651
0.653
0.658
0.669
0.669
0.666
0.669
0.673
0.671
0.666
0.653
0.657
0.656
0.649
0.638
0.646
0.644
0.648
0.638
0.629
0.617
0.613
0.597
0.596
0.6
0.603
0.611
0.629
0.665
0.688
0.69
0.708
0.711
0.708
0.704
0.712
0.722
0.72
0.714
0.726
0.737
0.737
0.72
0.708
0.705
0.692
0.68
0.678
0.684
0.681
0.684
0.691
0.708
0.707
0.702
0.686
0.681
0.678
0.679
0.671
0.673
0.674
0.673
0.669
0.662
0.662
0.657
0.646
0.638
0.629
0.624
0.617
0.617
0.613
0.612
0.615
0.611
0.631
0.632
0.635
0.627
0.626
0.626
0.618
0.613
0.615
0.611
0.604
0.599
0.596
0.593
0.588
0.583
0.582
0.58
0.591
0.606
0.607
0.617
0.637
0.653
0.659
0.656
0.667
0.666
0.655
0.638
0.629
0.65
0.635
0.617
0.617
0.608
0.603
0.595
0.591
0.594
0.602
0.612
0.618
0.632
0.643
0.66
0.668
0.667
0.671
0.671
0.668
0.675
0.678
0.682
0.69
0.686
0.675
0.669
0.671
0.667
0.653
0.656
0.655
0.648
0.643
0.635
0.632
0.643
0.643
0.644
0.648
0.659
0.664
0.656
0.649
0.651
0.652
0.644
0.634
0.635
0.643
0.639
0.633
0.629
0.639
0.637
0.641
0.637
0.647
0.656
0.658
0.662
0.656
0.676
0.674
0.675
0.666
0.659
0.657
0.649
0.638
0.63
0.622
0.609
0.613
0.602
0.59
0.584
0.579
0.577
0.573
0.575
0.571
0.572
0.578
0.582
0.581
0.588
0.604
0.618
0.62
0.621
0.618
0.613
0.615
0.625
0.624
0.619
0.615
0.61
0.609
0.617
0.615
0.612
0.611
0.607
0.606
0.605
0.612
0.618
0.626
0.639
0.651
0.672
0.688
0.694
0.708
0.719
0.716
0.717
0.705
0.708
0.705
0.697
0.691
0.688
0.684
0.681
0.68
0.673
0.667
0.656
0.639
0.633
0.627
0.626
0.633
0.628
0.628
0.628
0.629
0.626
0.625
0.625
0.63
0.626
0.625
0.631
0.639
0.639
0.636
0.634
0.64
0.646
0.643
0.633
0.624
0.614
0.623
0.62
0.605
0.608
0.614
0.606
0.595
0.599
0.608
0.608
0.61
0.603
0.597
0.599
0.595
0.599
0.607
0.622
0.633
0.64
0.648
0.654
0.661
0.645
0.658
0.673
0.678
0.675
0.689
0.699
0.701
0.697
0.688
0.683
0.667
0.649
0.65
0.648
0.641
0.64
0.638
0.642
0.657
0.67
0.672
0.682
0.684
0.696
0.707
0.705
0.704
0.711
0.719
0.701
0.702
0.709
0.716
0.704
0.693
0.692
0.692
0.678
0.671
0.668
0.669
0.663
0.659
0.645
0.646
0.653
0.655
0.663
0.676
0.683
0.699
0.707
0.702
0.711
0.711
0.714
0.704
0.681
0.67
0.65
0.648
0.642
0.641
0.653
0.665
0.67
0.694
0.714
0.73
0.75
0.758
0.748
0.765
0.762
0.748
0.733
0.72
0.715
0.711
0.707
0.689
0.684
0.667
0.654
0.647
0.635
0.63
0.625
0.623
0.616
0.611
0.61
0.613
0.617
0.625
0.633
0.653
0.663
0.668
0.661
0.668
0.671
0.666
0.682
0.677
0.671
0.667
0.662
0.661
0.649
0.645
0.635
0.631
0.628
0.635
0.641
0.643
0.653
0.663
0.672
0.672
0.687
0.686
0.686
0.688
0.671
0.662
0.65
0.641
0.63
0.625
0.616
0.613
0.612
0.612
0.624
0.636
0.644
0.651
0.655
0.647
0.637
0.659
0.665
0.64
0.633
0.629
0.623
0.62
0.617
0.618
0.617
0.615
0.613
0.624
0.632
0.642
0.657
0.661
0.666
0.684
0.678
0.674
0.673
0.665
0.662
0.663
0.662
0.66
0.667
0.668
0.678
0.676
0.665
0.593
0.709
0.646
0.642
0.637
0.631
0.63
0.637
0.634
0.632
0.635
0.632
0.629
0.624
0.618
0.615
0.609
0.606
0.603
0.606
0.599
0.6
0.603
0.611
0.615
0.624
0.626
0.629
0.635
0.641
0.64
0.629
0.625
0.62
0.615
0.616
0.611
0.613
0.613
0.616
0.612
0.618
0.614
0.612
0.622
0.619
0.627
0.631
0.63
0.635
0.643
0.65
0.654
0.654
0.651
0.648
0.644
0.637
0.632
0.631
0.627
0.624
0.622
0.625
0.63
0.626
0.618
0.623
0.614
0.609
0.606
0.599
0.599
0.591
0.591
0.593
0.59
0.585
0.585
0.588
0.595
0.614
0.63
0.638
0.658
0.675
0.686
0.679
0.672
0.665
0.654
0.641
0.639
0.641
0.643
0.653
0.661
0.666
0.667
0.674
0.683
0.675
0.667
0.656
0.646
0.636
0.636
0.634
0.63
0.625
0.622
0.619
0.618
0.617
0.619
0.631
0.629
0.636
0.647
0.644
0.641
0.641
0.634
0.62
0.604
0.6
0.592
0.585
0.582
0.58
0.583
0.591
0.604
0.629
0.656
0.675
0.697
0.711
0.715
0.731
0.736
0.735
0.728
0.713
0.708
0.701
0.69
0.677
0.666
0.657
0.654
0.651
0.643
0.638
0.628
0.624
0.617
0.613
0.611
0.607
0.603
0.6
0.601
0.609
0.613
0.618
0.633
0.639
0.632
0.627
0.628
0.625
0.62
0.624
0.626
0.64
0.643
0.649
0.659
0.671
0.676
0.675
0.674
0.677
0.693
0.688
0.679
0.671
0.681
0.679
0.677
0.679
0.69
0.695
0.695
0.697
0.697
0.688
0.708
0.706
0.7
0.695
0.699
0.698
0.693
0.688
0.681
0.68
0.682
0.675
0.674
0.681
0.687
0.691
0.694
0.693
0.7
0.699
0.701
0.708
0.704
0.702
0.707
0.699
0.704
0.708
0.699
0.7
0.695
0.703
0.7
0.702
0.698
0.706
0.707
0.713
0.717
0.724
0.729
0.731
0.728
0.721
0.723
0.713
0.7
0.696
0.684
0.669
0.666
0.659
0.657
0.652
0.667
0.67
0.669
0.656
0.681
0.669
0.664
0.661
0.665
0.66
0.659
0.666
0.664
0.653
0.648
0.648
0.641
0.639
0.633
0.633
0.628
0.625
0.622
0.613
0.613
0.604
0.603
0.606
0.609
0.613
0.622
0.627
0.643
0.649
0.658
0.661
0.661
0.664
0.653
0.649
0.642
0.637
0.633
0.644
0.645
0.647
0.652
0.653
0.658
0.667
0.67
0.671
0.679
0.681
0.691
0.699
0.69
0.678
0.668
0.656
0.651
0.646
0.641
0.643
0.651
0.652
0.67
0.688
0.702
0.699
0.694
0.675
0.688
0.686
0.668
0.661
0.655
0.644
0.633
0.623
0.618
0.617
0.613
0.609
0.613
0.61
0.618
0.622
0.628
0.654
0.672
0.695
0.707
0.717
0.71
0.703
0.701
0.68
0.655
0.646
0.634
0.625
0.62
0.61
0.611
0.608
0.609
0.603
0.601
0.603
0.607
0.607
0.615
0.615
0.625
0.63
0.632
0.636
0.644
0.649
0.647
0.652
0.663
0.666
0.673
0.672
0.669
0.662
0.653
0.642
0.634
0.625
0.62
0.619
0.617
0.619
0.624
0.629
0.641
0.639
0.627
0.628
0.626
0.62
0.623
0.626
0.627
0.619
0.623
0.628
0.64
0.644
0.642
0.646
0.644
0.652
0.649
0.639
0.636
0.639
0.643
0.639
0.637
0.632
0.624
0.618
0.62
0.625
0.619
0.619
0.609
0.603
0.607
0.612
0.614
0.625
0.635
0.653
0.684
0.708
0.725
0.726
0.738
0.743
0.735
0.72
0.703
0.694
0.692
0.682
0.678
0.667
0.666
0.665
0.66
0.674
0.689
0.69
0.687
0.692
0.703
0.704
0.707
0.697
0.681
0.688
0.676
0.673
0.672
0.674
0.68
0.68
0.677
0.684
0.685
0.689
0.701
0.708
0.704
0.702
0.707
0.709
0.697
0.702
0.701
0.696
0.689
0.691
0.696
0.687
0.677
0.675
0.678
0.669
0.668
0.667
0.66
0.66
0.665
0.675
0.683
0.693
0.69
0.687
0.687
0.703
0.707
0.7
0.681
0.673
0.67
0.658
0.645
0.641
0.633
0.641
0.651
0.657
0.663
0.69
0.693
0.694
0.686
0.684
0.676
0.678
0.672
0.669
0.653
0.65
0.647
0.655
0.647
0.654
0.662
0.666
0.674
0.673
0.674
0.676
0.676
0.674
0.666
0.666
0.664
0.654
0.647
0.647
0.643
0.636
0.632
0.635
0.643
0.644
0.647
0.646
0.651
0.647
0.632
0.625
0.621
0.625
0.62
0.619
0.628
0.638
0.639
0.646
0.645
0.655
0.655
0.656
0.652
0.652
0.649
0.647
0.656
0.648
0.639
0.64
0.645
0.645
0.648
0.654
0.656
0.669
0.682
0.686
0.693
0.693
0.699
0.696
0.687
0.687
0.694
0.683
0.677
0.677
0.677
0.683
0.686
0.675
0.675
0.676
0.672
0.666
0.671
0.671
0.668
0.661
0.655
0.651
0.644
0.645
0.642
0.647
0.654
0.659
0.664
0.672
0.678
0.671
0.673
0.669
0.658
0.654
0.643
0.643
0.65
0.647
0.641
0.629
0.62
0.612
0.609
0.6
0.594
0.601
0.615
0.625
0.625
0.64
0.655
0.659
0.664
0.668
0.667
0.67
0.669
0.682
0.693
0.701
0.705
0.694
0.692
0.696
0.676
0.671
0.676
0.671
0.665
0.662
0.654
0.646
0.637
0.625
0.617
0.606
0.596
0.587
0.587
0.585
0.595
0.611
0.633
0.644
0.644
0.635
0.635
0.637
0.653
0.662
0.679
0.686
0.686
0.691
0.681
0.672
0.661
0.645
0.638
0.639
0.644
0.65
0.658
0.663
0.666
0.665
0.669
0.665
0.655
0.657
0.659
0.658
0.66
0.655
0.666
0.664
0.663
0.656
0.658
0.663
0.661
0.659
0.666
0.667
0.666
0.664
0.664
0.669
0.666
0.666
0.669
0.673
0.678
0.666
0.661
0.67
0.661
0.653
0.646
0.644
0.646
0.652
0.654
0.653
0.658
0.652
0.651
0.642
0.641
0.644
0.638
0.637
0.643
0.645
0.653
0.666
0.669
0.671
0.664
0.657
0.658
0.661
0.647
0.636
0.641
0.646
0.645
0.656
0.664
0.666
0.665
0.67
0.669
0.675
0.666
0.664
0.66
0.666
0.669
0.678
0.68
0.678
0.672
0.669
0.674
0.673
0.671
0.665
0.659
0.648
0.642
0.64
0.633
0.63
0.64
0.641
0.642
0.64
0.648
0.657
0.664
0.675
0.679
0.69
0.701
0.694
0.695
0.678
0.666
0.656
0.659
0.649
0.633
0.63
0.628
0.627
0.634
0.645
0.654
0.659
0.659
0.666
0.671
0.673
0.673
0.67
0.661
0.666
0.664
0.673
0.675
0.674
0.68
0.684
0.667
0.656
0.647
0.633
0.623
0.61
0.601
0.595
0.589
0.581
0.577
0.571
0.573
0.578
0.581
0.581
0.591
0.605
0.623
0.645
0.672
0.703
0.706
0.708
0.713
0.73
0.733
0.719
0.701
0.682
0.658
0.648
0.647
0.641
0.634
0.628
0.628
0.625
0.625
0.623
0.616
0.622
0.617
0.617
0.613
0.61
0.61
0.608
0.601
0.604
0.6
0.6
0.606
0.609
0.617
0.613
0.615
0.622
0.621
0.628
0.629
0.635
0.626
0.652
0.671
0.676
0.682
0.687
0.684
0.67
0.668
0.666
0.666
0.666
0.667
0.662
0.648
0.648
0.652
0.65
0.654
0.659
0.651
0.652
0.646
0.633
0.638
0.654
0.661
0.675
0.681
0.695
0.695
0.698
0.699
0.702
0.685
0.679
0.67
0.668
0.657
0.657
0.648
0.638
0.63
0.626
0.617
0.613
0.609
0.611
0.619
0.625
0.631
0.644
0.668
0.684
0.694
0.69
0.681
0.687
0.679
0.673
0.67
0.669
0.665
0.677
0.675
0.678
0.675
0.689
0.704
0.7
0.696
0.678
0.666
0.661
0.643
0.633
0.629
0.631
0.629
0.635
0.626
0.63
0.626
0.62
0.619
0.625
0.629
0.638
0.651
0.67
0.684
0.677
0.681
0.69
0.686
0.691
0.677
0.666
0.667
0.669
0.671
0.67
0.665
0.667
0.672
0.672
0.666
0.664
0.666
0.666
0.666
0.658
0.646
0.636
0.633
0.627
0.614
0.606
0.598
0.592
0.587
0.586
0.589
0.6
0.614
0.636
0.671
0.68
0.686
0.681
0.695
0.689
0.695
0.688
0.681
0.673
0.677
0.674
0.674
0.669
0.68
0.693
0.695
0.685
0.675
0.667
0.656
0.651
0.641
0.63
0.625
0.62
0.611
0.597
0.591
0.585
0.58
0.58
0.581
0.582
0.588
0.588
0.592
0.593
0.602
0.603
0.621
0.613
0.613
0.606
0.607
0.607
0.613
0.624
0.629
0.642
0.661
0.672
0.678
0.683
0.689
0.676
0.68
0.678
0.666
0.655
0.64
0.629
0.613
0.628
0.62
0.616
0.614
0.612
0.612
0.615
0.611
0.609
0.604
0.606
0.604
0.61
0.617
0.619
0.616
0.615
0.611
0.602
0.602
0.596
0.59
0.593
0.593
0.595
0.598
0.609
0.601
0.603
0.624
0.647
0.665
0.681
0.668
0.664
0.659
0.651
0.634
0.632
0.618
0.61
0.598
0.588
0.581
0.577
0.573
0.567
0.564
0.567
0.568
0.581
0.587
0.595
0.609
0.63
0.646
0.658
0.664
0.685
0.701
0.697
0.69
0.692
0.682
0.665
0.65
0.644
0.652
0.645
0.647
0.637
0.626
0.622
0.624
0.619
0.624
0.625
0.641
0.665
0.679
0.672
0.693
0.695
0.711
0.715
0.719
0.708
0.708
0.683
0.671
0.669
0.664
0.658
0.661
0.66
0.665
0.679
0.678
0.667
0.663
0.665
0.666
0.655
0.651
0.649
0.658
0.659
0.658
0.664
0.677
0.685
0.682
0.686
0.676
0.683
0.678
0.672
0.666
0.667
0.651
0.64
0.635
0.637
0.634
0.651
0.642
0.641
0.634
0.654
0.664
0.652
0.638
0.629
0.621
0.612
0.606
0.615
0.622
0.635
0.65
0.668
0.676
0.692
0.686
0.679
0.689
0.692
0.679
0.673
0.661
0.653
0.649
0.643
0.635
0.63
0.623
0.613
0.611
0.612
0.62
0.628
0.639
0.653
0.669
0.666
0.675
0.686
0.686
0.674
0.686
0.684
0.669
0.658
0.656
0.644
0.632
0.625
0.62
0.616
0.604
0.599
0.6
0.608
0.614
0.624
0.642
0.653
0.661
0.665
0.676
0.685
0.686
0.684
0.687
0.678
0.672
0.673
0.659
0.649
0.632
0.625
0.618
0.604
0.6
0.6
0.598
0.596
0.593
0.588
0.587
0.602
0.606
0.625
0.641
0.666
0.672
0.682
0.69
0.678
0.674
0.679
0.666
0.661
0.654
0.654
0.654
0.649
0.652
0.648
0.64
0.631
0.625
0.614
0.607
0.605
0.598
0.601
0.609
0.619
0.627
0.63
0.649
0.67
0.68
0.688
0.683
0.682
0.681
0.672
0.667
0.656
0.656
0.651
0.645
0.643
0.632
0.625
0.62
0.611
0.601
0.594
0.589
0.584
0.579
0.583
0.583
0.579
0.576
0.571
0.567
0.572
0.583
0.609
0.633
0.658
0.679
0.682
0.685
0.684
0.681
0.676
0.668
0.66
0.657
0.669
0.664
0.664
0.665
0.662
0.653
0.639
0.635
0.63
0.623
0.629
0.633
0.64
0.647
0.659
0.67
0.684
0.692
0.691
0.69
0.688
0.693
0.671
0.648
0.647
0.63
0.618
0.614
0.614
0.614
0.618
0.623
0.638
0.645
0.648
0.664
0.671
0.675
0.675
0.671
0.685
0.665
0.664
0.656
0.65
0.638
0.626
0.619
0.615
0.61
0.608
0.614
0.608
0.615
0.628
0.64
0.657
0.668
0.677
0.679
0.666
0.657
0.649
0.641
0.623
0.611
0.601
0.594
0.591
0.584
0.58
0.573
0.577
0.583
0.594
0.615
0.641
0.664
0.671
0.678
0.69
0.707
0.698
0.686
0.686
0.69
0.692
0.689
0.679
0.666
0.656
0.645
0.634
0.627
0.616
0.61
0.611
0.614
0.625
0.636
0.65
0.664
0.668
0.679
0.675
0.673
0.681
0.685
0.677
0.671
0.672
0.667
0.663
0.66
0.695
0.709
0.699
0.699
0.691
0.693
0.685
0.682
0.69
0.693
0.714
0.73
0.75
0.756
0.744
0.734
0.729
0.709
0.697
0.694
0.687
0.684
0.661
0.638
0.632
0.624
0.622
0.627
0.636
0.637
0.648
0.646
0.65
0.642
0.645
0.638
0.636
0.626
0.628
0.639
0.659
0.673
0.694
0.715
0.727
0.74
0.751
0.752
0.736
0.719
0.703
0.678
0.663
0.654
0.655
0.651
0.651
0.651
0.659
0.673
0.676
0.674
0.676
0.679
0.673
0.668
0.668
0.668
0.673
0.676
0.667
0.668
0.657
0.648
0.633
0.627
0.628
0.624
0.613
0.614
0.624
0.624
0.627
0.619
0.628
0.629
0.63
0.626
0.623
0.629
0.635
0.641
0.648
0.644
0.65
0.655
0.655
0.652
0.647
0.643
0.635
0.62
0.611
0.605
0.599
0.59
0.584
0.585
0.598
0.617
0.626
0.626
0.647
0.663
0.659
0.647
0.638
0.622
0.614
0.605
0.597
0.601
0.611
0.629
0.654
0.692
0.719
0.734
0.757
0.76
0.767
0.759
0.754
0.757
0.755
0.748
0.726
0.708
0.694
0.678
0.66
0.645
0.631
0.619
0.608
0.602
0.604
0.603
0.6
0.613
0.625
0.627
0.654
0.673
0.694
0.694
0.709
0.705
0.701
0.697
0.696
0.689
0.674
0.667
0.663
0.657
0.652
0.644
0.642
0.668
0.697
0.7
0.7
0.681
0.67
0.667
0.666
0.665
0.667
0.667
0.662
0.656
0.651
0.654
0.654
0.653
0.639
0.635
0.638
0.641
0.65
0.653
0.657
0.659
0.651
0.644
0.637
0.624
0.615
0.604
0.594
0.596
0.595
0.595
0.608
0.61
0.612
0.614
0.606
0.618
0.627
0.649
0.668
0.679
0.691
0.682
0.683
0.671
0.67
0.664
0.663
0.652
0.667
0.672
0.669
0.672
0.67
0.666
0.671
0.677
0.678
0.674
0.68
0.688
0.691
0.687
0.696
0.699
0.688
0.677
0.666
0.659
0.654
0.636
0.633
0.628
0.626
0.641
0.654
0.668
0.684
0.697
0.692
0.704
0.708
0.714
0.708
0.695
0.689
0.68
0.675
0.664
0.652
0.644
0.639
0.644
0.649
0.651
0.651
0.668
0.673
0.677
0.677
0.673
0.67
0.671
0.674
0.666
0.663
0.647
0.639
0.633
0.631
0.626
0.62
0.622
0.624
0.623
0.62
0.621
0.617
0.613
0.616
0.615
0.612
0.61
0.62
0.635
0.648
0.684
0.707
0.713
0.725
0.715
0.703
0.692
0.688
0.672
0.657
0.647
0.641
0.634
0.633
0.636
0.647
0.659
0.666
0.67
0.659
0.658
0.665
0.665
0.67
0.68
0.697
0.704
0.715
0.728
0.735
0.73
0.708
0.696
0.681
0.664
0.658
0.656
0.663
0.666
0.665
0.664
0.665
0.653
0.653
0.645
0.639
0.631
0.623
0.615
0.605
0.6
0.595
0.594
0.597
0.599
0.598
0.607
0.622
0.629
0.644
0.643
0.645
0.659
0.666
0.671
0.661
0.658
0.669
0.655
0.648
0.637
0.639
0.635
0.631
0.625
0.631
0.616
0.625
0.61
0.608
0.611
0.608
0.61
0.607
0.609
0.61
0.61
0.61
0.605
0.605
0.603
0.598
0.593
0.591
0.584
0.579
0.575
0.575
0.575
0.577
0.583
0.582
0.582
0.586
0.589
0.592
0.586
0.592
0.596
0.606
0.599
0.596
0.598
0.59
0.586
0.583
0.567
0.577
0.573
0.562
0.57
0.578
0.593
0.609
0.632
0.663
0.691
0.707
0.704
0.725
0.723
0.722
0.734
0.726
0.723
0.725
0.706
0.703
0.699
0.689
0.676
0.675
0.674
0.683
0.68
0.683
0.691
0.699
0.708
0.708
0.705
0.714
0.707
0.694
0.704
0.706
0.691
0.683
0.646
0.638
0.62
0.616
0.609
0.593
0.593
0.591
0.583
0.587
0.583
0.583
0.584
0.581
0.589
0.586
0.592
0.599
0.598
0.601
0.604
0.603
0.6
0.602
0.604
0.604
0.609
0.613
0.612
0.621
0.614
0.613
0.617
0.613
0.613
0.624
0.626
0.625
0.621
0.622
0.629
0.622
0.615
0.612
0.604
0.596
0.599
0.597
0.599
0.594
0.592
0.59
0.585
0.581
0.578
0.58
0.581
0.578
0.58
0.58
0.58
0.581
0.584
0.587
0.581
0.58
0.575
0.569
0.562
0.568
0.562
0.568
0.575
0.594
0.615
0.589
0.602
0.61
0.617
0.621
0.617
0.619
0.622
0.624
0.615
0.61
0.603
0.598
0.597
0.596
0.595
0.588
0.59
0.591
0.595
0.592
0.59
0.592
0.595
0.594
0.591
0.593
0.59
0.58
0.584
0.579
0.577
0.577
0.574
0.576
0.58
0.584
0.586
0.583
0.585
0.582
0.574
0.571
0.576
0.57
0.578
0.583
0.577
0.58
0.583
0.59
0.602
0.603
0.606
0.615
0.61
0.609
0.607
0.597
0.588
0.584
0.581
0.573
0.569
0.568
0.565
0.564
0.567
0.579
0.583
0.574
0.579
0.583
0.58
0.584
0.582
0.581
0.584
0.578
0.582
0.586
0.59
0.599
0.609
0.623
0.635
0.646
0.651
0.658
0.662
0.656
0.652
0.646
0.637
0.625
0.619
0.615
0.611
0.604
0.598
0.607
0.615
0.612
0.611
0.614
0.621
0.622
0.625
0.624
0.629
0.635
0.634
0.639
0.648
0.653
0.652
0.645
0.635
0.629
0.631
0.635
0.628
0.621
0.615
0.614
0.61
0.609
0.61
0.622
0.625
0.631
0.635
0.655
0.656
0.669
0.676
0.68
0.674
0.679
0.673
0.673
0.669
0.664
0.66
0.665
0.658
0.656
0.648
0.64
0.632
0.629
0.635
0.633
0.631
0.63
0.622
0.625
0.621
0.607
0.61
0.609
0.611
0.614
0.606
0.601
0.597
0.595
0.604
0.606
0.605
0.606
0.612
0.625
0.631
0.651
0.659
0.663
0.681
0.685
0.69
0.684
0.69
0.69
0.687
0.697
0.699
0.693
0.69
0.687
0.68
0.687
0.679
0.675
0.676
0.692
0.69
0.692
0.696
0.701
0.698
0.693
0.691
0.686
0.673
0.669
0.667
0.664
0.665
0.667
0.666
0.673
0.672
0.671
0.662
0.651
0.645
0.645
0.649
0.651
0.644
0.645
0.628
0.618
0.604
0.594
0.593
0.585
0.579
0.58
0.587
0.587
0.595
0.593
0.612
0.627
0.633
0.649
0.671
0.685
0.677
0.668
0.654
0.637
0.625
0.617
0.603
0.6
0.592
0.595
0.593
0.587
0.596
0.591
0.596
0.6
0.605
0.614
0.627
0.634
0.636
0.657
0.647
0.65
0.665
0.667
0.66
0.666
0.672
0.667
0.66
0.66
0.664
0.66
0.646
0.646
0.649
0.646
0.656
0.649
0.664
0.676
0.681
0.68
0.693
0.697
0.686
0.674
0.671
0.672
0.66
0.645
0.652
0.644
0.637
0.633
0.642
0.643
0.635
0.631
0.642
0.645
0.639
0.641
0.646
0.636
0.625
0.631
0.625
0.63
0.622
0.615
0.615
0.603
0.598
0.589
0.596
0.593
0.582
0.583
0.593
0.596
0.603
0.591
0.59
0.593
0.595
0.599
0.592
0.591
0.591
0.587
0.585
0.601
0.603
0.606
0.608
0.605
0.6
0.594
0.591
0.586
0.579
0.571
0.568
0.572
0.563
0.564
0.568
0.568
0.57
0.57
0.565
0.571
0.57
0.568
0.567
0.564
0.574
0.581
0.583
0.586
0.593
0.595
0.601
0.599
0.599
0.596
0.593
0.593
0.59
0.592
0.6
0.595
0.596
0.599
0.596
0.6
0.603
0.599
0.594
0.595
0.587
0.585
0.582
0.577
0.572
0.571
0.57
0.567
0.571
0.575
0.579
0.581
0.584
0.591
0.594
0.593
0.601
0.605
0.612
0.612
0.613
0.605
0.607
0.618
0.609
0.607
0.605
0.6
0.599
0.603
0.6
0.595
0.598
0.593
0.595
0.593
0.584
0.583
0.586
0.58
0.582
0.579
0.577
0.58
0.581
0.583
0.593
0.601
0.61
0.621
0.617
0.622
0.625
0.624
0.624
0.626
0.631
0.63
0.625
0.611
0.609
0.599
0.593
0.587
0.58
0.579
0.578
0.575
0.577
0.578
0.576
0.579
0.579
0.58
0.578
0.583
0.583
0.589
0.59
0.589
0.583
0.583
0.582
0.577
0.571
0.562
0.559
0.559
0.552
0.547
0.541
0.543
0.54
0.535
0.535
0.533
0.536
0.541
0.552
0.565
0.59
0.609
0.632
0.658
0.669
0.665
0.672
0.659
0.643
0.651
0.657
0.655
0.67
0.671
0.667
0.674
0.67
0.665
0.674
0.667
0.668
0.674
0.676
0.662
0.661
0.656
0.651
0.648
0.651
0.646
0.632
0.624
0.621
0.614
0.604
0.603
0.612
0.608
0.61
0.607
0.618
0.623
0.629
0.629
0.642
0.651
0.643
0.64
0.626
0.625
0.613
0.612
0.613
0.62
0.623
0.633
0.64
0.666
0.673
0.674
0.689
0.684
0.673
0.658
0.644
0.629
0.622
0.607
0.604
0.601
0.612
0.624
0.633
0.638
0.638
0.645
0.647
0.646
0.639
0.63
0.627
0.625
0.624
0.627
0.637
0.656
0.672
0.678
0.682
0.699
0.695
0.686
0.677
0.676
0.667
0.656
0.649
0.651
0.645
0.637
0.64
0.639
0.637
0.642
0.648
0.662
0.66
0.664
0.674
0.671
0.664
0.666
0.663
0.659
0.66
0.659
0.648
0.631
0.62
0.614
0.627
0.632
0.635
0.647
0.669
0.677
0.684
0.705
0.706
0.704
0.696
0.694
0.676
0.667
0.666
0.654
0.649
0.646
0.638
0.637
0.645
0.647
0.646
0.646
0.654
0.662
0.658
0.657
0.661
0.657
0.648
0.63
0.616
0.612
0.612
0.621
0.624
0.64
0.657
0.655
0.65
0.645
0.648
0.647
0.643
0.658
0.671
0.678
0.692
0.719
0.719
0.709
0.707
0.694
0.679
0.672
0.647
0.639
0.63
0.613
0.608
0.601
0.6
0.592
0.595
0.592
0.586
0.595
0.593
0.598
0.594
0.603
0.606
0.611
0.614
0.623
0.613
0.607
0.608
0.606
0.61
0.615
0.611
0.607
0.612
0.617
0.622
0.61
0.619
0.621
0.625
0.616
0.625
0.631
0.634
0.643
0.647
0.65
0.644
0.632
0.628
0.615
0.616
0.611
0.599
0.601
0.603
0.597
0.589
0.594
0.594
0.596
0.596
0.593
0.594
0.591
0.585
0.592
0.587
0.59
0.581
0.583
0.581
0.592
0.59
0.594624
0.525
0.524
0.524
0.525
0.521
0.518
0.513
0.512
0.511
0.519
0.524
0.525
0.528
0.528
0.527
0.536
0.528
0.53
0.533
0.53
0.533
0.538
0.541
0.545
0.551
0.563
0.569
0.583
0.581
0.578
0.581
0.574
0.573
0.569
0.565
0.56
0.558
0.554
0.557
0.557
0.549
0.553
0.554
0.557
0.564
0.565
0.562
0.571
0.571
0.569
0.564
0.563
0.56
0.552
0.55
0.55
0.548
0.546
0.552
0.563
0.557
0.563
0.563
0.569
0.567
0.571
0.568
0.565
0.561
0.558
0.553
0.553
0.553
0.546
0.547
0.546
0.548
0.551
0.554
0.563
0.568
0.564
0.577
0.573
0.577
0.587
0.588
0.589
0.601
0.604
0.599
0.597
0.597
0.591
0.583
0.57
0.579
0.569
0.564
0.557
0.554
0.553
0.548
0.541
0.544
0.544
0.542
0.543
0.543
0.542
0.545
0.543
0.551
0.555
0.553
0.553
0.551
0.55
0.54
0.543
0.534
0.534
0.541
0.539
0.541
0.549
0.546
0.553
0.559
0.563
0.569
0.576
0.576
0.582
0.588
0.587
0.59
0.582
0.583
0.592
0.588
0.583
0.591
0.584
0.585
0.586
0.579
0.586
0.584
0.579
0.583
0.574
0.573
0.575
0.575
0.568
0.573
0.577
0.572
0.573
0.577
0.576
0.571
0.577
0.571
0.567
0.569
0.561
0.564
0.558
0.56
0.562
0.56
0.556
0.563
0.556
0.564
0.557
0.554
0.561
0.573
0.561
0.559
0.558
0.562
0.564
0.566
0.565
0.567
0.567
0.573
0.573
0.579
0.584
0.585
0.583
0.583
0.579
0.571
0.565
0.565
0.562
0.562
0.551
0.552
0.552
0.548
0.554
0.551
0.552
0.547
0.555
0.552
0.56
0.556
0.555
0.56
0.565
0.565
0.572
0.58
0.584
0.584
0.583
0.593
0.587
0.594
0.597
0.592
0.604
0.604
0.61
0.616
0.615
0.616
0.616
0.612
0.604
0.603
0.601
0.6
0.606
0.611
0.626
0.627
0.642
0.65
0.649
0.642
0.638
0.626
0.621
0.619
0.62
0.624
0.629
0.64
0.642
0.65
0.649
0.658
0.657
0.648
0.641
0.645
0.648
0.645
0.644
0.641
0.637
0.628
0.622
0.619
0.606
0.606
0.607
0.6
0.606
0.602
0.598
0.593
0.595
0.597
0.604
0.607
0.613
0.62
0.622
0.625
0.625
0.619
0.624
0.625
0.629
0.639
0.644
0.639
0.644
0.647
0.638
0.632
0.639
0.63
0.623
0.616
0.615
0.615
0.615
0.604
0.594
0.584
0.576
0.57
0.571
0.574
0.587
0.603
0.62
0.64
0.646
0.654
0.65
0.662
0.649
0.647
0.648
0.646
0.652
0.654
0.653
0.656
0.655
0.663
0.663
0.659
0.659
0.66
0.661
0.659
0.663
0.669
0.682
0.681
0.686
0.686
0.665
0.663
0.65
0.644
0.642
0.648
0.657
0.662
0.666
0.684
0.682
0.687
0.69
0.672
0.663
0.662
0.655
0.646
0.641
0.636
0.631
0.631
0.627
0.622
0.619
0.613
0.617
0.622
0.633
0.655
0.666
0.678
0.688
0.692
0.689
0.684
0.68
0.681
0.679
0.691
0.683
0.681
0.662
0.646
0.631
0.618
0.61
0.609
0.608
0.609
0.603
0.607
0.607
0.622
0.627
0.635
0.638
0.652
0.651
0.651
0.653
0.661
0.655
0.664
0.662
0.649
0.635
0.629
0.617
0.603
0.594
0.609
0.615
0.611
0.614
0.612
0.616
0.617
0.615
0.612
0.612
0.62
0.634
0.662
0.687
0.7
0.7
0.695
0.69
0.683
0.68
0.683
0.685
0.679
0.663
0.656
0.649
0.644
0.642
0.648
0.658
0.661
0.659
0.661
0.655
0.646
0.636
0.631
0.63
0.625
0.616
0.611
0.606
0.616
0.629
0.639
0.651
0.657
0.657
0.653
0.648
0.65
0.654
0.65
0.65
0.659
0.655
0.653
0.658
0.66
0.663
0.653
0.645
0.653
0.64
0.634
0.625
0.621
0.616
0.611
0.6
0.595
0.589
0.591
0.595
0.6
0.6
0.611
0.615
0.625
0.649
0.661
0.665
0.67
0.691
0.688
0.688
0.684
0.671
0.665
0.665
0.665
0.665
0.652
0.657
0.661
0.653
0.646
0.64
0.633
0.633
0.626
0.631
0.639
0.636
0.637
0.653
0.663
0.666
0.663
0.653
0.651
0.656
0.654
0.647
0.64
0.639
0.631
0.64
0.646
0.647
0.665
0.689
0.691
0.694
0.708
0.717
0.717
0.714
0.709
0.705
0.715
0.706
0.698
0.693
0.694
0.694
0.683
0.666
0.65
0.645
0.639
0.64
0.645
0.645
0.647
0.644
0.648
0.659
0.66
0.655
0.654
0.655
0.651
0.651
0.646
0.642
0.646
0.645
0.66
0.669
0.677
0.667
0.666
0.657
0.643
0.633
0.625
0.619
0.62
0.62
0.618
0.619
0.625
0.63
0.627
0.63
0.627
0.64
0.642
0.636
0.638
0.635
0.641
0.648
0.656
0.655
0.651
0.642
0.646
0.642
0.639
0.631
0.633
0.627
0.625
0.625
0.63
0.636
0.636
0.645
0.647
0.646
0.651
0.656
0.656
0.651
0.653
0.657
0.639
0.635
0.631
0.629
0.622
0.612
0.606
0.62
0.627
0.639
0.644
0.656
0.655
0.656
0.651
0.651
0.645
0.665
0.673
0.679
0.673
0.68
0.687
0.685
0.681
0.696
0.693
0.697
0.665
0.652
0.641
0.635
0.629
0.631
0.651
0.68
0.714
0.725
0.747
0.751
0.741
0.726
0.721
0.717
0.72
0.72
0.709
0.695
0.684
0.675
0.667
0.658
0.661
0.659
0.668
0.673
0.683
0.711
0.723
0.731
0.731
0.728
0.72
0.722
0.708
0.706
0.704
0.697
0.688
0.682
0.67
0.676
0.665
0.653
0.644
0.644
0.638
0.63
0.624
0.62
0.615
0.62
0.629
0.631
0.651
0.673
0.686
0.687
0.692
0.694
0.701
0.7
0.696
0.688
0.681
0.684
0.678
0.663
0.656
0.669
0.667
0.668
0.67
0.668
0.666
0.658
0.645
0.643
0.634
0.638
0.637
0.644
0.646
0.645
0.656
0.658
0.66
0.669
0.686
0.705
0.708
0.713
0.711
0.701
0.7
0.692
0.69
0.685
0.68
0.673
0.674
0.679
0.67
0.656
0.641
0.642
0.632
0.645
0.636
0.623
0.627
0.619
0.615
0.617
0.608
0.61
0.624
0.627
0.642
0.648
0.659
0.674
0.691
0.696
0.696
0.69
0.69
0.68
0.662
0.651
0.647
0.641
0.637
0.625
0.616
0.613
0.613
0.618
0.618
0.639
0.642
0.646
0.64
0.65
0.649
0.642
0.638
0.636
0.641
0.638
0.638
0.648
0.648
0.648
0.648
0.644
0.65
0.651
0.652
0.651
0.645
0.652
0.67
0.672
0.67
0.665
0.68
0.687
0.682
0.674
0.672
0.678
0.673
0.662
0.677
0.673
0.665
0.657
0.661
0.658
0.653
0.647
0.643
0.656
0.663
0.665
0.666
0.668
0.674
0.678
0.679
0.67
0.666
0.662
0.648
0.645
0.638
0.638
0.641
0.642
0.651
0.654
0.659
0.679
0.681
0.678
0.67
0.666
0.658
0.651
0.642
0.636
0.629
0.629
0.622
0.629
0.631
0.628
0.632
0.655
0.662
0.652
0.653
0.659
0.655
0.648
0.642
0.633
0.623
0.619
0.617
0.623
0.626
0.635
0.634
0.64
0.641
0.64
0.63
0.626
0.623
0.623
0.631
0.631
0.634
0.646
0.649
0.652
0.647
0.647
0.644
0.638
0.636
0.638
0.635
0.628
0.628
0.625
0.62
0.614
0.617
0.623
0.619
0.615
0.61
0.606
0.601
0.597
0.594
0.595
0.596
0.597
0.597
0.601
0.597
0.602
0.599
0.594
0.595
0.592
0.594
0.599
0.6
0.602
0.614
0.627
0.645
0.636
0.64
0.64
0.635
0.632
0.625
0.622
0.624
0.619
0.615
0.61
0.608
0.606
0.611
0.608
0.605
0.603
0.597
0.595
0.595
0.601
0.611
0.607
0.608
0.623
0.631
0.631
0.627
0.618
0.618
0.613
0.614
0.631
0.639
0.643
0.646
0.65
0.655
0.653
0.651
0.653
0.649
0.649
0.646
0.635
0.628
0.619
0.632
0.664
0.666
0.674
0.689
0.695
0.695
0.683
0.673
0.659
0.651
0.638
0.631
0.629
0.641
0.658
0.679
0.678
0.665
0.663
0.661
0.662
0.662
0.669
0.661
0.68
0.694
0.693
0.688
0.678
0.669
0.665
0.655
0.642
0.639
0.634
0.628
0.621
0.617
0.611
0.608
0.606
0.607
0.604
0.602
0.6
0.601
0.599
0.602
0.598
0.599
0.599
0.605
0.62
0.626
0.637
0.645
0.647
0.646
0.639
0.644
0.644
0.641
0.637
0.631
0.627
0.62
0.617
0.622
0.617
0.61
0.609
0.603
0.598
0.592
0.587
0.582
0.582
0.59
0.59
0.606
0.609
0.614
0.616
0.629
0.638
0.645
0.638
0.631
0.625
0.617
0.609
0.603
0.604
0.604
0.625
0.641
0.645
0.642
0.648
0.643
0.642
0.639
0.632
0.631
0.626
0.635
0.647
0.651
0.661
0.673
0.685
0.681
0.694
0.701
0.706
0.718
0.724
0.733
0.758
0.754
0.759
0.75
0.754
0.756
0.747
0.73
0.75
0.751
0.751
0.741
0.74
0.745
0.749
0.733
0.729
0.725
0.732
0.73
0.716
0.726
0.732
0.736
0.717
0.719
0.715
0.71
0.727
0.712
0.704
0.696
0.692
0.687
0.673
0.672
0.672
0.676
0.675
0.679
0.674
0.686
0.678
0.67
0.662
0.654
0.65
0.659
0.652
0.648
0.644
0.645
0.646
0.648
0.653
0.651
0.645
0.643
0.643
0.643
0.641
0.641
0.651
0.65
0.649
0.643
0.637
0.625
0.62
0.628
0.642
0.653
0.653
0.661
0.668
0.668
0.662
0.659
0.658
0.673
0.678
0.685
0.682
0.679
0.673
0.666
0.649
0.641
0.629
0.62
0.616
0.612
0.619
0.615
0.616
0.628
0.644
0.664
0.685
0.697
0.699
0.703
0.703
0.708
0.73
0.735
0.742
0.75
0.75
0.755
0.776
0.775
0.755
0.734
0.719
0.716
0.704
0.695
0.692
0.702
0.69
0.683
0.677
0.672
0.663
0.652
0.649
0.668
0.655
0.647
0.641
0.634
0.63
0.636
0.643
0.647
0.642
0.637
0.632
0.629
0.639
0.642
0.653
0.659
0.683
0.701
0.721
0.735
0.748
0.754
0.761
0.748
0.752
0.744
0.732
0.709
0.708
0.708
0.704
0.71
0.705
0.7
0.708
0.713
0.718
0.71
0.718
0.714
0.717
0.702
0.692
0.703
0.685
0.672
0.67
0.665
0.665
0.659
0.665
0.683
0.676
0.659
0.652
0.647
0.646
0.647
0.665
0.679
0.692
0.69
0.7
0.697
0.694
0.687
0.682
0.687
0.685
0.683
0.68
0.677
0.671
0.668
0.664
0.666
0.66
0.652
0.652
0.653
0.655
0.658
0.664
0.662
0.667
0.675
0.677
0.666
0.664
0.661
0.654
0.651
0.649
0.649
0.655
0.655
0.652
0.65
0.643
0.63
0.625
0.612
0.608
0.607
0.598
0.602
0.612
0.613
0.621
0.628
0.648
0.663
0.675
0.705
0.709
0.721
0.723
0.723
0.725
0.718
0.708
0.694
0.676
0.672
0.673
0.683
0.694
0.705
0.709
0.716
0.707
0.702
0.694
0.684
0.678
0.666
0.652
0.646
0.639
0.633
0.627
0.63
0.63
0.638
0.636
0.633
0.632
0.633
0.635
0.645
0.653
0.658
0.657
0.657
0.682
0.675
0.666
0.654
0.64
0.632
0.633
0.625
0.629
0.632
0.646
0.652
0.666
0.684
0.7
0.71
0.713
0.719
0.71
0.724
0.714
0.708
0.693
0.68
0.674
0.666
0.659
0.649
0.653
0.658
0.665
0.666
0.684
0.697
0.71
0.707
0.708
0.701
0.701
0.686
0.683
0.688
0.695
0.694
0.693
0.682
0.67
0.666
0.675
0.671
0.666
0.662
0.657
0.651
0.661
0.664
0.667
0.668
0.664
0.649
0.639
0.632
0.632
0.625
0.622
0.615
0.616
0.618
0.619
0.625
0.634
0.645
0.659
0.669
0.662
0.654
0.646
0.641
0.64
0.645
0.644
0.657
0.659
0.665
0.654
0.655
0.654
0.658
0.661
0.657
0.648
0.654
0.652
0.658
0.646
0.642
0.654
0.673
0.695
0.713
0.728
0.733
0.746
0.751
0.734
0.73
0.736
0.747
0.747
0.747
0.749
0.748
0.744
0.725
0.721
0.698
0.684
0.679
0.663
0.653
0.657
0.666
0.658
0.661
0.663
0.67
0.679
0.676
0.681
0.692
0.691
0.698
0.695
0.692
0.695
0.693
0.698
0.694
0.68
0.665
0.662
0.666
0.648
0.65
0.648
0.662
0.671
0.679
0.7
0.718
0.744
0.759
0.774
0.774
0.767
0.756
0.734
0.739
0.729
0.72
0.719
0.717
0.721
0.723
0.717
0.707
0.712
0.705
0.685
0.668
0.661
0.655
0.644
0.64
0.65
0.654
0.655
0.654
0.668
0.691
0.695
0.698
0.691
0.696
0.692
0.69
0.675
0.662
0.647
0.631
0.626
0.628
0.626
0.632
0.633
0.651
0.673
0.681
0.677
0.681
0.669
0.66
0.657
0.656
0.653
0.656
0.662
0.664
0.667
0.67
0.665
0.663
0.655
0.637
0.633
0.629
0.627
0.626
0.645
0.655
0.683
0.708
0.725
0.748
0.75
0.742
0.745
0.725
0.715
0.712
0.705
0.707
0.706
0.699
0.688
0.676
0.666
0.658
0.657
0.659
0.655
0.655
0.655
0.652
0.649
0.652
0.658
0.662
0.665
0.679
0.676
0.675
0.664
0.654
0.64
0.638
0.63
0.624
0.623
0.613
0.61
0.597
0.592
0.585
0.587
0.578
0.579
0.578
0.596
0.604
0.62
0.638
0.654
0.662
0.686
0.684
0.693
0.688
0.684
0.664
0.651
0.637
0.62
0.613
0.604
0.598
0.602
0.594
0.596
0.612
0.629
0.641
0.65
0.661
0.64
0.642
0.655
0.678
0.688
0.705
0.708
0.696
0.682
0.669
0.655
0.635
0.628
0.617
0.613
0.611
0.623
0.619
0.642
0.657
0.674
0.679
0.701
0.72
0.731
0.703
0.695
0.68
0.67
0.665
0.665
0.671
0.666
0.677
0.677
0.675
0.663
0.656
0.647
0.637
0.635
0.638
0.619
0.608
0.617
0.611
0.614
0.615
0.622
0.625
0.63
0.641
0.662
0.682
0.702
0.708
0.729
0.724
0.714
0.706
0.708
0.71
0.719
0.723
0.719
0.712
0.708
0.702
0.691
0.712
0.724
0.716
0.731
0.743
0.725
0.707
0.721
0.724
0.708
0.709
0.704
0.675
0.661
0.665
0.667
0.676
0.701
0.701
0.719
0.742
0.76
0.771
0.757
0.756
0.787
0.791
0.757
0.734
0.722
0.722
0.71
0.699
0.678
0.674
0.675
0.674
0.671
0.667
0.661
0.664
0.66
0.674
0.695
0.699
0.711
0.728
0.716
0.696
0.692
0.691
0.677
0.666
0.652
0.648
0.668
0.651
0.652
0.668
0.672
0.678
0.68
0.689
0.721
0.738
0.736
0.751
0.745
0.739
0.732
0.719
0.728
0.718
0.721
0.723
0.728
0.714
0.704
0.697
0.696
0.666
0.659
0.652
0.648
0.647
0.645
0.652
0.639
0.638
0.627
0.619
0.617
0.626
0.647
0.654
0.661
0.669
0.676
0.682
0.69
0.679
0.68
0.678
0.678
0.678
0.681
0.673
0.669
0.668
0.653
0.641
0.631
0.61
0.606
0.597
0.592
0.598
0.612
0.623
0.653
0.695
0.714
0.735
0.729
0.72
0.725
0.743
0.761
0.757
0.763
0.765
0.774
0.77
0.756
0.748
0.74
0.725
0.715
0.695
0.686
0.683
0.666
0.653
0.644
0.644
0.636
0.63
0.632
0.642
0.636
0.632
0.644
0.655
0.67
0.684
0.674
0.664
0.662
0.656
0.654
0.665
0.675
0.687
0.711
0.728
0.749
0.753
0.754
0.746
0.738
0.715
0.699
0.689
0.681
0.677
0.689
0.7
0.705
0.696
0.7
0.698
0.687
0.678
0.665
0.66
0.665
0.675
0.684
0.692
0.708
0.719
0.725
0.711
0.71
0.708
0.703
0.704
0.702
0.715
0.711
0.717
0.718
0.713
0.714
0.708
0.715
0.704
0.701
0.696
0.711
0.724
0.726
0.728
0.733
0.734
0.732
0.723
0.716
0.713
0.708
0.702
0.697
0.692
0.689
0.679
0.694
0.703
0.708
0.723
0.727
0.733
0.73
0.725
0.711
0.704
0.698
0.697
0.686
0.691
0.688
0.689
0.693
0.691
0.689
0.692
0.694
0.693
0.689
0.686
0.689
0.693
0.694
0.685
0.683
0.68
0.678
0.664
0.664
0.659
0.661
0.672
0.667
0.675
0.668
0.664
0.663
0.656
0.643
0.636
0.63
0.622
0.606
0.606
0.595
0.592
0.582
0.583
0.587
0.597
0.608
0.626
0.631
0.65
0.661
0.67
0.702
0.695
0.686
0.69
0.687
0.678
0.674
0.664
0.666
0.667
0.663
0.673
0.677
0.668
0.662
0.658
0.654
0.645
0.635
0.623
0.621
0.61
0.603
0.6
0.602
0.604
0.61
0.621
0.624
0.627
0.645
0.652
0.663
0.669
0.671
0.673
0.668
0.67
0.661
0.667
0.657
0.651
0.641
0.63
0.7621245
0.724
0.592
0.59
0.584
0.581
0.584
0.593
0.61
0.6
0.628
0.642
0.654
0.658
0.661
0.639
0.636
0.626
0.618
0.618
0.621
0.639
0.639
0.659
0.664
0.68
0.674
0.676
0.714
0.772
0.788
0.787
0.786
0.774
0.757
0.755
0.755
0.748
0.741
0.736
0.731
0.742
0.738
0.738
0.736
0.724
0.708
0.701
0.68
0.683
0.697
0.691
0.7
0.704
0.711
0.718
0.71
0.696
0.7
0.7
0.695
0.71
0.719
0.711
0.724
0.734
0.732
0.736
0.729
0.721
0.705
0.681
0.67
0.656
0.658
0.647
0.652
0.64
0.649
0.658
0.664
0.681
0.701
0.697
0.717
0.739
0.755
0.754
0.748
0.761
0.734
0.707
0.688
0.676
0.666
0.658
0.65
0.661
0.655
0.647
0.581
0.711
0.64
0.631
0.631
0.631
0.635
0.623
0.619
0.609
0.604
0.602
0.605
0.61
0.632
0.651
0.676
0.665
0.686
0.746
0.752
0.752
0.741
0.761
0.75
0.747
0.73
0.713
0.706
0.696
0.697
0.686
0.681
0.683
0.683
0.695
0.695
0.705
0.702
0.712
0.72
0.727
0.726
0.704
0.692
0.69
0.689
0.684
0.681
0.678
0.674
0.68
0.698
0.718
0.732
0.754
0.756
0.756
0.748
0.745
0.738
0.733
0.719
0.706
0.7
0.691
0.692
0.688
0.692
0.692
0.699
0.72
0.709
0.72
0.734
0.727
0.714
0.707
0.709
0.71
0.709
0.718
0.725
0.714
0.727
0.73
0.736
0.729
0.727
0.739
0.728
0.709
0.698
0.708
0.703
0.682
0.666
0.65
0.636
0.625
0.619
0.616
0.607
0.614
0.626
0.63
0.645
0.653
0.657
0.662
0.666
0.678
0.694
0.703
0.732
0.752
0.761
0.751
0.753
0.751
0.755
0.734
0.724
0.705
0.698
0.679
0.67
0.666
0.662
0.66
0.681
0.693
0.698
0.704
0.723
0.72
0.706
0.678
0.677
0.683
0.69
0.691
0.691
0.693
0.689
0.687
0.682
0.689
0.681
0.685
0.687
0.672
0.672
0.666
0.677
0.688
0.697
0.693
0.699
0.705
0.712
0.703
0.708
0.713
0.717
0.71
0.708
0.709
0.713
0.715
0.717
0.717
0.723
0.732
0.725
0.714
0.71
0.699
0.692
0.677
0.679
0.692
0.69
0.698
0.723
0.728
0.728
0.714
0.706
0.713
0.707
0.691
0.668
0.644
0.649
0.632
0.628
0.623
0.624
0.626
0.659
0.687
0.712
0.728
0.745
0.75
0.756
0.74
0.725
0.719
0.711
0.703
0.705
0.701
0.692
0.694
0.685
0.686
0.694
0.701
0.701
0.686
0.683
0.691
0.7
0.694
0.691
0.709
0.716
0.705
0.697
0.703
0.702
0.699
0.689
0.691
0.691
0.692
0.68
0.685
0.683
0.666
0.655
0.647
0.643
0.634
0.627
0.642
0.667
0.678
0.696
0.734
0.743
0.749
0.763
0.76
0.76
0.744
0.732
0.727
0.724
0.708
0.71
0.708
0.703
0.686
0.672
0.664
0.662
0.663
0.69
0.722
0.759
0.791
0.779
0.796
0.6632052
0.798
0.784
0.798
0.778
0.745
0.679
0.68
0.656
0.627
0.624
0.6
0.601
0.595
0.589
0.59
0.59
0.586
0.592
0.594
0.588
0.6
0.598
0.602
0.601
0.604
0.598
0.597
0.596
0.604
0.614
0.617
0.618
0.625
0.626
0.622
0.612
0.602
0.618
0.621
0.626
0.626
0.634
0.648
0.669
0.654
0.661
0.666
0.654
0.648
0.648
0.629
0.622
0.61
0.596
0.592
0.583
0.578
0.577
0.57
0.562
0.561
0.564
0.553
0.549
0.547
0.544
0.544
0.54
0.546
0.54
0.54
0.544
0.545
0.549
0.559
0.556
0.559
0.567
0.577
0.586
0.595
0.606
0.624
0.612
0.62
0.629
0.628
0.629
0.627
0.627
0.623
0.611
0.607
0.606
0.615
0.619
0.623
0.627
0.644
0.656
0.674
0.676
0.703
0.714
0.709
0.708
0.716
0.707
0.701
0.704
0.704
0.703
0.69
0.685
0.673
0.659
0.661
0.659
0.663
0.658
0.655
0.666
0.67
0.665
0.669
0.681
0.678
0.683
0.69
0.699
0.701
0.702
0.715
0.718
0.708
0.724
0.719
0.709
0.696
0.674
0.662
0.66
0.649
0.66
0.664
0.664
0.67
0.665
0.678
0.685
0.685
0.705
0.704
0.704
0.715
0.729
0.726
0.731
0.753
0.745
0.731
0.743
0.736
0.72
0.729
0.736
0.724
0.728
0.729
0.721
0.739
0.74
0.717
0.718
0.712
0.706
0.697
0.687
0.687
0.7
0.707
0.72
0.723
0.741
0.743
0.735
0.744
0.755
0.741
0.758
0.798
0.6556453
0.773
0.789
0.783
0.765
0.764
0.771
0.758
0.736
0.737
0.738
0.727
0.7
0.689
0.692
0.7
0.698
0.69
0.68
0.667
0.652
0.631
0.616
0.609
0.591
0.582
0.578
0.571
0.568
0.569
0.576
0.583
0.588
0.597
0.601
0.614
0.623
0.632
0.648
0.672
0.673
0.678
0.661
0.65
0.636
0.625
0.614
0.605
0.601
0.593
0.59
0.584
0.578
0.573
0.566
0.565
0.567
0.576
0.573
0.581
0.582
0.578
0.577
0.574
0.575
0.575
0.573
0.57
0.564
0.558
0.557
0.551
0.551
0.543
0.541
0.544
0.548
0.554
0.568
0.58
0.587
0.582
0.586
0.593
0.597
0.598
0.596
0.592
0.594
0.593
0.592
0.583
0.577
0.577
0.574
0.572
0.568
0.565
0.567
0.575
0.583
0.583
0.595
0.601
0.61
0.62
0.645
0.656
0.664
0.66
0.661
0.657
0.646
0.641
0.622
0.609
0.592
0.583
0.576
0.569
0.564
0.562
0.565
0.573
0.583
0.603
0.598
0.602
0.61
0.603
0.602
0.603
0.606
0.605
0.593
0.591
0.584
0.582
0.579
0.579
0.577
0.578
0.583
0.579
0.581
0.587
0.586
0.603
0.614
0.606
0.624
0.628
0.631
0.641
0.639
0.64
0.631
0.624
0.621
0.609
0.604
0.605
0.603
0.597
0.602
0.606
0.607
0.617
0.619
0.638
0.643
0.644
0.645
0.638
0.629
0.625
0.619
0.61
0.605
0.608
0.607
0.609
0.62
0.625
0.63
0.629
0.628
0.621
0.615
0.609
0.602
0.602
0.606
0.608
0.606
0.614
0.614
0.639
0.655
0.669
0.674
0.698
0.7
0.701
0.701
0.693
0.674
0.671
0.672
0.673
0.684
0.672
0.677
0.682
0.689
0.7
0.705
0.711
0.723
0.727
0.722
0.723
0.734
0.719
0.713
0.708
0.687
0.666
0.64
0.633
0.643
0.659
0.669
0.673
0.691
0.699
0.689
0.683
0.695
0.694
0.686
0.681
0.694
0.694
0.71
0.724
0.729
0.709
0.699
0.682
0.66
0.648
0.632
0.623
0.62
0.604
0.594
0.584
0.583
0.583
0.587
0.592
0.59
0.59
0.591
0.589
0.584
0.583
0.578
0.57
0.574
0.574
0.568
0.575
0.581
0.581
0.581
0.589
0.591
0.583
0.589
0.582
0.588
0.594
0.595
0.594
0.595
0.601
0.598
0.595
0.591
0.587
0.586
0.582
0.587
0.583
0.576
0.578
0.578
0.572
0.567
0.568
0.561
0.557
0.553
0.55
0.544
0.554
0.555
0.556
0.554
0.559
0.567
0.575
0.58
0.589
0.61
0.607
0.625
0.638
0.651
0.653
0.663
0.66
0.659
0.646
0.646
0.639
0.634
0.636
0.627
0.628
0.622
0.622
0.615
0.611
0.604
0.592
0.577
0.593
0.582
0.568
0.552
0.549
0.551
0.54
0.536
0.535
0.527
0.529
0.524
0.523
0.523
0.523
0.522
0.521
0.524
0.522
0.529
0.529
0.523
0.521
0.522
0.524
0.532
0.526
0.532
0.539
0.54
0.546
0.552
0.56
0.562
0.573
0.578
0.576
0.58
0.583
0.582
0.586
0.597
0.606
0.619
0.626
0.626
0.639
0.649
0.64
0.638
0.63
0.627
0.626
0.616
0.61
0.615
0.616
0.612
0.604
0.601
0.608
0.606
0.609
0.625
0.626
0.632
0.643
0.648
0.654
0.659
0.661
0.657
0.643
0.639
0.627
0.621
0.605
0.597
0.589
0.59
0.598
0.598
0.594
0.6
0.611
0.622
0.622
0.614
0.62
0.621
0.624
0.616
0.616
0.622
0.631
0.639
0.649
0.659
0.666
0.68
0.675
0.677
0.69
0.696
0.707
0.687
0.702
0.705
0.706
0.712
0.706
0.708
0.7
0.689
0.697
0.694
0.703
0.726
0.708
0.696
0.666
0.656
0.643
0.629
0.634
0.638
0.637
0.644
0.657
0.66
0.666
0.677
0.69
0.68
0.678
0.675
0.666
0.656
0.633
0.633
0.645
0.659
0.685
0.681
0.696
0.715
0.735
0.726
0.722
0.72
0.731
0.739
0.719
0.727
0.748
0.743
0.74
0.758
0.771
0.774
0.744
0.745
0.764
0.762
0.74
0.738
0.762
0.776
0.74
0.721
0.735
0.734
0.721
0.727
0.75
0.739
0.727
0.734
0.746
0.74
0.721
0.714
0.719
0.732
0.709
0.716
0.728
0.714
0.704
0.708
0.719
0.723
0.713
0.711
0.718
0.705
0.697
0.7
0.716
0.726
0.71
0.708
0.716
0.733
0.724
0.724
0.734
0.749
0.749
0.732
0.734
0.747
0.721
0.714
0.717
0.722
0.723
0.706
0.708
0.72
0.714
0.705
0.704
0.718
0.722
0.713
0.718
0.73
0.718
0.708
0.703
0.717
0.716
0.708
0.704
0.724
0.735
0.713
0.723
0.722
0.712
0.703
0.683
0.674
0.706
0.708
0.685
0.667
0.651
0.634
0.623
0.627
0.633
0.64
0.655
0.686
0.707
0.731
0.738
0.731
0.738
0.741
0.742
0.743
0.732
0.74
0.735
0.727
0.743
0.759
0.759
0.768
0.754
0.764
0.768
0.776
0.771
0.747
0.738
0.742
0.732
0.722
0.715
0.711
0.71
0.7
0.698
0.706
0.711
0.709
0.711
0.724
0.733
0.73
0.721
0.719
0.726
0.727
0.726
0.719
0.727
0.732
0.717
0.695
0.695
0.692
0.683
0.672
0.666
0.669
0.674
0.678
0.677
0.681
0.692
0.693
0.694
0.685
0.679
0.687
0.685
0.675
0.681
0.692
0.705
0.719
0.718
0.727
0.748
0.744
0.742
0.735
0.733
0.739
0.733
0.718
0.71
0.715
0.709
0.698
0.696
0.693
0.696
0.695
0.686
0.689
0.694
0.703
0.693
0.697
0.692
0.686
0.678
0.67
0.668
0.67
0.668
0.662
0.686
0.691
0.696
0.698
0.71
0.716
0.71
0.708
0.714
0.717
0.716
0.708
0.699
0.708
0.708
0.687
0.678
0.681
0.685
0.67
0.667
0.669
0.677
0.677
0.672
0.676
0.682
0.689
0.691
0.682
0.686
0.69
0.693
0.681
0.682
0.697
0.698
0.701
0.691
0.692
0.702
0.696
0.688
0.679
0.677
0.666
0.656
0.649
0.646
0.65
0.653
0.655
0.651
0.664
0.666
0.668
0.663
0.661
0.67
0.67
0.665
0.667
0.681
0.681
0.68
0.678
0.688
0.685
0.678
0.673
0.671
0.663
0.647
0.638
0.627
0.636
0.662
0.651
0.637
0.631
0.621
0.615
0.624
0.634
0.644
0.657
0.667
0.681
0.717
0.712
0.711
0.702
0.702
0.715
0.722
0.73
0.733
0.731
0.719
0.722
0.724
0.711
0.706
0.701
0.701
0.692
0.69
0.689
0.689
0.688
0.69
0.682
0.684
0.674
0.678
0.673
0.675
0.678
0.674
0.667
0.66
0.657
0.648
0.645
0.651
0.645
0.647
0.643
0.638
0.638
0.637
0.629
0.629
0.633
0.643
0.642
0.648
0.649
0.665
0.671
0.68
0.675
0.686
0.7
0.705
0.708
0.713
0.718
0.73
0.737
0.736
0.729
0.734
0.743
0.742
0.734
0.725
0.732
0.736
0.736
0.722
0.713
0.712
0.697
0.688
0.681
0.686
0.688
0.673
0.671
0.679
0.679
0.675
0.671
0.674
0.679
0.675
0.676
0.671
0.679
0.68
0.683
0.681
0.69
0.685
0.673
0.67
0.664
0.662
0.652
0.644
0.642
0.648
0.645
0.658
0.664
0.675
0.691
0.694
0.686
0.684
0.694
0.698
0.692
0.687
0.684
0.685
0.677
0.674
0.678
0.68
0.679
0.68
0.688
0.7
0.704
0.691
0.672
0.662
0.682
0.689
0.686
0.686
0.679
0.684
0.689
0.697
0.689
0.697
0.696
0.702
0.704
0.697
0.7
0.703
0.703
0.707
0.698
0.706
0.72
0.723
0.724
0.722
0.693
0.673
0.64
0.64
0.616
0.6
0.607
0.599
0.606
0.605
0.607
0.616
0.625
0.625
0.63
0.626
0.622
0.619
0.612
0.611
0.592
0.584
0.583
0.576
0.571
0.565
0.571
0.575
0.579
0.582
0.583
0.594
0.587
0.581
0.585
0.578
0.581
0.579
0.575
0.574
0.574
0.581
0.577
0.583
0.582
0.598
0.594
0.596
0.59
0.596
0.593
0.591
0.588
0.59
0.588
0.589
0.589
0.59
0.596
0.594
0.6
0.592
0.599
0.599
0.602
0.597
0.596
0.593
0.593
0.587
0.583
0.584
0.589
0.581
0.574
0.572
0.566
0.571
0.565
0.569
0.562
0.563
0.56
0.567
0.557
0.565
0.562
0.562
0.559
0.564
0.561
0.567
0.562
0.571
0.567
0.57
0.567
0.572
0.564
0.572
0.567
0.565
0.559
0.56
0.561
0.555
0.557
0.556
0.55
0.554
0.545
0.544
0.543
0.545
0.539
0.541
0.541
0.542
0.539
0.541
0.534
0.536
0.534
0.532
0.53
0.531
0.533
0.529
0.536
0.532
0.534
0.533
0.538
0.532
0.535
0.534
0.536
0.529
0.536
0.532
0.533
0.536
0.536
0.536
0.535
0.539
0.535
0.54
0.539
0.541
0.539
0.543
0.536
0.536
0.534
0.53
0.527
0.529
0.529
0.524
0.525
0.519
0.528
0.518
0.52
0.519
0.519
0.512
0.515
0.516
0.511
0.518
0.514
0.52
0.516
0.522
0.514
0.524
0.515
0.518
0.52
0.52
0.514
0.516
0.516
0.515
0.518
0.517
0.518
0.515
0.52
0.513
0.522
0.516
0.516
0.514
0.514
0.509
0.508
0.507
0.509
0.51
0.506
0.516
0.509
0.514
0.513
0.51
0.506
0.508
0.509
0.505
0.505
0.5
0.508
0.502
0.503
0.501
0.502
0.502
0.503
0.51
0.503
0.505
0.508
0.509
0.502
0.501
0.501
0.5
0.5
0.497
0.508
0.501
0.5
0.503
0.503
0.498
0.499
0.497
0.494
0.499
0.498
0.502
0.504
0.505
0.5
0.505
0.505
0.509
0.508
0.508
0.513
0.513
0.511
0.508
0.511
0.517
0.522
0.516
0.51
0.511
0.515
0.518
0.515
0.516
0.519
0.527
0.527
0.529
0.538
0.542
0.544
0.555
0.557
0.555
0.55
0.557
0.558
0.551
0.548
0.553
0.552
0.551
0.552
0.557
0.564
0.566
0.564
0.572
0.576
0.577
0.576
0.585
0.589
0.584
0.583
0.593
0.596
0.597
0.591
0.603
0.605
0.604
0.592
0.584
0.578
0.574
0.562
0.558
0.556
0.555
0.55
0.552
0.56
0.561
0.555
0.562
0.572
0.567
0.563
0.574
0.581
0.582
0.579
0.595
0.593
0.594
0.594
0.608
0.616
0.604
0.617
0.617
0.606
0.599
0.609
0.601
0.586
0.582
0.597
0.583
0.57
0.564
0.556
0.548
0.544
0.54
0.541
0.553
0.562
0.574
0.58
0.585
0.588
0.61
0.627
0.642
0.646
0.636
0.636
0.655
0.661
0.658
0.647
0.649
0.653
0.632
0.631
0.627
0.626
0.617
0.612
0.609
0.626
0.636
0.664
0.678
0.674
0.672
0.657
0.665
0.679
0.696
0.712
0.692
0.692
0.683
0.673
0.7
0.701
0.71
0.706
0.69
0.697
0.692
0.685
0.705
0.708
0.696
0.698
0.72
0.719
0.718
0.708
0.724
0.721
0.701
0.683
0.673
0.674
0.665
0.653
0.649
0.661
0.655
0.646
0.652
0.658
0.652
0.643
0.654
0.669
0.677
0.665
0.68
0.681
0.672
0.658
0.656
0.658
0.649
0.64
0.642
0.656
0.665
0.661
0.664
0.672
0.674
0.67
0.682
0.686
0.674
0.684
0.694
0.682
0.671
0.683
0.703
0.687
0.674
0.661
0.671
0.666
0.666
0.665
0.673
0.676
0.662
0.657
0.667
0.681
0.675
0.673
0.699
0.693
0.691
0.695
0.703
0.703
0.702
0.724
0.717
0.702
0.708
0.713
0.708
0.688
0.692
0.708
0.708
0.699
0.717
0.714
0.708
0.71
0.717
0.701
0.69
0.701
0.703
0.688
0.687
0.712
0.717
0.708
0.7
0.712
0.715
0.706
0.7
0.716
0.726
0.721
0.711
0.708
0.695
0.668
0.654
0.639
0.627
0.606
0.592
0.578
0.57
0.568
0.564
0.57
0.58
0.583
0.614
0.641
0.67
0.69
0.691
0.675
0.681
0.669
0.649
0.639
0.63
0.622
0.626
0.63
0.627
0.631
0.654
0.659
0.668
0.665
0.678
0.681
0.703
0.703
0.725
0.742
0.732
0.73
0.715
0.723
0.732
0.718
0.709
0.698
0.675
0.666
0.675
0.7
0.713
0.713
0.71
0.704
0.718
0.722
0.721
0.697
0.683
0.678
0.667
0.652
0.644
0.65
0.64
0.637
0.641
0.658
0.667
0.655
0.669
0.679
0.684
0.679
0.666
0.664
0.669
0.679
0.678
0.664
0.674
0.694
0.69
0.686
0.693
0.722
0.737
0.73
0.718
0.708
0.729
0.727
0.707
0.706
0.711
0.707
0.694
0.693
0.71
0.705
0.7
0.718
0.735
0.735
0.717
0.708
0.719
0.724
0.72
0.703
0.69
0.686
0.674
0.664
0.659
0.66
0.659
0.659
0.657
0.666
0.664
0.653
0.641
0.63
0.621
0.614
0.607
0.605
0.617
0.616
0.616
0.615
0.616
0.629
0.625
0.629
0.626
0.633
0.646
0.649
0.648
0.653
0.663
0.668
0.666
0.657
0.653
0.655
0.656
0.644
0.646
0.652
0.654
0.646
0.643
0.631
0.622
0.619
0.618
0.616
0.612
0.604
0.598
0.605
0.621
0.632
0.626
0.647
0.666
0.663
0.659
0.668
0.682
0.676
0.666
0.663
0.642
0.652
0.629
0.633
0.628
0.603
0.598
0.593
0.592
0.597
0.602
0.599
0.614
0.631
0.648
0.666
0.676
0.686
0.69
0.688
0.678
0.662
0.655
0.644
0.635
0.627
0.617
0.608
0.602
0.598
0.594
0.589
0.582
0.579
0.579
0.586
0.592
0.601
0.613
0.628
0.643
0.645
0.649
0.65
0.647
0.643
0.641
0.644
0.646
0.646
0.639
0.627
0.622
0.622
0.62
0.628
0.631
0.629
0.637
0.649
0.656
0.653
0.648
0.642
0.647
0.65
0.656
0.661
0.66
0.654
0.655
0.656
0.649
0.657
0.669
0.692
0.699
0.698
0.685
0.66
0.634
0.632
0.614
0.61
0.603
0.595
0.591
0.587
0.592
0.588
0.585
0.585
0.581
0.585
0.581
0.7292981
0.6665516
0.532
0.5802335
0.6092426
0.6213756
0.7050435
0.6618205
0.6639268
