0.842
0.661
0.952
0.839
0.841
0.834
0.701
0.923
0.843
0.846
0.662
0.973
0.841
0.837
0.837
0.675
0.953
0.837
0.836
0.832
0.665
0.955
0.854
0.843
0.659
0.964
0.855
0.861
0.855
0.669
0.966
0.861
0.852
0.848
0.674
0.958
0.861
0.849
0.691
0.811
0.951
0.859
0.837
0.837
0.685
0.963
0.86
0.836
0.667
0.981
0.87
0.86
0.659
0.968
0.85
0.845
0.84
0.666
0.943
0.839
0.839
0.846
0.717
0.922
0.839
0.837
0.664
0.935
0.837
0.839
0.661
0.96
0.844
0.838
0.842
0.701
0.925
0.837
0.832
0.832
0.668
0.907
0.818
0.823
0.658
0.92
0.793
0.788
0.799
0.658
0.914
0.831
0.815
0.813
0.677
0.919
0.83
0.821
0.679
0.93
0.837
0.833
0.669
0.921
0.833
0.829
0.665
0.928
0.837
0.829
0.661
0.942
0.843
0.842
0.662
0.963
0.856
0.835
0.838
0.678
0.966
0.86
0.852
0.841
0.845
0.693
0.966
0.844
0.834
0.833
0.681
0.951
0.848
0.841
0.689
0.96
0.856
0.835
0.668
0.96
0.857
0.854
0.68
0.952
0.855
0.851
0.672
0.973
0.843
0.83
0.831
0.658
0.963
0.855
0.844
0.839
0.674
0.94
0.844
0.839
0.833
0.672
0.932
0.839
0.825
0.829
0.67
0.923
0.843
0.838
0.674
0.957
0.856
0.853
0.924
0.891
0.698
0.92
0.853
0.926
0.893
0.672
0.94
0.865
0.932
0.899
0.671
0.94
0.871
0.871
0.678
1.011
0.867
0.852
0.858
0.676
0.99
0.874
0.845
0.839
0.841
0.725
0.93
0.843
0.837
0.844
0.701
0.952
0.853
0.837
0.673
0.973
0.867
0.842
0.8378959
0.971
0.854
0.842
0.665
0.943
0.853
0.838
0.8381283
0.94
0.833
0.843
0.664
0.963
0.848
0.852
0.844
0.676
0.951
0.849
0.848
0.668
0.981
0.857
0.839
0.844
0.669
0.957
0.845
0.84
0.672
0.982
0.875
0.844
0.678
0.951
0.854
0.844
0.685
0.936
0.861
0.845
0.663
0.96
0.842
0.845
0.669
0.972
0.853
0.84
0.847
0.692
0.967
0.865
0.848
0.847
0.673
0.974
0.865
0.839
0.845
0.68
0.959
0.863
0.84
0.84
0.685
0.94
0.854
0.829
0.833
0.685
0.95
0.856
0.837
0.674
0.961
0.853
0.846
0.687
0.968
0.846
0.84
0.838
0.674
0.958
0.854
0.833
0.832
0.665
0.955
0.843
0.838
0.686
0.968
0.865
0.842
0.847
0.673
0.965
0.841
0.834
0.843
0.713
0.944
0.841
0.846
0.669
0.971
0.859
0.849
0.85
0.675
0.961
0.849
0.852
0.667
0.96
0.844
0.837
0.843
0.695
0.942
0.844
0.853
0.668
0.988
0.866
0.855
0.848
0.692
0.975
0.868
0.844
0.85
0.694
0.962
0.867
0.853
0.676
0.956
0.85
0.838
0.665
0.938
0.836
0.836
0.827
0.693
0.92
0.832
0.833
0.657
0.94
0.833
0.826
0.824
0.674
0.928
0.834
0.829
0.667
0.942
0.843
0.822
0.668
0.946
0.854
0.829
0.673
0.945
0.842
0.824
0.672
0.938
0.822
0.804
0.811
0.664
0.938
0.819
0.808
0.658
0.884
0.795
0.775
0.762
0.752
0.751
0.627
0.833
0.763
0.621
0.839
0.767
0.612
0.853
0.762
0.745
0.615
0.722
0.784
0.73
0.609
0.809
0.745
0.601
0.867
0.776
0.787
0.665
0.88
0.805
0.789
0.779
0.638
0.6998039
0.794
0.784
0.651
0.6904744
0.773
0.762
0.765
0.742
0.737
0.623
0.545
0.6739135
0.717
0.601
0.704
0.687
0.569
0.713
0.651
0.582
0.648
0.617
0.576
0.625
0.606
0.569
0.613
0.59
0.573
0.602
0.585
0.561
0.597
0.581
0.547
0.597
0.581
0.55
0.589
0.572
0.546
0.583
0.571
0.551
0.579
0.568
0.561
0.577
0.566
0.564
0.563
0.563
0.558
0.558
0.561
0.559
0.578
0.565
0.566
0.565
0.522
0.591
0.556
0.543
0.555
0.548
0.541
0.548
0.542
0.541
0.539
0.538
0.538
0.536
0.538
0.536
0.535
0.529
0.53
0.508
0.54
0.527
0.526
0.528
0.507
0.539
0.523
0.521
0.52
0.504
0.53
0.518
0.521
0.52
0.519
0.525
0.519
0.517
0.519
0.518
0.518
0.515
0.517
0.518
0.517
0.521
0.517
0.507
0.528
0.519
0.516
0.513
0.514
0.513
0.516
0.513
0.512
0.513
0.511
0.513
0.509
0.514
0.509
0.507
0.505
0.504
0.512
0.507
0.503
0.504
0.504
0.502
0.502
0.497
0.499
0.498
0.499
0.496
0.504
0.507
0.501
0.5
0.504
0.5
0.5
0.504
0.503
0.506
0.5
0.501
0.504
0.505
0.508
0.505
0.504
0.505
0.5
0.501
0.501
0.5
0.499
0.498
0.498
0.494
0.497
0.494
0.492
0.493
0.492
0.491
0.495
0.495
0.491
0.495
0.488
0.49
0.493
0.488
0.487
0.49
0.49
0.49
0.487
0.49
0.489
0.487
0.486
0.485
0.487
0.49
0.487
0.485
0.493
0.488
0.487
0.483
0.487
0.489
0.486
0.489
0.491
0.484
0.486
0.485
0.485
0.487
0.485
0.481
0.481
0.484
0.483
0.485
0.481
0.477
0.483
0.479
0.483
0.481
0.48
0.481
0.479
0.48
0.478
0.478
0.478
0.476
0.477
0.477
0.47
0.474
0.473
0.472
0.475
0.484
0.481
0.478
0.482
0.487
0.489
0.492
0.491
0.492
0.489
0.486
0.49
0.492
0.5
0.504
0.505
0.5
0.508
0.508
0.512
0.514
0.52
0.521
0.525
0.524
0.523
0.525
0.521
0.511
0.509
0.533
0.553
0.563
0.569
0.551
0.541
0.539
0.542
0.551
0.543
0.555
0.557
0.551
0.542
0.543
0.549
0.555
0.557
0.55
0.541
0.548
0.569
0.572
0.581
0.572
0.556
0.545
0.548
0.557
0.556
0.555
0.562
0.543
0.544
0.548
0.557
0.561
0.555
0.554
0.551
0.572
0.574
0.614
0.607
0.591
0.579
0.571
0.596
0.587
0.593
0.578
0.563
0.552
0.552
0.588
0.581
0.585
0.607
0.603
0.59
0.59
0.633
0.617
0.623
0.603
0.568
0.663
0.624
0.666
0.71
0.6152493
0.752
0.642
0.618
0.627
0.601
0.651
0.624
0.623
0.617
0.606
0.654
0.648
0.637
0.663
0.61
0.619
0.666
0.626
0.665
0.619
0.559
0.727
0.655
0.649
0.655
0.612
0.615
0.609
0.642
0.641
0.641
0.637
0.62
0.614
0.616
0.643
0.612
0.614
0.614
0.654
0.659
0.633
0.542
0.7
0.598
0.636
0.608
0.645
0.604
0.61
0.612
0.604
0.646
0.66
0.583
0.6943321
0.829
0.757
0.739
0.728
0.735
0.666
0.798
0.736
0.722
0.724
0.635
0.815
0.753
0.753
0.635
0.816
0.742
0.762
0.715
0.825
0.777
0.767
0.758
0.713
0.619
0.872
0.765
0.747
0.736
0.725
0.726
0.716
0.62
0.807
0.732
0.728
0.731
0.732
0.624
0.826
0.75
0.754
0.755
0.632
0.83
0.753
0.763
0.762
0.646
0.828
0.758
0.763
0.759
0.64
0.826
0.75
0.757
0.753
0.628
0.839
0.75
0.759
0.746
0.647
0.744
0.825
0.761
0.751
0.754
0.746
0.743
0.64
0.843
0.763
0.75
0.747
0.638
0.856
0.768
0.764
0.753
0.64
0.872
0.775
0.768
0.756
0.748
0.756
0.748
0.64
0.745
0.816
0.763
0.75
0.644
0.843
0.772
0.764
0.645
0.85
0.772
0.758
0.749
0.742
0.75
0.749
0.739
0.732
0.75
0.757
0.77
0.768
0.761
0.76
0.648
0.85
0.776
0.777
0.766
0.758
0.654
0.75
0.836
0.761
0.754
0.745
0.733
0.727
0.717
0.728
0.674
0.616
0.76
0.658
0.667
0.699
0.68
0.625
0.761
0.66
0.68
0.649
0.607
0.727
0.659
0.627
0.732
0.666
0.618
0.811
0.671
0.692
0.635
0.777
0.689
0.625
0.847
0.704
0.647
0.809
0.689
0.738
0.648
0.784
0.675
0.629
0.907
0.763
0.741
0.742
0.73
0.631
0.821
0.742
0.747
0.63
0.83
0.763
0.748
0.752
0.664
0.812
0.764
0.757
0.671
0.824
0.755
0.763
0.713
0.656
0.853
0.759
0.769
0.648
0.853
0.77
0.761
0.765
0.656
0.852
0.77
0.766
0.764
0.64
0.857
0.768
0.75
0.76
0.645
0.861
0.776
0.77
0.771
0.651
0.866
0.785
0.768
0.78
0.782
0.659
0.862
0.775
0.783
0.783
0.673
0.855
0.776
0.766
0.772
0.652
0.851
0.772
0.76
0.767
0.65
0.853
0.771
0.757
0.758
0.676
0.799
0.78
0.75
0.751
0.646
0.741
0.816
0.751
0.757
0.647
0.846
0.766
0.755
0.756
0.649
0.711
0.833
0.75
0.744
0.75
0.762
0.641
0.841
0.766
0.765
0.68
0.78
0.811
0.764
0.762
0.646
0.845
0.764
0.752
0.758
0.645
0.833
0.756
0.745
0.75
0.643
0.844
0.762
0.76
0.758
0.643
0.832
0.76
0.755
0.643
0.838
0.762
0.756
0.754
0.647
0.853
0.769
0.764
0.768
0.645
0.861
0.776
0.766
0.765
0.64
0.868
0.783
0.767
0.767
0.763
0.647
0.855
0.766
0.761
0.761
0.662
0.841
0.769
0.763
0.76
0.748
0.635
0.82
0.753
0.758
0.747
0.634
0.827
0.747
0.747
0.742
0.639
0.819
0.749
0.738
0.742
0.627
0.825
0.75
0.739
0.746
0.634
0.828
0.756
0.739
0.733
0.619
0.757
0.778
0.732
0.741
0.634
0.804
0.736
0.735
0.718
0.728
0.63
0.776
0.721
0.717
0.708
0.707
0.702
0.666
0.599
0.682
0.625
0.623
0.66
0.651
0.615
0.65
0.645
0.603
0.7
0.626
0.625
0.598
0.64
0.612
0.59
0.639
0.608
0.573
0.642
0.614
0.587
0.64
0.604
0.58
0.626
0.607
0.586
0.62
0.608
0.592
0.627
0.621
0.62
0.616
0.613
0.588
0.668
0.634
0.638
0.634
0.648
0.635
0.696
0.645
0.599
0.687
0.653
0.604
0.747
0.643
0.6
0.693
0.667
0.621
0.669
0.639
0.66
0.652
0.675
0.651
0.612
0.691
0.649
0.631
0.689
0.641
0.593
0.708
0.645
0.584
0.699
0.625
0.64
0.617
0.652
0.632
0.586
0.648
0.614
0.573
0.649
0.617
0.59
0.636
0.639
0.632
0.636
0.643
0.641
0.646
0.643
0.6
0.657
0.625
0.583
0.657
0.619
0.632
0.643
0.637
0.624
0.662
0.659
0.619
0.672
0.649
0.624
0.711
0.639
0.605
0.701
0.651
0.619
0.698
0.647
0.597
0.721
0.649
0.624
0.6649465
0.738
0.713
0.716
0.692
0.751
0.722
0.647
0.641
0.8
0.731
0.639
0.753
0.735
0.721
0.623
0.818
0.74
0.718
0.718
0.714
0.629
0.769
0.705
0.622
0.772
0.71
0.704
0.705
0.623
0.764
0.723
0.617
0.805
0.748
0.748
0.709
0.777
0.764
0.65
0.836
0.765
0.755
0.641
0.819
0.76
0.748
0.738
0.628
0.813
0.758
0.734
0.735
0.662
0.793
0.741
0.724
0.711
0.615
0.763
0.729
0.712
0.71
0.627
0.65
0.843
0.694
0.695
0.63
0.744
0.71
0.624
0.782
0.728
0.643
0.712
0.782
0.736
0.623
0.804
0.743
0.636
0.812
0.741
0.739
0.633
0.824
0.736
0.721
0.732
0.621
0.82
0.74
0.724
0.737
0.656
0.793
0.734
0.729
0.635
0.796
0.731
0.731
0.621
0.812
0.725
0.727
0.728
0.642
0.779
0.719
