0.812
0.81
0.792
0.791
0.805
0.806
0.798
0.786
0.799
0.792
0.784
0.779
0.791
0.792
0.772
0.767
0.781
0.777
0.768
0.767
0.774
0.784
0.77
0.771
0.787
0.783
0.77
0.774
0.785
0.79
0.777
0.776
0.791
0.784
0.765
0.773
0.783
0.786
0.772
0.771
0.784
0.783
0.764
0.77
0.784
0.783
0.767
0.769
0.779
0.775
0.764
0.765
0.774
0.774
0.757
0.764
0.766
0.753
0.765
0.771
0.76
0.769
0.775
0.782
0.762
0.766
0.772
0.777
0.774
0.768
0.784
0.776
0.77
0.774
0.779
0.771
0.772
0.757
0.767
0.764
0.765
0.75
0.753
0.764
0.77
0.76
0.754
0.778
0.775
0.762
0.76
0.783
0.784
0.778
0.768
0.784
0.783
0.78
0.766
0.785
0.791
0.786
0.772
0.786
0.787
0.777
0.781
0.792
0.797
0.785
0.802
0.8
0.791
0.813
0.805
0.793
0.795
0.811
0.812
0.795
0.811
0.817
0.804
0.789
0.807
0.803
0.799
0.779
0.782
0.789
0.788
0.777
0.795
0.793
0.799
0.781
0.784
0.799
0.797
0.785
0.783
0.802
0.802
0.787
0.783
0.792
0.803
0.799
0.785
0.8
0.798
0.792
0.793
0.804
0.811
0.802
0.791
0.799
0.8
0.797
0.786
0.805
0.799
0.788
0.778
0.79
0.793
0.78
0.779
0.805
0.798
0.783
0.791
0.798
0.806
0.778
0.804
0.798
0.78
0.77
0.753
0.767
0.768
0.755
0.765
0.776
0.772
0.773
0.759
0.774
0.776
0.765
0.768
0.783
0.787
0.775
0.773
0.789
0.791
0.791
0.779
0.789
0.793
0.792
0.78
0.778
0.795
0.794
0.792
0.781
0.8
0.788
0.783
0.777
0.795
0.795
0.79
0.784
0.801
0.797
0.795
0.778
0.796
0.805
0.807
0.79
0.791
0.801
0.805
0.79
0.789
0.802
0.791
0.785
0.784
0.79
0.798
0.783
0.781
0.796
0.796
0.795
0.78
0.796
0.796
0.796
0.788
0.802
0.806
0.811
0.792
0.792
0.806
0.797
0.786
0.803
0.808
0.798
0.786
0.795
0.799
0.798
0.785
0.796
0.797
0.791
0.787
0.811
0.813
0.789
0.794
0.814
0.809
0.789
0.791
0.805
0.805
0.786
0.787
0.805
0.797
0.782
0.799
0.8
0.798
0.791
0.804
0.798
0.807
0.791
0.794
0.797
0.798
0.789
0.787
0.8
0.794
0.787
0.775
0.785
0.779
0.776
0.766
0.771
0.776
0.776
0.763
0.764
0.78
0.777
0.769
0.772
0.779
0.778
0.766
0.76
0.77
0.769
0.766
0.76
0.76
0.774
0.776
0.762
0.769
0.769
0.774
0.756
0.756
0.766
0.763
0.758
0.758
0.772
0.772
0.766
0.762
0.777
0.773
0.759
0.761
0.772
0.772
0.769
0.767
0.782
0.786
0.767
0.765
0.78
0.778
0.778
0.77
0.782
0.776
0.785
0.769
0.779
0.6734867
0.771
0.777
0.6826992
0.7380275
0.771
0.779
0.690644
0.6921218
0.767
0.7407811
0.7013932
0.6473194
0.771
0.6646216
0.6717824
0.776
0.778
0.7227207
0.6954745
0.6964062
0.687034
0.6659451
0.7385274
0.773
0.6977224
0.6206713
0.7033796
0.6664941
0.6476355
0.6737527
0.6482655
0.657179
0.6600775
0.6266977
0.704945
0.6833091
0.6427766
0.7169007
0.6908176
0.6680289
0.7047478
0.703891
0.7018034
0.6973388
0.6928194
0.6733251
0.6654039
0.6627608
0.6526564
0.6674863
0.634248
0.7408287
0.7105951
0.6377155
0.6598149
0.6575114
0.6959974
0.6688071
0.6789707
0.6698811
0.6691201
0.7127408
0.6627985
0.7167164
0.6209919
0.6870858
0.6724323
0.6749881
0.6797736
0.6520112
0.6569667
0.635325
0.6333612
0.6758643
0.6800617
0.6674546
0.6942075
0.7290091
0.6496077
0.5927112
0.6955928
0.6419098
0.6422684
0.695307
0.6542199
0.6247874
0.6681299
0.6578652
0.6620706
0.6735873
0.6497609
0.6810608
0.6538452
0.6707416
0.6942621
0.6733736
0.6493899
0.6950028
0.6898775
0.675732
0.6658031
0.6385378
0.7001474
0.6388216
0.737
0.746
0.742
0.727
0.709
0.708
0.689
0.673
0.666
0.661
0.67
0.687
0.707
0.711
0.715
0.681
0.666
0.68
0.678
0.689
0.698
0.696
0.675
0.671
0.68
0.695
0.699
0.696
0.696
0.686
0.673
0.68
0.693
0.708
0.724
0.712
0.695
0.702
0.694
0.664
0.662
0.693
0.727
0.721
0.7132321
0.6925907
0.637287
0.736
0.724
0.73
0.711
0.708
0.708
0.697
0.687
0.698
0.704
0.692
0.694
0.694
0.691
0.666
0.678
0.692
0.694
0.692
0.709
0.73
0.73
0.686
0.676
0.66
0.632
0.643
0.639
0.649
0.656
0.656
0.647
0.644
0.631
0.631
0.633
0.632
0.625
0.614
0.616
0.605
0.592
0.581
0.58
0.575
0.572
0.574
0.577
0.575
0.585
0.592
0.595
0.576
0.569
0.559
0.563
0.561
0.558
0.558
0.55
0.553
0.543
0.549
0.544
0.54
0.597053
0.6066816
0.6365834
0.6207021
0.6173573
0.5983494
0.6263651
0.6031317
0.5754429
0.6153244
0.6555649
0.6088503
0.6454844
0.5760017
0.6244349
0.6421355
0.6351459
0.6288662
0.6054391
0.5987401
0.593118
0.6284664
0.595121
0.6091532
0.563
0.616073
0.6812507
0.6033757
0.6308095
0.6257235
0.565
0.5929877
0.6205245
0.6675262
0.6364335
0.547
0.6233012
0.536
0.6085078
0.5575688
0.6565186
0.5756607
0.6439828
0.536
0.6800255
0.5754821
0.642098
0.6119194
0.5709727
0.5725908
0.5697165
0.6028726
0.573729
0.6404742
0.6842643
0.5786653
0.643081
0.6423336
0.6285713
0.525
0.5865155
0.6140226
0.6088509
0.6349419
0.605664
0.6475075
0.6052781
0.6495472
0.5839633
0.5772389
0.717192
0.6031758
0.6252792
0.6356562
0.6006288
0.6316227
0.6268664
0.6085253
0.6171105
0.525
0.6137168
0.6808805
0.5914032
0.5802153
0.6153593
0.6237005
0.6274775
0.5994764
0.5805005
0.523
0.6526299
0.6022836
0.5860835
0.6055277
0.6066035
0.6471489
0.6150975
0.6357918
0.5966395
0.6187177
0.6017981
0.6147115
0.5837604
0.5706928
0.6735266
0.6299223
0.5721408
0.5919317
0.5739215
0.6791324
0.6514091
0.523
0.6020414
0.6270723
0.597137
0.5950806
0.5852289
0.5911389
0.660908
0.6077109
0.6129777
0.6167251
0.6473777
0.5928255
0.5778705
0.6608003
0.5947848
0.5858869
0.5697897
0.5681599
0.5901619
0.6271433
0.6423332
0.629692
0.5962277
0.6092883
0.5853778
0.584867
0.6346113
0.5753451
0.6677041
0.6039138
0.6132877
0.5835064
0.588501
0.542
0.5651575
0.6003454
0.6189685
0.6159092
0.5813758
0.581044
0.5898487
0.6519386
0.5698594
0.5995777
0.6642573
0.6017905
0.5624974
0.5840253
0.6197215
0.5928122
0.5869077
0.5935862
0.6070028
0.653838
0.6012194
0.6375143
0.6234018
0.6001275
0.5558468
0.5872383
0.5881087
0.6047231
0.6436255
0.6744301
0.6511243
0.5987076
0.5480766
0.5905515
0.6053309
0.6287584
0.6323181
0.6235601
0.558731
0.6285119
0.5880681
0.607313
0.6040964
0.6150079
0.6023531
0.5495863
0.6243207
0.6133174
0.5929387
0.6047917
0.6051933
0.607808
0.6519109
0.5939254
0.6058835
0.6369292
0.6332833
0.6360277
0.5823135
0.6625301
0.6021848
0.527
0.65804
0.5577914
0.6004059
0.6385709
0.5773132
0.57606
0.588
0.5701008
0.5664665
0.535
0.5854506
0.6092839
0.536197
0.6054121
0.6372294
0.6620819
0.6390841
0.622064
0.5446864
0.5796398
0.5873346
0.6201227
0.5948672
0.5589121
0.6504574
0.6263312
0.6052906
0.6357557
0.5561076
0.6182913
0.5813883
0.6188928
0.5956623
0.617205
0.6390221
0.5976278
0.6290257
0.504
0.5602652
0.5747512
0.508
0.512
0.507
0.516
0.547
0.532
0.531
0.515
0.506
0.509
0.515
0.508
0.505
0.515
0.524
0.524
0.516
0.524
0.536
0.548
0.544
0.537
0.548
0.569
0.577
0.559
0.56
0.571
0.584
0.593
0.588
0.591
0.608
0.611
0.595
0.603
0.599
0.604
0.591
0.61
0.607
0.598
0.6
0.61
0.603
0.602
0.604
0.598
0.609
0.599
0.601
0.591
0.591
0.581
0.583
0.592
0.596
0.583
0.596
0.596
0.603
0.597
0.637
0.609
0.577
0.579
0.585
0.58
0.565
0.57
0.582
0.592
0.578
0.58
0.63
0.656
0.612
0.594
0.563
0.552
0.551
0.557
0.56
0.552
0.555
0.572
0.583
0.578
0.57
0.605
0.62
0.632
0.57
0.601
0.622
0.596
0.587
0.567
0.554
0.554
0.561
0.565
0.554
0.553
0.563
0.569
0.566
0.562
0.567
0.582
0.582
0.582
0.577
0.568
0.568
0.577
0.585
0.584
0.581
0.583
0.593
0.603
0.605
0.595
0.597
0.609
0.614
0.604
0.608
0.621
0.627
0.615
0.624
0.63
0.626
0.624
0.639
0.64
0.627
0.629
0.637
0.629
0.621
0.625
0.632
0.628
0.623
0.622
0.626
0.625
0.62
0.62
0.632
0.635
0.629
0.626
0.635
0.602
0.686
0.634
0.644
0.652
0.656
0.644
0.628
0.615
0.611
0.618
0.625
0.625
0.624
0.625
0.642
0.641
0.644
0.65
0.678
0.675
0.666
0.671
0.681
0.663
0.655
0.666
0.666
0.659
0.653
0.66
0.667
0.662
0.661
0.668
0.649
0.625
0.63
0.629
0.629
0.65
0.654
0.649
0.65
0.666
0.672
0.659
0.644
0.644
0.65
0.645
0.638
0.643
0.655
0.651
0.636
0.633
0.64
0.654
0.658
0.654
0.655
0.671
0.679
0.687
0.691
0.681
0.675
0.677
0.656
0.651
0.658
0.658
0.644
0.638
0.645
0.661
0.652
0.651
0.638
0.631
0.634
0.642
0.65
0.647
0.643
0.647
0.659
0.665
0.65
0.646
0.645
0.657
0.667
0.657
0.656
0.662
0.672
0.676
0.671
0.669
0.681
0.684
0.677
0.669
0.671
0.677
0.679
0.674
0.666
0.675
0.678
0.685
0.672
0.666
0.673
0.675
0.677
0.671
0.667
0.68
0.687
0.674
0.666
0.666
0.679
0.684
0.669
0.666
0.677
0.683
0.68
0.675
0.67
0.686
0.693
0.677
0.67
0.677
0.683
0.692
0.673
0.667
0.676
0.686
0.689
0.673
0.673
0.686
0.689
0.674
0.668
0.677
0.681
0.678
0.67
0.676
0.687
0.698
0.685
0.674
0.689
0.698
0.687
0.679
0.691
0.695
0.691
0.682
0.684
0.703
0.694
0.679
0.681
0.689
0.694
0.676
0.67
0.678
0.691
0.683
0.676
0.678
0.681
0.684
0.67
0.667
0.668
0.684
0.678
0.666
0.659
0.67
0.679
0.672
0.663
0.668
0.676
0.679
0.678
0.67
0.679
0.691
0.696
0.684
0.676
0.684
0.697
0.69
0.673
0.674
0.682
0.689
0.675
0.667
0.673
0.685
0.686
0.675
0.668
0.684
0.684
0.679
0.67
0.668
0.68
0.693
0.692
0.684
0.684
0.692
0.697
0.685
0.675
0.675
0.693
0.694
0.69
0.677
0.686
0.69
0.694
0.679
0.68
0.687
0.698
0.702
0.691
0.684
0.698
0.706
0.695
0.689
0.703
0.708
0.693
0.699
0.709
0.704
0.694
0.699
0.704
0.708
0.7
0.701
0.708
0.708
0.708
0.697
0.701
0.705
0.703
0.69
0.687
0.694
0.694
0.687
0.676
0.683
0.69
0.69
0.678
0.689
0.692
0.698
0.692
0.688
0.694
0.703
0.703
0.694
0.707
0.71
0.708
0.699
0.7
0.706
0.707
0.7
0.695
0.701
0.709
0.705
0.688
0.691
0.7
0.701
0.692
0.685
0.674
0.678
0.68
0.692
0.692
0.682
0.687
0.699
0.701
0.689
0.682
0.684
0.691
0.697
0.689
0.681
0.687
0.696
0.701
0.692
0.682
0.689
0.698
0.691
0.683
0.676
0.685
0.693
0.682
0.672
0.684
0.698
0.7
0.689
0.695
0.707
0.711
0.7
0.694
0.703
0.707
0.696
0.688
0.689
0.697
0.697
0.687
0.686
0.694
0.704
0.696
0.689
0.692
0.7
0.699
0.69
0.696
0.709
0.718
0.708
0.702
0.704
0.709
0.698
0.686
0.688
0.696
0.697
0.686
0.683
0.687
0.693
0.691
0.684
0.684
0.694
0.692
0.685
0.684
0.688
0.687
0.683
0.685
0.694
0.699
0.695
0.687
0.696
0.7
0.688
0.68
0.684
0.687
0.682
0.677
0.676
0.695
0.714
0.704
0.692
0.679
0.689
0.697
0.7
0.689
0.686
0.692
0.704
0.717
0.725
0.716
0.726
0.712
0.696
0.69
0.7
0.71
0.707
0.69
0.681
0.702
0.703
0.702
0.687
0.679
0.683
0.692
0.691
0.682
0.686
0.697
0.706
0.691
0.686
0.696
0.711
0.707
0.693
0.701
0.71
0.706
0.699
0.692
0.699
0.705
0.699
0.684
0.687
0.697
0.706
0.702
0.693
0.703
0.709
0.705
0.695
0.698
0.709
0.709
0.702
0.701
0.711
0.722
0.706
0.7
0.703
0.712
0.709
0.702
0.705
0.718
0.711
0.703
0.704
0.712
0.706
0.695
0.699
0.71
0.702
0.691
0.692
0.701
0.7
0.69
0.685
0.693
0.702
0.7
0.694
0.708
0.718
0.716
0.707
0.713
0.722
0.726
0.719
0.708
0.712
0.715
0.707
0.701
0.708
0.72
0.711
0.706
0.709
0.718
0.711
0.704
0.704
0.71
0.704
0.697
0.701
0.708
0.705
0.699
0.694
0.702
0.706
0.692
0.683
0.678
0.681
0.691
0.7
0.697
0.691
0.694
0.7
0.697
0.689
0.688
0.695
0.7
0.693
0.688
0.697
0.702
0.7
0.693
0.698
0.709
0.705
0.697
0.691
0.698
0.705
0.7
0.689
0.697
0.705
0.707
0.698
0.698
0.708
0.718
0.716
0.703
0.712
0.713
0.718
0.705
0.7
0.708
0.71
0.707
0.702
0.706
0.712
0.715
0.705
0.7
0.706
0.712
0.708
0.697
0.7
0.707
0.707
0.692
0.693
0.701
0.704
0.695
0.697
0.7
0.696
0.688
0.694
0.697
0.698
0.687
0.691
0.695
0.698
0.69
0.694
0.702
0.706
0.693
0.695
0.7
0.704
0.69
0.689
0.693
0.7
0.696
0.692
0.695
0.703
0.702
0.694
0.7
0.705
0.702
0.688
0.689
0.702
0.693
0.689
0.696
0.703
0.702
0.689
0.691
0.698
0.697
0.69
0.69
0.696
0.701
0.695
0.694
0.696
0.7
0.692
0.694
0.698
0.695
0.69
0.696
0.703
0.705
0.699
0.71
0.715
0.71
0.701
0.705
0.71
0.704
0.7
0.702
0.708
0.697
0.699
0.7
0.706
0.704
0.698
0.703
0.714
0.724
0.71
0.705
0.71
0.718
0.711
0.7
0.699
0.708
0.711
0.698
0.696
0.698
0.702
0.698
0.694
0.695
0.703
0.702
0.688
0.69
0.695
0.695
0.685
0.692
0.694
0.697
0.691
0.691
0.694
0.695
0.684
0.69
0.697
0.695
0.681
0.681
0.692
0.694
0.69
0.687
0.688
0.693
0.687
0.681
0.691
0.697
0.698
0.69
0.696
0.699
0.694
0.678
0.685
0.686
0.678
0.68
0.685
0.693
0.692
0.683
0.69
0.693
0.686
0.676
0.684
0.671
0.666
0.669
0.683
0.693
0.695
0.685
0.696
0.698
0.701
0.691
0.687
0.692
0.696
0.691
0.681
0.681
0.686
0.684
0.674
0.673
0.684
0.684
0.678
0.689
0.703
0.712
0.701
0.679
0.667
0.7
0.712
0.724
0.717
0.719
0.726
0.712
0.695
0.69
0.685
0.681
0.683
0.68
0.688
0.689
0.684
0.69
0.686
0.683
0.675
0.67
0.669
0.666
0.661
0.657
0.66
0.656
0.651
0.651
0.663
0.67
0.667
0.674
0.685
0.691
0.686
0.692
0.703
0.699
0.688
0.691
0.697
0.698
0.686
0.683
0.692
0.692
0.685
0.678
0.683
0.682
0.675
0.684
0.696
0.699
0.7
0.692
0.697
0.702
0.705
0.695
0.688
0.695
0.697
0.695
0.689
0.693
0.694
0.696
0.686
0.688
0.697
0.7
0.689
0.685
0.693
0.691
0.681
0.678
0.683
0.688
0.678
0.672
0.677
0.693
0.695
0.684
0.678
0.682
0.685
0.682
0.666
0.651
0.653
0.664
0.666
0.667
0.658
0.662
0.666
0.672
0.671
0.666
0.673
0.688
0.694
0.694
0.68
0.685
0.696
0.692
0.682
0.687
0.698
0.7
0.684
0.693
0.698
0.702
0.697
0.701
0.71
0.71
0.699
0.7
0.708
0.706
0.695
0.696
0.707
0.711
0.705
0.7
0.705
0.707
0.699
0.702
0.708
0.708
0.694
0.698
0.708
0.714
0.705
0.7
0.704
0.709
0.702
0.697
0.703
0.708
0.699
0.699
0.709
0.709
0.697
0.706
0.715
0.716
0.7
0.708
0.712
0.709
0.701
0.709
0.71
0.698
0.7
0.71
0.716
0.713
0.699
0.702
0.702
0.707
0.698
0.699
0.708
0.706
0.695
0.693
0.701
0.697
0.686
0.7413444
0.658
0.702
0.695
0.669
0.656
0.652
0.655
0.656
0.649
0.649
0.65
0.656
0.658
0.654
0.657
0.673
0.677
0.667
0.7048329
0.647
0.69
0.703
0.708
0.703
0.692
0.701
0.708
0.708
0.69
0.698
0.706
0.707
0.7
0.695
0.705
0.708
0.706
0.701
0.708
0.713
0.72
0.725
0.718
0.718
0.727
0.721
0.701
0.683
0.679
0.674
0.668
0.671
0.681
0.686
0.68
0.676
0.683
0.677
0.672
0.666
0.677
0.679
0.687
0.696
0.7
0.69
0.681
0.687
0.7
0.708
0.705
0.713
0.715
0.715
0.704
0.676
0.668
0.663
0.661
0.659
0.676
0.686
0.693
0.706
0.708
0.707
0.681
0.675
0.683
0.687
0.664
0.663
0.677
0.681
0.688
0.683
0.675
0.673
0.681
0.689
0.68
0.68
0.693
0.704
0.716
0.726
0.729
0.728
0.698
0.685
0.682
0.671
0.667
0.67
0.682
0.687
0.679
0.686
0.701
0.701
0.687
0.69
0.694
0.69
0.684
0.696
0.708
0.713
0.71
0.704
0.708
0.709
0.708
0.704
0.697
0.684
0.684
0.685
0.683
0.679
0.677
0.684
0.671
0.672
0.679
0.691
0.691
0.68
0.686
0.688
0.687
0.673
0.678
0.68
0.684
0.678
0.676
0.676
0.671
0.671
0.669
0.673
0.665
0.6217819
0.642
0.678
0.683
0.688
0.682
0.68
0.684
0.679
0.665
0.658
0.664
0.673
0.683
0.698
0.706
0.705
0.699
0.672
0.659
0.651
0.641
0.644
0.654
0.673
0.682
0.688
0.685
0.676
0.683
0.697
0.712
0.723
0.72
0.71
0.696
0.699
0.706
0.689
0.672
0.683
0.692
0.702
0.709
0.711
0.702
0.685
0.671
0.665
0.689
0.69
0.688
0.686
0.675
0.671
0.676
0.689
0.689
0.697
0.702
0.691
0.683
0.688
0.674
0.671
0.691
0.676
0.676
0.673
0.663
0.662
0.674
0.68
0.684
0.683
0.673
0.68
0.695
0.702
0.684
0.683
0.683
0.68
0.675
0.686
0.691
0.691
0.686
0.687
0.693
0.691
0.685
0.679
0.683
0.685
0.677
0.674
0.678
0.685
0.687
0.666
0.668
0.671
0.681
0.689
0.687
0.68
0.666
0.656
0.646
0.643
0.649
0.647
0.642
0.648
0.653
0.664
0.67
0.673
0.667
0.673
0.685
0.711
0.71
0.694
0.692
0.697
0.691
0.684
0.678
0.661
0.661
0.665
0.667
0.666
0.653
0.646
0.661
0.668
0.677
0.677
0.681
0.663
0.665
0.667
0.666
0.655
0.653
0.67
0.677
0.687
0.691
0.7
0.705
0.702
0.696
0.685
0.672
0.661
0.652
0.657
0.663
0.664
0.675
0.699
0.716
0.724
0.723
0.707
0.69
0.696
0.698
0.684
0.667
0.666
0.67
0.67
0.666
0.671
0.673
0.678
0.689
0.68
0.666
0.665
0.666
0.663
0.657
0.66
0.667
0.665
0.669
0.69
0.697
0.716
0.717
0.712
0.701
0.676
0.666
0.664
0.666
0.664
0.658
0.664
0.666
0.674
0.671
0.674
0.68
0.681
0.674
0.682
0.689
0.692
0.686
0.684
0.694
0.71
0.715
0.713
0.708
0.692
0.7
0.701
0.695
0.685
0.674
0.679
0.68
0.682
0.673
0.672
0.682
0.684
0.682
0.671
0.664
0.666
0.667
0.666
0.664
0.666
0.688
0.693
0.692
0.682
0.668
0.672
0.678
0.675
0.667
0.679
0.685
0.697
0.706
0.707
0.694
0.682
0.683
0.676
0.669
0.672
0.682
0.682
0.685
0.69
0.68
0.658
0.648
0.676
0.688
0.702
0.721
0.73
0.736
0.719
0.705
0.696
0.692
0.687
0.677
0.662
0.664
0.666
0.675
0.68
0.679
0.68
0.69
0.692
0.692
0.687
0.694
0.695
0.693
0.687
0.689
0.693
0.679
0.675
0.679
0.677
0.666
0.663
0.671
0.67
0.665
0.66
0.651
0.647
0.641
0.647
0.647
0.643
0.645
0.651
0.653
0.643
0.671
0.68
0.689
0.685
0.678
0.676
0.683
0.679
0.663
0.651
0.667
0.672
0.673
0.659
0.657
0.662
0.67
0.666
0.673
0.67
0.674
0.679
0.675
0.681
0.672
0.657
0.651
0.654
0.649
0.632
0.631
0.646
0.646
0.654
0.653
0.653
0.65
0.65
0.642
0.64
0.627
0.627
0.625
0.628
0.624
0.619
0.624
0.634
0.64
0.636
0.644
0.649
0.665
0.677
0.684
0.672
0.673
0.67
0.661
0.649
0.644
0.659
0.666
0.671
0.675
0.683
0.681
0.674
0.676
0.664
0.658
0.629
0.638
0.629
0.639
0.646
0.643
0.641
0.64
0.652
0.657
0.662
0.662
0.658
0.663
0.654
0.684
0.666
0.666
0.665
0.683
0.7
0.748
0.734
0.713
0.713
0.706
0.697
0.684
0.68
0.673
0.666
0.656
0.644
0.606
0.626
0.618
0.623
0.618
0.619
0.643
0.653
0.654
0.67
0.66
0.65
0.663
0.652
0.642
0.646
0.649
0.656
0.644
0.641
0.657
0.661
0.662
0.665
0.647
0.646
0.649
0.649
0.656
0.647
0.644
0.633
0.62
0.613
0.612
0.619
0.618
0.623
0.611
0.613
0.607
0.625
0.63
0.637
0.641
0.635
0.637
0.627
0.625
0.611
0.615
0.61
0.606
0.611
0.616
0.614
0.616
0.625
0.637
0.642
0.64
0.652
0.665
0.69
0.701
0.7
0.687
0.668
0.673
0.678
0.671
0.675
0.689
0.709
0.713
0.708
0.703
0.694
0.686
0.674
0.667
0.661
0.654
0.637
0.647
0.656
0.656
0.637
0.63
0.632
0.634
0.643
0.632
0.627
0.632
0.64
0.648
0.659
0.653
0.655
0.662
0.664
0.671
0.671
0.658
0.661
0.665
0.664
0.658
0.65
0.655
0.661
0.661
0.663
0.657
0.651
0.634
0.621
0.63
0.624
0.621
0.633
0.648
0.656
0.65
0.657
0.662
0.673
0.689
0.692
0.688
0.689
0.691
0.686
0.664
0.655
0.654
0.653
0.649
0.64
0.664
0.673
0.68
0.668
0.661
0.652
0.648
0.648
0.657
0.657
0.662
0.679
0.674
0.67
0.661
0.658
0.659
0.661
0.651
0.646
0.658
0.667
0.667
0.664
0.681
0.696
0.704
0.689
0.679
0.681
0.688
0.675
0.668
0.674
0.682
0.685
0.702
0.701
0.701
0.664
0.662
0.671
0.668
0.654
0.643
0.649
0.657
0.664
0.654
0.661
0.682
0.689
0.684
0.67
0.674
0.677
0.673
0.663
0.665
0.67
0.665
0.654
0.661
0.668
0.665
0.672
0.68
0.688
0.678
0.674
0.68
0.69
0.689
0.679
0.665
0.685
0.678
0.673
0.661
0.656
0.656
0.66
0.657
0.666
0.671
0.655
0.657
0.665
0.668
0.666
0.661
0.671
0.68
0.679
0.666
0.664
0.664
0.661
0.659
0.664
0.649
0.638
0.643
0.657
0.659
0.662
0.653
0.655
0.661
0.666
0.658
0.657
0.66
0.666
0.664
0.658
0.667
0.677
0.685
0.678
0.685
0.692
0.696
0.689
0.677
0.685
0.691
0.69
0.676
0.675
0.682
0.678
0.666
0.653
0.658
0.662
0.666
0.671
0.666
0.669
0.656
0.649
0.669
0.666
0.668
0.673
0.668
0.669
0.666
0.638
0.64
0.646
0.642
0.633
0.631
0.636
0.629
0.63
0.639
0.64
0.645
0.647
0.657
0.675
0.7
0.686
0.678
0.657
0.647
0.64
0.634
0.635
0.628
0.624
0.617
0.622
0.625
0.622
0.62
0.602
0.611
0.607
0.606
0.615
0.62
0.627
0.646
0.667
0.678
0.685
0.728
0.727
0.735
0.727
0.721
0.7
0.687
0.676
0.653
0.653
0.644
0.641
0.644
0.655
0.665
0.669
0.667
0.664
0.67
0.676
0.67
0.658
0.663
0.668
0.66
0.651
0.652
0.659
0.671
0.677
0.681
0.687
0.667
0.667
0.668
0.668
0.645
0.633
0.629
0.64
0.652
0.663
0.67
0.68
0.687
0.668
0.654
0.649
0.65
0.653
0.652
0.666
0.666
0.664
0.666
0.678
0.681
0.685
0.679
0.671
0.691
0.679
0.669
0.681
0.689
0.696
0.702
0.697
0.705
0.703
0.69
0.693
0.695
0.684
0.672
0.675
0.678
0.69
0.694
0.686
0.678
0.655
0.657
0.665
0.667
0.664
0.657
0.652
0.642
0.655
0.649
0.65
0.647
0.648
0.647
0.63
0.62
0.618
0.619
0.625
0.625
0.609
0.607
0.611
0.616
0.621
0.623
0.625
0.623
0.648
0.644
0.634
0.638
0.648
0.652
0.647
0.635
0.653
0.653
0.656
0.64
0.629
0.629
0.64
0.643
0.638
0.636
0.644
0.651
0.647
0.655
0.675
0.666
0.656
0.665
0.666
0.662
0.657
0.666
0.655
0.634
0.639
0.634
0.631
0.63
0.627
0.625
0.611
0.602
0.605
0.613
0.617
0.625
0.629
0.64
0.632
0.631
0.644
0.65
0.649
0.638
0.641
0.647
0.65
0.644
0.64
0.654
0.666
0.676
0.674
0.67
0.662
0.683
0.679
0.69
0.687
0.673
0.661
0.647
0.656
0.657
0.653
0.652
0.655
0.658
0.655
0.645
0.647
0.666
0.669
0.672
0.667
0.666
0.659
0.644
0.641
0.627
0.622
0.624
0.624
0.626
0.629
0.641
0.647
0.649
0.639
0.65
0.667
0.683
0.699
0.708
0.686
0.666
0.679
0.682
0.689
0.689
0.688
0.676
0.666
0.666
0.667
0.658
0.659
0.659
0.656
0.647
0.632
0.627
0.637
0.644
0.654
0.662
0.679
0.682
0.689
0.68
0.677
0.647
0.638
0.626
0.623
0.635
0.639
0.646
0.648
0.633
0.622
0.627
0.62
0.627
0.631
0.634
0.646
0.651
0.657
0.657
0.663
0.657
0.654
0.642
0.637
0.627
0.618
0.61
0.607
0.614
0.621
0.625
0.63
0.634
0.627
0.615
0.626
0.631
0.633
0.618
0.606
0.596
0.609
0.622
0.637
0.669
0.694
0.704
0.705
0.666
0.65
0.657
0.652
0.656
0.655
0.644
0.645
0.641
0.661
0.665
0.671
0.671
0.673
0.659
0.651
0.639
0.641
0.657
0.66
0.651
0.657
0.652
0.659
0.666
0.693
0.703
0.709
0.709
0.691
0.688
0.672
0.666
0.664
0.679
0.673
0.668
0.667
0.666
0.671
0.7
0.707
0.691
0.685
0.68
0.692
0.691
0.692
0.694
0.68
0.667
0.659
0.666
0.663
0.65
0.658
0.672
0.684
0.698
0.686
0.667
0.703
0.699
0.697
0.673
0.667
0.668
0.668
0.653
0.646
0.651
0.661
0.661
0.652
0.649
0.663
0.67
0.669
0.66
0.666
0.672
0.686
0.688
0.684
0.69
0.692
0.68
0.687
0.688
0.688
0.681
0.669
0.676
0.694
0.7
0.69
0.682
0.683
0.709
0.711
0.708
0.705
0.699
0.696
0.705
0.683
0.666
0.65
0.657
0.66
0.651
0.649
0.653
0.646
0.642
0.646
0.657
0.648
0.652
0.661
0.666
0.66
0.652
0.645
0.654
0.649
0.625
0.616
0.625
0.626
0.614
0.614
0.612
0.623
0.626
0.643
0.648
0.648
0.639
0.628
0.644
0.657
0.666
0.665
0.657
0.651
0.655
0.651
0.638
0.64
0.637
0.625
0.622
0.62
0.62
0.63
0.629
0.635
0.648
0.666
0.662
0.66
0.671
0.681
0.67
0.673
0.676
0.678
0.669
0.674
0.684
0.678
0.667
0.671
0.682
0.698
0.702
0.684
0.686
0.694
0.695
0.672
0.649
0.644
0.648
0.642
0.648
0.662
0.682
0.706
0.704
0.692
0.681
0.677
0.676
0.669
0.666
0.678
0.685
0.695
0.7
0.704
0.707
0.695
0.679
0.665
0.669
0.666
0.656
0.66
0.674
0.678
0.683
0.676
0.674
0.662
0.651
0.646
0.66
0.671
0.673
0.674
0.695
0.713
0.7
0.713
0.727
0.727
0.715
0.708
0.683
0.679
0.68
0.666
0.66
0.672
0.682
0.688
0.695
0.684
0.678
0.683
0.683
0.696
0.703
0.695
0.676
0.669
0.672
0.669
0.666
0.665
0.66
0.696
0.703
0.714
0.714
0.689
0.672
0.667
0.673
0.67
0.673
0.701
0.704
0.718
0.712
0.701
0.672
0.667
0.685
0.686
0.687
0.682
0.673
0.676
0.665
0.662
0.664
0.676
0.685
0.683
0.679
0.702
0.704
0.691
0.673
0.67
0.673
0.677
0.672
0.674
0.679
0.689
0.696
0.709
0.707
0.71
0.685
0.668
0.667
0.659
0.653
0.653
0.664
0.676
0.675
0.667
0.68
0.695
0.703
0.707
0.686
0.681
0.676
0.672
0.667
0.673
0.678
0.68
0.674
0.681
0.695
0.723
0.722
0.702
0.672
0.668
0.676
0.674
0.676
0.681
0.676
0.669
0.676
0.681
0.687
0.683
0.681
0.679
0.687
0.687
0.685
0.685
0.697
0.685
0.689
0.695
0.688
0.686
0.687
0.692
0.687
0.669
0.67
0.673
0.683
0.693
0.683
0.667
0.65
0.64
0.65
0.654
0.663
0.682
0.686
0.685
0.672
0.661
0.648
0.666
0.653
0.636
0.643
0.646
0.656
0.672
0.662
0.647
0.655
0.661
0.666
0.661
0.645
0.658
0.656
0.657
0.652
0.644
0.627
0.611
0.618
0.619
0.635
0.64
0.64
0.656
0.66
0.648
0.643
0.656
0.658
0.661
0.658
0.652
0.644
0.64
0.64
0.652
0.652
0.666
0.654
0.645
0.637
0.658
0.667
0.672
0.667
0.668
0.685
0.685
0.675
0.669
0.662
0.672
0.676
0.675
0.664
0.664
0.674
0.672
0.669
0.663
0.677
0.684
0.692
0.689
0.686
0.688
0.694
0.686
0.677
0.685
0.697
0.692
0.689
0.667
0.659
0.667
0.686
0.69
0.686
0.676
0.685
0.699
0.702
0.705
0.69
0.694
0.7
0.698
0.683
0.686
0.698
0.7
0.692
0.688
0.705
0.708
0.714
0.699
0.693
0.699
0.695
0.704
0.7
0.69
0.703
0.708
0.708
0.699
0.707
0.709
0.699
0.683
0.694
0.696
0.705
0.695
0.704
0.719
0.725
0.717
0.716
0.703
0.697
0.695
0.698
0.704
0.702
0.708
0.698
0.688
0.694
0.695
0.695
0.678
0.685
0.689
0.674
0.68
0.689
0.718
0.717
0.716
0.707
0.688
0.682
0.685
0.674
0.666
0.67
0.689
0.705
0.704
0.706
0.701
0.672
0.66
0.655
0.659
0.66
0.663
0.659
0.666
0.669
0.669
0.667
0.667
0.673
0.673
0.68
0.677
0.693
0.691
0.687
0.69
0.688
0.688
0.682
0.679
0.688
0.691
0.686
0.685
0.704
0.708
0.705
0.699
0.697
0.703
0.696
0.691
0.684
0.688
0.69
0.673
0.677
0.714
0.72
0.723
0.719
0.711
0.708
0.67
0.673
0.671
0.659
0.642
0.645
0.649
0.662
0.677
0.69
0.701
0.701
0.689
0.694
0.705
0.707
0.708
0.707
0.704
0.697
0.695
0.69
0.678
0.678
0.696
0.704
0.706
0.714
0.707
0.703
0.69
0.676
0.672
0.68
0.679
0.674
0.663
0.653
0.658
0.655
0.664
0.666
0.666
0.66
0.65
0.647
0.644
0.636
0.63
0.635
0.642
0.644
0.652
0.674
0.681
0.686
0.697
0.688
0.69
0.696
0.68
0.659
0.656
0.655
0.668
0.688
0.688
0.7
0.699
0.698
0.693
0.688
0.678
0.674
0.672
0.667
0.681
0.67
0.671
0.65
0.639
0.644
0.654
0.658
0.649
0.659
0.675
0.668
0.665
0.66
0.665
0.677
0.678
0.687
0.686
0.675
0.676
0.68
0.682
0.679
0.665
0.675
0.682
0.682
0.666
0.666
0.672
0.673
0.677
0.678
0.664
0.655
0.657
0.66
0.658
0.652
0.663
0.674
0.682
0.686
0.685
0.682
0.689
0.688
0.685
0.679
0.682
0.69
0.686
0.682
0.684
0.69
0.69
0.686
0.691
0.688
0.688
0.663
0.665
0.681
0.69
0.696
0.706
0.708
0.699
0.709
0.699
0.687
0.676
0.666
0.65
0.646
0.659
0.661
0.662
0.653
0.664
0.675
0.677
0.68
0.67
0.659
0.664
0.667
0.664
0.659
0.669
0.673
0.677
0.656
0.649
0.652
0.655
0.649
0.668
0.67
0.669
0.657
0.654
0.661
0.655
0.652
0.66
0.666
0.678
0.682
0.678
0.685
0.692
0.69
0.681
0.675
0.675
0.68
0.677
0.666
0.669
0.671
0.663
0.658
0.678
0.688
0.658
0.682
0.65
0.637
0.63
0.637
0.635
0.639
0.643
0.649
0.653
0.657
0.651
0.658
0.668
0.668
0.668
0.674
0.671
0.669
0.657
0.668
0.68
0.692
0.701
0.708
0.705
0.698
0.712
0.7
0.704
0.698
0.697
0.674
0.676
0.681
0.685
0.693
0.674
0.668
0.666
0.665
0.662
0.666
0.665
0.67
0.656
0.658
0.658
0.663
0.656
0.653
0.659
0.656
0.648
0.655
0.661
0.67
0.677
0.665
0.666
0.664
0.667
0.654
0.645
0.665
0.651
0.646
0.662
0.664
0.666
0.662
0.64
0.636
0.631
0.636
0.649
0.662
0.674
0.674
0.663
0.652
0.658
0.666
0.668
0.678
0.682
0.683
0.676
0.684
0.704
0.698
0.722
0.718
0.71
0.698
0.689
0.677
0.668
0.659
0.65
0.641
0.629
0.64
0.654
0.667
0.682
0.673
0.666
0.682
0.697
0.698
0.699
0.69
0.668
0.675
0.679
0.677
0.663
0.676
0.692
0.697
0.703
0.683
0.666
0.674
0.67
0.673
0.659
0.652
0.655
0.658
0.657
0.667
0.676
0.695
0.705
0.705
0.695
0.68
0.674
0.681
0.679
0.663
0.66
0.665
0.662
0.652
0.661
0.66
0.665
0.659
0.656
0.647
0.649
0.659
0.663
0.662
0.668
0.681
0.693
0.696
0.699
0.696
0.689
0.694
0.696
0.697
0.684
0.687
0.69
0.681
0.685
0.691
0.692
0.684
0.683
0.682
0.689
0.685
0.662
0.666
0.681
0.686
0.694
0.692
0.694
0.68
0.675
0.681
0.681
0.68
0.666
0.669
0.681
0.683
0.692
0.698
0.688
0.686
0.672
0.678
0.68
0.68
0.685
0.684
0.684
0.679
0.678
0.684
0.682
0.679
0.689
0.669
0.663
0.673
0.669
0.655
0.661
0.666
0.666
0.657
0.663
0.666
0.672
0.659
0.663
0.664
0.668
0.677
0.667
0.67
0.678
0.683
0.678
0.681
0.685
0.687
0.678
0.683
0.682
0.687
0.68
0.677
0.676
0.67
0.684
0.691
0.696
0.691
0.683
0.675
0.683
0.674
0.666
0.67
0.671
0.673
0.678
0.66
0.656
0.666
0.659
0.658
0.652
0.648
0.623
0.633
0.625
0.618
0.625
0.636
0.646
0.649
0.666
0.677
0.69
0.704
0.693
0.698
0.701
0.693
0.692
0.692
0.692
0.684
0.687
0.687
0.691
0.687
0.686
0.678
0.656
0.66
0.671
0.673
0.679
0.696
0.705
0.692
0.676
0.692
0.691
0.681
0.669
0.656
0.66
0.654
0.641
0.639
0.654
0.672
0.673
0.685
0.696
0.703
0.705
0.693
0.69
0.693
0.697
0.689
0.685
0.698
0.691
0.682
0.687
0.687
0.683
0.687
0.695
0.692
0.684
0.683
0.666
0.666
0.67
0.684
0.691
0.688
0.685
0.692
0.7
0.688
0.688
0.685
0.687
0.675
0.663
0.659
0.666
0.671
0.66
0.667
0.673
0.673
0.674
0.661
0.667
0.676
0.689
0.677
0.672
0.672
0.686
0.689
0.69
0.687
0.668
0.679
0.68
0.676
0.67
0.681
0.674
0.666
0.671
0.675
0.671
0.654
0.661
0.683
0.685
0.687
0.69
0.693
0.679
0.684
0.687
0.683
0.681
0.685
0.688
0.697
0.687
0.694
0.697
0.703
0.689
0.686
0.689
0.694
0.69
0.684
0.684
0.691
0.681
0.681
0.688
0.676
0.663
0.656
0.67
0.671
0.674
0.678
0.669
0.666
0.674
0.671
0.662
0.664
0.676
0.675
0.673
0.671
0.676
0.668
0.671
0.673
0.679
0.682
0.681
0.685
0.688
0.69
0.685
0.678
0.683
0.685
0.682
0.676
0.674
0.674
0.674
0.678
0.673
0.675
0.681
0.682
0.68
0.676
0.6370254
0.694
0.666
0.665
0.666
0.667
0.657
0.65
0.662
0.663
0.663
0.659
0.672
0.676
0.672
0.671
0.666
0.666
0.679
0.68
0.683
0.685
0.673
0.675
0.679
0.682
0.676
0.678
0.677
0.684
0.684
0.683
0.689
0.692
0.679
0.689
0.7
0.686
0.688
0.696
0.696
0.698
0.687
0.686
0.69
0.679
0.671
0.675
0.673
0.666
0.669
0.678
0.675
0.666
0.671
0.694
0.696
0.707
0.696
0.677
0.671
0.673
0.67
0.668
0.658
0.65
0.654
0.655
0.66
0.653
0.661
0.666
0.667
0.672
0.7
0.669
0.662
0.6712511
0.67
0.736
0.726
0.702
0.695
0.693
0.7
0.696
0.685
0.682
0.691
0.69
0.688
0.68
0.673
0.686
0.686
0.679
0.685
0.697
0.695
0.691
0.683
0.695
0.699
0.701
0.7
0.694
0.714
0.715
0.713
0.709
0.708
0.719
0.713
0.696
0.677
0.686
0.683
0.687
0.689
0.683
0.674
0.665
0.678
0.679
0.682
0.674
0.668
0.681
0.675
0.678
0.67
0.678
0.672
0.667
0.676
0.678
0.681
0.692
0.693
0.698
0.702
0.698
0.703
0.707
0.704
0.697
0.699
0.695
0.691
0.684
0.682
0.688
0.681
0.679
0.693
0.695
0.694
0.692
0.688
0.689
0.691
0.685
0.674
0.68
0.694
0.697
0.7
0.708
0.703
0.699
0.68
0.682
0.693
0.686
0.68
0.669
0.678
0.672
0.665
0.662
0.678
0.681
0.691
0.701
0.705
0.702
0.687
0.682
0.685
0.691
0.69
0.694
0.702
0.7
0.694
0.695
0.694
0.702
0.688
0.687
0.704
0.708
0.695
0.69
0.694
0.7
0.711
0.712
0.71
0.709
0.703
0.679
0.674
0.675
0.681
0.673
0.665
0.692
0.689
0.698
0.679
0.661
0.674
0.675
0.695
0.714
0.716
0.724
0.717
0.713
0.695
0.673
0.669
0.674
0.676
0.685
0.697
0.701
0.681
0.68
0.686
0.692
0.693
0.693
0.695
0.681
0.689
0.691
0.698
0.688
0.697
0.707
0.704
0.702
0.727
0.713
0.714
0.707
0.704
0.711
0.711
0.716
0.707
0.697
0.696
0.702
0.704
0.708
0.693
0.691
0.697
0.694
0.697
0.689
0.683
0.689
0.678
0.674
0.678
0.68
0.679
0.672
0.675
0.681
0.679
0.687
0.679
0.673
0.676
0.682
0.682
0.675
0.67
0.677
0.686
0.686
0.675
0.69
0.695
0.7
0.691
0.686
0.691
0.689
0.695
0.685
0.684
0.688
0.689
0.679
0.67
0.675
0.687
0.687
0.688
0.677
0.673
0.689
0.701
0.71
0.709
0.708
0.681
0.685
0.69
0.701
0.708
0.716
0.711
0.717
0.711
0.712
0.717
0.727
0.724
0.718
0.693
0.674
0.684
0.69
0.701
0.705
0.694
0.671
0.656
0.655
0.676
0.69
0.7
0.693
0.694
0.707
0.704
0.688
0.686933
0.6567625
0.6793139
0.6896872
0.724
0.628
0.637
0.638
0.658
0.65
0.648
0.658
0.655
0.642
0.638
0.637
0.623
0.618
0.615
0.616
0.609
0.609
0.614
0.619
0.615
0.613
0.611
0.606
0.606
0.601
0.595
0.591
0.581
0.583
0.587
0.585
0.594
0.601
0.607
0.607
0.608
0.617
0.617
0.613
0.615
0.617
0.619
0.623
0.623
0.613
0.602
0.602
0.605
0.603
0.602
0.604
0.607
0.609
0.601
0.605
0.616
0.613
0.611
0.62
0.623
0.626
0.625
0.642
0.668
0.687
0.713
0.713
0.707
0.697
0.698
0.708
0.699
0.724
0.717
0.709
0.69
0.674
0.671
0.667
0.652
0.649
0.653
0.655
0.654
0.659
0.663
0.665
0.661
0.647
0.654
0.671
0.67
0.658
0.661
0.668
0.652
0.649
0.641
0.644
0.633
0.625
0.625
0.626
0.632
0.629
0.631
0.636
0.635
0.626
0.618
0.624
0.628
0.63
0.626
0.618
0.621
0.626
0.622
0.618
0.619
0.615
0.604
0.621
0.622
0.625
0.616
0.621
0.62
0.623
0.623
0.623
0.625
0.625
0.61
0.616
0.619
0.606
0.605
0.611
0.604
0.598
0.605
0.607
0.597
0.604
0.604
0.617
0.624
0.632
0.649
0.658
0.662
0.672
0.682
0.674
0.68
0.682
0.673
0.674
0.672
0.677
0.679
0.686
0.69
0.686
0.694
0.699
0.691
0.69
0.691
0.686
0.68
0.68
0.691
0.691
0.692
0.699
0.707
0.699
0.691
0.699
0.703
0.698
0.7
0.703
0.708
0.701
0.705
0.706
0.691
0.674
0.662
0.657
0.649
0.647
0.66
0.653
0.648
0.664
0.653
0.635
0.6977526
0.612
0.646
0.645
0.645
0.64
0.64
0.643
0.646
0.63
0.638
0.634
0.642
0.64
0.645
0.638
0.629
0.622
0.645
0.647
0.645
0.629
0.639
0.647
0.627
0.62
0.626
0.631
0.638
0.625
0.625
0.631
0.628
0.619
0.616
0.625
0.627
0.623
0.623
0.63
0.639
0.636
0.629
0.632
0.64
0.641
0.633
0.642
0.646
0.642
0.634
0.638
0.643
0.628
0.625
0.627
0.633
0.626
0.63
0.632
0.638
0.624
0.627
0.623
0.61
0.607
0.607
0.608
0.607
0.612
0.614
0.61
0.604
0.615
0.621
0.615
0.607
0.605
0.613
0.613
0.604
0.602
0.611
0.615
0.618
0.607
0.614
0.623
0.627
0.624
0.617
0.63
0.636
0.643
0.629
0.635
0.647
0.652
0.647
0.636
0.639
0.644
0.649
0.647
0.637
0.642
0.649
0.652
0.642
0.656
0.656
0.646
0.648
0.656
0.656
0.642
0.646
0.652
0.656
0.645
0.624
0.627
0.623
0.635
0.633
0.626
0.611
0.615
0.618
0.621
0.618
0.628
0.639
0.638
0.629
0.628
0.626
0.622
0.63
0.631
0.626
0.612
0.612
0.614
0.615
0.613
0.613
0.619
0.623
0.617
0.62
0.626
0.625
0.624
0.622
0.613
0.617
0.61
0.607
0.598
0.606
0.608
0.603
0.605
0.605
0.611
0.611
0.599
0.593
0.596
0.593
0.595
0.593
0.589
0.596
0.597
0.606
0.611
0.608
0.609
0.612
0.614
0.622
0.628
0.623
0.614
0.617
0.618
0.618
0.613
0.604
0.607
0.602
0.601
0.593
0.587
0.588
0.589
0.592
0.588
0.586
0.59
0.598
0.598
0.595
0.588
0.593
0.592
0.593
0.588
0.591
0.593
0.598
0.596
0.595
0.598
0.596
0.599
0.601
0.612
0.612
0.606
0.609
0.612
0.613
0.607
0.604
0.603
0.609
0.611
0.608
0.606
0.611
0.614
0.603
0.603
0.606
0.61
0.607
0.594
0.584
0.61
0.626
0.608
0.596
0.589
0.586
0.584
0.589
0.598
0.597
0.594
0.596
0.603
0.603
0.598
0.595
0.598
0.611
0.605
0.601
0.605
0.612
0.615
0.614
0.616
0.624
0.637
0.64
0.632
0.635
0.641
0.646
0.635
0.633
0.644
0.65
0.648
0.64
0.643
0.654
0.654
0.642
0.642
0.646
0.655
0.649
0.646
0.656
0.669
0.664
0.655
0.668
0.676
0.668
0.658
0.668
0.673
0.666
0.664
0.676
0.679
0.676
0.675
0.681
0.687
0.684
0.688
0.691
0.68
0.669
0.667
0.673
0.665
0.654
0.659
0.666
0.667
0.661
0.664
0.668
0.685
0.668
0.674
0.683
0.689
0.682
0.678
0.691
0.69
0.687
0.672
0.679
0.682
0.685
0.677
0.684
0.694
0.696
0.69
0.688
0.697
0.695
0.686
0.685
0.693
0.693
0.688
0.677
0.689
0.693
0.689
0.689
0.699
0.706
0.703
0.688
0.69
0.697
0.695
0.684
0.689
0.69
0.693
0.68
0.686
0.692
0.692
0.683
0.685
0.69
0.684
0.689
0.69
0.698
0.688
0.68
0.689
0.69
0.691
0.68
0.689
0.694
0.694
0.689
0.694
0.699
0.698
0.69
0.692
0.701
0.7
0.693
0.686
0.695
0.697
0.691
0.682
0.683
0.681
0.672
0.673
0.679
0.684
0.676
0.675
0.679
0.682
0.678
0.678
0.678
0.678
0.681
0.668
0.671
0.674
0.677
0.668
0.666
0.669
0.674
0.675
0.665
0.667
0.672
0.672
0.665
0.662
0.666
0.668
0.661
0.661
0.664
0.66
0.655
0.661
0.668
0.663
0.662
0.671
0.673
0.672
0.675
0.673
0.67
0.663
0.659
0.653
0.656
0.679
0.694
0.682
0.674
0.669
0.663
0.655
0.649
0.654
0.642
0.627
0.622
0.621
0.635
0.639
0.643
0.642
0.634
0.616
0.617
0.61
0.624
0.641
0.647
0.653
0.651
0.639
0.654
0.653
0.659
0.651
0.652
0.627
0.648
0.644
0.63
0.635
0.641
0.634
0.638
0.629
0.624
0.633
0.621
0.639
0.639
0.639
0.642
0.641
0.636
0.619
0.611
0.621
0.621
0.608
0.598
0.61
0.608
0.605
0.599
0.599
0.585
0.596
0.594
0.599
0.61
0.611
0.617
0.619
0.622
0.623
0.619
0.618
0.625
0.622
0.625
0.619
0.617
0.621
0.617
0.608
0.596
0.604
0.601
0.585
0.592
0.605
0.624
0.626
0.632
0.632
0.631
0.624
0.628
0.63
0.625
0.616
0.629
0.629
0.624
0.626
0.647
0.652
0.655
0.669
0.694
0.667
0.649
0.646
0.643
0.633
0.634
0.628
0.62
0.625
0.625
0.639
0.652
0.669
0.672
0.658
0.659
0.675
0.67
0.663
0.647
0.654
0.658
0.659
0.651
0.662
0.666
0.666
0.66
0.676
0.683
0.676
0.676
0.689
0.695
0.69
0.69
0.697
0.708
0.694
0.678
0.681
0.686
0.69
0.683
0.682
0.693
0.687
0.676
0.676
0.687
0.682
0.679
0.682
0.686
0.688
0.677
0.679
0.682
0.68
0.677
0.684
0.677
0.659
0.661
0.67
0.674
0.669
0.67
0.683
0.686
0.68
0.678
0.683
0.69
0.68
0.675
0.689
0.689
0.69
0.68
0.678
0.695
0.707
0.697
0.688
0.698
0.71
0.711
0.689
0.696
0.701
0.7
0.691
0.694
0.708
0.704
0.697
0.697
0.709
0.71
0.703
0.698
0.719
0.717
0.708
0.711
0.722
0.717
0.706
0.713
0.714
0.706
0.7
0.704
0.702
0.698
0.683
0.696
0.708
0.704
0.698
0.706
0.726
0.722
0.708
0.724
0.741
0.747
0.722
0.72
0.732
0.718
0.702
0.695
0.705
0.702
0.695
0.691
0.707
0.704
0.7
0.693
0.711
0.707
0.702
0.709
0.727
0.721
0.707
0.713
0.72
0.719
0.709
0.713
0.722
0.714
0.712
0.723
0.721
0.709
0.711
0.723
0.713
0.703
0.708
0.717
0.719
0.71
0.715
0.726
0.722
0.711
0.71
0.724
0.72
0.71
0.708
0.711
0.709
0.7
0.7
0.722
0.719
0.711
0.712
0.722
0.724
0.711
0.708
0.721
0.721
0.713
0.705
0.708
0.709
0.687
0.715
0.71
0.717
0.706
0.693
0.697
0.695
0.681
0.682
0.691
0.693
0.689
0.68
0.685
0.696
0.693
0.679
0.69
0.699
0.696
0.686
0.69
0.701
0.697
0.69
0.692
0.702
0.7
0.702
0.691
0.697
0.705
0.707
0.693
0.698
0.701
0.698
0.686
0.693
0.701
0.7
0.696
0.685
0.697
0.699
0.701
0.685
0.684
0.691
0.694
0.68
0.685
0.695
0.696
0.69
0.69
0.702
0.7
0.687
0.689
0.697
0.702
0.695
0.689
0.695
0.696
0.694
0.697
0.706
0.701
0.685
0.693
0.705
0.708
0.696
0.698
0.709
0.704
0.698
0.702
0.705
0.693
0.697
0.7
0.697
0.682
0.681
0.683
0.667
0.676
0.684
0.691
0.702
0.685
0.676
0.701
0.706
0.709
0.707
0.696
0.694
0.704
0.703
0.685
0.69
0.708
0.704
0.697
0.687
0.701
0.697
0.688
0.695
0.709
0.711
0.693
0.692
0.715
0.718
0.711
0.703
0.719
0.718
0.702
0.702
0.714
0.723
0.72
0.703
0.709
0.717
0.714
0.708
0.718
0.717
0.716
0.701
0.707
0.713
0.717
0.701
0.708
0.72
0.721
0.723
0.709
0.71
0.721
0.714
0.708
0.711
0.712
0.706
0.71
0.717
0.715
0.702
0.708
0.72
0.708
0.705
0.715
0.716
0.714
0.712
0.717
0.717
0.708
0.71
0.717
0.715
0.709
0.706
0.705
0.708
0.698
0.701
0.705
0.708
0.706
0.705
0.716
0.719
0.713
0.712
0.726
0.727
0.716
0.714
0.718
0.722
0.714
0.709
0.714
0.725
0.72
0.706
0.712
0.72
0.719
0.704
0.71
0.724
0.718
0.722
0.726
0.717
0.716
0.715
0.711
0.695
0.703
0.712
0.715
0.71
0.704
0.706
0.711
0.717
0.71
0.702
0.708
0.717
0.718
0.706
0.689
0.726
0.729
0.706
0.701
0.702
0.704
0.707
0.728
0.735
0.727
0.708
0.712
0.727
0.718
0.709
0.706
0.727
0.722
0.726
0.723
0.711
0.721
0.726
0.71
0.713
0.722
0.723
0.724
0.705
0.701
0.715
0.727
0.733
0.715
0.719
0.729
0.732
0.725
0.715
0.721
0.732
0.738
0.722
0.713
0.726
0.726
0.728
0.711
0.709
0.723
0.728
0.716
0.708
0.717
0.726
0.713
0.713
0.723
0.724
0.71
0.712
0.724
0.72
0.702
0.708
0.719
0.72
0.718
0.708
0.71
0.719
0.718
0.708
0.702
0.708
0.697
0.703
0.718
0.709
0.701
0.71
0.717
0.71
0.694
0.704
0.713
0.718
0.723
0.745
0.738
0.724
0.737
0.746
0.736
0.733
0.74
0.744
0.726
0.723
0.731
0.731
0.726
0.719
0.728
0.737
0.725
0.721
0.725
0.733
0.73
0.714
0.725
0.726
0.72
0.718
0.72
0.709
0.719
0.737
0.739
0.722
0.71
0.714
0.711
0.705
0.691
0.7
0.698
0.695
0.694
0.706
0.693
0.704
0.714
0.708
0.715
0.709
0.708
0.708
0.66
0.662
0.664
0.665
0.671
0.678
0.672
0.654
0.672
0.675
0.672
0.668
0.674
0.664
0.656
0.639
0.629
0.7106778
0.618
0.621
0.624
0.707424
0.6544945
0.7121849
0.6913177
0.6788238
0.7035657
0.7407812
0.6471827
0.6959334
0.62
0.622
0.621
0.62
0.625
0.7129857
0.631
0.62
0.63
0.623
0.623
0.6816557
0.624
0.625
0.63
0.632
0.629
0.7199389
0.7223649
0.7085423
0.632826
0.621
0.626
0.638
0.636
0.654
0.669
0.672
0.672
0.681
0.684
0.676
0.647
0.66
0.664
0.667
0.666
0.663
0.657
0.658
0.659
0.655
0.651
0.638
0.627
0.641
0.647
0.659
0.664
0.681
0.691
0.692
0.685
0.697
0.692
0.684
0.683
0.691
0.695
0.682
0.695
0.695
0.693
0.696
0.705
0.708
0.696
0.707
0.71
0.714
0.704
0.708
0.712
0.709
0.7
0.704
0.704
0.706
0.699
0.717
0.727
0.725
0.733
0.734
0.749
0.745
0.739
0.748
0.748
0.738
0.751
0.754
0.754
0.737
0.758
0.767
0.77
0.749
0.762
0.758
0.753
0.75
0.761
0.759
0.756
0.744
0.752
0.76
0.755
0.758
0.767
0.766
0.756
0.766
0.779
0.777
0.777
0.782
0.79
0.785
0.771
0.793
0.793
0.794
0.77
0.786
0.791
0.789
0.777
0.79
0.787
0.782
0.773
0.787
0.79
0.786
0.789
0.797
0.8
0.7889536
0.7025068
0.7291529
0.7173905
0.7407501
0.7342923
0.7022965
0.7205841
0.6793708
0.7354585
0.766
0.729
0.708
0.692
0.666
0.664
0.66
0.664
0.673
0.671
0.667
0.647
0.648
0.643
0.64
0.637
0.627
0.6941935
0.619
0.634
0.63
0.635
0.627
0.643
0.654
0.655
0.652
0.655
0.662
0.671
0.674
0.669
0.653
0.675
0.696
0.742
0.766
0.773
0.736
0.755
0.755
0.732
0.729
0.737
0.723
0.706
0.717
0.729
0.726
0.713
0.731
0.729
0.732
0.725
0.723
0.734
0.727
0.724
0.737
0.744
0.734
0.736
0.75
0.754
0.739
0.723
0.716
0.719
0.735
0.735
0.726
0.717
0.734
0.728
0.727
0.711
0.713
0.729
0.715
0.7
0.716
0.724
0.722
0.704
0.709
0.723
0.713
0.704
0.71
0.716
0.712
0.705
0.71
0.72
0.715
0.702
0.707
0.721
0.723
0.714
0.701
0.705
0.719
0.709
0.697
0.708
0.722
0.723
0.708
0.708
0.722
0.719
0.714
0.702
0.713
0.73
0.73
0.712
0.718
0.73
0.728
0.717
0.716
0.725
0.729
0.72
0.708
0.722
0.734
0.736
0.723
0.733
0.742
0.746
0.735
0.731
0.743
0.753
0.745
0.72
0.727
0.737
0.726
0.711
0.717
0.73
0.74
0.723
0.732
0.748
0.745
0.735
0.732
0.736
0.736
0.727
0.735
0.747
0.735
0.714
0.724
0.736
0.733
0.741
0.768
0.791
0.779
0.75
0.767
0.771
0.748
0.728
0.731
0.739
0.73
0.714
0.718
0.735
0.737
0.725
0.737
0.737
0.728
0.73
0.743
0.729
0.739
0.754
0.753
0.734
0.751
0.756
0.764
0.753
0.754
0.748
0.734
0.743
0.751
0.734
0.725
0.728
0.726
0.717
0.713
0.734
0.726
0.726
0.737
0.75
0.737
0.73
0.735
0.745
0.733
0.73
0.738
0.744
0.729
0.733
0.743
0.729
0.729
0.76
0.715
0.708
0.739
0.747
0.775
0.763
0.772
0.78
0.773
0.788
0.755
0.767
0.785
0.787
0.788
0.753
0.717
0.7
0.721
0.715
0.735
0.699
0.697
0.715
0.731
0.715
0.696
0.704
0.691
0.71
0.717
0.692
0.687
0.686
0.693
0.707
0.71
0.71
0.735
0.75
0.725
0.737
0.751
0.746
0.725
0.72
0.723
0.699
0.702
0.687
0.677
0.685
0.706
0.706
0.696
0.711
0.73
0.733
0.727
0.718
0.73
0.732
0.739
0.721
0.72
0.73
0.735
0.728
0.723
0.731
0.736
0.74
0.729
0.686
0.662
0.693
0.689
0.694
0.752
0.793
0.7850232
0.6584095
0.791
0.76
0.709
0.711
0.71
0.724
0.722
0.697
0.688
0.707
0.708
0.7
0.686
0.673
0.664
0.678
0.686
0.695
0.687
0.674
0.668
0.668
0.671
0.664
0.661
0.666
0.668
0.66
0.663
0.667
0.669
0.662
0.658
0.652
0.663
0.665
0.668
0.682
0.693
0.689
0.687
0.692
0.718
0.727
0.709
0.703
0.708
0.701
0.694
0.676
0.668
0.667
0.657
0.657
0.655
0.664
0.663
0.663
0.676
0.675
0.684
0.678
0.678
0.687
0.687
0.68
0.677
0.69
0.69
0.689
0.694
0.68
0.672
0.679
0.682
0.679
0.672
0.683
0.685
0.683
0.677
0.679
0.69
0.684
0.68
0.694
0.695
0.696
0.693
0.687
0.69
0.693
0.695
0.684
0.681
0.694
0.688
0.69
0.683
0.683
0.68
0.683
0.672
0.671
0.68
0.677
0.67
0.666
0.682
0.685
0.675
0.676
0.683
0.682
0.681
0.68
0.682
0.69
0.687
0.679
0.678
0.682
0.68
0.669
0.675
0.682
0.688
0.684
0.682
0.697
0.698
0.696
0.692
0.697
0.702
0.707
0.696
0.686
0.686
0.688
0.696
0.686
0.686
0.692
0.693
0.687
0.7
0.705
0.711
0.703
0.694
0.701
0.699
0.693
0.69
0.696
0.705
0.696
0.698
0.705
0.712
0.709
0.698
0.703
0.705
0.709
0.701
0.701
0.701
0.697
0.703
0.702
0.703
0.699
0.707
0.708
0.708
0.702
0.713
0.709
0.713
0.701
0.706
0.712
0.708
0.703
0.707
0.702
0.7
0.691
0.693
0.695
0.689
0.686
0.692
0.69
0.686
0.691
0.714
0.712
0.692
0.672
0.673
0.683
0.689
0.685
0.684
0.675
0.676
0.683
0.68
0.669
0.665
0.679
0.675
0.682
0.666
0.666
0.669
0.68
0.677
0.671
0.677
0.683
0.686
0.673
0.684
0.686
0.689
0.682
0.69
0.699
0.693
0.702
0.708
0.703
0.696
0.704
0.709
0.71
0.7
0.693
0.701
0.703
0.7
0.688
0.688
0.693
0.69
0.687
0.689
0.697
0.691
0.684
0.685
0.692
0.695
0.686
0.699
0.703
0.701
0.694
0.698
0.705
0.71
0.726
0.746
0.735
0.744
0.7016408
0.7417921
0.7319958
0.749
0.733
0.736
0.752
0.754
0.755
0.776
0.762
0.752
0.733
0.699
0.684
0.708
0.707
0.703
0.684
0.687
0.703
0.71
0.713
0.707
0.688
0.693
0.696
0.704
0.704
0.7
0.711
0.719
0.719
0.722
0.728
0.761
0.745
0.734
0.75
0.765
0.762
0.742
0.769
0.785
0.773
0.752
0.759
0.733
0.727
0.74
0.738
0.727
0.712
0.72
0.73
0.729
0.728
0.713
0.715
0.727
0.724
0.714
0.717
0.726
0.73
0.728
0.722
0.719
0.727
0.711
0.712
0.718
0.71
0.708
0.727
0.732
0.741
0.75
0.753
0.75
0.768
0.736
0.734
0.749
0.741
0.73
0.717
0.722
0.733
0.727
0.727
0.72
0.732
0.722
0.716
0.731
0.728
0.725
0.724
0.741
0.744
0.722
0.731
0.741
0.743
0.728
0.734
0.745
0.744
0.742
0.737
0.746
0.743
0.735
0.725
0.733
0.728
0.718
0.715
0.722
0.721
0.711
0.698
0.691
0.705
0.726
0.736
0.779
0.782
0.6996234
0.799
0.768
0.765
0.792
0.801
0.757
0.774
0.763
0.755
0.723
0.713
0.73
0.74
0.738
0.732
0.717
0.704
0.73
0.748
0.749
0.749
0.726
0.71
0.737
0.725
0.725
0.728
0.724
0.722
0.722
0.715
0.71
0.713
0.711
0.7
0.708
0.721
0.721
0.707
0.699
0.689
0.683
0.682
0.696
0.696
0.697
0.696
0.702
0.709
0.702
0.7
0.711
0.719
0.714
0.707
0.717
0.712
0.708
0.717
0.712
0.707
0.704
0.717
0.714
0.708
0.694
0.703
0.711
0.705
0.701
0.725
0.725
0.729
0.728
0.745
0.745
0.715
0.714
0.705
0.689
0.658
0.655
0.66
0.645
0.686
0.681
0.672
0.66
0.652
0.653
0.659
0.666
0.67
0.68
0.691
0.694
0.706
0.704
0.705
0.712
0.72
0.725
0.742
0.778
0.776
0.778
0.783
0.768
0.746
0.742
0.747
0.74
0.733
0.729
0.75
0.74
0.725
0.726
0.734
0.73
0.726
0.734
0.739
0.731
0.725
0.731
0.728
0.719
0.725
0.728
0.732
0.725
0.721
0.716
0.716
0.707
0.708
0.713
0.711
0.707
0.705
0.715
0.701
0.702
0.718
0.726
0.719
0.715
0.716
0.714
0.711
0.708
0.717
0.714
0.717
0.714
0.708
0.708
0.714
0.705
0.703
0.709
0.718
0.71
0.699
0.707
0.711
0.711
0.699
0.695
0.699
0.698
0.696
0.708
0.72
0.727
0.714
0.721
0.721
0.713
0.715
0.721
0.728
0.718
0.712
0.716
0.722
0.723
0.715
0.717
0.726
0.725
0.735
0.757
0.751
0.756
0.6890063
0.721
0.726
0.735
0.753
0.749
0.72
0.716
0.714
0.704
0.694
0.7
0.713
0.707
0.7
0.702
0.711
0.718
0.703
0.703
0.712
0.713
0.708
0.701
0.714
0.701
0.702
0.72
0.71
0.704
0.724
0.73
0.733
0.729
0.734
0.715
0.703
0.685
0.703
0.705
0.708
0.708
0.723
0.73
0.738
0.734
0.726
0.702
0.698
0.716
0.715
0.714
0.704
0.7
0.706
0.7
0.698
0.701
0.708
0.701
0.703
0.711
0.711
0.703
0.707
0.72
0.71
0.702
0.704
0.711
0.709
0.702
0.704
0.713
0.716
0.713
0.7
0.707
0.711
0.716
0.709
0.699
0.702
0.705
0.703
0.698
0.705
0.708
0.713
0.713
0.7
0.706
0.709
0.711
0.701
0.703
0.704
0.702
0.697
0.697
0.699
0.703
0.691
0.695
0.698
0.691
0.718
0.693
0.703
0.708
0.713
0.7
0.708
0.712
0.709
0.712
0.718
0.721
0.719
0.709
0.714
0.721
0.708
0.709
0.715
0.716
0.71
0.701
0.704
0.713
0.712
0.707
0.7
0.7
0.712
0.709
0.705
0.699
0.702
0.711
0.715
0.704
0.704
0.712
0.716
0.703
0.704
0.71
0.715
0.708
0.702
0.708
0.713
0.708
0.707
0.715
0.708
0.686
0.677
0.68
0.705
0.715
0.722
0.712
0.704
0.708
0.712
0.707
0.7
0.708
0.711
0.72
0.716
0.706
0.715
0.724
0.722
0.71
0.718
0.727
0.737
0.742
0.726
0.727
0.738
0.735
0.722
0.725
0.725
0.724
0.706
0.712
0.719
0.715
0.708
0.697
0.698
0.703
0.69
0.694
0.703
0.701
0.696
0.697
0.704
0.707
0.696
0.69
0.696
0.699
0.695
0.688
0.694
0.703
0.708
0.699
0.701
0.707
0.714
0.703
0.704
0.703
0.705
0.7
0.687
0.691
0.693
0.695
0.687
0.697
0.704
0.7
0.701
0.706
0.713
0.705
0.705
0.712
0.703
0.698
0.691
0.698
0.693
0.685
0.695
0.698
0.702
0.699
0.692
0.699
0.701
0.695
0.688
0.69
0.696
0.695
0.689
0.699
0.708
0.709
0.702
0.699
0.704
0.699
0.695
0.688
0.689
0.695
0.693
0.691
0.692
0.699
0.7
0.696
0.702
0.707
0.7
0.703
0.705
0.706
0.705
0.694
0.717
0.717
0.718
0.708
0.702
0.707
0.708
0.71
0.699
0.699
0.704
0.706
0.707
0.701
0.696
0.701
0.706
0.711
0.705
0.699
0.704
0.708
0.71
0.705
0.702
0.709
0.71
0.71
0.708
0.711
0.711
0.714
0.711
0.707
0.708
0.71
0.702
0.694
0.698
0.703
0.698
0.693
0.685
0.682
0.688
0.684
0.681
0.688
0.693
0.702
0.693
0.7
0.702
0.708
0.702
0.695
0.694
0.694
0.701
0.697
0.69
0.696
0.704
0.706
0.7
0.702
0.706
0.706
0.702
0.699
0.697
0.705
0.695
0.689
0.691
0.697
0.693
0.688
0.692
0.702
0.706
0.695
0.7
0.7
0.697
0.691
0.691
0.692
0.699
0.693
0.686
0.708
0.713
0.711
0.704
0.695
0.699
0.702
0.699
0.693
0.698
0.701
0.708
0.71
0.7
0.702
0.709
0.697
0.702
0.71
0.708
0.7
0.697
0.698
0.706
0.693
0.693
0.695
0.695
0.69
0.689
0.685
0.689
0.69
0.684
0.695
0.7
0.692
0.699
0.708
0.701
0.703
0.707
0.71
0.706
0.693
0.694
0.7
0.7
0.691
0.693
0.696
0.701
0.695
0.696
0.697
0.695
0.696
0.688
0.691
0.691
0.698
0.693
0.687
0.696
0.7
0.708
0.704
0.703
0.705
0.711
0.706
0.702
0.703
0.706
0.705
0.701
0.703
0.706
0.707
0.702
0.696
0.699
0.695
0.688
0.681
0.684
0.686
0.682
0.673
0.677
0.681
0.687
0.692
0.703
0.707
0.701
0.696
0.705
0.697
0.69
0.698
0.7
0.701
0.696
0.7
0.703
0.7
0.7
0.701
0.695
0.693
0.691
0.692
0.677
0.686
0.688
0.694
0.683
0.685
0.688
0.687
0.684
0.683
0.686
0.691
0.682
0.683
0.683
0.681
0.671
0.67
0.672
0.6259257
0.6208697
0.5654772
0.712
0.705
0.6219579
0.6267011
0.714
0.693
0.696
0.6258297
0.633
0.637
0.635
0.635
0.641
0.644
0.641
0.625
0.624
0.625
0.627
0.616
0.602
0.599
0.598
0.597
0.598
0.596
0.597
0.591
0.581
0.586
0.589
0.588
0.577
0.58
0.585
0.57
0.574
0.57
0.567
0.563
0.558
0.559
0.565
0.564
0.563
0.562
0.566
0.567
0.572
0.57
0.564
0.56
0.561
0.559
0.558
0.556
0.555
0.553
0.555
0.553
0.55
0.55
0.547
0.545
0.548
0.546
0.546
0.541
0.542
0.542
0.541
0.541
0.539
0.537
0.537
0.541
0.541
0.544
0.544
0.54
0.533
0.535
0.535
0.538
0.531
0.534
0.533
0.528
0.529
0.531
0.528
0.526
0.53
0.528
0.529
0.527
0.526
0.526
0.525
0.525
0.522
0.5796886
0.6272677
0.521
0.6551959
0.6264053
0.5767755
0.5984822
0.6227355
0.5917413
0.5446404
0.6392464
0.5858231
0.5937095
0.6582958
0.5873074
0.6376507
0.572005
0.6001321
0.6088
0.5746346
0.5911755
0.6099579
0.6316551
0.5593239
0.5997368
0.6340916
0.5936985
0.6174686
0.6256392
0.6185784
0.6304998
0.6062706
0.5971384
0.5276661
0.6069722
0.6231842
0.6263819
0.5923582
0.6649597
0.6184109
0.6133539
0.6489513
0.5869127
0.5951864
0.6837582
0.6094068
0.6598373
0.5641409
0.6029165
0.6205554
0.6180452
0.5773332
0.6091657
0.5749597
0.6306122
0.6421251
0.5390329
0.6466862
0.5695245
0.6222431
0.6285612
0.6017315
0.5878065
0.612967
0.6214146
0.6351848
0.5437414
0.5566244
0.6520205
0.6400108
0.6209179
0.6295669
0.6357917
0.5243531
0.641678
0.5919602
0.6141737
0.5977469
0.6340157
0.5959668
0.6228937
0.5945339
0.5726206
0.6442418
0.6295817
0.6601334
0.6084327
0.6413661
0.6677808
0.5974739
0.5650003
0.5986747
0.599408
0.6107377
0.6592619
0.5957574
0.6174671
0.598717
0.6063888
0.6154766
0.6469935
0.6093757
0.6277381
0.6297435
0.6339251
0.5875228
0.6559943
0.5934483
0.6019665
0.6489169
0.6454478
0.5711925
0.5778995
0.562758
0.6106475
0.6100746
0.6162344
0.6220451
0.5860807
0.5738434
0.6366945
0.6280715
0.5576771
0.6016522
0.5766867
0.5400801
0.609172
0.6019964
0.6013946
0.6111177
0.6318227
0.6107188
0.5850969
0.5813788
0.6001152
0.6138353
0.571791
0.5983849
0.6341994
0.6006904
0.5822914
0.5954128
0.6386697
0.6210673
0.6424131
0.6082219
0.616637
0.5864577
0.6226597
0.5880313
0.5595503
0.6077298
0.6642925
0.6286322
0.6399522
0.614831
0.5846985
0.597327
0.5950984
0.5889969
0.625488
0.5662823
0.6305048
0.6304209
0.5661982
0.6233999
0.6791276
0.5861245
0.629757
0.5790989
0.6380098
0.6112033
0.6548377
0.5579964
0.601806
0.586994
0.5972487
0.5837853
0.5774206
0.6213834
0.5695098
0.6495509
0.5664279
0.6064918
0.6199304
0.6215979
0.5939366
0.6057987
0.6332406
0.5579786
0.5789763
0.6132784
0.5894561
0.6459412
0.6242494
0.6055354
0.5563532
0.6040945
0.5934296
0.60009
0.5664942
0.618792
0.5709278
0.5962236
0.6151359
0.5788725
0.6214064
0.5622786
0.515796
0.6177285
0.629418
0.594356
0.618945
0.5672721
0.5992947
0.5428184
0.512
0.64002
0.6611477
0.516
0.524
0.534
0.533
0.53
0.533
0.544
0.548
0.557
0.552
0.553
0.564
0.576
0.587
0.577
0.591
0.595
0.587
0.588
0.588
0.555
0.57
0.567
0.567
0.555
0.556
0.56
0.549
0.544
0.553
0.549
0.541
0.542
0.549
0.562
0.557
0.559
0.574
0.563
0.563
0.564
0.57
0.559
0.564
0.571
0.582
0.571
0.573
0.582
0.591
0.583
0.577
0.585
0.593
0.593
0.587
0.596
0.606
0.598
0.592
0.598
0.607
0.6
0.585
0.593
0.598
0.598
0.586
0.59
0.601
0.596
0.586
0.59
0.596
0.6
0.591
0.597
0.621
0.615
0.608
0.6375818
0.6033228
0.576
0.572
0.544
0.6032331
0.5571047
0.636
0.645
0.641
0.635
0.621
0.625
0.631
0.646
0.63
0.639
0.648
0.663
0.639
0.644
0.652
0.665
0.643
0.648
0.646
0.625
0.625
0.624
0.622
0.609
0.62
0.625
0.619
0.62
0.629
0.631
0.619
0.621
0.628
0.65
0.642
0.633
0.648
0.655
0.647
0.64
0.643
0.65
0.641
0.635
0.6304098
0.5992905
0.647
0.634
0.632
0.646
0.654
0.641
0.636
0.637
0.635
0.644
0.627
0.633
0.642
0.652
0.64
0.635
0.643
0.655
0.654
0.646
0.646
0.656
0.636
0.651
0.662
0.663
0.644
0.666
0.665
0.662
0.657
0.666
0.67
0.656
0.665
0.666
0.652
0.641
0.652
0.654
0.658
0.648
0.664
0.665
0.669
0.656
0.647
0.657
0.655
0.653
0.644
0.652
0.665
0.656
0.653
0.666
0.685
0.675
0.678
0.686
0.696
0.677
0.666
0.673
0.678
0.664
0.658
0.655
0.647
0.638
0.637
0.642
0.634
0.646
0.651
0.654
0.649
0.641
0.647
0.658
0.654
0.639
0.64
0.645
0.651
0.642
0.636
0.639
0.662
0.658
0.653
0.665
0.676
0.67
0.658
0.66
0.668
0.663
0.651
0.651
0.66
0.665
0.652
0.649
0.666
0.678
0.659
0.66
0.666
0.675
0.666
0.659
0.66
0.67
0.661
0.654
0.654
0.669
0.663
0.654
0.662
0.672
0.666
0.66
0.674
0.674
0.662
0.662
0.67
0.669
0.659
0.653
0.654
0.659
0.65
0.641
0.642
0.653
0.668
0.662
0.654
0.668
0.682
0.677
0.668
0.67
0.676
0.673
0.659
0.654
0.659
0.666
0.656
0.65
0.651
0.662
0.669
0.664
0.664
0.675
0.678
0.668
0.661
0.668
0.678
0.669
0.662
0.666
0.675
0.667
0.657
0.664
0.672
0.672
0.662
0.662
0.674
0.677
0.663
0.658
0.668
0.671
0.662
0.662
0.672
0.677
0.663
0.659
0.672
0.671
0.665
0.655
0.659
0.666
0.662
0.65
0.65
0.657
0.665
0.665
0.653
0.657
0.666
0.67
0.661
0.656
0.657
0.666
0.669
0.659
0.662
0.667
0.675
0.663
0.661
0.666
0.672
0.672
0.66
0.662
0.668
0.673
0.665
0.656
0.661
0.669
0.666
0.655
0.654
0.659
0.666
0.662
0.653
0.656
0.667
0.663
0.649
0.648
0.652
0.661
0.659
0.652
0.652
0.66
0.67
0.666
0.656
0.66
0.673
0.676
0.669
0.657
0.663
0.67
0.67
0.66
0.662
0.666
0.67
0.658
0.654
0.662
0.672
0.671
0.66
0.662
0.669
0.667
0.657
0.649
0.657
0.666
0.664
0.654
0.657
0.661
0.667
0.659
0.654
0.655
0.663
0.667
0.657
0.654
0.656
0.666
0.666
0.658
0.653
0.659
0.664
0.657
0.646
0.646
0.65
0.656
0.65
0.644
0.645
0.647
0.641
0.632
0.629
0.63
0.639
0.65
0.656
0.651
0.641
0.641
0.645
0.652
0.646
0.637
0.641
0.651
0.653
0.652
0.658
0.673
0.684
0.683
0.673
0.675
0.688
0.685
0.669
0.662
0.668
0.676
0.668
0.66
0.658
0.664
0.643
0.65
0.644
0.635
0.613
0.612
0.608
0.607
0.614
0.621
0.621
0.621
0.618
0.616
0.6319905
0.6086887
