0.903
0.923
0.811
0.867
0.858
0.892
0.92
0.942
0.93
0.943
0.96
0.959
0.942
0.96
0.979
0.956
0.968
0.997
0.975
0.981
0.976
0.96
0.984
0.994
0.991
0.972
0.985
1.013
0.979
0.995
1.01
1.012
0.996
1.019
1.024
1
0.988
1.005
0.978
1.007
1.011
1.016
1.002
1.012
1.002
1.006
0.975
0.99
1
0.986
0.99
1.012
0.999
0.971
0.97
0.996
0.983
0.968
1.002
1.001
0.982
0.972
0.967
0.987
0.987
0.971
0.982
1.004
1.009
1.016
1.026
1.031
1.006
1.008
1.021
1.009
1.002
1.019
1.014
0.996
0.984
1.003
1.017
1
1.004
0.997
1.008
1.014
1.006
1.011
1.002
1.001
1.021
1.004
1.005
1.003
1.002
0.975
0.97
0.988
0.996
1.005
1.008
1.016
0.997
0.985
0.994
1.005
0.989
0.988
1.005
1.003
0.989
0.984
0.996
0.979
0.976
0.996
1.007
0.994
0.997
1.001
1.005
0.985
0.971
0.982
1.005
0.992
0.979
0.996
1.001
0.989
0.992
1.007
1.002
0.99
0.994
0.985
0.973
0.967
0.993
1
0.983
0.985
0.989
1.005
1
1.011
1.014
0.993
0.989
0.991
0.999
0.982
0.975
0.974
0.966
0.958
0.989
0.989
0.97
0.988
1
0.985
0.971
0.995
0.98
0.958
0.953
0.969
0.989
0.995
0.99
0.982
0.975
0.982
0.98
0.978
0.975
0.953
0.959
0.978
0.979
0.973
0.987
0.994
0.965
0.973
0.99
0.986
0.966
0.966
0.978
0.979
0.962
0.974
0.984
0.986
0.97
0.919
0.833
0.94
0.954
0.948
0.958
0.978
0.966
0.964
0.973
0.987
0.965
0.957
0.958
0.979
0.965
0.98
0.978
0.994
0.973
0.988
0.996
1
0.982
0.987
0.993
1.001
0.995
1
1.013
1.025
1.039
1.031
1.03
0.996
0.996
1.018
1.019
1.006
1.024
1.032
1.012
1.003
0.996
0.985
0.972
0.961
0.987
0.996
0.983
0.986
1.006
0.999
0.974
0.981
0.99
0.979
0.968
0.986
0.99
0.979
0.989
1.006
0.985
0.977
0.992
0.997
0.991
0.966
1
1.005
0.99
0.999
1.019
1.012
0.982
1.006
1.016
1.004
0.988
0.992
0.999
0.985
0.991
0.984
0.981
0.957
0.987
0.951
0.835
0.95
0.947
0.953
0.983
0.957
0.959
0.958
0.968
0.985
0.948
0.963
0.965
0.954
0.955
0.975
0.989
0.986
0.986
0.986
0.987
0.968
0.902
0.818
0.811
0.762
0.708
0.736
0.707
0.71
0.746
0.728
0.74
0.733
0.729
0.734
0.725
0.709
0.702
0.702
0.679
0.686
0.674
0.68
0.685
0.701
0.705
0.712
0.718
0.729
0.741
0.754
0.747
0.764
0.743
0.749
0.699
0.697
0.692
0.686
0.687
0.681
0.672
0.666
0.68
0.648
0.652
0.67
0.655
0.634
0.657
0.655
0.654
0.635
0.643
0.655
0.634
0.63
0.647
0.635
0.638
0.638
0.641
0.632
0.634
0.632
0.642
0.652
0.628
0.641
0.655
0.636
0.644
0.648
0.645
0.641
0.643
0.643
0.64
0.641
0.656
0.632
0.641
0.651
0.641
0.641
0.64
0.64
0.639
0.635
0.636
0.63
0.63
0.626
0.623
0.614
0.614
0.612
0.614
0.608
0.603
0.611
0.609
0.601
0.607
0.605
0.596
0.599
0.598
0.604
0.598
0.599
0.602
0.605
0.594
0.596
0.596
0.595
0.601
0.597
0.586
0.597
0.587
0.583
0.593
0.587
0.579
0.585
0.585
0.58
0.58
0.574
0.575
0.58
0.571
0.569
0.57
0.57
0.569
0.565
0.563
0.564
0.56
0.561
0.561
0.562
0.563
0.7345941
0.7581753
0.8869223
0.7793943
0.783405
0.8975137
0.8068665
0.6822025
0.7236715
0.7408436
0.8610157
0.7984882
0.8012291
0.7801035
0.7318388
0.900544
0.8073981
0.6295077
0.8216665
0.7368114
0.693712
0.7547899
0.696337
0.7175664
0.7248634
0.6481294
0.8299564
0.7804248
0.6871234
0.8594002
0.7995679
0.7473665
0.8330021
0.8316014
0.82735
0.8175927
0.8077085
0.7631382
0.7453746
0.7398366
0.7170159
0.7519504
0.6755452
0.9230012
0.8535555
0.6853293
0.737102
0.7323504
0.8220791
0.7596822
0.7838079
0.7633376
0.7621585
0.8637802
0.7486828
0.8741558
0.6530133
0.8066891
0.7733305
0.7798333
0.7915006
0.7277775
0.7398381
0.6902921
0.6863253
0.7853569
0.795661
0.7670408
0.8295897
0.9107815
0.7274456
0.5962375
0.8351216
0.7113565
0.7127671
0.8361997
0.7416094
0.6740143
0.7749871
0.7517898
0.7621093
0.7893632
0.7347522
0.645
0.8077236
0.7452627
0.7849776
0.8400356
0.792229
0.7372527
0.8434817
0.8321862
0.799997
0.7775742
0.7149947
0.8582751
0.7168008
0.9176933
0.8703969
0.742812
0.685712
0.7084083
0.7780622
0.7416681
0.7343113
0.690673
0.7559541
0.7025264
0.6387776
0.7315404
0.8251336
0.7173125
0.8025502
0.6419895
0.7545553
0.7959342
0.7801227
0.7659542
0.7120664
0.6969245
0.6842762
0.7665262
0.6896603
0.7225337
0.739369
0.8907063
0.7106908
0.7746
0.7631829
0.6881462
0.7522889
0.861517
0.7898544
0.7602103
0.7267125
0.6090734
0.541
0.554
0.548
0.56
0.551
0.557
0.553
0.553
0.556
0.553
0.559
0.567
0.573
0.579
0.595
0.593
0.586
0.601
0.595
0.624
0.627
0.612
0.669
0.684
0.685
0.722
0.821
0.637
0.752
0.729
0.668
0.86
0.758
0.686
0.811
0.679
0.8366909
0.941
0.876
0.787
0.675
0.801
0.678
0.794
0.656
0.676
0.665
0.752
0.685
0.788
0.677
0.718
0.703
0.801
0.694
0.921
0.847
0.835
0.727
0.744
0.733
0.833
0.711
0.86
0.826
0.731
0.757
0.743
0.735
0.926
0.875
0.747
0.777
0.772
0.726
0.704
0.82
0.817
0.721
0.766
0.779
0.752
0.759
0.6488968
0.8076376
0.8920181
0.6503582
0.933
0.891
0.8053637
0.951
0.878
0.951
0.929
0.875
0.915
0.916
0.936
0.7370495
0.6427596
0.923
0.922
0.94
0.958
0.875
0.78
0.894
0.786
0.878
0.884
0.9
0.914
0.923
0.961
0.947
0.895
0.881
0.92
0.905
0.882
0.916
0.933
0.924
0.897
0.918
0.6525042
0.944
0.938
0.96
0.913
0.87
0.878
0.915
0.881
0.793
0.8
0.776
0.847
0.82
0.838
0.857
0.889
0.892
0.865
0.791
0.896
0.799
0.872
0.785
0.949
0.918
0.877
0.841
0.876
0.883
0.861
0.785
0.918
0.872
0.862
0.832
0.861
0.875
0.875
0.839
0.764
0.858
0.841
0.854
0.834
0.857
0.861
0.851
0.829
0.838
0.894
0.915
0.854
0.774
0.9
0.881
0.892
0.874
0.868
0.901
0.886
0.855
0.861
0.885
0.931
0.907
0.859
0.86
0.867
0.874
0.875
0.904
0.939
0.958
0.906
0.911
0.907
0.877
0.886
0.933
0.934
0.909
0.92
0.933
0.904
0.873
0.874
0.849
0.746
0.839
0.855
0.88
0.894
0.876
0.89
0.915
0.908
0.884
0.868
0.878
0.883
0.87
0.863
0.894
0.88
0.882
0.898
0.897
0.891
0.882
0.836
0.847
0.854
0.859
0.832
0.853
0.869
0.844
0.825
0.838
0.838
0.843
0.848
0.85
0.848
0.842
0.867
0.887
0.862
0.851
0.874
0.873
0.837
0.859
0.882
0.878
0.891
0.878
0.878
0.863
0.826
0.83
0.846
0.864
0.877
0.895
0.86
0.849
0.853
0.875
0.868
0.842
0.865
0.88
0.854
0.832
0.842
0.869
0.878
0.859
0.866
0.903
0.879
0.856
0.878
0.901
0.885
0.888
0.92
0.873
0.877
0.882
0.874
0.847
0.856
0.878
0.871
0.859
0.868
0.881
0.864
0.848
0.881
0.875
0.857
0.9
0.896
0.883
0.883
0.898
0.908
0.874
0.856
0.876
0.903
0.881
0.889
0.868
0.886
0.875
0.88
0.88
0.894
0.886
0.865
0.88
0.895
0.872
0.866
0.879
0.889
0.861
0.878
0.885
0.887
0.886
0.886
0.908
0.903
0.887
0.873
0.869
0.853
0.865
0.882
0.861
0.842
0.854
0.874
0.874
0.87
0.887
0.893
0.839
0.831
0.833
0.833
0.803
0.803
0.799
0.803
0.78
0.859
0.82
0.833
0.843
0.854
0.852
0.871
0.864
0.884
0.9
0.896
0.875
0.896
0.895
0.881
0.903
0.914
0.898
0.888
0.878
0.948
0.883
0.889
0.86
0.846
0.855
0.864
0.854
0.855
0.857
0.852
0.858
0.854
0.832
0.823
0.795
0.792
0.822
0.88
0.838
0.865
0.841
0.834
0.832
0.831
0.825
0.833
0.836
0.84
0.906
0.828
0.928
0.838
0.88
0.861
0.833
0.825
0.791
0.778
0.77
0.768
0.757
0.755
0.76
0.742
0.739
0.733
0.729
0.725
0.738
0.744
0.757
0.754
0.78
0.785
0.86
0.796
0.806
0.786
0.799
0.888
0.805
0.823
0.834
0.842
0.843
0.876
0.83
0.906
0.904
0.91
0.831
0.838
0.824
0.837
0.866
0.946
0.819
0.845
0.829
0.838
0.896
0.892
0.897
0.917
0.909
0.857
0.879
0.846
0.819
0.815
0.814
0.809
0.819
0.783
0.79
0.782
0.799
0.795
0.781
0.783
0.799
0.821
0.807
0.793
0.81
0.807
0.881
0.78
0.808
0.799
0.804
0.828
0.898
0.821
0.849
0.863
0.859
0.857
0.846
0.84
0.833
0.827
0.836
0.812
0.798
0.795
0.796
0.815
0.874
0.818
0.822
0.892
0.875
0.887
0.842
0.878
0.874
0.873
0.856
0.829
0.848
0.849
0.959
0.873
0.931
0.912
0.874
0.874
0.926
0.894
0.822
0.881
0.831
0.82
0.806
0.798
0.798
0.814
0.8
0.787
0.791
0.81
0.871
0.799
0.824
0.899
0.876
0.858
0.88
0.864
0.89
0.865
0.848
0.851
0.853
0.828
0.793
0.789
0.782
0.785
0.803
0.853
0.787
0.823
0.813
0.825
0.895
0.819
0.907
0.817
0.908
0.812
0.84
0.859
0.925
0.866
0.86
0.852
0.923
0.9
0.942
0.96
0.953
0.886
0.885
0.894
0.878
0.874
0.862
0.926
0.852
0.967
0.891
0.957
0.928
0.906
0.918
0.896
0.892
0.95
0.877
0.9
0.881
0.937
0.913
0.911
0.89
0.887
0.902
0.962
0.871
0.877
0.918
0.893
0.827
0.858
0.846
0.828
0.823
0.88
0.802
0.827
0.875
0.817
0.883
0.799
0.841
0.901
0.867
0.814
0.906
0.811
0.826
0.832
0.957
0.89
0.881
0.883
0.882
0.893
0.909
0.864
0.874
0.942
0.834
0.904
0.889
0.921
0.917
0.851
0.935
0.872
0.886
0.887
0.95
0.911
0.857
0.917
0.891
0.822
0.838
0.839
0.89
0.868
0.873
0.847
0.859
0.891
0.922
0.927
0.914
0.869
0.873
0.872
0.916
0.9
0.927
0.934
0.855
0.851
0.909
0.875
0.894
0.909
0.909
0.923
0.911
0.913
0.916
0.915
0.899
0.849
0.926
0.832
0.858
0.884
0.878
0.892
0.876
0.882
0.89
0.895
0.908
0.916
0.863
0.931
0.916
0.925
0.898
0.844
0.839
0.828
0.839
0.848
0.825
0.831
0.884
0.863
0.855
0.857
0.858
0.866
0.875
0.833
0.911
0.88
0.901
0.9
0.896
0.91
0.918
0.866
0.922
0.903
0.903
0.901
0.858
0.868
0.916
0.886
0.873
0.874
0.856
0.86
0.86
0.844
0.833
0.819
0.767
0.834
0.812
0.825
0.84
0.839
0.826
0.875
0.88
0.89
0.903
0.9
0.831
0.866
0.851
0.895
0.86
0.878
0.878
0.841
0.906
0.865
0.869
0.872
0.878
0.813
0.814
0.864
0.862
0.873
0.864
0.885
0.887
0.897
0.896
0.894
0.872
0.872
0.896
0.916
0.924
0.918
0.915
0.905
0.87
0.839
0.819
0.828
0.868
0.867
0.875
0.882
0.877
0.865
0.834
0.891
0.817
0.824
0.819
0.883
0.86
0.814
0.884
0.878
0.873
0.881
0.896
0.888
0.873
0.88
0.82
0.892
0.854
0.805
0.798
0.8
0.826
0.795
0.786
0.808
0.832
0.86
0.868
0.905
0.9
0.932
0.94
0.936
0.919
0.846
0.851
0.845
0.832
0.876
0.79
0.893
0.866
0.871
0.816
0.825
0.825
0.818
0.861
0.786
0.832
0.803
0.802
0.831
0.859
0.838
0.815
0.797
0.775
0.75
0.745
0.723
0.711
0.706
0.686
0.676
0.679
0.678
0.691
0.692
0.705
0.704
0.712
0.716
0.732
0.733
0.755
0.76
0.758
0.762
0.748
0.745
0.737
0.733
0.72
0.715
0.708
0.709
0.717
0.688
0.681
0.669
0.678
0.683
0.679
0.666
0.668
0.669
0.675
0.678
0.679
0.689
0.685
0.68
0.674
0.669
0.666
0.667
0.662
0.663
0.65
0.652
0.646
0.64
0.637
0.632
0.628
0.642
0.626
0.652
0.645
0.645
0.646
0.657
0.683
0.706
0.707
0.726
0.731
0.732
0.709
0.726
0.721
0.72
0.754
0.775
0.772
0.734
0.753
0.739
0.707
0.704
0.707
0.691
0.701
0.696
0.679
0.68
0.668
0.666
0.676
0.669
0.645
0.666
0.659
0.665
0.668
0.711
0.713
0.714
0.769
0.775
0.787
0.816
0.807
0.81
0.801
0.785
0.731
0.733
0.732
0.725
0.708
0.721
0.73
0.708
0.71
0.721
0.751
0.757
0.736
0.767
0.762
0.728
0.816
0.747
0.807
0.743
0.733
0.739
0.719
0.707
0.7
0.75
0.711
0.696
0.716
0.711
0.712
0.711
0.731
0.728
0.716
0.721
0.718
0.701
0.722
0.716
0.734
0.733
0.79
0.715
0.827
0.741
0.833
0.754
0.777
0.777
0.839
0.78
0.865
0.844
0.868
0.83
0.877
0.786
0.872
0.839
0.845
0.852
0.862
0.862
0.883
0.879
0.903
0.849
0.901
0.875
0.907
0.875
0.93
0.832
0.917
0.864
0.912
0.889
0.898
0.889
0.885
0.875
0.832
0.898
0.824
0.9
0.867
0.868
0.883
0.879
0.873
0.898
0.874
0.908
0.876
0.832
0.921
0.842
0.874
0.924
0.836
0.92
0.855
0.939
0.892
0.846
0.876
0.917
0.833
0.929
0.835
0.921
0.843
0.921
0.829
0.922
0.85
0.911
0.831
0.915
0.875
0.877
0.879
0.834
0.879
0.816
0.791
0.777
0.757
0.753
0.746
0.746
0.743
0.734
0.738
0.744
0.743
0.808
0.792
0.755
0.756
0.737
0.735
0.73
0.718
0.717
0.711
0.711
0.713
0.731
0.745
0.74
0.744
0.732
0.728
0.735
0.728
0.728
0.721
0.716
0.716
0.715
0.719
0.711
0.703
0.694
0.692
0.69
0.689
0.699
0.698
0.704
0.709
0.708
0.698
0.703
0.707
0.716
0.712
0.753
0.71
0.72
0.725
0.734
0.71
0.708
0.717
0.727
0.744
0.766
0.774
0.768
0.785
0.835
0.81
0.771
0.838
0.78
0.847
0.757
0.784
0.766
0.758
0.75
0.75
0.77
0.775
0.775
0.769
0.779
0.78
0.775
0.76
0.773
0.772
0.783
0.786
0.78
0.755
0.776
0.782
0.791
0.872
0.777
0.808
0.801
0.801
0.812
0.787
0.778
0.76
0.75
0.828
0.756
0.779
0.852
0.84
0.835
0.82
0.825
0.816
0.816
0.833
0.839
0.843
0.833
0.889
0.83
0.901
0.82
0.851
0.918
0.861
0.915
0.916
0.933
0.904
0.875
0.869
0.868
0.841
0.833
0.868
0.911
0.83
0.914
0.932
0.948
0.923
0.928
0.906
0.937
0.913
0.891
0.86
0.858
0.869
0.886
0.884
0.873
0.932
0.828
0.875
0.878
0.885
0.853
0.865
0.877
0.917
0.916
0.914
0.933
0.898
0.95
0.894
0.885
0.918
0.873
0.804
0.765
0.751
0.743
0.725
0.718
0.712
0.722
0.706
0.715
0.706
0.708
0.715
0.701
0.709
0.708
0.718
0.727
0.734
0.741
0.789
0.781
0.797
0.813
0.826
0.843
0.797
0.866
0.861
0.887
0.895
0.819
0.873
0.796
0.882
0.833
0.842
0.854
0.833
0.842
0.833
0.775
0.802
0.836
0.764
0.79
0.848
0.768
0.82
0.787
0.742
0.748
0.742
0.751
0.812
0.782
0.794
0.808
0.813
0.823
0.846
0.85
0.856
0.847
0.852
0.785
0.865
0.838
0.835
0.84
0.855
0.842
0.864
0.881
0.871
0.859
0.869
0.876
0.87
0.849
0.865
0.849
0.842
0.838
0.843
0.856
0.872
0.867
0.868
0.876
0.884
0.881
0.882
0.882
0.89
0.884
0.866
0.848
0.862
0.87
0.877
0.913
0.902
0.881
0.819
0.762
0.747
0.735
0.714
0.706
0.709
0.705
0.713
0.724
0.721
0.727
0.73
0.721
0.731
0.735
0.733
0.735
0.735
0.741
0.728
0.741
0.751
0.765
0.771
0.788
0.802
0.771
0.789
0.841
0.81
0.773
0.86
0.852
0.872
0.852
0.89
0.916
0.923
0.916
0.929
0.942
0.945
0.919
0.916
0.934
0.943
0.948
0.949
0.902
0.849
0.918
0.898
0.921
0.933
0.922
0.907
0.898
0.918
0.923
0.916
0.936
0.927
0.935
0.894
0.915
0.912
0.916
0.923
0.879
0.918
0.933
0.886
0.961
0.875
0.939
0.945
0.903
0.939
0.869
0.863
0.949
0.905
0.913
0.937
0.935
0.952
0.95
0.865
0.954
0.915
0.927
0.905
0.869
0.871
0.816
0.817
0.812
0.81
0.796
0.784
0.769
0.764
0.752
0.745
0.738
0.729
0.736
0.775
0.754
0.816
0.82
0.847
0.861
0.883
0.862
0.916
0.892
0.923
0.865
0.822
0.801
0.81
0.801
0.823
0.905
0.902
0.92
0.92
0.886
0.959
0.911
0.992
0.931
0.912
0.925
0.966
0.923
0.909
0.844
0.848
0.86
0.837
0.816
0.801
0.775
0.774
0.752
0.733
0.723
0.713
0.71
0.709
0.699
0.698
0.695
0.699
0.722
0.752
0.764
0.801
0.801
0.858
0.87
0.839
0.852
0.857
0.864
0.835
0.921
0.852
0.857
0.902
0.842
0.934
0.908
0.853
0.859
0.847
0.942
0.939
0.899
0.941
0.934
0.951
0.935
0.969
0.907
0.88
0.822
0.814
0.817
0.796
0.783
0.775
0.773
0.772
0.76
0.76
0.753
0.742
0.738
0.735
0.726
0.715
0.71
0.708
0.714
0.718
0.719
0.72
0.727
0.744
0.744
0.791
0.755
0.8
0.797
0.769
0.826
0.814
0.828
0.835
0.852
0.867
0.821
0.895
0.83
0.883
0.819
0.91
0.824
0.85
0.901
0.88
0.843
0.909
0.895
0.901
0.842
0.947
0.932
0.914
0.9
0.906
0.843
0.818
0.818
0.793
0.817
0.803
0.877
0.868
0.868
0.882
0.902
0.934
0.952
0.963
0.961
0.945
0.918
0.942
0.925
0.933
0.854
0.869
0.859
0.832
0.851
0.833
0.916
0.902
0.917
0.916
0.87
0.943
0.927
0.94
0.954
0.902
0.899
0.954
0.917
0.873
0.909
0.899
0.846
0.858
0.93
0.798
0.908
0.904
0.903
0.932
0.933
0.928
0.916
0.968
0.97
0.977
0.945
0.93
0.921
0.919
0.868
0.878
0.911
0.904
0.915
0.917
0.949
0.963
0.948
0.957
0.962
0.953
0.943
0.953
0.979
0.939
0.933
0.952
0.945
0.924
0.95
0.953
0.955
0.936
0.958
0.955
0.905
0.921
0.923
0.955
0.971
0.988
1.002
0.987
0.974
0.911
0.896
0.876
0.841
0.882
0.924
0.917
0.971
0.981
0.997
0.963
0.974
0.917
1.004
0.971
0.984
0.958
0.985
0.968
0.971
0.982
0.97
0.949
0.947
0.955
0.958
0.959
0.932
0.946
0.941
0.889
0.885
0.892
0.939
0.894
0.852
0.863
0.855
0.847
0.905
0.89
0.904
0.849
0.944
0.924
0.916
0.884
0.94
0.922
0.937
0.925
0.907
0.926
0.935
0.88
0.97
0.886
0.95
0.866
0.961
0.879
0.927
0.91
0.927
0.922
0.899
0.916
0.928
0.931
0.917
0.932
0.94
0.929
0.916
0.933
0.93
0.929
0.927
0.893
0.875
0.871
0.881
0.907
0.891
0.862
0.902
0.805
0.823
0.818
0.781
0.781
0.789
0.778
0.852
0.85
0.866
0.9
0.906
0.857
0.927
0.905
0.852
0.908
0.84
0.926
0.901
0.902
0.947
0.946
0.958
0.955
0.951
0.952
0.951
0.917
0.922
0.931
0.926
0.93
0.923
0.917
0.928
0.922
0.923
0.878
0.925
0.916
0.91
0.908
0.929
0.961
0.963
0.957
0.953
0.958
0.962
0.936
0.939
0.946
0.949
0.93
0.949
0.967
0.968
0.915
0.906
0.896
0.939
0.957
0.964
0.96
0.938
0.959
0.949
0.952
0.948
0.941
0.928
0.921
0.914
0.933
0.952
0.956
0.958
0.944
0.936
0.933
0.93
0.919
0.921
0.924
0.922
0.916
0.928
0.945
0.961
0.978
0.965
0.949
0.944
0.962
0.944
0.919
0.905
0.897
0.861
0.845
0.816
0.809
0.875
0.877
0.915
0.912
0.914
0.924
0.928
0.939
0.924
0.83
0.831
0.811
0.798
0.79
0.771
0.77
0.751
0.785
0.755
0.776
0.815
0.844
0.875
0.898
0.915
0.941
0.948
0.928
0.939
0.968
0.958
0.906
0.902
0.912
0.916
0.901
0.911
0.901
0.879
0.857
0.861
0.869
0.881
0.875
0.887
0.833
0.885
0.861
0.857
0.866
0.835
0.844
0.853
0.865
0.867
0.859
0.814
0.816
0.866
0.794
0.796
0.837
0.771
0.831
0.802
0.875
0.895
0.904
0.883
0.888
0.891
0.919
0.929
0.925
0.913
0.855
0.923
0.875
0.828
0.836
0.825
0.827
0.799
0.847
0.837
0.848
0.854
0.804
0.867
0.862
0.873
0.867
0.817
0.816
0.827
0.867
0.83
0.835
0.804
0.81
0.806
0.793
0.787
0.838
0.761
0.789
0.786
0.766
0.807
0.79
0.811
0.826
0.842
0.834
0.813
0.855
0.833
0.851
0.848
0.851
0.813
0.831
0.812
0.82
0.879
0.864
0.869
0.899
0.904
0.91
0.92
0.916
0.919
0.933
0.924
0.938
0.919
0.927
0.924
0.92
0.905
0.854
0.863
0.866
0.86
0.907
0.837
0.842
0.832
0.881
0.853
0.874
0.889
0.889
0.9
0.909
0.898
0.914
0.909
0.895
0.905
0.918
0.923
0.929
0.931
0.916
0.916
0.928
0.876
0.928
0.905
0.909
0.889
0.873
0.832
0.881
0.889
0.91
0.945
0.927
0.901
0.875
0.886
0.925
0.938
0.971
0.966
0.978
0.936
0.935
0.936
0.97
0.945
0.925
0.873
0.952
0.933
0.945
0.933
0.936
0.935
0.941
0.889
0.939
0.933
0.937
0.947
0.952
0.951
0.947
0.949
0.952
0.926
0.884
0.919
0.852
0.913
0.893
0.881
0.898
0.899
0.897
0.896
0.922
0.937
0.939
0.927
0.936
0.939
0.936
0.921
0.9
0.931
0.925
0.877
0.906
0.887
0.841
0.894
0.881
0.892
0.888
0.896
0.927
0.943
0.941
0.926
0.94
0.953
0.947
0.953
0.936
0.938
0.939
0.953
0.951
0.94
0.945
0.925
0.944
0.927
0.901
0.915
0.913
0.943
0.952
0.963
0.945
0.922
0.899
0.861
0.899
0.859
0.868
0.845
0.835
0.876
0.864
0.88
0.869
0.82
0.884
0.853
0.847
0.872
0.886
0.879
0.902
0.932
0.955
0.967
0.935
0.964
0.958
0.965
0.952
0.947
0.948
0.845
0.858
0.826
0.88
0.865
0.852
0.803
0.817
0.803
0.792
0.791
0.809
0.851
0.85
0.874
0.908
0.915
0.908
0.933
0.943
0.942
0.949
0.936
0.935
0.928
0.935
0.91
0.903
0.918
0.941
0.963
0.954
0.961
0.947
0.946
0.918
0.865
0.909
0.826
0.886
0.881
0.888
0.901
0.852
0.875
0.889
0.89
0.882
0.873
0.863
0.863
0.857
0.85
0.848
0.827
0.812
0.808
0.825
0.842
0.869
0.86
0.876
0.849
0.819
0.853
0.865
0.858
0.851
0.869
0.879
0.889
0.875
0.884
0.881
0.875
0.89
0.912
0.936
0.957
0.954
0.895
0.894
0.829
0.893
0.855
0.812
0.86
0.841
0.863
0.867
0.882
0.89
0.866
0.82
0.873
0.895
0.92
0.93
0.946
0.944
0.944
0.961
0.953
0.958
0.943
0.932
0.922
0.91
0.89
0.896
0.934
0.978
0.972
0.956
0.897
0.913
0.912
0.923
0.917
0.912
0.935
0.948
0.955
0.935
0.958
0.965
0.956
0.937
0.951
0.95
0.969
0.948
0.933
0.94
0.946
0.971
0.97
0.986
0.95
0.951
0.944
0.936
0.938
0.876
0.926
0.9
0.824
0.917
0.897
0.895
0.909
0.912
0.852
0.899
0.889
0.916
0.905
0.923
0.919
0.905
0.859
0.914
0.897
0.914
0.916
0.892
0.892
0.815
0.84
0.877
0.851
0.863
0.848
0.847
0.841
0.848
0.87
0.886
0.899
0.916
0.928
0.92
0.898
0.859
0.92
0.893
0.842
0.889
0.833
0.896
0.875
0.877
0.836
0.889
0.871
0.883
0.896
0.913
0.92
0.926
0.93
0.922
0.934
0.93
0.927
0.94
0.931
0.908
0.886
0.876
0.852
0.84
0.882
0.848
0.849
0.87
0.859
0.889
0.905
0.919
0.919
0.937
0.966
0.972
0.983
0.955
0.963
0.951
0.959
0.952
0.917
0.857
0.87
0.86
0.893
0.951
0.982
0.973
0.967
0.951
0.909
0.926
0.932
0.911
0.937
0.944
0.969
0.994
0.954
0.919
0.905
0.889
0.868
0.921
0.908
0.925
0.922
0.882
0.909
0.837
0.905
0.822
0.828
0.826
0.89
0.883
0.909
0.907
0.94
0.945
0.952
0.933
0.927
0.946
0.948
0.95
0.944
0.941
0.931
0.92
0.916
0.899
0.889
0.839
0.919
0.905
0.943
0.941
0.951
0.963
0.984
0.979
0.962
0.963
0.983
0.957
0.949
0.954
0.954
0.949
0.932
0.937
0.953
0.947
0.904
0.919
0.925
0.928
0.917
0.903
0.911
0.875
0.876
0.91
0.889
0.882
0.91
0.921
0.902
0.922
0.928
0.946
0.959
0.972
0.929
0.895
0.934
0.909
0.9
0.9
0.927
0.929
0.919
0.904
0.906
0.883
0.897
0.92
0.898
0.923
0.906
0.91
0.92
0.913
0.859
0.915
0.834
0.891
0.876
0.885
0.897
0.873
0.87
0.884
0.881
0.888
0.892
0.905
0.885
0.894
0.922
0.941
0.942
0.933
0.934
0.939
0.93
0.928
0.912
0.876
0.881
0.899
0.888
0.915
0.919
0.905
0.913
0.866
0.876
0.887
0.904
0.906
0.883
0.883
0.882
0.876
0.852
0.849
0.831
0.839
0.859
0.875
0.898
0.913
0.922
0.939
0.956
0.963
0.942
0.952
0.969
0.954
0.915
0.937
0.916
0.854
0.856
0.818
0.813
0.81
0.847
0.827
0.827
0.85
0.869
0.874
0.887
0.891
0.91
0.898
0.915
0.947
0.957
0.963
0.942
0.945
0.916
0.925
0.945
0.957
0.931
0.953
0.993
1.01
1
0.942
0.874
0.896
0.833
0.922
0.917
0.948
0.95
0.956
0.94
0.904
0.968
0.943
0.941
0.943
0.944
0.937
0.934
0.954
0.938
0.956
0.937
0.926
0.917
0.875
0.951
0.927
0.924
0.978
1.033
1.018
0.995
0.921
0.962
0.947
0.941
0.91
0.919
0.918
0.945
0.921
0.922
0.929
0.952
0.955
0.954
0.957
0.956
0.934
0.886
0.919
0.853
0.901
0.932
0.952
0.957
0.967
0.973
0.94
0.94
0.923
0.909
0.897
0.881
0.843
0.893
0.885
0.91
0.945
0.936
0.941
0.932
0.923
0.834
0.909
0.909
0.902
0.896
0.842
0.906
0.875
0.862
0.863
0.87
0.875
0.864
0.882
0.912
0.918
0.927
0.945
0.967
0.983
0.95
0.948
0.914
0.874
0.912
0.886
0.863
0.871
0.835
0.887
0.852
0.798
0.813
0.834
0.816
0.837
0.848
0.866
0.888
0.91
0.919
0.924
0.948
0.94
0.932
0.939
0.926
0.924
0.923
0.916
0.923
0.875
0.884
0.835
0.838
0.829
0.824
0.826
0.822
0.84
0.821
0.833
0.837
0.845
0.831
0.813
0.817
0.808
0.787
0.799
0.806
0.81
0.798
0.81
0.775
0.767
0.766
0.75
0.745
0.749
0.769
0.723
0.744
0.73
0.745
0.736
0.737
0.741
0.737
0.728
0.728
0.722
0.725
0.724
0.709
0.718
0.718
0.719
0.751
0.737
0.76
0.768
0.79
0.78
0.829
0.77
0.843
0.783
0.809
0.806
0.805
0.801
0.79
0.776
0.777
0.767
0.762
0.762
0.746
0.737
0.711
0.695
0.715
0.71
0.727
0.723
0.737
0.749
0.728
0.736
0.739
0.733
0.742
0.737
0.742
0.747
0.753
0.75
0.742
0.742
0.735
0.743
0.755
0.767
0.755
0.759
0.805
0.732
0.756
0.794
0.777
0.756
0.752
0.741
0.738
0.71
0.714
0.714
0.679
0.672
0.671
0.664
0.658
0.643
0.648
0.652
0.66
0.665
0.645
0.673
0.665
0.668
0.673
0.666
0.686
0.684
0.688
0.691
0.699
0.711
0.71
0.69
0.696
0.732
0.757
0.729
0.717
0.754
0.722
0.736
0.748
0.74
0.731
0.732
0.766
0.775
0.777
0.78
0.775
0.803
0.809
0.807
0.817
0.821
0.822
0.833
0.823
0.803
0.771
0.783
0.825
0.763
0.815
0.756
0.83
0.828
0.817
0.807
0.825
0.833
0.833
0.833
0.796
0.8
0.792
0.796
0.793
0.801
0.809
0.819
0.816
0.818
0.769
0.841
0.77
0.784
0.774
0.77
0.82
0.808
0.829
0.841
0.856
0.869
0.861
0.861
0.848
0.808
0.801
0.843
0.821
0.849
0.874
0.882
0.874
0.876
0.873
0.83
0.832
0.832
0.828
0.825
0.83
0.855
0.842
0.844
0.858
0.876
0.888
0.891
0.874
0.842
0.852
0.857
0.862
0.859
0.851
0.835
0.838
0.859
0.876
0.867
0.875
0.865
0.853
0.798
0.818
0.83
0.817
0.812
0.822
0.799
0.824
0.798
0.82
0.801
0.814
0.82
0.799
0.802
0.798
0.786
0.797
0.791
0.79
0.787
0.802
0.819
0.828
0.829
0.839
0.846
0.852
0.838
0.803
0.818
0.837
0.861
0.835
0.838
0.838
0.844
0.856
0.861
0.863
0.866
0.867
0.846
0.854
0.848
0.843
0.849
0.849
0.825
0.821
0.849
0.865
0.866
0.867
0.871
0.855
0.856
0.841
0.841
0.838
0.85
0.875
0.913
0.903
0.908
0.871
0.851
0.857
0.853
0.853
0.847
0.852
0.861
0.878
0.873
0.865
0.827
0.834
0.815
0.8
0.761
0.808
0.794
0.803
0.823
0.849
0.843
0.836
0.844
0.863
0.829
0.818
0.83
0.836
0.848
0.829
0.789
0.849
0.79
0.844
0.826
0.833
0.844
0.832
0.838
0.776
0.804
0.785
0.775
0.806
0.78
0.774
0.791
0.814
0.831
0.85
0.864
0.856
0.85
0.834
0.827
0.826
0.834
0.823
0.821
0.811
0.813
0.803
0.826
0.835
0.858
0.868
0.862
0.86
0.855
0.832
0.826
0.851
0.84
0.846
0.846
0.828
0.822
0.804
0.801
0.794
0.819
0.834
0.848
0.866
0.856
0.849
0.868
0.864
0.865
0.846
0.84
0.833
0.843
0.857
0.7050338
0.7822733
0.7152077
0.853
0.844
0.84
0.838
0.866
0.863
0.858
0.834
0.833
0.826
0.823
0.847
0.837
0.848
0.84
0.841
0.821
0.835
0.869
0.875
0.89
0.859
0.849
0.842
0.832
0.833
0.827
0.821
0.817
0.805
0.802
0.811
0.835
0.866
0.876
0.881
0.852
0.854
0.846
0.829
0.839
0.842
0.864
0.873
0.88
0.875
0.867
0.861
0.851
0.845
0.829
0.833
0.833
0.823
0.822
0.858
0.875
0.861
0.861
0.842
0.833
0.805
0.806
0.815
0.831
0.835
0.844
0.84
0.843
0.841
0.824
0.816
0.81
0.838
0.87
0.869
0.861
0.857
0.849
0.853
0.844
0.852
0.848
0.843
0.841
0.865
0.866
0.853
0.851
0.871
0.897
0.907
0.877
0.866
0.845
0.833
0.818
0.828
0.831
0.846
0.879
0.87
0.882
0.875
0.866
0.844
0.857
0.868
0.882
0.881
0.89
0.913
0.939
0.93
0.916
0.904
0.888
0.853
0.848
0.863
0.874
0.873
0.861
0.851
0.826
0.826
0.833
0.833
0.853
0.85
0.874
0.877
0.883
0.875
0.871
0.857
0.867
0.869
0.875
0.872
0.842
0.825
0.855
0.831
0.851
0.869
0.889
0.9
0.896
0.902
0.895
0.882
0.879
0.877
0.867
0.866
0.85
0.87
0.899
0.887
0.886
0.899
0.927
0.923
0.919
0.904
0.869
0.872
0.873
0.858
0.864
0.889
0.896
0.86
0.845
0.828
0.833
0.833
0.838
0.847
0.872
0.867
0.879
0.893
0.898
0.892
0.905
0.894
0.898
0.922
0.923
0.926
0.92
0.923
0.924
0.903
0.878
0.876
0.876
0.885
0.869
0.888
0.903
0.908
0.919
0.925
0.934
0.913
0.898
0.875
0.889
0.872
0.851
0.852
0.869
0.884
0.883
0.873
0.871
0.807
0.851
0.814
0.815
0.821
0.838
0.858
0.852
0.853
0.803
0.8
0.832
0.795
0.759
0.759
0.773
0.71
0.754
0.741
0.75
0.775
0.774
0.775
0.794
0.79
0.789
0.767
0.769
0.796
0.781
0.794
0.822
0.831
0.849
0.856
0.852
0.866
0.876
0.874
0.875
0.875
0.879
0.874
0.886
0.898
0.882
0.906
0.914
0.901
0.906
0.869
0.85
0.806
0.796
0.77
0.764
0.765
0.761
0.769
0.767
0.768
0.736
0.74
0.759
0.747
0.764
0.773
0.764
0.769
0.769
0.75
0.75
0.744
0.745
0.738
0.737
0.734
0.739
0.745
0.734
0.718
0.734
0.726
0.719
0.73
0.738
0.739
0.746
0.763
0.766
0.765
0.783
0.816
0.83
0.851
0.867
0.869
0.885
0.855
0.9
0.895
0.872
0.861
0.798
0.799
0.762
0.763
0.761
0.761
0.804
0.779
0.793
0.805
0.84
0.854
0.872
0.881
0.906
0.907
0.906
0.859
0.91
0.903
0.85
0.824
0.914
0.88
0.903
0.892
0.892
0.87
0.876
0.915
0.937
0.916
0.945
0.937
0.927
0.871
0.878
0.86
0.851
0.848
0.903
0.839
0.91
0.845
0.928
0.812
0.85
0.842
0.898
0.828
0.892
0.824
0.852
0.844
0.82
0.904
0.895
0.926
0.932
0.898
0.889
0.851
0.859
0.83
0.828
0.828
0.921
0.923
0.94
0.858
0.947
0.935
0.891
0.876
0.882
0.849
0.841
0.848
0.828
0.906
0.892
0.932
0.94
0.854
0.88
0.871
0.934
0.856
0.942
0.878
0.888
0.964
0.968
0.961
0.986
0.956
0.95
0.948
0.997
0.984
0.932
0.908
0.867
0.901
0.835
0.803
0.796
0.783
0.78
0.778
0.838
0.834
0.867
0.887
0.892
0.845
0.86
0.867
0.812
0.795
0.796
0.789
0.791
0.853
0.769
0.777
0.768
0.765
0.758
0.742
0.766
0.771
0.794
0.777
0.842
0.827
0.848
0.867
0.795
0.798
0.791
0.782
0.77
0.763
0.759
0.758
0.803
0.782
0.804
0.755
0.839
0.786
0.855
0.787
0.816
0.877
0.821
0.888
0.864
0.819
0.841
0.844
0.894
0.872
0.847
0.864
0.846
0.862
0.842
0.8
0.783
0.78
0.846
0.851
0.875
0.9
0.847
0.904
0.891
0.875
0.835
0.906
0.885
0.906
0.912
0.905
0.904
0.905
0.87
0.875
0.839
0.913
0.906
0.943
0.984
0.986
0.927
0.934
0.958
0.896
0.862
0.835
0.843
0.901
0.878
0.898
0.856
0.861
0.878
0.875
0.891
0.886
0.946
0.962
0.974
0.965
0.911
0.934
0.911
0.853
0.861
0.903
0.886
0.919
0.929
0.93
0.919
0.935
0.928
0.874
0.904
0.88
0.848
0.853
0.912
0.886
0.844
0.854
0.849
0.927
0.904
0.86
0.85
0.835
0.836
0.814
0.823
0.872
0.8
0.866
0.846
0.875
0.833
0.866
0.816
0.907
0.887
0.91
0.907
0.892
0.823
0.827
0.831
0.829
0.887
0.875
0.891
0.849
0.85
0.915
0.899
0.908
0.865
0.9
0.893
0.883
0.877
0.845
0.851
0.909
0.884
0.853
0.853
0.914
0.832
0.905
0.889
0.904
0.889
0.842
0.897
0.847
0.844
0.904
0.839
0.929
0.888
0.857
0.863
0.907
0.837
0.922
0.828
0.914
0.903
0.908
0.913
0.908
0.837
0.856
0.843
0.826
0.822
0.833
0.906
0.884
0.852
0.825
0.869
0.871
0.896
0.908
0.905
0.9
0.853
0.867
0.861
0.854
0.824
0.874
0.866
0.91
0.942
0.958
0.968
0.976
0.993
0.969
1.006
0.916
0.972
0.97
0.907
0.921
0.896
0.88
0.842
0.906
0.896
0.857
0.909
0.896
0.912
0.933
0.949
0.958
0.985
1.002
0.999
0.996
0.988
0.929
0.959
0.963
0.952
0.996
0.978
0.964
0.976
0.991
0.986
1.006
1.025
1.019
1.007
1.003
1.014
0.976
0.962
0.97
1.002
0.986
0.976
1
0.968
0.953
0.935
0.92
0.852
0.906
0.979
0.973
0.967
0.988
0.978
1.025
0.977
0.962
0.923
0.976
0.973
0.948
0.968
0.972
0.982
0.961
0.956
0.996
0.915
0.919
0.993
0.958
0.952
0.998
0.985
0.951
0.978
1.004
0.999
0.961
0.963
0.972
0.969
0.951
0.967
0.969
0.958
0.972
0.984
0.978
0.975
0.977
0.99
0.973
0.952
0.974
0.997
0.965
0.977
0.994
0.966
0.98
0.983
0.957
0.963
0.929
0.886
0.866
0.874
0.929
0.917
0.929
0.9
0.906
0.975
0.908
0.981
0.965
0.98
0.985
0.951
0.962
0.968
0.946
0.944
0.955
0.965
0.96
0.969
0.971
0.967
0.965
0.974
0.97
0.985
0.994
0.991
0.98
0.972
0.952
0.944
0.975
0.945
0.966
0.999
0.985
0.972
0.94
0.937
0.946
0.953
0.924
0.931
0.949
0.96
0.965
0.975
0.96
0.94
0.938
0.937
0.942
0.946
0.915
0.906
0.916
0.904
0.904
0.875
0.895
0.901
0.903
0.854
0.923
0.832
0.897
0.837
0.896
0.832
0.837
0.814
0.818
0.88
0.859
0.8
0.884
0.868
0.865
0.867
0.874
0.884
0.898
0.905
0.908
0.908
0.909
0.922
0.924
0.942
0.953
0.96
0.976
0.954
0.894
0.958
0.935
0.953
0.955
0.941
0.871
0.866
0.866
0.907
0.873
0.851
0.937
0.941
0.959
0.965
0.948
0.858
0.879
0.895
0.863
0.857
0.918
0.905
0.918
0.943
0.954
0.924
0.91
0.957
0.975
0.989
0.998
0.989
0.962
0.942
0.891
0.951
0.875
0.885
0.96
0.932
0.931
0.938
0.932
0.958
0.924
0.914
1.005
0.987
1.013
1.012
0.996
0.944
0.924
0.892
0.947
0.934
0.929
0.916
0.952
1.003
1.017
0.977
0.973
0.971
0.966
0.958
0.945
0.932
0.912
0.917
0.954
0.918
0.934
0.963
0.963
0.881
0.919
0.974
0.954
0.953
0.91
0.965
0.985
0.975
0.98
0.982
0.984
0.982
0.993
0.926
0.964
0.957
0.926
0.959
0.949
0.966
0.973
0.961
0.958
0.949
0.953
0.897
0.951
0.857
0.886
0.867
0.911
0.901
0.915
0.826
0.908
0.816
0.892
0.858
0.819
0.82
0.825
0.855
0.871
0.88
0.881
0.901
0.911
0.983
1.011
1.004
0.987
0.927
0.912
0.866
0.87
0.88
0.852
0.897
0.885
0.875
0.936
0.907
0.957
0.99
1.01
1.002
0.976
0.914
0.916
0.892
0.867
0.862
0.929
0.9
0.859
0.877
0.846
0.9
0.903
0.918
0.905
0.926
0.873
0.885
0.904
0.88
0.846
0.854
0.844
0.859
0.851
0.83
0.838
0.839
0.834
0.815
0.8
0.801
0.802
0.814
0.816
0.815
0.83
0.857
0.891
0.915
0.926
0.918
0.947
0.955
0.995
1.007
1.013
1.008
1.002
0.938
0.941
0.964
0.982
1.001
1.009
1.007
0.97
0.982
1.003
1.005
1.017
1.048
0.99
1.021
1.001
1.035
1.01
1.027
1.002
0.995
0.989
1.013
0.992
0.944
0.956
0.957
0.973
1.008
1.011
0.973
1.01
1.028
1.006
0.981
0.985
0.978
0.985
0.997
0.997
0.995
1.003
0.989
1.009
0.999
0.973
0.959
0.978
0.951
0.934
0.897
0.934
0.913
0.87
0.868
0.868
0.842
0.872
0.877
0.922
0.968
0.967
0.921
0.908
0.926
0.944
0.955
0.951
0.938
0.925
0.942
0.98
0.985
0.976
0.995
0.986
0.966
0.954
0.947
0.944
0.944
0.952
0.928
0.945
0.969
0.974
0.96
0.949
0.94
0.955
0.947
0.939
0.912
0.929
0.944
0.931
0.899
0.909
0.901
0.9
0.913
0.938
0.911
0.924
0.938
0.949
0.931
0.927
0.925
0.893
0.876
0.847
0.857
0.865
0.839
0.842
0.875
0.88
0.916
0.978
0.982
0.97
0.931
0.915
0.909
0.896
0.88
0.893
0.924
0.939
0.924
0.931
0.935
0.934
0.907
0.912
0.929
0.907
0.904
0.909
0.918
0.956
0.929
0.907
0.912
0.891
0.916
0.922
0.921
0.94
0.93
0.905
0.89
0.902
0.935
0.944
0.916
0.902
0.903
0.911
0.911
0.905
0.911
0.922
0.867
0.945
0.945
0.937
0.945
0.981
0.963
0.973
0.981
0.979
0.948
0.971
0.966
0.945
0.937
0.965
0.946
0.958
0.956
0.953
0.943
0.941
0.958
0.967
0.942
0.969
0.99
0.973
0.925
0.94
0.958
0.981
0.958
0.974
1.002
0.985
0.966
0.988
0.997
0.985
0.976
0.979
0.968
0.947
0.965
1
0.984
0.987
1.018
0.986
1.003
1.016
0.988
0.947
0.946
0.967
0.941
0.956
0.977
0.998
0.982
0.953
0.977
0.985
1.002
0.961
0.986
0.982
1
0.987
0.959
0.958
0.985
0.955
0.945
0.978
0.99
0.986
1.009
0.977
0.999
1.004
0.994
0.963
0.932
0.969
0.955
0.928
0.919
0.943
0.861
0.958
0.958
0.975
0.996
1.001
0.956
0.971
0.949
0.951
0.963
0.97
0.963
0.956
0.943
0.944
0.952
0.963
0.949
0.895
0.951
0.926
0.931
0.894
0.896
0.899
0.921
0.919
0.917
0.873
0.873
0.849
0.926
0.906
0.924
0.879
0.915
0.91
0.9
0.912
0.925
0.94
0.928
0.913
0.905
0.935
0.967
0.941
0.963
0.989
0.988
0.963
0.994
1.013
1.024
1.024
0.992
0.934
0.918
0.927
0.901
0.934
0.988
1.013
0.991
1.066
1.014
0.962
0.917
0.875
0.851
0.952
0.972
0.966
0.976
0.949
0.873
0.886
0.92
0.907
0.912
0.896
0.911
0.952
0.962
0.973
0.985
0.981
0.906
0.937
0.921
0.937
0.938
0.944
0.89
0.968
0.88
0.947
0.97
0.971
0.976
0.949
0.935
0.957
0.961
0.982
0.951
0.953
0.969
0.958
0.903
0.977
0.885
0.88
0.858
0.915
0.839
0.857
0.919
0.911
0.869
0.912
0.859
0.916
0.843
0.916
0.892
0.92
0.956
0.936
0.936
0.937
0.934
0.893
0.855
0.836
0.841
0.832
0.83
0.89
0.861
0.892
0.914
0.922
0.925
0.946
0.922
0.933
0.991
0.996
1.003
1.021
1.044
0.996
0.954
0.942
0.944
0.98
0.983
0.989
1
0.99
0.976
0.991
0.995
0.985
0.978
0.983
0.989
0.979
0.973
1.009
1.022
1.029
0.988
0.972
1.019
1.031
1.037
0.975
0.958
1.005
0.936
0.903
0.891
0.948
0.919
0.952
0.94
0.866
0.883
0.875
0.846
0.829
0.905
0.832
0.907
0.904
0.916
0.913
0.912
0.871
0.941
0.881
0.931
0.947
0.914
0.936
0.856
0.916
0.896
0.919
0.958
0.975
0.963
0.895
0.876
0.846
0.853
0.95
0.958
0.974
0.958
0.993
0.967
0.984
1.018
0.984
0.996
1.033
1.065
0.965
0.929
0.949
0.905
0.969
0.938
0.949
0.87
0.916
0.893
0.952
0.958
0.948
0.995
1.012
1.038
1.063
1.071
1.065
1.074
1.042
1.052
1.047
1.007
0.996
0.978
0.967
0.97
1.005
1.006
0.994
1.047
1.041
1
1.032
1.053
0.989
0.974
0.944
0.975
1.033
1.029
1.056
1.074
1.025
1.033
1.064
1.033
1.019
1.051
1.018
1
1.014
1.063
1.047
1.042
1.057
1.043
1.03
1.045
1.057
1.008
1.041
0.995
1.009
1.037
1.034
0.989
0.995
1.022
1.001
0.956
0.901
0.875
0.913
0.959
0.877
0.974
0.87
0.873
0.893
0.807
0.831
0.803
0.803
0.9979889
1.099828
0.8556365
0.78
0.773
0.769
0.767
0.765
0.761
0.756
0.77
0.828
0.824
0.836
0.853
0.874
0.915
0.901
0.872
0.886
0.876
0.882
0.868
0.906
0.832
0.913
0.823
0.853
0.911
0.882
0.88
0.89
0.863
0.919
0.872
0.95
0.882
0.965
0.967
0.962
0.916
0.991
0.938
0.937
0.889
0.94
0.861
0.942
0.917
0.958
0.952
0.939
0.948
0.958
0.917
0.885
0.871
0.881
0.866
0.911
0.895
0.93
0.936
0.969
0.95
0.948
0.96
0.977
0.965
0.941
0.964
0.914
0.883
0.883
0.956
0.873
0.86
0.89
0.936
0.927
0.957
0.981
0.957
0.966
0.975
0.919
0.911
0.914
0.937
0.971
0.897
0.985
0.958
0.972
0.986
0.979
0.978
0.919
1.025
1.013
0.963
0.968
0.99
0.99
0.962
0.947
0.976
0.981
0.938
0.919
0.922
0.93
0.931
0.913
0.928
0.946
0.936
0.962
0.971
0.969
0.922
0.967
0.879
0.88
0.874
0.962
0.921
0.915
0.948
0.935
0.948
0.885
0.98
0.957
0.958
0.962
0.99
1
0.988
0.979
0.976
0.984
0.948
0.962
0.976
0.965
0.975
1
0.994
0.991
0.955
0.956
0.931
0.978
0.918
0.917
0.898
0.931
0.999
0.941
0.993
0.937
1.04
1.014
0.995
1.005
0.999
0.963
0.974
1.015
0.966
0.977
1
1.008
0.973
0.946
0.926
0.908
0.92
0.894
0.948
0.934
0.934
0.979
0.968
0.943
0.989
0.945
0.98
1.003
0.988
0.928
0.923
0.985
0.907
0.98
0.995
0.972
1.004
1.019
1.009
1.025
1.051
1.019
1
0.993
0.973
1.005
0.993
0.998
0.968
0.96
0.999
0.961
0.986
1.002
1.018
0.989
0.988
1.009
0.978
0.999
0.931
0.882
0.927
0.964
0.893
0.909
0.892
0.949
0.947
0.886
0.883
0.979
0.951
0.928
0.954
0.989
0.94
0.944
0.976
0.938
0.936
0.994
0.955
0.897
0.901
0.968
0.943
0.945
0.926
0.937
0.959
0.89
0.908
0.948
0.939
0.945
0.891
0.945
0.929
0.966
0.929
0.911
0.975
0.975
0.975
0.965
0.99
1.003
1.02
0.967
0.978
1.009
0.997
0.999
0.974
0.974
0.969
0.978
1.007
1.015
1.024
1.017
0.985
0.956
0.947
0.91
0.904
0.87
0.841
0.844
0.853
0.916
0.893
0.92
0.885
0.938
0.933
0.966
0.975
0.977
0.983
0.968
0.924
0.991
0.971
0.972
0.961
0.952
0.96
0.979
0.956
0.983
0.992
1
0.983
1.007
1.016
0.962
0.984
0.973
0.968
0.906
0.884
0.846
0.856
0.915
0.884
0.822
0.843
0.89
0.799
0.815
0.803
0.848
0.832
0.825
0.784
0.861
0.833
0.852
0.792
0.803
0.809
0.857
0.842
0.835
0.847
0.879
0.93
0.932
0.947
0.985
0.996
0.974
0.973
0.994
0.994
0.915
0.884
0.944
0.849
0.92
0.928
0.958
0.908
0.832
0.808
0.791
0.793
0.868
0.838
0.882
0.898
0.937
0.965
0.97
0.982
0.992
0.995
0.958
1.012
0.976
0.996
0.995
0.958
0.95
0.972
0.933
0.985
0.978
0.992
0.987
0.988
1.006
0.999
1.009
1.029
1.01
0.958
0.883
0.859
0.774
0.818
0.854
0.877
0.93
0.949
0.929
0.935
1
0.989
0.927
0.945
0.963
0.965
1.009
1.014
1.01
0.962
0.965
1
0.999
0.991
0.991
1.031
1.02
1.011
1.004
0.982
0.996
0.999
0.982
0.947
0.992
0.999
0.948
0.936
0.92
0.963
0.966
0.984
0.993
0.981
0.951
0.914
0.922
0.972
0.905
0.901
0.89
0.946
0.956
0.985
0.975
0.898
0.969
0.956
0.942
0.937
0.88
0.989
0.97
0.996
0.981
0.981
0.972
0.959
0.9
0.903
0.94
0.933
0.961
0.978
0.986
0.907
0.983
0.974
0.999
0.998
0.952
0.876
0.861
0.853
0.934
0.953
0.97
0.97
0.937
0.934
0.959
0.976
0.971
0.972
0.964
0.949
0.953
0.952
0.949
0.971
0.983
0.981
1.007
0.947
0.952
0.916
0.973
0.932
0.939
0.897
0.932
0.925
0.931
0.935
0.907
0.881
0.944
0.951
0.986
0.99
0.957
0.932
0.912
0.901
0.936
0.916
0.939
0.966
0.956
0.975
0.953
0.929
0.916
0.931
0.933
0.844
0.913
0.89
0.905
0.894
0.84
0.872
0.858
0.881
0.901
0.891
0.906
0.932
0.907
0.923
0.947
0.945
0.929
0.921
0.89
0.935
0.922
0.94
0.936
0.949
0.954
0.925
0.929
0.943
0.985
1.005
0.983
0.989
0.982
0.936
0.961
0.976
0.976
0.98
0.981
0.953
0.875
0.938
0.927
0.945
0.929
0.916
0.935
0.934
0.917
0.967
0.995
1.005
0.892
0.862
0.808
0.784
0.759
0.736
0.71
0.695
0.68
0.668
0.661
0.665
0.675
0.676
0.692
0.698
0.725
0.709
0.733
0.736
0.718
0.732
0.741
0.748
0.744
0.739
0.749
0.756
0.756
0.752
0.757
0.767
0.778
0.789
0.79
0.784
0.795
0.796
0.792
0.853
0.848
0.856
0.802
0.877
0.844
0.866
0.887
0.879
0.803
0.807
0.863
0.878
0.848
0.891
0.925
0.956
0.946
0.887
0.928
0.933
0.934
0.943
0.903
0.919
0.95
0.954
0.882
0.96
0.952
0.963
0.933
0.978
0.939
0.954
0.921
0.932
0.965
0.975
0.928
0.967
0.977
0.939
0.924
0.984
0.974
0.909
0.8538413
1
0.991
0.986
0.8501242
0.818047
0.959
0.971
0.983
0.793
0.7185555
0.7820939
0.574
0.7693996
0.888
0.8291375
0.629
0.91
0.902
0.89
0.969
0.879
0.877
0.975
0.954
0.885
0.7562021
0.8530301
0.7551254
0.959
0.927
0.941
0.966
0.956
0.958
0.8550045
0.93
0.7026532
0.99
0.952
0.941
0.6859131
1.010083
0.942
0.745643
0.97
0.969
0.7961951
0.8202694
0.7391801
0.8110215
0.92
0.852
0.848
0.911
0.938
0.7986583
0.7562487
0.7762063
0.7687632
0.9244006
0.985
0.985
0.944
0.975
0.7160871
0.6902348
0.7716987
0.7910779
0.7998834
0.7350799
0.6911799
0.858638
0.7420701
0.7045936
0.749678
0.752214
0.969
0.964
0.958
0.899
0.882
0.859
0.862
0.873
0.875
0.803
0.783
0.772
0.76
0.753
0.75
0.748
0.754
0.786
0.773
0.786
0.743
0.747
0.738
0.725
0.725
0.714
0.715
0.716
0.729
0.714
0.727
0.729
0.764
0.768
0.786
0.793
0.816
0.832
0.837
0.84
0.807
0.811
0.863
0.832
0.839
0.83
0.829
0.764
0.824
0.749
0.765
0.763
0.775
0.749
0.759
0.811
0.805
0.805
0.812
0.766
0.828
0.791
0.791
0.786
0.798
0.789
0.77
0.831
0.794
0.813
0.772
0.773
0.766
0.772
0.811
0.785
0.792
0.794
0.76
0.741
0.715
0.711
0.689
0.685
0.678
0.673
0.67
0.655
0.649
0.645
0.642
0.633
0.628
0.629
0.624
0.614
0.615
0.615
0.611
0.611
0.616
0.616
0.608
0.609
0.612
0.613
0.604
0.612
0.611
0.614
0.603
0.608
0.612
0.602
0.599
0.605
0.605
0.599
0.602
0.597
0.599
0.601
0.595
0.592
0.598
0.59
0.592
0.593
0.59
0.59
0.587
0.591
0.598
0.582
0.593
0.597
0.583
0.592
0.601
0.588
0.589
0.586
0.591
0.588
0.583
0.583
0.584
0.576
0.575
0.575
0.575
0.571
0.571
0.572
0.572
0.565
0.565
0.565
0.564
0.564
0.562
0.567
0.567
0.566
0.563
0.563
0.565
0.565
0.562
0.567
0.564
0.564
0.561
0.562
0.559
0.559
0.552
0.556
0.555
0.551
0.552
0.553
0.549
0.55
0.547
0.544
0.547
0.546
0.542
0.543
0.543
0.54
0.538
0.541
0.539
0.534
0.535
0.535
0.534
0.532
0.531
0.528
0.53
0.522
0.525
0.524
0.522
0.521
0.521
0.517
0.516
0.8060691
0.514
0.7320973
0.514
0.7803003
0.6899079
0.7413421
0.7024453
0.7326495
0.66125
0.6312731
0.8697565
0.7690459
0.6354963
0.6816258
0.6401967
0.8841822
0.8202531
0.706492
0.764754
0.6956977
0.6912164
0.6686784
0.6826481
0.8445338
0.7215931
0.7340713
0.7430295
0.8143074
0.6882255
0.653862
0.8462272
0.6935915
0.6732563
0.6362449
0.6327435
0.6839798
0.7699125
0.8053691
0.7763604
0.6991189
0.7296421
0.6745293
0.6736165
0.7891087
0.6521004
0.8663
0.7188121
0.7407934
0.6720794
0.6839165
0.6303767
0.656
0.7121538
0.7555571
0.7487376
0.6690145
0.6685122
0.6891726
0.8332567
0.6434031
0.7125048
0.862587
0.7181608
0.6274116
0.6775417
0.7604894
0.6984245
0.6850127
0.7007468
0.7320882
0.8408367
0.7192214
0.8035554
0.7711315
0.717486
0.6151838
0.6881603
0.6904413
0.7291898
0.8195641
0.8911817
0.8374638
0.7163168
0.5993062
0.6979558
0.732455
0.7869859
0.7954973
0.7754775
0.6255809
0.7874807
0.694068
0.738912
0.7317291
0.757271
0.7282269
0.606272
0.7796474
0.7544296
0.7074958
0.511
0.7352752
0.511
0.7365336
0.513
0.511
0.517
0.514
0.518
0.524
0.527
0.533
0.536
0.54
0.547
0.548
0.554
0.562
0.581
0.583
0.597
0.625
0.583
0.581
0.577
0.576
0.594
0.618
0.625
0.625
0.804
0.721
0.655
0.759
0.653
0.751
0.632
0.851
0.649
0.695
0.791
0.683
0.851
0.692
0.85
0.689
0.715
0.792
0.664
0.717
0.718
0.713
0.726
0.718
0.707
0.735
0.831
0.705
0.828
0.695
0.861
0.704
0.718
0.83
0.711
0.845
0.704
0.837
0.708
0.754
0.748
0.841
0.731
0.781
0.79
0.869
0.708
0.765
0.887
0.789
0.795
0.784
0.781
0.893
0.803
0.822
0.7523829
0.8549345
0.938
0.821
0.952
0.813
0.925
0.913
0.883
0.87
0.801
0.7227614
0.7508749
0.8232021
0.8151746
0.8219494
0.897
0.86
0.6983701
0.901
0.792
0.916
0.827
0.83
0.939
0.949
0.85
0.887
0.853
0.924
0.771
0.756
0.771
0.747
0.757
0.788
0.808
0.76
0.743
0.734
0.743
0.716
0.697
0.686
0.688
0.691
0.686
0.697
0.727
0.838
0.754
0.774
0.877
0.789
0.831
0.85
0.939
0.91
0.913
0.831
0.922
0.833
0.865
0.953
0.883
0.825
0.906
0.892
0.84
0.913
0.903
0.928
0.841
0.952
0.926
0.838
0.923
0.887
0.834
0.9
0.891
0.888
0.803
0.907
0.878
0.876
0.819
0.917
0.8
0.879
0.774
0.772
0.734
0.756
0.881
0.847
0.763
0.898
0.88
0.793
0.873
0.774
0.918
0.865
0.86
0.884
0.893
0.889
0.806
0.881
0.842
0.789
0.859
0.78
0.909
0.892
0.897
0.804
0.876
0.851
0.871
0.838
0.848
0.866
0.857
0.843
0.852
0.875
0.902
0.892
0.874
0.857
0.874
0.856
0.845
0.865
0.885
0.875
0.877
0.885
0.879
0.86
0.873
0.876
0.861
0.858
0.876
0.885
0.883
0.874
0.893
0.906
0.875
0.853
0.873
0.879
0.899
0.875
0.887
0.909
0.91
0.902
0.897
0.893
0.885
0.866
0.887
0.903
0.881
0.859
0.915
0.901
0.874
0.892
0.898
0.881
0.879
0.893
0.904
0.873
0.872
0.887
0.891
0.86
0.866
0.907
0.906
0.882
0.874
0.889
0.885
0.887
0.893
0.908
0.9
0.884
0.897
0.917
0.908
0.892
0.909
0.922
0.918
0.875
0.908
0.921
0.945
0.908
0.904
0.958
0.955
0.939
0.912
0.904
0.937
0.915
0.891
0.911
0.939
0.896
0.878
0.886
0.893
0.84
0.791
0.796
0.817
0.846
0.874
0.861
0.888
0.923
0.889
0.882
0.889
0.89
0.883
0.858
0.864
0.879
0.874
0.872
0.892
0.878
0.863
0.884
0.89
0.887
0.869
0.9
0.884
0.866
0.895
0.904
0.874
0.848
0.856
0.859
0.85
0.831
0.841
0.845
0.841
0.859
0.867
0.883
0.879
0.878
0.906
0.892
0.884
0.888
0.863
0.866
0.88
0.882
0.862
0.865
0.889
0.872
0.868
0.886
0.872
0.894
0.896
0.835
0.817
0.806
0.804
0.793
0.79
0.75
0.746
0.741
0.734
0.73
0.727
0.74
0.75
0.734
0.741
0.743
0.759
0.751
0.752
0.775
0.804
0.817
0.8
0.787
0.793
0.8
0.782
0.77
0.758
0.749
0.756
0.757
0.752
0.759
0.793
0.821
0.893
0.819
0.863
0.835
0.813
0.814
0.82
0.803
0.813
0.839
0.842
0.855
0.861
0.874
0.872
0.86
0.865
0.876
0.865
0.866
0.864
0.852
0.866
0.855
0.846
0.869
0.913
0.876
0.879
0.919
0.864
0.838
0.852
0.872
0.87
0.873
0.896
0.932
0.897
0.905
0.888
0.881
0.882
0.88
0.889
0.893
0.911
0.932
0.883
0.926
0.935
0.935
0.907
0.92
0.936
0.931
0.919
0.926
0.947
0.908
0.915
0.917
0.938
0.883
0.88
0.899
0.921
0.874
0.913
0.918
0.897
0.879
0.875
0.907
0.916
0.881
0.921
0.916
0.875
0.894
0.864
0.877
0.873
0.836
0.88
0.946
0.901
0.915
0.855
0.864
0.823
0.799
0.792
0.789
0.784
0.785
0.799
0.78
0.795
0.812
0.791
0.795
0.822
0.793
0.812
0.84
0.935
0.832
0.868
0.886
0.901
0.956
0.862
0.877
0.88
0.86
0.847
0.822
0.82
0.846
0.855
0.872
0.928
0.879
0.875
0.908
0.905
0.879
0.796
