0.936
0.946
0.955
0.97
0.913
0.937
0.941
0.956
0.907
0.96
0.924
0.936
0.956
0.916
0.965
0.918
0.932
0.934
0.909
0.921
0.93
0.923
0.906
0.926
0.951
0.894
0.911
0.916
0.912
0.891
0.912
0.906
0.906
0.902
0.93
0.924
0.914
0.925
0.938
0.935
0.895
0.959
0.944
0.909
0.921
0.958
0.934
0.895
0.929
0.949
0.894
0.919
0.938
0.901
0.907
0.939
0.924
0.884
0.906
0.934
0.925
0.882
0.944
0.924
0.896
0.935
0.923
0.905
0.907
0.921
0.925
0.923
0.918
0.946
0.937
0.9
0.931
0.958
0.909
0.922
0.935
0.929
0.849
0.982
0.918
0.903
0.915
0.908
0.896
0.889
0.91
0.941
0.895
0.936
0.933
0.928
0.916
0.931
0.938
0.93
0.927
0.937
0.93
0.888
0.952
0.93
0.898
0.94
0.921
0.894
0.901
0.939
0.929
0.915
0.919
0.93
0.902
0.902
0.911
0.906
0.892
0.899
0.93
0.913
0.912
0.931
0.933
0.927
0.934
0.943
0.93
0.921
0.931
0.933
0.923
0.931
0.943
0.933
0.938
0.954
0.948
0.933
0.943
0.932
0.924
0.936
0.934
0.919
0.915
0.936
0.93
0.921
0.927
0.924
0.921
0.906
0.914
0.917
0.885
0.943
0.931
0.926
0.908
0.923
0.923
0.91
0.92
0.921
0.921
0.913
0.926
0.928
0.915
0.922
0.925
0.911
0.916
0.923
0.916
0.919
0.937
0.937
0.936
0.938
0.95
0.948
0.928
0.951
0.949
0.92
0.939
0.935
0.916
0.928
0.937
0.922
0.916
0.932
0.928
0.915
0.931
0.928
0.916
0.916
0.93
0.926
0.919
0.937
0.934
0.917
0.928
0.927
0.919
0.927
0.931
0.888
0.94
0.916
0.9
0.917
0.92
0.906
0.925
0.925
0.918
0.909
0.917
0.913
0.874
0.931
0.909
0.866
0.915
0.903
0.894
0.888
0.901
0.912
0.901
0.918
0.925
0.916
0.926
0.921
0.877
0.931
0.918
0.912
0.916
0.919
0.915
0.906
0.923
0.926
0.922
0.934
0.941
0.932
0.939
0.937
0.921
0.92
0.928
0.93
0.906
0.924
0.92
0.879
0.933
0.913
0.87
0.929
0.921
0.916
0.909
0.939
0.945
0.928
0.942
0.947
0.928
0.938
0.937
0.929
0.923
0.936
0.94
0.927
0.93
0.933
0.92
0.936
0.938
0.925
0.938
0.95
0.946
0.936
0.951
0.915
0.918
0.916
0.874
0.87
0.881
0.905
0.906
0.911
0.916
0.941
0.935
0.916
0.924
0.926
0.912
0.92
0.925
0.921
0.927
0.932
0.943
0.928
0.944
0.949
0.936
0.94
0.946
0.93
0.937
0.939
0.936
0.927
0.896
0.905
0.924
0.853
0.886
0.923
0.911
0.909
0.87
0.821
0.836
0.835
0.826
0.81
0.8
0.807
0.809
0.778
0.795
0.788
0.791
0.798
0.783
0.78
0.785
0.793
0.784
0.794
0.805
0.803
0.819
0.822
0.828
0.822
0.823
0.821
0.809
0.816
0.821
0.811
0.815
0.814
0.824
0.825
0.818
0.826
0.828
0.831
0.815
0.806
0.807
0.782
0.778
0.763
0.746
0.739
0.724
0.708
0.708
0.706
0.703
0.701
0.697
0.685
0.683
0.669
0.67
0.663
0.656
0.662
0.6917164
0.6887356
0.696
0.708
0.702
0.674
0.639
0.6711654
0.6683279
0.686
0.679
0.625
0.6573895
0.685
0.6522248
0.6497331
0.68
0.663
0.614
0.611
0.611
0.602
0.598
0.569
0.57
0.6283549
0.681
0.617
0.549
0.629
0.584
0.585
0.583
0.585
0.583
0.585
0.59
0.587
0.584
0.586
0.592
0.59
0.589
0.591
0.595
0.597
0.591
0.592
0.593
0.595
0.588
0.593
0.588
0.594
0.589
0.59
0.59
0.587
0.583
0.577
0.578
0.575
0.574
0.538
0.6
0.532
0.508
0.517
0.525
0.552101
0.571
0.559
0.557
0.554
0.55
0.55
0.551
0.553
0.541
0.543
0.536
0.543
0.539
0.536
0.539
0.534
0.534
0.535
0.534
0.536
0.531
0.531
0.532
0.53
0.532
0.527
0.528
0.528
0.528
0.527
0.521
0.522
0.524
0.524
0.522
0.519
0.519
0.519
0.518
0.515
0.512
0.5
0.531
0.515
0.516
0.515
0.515
0.517
0.517
0.518
0.518
0.518
0.518
0.52
0.519
0.518
0.52
0.521
0.515
0.514
0.516
0.52
0.512
0.519
0.511
0.513
0.512
0.516
0.515
0.512
0.51
0.511
0.51
0.506
0.507
0.505
0.503
0.501
0.504
0.5
0.496
0.496
0.499
0.5
0.495
0.492
0.493
0.495
0.491
0.49
0.488
0.488
0.484
0.487
0.483
0.482
0.481
0.483
0.479
0.481
0.477
0.477
0.478
0.476
0.476
0.471
0.475
0.477
0.472
0.468
0.469
0.472
0.469
0.465
0.468
0.47
0.467
0.464
0.467
0.466
0.466
0.461
0.464
0.464
0.461
0.46
0.458
0.461
0.464
0.469
0.458
0.46
0.463
0.464
0.467
0.462
0.465
0.472
0.474
0.471
0.474
0.479
0.483
0.475
0.479
0.484
0.483
0.485
0.485
0.49
0.493
0.492
0.493
0.5189407
0.484
0.514
0.511
0.511
0.518
0.521
0.518
0.515
0.516
0.521
0.515
0.515
0.521
0.529
0.539
0.54
0.536
0.537
0.541
0.544
0.5423863
0.5438417
0.5453237
0.5468298
0.568
0.551
0.548
0.545
0.542
0.557
0.587
0.594
0.586
0.569
0.566
0.579
0.596
0.594
0.584
0.571
0.578
0.594
0.6
0.595
0.583
0.578
0.594
0.613
0.613
0.603
0.585
0.591
0.616
0.633
0.638
0.638
0.61
0.622
0.638
0.642
0.628
0.601
0.61
0.625
0.622
0.606
0.59
0.591
0.613
0.64
0.647
0.639
0.62
0.637
0.657
0.666
0.666
0.645
0.623
0.639
0.651
0.656
0.644
0.613
0.629
0.643
0.636
0.624
0.613
0.637
0.643
0.635
0.625
0.642
0.663
0.69
0.69
0.677
0.607
0.725
0.676
0.659
0.643
0.635
0.664
0.669
0.669
0.664
0.673
0.656
0.644
0.601
0.663
0.633
0.627
0.626
0.618
0.632
0.644
0.626
0.626
0.647
0.662
0.668
0.658
0.659
0.647
0.627
0.622
0.609
0.612
0.638
0.673
0.682
0.679
0.658
0.656
0.708
0.742
0.745
0.749
0.701
0.672
0.701
0.717
0.722
0.699
0.694
0.735
0.753
0.743
0.721
0.741
0.737
0.706
0.738
0.72
0.698
0.734
0.719
0.696
0.728
0.723
0.681
0.687
0.784
0.711751
0.767
0.726
0.731
0.732
0.719
0.71
0.718
0.714
0.676
0.673
0.696
0.718
0.702
0.664
0.646
0.7222723
0.66
0.681
0.688
0.681
0.717
0.75
0.75
0.749
0.744
0.76
0.759
0.749
0.727
0.723
0.742
0.739
0.728
0.731
0.747
0.74
0.728
0.74
0.745
0.738
0.7364602
0.7369552
0.791
0.752
0.749
0.755
0.744
0.734
0.737
0.751
0.761
0.752
0.753
0.772
0.766
0.75
0.747
0.753
0.7440154
0.7443163
0.746
0.735
0.729
0.727
0.743
0.752
0.746
0.732
0.738
0.763
0.778
0.779
0.764
0.767
0.783
0.77
0.755
0.763
0.766
0.751
0.746
0.759
0.754
0.736
0.744
0.753
0.744
0.737
0.737
0.753
0.754
0.741
0.733
0.729
0.724
0.713
0.711
0.721
0.711
0.702
0.714
0.728
0.741
0.744
0.74
0.743
0.758
0.753
0.749
0.745
0.757
0.752
0.748
0.754
0.761
0.757
0.748
0.752
0.759
0.752
0.745
0.751
0.761
0.752
0.751
0.763
0.757
0.745
0.754
0.765
0.758
0.751
0.772
0.779
0.766
0.753
0.759
0.776
0.76
0.751
0.755
0.765
0.755
0.746
0.753
0.752
0.741
0.744
0.756
0.75
0.737
0.746
0.748
0.74
0.736
0.747
0.753
0.745
0.75
0.763
0.756
0.751
0.75
0.758
0.754
0.738
0.74
0.758
0.761
0.751
0.75
0.762
0.751
0.743
0.759
0.751
0.74
0.748
0.759
0.751
0.744
0.758
0.76
0.75
0.739
0.747
0.753
0.747
0.744
0.758
0.753
0.749
0.751
0.763
0.755
0.75
0.754
0.765
0.758
0.754
0.761
0.76
0.749
0.75
0.761
0.756
0.75
0.757
0.764
0.753
0.748
0.757
0.746
0.736
0.746
0.747
0.736
0.738
0.75
0.74
0.733
0.738
0.745
0.737
0.733
0.745
0.754
0.751
0.751
0.756
0.767
0.757
0.751
0.76
0.759
0.75
0.749
0.762
0.755
0.749
0.748
0.752
0.742
0.736
0.75
0.746
0.741
0.75
0.758
0.754
0.745
0.747
0.751
0.745
0.732
0.725
0.726
0.738
0.736
0.736
0.75
0.755
0.75
0.758
0.765
0.751
0.746
0.752
0.75
0.744
0.739
0.746
0.744
0.739
0.743
0.754
0.748
0.748
0.762
0.751
0.75
0.763
0.759
0.75
0.765
0.752
0.738
0.724
0.74
0.741
0.737
0.747
0.743
0.754
0.757
0.757
0.754
0.741
0.724
0.718
0.713
0.705
0.693
0.702
0.69
0.698
0.699
0.7
0.703
0.707
0.706
0.722
0.735
0.741
0.738
0.735
0.732
0.727
0.727
0.736
0.731
0.727
0.732
0.721
0.699
0.69
0.682
0.684
0.698
0.711
0.714
0.727
0.736
0.738
0.736
0.743
0.752
0.74
0.74
0.739
0.728
0.722
0.723
0.729
0.729
0.723
0.714
0.715
0.724
0.715
0.722
0.727
0.736
0.732
0.734
0.745
0.742
0.739
0.745
0.733
0.728
0.726
0.716
0.71
0.727
0.743
0.747
0.734
0.734
0.733
0.726
0.72
0.734
0.745
0.746
0.739
0.733
0.732
0.74
0.722
0.721
0.724
0.727
0.721
0.72
0.733
0.735
0.731
0.735
0.74
0.742
0.743
0.75
0.746
0.748
0.75
0.739
0.717
0.709
0.703
0.7
0.706
0.721
0.725
0.728
0.74
0.75
0.742
0.744
0.746
0.745
0.73
0.734
0.737
0.731
0.739
0.749
0.746
0.749
0.757
0.756
0.745
0.75
0.75
0.737
0.735
0.732
0.721
0.723
0.728
0.733
0.731
0.74
0.75
0.738
0.739
0.743
0.745
0.735
0.73
0.729
0.734
0.726
0.732
0.741
0.739
0.739
0.74
0.75
0.74
0.74
0.748
0.739
0.738
0.739
0.735
0.726
0.729
0.736
0.736
0.729
0.733
0.741
0.735
0.736
0.743
0.736
0.73
0.733
0.742
0.734
0.737
0.74
0.741
0.738
0.743
0.754
0.744
0.746
0.749
0.739
0.739
0.74
0.729
0.734
0.733
0.729
0.728
0.728
0.733
0.727
0.73
0.733
0.725
0.723
0.728
0.723
0.721
0.722
0.73
0.724
0.727
0.73
0.731
0.727
0.729
0.725
0.722
0.72
0.722
0.724
0.719
0.723
0.727
0.726
0.727
0.734
0.739
0.732
0.731
0.736
0.725
0.721
0.719
0.718
0.708
0.708
0.709
0.711
0.713
0.721
0.729
0.726
0.726
0.728
0.719
0.715
0.713
0.71
0.7
0.691
0.703
0.71
0.725
0.741
0.748
0.739
0.737
0.749
0.749
0.731
0.733
0.735
0.723
0.721
0.714
0.71
0.715
0.708
0.711
