0.7444487
0.715052
0.697721
0.6894638
0.7003749
0.7185536
0.7275484
0.7318547
0.7323386
0.725718
0.7237127
0.7263465
0.7397292
0.7364344
0.7133084
0.7044557
0.6958011
0.7048065
0.7292117
0.7347817
0.7301477
0.718145
0.70773
0.7108209
0.7214209
0.7245483
0.7218695
0.7298366
0.7418885
0.7421407
0.7361736
0.7417286
0.7630318
0.7640682
0.7457931
0.7575121
0.7915375
0.790736
0.7586921
0.7649204
0.777095
0.7664841
0.7648885
0.7861521
0.7989091
0.7762955
0.768013
0.7786791
0.7818362
0.7689555
0.7540378
0.7657838
0.7751425
0.758149
0.7572595
0.7730979
0.7728459
0.7565125
0.7524215
0.764334
0.7646906
0.7518965
0.7473915
0.7590243
0.7627223
0.7609541
0.7605092
0.7689673
0.7742175
0.7639607
0.762824
0.7747727
0.7720854
0.7555998
0.7576746
0.7701491
0.7674225
0.7549802
0.7638691
0.7677533
0.7548523
0.7537922
0.7626057
0.7620023
0.7513263
0.7570795
0.7647132
0.7546229
0.7484551
0.7592586
0.7633154
0.7547814
0.7516971
0.7633837
0.7655281
0.7485403
0.7559691
0.7668902
0.7548235
0.7536083
0.7697973
0.7667683
0.7524772
0.7539405
0.7556698
0.7566397
0.7603389
0.7524603
0.7391692
0.7385378
0.7366193
0.7274591
0.7128917
0.6954546
0.6826927
0.6746592
0.6804481
0.7043576
0.7244317
0.7269226
0.7264055
0.7240749
0.7258814
0.7215101
0.7383362
0.7838456
0.7842061
0.7646382
0.7612226
0.7668737
0.7641454
0.7495865
0.7514112
0.7648134
0.7689878
0.7586823
0.7542698
0.7575951
0.7593771
0.7561186
0.7467396
0.7385252
0.7391424
0.7424768
0.7336165
0.7298254
0.7391135
0.7367136
0.7311224
0.7350461
0.7432357
0.7391909
0.7242302
0.7283647
0.7353403
0.7352038
0.7341559
0.7234665
0.7252253
0.7338028
0.7320818
0.7232867
0.7210356
0.7342778
0.7429237
0.7340224
0.7227849
0.730398
0.7362312
0.728732
0.7246674
0.7332705
0.7462539
0.7413312
0.7315733
0.7360221
0.7470802
0.7443632
0.7299597
0.7235628
0.7314195
0.7496984
0.7436113
0.7303183
0.724546
0.721922
0.7274731
0.7253183
0.7195039
0.7159081
0.7205495
0.7283236
0.7324144
0.7279437
0.7326689
0.7377566
0.7305163
0.7366195
0.7544867
0.7657052
0.7726519
0.7677389
0.7617574
0.7713952
0.7725574
0.7611645
0.747918
0.7518088
0.767735
0.7770202
0.7727988
0.7515887
0.7400443
0.7484265
0.7560195
0.7545811
0.7483079
0.7518381
0.7583285
0.7577597
0.7515574
0.7450984
0.7504978
0.7547891
0.7499613
0.7520149
0.7484118
0.7284326
0.7322336
0.7495245
0.7577616
0.7547664
0.7438716
0.7536757
0.7537499
0.7337001
0.7216998
0.7233404
0.731285
0.7267748
0.7176815
0.7088944
0.7117598
0.7235256
0.7295867
0.7251978
0.7266326
0.7397727
0.7349226
0.7281825
0.7362787
0.7520728
0.758597
0.7535069
0.7506219
0.7572541
0.7571598
0.7474065
0.7470155
0.7543813
0.7589238
0.7570989
0.7537137
0.7493727
0.7422468
0.7306631
0.7328844
0.7356227
0.725514
0.7220509
0.7284224
0.7396131
0.7368817
0.7234991
0.7257731
0.7312979
0.7265461
0.719352
0.7094656
0.7064412
0.711506
0.71319
0.7073162
0.7045004
0.7128631
0.7173659
0.7135241
0.7062205
0.7079932
0.7276849
0.7398416
0.7348182
0.7272537
0.7252628
0.7366311
0.741823
0.7265638
0.7143733
0.7150478
0.7188626
0.7132296
0.7032158
0.7045354
0.7112869
0.7134013
0.7058948
0.7022128
0.7121134
0.7215067
0.7163355
0.7074277
0.7156137
0.7288815
0.729263
0.7094618
0.7032478
0.7216404
0.7248707
0.7174989
0.7213124
0.7337912
0.7315513
0.7201376
0.723761
0.7329255
0.7278888
0.7132871
0.714172
0.72435
0.7262546
0.7180764
0.7073205
0.7107837
0.7208044
0.7182834
0.7100227
0.7106046
0.7163088
0.7161599
0.7074698
0.7067411
0.7127604
0.7086708
0.7038172
0.7053712
0.7220357
0.7351864
0.7273789
0.7268213
0.7393613
0.7435773
0.7340313
0.7321717
0.7351344
0.7285517
0.7217378
0.7228047
0.7292171
0.7301865
0.7213776
0.7187063
0.7251747
0.7163274
0.7015439
0.7044527
0.7176354
0.7235043
0.7248817
0.7346142
0.7460719
0.7437917
0.735735
0.7433979
0.7448091
0.7314215
0.7228571
0.7249941
0.7282756
0.7191443
0.71943
0.7323271
0.7292268
0.7251121
0.7339125
0.735278
0.7320461
0.7341983
0.7410539
0.737606
0.7269757
0.7276344
0.7355183
0.7455565
0.749752
0.7483485
0.7476226
0.7541747
0.7554733
0.7468289
0.749012
0.7544956
0.7544087
0.7435497
0.7380587
0.7479578
0.7468654
0.7318406
0.7264729
0.7312886
0.7336955
0.732992
0.7323243
0.7402686
0.7470117
0.7425222
0.7412875
0.7477112
0.7520722
0.748284
0.7331634
0.7318466
0.7345701
0.7336261
0.7399444
0.7386851
0.7444243
0.7605644
0.760764
0.7441306
0.7436838
0.7535954
0.7541361
0.748478
0.7462724
0.7484387
0.7396987
0.728952
0.7363084
0.7355772
0.7177301
0.7145064
0.7179622
0.7271772
0.7378358
0.7324582
0.7183233
0.7083328
0.7091525
0.7014641
0.6894641
0.7033394
0.719051
0.7267083
0.7412603
0.7401138
0.7328683
0.7239758
0.7118374
0.6970721
0.67304
0.6611272
0.6609438
0.6565396
0.6463681
0.6468487
0.6468879
0.6351301
0.6294987
0.6339354
0.6353068
0.6274798
0.6253332
0.6306407
0.633083
0.6362722
0.6393621
0.6363606
0.6351007
0.6356267
0.6400584
0.640875
0.6254802
0.6213543
0.6257063
0.6179555
0.6115219
0.6027544
0.5928493
0.5914444
0.5969963
0.6003287
0.5966009
0.6024841
0.6151466
0.6237995
0.627759
0.6260881
0.6251413
0.6313888
0.6358975
0.6240941
0.616342
0.6215949
0.6174791
0.6101026
0.6078575
0.6107219
0.6181841
0.6203508
0.6142405
0.6070546
0.6052146
0.605769
0.6062385
0.6056414
0.603294
0.604104
0.6111571
0.6175076
0.6227061
0.6225107
0.6155591
0.6083431
0.6029468
0.6056147
0.6100058
0.6132529
0.6243132
0.6317367
0.6291573
0.6247563
0.6214451
0.6228516
0.6215677
0.6155089
0.6082923
0.6031226
0.5996406
0.5899396
0.5782727
0.5743306
0.56891
0.567246
0.5689541
0.5675135
0.5704848
0.566816
0.5673243
0.5730905
0.5695076
0.5625366
0.5643463
0.5634894
0.5593259
0.5615311
0.5568889
0.5527435
0.5486271
0.5450602
0.544578
0.5426288
0.5378675
0.5303447
0.5291066
0.5296279
0.5273411
0.5224107
0.5201157
0.5206574
0.5204951
0.5214727
0.5214544
0.5160498
0.5137765
0.5136208
0.5095709
0.5096761
0.5101117
0.5066936
0.5012917
0.5001755
0.5005104
0.5007987
0.4997512
0.4975802
0.4984045
0.4985378
0.4973841
0.4945128
0.4960565
0.4984656
0.4976744
0.4994573
0.4991952
0.4991783
0.499482
0.4953939
0.4951343
0.4965102
0.4956044
0.4953497
0.4957671
0.496108
0.4948478
0.4953862
0.4941975
0.4954798
0.5002067
0.4961831
0.4958128
0.5007517
0.4978566
0.4967207
0.4990699
0.4977524
0.4975423
0.4993792
0.4972842
0.4972724
0.4993966
0.4975111
0.496694
0.4972454
0.4955812
0.4935538
0.4935219
0.4889199
0.4880303
0.4914774
0.4905534
0.4893905
0.4887173
0.4881904
0.4879301
0.4891005
0.4864674
0.4862163
0.4894702
0.4906214
0.4912296
0.4896928
0.4861756
0.484109
0.4860269
0.4878244
0.4870531
0.4860443
0.4848374
0.4832396
0.4805703
0.4787048
0.4792776
0.4786089
0.4774532
0.4765067
0.4777662
0.4778352
0.4775232
0.4771074
0.4762112
0.4766066
0.4765254
0.4763307
0.4713029
0.4705106
0.4741431
0.4748996
0.4749871
0.4717783
0.4706791
0.4732511
0.4702279
0.4684214
0.4692024
0.4679603
0.471368
0.472012
0.4692483
0.4687284
0.4694232
0.4704614
0.4683181
0.4681063
0.4685371
0.4643298
0.4642378
0.4686725
0.4667456
0.4648384
0.4647719
0.4612534
0.4621919
0.4645084
0.4656694
0.4649547
0.4599703
0.4595908
0.4610413
0.461189
0.4616095
0.4581863
0.4572841
0.4584654
0.4575652
0.4563733
0.4568661
0.4590758
0.4587105
0.4574038
0.4576454
0.4572368
0.4568872
0.457042
0.4570089
0.455818
0.456559
0.455918
0.4522896
0.4551923
0.454999
0.4503382
0.4531094
0.4565095
0.4553949
0.4536322
0.4512783
0.4499159
0.4534017
0.452855
0.4484847
0.449773
0.4498403
0.4506217
0.4497407
0.4477832
0.4512673
0.4490838
0.4454076
0.4477349
0.4501297
0.4497084
0.4472372
0.4448234
0.4465536
0.4502802
0.4493996
0.4456139
0.445791
0.4480209
0.4468033
0.4453474
0.444574
0.4468237
0.4487437
0.4473377
0.4466575
0.447509
0.4483202
0.4465813
0.4478328
0.4487139
0.4464023
0.4445276
0.4414114
0.4409275
0.444122
0.4422988
0.4413754
0.4465993
0.4446708
0.4408604
0.4410284
0.4444234
0.4459248
0.4410542
0.4381772
0.4400979
0.4449349
0.4422368
0.4395978
0.4409936
0.4413001
0.4436188
0.4398162
0.4357176
0.437354
0.4396433
0.4424099
0.4422254
0.4376787
0.437923
0.4418658
0.4475268
0.4497138
0.4431184
0.4438197
0.4497994
0.44885
0.4463354
0.447911
0.4476486
0.4467217
0.4459213
0.4432367
0.4473197
0.4477368
0.4448589
0.4470843
0.4466967
0.4454294
0.4444779
0.4480974
0.4523993
0.4515613
0.4515671
0.4512727
0.4542308
0.4595108
0.4692147
0.4801945
0.4835962
0.4832135
0.4796398
0.4799129
0.4839296
0.484907
0.4840642
0.4829343
0.4809802
0.4824688
0.484097
0.4864094
0.4880089
0.4884505
0.4902315
0.485387
0.484402
0.4894455
0.4958508
0.4973332
0.4928534
0.4923834
0.494671
0.4961938
0.4946137
0.4925251
0.4892063
0.4883191
0.4927131
0.4939181
0.4921354
0.4908653
0.4946698
0.5066592
0.5145826
0.5143105
0.5126499
0.5092009
0.5048534
0.4989254
0.4955671
0.4930268
0.4948389
0.513024
0.5255116
0.5234129
0.5217036
0.5213197
0.5239782
0.5345605
0.5437542
0.5395128
0.5329782
0.5298953
0.5306348
0.5307714
0.5241041
0.5180893
0.5116751
0.5067138
0.5086226
0.5088652
0.5052386
0.5050171
0.5047191
0.5090314
0.5199114
0.5244793
0.5246676
0.5263424
0.532076
0.5397057
0.5441793
0.5377887
0.5569399
0.5964846
0.5969671
0.5908887
0.5841901
0.5654609
0.5513786
0.5411934
0.5379696
0.5460621
0.5650573
0.5759701
0.5769543
0.5714346
0.5673254
0.5807675
0.5907772
0.5850128
0.5747191
0.5679178
0.5760186
0.5829182
0.5790032
0.5728377
0.567398
0.5624145
0.5555773
0.5562207
0.5581133
0.549437
0.5399245
0.5341039
0.5311729
0.5308229
0.5323831
0.5389384
0.5513595
0.5699992
0.5741081
0.5699073
0.5717112
0.5826328
0.6086129
0.6106093
0.5964644
0.588069
0.5838373
0.5937498
0.6025453
0.5954857
0.5806637
0.5673456
0.5558359
0.5495321
0.5453207
0.5519734
0.5688074
0.5719682
0.5752711
0.590778
0.5960974
0.5886829
0.5905128
0.6045839
0.6070995
0.6013438
0.5951686
0.5927116
0.6027247
0.6072608
0.6028044
0.5981047
0.5929368
0.5981138
0.6128441
0.6170913
0.6119859
0.6080616
0.6172783
0.6319586
0.6311716
0.6206729
0.6161091
0.6233556
0.6278936
0.6250811
0.6151977
0.6089024
0.6186962
0.6276127
0.6237269
0.6188264
0.6124663
0.6163193
0.6310427
0.6321587
0.6280928
0.6213758
0.6208044
0.633406
0.6441918
0.6407035
0.6262429
0.6174043
0.6246462
0.6312342
0.6244764
0.6211783
0.6271451
0.634699
0.6335367
0.625502
0.6196944
0.6219617
0.6266363
0.6217571
0.6157282
0.6176231
0.6245576
0.6256442
0.6193776
0.6203666
0.6275424
0.6267023
0.6238395
0.6239306
0.623214
0.6271306
0.6259911
0.6181833
0.6129099
0.6091575
0.6058188
0.6055265
0.6051158
0.6064234
0.6326703
0.6548015
0.6420434
0.6279733
0.622967
0.6259346
0.6280766
0.6209317
0.6230364
0.6249782
0.6191911
0.6226116
0.6355954
0.6392084
0.6284731
0.6301566
0.6456743
0.645878
0.6376829
0.6432042
0.64334
0.6307748
0.6337512
0.6479027
0.6446008
0.6330218
0.6392339
0.6499902
0.6440199
0.6301344
0.6301824
0.637241
0.6331595
0.6272467
0.6235848
0.6262519
0.6345007
0.6326841
0.6244541
0.6253737
0.6346843
0.6353444
0.6288741
0.6252029
0.6273325
0.6346833
0.6333881
0.6258851
0.6256041
0.6338019
0.6361775
0.6310511
0.6335224
0.6392476
0.6416294
0.6389603
0.6331146
0.6368186
0.6480419
0.6490154
0.6387396
0.6307463
0.6361859
0.6463843
0.65151
0.6487648
0.6481895
0.6624192
0.6635938
0.6554047
0.6644123
0.673812
0.6661638
0.657783
0.664907
0.6646205
0.6526146
0.6512764
0.6554102
0.6532374
0.6455308
0.6432767
0.6520836
0.6549264
0.6502721
0.6522273
0.6621104
0.6659096
0.6566966
0.6555487
0.6631273
0.6667825
0.6635842
0.6533011
0.6528518
0.6586555
0.6581736
0.6513252
0.6441404
0.6486259
0.6581384
0.6558516
0.6464022
0.6452165
0.6486529
0.6715302
0.6931544
0.6872552
0.6802146
0.6699782
0.6710197
0.6820354
0.6738863
0.6606556
0.6668536
0.6826505
0.6877119
0.6817633
0.6791094
0.6860286
0.6928199
0.6870001
0.6677633
0.6685916
0.6824268
0.6820551
0.6736109
0.669143
0.674098
0.6774968
0.6697297
0.6553453
0.6505971
0.6565951
0.6554597
0.6489145
0.6516961
0.661427
0.6647761
0.6545921
0.6551767
0.6672696
0.6658585
0.6583719
0.6592843
0.6678695
0.665858
0.6600094
0.6686531
0.6654317
0.6546894
0.6632246
0.6651652
0.6563048
0.6572617
0.6615203
0.6533897
0.6491065
0.6644716
0.6665472
0.6561133
0.656353
0.6650763
0.6689863
0.6595412
0.6555019
0.6603983
0.6646315
0.6615683
0.6559634
0.6628204
0.6704805
0.6659293
0.6583401
0.6604103
0.6662357
0.6620627
0.6520191
0.6519524
0.6610428
0.6654696
0.6599701
0.6601946
0.6684932
0.66676
0.66051
0.6598055
0.6711513
0.6773484
0.6674529
0.6689482
0.6807373
0.6791668
0.6679062
0.6760717
0.6839165
0.668656
0.6705865
0.6877827
0.6858261
0.674585
0.6752622
0.684829
0.6839801
0.676512
0.6891148
0.6922599
0.6741181
0.6744547
0.6839381
0.6892261
0.6823226
0.6695043
0.6767914
0.6827754
0.6729934
0.6677131
0.6737782
0.6819533
0.681393
0.6667767
0.6475687
0.6448238
0.650693
0.6501088
0.649038
0.6444432
0.6356302
0.6284709
0.6214418
0.6169091
0.6183732
0.6282307
0.6392925
0.6456921
0.6489966
0.6444901
0.6512082
0.6782379
0.6885512
0.682983
0.6976154
0.7162038
0.7059298
0.6892614
0.6971387
0.7111039
0.7055979
0.6862377
0.6915293
0.7089882
0.7097294
0.6993825
0.6873251
0.6939384
0.6974731
0.6865937
0.6864757
0.6976468
0.6913909
0.6822688
0.6931872
0.6898519
0.6827068
0.6925255
0.6944039
0.6877678
0.6799341
0.6802213
0.6951712
0.6903489
0.67614
0.6870198
0.6955751
0.6892602
0.6828997
0.688168
0.6938029
0.6835488
0.6775487
0.6925734
0.680437
0.6719365
0.6469494
0.637841
0.6965257
0.6690068
0.6381034
0.6559312
0.6628865
0.6703495
0.660597
0.6682992
0.6735454
0.6752346
0.6870551
0.6706784
0.6546219
0.6492005
0.6417644
0.6432082
0.6414848
0.6364753
0.6304582
0.6223919
0.6159271
0.6142605
0.6181372
0.6214004
0.6184009
0.6180807
0.6151636
0.6092788
0.6155636
0.6238
0.6295768
0.6506628
0.6620766
0.6608495
0.6714759
0.6822102
0.6886503
0.6810017
0.6766995
0.6849214
0.6912587
0.6997932
0.6980722
0.6882021
0.6807823
0.6743362
0.6619146
0.650993
0.6468108
0.6322943
0.6254059
0.6267646
0.628058
0.6391543
0.6495605
0.6507519
0.6508168
0.6651175
0.6833649
0.6943902
0.6991984
0.7053555
0.7054507
0.6957041
0.6816906
0.6690608
0.6706935
0.6625165
0.6520296
0.6492366
0.6453856
0.6498725
0.6459853
0.6332195
0.6261803
0.627279
0.630484
0.6337606
0.6392258
0.640327
0.6422019
0.6442919
0.6372503
0.6357976
0.6408402
0.6454793
0.651329
0.6512353
0.6489712
0.653544
0.6623921
0.6717228
0.6688768
0.6643457
0.6772751
0.6789118
0.6764707
0.6786327
0.672375
0.6666763
0.6680154
0.6737578
0.6626948
0.6507607
0.6488411
0.6487502
0.6542486
0.6586351
0.6646533
0.6744579
0.6788605
0.682769
0.7011271
0.7177988
0.7163637
0.7222463
0.7471519
0.7680239
0.792143
0.79438
0.7680849
0.7559447
0.7384617
0.7110876
0.7012103
0.6993369
0.7060192
0.7137337
0.7114588
0.7239027
0.7278376
0.7123742
0.7030635
0.6957049
0.688548
0.6856485
0.6776126
0.6634828
0.6617282
0.6611892
0.6575681
0.669295
0.6707584
0.6610039
0.6624123
0.667567
0.670186
0.6786813
0.6930739
0.7015459
0.6986324
0.6828285
0.6767359
0.6830047
0.6847804
0.6897743
0.6924234
0.6920608
0.688072
0.6736988
0.669617
0.6750744
0.6913794
0.71605
0.7248446
0.7265079
0.7292538
0.7163302
0.7075201
0.7243348
0.7284718
0.7103742
0.7029015
0.7048136
0.7019692
0.7014986
0.7043884
0.7066593
0.7059818
0.6942054
0.6770382
0.6719984
0.6703198
0.6728012
0.6784078
0.6799547
0.6817043
0.6758321
0.6785371
0.6844304
0.6828088
0.6831604
0.6738505
0.6629731
0.6645143
0.6682276
0.6653328
0.6553595
0.6516048
0.6596799
0.6624784
0.6620194
0.672654
0.6770097
0.6690237
0.6709941
0.6796992
0.6875135
0.6919133
0.6955827
0.7022363
0.7067151
0.6979336
0.6771507
0.6747005
0.67918
0.6772644
0.6819925
0.6845179
0.6813729
0.6810322
0.6839014
0.6760311
0.6691398
0.6638594
0.6491455
0.6471973
0.6454848
0.6483123
0.6441528
0.6482541
0.6531987
0.6978
0.7399132
0.6608143
0.6337037
0.6526395
0.6430006
0.6501295
0.6566792
0.6590734
0.6611393
0.6704085
0.6744968
0.6696552
0.6540572
0.6538559
0.6688336
0.6789654
0.69037
0.6945297
0.6884942
0.6880748
0.6951471
0.7004435
0.6936942
0.6961386
0.7069073
0.703556
0.6999542
0.6987933
0.6884945
0.6771023
0.6741969
0.674883
0.6794464
0.6786593
0.6726876
0.6759392
0.6794627
0.683153
0.6895131
0.6924605
0.6899944
0.6875534
0.6826375
0.6670443
0.6669055
0.6783697
0.6859445
0.6948856
0.7021023
0.7055073
0.7010533
0.6974789
0.6872906
0.6713305
0.6695448
0.6731489
0.6783232
0.6865243
0.701325
0.7113182
0.7019999
0.6949182
0.6971467
0.6998372
0.6976656
0.6981075
0.6924784
0.6802376
0.6837047
0.6817841
0.6875371
0.7054225
0.7169462
0.7298285
0.7244713
0.7114163
0.71327
0.7239784
0.723603
0.7115867
0.710363
0.7108699
0.7063684
0.7091637
0.7156991
0.7224621
0.7282765
0.7283821
0.7256607
0.70545
0.6776367
0.6738089
0.677544
0.6922626
0.7080428
0.701271
0.7067038
0.7235236
0.7245854
0.718557
0.7178638
0.7065994
0.6926544
0.684727
0.6914368
0.6884994
0.7170807
0.7555595
0.6979105
0.6710203
0.6809344
0.6833157
0.678695
0.6933268
0.7019696
0.6491776
0.6524151
0.67019
0.6623141
0.6675679
0.6781083
0.6948727
0.726741
0.7407611
0.7323709
0.7435647
0.7421708
0.740013
0.7601578
0.7449379
0.7188153
0.7237055
0.7299127
0.7432185
0.7454848
0.7344026
0.7304642
0.7199777
0.7151812
0.7017483
0.6816149
0.6810922
0.676803
0.6700407
0.6675685
0.6703801
0.6804362
0.6885417
0.6919887
0.68766
0.6747894
0.6695687
0.6785751
0.6838915
0.6874571
0.6968048
0.7047894
0.7125979
0.7244408
0.7309583
0.7298361
0.7260927
0.7163445
0.7039377
0.705226
0.7099758
0.7125979
0.7103102
0.6965731
0.6970437
0.7040272
0.6918826
0.6936795
0.7203884
0.7207635
0.7110158
0.723558
0.7347227
0.7337112
0.720575
0.7138117
0.7213069
0.7274296
0.7249228
0.716053
0.7069462
0.6913718
0.6797248
0.6804888
0.6824209
0.6768805
0.6662843
0.6611249
0.6632332
0.6631807
0.6623202
0.668972
0.6690409
0.6678089
0.6752577
0.6882623
0.70233
0.7115677
0.7272108
0.732967
0.7276905
0.7293883
0.7304677
0.7227474
0.6982683
0.6815336
0.6825371
0.6755484
0.6694613
0.6702555
0.6844415
0.7201318
0.7362261
0.7378928
0.7400389
0.7442472
0.7529402
0.7473661
0.7401546
0.7277794
0.7175087
0.7183795
0.7298516
0.7419874
0.738527
0.7394179
0.7384399
0.7377308
0.7337535
0.7174621
0.6991041
0.6825166
0.6826254
0.6911176
0.708028
0.7147507
0.7102898
0.7123591
0.7105865
0.7073092
0.6925869
0.6830661
0.6911382
0.6952382
0.6882107
0.6858311
0.6976232
0.6999201
0.6958661
0.7024732
0.7036099
0.702019
0.6981072
0.6914801
0.6849421
0.6730729
0.6675859
0.667305
0.6712504
0.67184
0.6653189
0.6596077
0.659005
0.66397
0.669069
0.6783314
0.6917018
0.7030516
0.7096984
0.7132218
0.7090451
0.6990765
0.6876478
0.6654959
0.6478344
0.6454478
0.6477667
0.6477749
0.6364915
0.6263642
0.6246705
0.6367488
0.6533046
0.6584358
0.6705622
0.6812923
0.686243
0.6968151
0.7093322
0.7237179
0.730421
0.7318872
0.7271496
0.7206249
0.7202498
0.7265839
0.7079462
0.6772508
0.6845649
0.6859985
0.6751404
0.6636544
0.6492418
0.6616988
0.6900374
0.7025563
0.702525
0.7023818
0.6949409
0.6832921
0.6781633
0.6756584
0.6724451
0.6750675
0.6829782
0.6876322
0.6984031
0.7040171
0.7017284
0.6961822
0.6808768
0.6750666
0.682375
0.6913604
0.7065602
0.7270809
0.7293513
0.7199884
0.7095594
0.7078091
0.7080306
0.7036431
0.7165041
0.7215205
0.7107927
0.7155264
0.720142
0.7241225
0.7387355
0.7489411
0.7471116
0.7235403
0.7154413
0.7187851
0.7253259
0.75836
0.7651873
0.7532884
0.7468079
0.7277702
0.7075243
0.69276
0.6891313
0.6983317
0.7116388
0.7243252
0.7322032
0.7358185
0.7335374
0.7277349
0.7219998
0.7207376
0.7217669
0.7037141
0.6958842
0.7109329
0.7106292
0.7019215
0.7025092
0.6997016
0.6870481
0.6786516
0.6829935
0.6963087
0.6981811
0.7048338
0.7323544
0.753818
0.7626792
0.7595587
0.7494676
0.7406395
0.7334235
0.7231954
0.7333361
0.7430917
0.7334306
0.7408504
0.7467031
0.7382311
0.7331977
0.7228079
0.708805
0.7146808
0.7253382
0.7266569
0.7160935
0.7140561
0.7218301
0.7124754
0.7099389
0.7099118
0.703571
0.7036208
0.7076024
0.712244
0.7146763
0.7107299
0.694575
0.6870291
0.6871794
0.6820552
0.6867464
0.6825095
0.6782302
0.6807478
0.6776852
0.6816206
0.6827805
0.6927482
0.7016059
0.6999277
0.704163
0.7020792
0.6951692
0.6953289
0.7107883
0.7193682
0.7140032
0.7142142
0.7078772
0.6976173
0.6857147
0.6728519
0.6751859
0.6845147
0.6926597
0.6956184
0.6935755
0.6900769
0.6817622
0.6767471
0.6672729
0.6599323
0.6573665
0.6419813
0.6322699
0.6358858
0.6411303
0.6480281
0.6704527
0.7053872
0.7296458
0.7420719
0.7385238
0.7426953
0.771708
0.7807838
0.7606394
0.75776
0.7760785
0.7716852
0.7731718
0.7817162
0.7602247
0.7477905
0.7362932
0.7134224
0.7099052
0.7157562
0.7103992
0.701021
0.691549
0.6997464
0.7169042
0.7087757
0.7016504
0.7050329
0.7093863
0.709776
0.7078134
0.7078034
0.7030825
0.7013467
0.6913522
0.6753105
0.6768868
0.6901497
0.7016252
0.7024786
0.7056638
0.7181788
0.7243041
0.7223612
0.7176848
0.7144179
0.7092821
0.7006487
0.6913503
0.6871935
0.6788173
0.667904
0.6641281
0.6575432
0.6563553
0.6669949
0.6709491
0.6706588
0.6774846
0.6810253
0.685571
0.6942713
0.6972862
0.6956671
0.7000088
0.7087831
0.7196453
0.7276216
0.7227558
0.713392
0.7112194
0.7114198
0.713097
0.7210486
0.7265467
0.7184195
0.7039442
0.7008989
0.7061321
0.7051845
0.6978217
0.6957284
0.7004398
0.7009482
0.7039244
0.6994125
0.6807574
0.6721314
0.6685078
0.6637312
0.6713371
0.6897339
0.6903142
0.6872533
0.7043023
0.7222355
0.7346433
0.741938
0.7360936
0.7253586
0.7186102
0.7191953
0.7278514
0.730464
0.7220573
0.7245746
0.7301123
0.7329116
0.7394602
0.7171178
0.6886584
0.6885595
0.6870764
0.6852515
0.690128
0.6866058
0.6747842
0.6661637
0.6869979
0.7089594
0.7042696
0.6961381
0.7041595
0.7159397
0.7268716
0.747322
0.7316733
0.7465545
0.6918739
0.6511737
0.7606313
0.7230393
0.6729731
0.6945813
0.6889931
0.6979702
0.7048445
0.6967618
0.7031608
0.6797719
0.6641114
0.7295692
0.709747
0.6877022
0.7027663
0.7054591
0.7094529
0.7047132
0.7213808
0.7307553
0.7244537
0.7172412
0.7201303
0.7168464
0.7243117
0.7393272
0.7305186
0.7182726
0.7182238
0.7283544
0.7391362
0.7358926
0.7275392
0.7234826
0.7183857
0.7149179
0.7207615
0.7164914
0.7066695
0.7117419
0.7101423
0.7157326
0.7225187
0.7146867
0.7250263
0.7386025
0.7416582
0.7384164
0.7321944
0.7396374
0.7408757
0.7370797
0.7396354
0.7259331
0.7125301
0.7101729
0.7014524
0.7007712
0.7078216
0.7123158
0.7209879
0.7207698
0.7226991
0.7338002
0.7290242
0.72973
0.7372334
0.7269226
0.7180761
0.7155975
0.7115649
0.7083602
0.6990726
0.6961686
0.7081632
0.7250182
0.7462639
0.7517949
0.7459447
0.7515221
0.7536466
0.7484073
0.7491727
0.7670543
0.7645685
0.7528322
0.7653251
0.7640657
0.7625125
0.7564313
0.7417131
0.7439304
0.7419868
0.733394
0.7331014
0.7368275
0.736853
0.7375359
0.726878
0.7368904
0.7619274
0.7414496
0.717843
0.7161811
0.7170633
0.7109541
0.69946
0.691499
0.6947229
0.7047763
0.7180663
0.732178
0.7264872
0.7219717
0.7399435
0.7548139
0.7582182
0.7584106
0.7534126
0.7532776
0.7451929
0.7306554
0.7266034
0.719853
0.7182321
0.7122191
0.7018721
0.7133396
0.7244063
0.7213575
0.7144738
0.7233597
0.7406992
0.7347871
0.7320631
0.7424732
0.7395867
0.7329584
0.7332244
0.7302509
0.7261554
0.7213649
0.7171785
0.7121938
0.6996342
0.6920646
0.6931503
0.6924458
0.6942198
0.6994829
0.7115306
0.7245594
0.7272602
0.7377416
0.7471425
0.7402537
0.7344665
0.7400095
0.744392
0.7414312
0.7309518
0.7296321
0.7389018
0.7474925
0.7494084
0.7405535
0.7314592
0.7292555
0.7270273
0.7090246
0.6942659
0.6973245
0.7022859
0.7104407
0.7266868
0.7387434
0.7430034
0.7427762
0.7357237
0.7299068
0.7312148
0.7259719
0.7286808
0.727227
0.7158138
0.7164136
0.7084554
0.6973425
0.6992324
0.7090273
0.7187001
0.7196518
0.7210427
0.7255967
0.7252461
0.7293851
0.7306839
0.7333963
0.7287462
0.7162869
0.7092528
0.6954979
0.6906965
0.6872522
0.6793258
0.6833588
0.6902593
0.6960002
0.692796
0.6849139
0.6885972
0.6761934
0.6640427
0.6807698
0.6929361
0.6964439
0.6968486
0.6945763
0.6997889
0.7037094
0.7044573
0.7031601
0.7067371
0.719316
0.7181833
0.7106406
0.7225937
0.7240656
0.7218902
0.7358584
0.7280992
0.7198964
0.718865
0.7083749
0.6995623
0.6837628
0.6757322
0.6789616
0.6823628
0.7076203
0.7267496
0.7291101
0.7499848
0.7541569
0.7520371
0.7564595
0.7465285
0.7521226
0.7549324
0.7491002
0.74841
0.7470042
0.7500517
0.7450418
0.736491
0.7279806
0.7240292
0.7210653
0.7144552
0.7147535
0.7195082
0.7264623
0.734703
0.7397998
0.7323755
0.7299802
0.7377358
0.7310204
0.7309219
0.7412349
0.7415532
0.7371616
0.7275753
0.7265966
0.7195957
0.7088126
0.7022216
0.6868134
0.6845382
0.6966267
0.7047946
0.708291
0.7048959
0.7019663
0.7092497
0.7120623
0.7168323
0.7245884
0.7118246
0.6976091
0.7007943
0.7037814
0.7144542
0.7175055
0.7104698
0.7147494
0.7201497
0.7248805
0.7234375
0.7178018
0.7119344
0.7074783
0.697529
0.686332
0.6904207
0.7004541
0.7095747
0.712771
0.7102831
0.7199454
0.7276157
0.7168799
0.7111532
0.7069774
0.7017847
0.6942008
0.6857189
0.6863204
0.6776627
0.6839298
0.692747
0.7026957
0.7285397
0.7284915
0.7273634
0.7424986
0.7475777
0.7433651
0.7386377
0.722114
0.7095525
0.7157628
0.7185618
0.7222025
0.739472
0.7445684
0.7448868
0.7468294
0.7327644
0.7298153
0.7321643
0.7237163
0.7165371
0.7103101
0.6959882
0.6817191
0.6731783
0.6783746
0.6785416
0.690821
0.7173174
0.7054992
0.6981567
0.7035297
0.7031796
0.7031444
0.6991094
0.6923491
0.6851456
0.6851172
0.6890369
0.6849654
0.6743404
0.6800816
0.7022283
0.7032294
0.6987325
0.7211467
0.7272524
0.718813
0.7324527
0.7328877
0.7271168
0.7487743
0.7591426
0.7554566
0.7698531
0.7860246
0.7830796
0.7831327
0.7747661
0.7596194
0.7651815
0.7632237
0.7569113
0.7532317
0.7395717
0.7501877
0.7689084
0.7600878
0.7419302
0.7464453
0.7601492
0.7575334
0.7514141
0.7412068
0.7446092
0.7531135
0.7454578
0.7413449
0.7435158
0.7366718
0.7156432
0.6939743
0.6970171
0.6999835
0.6963155
0.7147152
0.7287985
0.7337208
0.7331836
0.7262351
0.7294155
0.7285016
0.7253445
0.7318271
0.7390829
0.7291975
0.721783
0.7041587
0.7141417
0.767355
0.7480522
0.7170332
0.7183732
0.7146901
0.7034486
0.6812566
0.6802777
0.6780569
0.6666374
0.6702559
0.673848
0.6781199
0.6829736
0.6812371
0.6840304
0.6878059
0.6958037
0.7125057
0.7224739
0.7258505
0.741076
0.7447812
0.7394025
0.7512303
0.7597921
0.749159
0.7389328
0.7413054
0.7423121
0.7307426
0.7292684
0.7299479
0.7196801
0.7276135
0.7372753
0.7412337
0.743029
0.7301602
0.7109847
0.7097661
0.7163016
0.715898
0.7114784
0.7004471
0.6918883
0.682711
0.668118
0.6507612
0.6389445
0.6363202
0.6456803
0.648644
0.7023933
0.7588558
0.7958385
0.8134187
0.7737926
0.8200826
0.8542729
0.8469935
0.8509234
0.830599
0.8243662
0.8254399
0.8223102
0.8088489
0.8005354
0.7965356
0.7856683
0.7673401
0.7463729
0.7315644
0.7287664
0.7303672
0.7314439
0.7316535
0.7233504
0.7078902
0.7096917
0.7128721
0.7043262
0.6987937
0.6919478
0.6875714
0.6907019
0.6895753
0.6825217
0.6720168
0.6592006
0.6600218
0.67528
0.6803418
0.6861112
0.7047998
0.7154395
0.7196416
0.7310366
0.7377956
0.7331702
0.7479083
0.7597025
0.7627649
0.7735869
0.7583056
0.750602
0.7569767
0.7578655
0.764946
0.7633238
0.7535454
0.743564
0.7478309
0.7517361
0.7411691
0.7387902
0.7451758
0.746303
0.7438391
0.7253243
0.7031232
0.6971417
0.6894084
0.6809667
0.6693199
0.6685408
0.6821136
0.6873521
0.6898978
0.6962545
0.7070631
0.7175895
0.7165353
0.7130871
0.7170757
0.7184898
0.7177134
0.7159826
0.7176838
0.7275074
0.7227635
0.707897
0.7180879
0.7256495
0.7213621
0.7266358
0.7178859
0.7062922
0.6967459
0.6849819
0.6889514
0.6953744
0.6889427
0.6805311
0.6842787
0.6856619
0.6784948
0.6758231
0.6784147
0.6858599
0.6861053
0.6847617
0.6811298
0.6690913
0.673415
0.685945
0.6886587
0.697371
0.7100144
0.7158852
0.7066169
0.7113602
0.6876598
0.6665988
0.7065877
0.6925187
0.673894
0.6758681
0.671724
0.6833487
0.6978861
0.717405
0.7239323
0.7318803
0.7303013
0.7240208
0.7265916
0.7198084
0.7217082
0.7316211
0.7376382
0.7329748
0.7317781
0.7394
0.7340527
0.7251156
0.7078352
0.6924097
0.6852142
0.6770608
0.685406
0.6964077
0.698878
0.7063661
0.7233973
0.7442418
0.7494705
0.7414148
0.7359762
0.7418245
0.7395135
0.7281978
0.7204696
0.7095231
0.6984731
0.6908974
0.6960789
0.7087338
0.7102808
0.712808
0.7251381
0.7267884
0.7137327
0.7063447
0.7141858
0.7267862
0.745933
0.748609
0.735145
0.737803
0.7469322
0.7407121
0.7413698
0.7560263
0.7616209
0.7577305
0.7483372
0.7519704
0.7523819
0.7488494
0.7538166
0.7495416
0.7439625
0.7463774
0.7526947
0.7559053
0.7505952
0.7470953
0.7509953
0.7526802
0.7490872
0.7506946
0.7436056
0.7326902
0.7399308
0.7430087
0.7426935
0.7448671
0.7453991
0.734084
0.7179211
0.7199996
0.724316
0.7249831
0.7268438
0.7193407
0.7058417
0.6941686
0.6951579
0.7077395
0.7035976
0.6956651
0.6992927
0.6960213
0.6848285
0.688937
0.7033894
0.7082741
0.7152872
0.7266061
0.7352144
0.7328016
0.7323942
0.7380502
0.7300653
0.7251425
0.7095201
0.6781553
0.6695747
0.659542
0.6414953
0.6290598
0.6264191
0.6442647
0.6631625
0.6835696
0.722672
0.7587692
0.7914265
0.8121142
0.8199928
0.8357298
0.8180161
0.8002304
0.8127193
0.8186374
0.8026985
0.7769277
0.7626607
0.7599735
0.7439884
0.724701
0.7268753
0.7351974
0.7404005
0.7393403
0.7445846
0.759513
0.7564947
0.7490279
0.761561
0.7581689
0.7495493
0.7563616
0.7615567
0.7553178
0.7487757
0.7544171
0.7581931
0.748807
0.74252
0.750678
0.7468596
0.740315
0.7446601
0.7471713
0.7444444
0.737494
0.7283343
0.7176795
0.6995136
0.6824048
0.6690759
0.7483578
0.8062217
0.7056047
0.6883719
0.7209054
0.7013144
0.7183305
0.7338685
0.7511125
0.7622631
0.7565846
0.7795966
0.7932323
0.7745242
0.7545898
0.7532604
0.7485304
0.7414285
0.7402367
0.7312783
0.7378459
0.7518108
0.7532054
0.7559175
0.7578805
0.7424893
0.7517427
0.7543206
0.731986
0.7331926
0.7469542
0.7553305
0.7521665
0.7516119
0.7539109
0.7499002
0.75528
0.7526993
0.740283
0.7467256
0.7499232
0.7456381
0.7474437
0.7506192
0.7510256
0.7434914
0.7415859
0.734824
0.725495
0.7419032
0.7576263
0.7705484
0.7687195
0.7558466
0.7649023
0.7676867
0.7539836
0.7425899
0.7453286
0.7510698
0.7497906
0.7494479
0.7403939
0.7195161
0.7164549
0.7270118
0.7274536
0.7258668
0.7204036
0.7164895
0.7249207
0.7314706
0.7325619
0.7289042
0.7144946
0.7068173
0.7122554
0.7165514
0.7250897
0.7354629
0.7404119
0.745755
0.7432496
0.7318018
0.7290666
0.7405679
0.7506474
0.7656579
0.7844345
0.7878516
0.7718077
0.7432074
0.7393943
0.7494702
0.7563252
0.7628438
0.7532904
0.7379662
0.7295013
0.7165584
0.7033543
0.7053363
0.7158768
0.7247324
0.7269586
0.7248977
0.7255302
0.7450341
0.7722117
0.778318
0.7796482
0.7724895
0.7541975
0.7462026
0.7417737
0.7327666
0.715859
0.7051721
0.7138402
0.7299311
0.7418579
0.749948
0.7493264
0.7561894
0.7610873
0.7600047
0.7622553
0.7510658
0.7317558
0.7269544
0.7402455
0.7502026
0.7469553
0.745026
0.7619871
0.7622355
0.7591948
0.7619912
0.7592367
0.7654858
0.7717983
0.7734227
0.7575044
0.7616911
0.7762034
0.7674453
0.7511056
0.7309395
0.714398
0.7173191
0.7244032
0.7229759
0.7384268
0.7497329
0.7521713
0.7538437
0.7427987
0.7393621
0.7410144
0.7381303
0.7402537
0.7345342
0.7241895
0.7264137
0.7279058
0.7164028
0.7086887
0.7180193
0.7261456
0.7291486
0.7404312
0.7430771
0.7364338
0.746857
0.7523295
0.7362038
0.7247568
0.7244597
0.7198708
0.7102697
0.7072889
0.7153146
0.7152251
0.7051846
0.6943186
0.6775557
0.6750782
0.6823133
0.6870293
0.6849061
0.6764947
0.6871137
0.7072865
0.7183517
0.72449
0.728437
0.7259575
0.7191959
0.7260927
0.7370472
0.7310202
0.7249029
0.725928
0.7295111
0.7375167
0.728677
0.7168095
0.7270365
0.7371002
0.7288271
0.7224451
0.7341971
0.7350054
0.7313174
0.7396263
0.7440163
0.7460974
0.7410347
0.7358168
0.7392444
0.7393428
0.7323178
0.7171632
0.711341
0.7230004
0.732422
0.7399563
0.748804
0.7428757
0.7341492
0.7336998
0.7345929
0.7305984
0.7261638
0.732177
0.7396348
0.7375456
0.7397247
0.7531974
0.753489
0.7460036
0.7452104
0.7568927
0.7612286
0.7567159
0.765772
0.7601952
0.7515094
0.758434
0.7522374
0.7494513
0.7569452
0.7557398
0.7534619
0.7547084
0.7483146
0.7382777
0.7370611
0.7210368
0.7014939
0.704339
0.7067861
0.7090717
0.7166267
0.7180248
0.7271382
0.7445777
0.7460171
0.748498
0.7588141
0.750955
0.7276446
0.7126317
0.7171543
0.7153966
0.7152194
0.7218873
0.7167608
0.7194122
0.7302825
0.7309451
0.722909
0.716398
0.7092251
0.7043996
0.698905
0.688245
0.6921417
0.7043489
0.7127597
0.7311894
0.7454181
0.7376526
0.7426212
0.7604642
0.7594607
0.7530427
0.7509058
0.7547803
0.7652276
0.7567687
0.7336919
0.7231734
0.7129976
0.7073048
0.7047211
0.6888503
0.6893014
0.701821
0.710669
0.7243513
0.7353444
0.7414432
0.7511501
0.7780743
0.7934859
0.8000162
0.7997658
0.7759661
0.7724427
0.7714117
0.7573592
0.7517626
0.7304571
0.7126974
0.7186515
0.723928
0.7317626
0.7384228
0.7275397
0.7075348
0.6985546
0.7005105
0.7068915
0.7126396
0.7099371
0.7142241
0.7152729
0.7072751
0.7226438
0.7362513
0.7330824
0.7362532
0.7438819
0.756511
0.770209
0.7863265
0.800984
0.7989427
0.7848594
0.7591065
0.7351133
0.734092
0.7360132
0.7322851
0.7339902
0.7256767
0.7255171
0.7353433
0.7279818
0.7363542
0.7509688
0.7545425
0.754572
0.7486894
0.7620845
0.7728657
0.7652409
0.7587749
0.7555517
0.7465072
0.7296044
0.7245332
0.7304939
0.7342457
0.7391346
0.7389493
0.7311645
0.7450048
0.7666499
0.768618
0.7521698
0.7394343
0.7459991
0.7436235
0.7362233
0.7445949
0.749188
0.7395239
0.730871
0.723913
0.7128718
0.7158202
0.7262808
0.7321315
0.7418662
0.7421369
0.7440314
0.7457854
0.7384368
0.735843
0.7350694
0.7261592
0.7109468
0.7060346
0.7110301
0.7304256
0.7166129
0.7212537
0.8090837
0.7529049
0.6588616
0.7072244
0.7346051
0.7346831
0.7384144
0.7503546
0.7517645
0.7620537
0.7765749
0.75163
0.7439924
0.7598676
0.7696267
0.7654988
0.709749
0.6936162
0.74934
0.7465705
0.722243
0.7180713
0.7281151
0.7432343
0.7427713
0.7206588
0.6892503
0.6976559
0.7189453
0.714915
0.7101468
0.7147844
0.7058517
0.7009362
0.7018961
0.6943763
0.7030621
0.7170604
0.7229624
0.7200884
0.7212913
0.7267817
0.7287763
0.7418335
0.7377466
0.7359109
0.74789
0.7357643
0.7179845
0.7092182
0.7073022
0.7062707
0.7085007
0.7174358
0.7199499
0.7204521
0.7267588
0.7296721
0.7172813
0.7103408
0.7231189
0.7264209
0.7311946
0.735098
0.7262648
0.7307818
0.7418648
0.7479622
0.7464024
0.7452792
0.7473796
0.7500184
0.7447486
0.7350129
0.7319277
0.7202215
0.7231771
0.7454652
0.7466662
0.748242
0.7453815
0.7363427
0.7593124
0.7685868
0.7517584
0.7460729
0.7512418
0.7519752
0.7449933
0.7413955
0.7382651
0.728359
0.7224376
0.7179133
0.7160129
0.7241172
0.7216351
0.7185489
0.7264244
0.736874
0.7523592
0.7628838
0.7627476
0.7626221
0.7742489
0.7735823
0.745715
0.7414831
0.7563334
0.7529222
0.7643935
0.770751
0.7670417
0.7922148
0.8052469
0.7914601
0.7812059
0.7789751
0.7746195
0.7730835
0.77341
0.7730208
0.7613581
0.7425037
0.7459935
0.7606928
0.7689398
0.7841642
0.7941821
0.781025
0.7901168
0.7908601
0.7653963
0.7627569
0.7634407
0.7688618
0.7726649
0.7623141
0.7583848
0.7460264
0.7223696
0.7238928
0.7415479
0.7545166
0.7607029
0.7637458
0.7578632
0.7492383
0.7540821
0.7496144
0.7502251
0.7587732
0.7616272
0.7504958
0.7416192
0.7556882
0.753263
0.7485436
0.7592818
0.7620517
0.7601184
0.7576557
0.7556148
0.7441162
0.7231537
0.7272187
0.737014
0.7277402
0.7330446
0.7426216
0.7326481
0.7298384
0.7277513
0.7278944
0.7273917
0.713957
0.711895
0.723719
0.7490981
0.7583861
0.750295
0.7531831
0.7586066
0.7501371
0.7332283
0.7231247
0.7102274
0.7007853
0.7068377
0.7236781
0.741958
0.7604257
0.7836979
0.8049671
0.8140851
0.7993439
0.7853009
0.8000992
0.8077457
0.7919328
0.795427
0.8048378
0.8026755
0.7952561
0.7811011
0.7787923
0.7852386
0.7783194
0.7621455
0.7676816
0.788058
0.7969947
0.801483
0.8071654
0.7964556
0.7848262
0.7784461
0.7767792
0.7794538
0.7733907
0.755518
0.743155
0.7546957
0.7575351
0.7557455
0.7584483
0.7591463
0.7457735
0.7322955
0.7454468
0.7565999
0.7449456
0.7234723
0.7311917
0.7268735
0.6962882
0.7024271
0.7088921
0.6878889
0.6718546
0.6642967
0.6632382
0.6555243
0.6510559
0.6541638
0.6431227
0.6304148
0.6270323
0.6246235
0.6183084
0.6173224
0.6216028
0.6153611
0.6030323
0.5950311
0.5868907
0.5814751
0.5862332
0.5966567
0.6097336
0.628474
0.6406225
0.646633
0.6431045
0.6290465
0.6203708
0.6189811
0.6232661
0.6230069
0.6204807
0.6359294
0.6326874
0.6096009
0.5983616
0.6022756
0.5770061
0.6031388
0.6684125
0.6710277
0.7475541
0.7328421
0.6850416
0.7705421
0.7497817
0.7160875
0.7617508
0.7703891
0.7620694
0.7594898
0.7492455
0.7220653
0.7126
0.6994787
0.7029853
0.6954195
0.6113587
0.5907471
0.6081615
0.6136732
0.6251185
0.6270895
0.6409586
0.6449505
0.6391014
0.6450972
0.6473042
0.6436787
0.6526706
0.669844
0.6899512
0.69127
0.6869091
0.6907809
0.7001046
0.7000162
0.6942653
0.7040986
0.7067828
0.7137925
0.7239663
0.7152843
0.6997408
0.6920647
0.6863354
0.6746341
0.6712773
0.6711525
0.6871162
0.699206
0.6846596
0.6984682
0.7135369
0.7071978
0.7010921
0.6990467
0.713563
0.7199713
0.7108556
0.6979137
0.6998922
0.7157691
0.7349146
0.7387896
0.722363
0.7378541
0.7472894
0.7408959
0.7685089
0.7882559
0.7800257
0.7649725
0.7735211
0.7696769
0.747153
0.7518957
0.763813
0.7653862
0.756288
0.7336034
0.7652401
0.8248721
0.8045778
0.7772274
0.7756928
0.7721779
0.7622773
0.7690251
0.790195
0.7814239
0.7528686
0.7439077
0.7577204
0.7604851
0.753254
0.7448869
0.7616224
0.7990533
0.8027049
0.7964959
0.812666
0.8135593
0.8085971
0.8132628
0.8189892
0.8113475
0.7987977
0.8039231
0.8026841
0.7816151
0.7678575
0.749147
0.7185987
0.7066155
0.7220665
0.7573446
0.7720749
0.7764078
0.7833891
0.7785681
0.7790328
0.7927672
0.8030706
0.7895796
0.7925031
0.8155374
0.82387
0.8216036
0.8076935
0.8052164
0.81966
0.8277979
0.815597
0.795136
0.7930732
0.794037
0.7914812
0.7901275
0.7904398
0.7921395
0.7865071
0.7976134
0.8115667
0.7916806
0.7888753
0.7989261
0.7880648
0.7892121
0.7748765
0.7476769
0.7454009
0.7402138
0.7184179
0.727176
0.7575077
0.7620902
0.7528529
0.7330931
0.7285695
0.7460958
0.7531313
0.7618156
0.7679705
0.7597229
0.7706031
0.7832582
0.7846962
0.8020273
0.8058199
0.8003556
0.7955371
0.7816085
0.7828472
0.7892414
0.7733134
0.7548657
0.7593791
0.763315
0.7591339
0.7744785
0.7977455
0.8064983
0.8085506
0.8025505
0.7985607
0.8155421
0.8222729
0.8121308
0.8170562
0.8262023
0.8254993
0.8214453
0.8187541
0.8149267
0.803601
0.8063582
0.8242841
0.8387034
0.8399147
0.8493337
0.8214832
0.8429012
0.803269
0.6907023
0.7837128
0.8319912
0.8232893
0.8479527
0.8370506
0.8359846
0.8271613
0.8198527
0.8031405
0.8048065
0.8174001
0.8136699
0.7991175
0.796338
0.8132897
0.8255918
0.8140046
0.7956887
0.7877094
0.7855019
0.7586892
0.71426
0.6999731
0.6913967
0.670984
0.6584692
0.6494464
0.6373094
0.6304971
0.6326421
0.6386237
0.6418161
0.6346507
0.6290474
0.6388846
0.6525921
0.6591796
0.6649639
0.6776178
0.6808007
0.6658685
0.6537606
0.6583759
0.6702545
0.6731688
0.6686201
0.6624164
0.6845375
0.709845
0.7078948
0.7075331
0.7081414
0.7215337
0.7336572
0.7193629
0.7291605
0.758365
0.7557503
0.7475442
0.7480848
0.7393019
0.7314048
0.7384677
0.7523831
0.7444606
0.7199439
0.7191568
0.7299667
0.728627
0.718893
0.7118735
0.6998295
0.6919021
0.701183
0.6917569
0.6811818
0.6888002
0.6973122
0.7066641
0.7052197
0.715091
0.7245553
0.7136477
0.7188501
0.7168967
0.7031069
0.6910751
0.6820616
0.686189
0.6849989
0.6804595
0.6805732
0.6870676
0.6843154
0.6745626
0.6958348
0.7111376
0.7068184
0.7122555
0.6997793
0.68829
0.6878022
0.688199
0.6854697
0.6772857
0.6756502
0.6688709
0.6772035
0.6935703
0.6950882
0.6973297
0.7081591
0.717159
0.7153856
0.7107698
0.7083016
0.7033665
0.6912021
0.6758978
0.6599326
0.6599213
0.6759143
0.6833462
0.6881118
0.7002036
0.7069127
0.7106582
0.7125782
0.7063221
0.6997434
0.6909581
0.6857143
0.6873383
0.6919214
0.6968559
0.7113791
0.7242069
0.724929
0.7282046
0.7216209
0.7144964
0.7174502
0.7083284
0.7078003
0.7148734
0.7113322
0.7241938
0.7294805
0.7169658
0.7280827
0.7287674
0.7070135
0.7053238
0.7066582
0.7095211
0.7145256
0.7104714
0.7121354
0.7210201
0.7219886
0.7140638
0.7092078
0.7090126
0.7076429
0.6955718
0.6831796
0.6822825
0.6868302
0.6966095
0.6958369
0.6879675
0.6925418
0.691339
0.6897382
0.6948984
0.6893326
0.6856335
0.6869275
0.6784833
0.6656415
0.6778816
0.6794709
0.6957247
0.7750843
0.7352564
0.6387852
0.648254
0.644204
0.6269434
0.6289425
0.6278447
0.6296775
0.6396607
0.6466891
0.6450456
0.6566146
0.6509005
0.6433953
0.6430666
0.6346138
0.6401866
0.6404529
0.6375758
0.643304
0.6476727
0.650151
0.6553081
0.6512611
0.661699
0.638824
0.6845488
0.7549955
0.6551339
0.6206375
0.6447819
0.6318884
0.6418546
0.6502349
0.6475024
0.6458773
0.6615715
0.6713557
0.6728409
0.6739196
0.6731218
0.6605989
0.6621681
0.6685756
0.6668187
0.6614004
0.6575455
0.6635494
0.6648603
0.6556157
0.6492078
0.6452246
0.6368828
0.6380095
0.6368577
0.6385783
0.6556012
0.6632273
0.6586565
0.6511498
0.6440913
0.6444507
0.6483846
0.6505985
0.6512539
0.6395936
0.6263968
0.6226058
0.6149874
0.6063072
0.6018433
0.5980801
0.605139
0.6227567
0.6381085
0.647385
0.6482316
0.6603408
0.6686898
0.6504753
0.6346074
0.6305576
0.6273682
0.6247681
0.6220869
0.6178989
0.615281
0.6114064
0.6113045
0.6232573
0.6340595
0.6334154
0.6353858
0.6434571
0.645012
0.6386871
0.6348797
0.6405546
0.6471034
0.6520718
0.6522469
0.6479637
0.6438429
0.6370707
0.6299824
0.6240909
0.6211471
0.6186636
0.6199206
0.6271229
0.6326577
0.6330152
0.6355407
0.6434743
0.6526409
0.6555871
0.6469633
0.6440938
0.6419229
0.6289165
0.6229918
0.623812
0.6187648
0.6125334
0.6139789
0.6222269
0.6283421
0.6295733
0.6315947
0.6320746
0.6243947
0.6194218
0.6192708
0.6167907
0.6118924
0.6097112
0.6513566
0.7037219
0.6660135
0.5955771
0.577822
0.5742794
0.5706053
0.5720505
0.5710338
0.5732201
0.5923107
0.6111298
0.6550831
0.7277336
0.7266671
0.6734237
0.668597
0.6968776
0.7156434
0.7158794
0.6998843
0.7090035
0.7304056
0.7309874
0.7148552
0.7060789
0.6991859
0.6813992
0.6953682
0.7065726
0.6995639
0.6989777
0.692901
0.6917391
0.6906258
0.6945399
0.6859771
0.6819889
0.7037652
0.706467
0.7026081
0.7005018
0.6983875
0.7023664
0.6946443
0.6840407
0.6889075
0.6964241
0.6975719
0.695044
0.6856112
0.6801533
0.6751278
0.6706487
0.677803
0.6791302
0.6742851
0.6905258
0.6943528
0.6843036
0.6952573
0.6938799
0.6919215
0.6880781
0.6738231
0.6681854
0.6751349
0.6948974
0.7061743
0.6931928
0.6759948
0.6834167
0.6923291
0.6897074
0.6861582
0.6796655
0.6701966
0.6732649
0.6796206
0.6776106
0.67846
0.6727801
0.680382
0.6918658
0.6838252
0.6776844
0.6729551
0.6673086
0.6636362
0.6615909
0.6557851
0.6475864
0.6468276
0.6501938
0.647103
0.6446696
0.647068
0.6480444
0.6532945
0.6527554
0.6466019
0.6534091
0.6617408
0.6578152
0.656952
0.6630115
0.656721
0.6539141
0.6615535
0.6600093
0.6539515
0.6503468
0.6474272
0.6481872
0.6749429
0.6896557
0.6768394
0.6815118
0.6850135
0.6817468
0.6807306
0.6753291
0.6751641
0.6742652
0.66659
0.6652205
0.6729273
0.6653068
0.6540782
0.6559162
0.6435944
0.6364406
0.6485591
0.651469
0.6533995
0.6591336
0.6575621
0.655713
0.6618557
0.6809421
0.686871
0.6788423
0.6804631
0.6733047
0.6647837
0.6628203
0.6616606
0.6541925
0.6447455
0.6342007
0.6473552
0.6756158
0.6779451
0.6609281
0.6262018
0.6249343
0.6452033
0.6422024
0.6450046
0.6600847
0.6613697
0.6565292
0.6504401
0.6367927
0.6274264
0.6250974
0.6290411
0.6361552
0.6470473
0.6521376
0.6364879
0.6197742
0.6219588
0.6276818
0.6393
0.6506947
0.6511565
0.6442102
0.6329697
0.6252188
0.6176074
0.6083977
0.5951734
0.5912359
0.5907156
0.5992934
0.6356279
0.656856
0.6518952
0.6462849
0.6382824
0.6390793
0.6473479
0.6585329
0.6841053
0.6902002
0.6931638
0.7009852
0.6898663
0.6815814
0.6706964
0.6611692
0.6508854
0.6399962
0.6526028
0.6569235
0.6403437
0.6378792
0.6359548
0.6387046
0.6450115
0.6434406
0.6376631
0.6278021
0.6277704
0.6265295
0.6229207
0.6151944
0.6088349
0.5976237
0.5802691
0.5818357
0.5886093
0.5870679
0.5885769
0.6098666
0.6429332
0.6640002
0.67724
0.6927605
0.6869915
0.6667262
0.6633378
0.6629107
0.6662369
0.6808019
0.6794823
0.6648255
0.6565394
0.6514314
0.6399222
0.625407
0.6146619
0.6065469
0.6026942
0.5946188
0.5938383
0.6027253
0.6072507
0.6073009
0.5948251
0.5831315
0.5786761
0.5779053
0.5775581
0.5680068
0.5573069
0.5586508
0.5626745
0.5603278
0.5576332
0.5588149
0.5652964
0.5626261
0.5582738
0.5649955
0.5683833
0.5655847
0.5635253
0.5647069
0.5627271
0.5586136
0.5640545
0.573724
0.5823919
0.5881892
0.5953764
0.6098245
0.6272935
0.6300335
0.6158531
0.6045657
0.6041647
0.6130893
0.6227325
0.6268637
0.6282502
0.6296357
0.6248241
0.6241532
0.620561
0.6055156
0.6049349
0.6124715
0.6156633
0.6192427
0.6284449
0.650192
0.6476018
0.6289039
0.6229342
0.621731
0.6206128
0.6100459
0.6071
0.604825
0.613395
0.6291428
0.6263634
0.6320211
0.6476468
0.6525538
0.648276
0.6561803
0.6643963
0.6596597
0.6754515
0.7048765
0.711375
0.6837734
0.6795458
0.6952379
0.6986856
0.7147196
0.7174732
0.7248188
0.7262665
0.7030436
0.7053404
0.7195313
0.7112216
0.7231635
0.7466725
0.7291607
0.7031039
0.6844087
0.6739481
0.6871984
0.7107417
0.7153154
0.7140064
0.7260852
0.7221305
0.7209463
0.7367727
0.735727
0.7247217
0.7306133
0.7527686
0.754716
0.7512252
0.7880945
0.7898822
0.7676001
0.7862376
0.7780976
0.7672849
0.7943292
0.8087209
0.7874656
0.7652461
0.7765851
0.7752452
0.7549202
0.7740832
0.78952
0.7757984
0.7629783
0.7469011
0.7346203
0.7251555
0.7295296
0.7304171
0.7160227
0.7272414
0.7407345
0.7352903
0.7430824
0.7683947
0.7863518
0.7770208
0.7530622
0.7422417
0.7370484
0.7294025
0.7266648
0.7164819
0.7097339
0.6929954
0.6718052
0.678319
0.6878784
0.6834472
0.6960226
0.7185593
0.7207062
0.7174587
0.7222221
0.7315824
0.7282757
0.7282081
0.7115574
0.6745253
0.6653308
0.6803717
0.6926324
0.6920027
0.6902429
0.6952231
0.7047958
0.7052195
0.7080157
0.7219219
0.729469
0.7304464
0.7327814
0.7360939
0.7311602
0.722156
0.7258706
0.7424624
0.7413339
0.7252957
0.7280597
0.7439732
0.7477083
0.7348595
0.7360555
0.7537739
0.7479068
0.7424565
0.7640336
0.7586277
0.7448244
0.7485768
0.7463955
0.7379733
0.7274345
0.726133
0.7197647
0.7088586
0.7164734
0.7320333
0.7273196
0.7167045
0.7297716
0.7449781
0.7345677
0.7272087
0.7323328
0.7270243
0.7216071
0.7280094
0.7366058
0.7357847
0.7258641
0.7187873
0.7171338
0.7137639
0.7036236
0.7007568
0.7045677
0.7013675
0.7155303
0.7172591
0.6988225
0.7035404
0.7024874
0.6847201
0.6816209
0.6824532
0.6801407
0.677199
0.662187
0.6485747
0.6458086
0.6438985
0.6513867
0.6537914
0.6560108
0.6727162
0.664976
0.6461628
0.6478641
0.6613534
0.6609638
0.6629721
0.6841117
0.6958074
0.6904759
0.7020228
0.7224121
0.7130075
0.7136316
0.7438541
0.7478963
0.7333958
0.7506664
0.7593667
0.7429484
0.7357051
0.7577314
0.7686604
0.7665736
0.7809282
0.7721252
0.7817689
0.8047446
0.7919675
0.7737457
0.7588973
0.7333279
0.7252987
0.7427665
0.7534523
0.7654695
0.7619707
0.7541309
0.787073
0.7827935
0.7772014
0.8031316
0.8217651
0.8146163
0.7841755
0.8102652
0.8135151
0.8133434
0.8205803
0.789445
0.7965688
0.7888504
0.7616764
0.786261
0.7817274
0.7526981
0.7708584
0.7974783
0.7928904
0.7921469
0.8097532
0.7960403
0.8000356
0.7982814
0.7784982
0.7754935
0.7736358
0.7868232
0.7639062
0.7358186
0.7264308
0.7039361
0.7018518
0.6993123
0.6964942
0.7127087
0.7179276
0.7145259
0.7165984
0.7115226
0.6929293
0.6835963
0.6961931
0.7112803
0.7184058
0.7281887
0.7281834
0.7284759
0.7490008
0.7605778
0.7516822
0.7486799
0.7627616
0.7555488
0.7414096
0.7477993
0.770739
0.7780754
0.7727763
0.7818941
0.7590626
0.7359512
0.7365368
0.7347217
0.728561
0.7131832
0.6969861
0.6875594
0.6856933
0.6885528
0.6922941
0.6768316
0.6856009
0.6816206
0.7177324
0.7504194
0.6624317
0.6689483
0.7003326
0.6910981
0.7172019
0.7256323
0.7547137
0.7806034
0.7713716
0.7839566
0.8023258
0.7823428
0.7809514
0.799902
0.7734515
0.748336
0.7429605
0.7276994
0.7271991
0.7213363
0.7363303
0.7464931
0.7365621
0.7554223
0.7545054
0.7367938
0.7378929
0.741707
0.7468313
0.7482378
0.7396366
0.7348967
0.7384451
0.7478293
0.7546228
0.7631031
0.7498796
0.7282502
0.7368068
0.7439914
0.7210276
0.7147108
0.7331569
0.7273822
0.7182026
0.7003384
0.6904991
0.6940803
0.6973024
0.7069983
0.7144657
0.7355028
0.7565273
0.7696035
0.7866889
0.7883949
0.7771544
0.7898202
0.7887557
0.7518886
0.7356442
0.7467057
0.7568473
0.7553735
0.739931
0.7370954
0.7271249
0.7188319
0.7325333
0.7382594
0.7540056
0.7596643
0.7701783
0.7743047
0.7580618
0.754959
0.7520396
0.746707
0.7348585
0.7292329
0.7248018
0.7257293
0.7256314
0.7059393
0.6887547
0.6726671
0.6670126
0.669128
0.6695528
0.6730955
0.6717391
0.6771398
0.6763252
0.663994
0.6550437
0.6503701
0.66193
0.6704489
0.666898
0.6649213
0.6811851
0.7133916
0.7270763
0.7281214
0.7308596
0.7420519
0.7451858
0.7620232
0.7988815
0.811673
0.8091563
0.7981144
0.7731446
0.7497643
0.7352643
0.7184642
0.7163587
0.742836
0.7443319
0.7387534
0.7599926
0.752196
0.7468769
0.7521705
0.737695
0.7189934
0.7103836
0.7034124
0.6990691
0.7044792
0.7021562
0.7058428
0.7102323
0.7057567
0.7057233
0.7069273
0.7106925
0.7281312
0.740511
0.7405433
0.743736
0.7369289
0.7159053
0.7076037
0.7044286
0.6870383
0.6784209
0.6880458
0.7008199
0.704337
0.6906944
0.6806545
0.7023467
0.7291967
0.7339244
0.7356361
0.762454
0.7738252
0.7535552
0.7520449
0.7492158
0.7498937
0.7566371
0.7638854
0.7750004
0.765989
0.7782693
0.7915812
0.7776971
0.7852922
0.7826363
0.7760168
0.7760304
0.7624916
0.7624068
0.7683289
0.7649538
0.7752017
0.7923738
0.7788053
0.7672255
0.7568733
0.7370255
0.7360703
0.7381548
0.7283667
0.7303551
0.7396996
0.7447972
0.7541558
0.7505193
0.7456784
0.7478659
0.7372368
0.7311389
0.7221837
0.7045808
0.7022692
0.6965178
0.6895689
0.7091448
0.7336634
0.7462709
0.7531947
0.7491854
0.744347
0.7379568
0.7306418
0.7193385
0.7042852
0.6980187
0.7106751
0.7225484
0.7274971
0.7369309
0.7422016
0.7465708
0.737207
0.7280355
0.7220593
0.722526
0.7284665
0.7222585
0.7327831
0.7398056
0.7286909
0.7301389
0.7332019
0.7409523
0.7433259
0.7364157
0.7287644
0.7121045
0.6994494
0.6892566
0.6779162
0.6758948
0.681052
0.6826226
0.7104778
0.7540847
0.772716
0.7702567
0.7744756
0.7966921
0.8158134
0.8268249
0.8095506
0.7898139
0.7955062
0.7911085
0.7839895
0.7903338
0.7784147
0.765759
0.7720696
0.7612985
0.7357762
0.7123729
0.7040725
0.702156
0.708486
0.726059
0.735542
0.7582535
0.770887
0.7448947
0.7126651
0.6953497
0.6787065
0.6812644
0.7038825
0.7314981
0.7602401
0.7677837
0.7863569
0.7910356
0.7676043
0.7649492
0.7815278
0.8058083
0.8119396
0.7903902
0.7872203
0.7875373
0.770917
0.7669663
0.7698745
0.7666357
0.7538457
0.7316834
0.7131731
0.7084231
0.7151973
0.7289155
0.7396576
0.7373965
0.727772
0.7404097
0.7635135
0.7742586
0.7603686
0.7548926
0.7756117
0.7902411
0.7937301
0.7514688
0.709347
0.6958603
0.6751722
0.6648943
0.6651513
0.6725579
0.6741154
0.6740387
0.6804971
0.6769062
0.6770889
0.6768741
0.6682781
0.6696187
0.6726645
0.6626762
0.65749
0.6501124
0.6511765
0.6648678
0.6478454
0.6359866
0.6353681
0.6263951
0.6257173
0.6274217
0.6395386
0.6492468
0.647789
0.6428027
0.6364626
0.6314077
0.6200573
0.6118047
0.6122516
0.6115732
0.6094494
0.6075518
0.6076585
0.6160005
0.6232221
0.6160339
0.6098121
0.6077848
0.604484
0.6079631
0.6149614
0.6210143
0.6292393
0.6341581
0.6338977
0.6363308
0.6395205
0.6392643
0.6378261
0.6371657
0.6324102
0.6280563
0.6256866
0.6168921
0.6119341
0.6117429
0.6104655
0.6115786
0.6168125
0.6150588
0.6152782
0.6231976
0.6212889
0.614734
0.6104866
0.6107712
0.6020168
0.5987775
0.6032415
0.6010354
0.6031432
0.6012566
0.6026947
0.6144425
0.6331556
0.6522908
0.6667713
0.6889827
0.7012091
0.6923757
0.6908063
0.6923391
0.6800569
0.6831727
0.6877523
0.6766691
0.680482
0.6989098
0.7087968
0.7028221
0.7043512
0.7098999
0.7158963
0.7201204
0.7170979
0.7058113
0.6897784
0.6892709
0.6998502
0.7021552
0.7015301
0.7052424
0.7212869
0.7382843
0.7405938
0.7514281
0.7558758
0.7429904
0.7223217
0.7169849
0.7184239
0.7190851
0.7171295
0.7011783
0.7067904
0.7256382
0.7237433
0.7207603
0.7289116
0.7396944
0.7283653
0.7366452
0.7096166
0.6854206
0.7610847
0.7200945
0.6786816
0.7136008
0.6821051
0.6635557
0.6671178
0.6701531
0.6881562
0.7021067
0.6887472
0.6944068
0.7228439
0.7340905
0.7494045
0.7696177
0.7982488
0.7989343
0.7864971
0.8064958
0.8130968
0.8024944
0.7885629
0.8011828
0.8073949
0.7995425
0.788146
0.7749786
0.7797955
0.7665203
0.7565083
0.7464591
0.7287666
0.7333606
0.7307518
0.7348432
0.74299
0.7355291
0.7368824
0.7376436
0.7388805
0.7428877
0.7529871
0.7407834
0.7317845
0.7505822
0.7455336
0.7392168
0.7554093
0.753001
0.7539425
0.7607315
0.7676034
0.7974917
0.8140008
0.8260343
0.822262
0.8083738
0.7872237
0.8008502
0.8386254
0.8165841
0.7818684
0.7578036
0.7659221
0.7989858
0.7996901
0.7838918
0.7708135
0.7898742
0.8117335
0.8023616
0.8047889
0.8171045
0.834543
0.8529074
0.8549156
0.845003
0.8317229
0.8017935
0.7895581
0.7938333
0.7787294
0.7715439
0.7686342
0.7584161
0.7474552
0.7355766
0.7457162
0.7470628
0.7369482
0.7561341
0.7814284
0.7902723
0.7822459
0.7686476
0.7555072
0.7512789
0.7502754
0.7513943
0.7440417
0.7320306
0.7232368
0.7089118
0.7039255
0.7026265
0.7097061
0.7292804
0.7386564
0.7305625
0.7288973
0.7343995
0.7191085
0.7033324
0.6927781
0.6932786
0.7148939
0.7280394
0.7287103
0.737385
0.7555184
0.7746877
0.7784833
0.7678193
0.772498
0.7816579
0.7733411
0.7657348
0.7693768
0.7545632
0.7361128
0.7316923
0.7208215
0.7230472
0.7384781
0.7551249
0.7734492
0.7674039
0.7584343
0.7654111
0.753779
0.734191
0.7405817
0.7566693
0.7619374
0.7697215
0.7843412
0.7918449
0.791098
0.796621
0.7881865
0.7755639
0.7861343
0.7860419
0.78129
0.7808313
0.7710648
0.7699529
0.7858222
0.78348
0.7678108
0.7652861
0.7625999
0.7482866
0.7338096
0.7447808
0.7377257
0.7274252
0.743174
0.7447282
0.7407897
0.7366737
0.7217186
0.7035498
0.6974566
0.6937936
0.6843456
0.6755882
0.6675543
0.6693397
0.6628976
0.6926905
0.7332356
0.7154375
0.7029545
0.6887166
0.6758848
0.687047
0.694645
0.7004765
0.7209475
0.7282368
0.7221686
0.7209365
0.7233424
0.7544038
0.7803051
0.773537
0.7710757
0.7660399
0.7552355
0.7724469
0.7775975
0.7968465
0.8402607
0.8702107
0.8343725
0.6887039
0.6865903
0.860349
0.8466243
0.7628165
0.8336999
0.8609949
0.8301749
0.8119892
0.7871437
0.7828982
0.7846981
0.7856121
0.8027953
0.8018873
0.7746505
0.7758096
0.7811744
0.7734609
0.7748665
0.7623346
0.7360078
0.7264165
0.7362052
0.7495484
0.7649112
0.7706087
0.7601675
0.7623936
0.7740397
0.7855081
0.7801696
0.7673643
0.7797626
0.7932226
0.7877986
0.7743311
0.7739174
0.7694009
0.7519111
0.7448812
0.7294382
0.7142714
0.7146613
0.7199201
0.7244183
0.7236918
0.7276978
0.7419996
0.7423336
0.741789
0.7633275
0.7511915
0.7385638
0.7413032
0.7192079
0.7006549
0.6970616
0.6909568
0.6895174
0.6958265
0.686141
0.6836511
0.6983741
0.7080701
0.7029181
0.6981322
0.6871648
0.6631621
0.6652674
0.6896556
0.7133479
0.7231859
0.7254843
0.7345612
0.7411284
0.7460033
0.7497454
0.7557441
0.7695954
0.7673676
0.7567876
0.7717542
0.7811119
0.7709627
0.7755148
0.7878269
0.7841425
0.7842929
0.7909597
0.7855084
0.7643671
0.7415841
0.753084
0.7519099
0.7354864
0.7537829
0.7708143
0.7864401
0.7822091
0.7692167
0.7876781
0.8042249
0.8152938
0.8105143
0.7810741
0.7870796
0.7871389
0.8055836
0.8046815
0.7325588
0.7473332
0.7739938
0.7548428
0.7464571
0.7494436
0.7538003
0.75905
0.7853188
0.7945095
0.7868873
0.7987758
0.8239654
0.8381294
0.8081114
0.7820673
0.7970895
0.7915868
0.7789877
0.7977485
0.8008634
0.7978809
0.7753063
0.7770765
0.7248388
0.6647594
0.7369325
0.7299229
0.7380115
0.7675992
0.7531399
0.7537073
0.7343409
0.720158
0.7186848
0.7208573
0.723668
0.7257274
0.7200617
0.7331267
0.7445071
0.7368492
0.7164493
0.7074564
0.7053666
0.7027554
0.7180087
0.7365773
0.7357937
0.7392868
0.7683301
0.7780086
0.7809405
0.7953189
0.8026811
0.7980532
0.7887153
0.794067
0.8002371
0.7908124
0.7788725
0.7831552
0.7889799
0.7758879
0.7621793
0.7655575
0.7697966
0.7648831
0.7537842
0.7503585
0.7587459
0.7570894
0.7416167
0.756927
0.7613834
0.7663612
0.748481
0.7236513
0.757942
0.7376843
0.7125071
0.699747
0.6814102
0.6757735
0.6644416
0.660079
0.6643072
0.6772237
0.6734872
0.6664538
0.6696893
0.6676061
0.6706387
0.6641069
0.6481529
0.654994
0.658508
0.6783163
0.7394244
0.7195033
0.6473052
0.6460021
0.65587
0.657375
0.6639111
0.6630184
0.6620433
0.6832352
0.6933129
0.6751585
0.6741838
0.6645609
0.6490756
0.6455507
0.6373269
0.6455296
0.6513638
0.6466267
0.6648016
0.6928081
0.7004303
0.6938299
0.7014067
0.7015746
0.6801663
0.6770208
0.6927888
0.6893767
0.6887521
0.7026526
0.7035722
0.7198213
0.7335155
0.7384615
0.7468916
0.7193517
0.6934256
0.7026941
0.7099766
0.7028293
0.7087438
0.7236303
0.7301079
0.7282767
0.7274441
0.7380419
0.7473343
0.737243
0.730537
0.7493803
0.7542246
0.7424121
0.7432911
0.7518126
0.7455198
0.7290763
0.7346524
0.7484913
0.7489528
0.735091
0.7286484
0.7394306
0.7326345
0.7084663
0.7056914
0.7154769
0.7097132
0.7130583
0.7262049
0.7283727
0.7344637
0.745189
0.7505969
0.7566896
0.7585804
0.7489314
0.7451794
0.7585136
0.7606067
0.7476883
0.7585246
0.7625426
0.7551896
0.7592869
0.759865
0.765519
0.7632618
0.7486535
0.7333587
0.7377023
0.735551
0.7208732
0.7347132
0.7453636
0.7432075
0.7624841
0.7717696
0.7608429
0.7673893
0.7811391
0.7774965
0.7705156
0.7824716
0.7856104
0.7826653
0.7979875
0.796595
0.7869514
0.7998859
0.8010324
0.7863816
0.7845586
0.7802374
0.7659102
0.7709911
0.7839381
0.7759194
0.7749694
0.7842186
0.7757198
0.7707102
0.780413
0.7759704
0.7649519
0.7731551
0.7728385
0.7520016
0.7423379
0.7546417
0.7540134
0.7454989
0.7504056
0.744554
0.7339888
0.7346541
0.7514007
0.7507027
0.7379178
0.7489793
0.7567793
0.755504
0.7508567
0.7636207
0.7747269
0.7646938
0.7761547
0.7779796
0.7608892
0.7621828
0.767131
0.7580769
0.7453249
0.7490086
0.7492998
0.73707
0.7379437
0.7413054
0.729885
0.7200969
0.7221738
0.7301816
0.7228427
0.7195612
0.7171239
0.784577
0.8304598
0.72336
0.6996207
0.723417
0.7140435
0.7246
0.7134665
0.7237254
0.7285042
0.722084
0.7186423
0.70562
0.7054775
0.7054355
0.6911474
0.669492
0.6601709
0.6668561
0.6753029
0.677923
0.6875956
0.7013127
0.703569
0.7088708
0.7136323
0.7144479
0.704316
0.6894167
0.6849523
0.6874095
0.6958616
0.687044
0.6836197
0.7154372
0.7464175
0.7431076
0.726015
0.7500372
0.7836623
0.7778604
0.7753417
0.7780032
0.7638798
0.7782446
0.7870432
0.7609895
0.7662878
0.7870696
0.7807073
0.7566475
0.7520528
0.7662287
0.7715557
0.7777517
0.7694057
0.7558912
0.7786403
0.8085883
0.8001284
0.8056288
0.8329138
0.820335
0.801786
0.8065548
0.7931899
0.7767396
0.8072933
0.8298272
0.8151208
0.8077005
0.7926754
0.7813381
0.7807873
0.7644173
0.7718958
0.7865485
0.7685614
0.7704244
0.7804517
0.7783965
0.7577975
0.7481664
0.7424932
0.732423
0.776299
0.7870848
0.7551397
0.7284359
0.7340146
0.7540625
0.7537063
0.7747881
0.7878732
0.7847549
0.7399005
0.714971
0.7900811
0.8136368
0.7835684
0.7900893
0.7794403
0.7679402
0.771242
0.7589272
0.7536463
0.7566555
0.7489071
0.7527546
0.7554635
0.7359749
0.7244248
0.7277454
0.7232603
0.7109028
0.7090422
0.7181732
0.7164673
0.726088
0.7509676
0.7469233
0.7476942
0.764367
0.7570377
0.7439495
0.7467395
0.7395141
0.7199273
0.7241443
0.7344241
0.7416893
0.7570522
0.7453488
0.7276135
0.7362036
0.7315849
0.7154061
0.7152996
0.704909
0.6893353
0.702449
0.7012562
0.6989175
0.7416691
0.7534776
0.7430256
0.7570559
0.7563019
0.7418995
0.7491892
0.7478064
0.737227
0.7580554
0.7663376
0.7518674
0.7435805
0.7528222
0.7762755
0.7828443
0.7688669
0.7655472
0.7676066
0.7568908
0.7556075
0.7717319
0.7711668
0.7653837
0.7847176
0.7840719
0.7663341
0.7705808
0.769994
0.769434
0.7848215
0.7864727
0.7971902
0.7914046
0.7759834
0.7639906
0.793407
0.7159079
0.6567091
0.7989393
0.7592014
0.7096185
0.7657189
0.7772369
0.777633
0.7763163
0.7836474
0.7646044
0.7607469
0.7658476
0.7526233
0.7366116
0.7312813
0.7515259
0.7280513
0.7261293
0.8168609
0.8191083
0.7709673
0.7330015
0.7106815
0.728917
0.7385794
0.7557129
0.7674221
0.757119
0.7641722
0.7659831
0.7578072
0.7672641
0.7654777
0.762673
0.7646848
0.7692242
0.7682887
0.7694162
0.7798628
0.7808607
0.7768914
0.7655816
0.7706774
0.7939864
0.7882873
0.771241
0.7799497
0.7698768
0.7424663
0.7386853
0.7575545
0.7672358
0.7546199
0.7694186
0.7834632
0.7674854
0.7784057
0.7953379
0.7895163
0.791448
0.788022
0.7710811
0.7828463
0.7885906
0.7637427
0.7747045
0.7825158
0.77125
0.7868171
0.795376
0.7910732
0.778617
0.7200606
0.6933387
0.7441786
0.7587186
0.7454482
0.7502979
0.7426349
0.7265424
0.733739
0.7398668
0.7253477
0.7271622
0.7316054
0.7176887
0.7163445
0.7235219
0.7127127
0.7031882
0.7218908
0.7131308
0.7350907
0.691799
0.6717669
0.8137741
0.7734339
0.7087926
0.7233412
0.7039409
0.7015755
0.6888103
0.6847198
0.6796463
0.6649742
0.6560076
0.6313546
0.643129
0.6795962
0.6454249
0.6435674
0.6592971
0.6669899
0.682554
0.6844601
0.6988429
0.706102
0.6972524
0.6951001
0.7148607
0.7263
0.7285714
0.7607105
0.7706657
0.7608733
0.7863065
0.7947165
0.7853878
0.7732067
0.7634552
0.7561401
0.7381362
0.7329397
0.7313671
0.7214446
0.7263042
0.7488098
0.7498052
0.7539078
0.7707212
0.7809553
0.7757368
0.7515706
0.7572754
0.7695747
0.7658875
0.7615855
0.7557832
0.766603
0.768018
0.7425198
0.7415299
0.7627669
0.7615675
0.7477678
0.7405968
0.7508815
0.7572239
0.7457944
0.7520549
0.7614239
0.7447162
0.724723
0.7150012
0.7051258
0.6961889
0.6852892
0.671978
0.6788897
0.6885308
0.6890899
0.7037814
0.7216866
0.7219867
0.7268183
0.750351
0.7488353
0.7357579
0.746124
0.7536995
0.7458484
0.7442654
0.7336691
0.7189623
0.7267847
0.7243896
0.7258424
0.7391803
0.7427675
0.7518666
0.7582081
0.7468483
0.7316946
0.7369131
0.7458743
0.7509256
0.766372
0.7723286
0.7600451
0.7598581
0.7535973
0.7401931
0.7382238
0.7363717
0.7440376
0.7280566
0.7095865
0.7164445
0.7347311
0.7698727
0.7765147
0.7685565
0.7905326
0.781058
0.7590256
0.7614754
0.7517368
0.7599457
0.7650433
0.7464686
0.745923
0.7446038
0.7472925
0.7408469
0.7194335
0.7240322
0.7228967
0.7065706
0.6921648
0.6904385
0.713584
0.7296456
0.7305217
0.7547796
0.7688429
0.7601302
0.7754321
0.7865655
0.7661009
0.7541293
0.7661763
0.7606645
0.7398826
0.730806
0.7293053
0.7264394
0.7093102
0.6919119
0.6950322
0.715897
0.7372224
0.7474908
0.7611544
0.7663013
0.7566844
0.7574231
0.7640958
0.7625138
0.7631061
0.7699321
0.7893601
0.7959973
0.7780499
0.7833581
0.7837108
0.7719405
0.7805609
0.7833188
0.7712345
0.7625735
0.7714722
0.7648427
0.7533266
0.7649468
0.7611525
0.751086
0.7495791
0.7421282
0.7419301
0.7398085
0.726245
0.7194121
0.7207986
0.7186137
0.7136842
0.7168751
0.7195065
0.7131646
0.7060866
0.7064475
0.7092791
0.7041542
0.7028119
0.7112552
0.7129671
0.7081179
0.7083317
0.7104163
0.7095211
0.7018233
0.6949157
0.7006835
0.7078667
0.7022296
0.6922116
0.6957817
0.6902658
0.6790891
0.6798123
0.6746668
0.6721295
0.6801934
0.6941005
0.7086761
0.720228
0.7195799
0.7196926
0.716708
0.707203
0.7124425
0.7112308
0.7011606
0.6859001
0.6710865
0.6726567
0.6802344
0.6856459
0.6870509
0.6915825
0.6946272
0.6937489
0.7018198
0.7106966
0.7086319
0.7171577
0.7395126
0.7394503
0.7306658
0.7356741
0.7477299
0.743105
0.7424827
0.7631804
0.7528844
0.7330431
0.7599665
0.7747414
0.767194
0.7833756
0.7945233
0.7887963
0.7806261
0.7920165
0.7921527
0.7983141
0.8041887
0.7958029
0.803951
0.8078461
0.793423
0.7704001
0.7657125
0.74554
0.7251885
0.7207645
0.7196298
0.7346851
0.7433225
0.7404554
0.7512042
0.7666299
0.7680581
0.7312132
0.7067531
0.7285724
0.7110192
0.6918707
0.6823028
0.6624363
0.6618611
0.660789
0.6573065
0.6647517
0.6856056
0.7093412
0.7226066
0.7163887
0.7106685
0.7164931
0.7122863
0.7157435
0.7404725
0.7630885
0.7763645
0.7645318
0.7424947
0.7283076
0.7105088
0.6993788
0.696617
0.6989221
0.7071658
0.712432
0.70794
0.6936541
0.6865054
0.6849228
0.6848036
0.7012153
0.7077199
0.7031787
0.721317
0.7268574
0.7252094
0.7382774
0.7288622
0.7066469
0.6960731
0.7008249
0.71195
0.7177086
0.7068818
0.6954654
0.7009741
0.7032445
0.6831787
0.6589595
0.653928
0.6447464
0.6467613
0.6632601
0.6785956
0.6979757
0.7208187
0.7411185
0.7318196
0.7434522
0.7888396
0.787987
0.7737762
0.7728646
0.7770306
0.8000663
0.7959726
0.8065358
0.8270011
0.8150385
0.8152022
0.8178158
0.7944203
0.7724991
0.789713
0.8015023
0.7775044
0.7669033
0.7846854
0.7815136
0.7592743
0.7704673
0.7728622
0.7456864
0.7478638
0.7506502
0.7505288
0.7871737
0.8140976
0.7902736
0.8133016
0.7969677
0.6860438
0.7176528
0.7877748
0.767452
0.7580079
0.7530007
0.7412822
0.7573706
0.7639754
0.7449755
0.7573902
0.7613518
0.7391435
0.7386542
0.759836
0.7605086
0.737664
0.7364466
0.738822
0.7229868
0.7139189
0.7175121
0.716579
0.7119384
0.7209896
0.7312053
0.7427389
0.7543221
0.7365139
0.7152893
0.7184856
0.7049757
0.7038727
0.7279356
0.7254536
0.7321233
0.7550121
0.7465418
0.7378845
0.7599306
0.7576902
0.7389467
0.7573368
0.7842831
0.7797765
0.7695612
0.7635443
0.7662736
0.7565991
0.7341831
0.7366631
0.7372957
0.742196
0.7439837
0.7380181
0.7532141
0.7674525
0.8031459
0.7889932
0.7547462
0.779772
0.7454436
0.7270199
0.7263957
0.7172936
0.7325932
0.7340596
0.7374955
0.7353614
0.7450275
0.7500984
0.7357226
0.7304137
0.7344351
0.7264484
0.7175745
0.7307282
0.7361532
0.7151783
0.7079405
0.7199753
0.7198221
0.7092842
0.7097737
0.7168653
0.7089067
0.6991292
0.7033083
0.7049906
0.712305
0.7294356
0.7636247
0.7771316
0.7632172
0.7751643
0.7707241
0.7350948
0.7258744
0.7429305
0.746881
0.7524816
0.7413939
0.7296627
0.7552171
0.760794
0.7404593
0.7504936
0.7594385
0.7653043
0.7832256
0.7822494
0.8092267
0.8139476
0.7752996
0.7789151
0.7896185
0.7640148
0.7551153
0.7557624
0.7418196
0.7510442
0.7555989
0.7418227
0.7422558
0.7527253
0.7487708
0.7324248
0.7253593
0.7334574
0.7305657
0.7106097
0.7237041
0.7414759
0.7381128
0.7599601
0.7708055
0.762396
0.7611597
0.7670353
0.7671628
0.7531459
0.7630734
0.7682006
0.7623683
0.7761315
0.769182
0.7424119
0.7417505
0.744441
0.7440413
0.7456929
0.7252391
0.7193685
0.7364466
0.7548815
0.7716104
0.7777834
0.7703907
0.7612508
0.7610516
0.7673298
0.7810774
0.7654101
0.7613252
0.7792646
0.7680698
0.7543267
0.7626012
0.7447083
0.7434394
0.7536125
0.6968105
0.7167986
0.7518517
0.7294303
0.7285633
0.7385935
0.7660941
0.7831117
0.7795052
0.7691671
0.7469012
0.7284312
0.7158591
0.7095073
0.6997688
0.6787659
0.6811705
0.6962289
0.7024373
0.7145163
0.7175782
0.7258806
0.7581957
0.7706291
0.7891934
0.8057748
0.7942945
0.80833
0.8320701
0.8163656
0.8068523
0.8304224
0.8353329
0.8309285
0.827962
0.8050408
0.8065339
0.8089934
0.7779414
0.7616859
0.7524253
0.7546791
0.758368
0.752585
0.7620744
0.7790573
0.7700691
0.764126
0.77439
0.7694934
0.7780427
0.7707486
0.7511623
0.7498566
0.743602
0.7496745
0.77272
0.7634018
0.7321211
0.7298996
0.7426614
0.7401668
0.7190377
0.696622
0.6881951
0.6811317
0.6667711
0.6623783
0.6540575
0.6287091
0.6191961
0.6244585
0.6410867
0.6673894
0.6975408
0.7275097
0.7429008
0.7833323
0.8155695
0.8173089
0.8266111
0.8398885
0.8212415
0.7613913
0.7102695
0.7187689
0.7608859
0.7755608
0.7731932
0.7610173
0.7767149
0.7948056
0.7835788
0.7798258
0.7701437
0.7553468
0.7680678
0.7670692
0.7534627
0.7802722
0.7879759
0.7700726
0.7842676
0.7939117
0.7961244
0.8179054
0.8233389
0.8205485
0.8220133
0.80553
0.7877945
0.7776863
0.766745
0.7848949
0.8471181
0.8775081
0.8631405
0.8626791
0.8491184
0.8439724
0.8266514
0.7907648
0.7894711
0.7916609
0.7908952
0.7950703
0.7832785
0.7635329
0.7648827
0.7645209
0.7595934
0.7699006
0.7828883
0.7919033
0.7991147
0.8013411
0.7852715
0.7836401
0.7947986
0.782261
0.7864446
0.79423
0.7819802
0.7877074
0.7891529
0.7709081
0.7664908
0.773295
0.7754258
0.7667081
0.7682401
0.7843509
0.7865942
0.7805901
0.7764192
0.7770818
0.7818507
0.7693987
0.7540457
0.7630852
0.7695077
0.7635975
0.7538972
0.7502468
0.757791
0.7550896
0.7486335
0.7572329
0.7692629
0.774527
0.7628999
0.7506025
0.7602074
0.7666488
0.7612445
0.759219
0.7640403
0.759737
0.758846
0.7765323
0.7705954
0.7541696
0.7671722
0.7626341
0.747434
0.7604799
0.7680255
0.7564505
0.748451
0.7585592
0.7583403
0.744301
0.7501581
0.7597803
0.7502604
0.744048
0.7488012
0.741027
0.7241878
0.7176891
0.723761
0.7364918
0.738079
0.7326047
0.7423146
0.7539717
0.7456307
0.7378232
0.7408687
0.7389113
0.7216981
0.7416121
0.7252477
0.6978628
0.691181
0.7158529
0.8006222
0.7475858
0.7109363
0.7215292
0.7062767
0.7110294
0.6932899
0.6966146
0.706135
0.7005171
0.6858783
0.6706656
0.6670106
0.6856688
0.6890377
0.6844117
0.7114854
0.7363883
0.7494924
0.7603944
0.7617063
0.7699217
0.7762511
0.7725133
0.7631258
0.7677101
0.7747089
0.7673571
0.7505822
0.7356759
0.7456978
0.752599
0.7411689
0.7379276
0.7461903
0.753602
0.7527314
0.750826
0.7552889
0.7517515
0.7470892
0.7420278
0.739078
0.7436055
0.7375988
0.7300322
0.7290298
0.7368384
0.7431337
0.7376509
0.7393196
0.7440311
0.7463674
0.7448246
0.7373581
0.7405885
0.743423
0.7443656
0.7459091
0.7366787
0.7344753
0.7402085
0.741655
0.7435262
0.7318637
0.7152205
0.7221879
0.727197
0.7257349
0.7254584
0.7186598
0.7234449
0.7318306
0.7286757
0.7258532
0.7281593
0.7286349
0.7273891
0.719931
0.7183717
0.7285665
0.7317557
0.7304473
0.7260205
0.721502
0.7259189
0.7329347
0.7346525
0.7300983
0.7206325
0.7172824
0.7204956
0.7282006
0.7338904
0.7344801
0.7441031
0.7555011
0.7657762
0.7580456
0.750111
0.7562144
0.7468245
0.7292752
0.7205575
0.7272352
0.727271
0.7104425
0.7016974
0.6987777
0.6856719
0.6773876
0.6740781
0.6693013
0.6698852
0.6709825
0.6654499
0.6567872
0.6546663
0.6529198
0.6537681
0.6567715
0.6630328
0.6792097
0.6978029
0.7139234
0.7247963
0.7466425
0.7756776
0.7860299
0.7817141
0.7876211
0.8019307
0.8064879
0.8110993
0.8040864
0.7843888
0.7763689
0.7689353
0.7629092
0.7584074
0.7409035
0.7350116
0.7491924
0.7502143
0.7446876
0.7506203
0.7616051
0.7631755
0.7594888
0.7569702
0.7445226
0.7409182
0.747742
0.7456574
0.7383968
0.7394241
0.7374369
0.7323779
0.7423994
0.7584609
0.7668711
0.7646775
0.759454
0.7577904
0.7559463
0.7588146
0.7692202
0.7741688
0.7738904
0.766276
0.7563092
0.7561398
0.7620533
0.7654924
0.7633754
0.7606977
0.759372
0.7541467
0.7471474
0.7484332
0.7567259
0.7628903
0.761719
0.7629224
0.766709
0.7583807
0.7472319
0.7495805
0.7549232
0.749429
0.7431343
0.7440653
0.7413503
0.7337147
0.7240009
0.7254633
0.7337979
0.734092
0.7350927
0.7334428
0.7309307
0.7209023
0.718019
0.7307032
0.7312984
0.7294411
0.7323193
0.7415957
0.7370277
0.7233916
0.7381911
0.7431916
0.7361548
0.7463143
0.7494782
0.7404413
0.7350209
0.733979
0.736385
0.7348331
0.7183752
0.7103017
0.7299478
0.7442372
0.7384592
0.7272735
0.7126286
0.7108249
0.7187484
0.7177347
0.7089632
0.7081824
0.7166481
0.7177433
0.7143963
0.7115131
0.7175156
0.7301566
0.7264449
0.7129174
0.7142937
0.7221827
0.7191922
0.715342
0.7200245
0.7245973
0.7231447
0.7188088
0.7253902
0.7369348
0.7375908
0.7367228
0.7359764
0.7375717
0.7276662
0.7114274
0.7234642
0.7356612
0.7303669
0.7223139
0.706149
0.698262
0.7015017
0.7013797
0.6962056
0.6923482
0.6981139
0.700016
0.6962563
0.6924685
0.6966479
0.7035199
0.6991224
0.6930593
0.6945571
0.7025077
0.7025976
0.6977789
0.6939489
0.6948195
0.6998515
0.6966035
0.6873026
0.6889468
0.695301
0.6924828
0.6863874
0.6875037
0.6964296
0.695608
0.6931855
0.6910516
0.6931591
0.7046174
0.7077245
0.7053555
0.7081049
0.7126214
0.7177132
0.7162615
0.7091683
0.7113848
0.7118804
0.7062026
0.7029729
0.7054546
0.7103754
0.7091452
0.7050295
0.706372
0.709405
0.7083908
0.7033929
0.7055821
0.7118762
0.7120158
0.7053767
0.7037613
0.7032134
0.699475
0.685786
0.6819982
0.668156
0.6037105
0.6020859
0.6447672
0.6429906
0.6323118
0.6247106
0.6172854
0.618646
0.6238257
0.6241946
0.6236931
0.6189738
0.6221978
0.6334815
0.6359037
0.6342845
0.6336291
0.6301604
0.6259745
0.6207846
0.6165579
0.6198984
0.6304015
0.6446993
0.6435714
0.6376521
0.6511772
0.6605556
0.6607409
0.6788553
0.6920266
0.7006069
0.7087092
0.7069317
0.7278204
0.7483943
0.7414901
0.7234498
0.7224044
0.7117242
0.6989234
0.6987636
0.6895987
0.6799923
0.6704202
0.6612049
0.6499553
0.6433778
0.6317566
0.6167518
0.6162734
0.6212805
0.6272692
0.6085752
0.6387383
0.6665679
0.5951771
0.6009582
0.6263262
0.6114161
0.6158879
0.6096807
0.6060195
0.6033891
0.6034906
0.5991619
0.591873
0.58627
0.5850496
0.5836073
0.5828031
0.5839974
0.579613
0.5791953
0.5745501
0.5752709
0.5647177
0.6217353
0.6783895
0.5849478
0.5465232
0.5627785
0.5520735
0.5533381
0.5486185
0.547841
0.5421843
0.5401755
0.540736
0.5413591
0.5437304
0.5394813
0.5308438
0.529613
0.5357031
0.5375309
0.5436928
0.5471663
0.6078081
0.6450533
0.5531325
0.5207798
0.5374873
0.5263007
0.5249497
0.5238236
0.5246044
0.5215642
0.5204729
0.5172668
0.5229299
0.5110179
0.5258587
0.6094492
0.5971034
0.5185531
0.5092356
0.5111628
0.5067718
0.5089916
0.512367
0.5085109
0.501252
0.5040464
0.5043971
0.506326
0.5079151
0.5042938
0.5015946
0.4984723
0.499946
0.496071
0.4985867
0.4940065
0.5016957
0.5704465
0.5665361
0.5025353
0.4842161
0.5074159
0.4728541
0.5392174
0.6687536
0.5363033
0.4718146
0.5031878
0.4834095
0.4931048
0.488915
0.4918135
0.491074
0.4888857
0.4883267
0.4863066
0.4873875
0.4889716
0.4862106
0.4847438
0.4833047
0.484975
0.483403
0.4833828
0.4827686
0.4843072
0.4811178
0.4863459
0.4799649
0.5016918
0.6370396
0.6366884
0.4972976
0.4706155
0.4814301
0.4802589
0.4812839
0.475449
0.4776683
0.4780168
0.4794082
0.4789742
0.4786557
0.4754049
0.4859959
0.4697724
0.5488154
0.6349419
0.5103537
0.4602101
0.4862714
0.47646
0.4802439
0.4751108
0.4773084
0.4792447
0.4800865
0.4760692
0.4750965
0.4736922
0.4725464
0.4745473
0.4718646
0.4709054
0.4737234
0.4721884
0.469811
0.4671608
0.4660275
0.4636531
0.46283
0.4638852
0.4620997
0.4632224
0.4644686
0.4625012
0.4605285
0.4573103
0.4594126
0.4641418
0.4604107
0.4581971
0.4573381
0.4572031
0.4606319
0.4589986
0.4573714
0.4563192
0.4560756
0.45773
0.4583558
0.4573904
0.4546791
0.457875
0.46163
0.4592136
0.455842
0.455413
0.4576091
0.4581993
0.4545441
0.4506916
0.4526905
0.4560736
0.4557734
0.4508964
0.4509549
0.4534511
0.4539298
0.4491322
0.4549237
0.4476401
0.4643267
0.6228875
0.6687927
0.541489
0.4320613
0.4870252
0.5747358
0.4979136
0.5472282
0.526561
0.4579763
0.5047401
0.461939
0.5174536
0.549417
0.4712887
0.5078366
0.6433018
0.6608996
0.5672206
0.6046627
0.6457765
0.5927223
0.5628625
0.570041
0.5970505
0.5989211
0.5990582
0.6141996
0.5988128
0.625723
0.5424753
0.5609437
0.7048205
0.6065021
0.5929647
0.6233219
0.5764625
0.61358
0.6081306
0.5910319
0.5831786
0.6131955
0.6674919
0.5761634
0.5365161
0.5945796
0.6081778
0.6135566
0.5668651
0.5551289
0.6428317
0.5686622
0.4757888
0.5249779
0.4685838
0.4495346
0.4459831
0.4715761
0.5517008
0.4768155
0.4442109
0.4665647
0.456206
0.4616964
0.4629543
0.4677707
0.4713766
0.4744164
0.474476
0.4746429
0.4719347
0.4684006
0.4697832
0.4732533
0.4744725
0.4724606
0.473979
0.4811815
0.4853362
0.4823972
0.482154
0.4856942
0.4838939
0.4803322
0.4808751
0.4819765
0.4775927
0.4727943
0.473388
0.4756007
0.472891
0.4684328
0.4721014
0.4753165
0.4748801
0.4772159
0.4808222
0.4863417
0.4892151
0.4877726
0.4907013
0.4938478
0.4932028
0.4894148
0.4826538
0.4819132
0.4837969
0.4821168
0.4810323
0.4786852
0.4755098
0.4778807
0.4796671
0.47288
0.4766919
0.4740555
0.4890594
0.5819167
0.5910074
0.5026528
0.4862871
0.4943522
0.4918979
0.4966084
0.4952439
0.507323
0.497833
0.5203949
0.6364387
0.6290848
0.5242976
0.5109763
0.5212398
0.5259589
0.5353341
0.536507
0.5432387
0.5612013
0.5659653
0.5652943
0.5811956
0.5828057
0.5673963
0.5714574
0.5801812
0.570206
0.5570733
0.5693274
0.60695
0.6257896
0.6220914
0.6112762
0.6048159
0.6092412
0.6148239
0.6100137
0.5973159
0.602212
0.6151044
0.6141136
0.6025524
0.5862846
0.5754522
0.5715418
0.5629723
0.5511726
0.5430732
0.5391185
0.541342
0.5465081
0.5449297
0.5380755
0.5364738
0.5416974
0.5639267
0.5965462
0.6099526
0.6135088
0.6091995
0.6151784
0.6438383
0.6553329
0.6452142
0.6374918
0.6476947
0.6547908
0.6426978
0.6319562
0.6392989
0.6430687
0.6297607
0.6342934
0.6498124
0.6482819
0.6365465
0.6380195
0.6572937
0.6629559
0.6486906
0.6291007
0.629185
0.664219
0.6826212
0.6714126
0.6583588
0.6392282
0.6313754
0.6386142
0.6531685
0.656907
0.6398188
0.6324852
0.6442244
0.6762027
0.6960942
0.6876137
0.6763887
0.6567171
0.6383106
0.6408758
0.6495867
0.6400213
0.6314786
0.6476283
0.6833288
0.7063784
0.7031389
0.69257
0.6772159
0.6664865
0.6636437
0.684755
0.7259686
0.7371357
0.7230993
0.7142091
0.6932034
0.6679339
0.6653207
0.6758077
0.668148
0.650882
0.648678
0.6758648
0.7148366
0.7165259
0.7147451
0.7141041
0.6872827
0.6714954
0.6881516
0.6884773
0.6721339
0.6809063
0.6878615
0.6775474
0.6670213
0.6754066
0.6797376
0.6673537
0.6623324
0.6737131
0.6863768
0.686175
0.6762462
0.6708064
0.6841209
0.6845963
0.6678704
0.6707305
0.6882121
0.6857385
0.6732539
0.6909387
0.6988353
0.6795175
0.6802459
0.6899368
0.6831397
0.6768358
0.6925088
0.7092604
0.7002507
0.6834117
0.6837381
0.696416
0.6893449
0.6695511
0.6763617
0.690499
0.6878701
0.6813498
0.6889175
0.7057984
0.6989842
0.6810603
0.6684568
0.6728169
0.6914122
0.6790952
0.6585263
0.6445481
0.6270008
0.6150401
0.6073721
0.60363
0.6082506
0.6195766
0.6339141
0.6408095
0.6429667
0.6564532
0.6679129
0.674172
0.6606553
0.6676867
0.7018341
0.6942383
0.6743966
0.67626
0.6926131
0.693926
0.6765633
0.6768061
0.6890965
0.687539
0.6779808
0.686397
0.6952739
0.6850373
0.680224
0.7012417
0.704408
0.683389
0.6964073
0.7031318
0.6801979
0.6809757
0.7008688
0.7034601
0.6861053
0.6861682
0.7011313
0.6897923
0.6838542
0.7065189
0.7201547
0.7107379
0.7047294
0.7234099
0.7268409
0.7097407
0.7083346
0.7177306
0.713797
0.7007089
0.7079293
0.7165841
0.7036203
0.7001808
0.7205294
0.7206219
0.6989266
0.6999203
0.7090968
0.702188
0.6933204
0.7031445
0.7100862
0.6898095
0.680447
0.6903281
0.6875615
0.6766937
0.6772581
0.6934387
0.7098934
0.7089363
0.7026739
0.7101681
0.7280907
0.7221289
0.7100005
0.7280568
0.7357968
0.7299111
0.7411935
0.7549647
0.7409429
0.7350027
0.7458209
0.7261352
0.7103171
0.732212
0.7397423
0.7182381
0.7180297
0.737813
0.7338358
0.7138224
0.7192001
0.7404535
0.7328459
0.7181011
0.7275009
0.7313066
0.7214429
0.7084806
0.7123757
0.7280071
0.7246001
0.7106831
0.7138359
0.7300211
0.7282235
0.7187182
0.7294796
0.7325058
0.7198534
0.7201549
0.7342981
0.7381638
0.7256444
0.7147152
0.719594
0.7385868
0.742657
0.7270185
0.7090611
0.7053649
0.7067451
0.6958488
0.697927
0.6992135
0.6939549
0.7045505
0.701504
0.6939676
0.7067008
0.7062377
0.6924133
0.6991013
0.7176346
0.7187954
0.7085728
0.713677
0.7202257
0.7134668
0.7090925
0.7177209
0.7152991
0.7037134
0.7079438
0.7157796
0.7100667
0.7018195
0.712268
0.7148097
0.700314
0.6955945
0.7061049
0.7072018
0.6995699
0.7072779
0.7148612
0.7074128
0.7025905
0.7174881
0.7201406
0.7076299
0.718017
0.7216199
0.7090341
0.7141844
0.7218642
0.7122628
0.7014861
0.7142504
0.7191868
0.7053992
0.7099508
0.7191944
0.7096799
0.6993607
0.7086709
0.7026823
0.6846982
0.6747721
0.6803996
0.6998925
0.6919154
0.6776085
0.6751147
0.6676357
0.6584317
0.6517692
0.6494929
0.6573105
0.6738017
0.6811175
0.6800817
0.693215
0.7120951
0.7148975
0.7092141
0.7171078
0.7323457
0.7326211
0.7234105
0.7302525
0.7382013
0.7206531
0.7124826
0.7222785
0.7285929
0.7233115
0.7132829
0.7265859
0.7294425
0.7124316
0.7136151
0.7243461
0.726821
0.717798
0.7230947
0.7257318
0.715034
0.7209548
0.7259598
0.7166103
0.7157119
0.7306363
0.7259446
0.7159106
0.7286371
0.727334
0.7155929
0.7168527
0.7232433
0.7207195
0.7138599
0.7210433
0.7224429
0.7095634
0.7086987
0.7125356
0.7128593
0.7216386
0.7286801
0.7248539
0.7227991
0.7272329
0.7194449
0.7163756
0.7306333
0.7308786
0.7227226
0.7303415
0.7308429
0.7175125
0.727605
0.7349919
0.7234084
0.7323591
0.7318776
0.719645
0.7291245
0.7402833
0.7367588
0.7276047
0.7325168
0.7362358
0.7266019
0.7209845
0.7266168
0.7194283
0.7092063
0.7170682
0.7179168
0.6990129
0.6957039
0.6668863
0.6922428
0.6416053
0.6005593
0.7549041
0.7028416
0.6302449
0.6538219
0.6290018
0.6332425
0.6296905
0.6375849
0.65628
0.6849032
0.705015
0.7082893
0.7080339
0.706509
0.6937635
0.6798395
0.6789317
0.6727393
0.6632407
0.6694361
0.6692091
0.6669291
0.6649663
0.656446
0.6571115
0.6472161
0.6397084
0.642449
0.6431815
0.6509285
0.6556412
0.6742569
0.6928418
0.6987178
0.7002657
0.6894451
0.6922864
0.6904927
0.6786694
0.6850951
0.6877413
0.6859543
0.69108
0.6913758
0.6776925
0.6665024
0.668718
0.6710766
0.6663843
0.6633274
0.6666325
0.6872336
0.7123802
0.7112297
0.7045798
0.6964549
0.6840594
0.6713981
0.6714908
0.6749787
0.6763258
0.6974586
0.7165406
0.7220248
0.7296343
0.7478235
0.7477953
0.7319119
0.7387832
0.7522144
0.7345
0.7167856
0.7279808
0.7392618
0.7281294
0.7141823
0.7206626
0.7342419
0.7310869
0.7085368
0.7104189
0.7283161
0.7358553
0.728389
0.7113567
0.7162079
0.7324277
0.7232561
0.7140573
0.7414973
0.7432345
0.7204443
0.7292081
0.7471035
0.7399393
0.7296924
0.7387096
0.7467894
0.7356863
0.725986
0.7510073
0.7659336
0.7487338
0.7450229
0.7702785
0.7719279
0.7336505
0.727123
0.7334619
0.7153745
0.7079107
0.7142627
0.7116136
0.7291084
0.7427101
0.703555
0.6980738
0.7080999
0.6975545
0.7080079
0.724016
0.7175917
0.7141113
0.7241098
0.7123546
0.7235756
0.7389263
0.7261059
0.7139301
0.7076572
0.6984452
0.6816519
0.6787136
0.6781742
0.6667935
0.6697526
0.6771721
0.6748777
0.6708942
0.6863904
0.7068488
0.717921
0.7349366
0.7410553
0.7513988
0.7543687
0.7411552
0.7350737
0.7186002
0.7072687
0.7103879
0.705064
0.7195783
0.7315062
0.7411702
0.7646074
0.7551413
0.7506334
0.7712437
0.7650494
0.753044
0.7643206
0.7518029
0.7401668
0.7579718
0.7568964
0.7428678
0.7484369
0.7632325
0.7568637
0.7421602
0.749101
0.7444099
0.7334136
0.7451643
0.7461179
0.7264197
0.714907
0.7205808
0.718067
0.7174897
0.7292569
0.7409932
0.7449337
0.7391084
0.7260902
0.7160228
0.692437
0.7185575
0.7527092
0.7011859
0.6756642
0.7287887
0.6855893
0.6598791
0.7744638
0.7248593
0.6691758
0.7010308
0.7047972
0.7161787
0.7077544
0.7093727
0.70038
0.6885698
0.6932179
0.7013636
0.7090012
0.7121614
0.6955934
0.6886701
0.6955205
0.7235219
0.7715501
0.7701608
0.7624621
0.7672312
0.7105925
0.6993794
0.7434892
0.6713718
0.7142648
0.8003722
0.6906749
0.6483955
0.6725473
0.6417038
0.6870933
0.8364554
0.7964532
0.7197201
0.7117848
0.7485452
0.8220664
0.7764939
0.7900132
0.7859623
0.7725527
0.7624091
0.7401111
0.7325064
0.7491393
0.835661
0.8521592
0.7625531
