0.812
0.791
0.773
0.789
0.797
0.791
0.791
0.803
0.81
0.83
0.844
0.853
0.864
0.874
0.882
0.898
0.897
0.885
0.881
0.888
0.892
0.871
0.878
0.893
0.899
0.893
0.875
0.867
0.883
0.898
0.882
0.882
0.891
0.874
0.856
0.879
0.89
0.88
0.891
0.903
0.912
0.895
0.89
0.903
0.908
0.88
0.875
0.882
0.877
0.864
0.869
0.875
0.878
0.873
0.89
0.903
0.878
0.88
0.881
0.883
0.859
0.879
0.879
0.888
0.899
0.894
0.861
0.871
0.88
0.87
0.875
0.887
0.894
0.871
0.873
0.885
0.899
0.897
0.871
0.883
0.892
0.876
0.882
0.888
0.9
0.883
0.876
0.89
0.879
0.872
0.867
0.872
0.863
0.84
0.852
0.858
0.858
0.842
0.86
0.875
0.852
0.865
0.879
0.885
0.871
0.883
0.878
0.871
0.871
0.878
0.863
0.851
0.871
0.875
0.871
0.858
0.869
0.876
0.874
0.873
0.886
0.886
0.866
0.873
0.886
0.879
0.865
0.867
0.878
0.883
0.875
0.84
0.811
0.806
0.814
0.823
0.851
0.867
0.857
0.853
0.857
0.86
0.838
0.85
0.86
0.859
0.837
0.853
0.865
0.872
0.859
0.879
0.883
0.87
0.874
0.884
0.882
0.867
0.877
0.883
0.874
0.862
0.867
0.878
0.863
0.892
0.906
0.906
0.89
0.859
0.86
0.878
0.886
0.891
0.873
0.821
0.832
0.848
0.861
0.858
0.86
0.849
0.825
0.839
0.856
0.857
0.871
0.863
0.881
0.904
0.926
0.931
0.949
0.945
0.936
0.942
0.947
0.94
0.934
0.926
0.906
0.917
0.924
0.935
0.932
0.935
0.921
0.911
0.905
0.893
0.888
0.858
0.848
0.859
0.873
0.875
0.87
0.854
0.848
0.864
0.863
0.849
0.85
0.864
0.87
0.848
0.856
0.874
0.881
0.869
0.858
0.852
0.858
0.862
0.848
0.832
0.842
0.851
0.846
0.854
0.862
0.87
0.851
0.862
0.868
0.873
0.859
0.851
0.866
0.874
0.863
0.87
0.872
0.879
0.87
0.875
0.869
0.851
0.851
0.864
0.856
0.84
0.841
0.856
0.862
0.85
0.844
0.863
0.873
0.853
0.846
0.861
0.864
0.827
0.83
0.834
0.822
0.833
0.84
0.825
0.811
0.822
0.844
0.837
0.831
0.846
0.864
0.858
0.845
0.866
0.875
0.864
0.877
0.889
0.879
0.875
0.882
0.899
0.903
0.881
0.885
0.887
0.885
0.894
0.907
0.912
0.9
0.909
0.916
0.892
0.916
0.918
0.893
0.902
0.907
0.885
0.882
0.881
0.875
0.859
0.868
0.884
0.877
0.867
0.882
0.889
0.871
0.871
0.869
0.865
0.846
0.858
0.877
0.878
0.864
0.877
0.889
0.891
0.867
0.875
0.874
0.851
0.847
0.857
0.87
0.861
0.851
0.869
0.865
0.838
0.804
0.803
0.82
0.842
0.865
0.893
0.868
0.9
0.924
0.895
0.906
0.906
0.89
0.819
0.815
0.804
0.795
0.763
0.73
0.741
0.718
0.738
0.7938086
0.875
0.743
0.718
0.729
0.723
0.714
0.684
0.675
0.66
0.655
0.7795853
0.7782649
0.649
0.657
0.663
0.666
0.69
0.693
0.717
0.744
0.726
0.723
0.724
0.708
0.705
0.714
0.71
0.709
0.717
0.707
0.717
0.723
0.723
0.73
0.735
0.74
0.737
0.738
0.737
0.723
0.732
0.744
0.759
0.751
0.74
0.744
0.754
0.755
0.743
0.745
0.747
0.749
0.753
0.75
0.765
0.756
0.742
0.723
0.718
0.735
0.733
0.739
0.75
0.748
0.746
0.739
0.732
0.732
0.733
0.73
0.731
0.736
0.742
0.747
0.745
0.741
0.745
0.74
0.745
0.753
0.76
0.742
0.699
0.674
0.658
0.653
0.666
0.651
0.648
0.653
0.642
0.645
0.637
0.633
0.63
0.629
0.627
0.63
0.63
0.625
0.623
0.618
0.615
0.615
0.617
0.615
0.609
0.61
0.603
0.601
0.605
0.599
0.604
0.601
0.602
0.595
0.593
0.586
0.586
0.587
0.587
0.59
0.582
0.582
0.58
0.579
0.579
0.578
0.576
0.572
0.57
0.566
0.565
0.567
0.566
0.566
0.563
0.56
0.557
0.554
0.552
0.55
0.552
0.547
0.546
0.541
0.541
0.541
0.539
0.535
0.531
0.528
0.527
0.524
0.524
0.519
0.516
0.516
0.515
0.513
0.511
0.514
0.514
0.512
0.51
0.512
0.513
0.516
0.517
0.515
0.516
0.513
0.515
0.514
0.517
0.515
0.515
0.514
0.514
0.516
0.511
0.513
0.511
0.512
0.512
0.511
0.51
0.51
0.505
0.507
0.503
0.499
0.5
0.495
0.495
0.494
0.489
0.49
0.488
0.482
0.485
0.481
0.477
0.479
0.476
0.473
0.472
0.47
0.467
0.465
0.467
0.464
0.463
0.46
0.461
0.458
0.458
0.457
0.455
0.456
0.457
0.452
0.451
0.454
0.452
0.448
0.451
0.452
0.445
0.445
0.448
0.449
0.445
0.444
0.448
0.445
0.445
0.446
0.446
0.443
0.443
0.444
0.444
0.443
0.446
0.445
0.444
0.444
0.445
0.445
0.445
0.446
0.445
0.447
0.449
0.446
0.446
0.447
0.446
0.447
0.444
0.45
0.444
0.445
0.446
0.446
0.444
0.444
0.445
0.444
0.442
0.442
0.444
0.445
0.438
0.444
0.444
0.443
0.441
0.445
0.445
0.446
0.445
0.445
0.445
0.445
0.446
0.444
0.443
0.446
0.444
0.444
0.44
0.444
0.443
0.441
0.444
0.44
0.442
0.438
0.441
0.44
0.437
0.435
0.44
0.437
0.434
0.433
0.433
0.429
0.434
0.433
0.425
0.432
0.431
0.427
0.426
0.431
0.43
0.424
0.426
0.428
0.428
0.425
0.428
0.429
0.437
0.44
0.444
0.441
0.445
0.45
0.451
0.451
0.457
0.467
0.467
0.466
0.473
0.483
0.484
0.485
0.482
0.491
0.497
0.492
0.498
0.506
0.503
0.497
0.498
0.501
0.5
0.493
0.493
0.501
0.525
0.541
0.546
0.546
0.562
0.595
0.637
0.642
0.615
0.583
0.562
0.556
0.548
0.551
0.556
0.569
0.572
0.568
0.567
0.58
0.589
0.571
0.568
0.58
0.582
0.568
0.562
0.579
0.601
0.642
0.678
0.617
0.595
0.57
0.569
0.575
0.587
0.609
0.625
0.616
0.586
0.579
0.594
0.626
0.651
0.634
0.621
0.625
0.639
0.647
0.66
0.656
0.668
0.662
0.662
0.659
0.654
0.649
0.644
0.644
0.644
0.643
0.632
0.625
0.612
0.611
0.607
0.607
0.613
0.648
0.644
0.65
0.675
0.697
0.694
0.688
0.695
0.693
0.695
0.701
0.712
0.753
0.774
0.74
0.697
0.669
0.657
0.641
0.631
0.641
0.647
0.667
0.672
0.659
0.656
0.67
0.683
0.715
0.748
0.76
0.754
0.73
0.688
0.69
0.702
0.736
0.784
0.794
0.759
0.717
0.685
0.686
0.702
0.719
0.751
0.768
0.78
0.754
0.725
0.699
0.708
0.72
0.726
0.734
0.727
0.714
0.691
0.691
0.709
0.731
0.729
0.743
0.749
0.739
0.715
0.695
0.7210561
0.7215304
0.7219904
0.74
0.685
0.679
0.664
0.666
0.673
0.687
0.708
0.725
0.735
0.727
0.711
0.695
0.692
0.708
0.731
0.756
0.777
0.783
0.779
0.777
0.756
0.742
0.73
0.728
0.748
0.765
0.776
0.765
0.74
0.708
0.69
0.686
0.704
0.714
0.745
0.78
0.77
0.748
0.725
0.736
0.742
0.76
0.782
0.782
0.789
0.777
0.751
0.737
0.734
0.736
0.74
0.746
0.742
0.734
0.727
0.728
0.719
0.707
0.688
0.691
0.699
0.703
0.716
0.77
0.805
0.788
0.766
0.751
0.74
0.723
0.721
0.712
0.709
0.694
0.689
0.701
0.722
0.75
0.776
0.803
0.781
0.789
0.787
0.798
0.796
0.801
0.791
0.784
0.779
0.766
0.759
0.752
0.754
0.759
0.762
0.769
0.764
0.748
0.733
0.733
0.737
0.733
0.728
0.715
0.71
0.712
0.717
0.739
0.766
0.76
0.754
0.737
0.749
0.758
0.778
0.814
0.825
0.814
0.794
0.764
0.763
0.769
0.784
0.811
0.836
0.821
0.811
0.8
0.789
0.7670229
0.7675729
0.7681234
0.812
0.776
0.742
0.731
0.711
0.729
0.74
0.748
0.754
0.767
0.778
0.779
0.769
0.748
0.761
0.759
0.772
0.763
0.758
0.762
0.764
0.767
0.753
0.76
0.763
0.771
0.772
0.763
0.776
0.782
0.804
0.793
0.8
0.811
0.815
0.796
0.8
0.805
0.788
0.784
0.795
0.811
0.813
0.821
0.821
0.804
0.778
0.757
0.762
0.755
0.75
0.742
0.727
0.735
0.759
0.774
0.801
0.829
0.851
0.85
0.844
0.847
0.843
0.835
0.833
0.838
0.84
0.841
0.85
0.847
0.847
0.84
0.811
0.819
0.82
0.82
0.796
0.806
0.812
0.811
0.792
0.8
0.803
0.795
0.783
0.793
0.801
0.794
0.793
0.813
0.823
0.82
0.808
0.809
0.829
0.844
0.837
0.836
0.853
0.856
0.834
0.845
0.844
0.856
0.824
0.833
0.833
0.839
0.821
0.833
0.845
0.816
0.823
0.834
0.83
0.82
0.829
0.833
0.826
0.836
0.825
0.805
0.817
0.832
0.821
0.821
0.827
0.795
0.788
0.796
0.802
0.801
0.822
0.847
0.819
0.826
0.81
0.795
0.773
0.763
0.777
0.791
0.79
0.808
0.818
0.799
0.788
0.8
0.806
0.787
0.805
0.818
0.813
0.822
0.825
0.822
0.803
0.796
0.804
0.811
0.774
0.786
0.777
0.771
0.753
0.777
0.805
0.801
0.78
0.762
0.766
0.787
0.811
0.848
0.893
0.917
0.906
0.909
0.891
0.836
0.838
0.834
0.85
0.838
0.839
0.851
0.872
0.875
0.853
0.813
0.797
0.796
0.799
0.791
0.768
0.782
0.782
0.778
0.787
0.789
0.789
0.792
0.792
0.796
0.785
0.81
0.81
0.792
0.797
0.796
0.806
0.775
0.791
0.804
0.793
0.799
0.809
0.812
0.802
0.821
0.817
0.793
0.805
0.815
0.786
0.799
0.792
0.761
0.733
0.747
0.738
0.724
0.744
0.756
0.766
0.791
0.801
0.808
0.784
0.788
0.758
0.771
0.8
0.809
0.791
0.774
0.793
0.777
0.761
0.787
0.787
0.766
0.78
0.785
0.768
0.745
0.739
0.745
0.736
0.756
0.783
0.781
0.813
0.806
0.857
0.862
0.865
0.855
0.836
0.824
0.81
0.795
0.776
0.788
0.8
0.824
0.849
0.829
0.805
0.829
0.819
0.79
0.822
0.81
0.793
0.792
0.789
0.772
0.81
0.799
0.794
0.824
0.833
0.829
0.828
0.804
0.815
0.819
0.797
0.818
0.819
0.804
0.833
0.834
0.842
0.802
0.824
0.823
0.804
0.834
0.843
0.813
0.829
0.838
0.838
0.831
0.849
0.849
0.823
0.848
0.859
0.852
0.838
0.805
0.818
0.801
0.76
0.736
0.763
0.763
0.797
0.84
0.848
0.858
0.825
0.852
0.846
0.842
0.843
0.838
0.805
0.816
0.818
0.81
0.796
0.811
0.8
0.804
0.832
0.844
0.846
0.852
0.836
0.799
0.814
0.817
0.788
0.802
0.782
0.801
0.809
