0.745
0.722
0.718
0.754
0.793
0.789
0.766
0.783
0.782
0.787
0.798
0.775
0.792
0.825
0.821
0.79
0.769
0.793
0.818
0.833
0.837
0.791
0.772
0.793
0.8
0.821
0.808
0.785
0.757
0.773
0.781
0.803
0.776
0.775
0.787
0.797
0.77
0.76
0.788
0.799
0.785
0.773
0.783
0.804
0.842
0.833
0.807
0.773
0.773
0.784
0.799
0.783
0.77
0.799
0.82
0.824
0.8
0.789
0.817
0.83
0.831
0.787
0.775
0.816
0.83
0.793
0.774
0.785
0.795
0.779
0.75
0.758
0.78
0.778
0.767
0.761
0.794
0.81
0.791
0.757
0.762
0.773
0.785
0.802
0.776
0.762
0.775
0.774
0.771
0.751
0.74
0.764
0.788
0.797
0.774
0.78
0.804
0.829
0.801
0.797
0.826
0.856
0.817
0.797
0.815
0.827
0.81
0.781
0.782
0.806
0.803
0.781
0.8
0.83
0.819
0.786
0.805
0.831
0.839
0.792
0.795
0.818
0.821
0.783
0.784
0.806
0.809
0.796
0.795
0.82
0.83
0.799
0.786
0.818
0.835
0.802
0.79
0.814
0.812
0.784
0.765
0.804
0.84
0.829
0.812
0.833
0.839
0.791
0.776
0.79
0.797
0.775
0.766
0.785
0.789
0.781
0.762
0.77
0.788
0.782
0.753
0.749
0.766
0.758
0.747
0.744
0.768
0.781
0.776
0.758
0.745
0.76
0.796
0.785
0.765
0.803
0.828
0.797
0.778
0.787
0.818
0.819
0.779
0.769
0.788
0.801
0.784
0.767
0.789
0.8
0.793
0.779
0.779
0.8
0.794
0.782
0.763
0.778
0.798
0.785
0.755
0.766
0.791
0.798
0.779
0.779
0.798
0.81
0.79
0.779
0.791
0.793
0.769
0.755
0.792
0.795
0.77
0.758
0.769
0.782
0.784
0.769
0.776
0.777
0.759
0.745
0.758
0.781
0.795
0.758
0.75
0.779
0.783
0.76
0.744
0.766
0.792
0.794
0.78
0.77
0.805
0.819
0.816
0.78
0.791
0.794
0.791
0.765
0.757
0.777
0.786
0.773
0.756
0.778
0.791
0.766
0.752
0.765
0.784
0.787
0.784
0.765
0.77
0.774
0.788
0.767
0.764
0.781
0.796
0.788
0.774
0.79
0.822
0.827
0.792
0.776
0.799
0.799
0.789
0.762
0.777
0.795
0.793
0.769
0.767
0.786
0.791
0.768
0.748
0.771
0.791
0.807
0.78
0.78
0.802
0.796
0.769
0.751
0.765
0.768
0.765
0.75
0.757
0.773
0.766
0.749
0.75
0.777
0.784
0.775
0.758
0.765
0.762
0.743
0.732
0.738
0.754
0.755
0.747
0.759
0.77
0.772
0.75
0.749
0.766
0.765
0.743
0.727
0.736
0.734
0.741
0.723
0.722
0.738
0.749
0.734
0.732
0.756
0.764
0.766
0.75
0.747
0.764
0.772
0.771
0.754
0.758
0.767
0.765
0.742
0.75
0.764
0.772
0.767
0.743
0.756
0.766
0.781
0.755
0.747
0.754
0.777
0.776
0.765
0.779
0.798
0.828
0.819
0.805
0.826
0.813
0.793
0.759
0.778
0.792
0.817
0.78
0.777
0.801
0.81
0.789
0.784
0.791
0.787
0.791
0.771
0.764
0.791
0.798
0.779
0.768
0.786
0.782
0.76
0.75
0.75
0.754
0.734
0.724
0.727
0.761
0.771
0.771
0.753
0.774
0.81
0.819
0.784
0.774
0.791
0.794
0.78
0.763
0.781
0.796
0.769
0.758
0.776
0.762
0.741
0.73
0.705
0.686
0.665
0.65
0.641
0.645
0.649
0.644
0.641
0.641
0.642
0.641
0.645
0.649
0.653
0.647
0.641
0.632
0.631
0.63
0.635
0.659
0.67
0.673
0.678
0.695
0.716
0.723
0.722
0.732
0.722
0.708
0.698
0.703
0.705
0.684
0.681
0.689
0.692
0.693
0.687
0.698
0.708
0.712
0.717
0.724
0.719
0.696
0.694
0.692
0.68
0.677
0.68
0.683
0.679
0.676
0.674
0.679
0.688
0.677
0.661
0.662
0.65
0.646
0.644
0.653
0.675
0.663
0.653
0.635
0.634
0.625
0.625
0.614
0.616
0.605
0.607
0.6
0.595
0.598
0.584
0.584
0.583
0.575
0.576
0.579
0.568
0.574
0.574
0.567
0.57
0.567
0.56
0.571
0.566
0.558
0.57
0.569
0.556
0.569
0.568
0.563
0.562
0.567
0.569
0.56
0.569
0.567
0.565
0.562
0.564
0.567
0.565
0.555
0.552
0.555
0.556
0.548
0.551
0.547
0.6132407
0.607
0.546
0.6299641
0.604
0.542
0.541
0.532
0.537
0.537
0.53
0.539
0.538
0.541
0.538
0.54
0.54
0.536
0.535
0.538
0.534
0.533
0.526
0.526
0.528
0.527
0.526
0.515
0.515
0.515
0.516
0.507
0.501
0.511
0.509
0.5
0.503
0.506
0.503
0.5
0.499
0.498
0.504
0.499
0.498
0.494
0.498
0.497
0.493
0.493
0.49
0.489
0.49
0.487
0.487
0.488
0.487
0.483
0.483
0.482
0.482
0.478
0.476
0.7137464
0.478
0.6355319
0.6384695
0.7213707
0.6555566
0.5650352
0.5951759
0.607669
0.6949706
0.6495763
0.6515859
0.6362605
0.6012233
0.7237711
0.6561351
0.5269484
0.6665286
0.6049122
0.5736225
0.6179964
0.5755541
0.5909845
0.5962951
0.5405733
0.6726443
0.6366783
0.474
0.5687969
0.6939302
0.6504815
0.6125746
0.6747783
0.6737668
0.6706842
0.471
0.6634819
0.6563075
0.62394
0.6110416
0.607022
0.5904494
0.615824
0.5603317
0.74006
0.6896213
0.5674374
0.6050387
0.6015858
0.6667535
0.6214315
0.6389506
0.6240789
0.6232178
0.6970208
0.6134196
0.7045447
0.472
0.5438132
0.6554214
0.6311857
0.6359009
0.6443665
0.5980754
0.6068257
0.5708305
0.5679391
0.639855
0.6473276
0.6265289
0.671946
0.730903
0.5977325
0.502422
0.6759099
0.5860043
0.5870138
0.6766475
0.6079304
0.5588195
0.6321394
0.6152738
0.622751
0.6425274
0.6028447
0.6559017
0.6105159
0.6393402
0.6793079
0.6445644
0.6046131
0.6817452
0.6735186
0.6501165
0.6338073
0.5883319
0.6923726
0.589595
0.508
0.7353873
0.7010109
0.6083205
0.566823
0.5832814
0.6338449
0.6073851
0.6020148
0.5702929
0.6176791
0.5788464
0.5325172
0.5998624
0.6678105
0.5894704
0.6513492
0.5347037
0.6164304
0.6464535
0.6349389
0.6246172
0.5854471
0.466
0.5743334
0.5651153
0.6248218
0.5689618
0.5928054
0.6050003
0.7148839
0.5841051
0.6304891
0.6221631
0.5676298
0.6141827
0.6934809
0.6413976
0.6198321
0.5954675
0.5099907
0.6766747
0.5408625
0.6560188
0.462
0.463
0.464
0.469
0.474
0.479
0.475
0.481
0.48
0.483
0.483
0.472
0.481
0.482
0.479
0.476
0.478
0.482
0.49
0.488
0.489
0.492
0.502
0.497
0.499
0.514
0.513
0.507
0.51
0.515
0.526
0.531
0.522
0.521
0.523
0.52
0.521
0.518
0.517
0.519
0.522
0.52
0.513
0.52
0.517
0.507
0.509
0.516
0.522
0.52
0.524
0.528
0.533
0.529
0.533
0.536
0.546
0.547
0.546
0.551
0.578
0.573
0.572
0.568
0.566
0.572
0.567
0.563
0.563
0.565
0.567
0.559
0.558
0.558
0.556
0.562
0.553
0.553
0.552
0.555
0.563
0.571
0.571
0.575
0.583
0.591
0.587
0.588
0.588
0.594
0.604
0.597
0.593
0.593
0.593
0.587
0.588
0.598
0.609
0.629
0.63
0.625
0.627
0.637
0.634
0.624
0.625
0.636
0.641
0.628
0.625
0.632
0.631
0.619
0.61
0.612
0.612
0.609
0.61
0.613
0.618
0.625
0.634
0.625
0.627
0.636
0.645
0.643
0.635
0.637
0.648
0.645
0.64
0.643
0.645
0.639
0.639
0.653
0.662
0.647
0.648
0.66
0.664
0.66
0.651
0.652
0.659
0.649
0.642
0.624
0.621
0.627
0.64
0.65
0.645
0.647
0.656
0.658
0.653
0.652
0.652
0.668
0.676
0.663
0.652
0.66
0.667
0.673
0.659
0.651
0.663
0.672
0.694
0.706
0.696
0.685
0.675
0.653
0.65
0.627
0.614
0.612
0.611
0.632
0.664
0.675
0.689
0.674
0.681
0.696
0.705
0.691
0.686
0.693
0.69
0.685
0.683
0.695
0.707
0.702
0.685
0.685
0.687
0.686
0.676
0.671
0.668
0.66
0.653
0.652
0.657
0.661
0.659
0.671
0.703
0.725
0.717
0.696
0.689
0.661
0.655
0.653
0.673
0.674
0.676
0.687
0.708
0.722
0.708
0.714
0.735
0.719
0.713
0.73
0.747
0.721
0.722
0.747
0.749
0.727
0.738
0.756
0.736
0.722
0.724
0.748
0.74
0.723
0.74
0.747
0.731
0.724
0.743
0.749
0.728
0.728
0.75
0.756
0.727
0.726
0.75
0.758
0.733
0.728
0.721
0.691
0.678
0.681
0.675
0.662
0.665
0.673
0.67
0.666
0.68
0.695
0.723
0.724
0.716
0.731
0.739
0.714
0.723
0.754
0.756
0.725
0.724
0.739
0.737
0.725
0.728
0.736
0.732
0.738
0.741
0.719
0.717
0.725
0.738
0.724
0.718
0.735
0.746
0.728
0.721
0.734
0.732
0.713
0.719
0.729
0.746
0.745
0.731
0.743
0.76
0.785
0.778
0.776
0.742
0.723
0.725
0.735
0.742
0.736
0.761
0.7350923
0.781
0.745
0.747
0.752
0.743
0.733
0.739
0.757
0.754
0.738
0.75
0.759
0.741
0.745
0.766
0.764
0.75
0.76
0.776
0.766
0.74
0.754
0.758
0.748
0.733
0.75
0.752
0.736
0.74
0.758
0.777
0.756
0.753
0.769
0.755
0.731
0.729
0.725
0.715
0.702
0.699
0.702
0.701
0.697
0.703
0.714
0.725
0.717
0.722
0.731
0.728
0.722
0.732
0.747
0.737
0.73
0.731
0.731
0.723
0.711
0.714
0.723
0.715
0.712
0.727
0.736
0.731
0.721
0.731
0.723
0.713
0.709
0.714
0.714
0.703
0.709
0.723
0.732
0.719
0.72
0.732
0.742
0.734
0.742
0.751
0.757
0.738
0.729
0.735
0.74
0.727
0.734
0.757
0.775
0.755
0.743
0.749
0.751
0.741
0.73
0.744
0.749
0.732
0.728
0.737
0.743
0.741
0.728
0.738
0.742
0.735
0.717
0.719
0.719
0.722
0.733
0.72
0.714
0.72
0.725
0.728
0.714
0.721
0.734
0.739
0.72
0.718
0.729
0.735
0.721
0.721
0.734
0.731
0.724
0.714
0.725
0.73
0.722
0.712
0.708
0.696
0.678
0.678
0.705
0.701
0.702
0.708
0.708
0.709
0.706
0.708
0.704
0.711
0.708
0.703
0.705
0.695
0.708
0.705
0.711
0.71
0.718
0.731
0.722
0.733
0.736
0.735
0.723
0.727
0.73
0.73
0.726
0.728
0.739
0.732
0.717
0.719
0.706
0.692
0.672
0.652
0.652
0.647
0.634
0.628
0.628
0.614
0.633
0.633
0.629
0.643
0.631
0.629
0.64
0.647
0.65
0.65
0.653
0.668
0.677
0.679
0.671
0.659
0.658
0.66
0.646
0.626
0.628
0.628
0.613
0.613
0.618
0.61
0.606
0.609
0.603
0.619
0.64
0.643
0.654
0.661
0.664
0.663
0.666
0.649
0.641
0.647
0.641
0.634
0.628
0.631
0.625
0.62
0.62
0.619
0.612
0.612
0.613
0.613
0.606
0.612
0.618
0.603
0.6
0.602
0.599
0.594
0.596
0.595
0.588
0.589
0.584
0.584
0.588
0.591
0.583
0.586
0.589
0.59
0.584
0.586
0.581
0.575
0.582
0.582
0.566
0.568
0.574
0.561
0.565
0.569
0.557
0.566
0.574
0.58
0.584
0.578
0.592
0.6
0.59
0.588
0.594
0.596
0.586
0.591
0.596
0.596
0.597
0.598
0.606
0.61
0.61
0.605
0.613
0.61
0.609
0.609
0.613
0.621
0.627
0.626
0.631
0.625
0.613
0.617
0.611
0.605
0.611
0.62
0.628
0.633
0.643
0.651
0.656
0.653
0.657
0.662
0.664
0.65
0.644
0.64
0.634
0.634
0.636
0.634
0.631
0.635
0.636
0.622
0.625
0.63
0.629
0.627
0.634
0.639
0.628
0.627
0.627
0.616
0.622
0.62
0.625
0.623
0.63
0.637
0.637
0.634
0.646
0.637
0.64
0.647
0.634
0.636
0.64
0.64
0.64
0.648
0.653
0.646
0.653
0.664
0.662
0.658
0.663
0.666
0.663
0.669
0.681
0.68
0.673
0.68
0.685
0.674
0.673
0.683
0.672
0.672
0.687
0.686
0.675
0.687
0.685
0.674
0.677
0.682
0.67
0.678
0.682
0.677
0.668
0.677
0.683
0.685
0.682
0.689
0.692
0.685
0.689
0.689
0.685
0.679
0.688
0.672
0.656
0.661
0.647
0.641
0.646
0.647
0.647
0.653
0.666
0.68
0.683
0.686
0.691
0.681
0.674
0.679
0.68
0.673
0.678
0.687
0.695
0.693
0.705
0.718
0.72
0.713
0.72
0.72
0.708
0.695
0.682
0.674
0.662
0.669
0.676
0.683
0.691
0.685
0.688
0.699
0.694
0.692
0.705
0.705
0.695
0.695
0.691
0.682
0.679
0.686
0.692
0.69
0.699
0.697
0.69
0.697
0.701
0.698
0.693
0.702
0.703
0.691
0.683
0.69
0.683
0.683
0.686
0.676
0.681
0.688
0.69
0.683
0.686
0.688
0.685
0.677
0.679
0.681
0.675
0.669
0.682
0.68
0.674
0.674
0.676
0.673
0.668
0.672
0.673
0.67
0.667
0.666
0.67
0.667
0.666
0.669
0.675
0.671
0.669
0.674
0.67
0.663
0.665
0.668
0.663
0.663
0.665
0.655
0.658
0.653
0.645
0.642
0.643
0.649
0.652
0.639
0.648
0.631
0.637
0.638
0.635
0.627
0.63
0.634
0.626
0.634
0.64
0.652
0.648
0.645
0.653
0.65
0.639
0.639
0.642
0.635
0.638
0.645
0.647
0.64
0.645
0.645
0.643
0.65
0.654
0.661
0.666
0.668
0.679
0.693
0.688
0.683
0.68
0.689
0.69
0.693
0.683
0.682
0.684
0.689
0.688
0.675
0.677
0.681
0.691
0.691
0.679
0.673
0.674
0.677
0.674
0.667
0.666
0.667
0.677
0.694
0.706
0.697
0.69
0.69
0.696
0.695
0.687
0.682
0.69
0.689
0.684
0.684
0.69
0.691
0.69
0.683
0.679
0.686
0.69
0.684
0.684
0.68
0.686
0.685
0.672
0.67
0.669
0.672
0.666
0.661
0.669
0.675
0.68
0.68
0.685
0.682
0.67
0.666
0.67
0.667
0.659
0.655
0.65
0.639
0.637
0.64
0.627
0.632
0.636
0.636
0.639
0.65
0.657
0.663
0.665
0.672
0.681
0.682
0.675
0.683
0.686
0.676
0.675
0.679
0.679
0.669
0.67
0.672
0.671
0.664
0.672
0.681
0.686
0.678
0.681
0.683
0.676
0.674
0.668
0.675
0.679
0.678
0.666
0.666
0.663
0.655
0.65
0.651
0.659
0.658
0.655
0.659
0.664
0.66
0.656
0.657
0.659
0.661
0.655
0.657
0.662
0.663
0.661
0.656
0.659
0.661
0.663
0.656
0.658
0.655
0.641
0.634
0.646
0.644
0.642
0.652
0.669
0.683
0.696
0.693
0.699
0.705
0.704
0.686
0.677
0.673
0.671
0.661
0.659
0.663
0.667
0.675
0.668
0.668
0.674
0.658
0.646
0.643
0.643
0.631
0.633
0.639
0.642
0.649
0.649
0.644
0.646
0.646
0.645
0.643
0.645
0.65
0.66
0.665
0.659
0.662
0.666
0.67
0.672
0.676
0.666
0.663
0.669
0.68
0.685
0.682
0.678
0.677
0.684
0.687
0.682
0.677
0.674
0.674
0.677
0.689
0.681
0.674
0.674
0.677
0.689
0.684
0.675
0.676
0.678
0.681
0.678
0.673
0.666
0.676
0.679
0.7
0.705
0.689
0.679
0.684
0.684
0.679
0.668
0.665
0.67
0.666
0.661
0.653
0.653
0.653
0.647
0.645
0.642
0.634
0.625
0.622
0.62
0.609
0.599
0.597
0.614
0.618
0.647
0.675
0.695
0.721
0.692
0.689
0.667
0.645
0.629
0.622
0.629
0.617
0.608
0.601
0.602
0.594
0.582
0.59
0.588
0.582
0.584
0.591
0.611
0.618
0.619
0.628
0.636
0.635
0.641
0.638
0.628
0.625
0.617
0.614
0.611
0.614
0.615
0.61
0.607
0.603
0.59
0.586
0.587
0.582
0.577
0.577
0.577
0.58
0.579
0.576
0.579
0.583
0.583
0.586
0.588
0.586
0.58
0.585
0.571
0.568
0.567
0.563
0.563
0.563
0.56
0.547
0.556
0.546
0.546
0.547
0.543
0.544
0.549
0.553
0.556
0.561
0.569
0.587
0.605
0.603
0.599
0.597
0.593
0.591
0.587
0.583
0.582
0.583
0.583
0.579
0.582
0.569
0.565
0.564
0.564
0.566
0.564
0.566
0.567
0.575
0.579
0.582
0.586
0.591
0.593
0.596
0.596
0.593
0.591
0.583
0.591
0.573
0.586
0.577
0.569
0.557
0.559
0.557
0.55
0.545
0.547
0.546
0.541
0.544
0.546
0.549
0.549
0.556
0.563
0.567
0.573
0.578
0.585
0.589
0.589
0.583
0.584
0.59
0.59
0.594
0.589
0.591
0.592
0.599
0.604
0.61
0.623
0.646
0.653
0.654
0.656
0.665
0.668
0.654
0.656
0.659
0.654
0.65
0.656
0.658
0.661
0.673
0.677
0.68
0.695
0.701
0.698
0.707
0.71
0.707
0.703
0.678
0.677
0.672
0.679
0.668
0.674
0.686
0.675
0.689
0.685
0.676
0.677
0.68
0.663
0.663
0.664
0.656
0.658
0.669
0.669
0.676
0.684
0.691
0.684
0.687
0.701
0.683
0.691
0.698
0.694
0.685
0.691
0.692
0.683
0.685
0.692
0.696
0.685
0.69
0.699
0.695
0.688
0.698
0.699
0.691
0.686
0.703
0.697
0.684
0.682
0.692
0.696
0.69
0.684
0.694
0.685
0.672
0.674
0.681
0.679
0.668
0.664
0.664
0.664
0.674
0.672
0.672
0.683
0.682
0.675
0.668
0.662
0.664
0.66
0.65
0.652
0.5854192
0.6978268
0.6473939
0.638
0.646
0.654
0.671
0.685
0.688
0.689
0.707
0.72
0.726
0.714
0.712
0.713
0.702
0.691
0.677
0.693
0.688
0.67
0.657
0.652
0.644
0.646
0.641
0.639
0.636
0.626
0.62
0.61
0.603
0.601
0.599
0.607
0.615
0.627
0.641
0.657
0.688
0.703
0.71
0.707
0.695
0.702
0.703
0.698
0.7
0.708
0.707
0.7
0.706
0.713
0.703
0.699
0.715
0.715
0.713
0.707
0.712
0.718
0.719
0.724
0.728
0.734
0.731
0.729
0.739
0.717
0.702
0.689
0.685
0.687
0.67
0.678
0.685
0.693
0.696
0.705
0.71
0.715
0.722
0.736
0.747
0.735
0.735
0.735
0.729
0.716
0.722
0.717
0.718
0.713
0.719
0.714
0.719
0.714
0.716
0.716
0.713
0.717
0.704
0.701
0.702
0.694
0.681
0.672
0.666
0.649
0.636
0.625
0.624
0.62
0.622
0.616
0.619
0.617
0.614
0.611
0.61
0.614
0.617
0.616
0.619
0.621
0.62
0.625
0.632
0.637
0.638
0.644
0.653
0.663
0.662
0.661
0.662
0.664
0.651
0.647
0.652
0.648
0.645
0.637
0.635
0.641
0.643
0.636
0.632
0.618
0.617
0.608
0.601
0.594
0.596
0.596
0.593
0.605
0.606
0.615
0.627
0.644
0.666
0.678
0.675
0.683
0.691
0.679
0.674
0.652
0.645
0.639
0.621
0.627
0.629
0.621
0.621
0.632
0.635
0.649
0.665
0.687
0.689
0.699
0.705
0.71
0.695
0.67
0.665
0.646
0.632
0.618
0.618
0.616
0.612
0.61
0.628
0.667
0.698
0.693
0.698
0.7
0.673
0.684
0.661
0.66
0.652
0.641
0.628
0.616
0.613
0.61
0.606
0.601
0.601
0.592
0.586
0.586
0.591
0.579
0.583
0.586
0.587
0.588
0.588
0.582
0.577
0.58
0.586
0.59
0.603
0.616
0.61
0.623
0.618
0.622
0.622
0.635
0.643
0.648
0.65
0.649
0.659
0.665
0.664
0.652
0.653
0.661
0.656
0.646
0.653
0.659
0.658
0.644
0.647
0.651
0.665
0.651
0.635
0.633
0.622
0.618
0.618
0.625
0.638
0.643
0.641
0.643
0.651
0.66
0.674
0.684
0.684
0.684
0.699
0.704
0.694
0.708
0.707
0.7
0.682
0.675
0.664
0.661
0.642
0.651
0.644
0.646
0.653
0.67
0.67
0.669
0.689
0.693
0.684
0.704
0.723
0.729
0.746
0.774
0.768
0.773
0.76
0.754
0.762
0.763
0.749
0.759
0.78
0.786
0.77
0.772
0.775
0.75
0.762
0.764
0.746
0.748
0.769
0.762
0.751
0.762
0.749
0.738
0.75
0.749
0.756
0.744
0.732
0.743
0.732
0.723
0.72
0.717
0.726
0.735
0.753
0.753
0.77
0.775
0.762
0.754
0.77
0.764
0.755
0.762
0.763
0.75
0.756
0.772
0.761
0.752
0.768
0.776
0.764
0.767
0.773
0.768
0.757
0.752
0.756
0.751
0.728
0.736
0.741
0.743
0.731
0.749
0.76
0.763
0.752
0.764
0.777
0.767
0.75
0.761
0.761
0.747
0.739
0.747
0.741
0.737
0.735
0.745
0.74
0.733
0.732
0.742
0.741
0.746
0.738
0.743
0.749
0.76
0.743
0.75
0.749
0.74
0.724
0.73
0.736
0.74
0.736
0.742
0.746
0.74
0.75
0.747
0.722
0.727
0.728
0.718
0.716
0.697
0.693
0.699
0.702
0.695
0.695
0.704
0.704
0.697
0.7
0.704
0.718
0.744
0.732
0.735
0.753
0.759
0.746
0.739
0.737
0.736
0.72
0.717
0.725
0.735
0.733
0.728
0.738
0.752
0.742
0.728
0.724
0.723
0.717
0.708
0.71
0.722
0.727
0.725
0.736
0.744
0.738
0.729
0.739
0.747
0.749
0.736
0.74
0.752
0.76
0.758
0.78
0.804
0.799
0.791
0.77
0.757
0.754
0.748
0.738
0.75
0.76
0.764
0.758
0.787
0.786
0.757
0.751
0.753
0.744
0.741
0.73
0.723
0.726
0.719
0.718
0.72
0.724
0.716
0.708
0.719
0.727
0.728
0.723
0.717
0.701
0.694
0.7
0.699
0.698
0.697
0.707
0.718
0.725
0.717
0.723
0.744
0.756
0.751
0.741
0.748
0.742
0.727
0.721
0.728
0.727
0.716
0.711
0.716
0.73
0.732
0.721
0.729
0.739
0.745
0.736
0.729
0.739
0.744
0.733
0.721
0.722
0.737
0.725
0.715
0.7
0.707
0.7
0.692
0.687
0.668
0.658
0.638
0.627
0.623
0.61
0.597
0.595
0.592
0.589
0.591
0.588
0.594
0.604
0.609
0.61
0.611
0.613
0.609
0.612
0.613
0.615
0.615
0.62
0.614
0.608
0.6
0.599
0.585
0.586
0.586
0.586
0.588
0.594
0.594
0.604
0.614
0.614
0.617
0.611
0.603
0.602
0.606
0.592
0.593
0.596
0.599
0.601
0.613
0.622
0.622
0.625
0.643
0.655
0.647
0.646
0.648
0.644
0.643
0.649
0.652
0.645
0.644
0.647
0.655
0.655
0.676
0.681
0.667
0.686
0.672
0.666
0.657
0.639
0.636
0.634
0.625
0.621
0.609
0.5900522
0.682
0.598
0.597
0.581
0.588
0.586
0.585
0.576
0.579
0.582
0.575
0.573
0.578
0.58
0.576
0.572
0.579
0.585
0.583
0.582
0.586
0.586
0.586
0.585
0.585
0.587
0.59
0.592
0.602
0.608
0.608
0.609
0.589
0.582
0.57
0.565
0.555
0.55
0.545
0.549
0.556
0.561
0.562
0.569
0.578
0.578
0.574
0.583
0.585
0.58
0.59
0.592
0.59
0.584
0.595
0.595
0.589
0.592
0.583
0.585
0.583
0.585
0.576
0.584
0.589
0.593
0.592
0.604
0.609
0.609
0.613
0.623
0.626
0.626
0.62
0.621
0.621
0.608
0.608
0.614
0.619
0.627
0.632
0.634
0.639
0.659
0.677
0.683
0.677
0.678
0.679
0.672
0.67
0.666
0.68
0.689
0.688
0.686
0.692
0.694
0.681
0.676
0.681
0.685
0.675
0.671
0.678
0.686
0.686
0.675
0.676
0.69
0.681
0.668
0.666
0.67
0.672
0.669
0.663
0.668
0.667
0.66
0.642
0.641
0.644
0.653
0.666
0.673
0.679
0.697
0.693
0.686
0.693
0.689
0.691
0.695
0.678
0.674
0.666
0.662
0.668
0.677
0.681
0.68
0.688
0.706
0.703
0.699
0.696
0.701
0.699
0.697
0.692
0.678
0.673
0.675
0.671
0.662
0.661
0.667
0.669
0.671
0.666
0.666
0.676
0.672
0.686
0.692
0.694
0.708
0.69
0.68
0.678
0.673
0.665
0.663
0.666
0.666
0.684
0.685
0.699
0.693
0.69
0.683
0.671
0.663
0.638
0.644
0.64
0.637
0.638
0.635
0.647
0.655
0.663
0.667
0.677
0.678
0.684
0.678
0.685
0.694
0.691
0.677
0.682
0.681
0.672
0.666
0.67
0.666
0.663
0.668
0.659
0.656
0.666
0.686
0.696
0.701
0.684
0.659
0.659
0.644
0.627
0.622
0.619
0.615
0.612
0.622
0.633
0.637
0.651
0.664
0.688
0.694
0.69
0.685
0.688
0.685
0.68
0.679
0.677
0.667
0.675
0.67
0.664
0.659
0.647
0.65
0.655
0.661
0.659
0.665
0.667
0.675
0.679
0.709
0.709
0.707
0.7
0.672
0.666
0.653
0.639
0.624
0.609
0.6
0.6
0.593
0.585
0.59
0.6
0.608
0.625
0.657
0.668
0.7
0.74
0.775
0.772
0.756
0.716
0.711
0.692
0.674
0.648
0.631
0.626
0.625
0.624
0.62
0.63
0.633
0.638
0.647
0.659
0.672
0.692
0.704
0.693
0.707
0.704
0.699
0.675
0.663
0.658
0.656
0.658
0.651
0.654
0.655
0.656
0.663
0.645
0.632
0.63
0.619
0.603
0.604
0.596
0.592
0.586
0.585
0.585
0.59
0.596
0.613
0.619
0.642
0.658
0.669
0.692
0.732
0.718
0.708
0.679
0.665
0.656
0.648
0.641
0.632
0.623
0.622
0.617
0.609
0.614
0.61
0.606
0.602
0.608
0.61
0.617
0.63
0.648
0.673
0.697
0.703
0.71
0.702
0.68
0.671
0.666
0.651
0.631
0.634
0.634
0.639
0.638
0.631
0.63
0.62
0.621
0.629
0.63
0.626
0.627
0.63
0.642
0.657
0.655
0.67
0.663
0.656
0.666
0.675
0.676
0.678
0.677
0.672
0.675
0.67
0.667
0.671
0.668
0.654
0.645
0.647
0.66
0.652
0.654
0.668
0.686
0.693
0.696
0.704
0.698
0.684
0.674
0.661
0.656
0.634
0.614
0.618
0.612
0.607
0.612
0.623
0.627
0.625
0.624
0.631
0.646
0.651
0.669
0.674
0.674
0.672
0.651
0.655
0.648
0.644
0.652
0.66
0.659
0.666
0.655
0.647
0.648
0.648
0.654
0.667
0.686
0.679
0.688
0.702
0.694
0.695
0.684
0.666
0.656
0.652
0.642
0.653
0.656
0.673
0.67
0.674
0.681
0.679
0.68
0.687
0.696
0.713
0.721
0.73
0.748
0.743
0.729
0.715
0.695
0.677
0.658
0.64
0.636
0.635
0.647
0.67
0.705
0.717
0.728
0.733
0.742
0.734
0.728
0.704
0.703
0.697
0.692
0.685
0.68
0.666
0.66
0.634
0.632
0.628
0.629
0.635
0.653
0.648
0.642
0.647
0.654
0.658
0.661
0.664
0.653
0.659
0.668
0.657
0.66
0.666
0.662
0.678
0.7
0.71
0.707
0.701
0.681
0.656
0.644
0.629
0.625
0.627
0.63
0.652
0.666
0.677
0.676
0.661
0.668
0.676
0.675
0.677
0.666
0.665
0.666
0.667
0.672
0.666
0.655
0.65
0.648
0.639
0.64
0.649
0.664
0.663
0.65
0.655
0.648
0.649
0.657
0.659
0.659
0.658
0.662
0.676
0.685
0.69
0.681
0.677
0.662
0.652
0.651
0.653
0.657
0.654
0.654
0.649
0.646
0.651
0.658
0.656
0.662
0.684
0.702
0.717
0.721
0.724
0.711
0.69
0.688
0.715
0.687
0.672
0.661
0.667
0.672
0.667
0.655
0.653
0.639
0.634
0.642
0.649
0.667
0.683
0.701
0.72
0.723
0.743
0.742
0.745
0.747
0.75
0.755
0.748
0.753
0.732
0.725
0.709
0.699
0.703
0.711
0.721
0.715
0.713
0.715
0.71
0.704
0.694
0.695
0.692
0.685
0.678
0.678
0.685
0.677
0.676
0.684
0.682
0.691
0.685
0.681
0.671
0.667
0.678
0.678
0.683
0.679
0.679
0.686
0.693
0.691
0.688
0.691
0.701
0.706
0.715
0.722
0.733
0.726
0.725
0.712
0.71
0.705
0.702
0.693
0.69
0.693
0.683
0.673
0.669
0.668
0.667
0.67
0.672
0.674
0.678
0.678
0.675
0.674
0.682
0.685
0.685
0.676
0.673
0.68
0.679
0.679
0.676
0.679
0.689
0.686
0.678
0.671
0.667
0.661
0.646
0.632
0.616
0.614
0.61
0.604
0.589
0.585
0.585
0.586
0.585
0.585
0.593
0.601
0.614
0.628
0.637
0.637
0.653
0.663
0.673
0.67
0.67
0.673
0.678
0.668
0.651
0.65
0.657
0.661
0.66
0.661
0.671
0.677
0.668
0.668
0.67
0.68
0.684
0.685
0.683
0.693
0.696
0.69
0.68
0.68
0.686
0.688
0.681
0.679
0.679
0.675
0.667
0.666
0.668
0.677
0.687
0.682
0.683
0.689
0.693
0.682
0.678
0.677
0.68
0.682
0.675
0.681
0.687
0.692
0.685
0.681
0.684
0.688
0.691
0.688
0.686
0.687
0.689
0.683
0.66
0.657
0.66
0.66
0.659
0.666
0.672
0.695
0.711
0.72
0.731
0.727
0.721
0.712
0.715
0.711
0.7
0.699
0.695
0.703
0.689
0.692
0.686
0.688
0.681
0.672
0.676
0.686
0.68
0.678
0.68
0.688
0.708
0.708
0.701
0.709
0.71
0.711
0.702
0.701
0.708
0.712
0.714
0.701
0.697
0.695
0.692
0.682
0.613
0.704
0.66
0.662
0.663
0.662
0.668
0.678
0.682
0.683
0.682
0.682
0.68
0.674
0.668
0.666
0.667
0.666
0.668
0.666
0.668
0.677
0.673
0.668
0.666
0.665
0.673
0.67
0.669
0.668
0.671
0.677
0.676
0.673
0.676
0.675
0.675
0.677
0.668
0.672
0.671
0.685
0.684
0.676
0.661
0.65
0.647
0.642
0.648
0.645
0.647
0.645
0.653
0.659
0.657
0.654
0.651
0.654
0.657
0.662
0.659
0.654
0.655
0.653
0.654
0.648
0.655
0.654
0.66
0.656
0.668
0.657
0.657
0.657
0.657
0.653
0.656
0.666
0.668
0.665
0.663
0.659
0.663
0.657
0.651
0.643
0.625
0.622
0.615
0.616
0.624
0.631
0.637
0.653
0.671
0.695
0.714
0.706
0.705
0.709
0.703
0.688
0.674
0.667
0.663
0.657
0.66
0.662
0.663
0.661
0.676
0.695
0.704
0.682
0.672
0.672
0.673
0.666
0.666
0.684
0.693
0.688
0.677
0.666
0.664
0.662
0.666
0.683
0.681
0.672
0.663
0.662
0.651
0.648
0.649
0.651
0.642
0.641
0.648
0.643
0.651
0.661
0.664
0.657
0.651
0.648
0.643
0.649
0.655
0.665
0.68
0.676
0.668
0.681
0.693
0.694
0.69
0.695
0.69
0.698
0.692
0.679
0.667
0.662
0.667
0.666
0.666
0.649
0.652
0.662
0.66
0.674
0.672
0.678
0.677
0.677
0.681
0.679
0.669
0.663
0.654
0.647
0.643
0.654
0.667
0.696
0.706
0.706
0.708
0.699
0.697
0.701
0.7
0.688
0.695
0.678
0.668
0.67
0.669
0.679
0.686
0.685
0.692
0.684
0.688
0.672
0.666
0.658
0.658
0.662
0.66
0.661
0.666
0.683
0.698
0.699
0.707
0.717
0.726
0.718
0.71
0.608
0.789
0.676
0.659
0.644
0.642
0.625
0.63
0.623
0.613
0.612
0.6
0.595
0.599
0.596
0.596
0.6
0.609
0.622
0.623
0.641
0.654
0.643
0.649
0.655
0.715
0.714
0.713
0.671
0.671
0.676
0.666
0.652
0.642
0.646
0.644
0.645
0.637
0.632
0.63
0.626
0.628
0.64
0.651
0.649
0.643
0.5901238
0.5855689
0.6416278
0.615
0.606
0.593
0.594
0.591
0.588
0.586
0.583
0.587
0.583
0.586
0.594
0.598
0.609
0.616
0.613
0.61
0.607
0.608
0.608
0.61
0.61
0.615
0.627
0.644
0.646
0.663
0.661
0.655
0.649
0.653
0.672
0.683
0.691
0.676
0.685
0.703
0.719
0.691
0.686
0.695
0.692
0.674
0.683
0.689
0.705
0.711
0.703
0.691
0.704
0.713
0.696
0.682
0.689
0.7
0.699
0.701
0.719
0.703
0.677
0.66
0.663
0.666
0.657
0.65
0.664
0.667
0.679
0.687
0.685
0.684
0.699
0.694
0.683
0.697
0.681
0.658
0.664
0.66
0.644
0.656
0.666
0.679
0.691
0.705
0.691
0.688
0.682
0.663
0.665
0.669
0.676
0.687
0.659
0.656
0.663
0.665
0.666
0.658
0.649
0.664
0.668
0.699
0.715
0.709
0.695
0.693
0.681
0.67
0.656
0.64
0.638
0.637
0.646
0.663
0.694
0.704
0.7
0.73
0.741
0.764
0.766
0.75
0.728
0.702
0.675
0.648
0.64
0.623
0.606
0.607
0.61
0.619
0.638
0.657
0.659
0.699
0.7
0.696
0.69
0.696
0.701
0.714
0.729
0.731
0.717
0.716
0.719
0.71
0.699
0.691
0.691
0.681
0.673
0.685
0.692
0.718
0.721
0.702
0.705
0.711
0.721
0.736
0.717
0.714
0.705
0.687
0.676
0.687
0.7
0.719
0.714
0.722
0.708
0.707
0.71
0.722
0.728
0.73
0.735
0.732
0.75
0.747
0.725
0.708
0.702
0.687
0.684
0.69
0.697
0.688
0.705
0.713
0.724
0.709
0.706
0.698
0.688
0.696
0.679
0.663
0.65
0.646
0.643
0.651
0.652
0.648
0.638
0.633
0.646
0.664
0.679
0.69
0.697
0.694
0.683
0.673
0.673
0.673
0.681
0.682
0.687
0.695
0.679
0.685
0.688
0.694
0.687
0.678
0.682
0.691
0.5964625
0.709059
0.7830363
0.675
0.678
0.675
0.681
0.7
0.72
0.725
0.733
0.714
0.704
0.708
0.712
0.716
0.712
0.706
0.708
0.696
0.695
0.692
0.683
0.687
0.695
0.696
0.687
0.695
0.696
0.71
0.708
0.691
0.679
0.674
0.671
0.657
0.647
0.64
0.633
0.642
0.649
0.655
0.663
0.679
0.67
0.673
0.675
0.674
0.671
0.671
0.664
0.665
0.67
0.671
0.662
0.669
0.673
0.687
0.685
0.684
0.686
0.69
0.698
0.693
0.678
0.671
0.658
0.647
0.644
0.642
0.64
0.646
0.645
0.653
0.647
0.652
0.662
0.667
0.68
0.685
0.695
0.707
0.723
0.721
0.715
0.718
0.703
0.7
0.704
0.71
0.7
0.699
0.701
0.706
0.699
0.682
0.6074734
0.7161299
0.7151594
0.638
0.632
0.615
0.611
0.606
0.595
0.601
0.589
0.595
0.607
0.61
0.611
0.634
0.643
0.657
0.687
0.714
0.71
0.707
0.731
0.73
0.721
0.727
0.708
0.715
0.698
0.677
0.675
0.686
0.696
0.707
0.731
0.725
0.727
0.735
0.741
0.721
0.702
0.685
0.681
0.691
0.695
0.693
0.687
0.704
0.701
0.7
0.722
0.715
0.72
0.732
0.724
0.726
0.704
0.693
0.667
0.638
0.628
0.62
0.599
0.594
0.6
0.597
0.592
0.59
0.597
0.584
0.589
0.597
0.606
0.618
0.637
0.664
0.679
0.68
0.687
0.692
0.688
0.675
0.68
0.698
0.718
0.705
0.697
0.708
0.707
0.692
0.681
0.678
0.7
0.673
0.651
0.638
0.642
0.629
0.614
0.617
0.611
0.613
0.623
0.632
0.642
0.648
0.656
0.661
0.65
0.639
0.633
0.627
0.622
0.615
0.603
0.6
0.624
0.617
0.625
0.631
0.638
0.65
0.655
0.654
0.654
0.674
0.659
0.646
0.635
0.625
0.619
0.614
0.621
0.631
0.639
0.661
0.663
0.664
0.659
0.657
0.664
0.658
0.668
0.674
0.681
0.661
0.656
0.647
0.641
0.631
0.624
0.619
0.617
0.624
0.618
0.631
0.656
0.675
0.714
0.798
0.791
0.785
0.754
0.749
0.738
0.724
0.708
0.7
0.693
0.689
0.693
0.7
0.698
0.701
0.691
0.703
0.708
0.707
0.716
0.734
0.743
0.731
0.726
0.702
0.695
0.684
0.682
0.664
0.655
0.662
0.668
0.679
0.704
0.729
0.73
0.737
0.709
0.706
0.717
0.713
0.725
0.716
0.705
0.688
0.663
0.646
0.64
0.633
0.621
0.626
0.633
0.642
0.657
0.68
0.687
0.718
0.75
0.756
0.781
0.775
0.767
0.747
0.745
0.737
0.72
0.693
0.698
0.701
0.698
0.71
0.729
0.716
0.727
0.741
0.75
0.759
0.725
0.708
0.693
0.658
0.646
0.621
0.6
0.593
0.592
0.588
0.58
0.577
0.573
0.593
0.593
0.625
0.632
0.651
0.681
0.689
0.714
0.724
0.732
0.741
0.734
0.707
0.684
0.69
0.671
0.656
0.653
0.667
0.683
0.702
0.712
0.695
0.688
0.681
0.689
0.708
0.704
0.722
0.734
0.73
0.72
0.727
0.731
0.729
0.708
0.711
0.713
0.708
0.694
0.67
0.675
0.66
0.656
0.665
0.677
0.69
0.701
0.706
0.695
0.674
0.668
0.672
0.681
0.67
0.69
0.699
0.702
0.696
0.68
0.676
0.665
0.663
0.664
0.683
0.696
0.717
0.694
0.676
0.676
0.7
0.701
0.713
0.722
0.725
0.729
0.704
0.71
0.693
0.694
0.701
0.704
0.71
0.686
0.692
0.692
0.699
0.704
0.7
0.705
0.718
0.714
0.701
0.711
0.715
0.714
0.704
0.697
0.708
0.714
0.711
0.71
0.721
0.745
0.74
0.776
0.781
0.773
0.751
0.73
0.707
0.719
0.721
0.721
0.709
0.724
0.726
0.739
0.714
0.691
0.682
0.683
0.695
0.697
0.704
0.724
0.733
0.714
0.697
0.686
0.671
0.671
0.67
0.671
0.666
0.666
0.666
0.664
0.643
0.649
0.649
0.655
0.66
0.682
0.689
0.708
0.685
0.683
0.689
0.698
0.699
0.695
0.69
0.677
0.67
0.665
0.641
0.649
0.644
0.654
0.658
0.66
0.651
0.663
0.679
0.707
0.717
0.726
0.72
0.719
0.704
0.686
0.689
0.677
0.674
0.644
0.643
0.653
0.657
0.664
0.67
0.692
0.704
0.715
0.71
0.694
0.698
0.681
0.674
0.67
0.668
0.679
0.68
0.678
0.69
0.692
0.695
0.694
0.705
0.695
0.69
0.675
0.678
0.674
0.681
0.676
0.671
0.684
0.686
0.678
0.689
0.674
0.673
0.673
0.669
0.667
0.659
0.666
0.666
0.665
0.663
0.659
0.665
0.665
0.666
0.665
0.663
0.661
0.655
0.658
0.662
0.663
0.658
0.649
0.658
0.658
0.66
0.652
0.663
0.668
0.685
0.673
0.67
0.681
0.696
0.703
0.71
0.689
0.692
0.687
0.68
0.672
0.662
0.65
0.653
0.653
0.658
0.675
0.703
0.72
0.722
0.727
0.725
0.717
0.725
0.722
0.724
0.723
0.7
0.69
0.668
0.662
0.671
0.678
0.697
0.711
0.716
0.702
0.721
0.731
0.713
0.736
0.744
0.747
0.725
0.719
0.719
0.713
0.708
0.684
0.657
0.654
0.635
0.625
0.609
0.608
0.595
0.605
0.608
0.601
0.616
0.621
0.623
0.626
0.63
0.625
0.627
0.635
0.656
0.687
0.685
0.694
0.717
0.697
0.693
0.702
0.698
0.702
0.712
0.754
0.77
0.759
0.732
0.729
0.729
0.706
0.671
0.66
0.643
0.634
0.616
0.614
0.614
0.597
0.609
0.614
0.618
0.619
0.625
0.646
0.66
0.662
0.683
0.695
0.702
0.708
0.693
0.703
0.704
0.706
0.697
0.693
0.709
0.723
0.705
0.708
0.712
0.713
0.702
0.696
0.685
0.667
0.654
0.641
0.627
0.623
0.596
0.594
0.593
0.592
0.58
0.575
0.578
0.582
0.604
0.628
0.673
0.678
0.697
0.702
0.671
0.639
0.646
0.633
0.644
0.652
0.658
0.648
0.65
0.666
0.706
0.723
0.721
0.712
0.697
0.7
0.692
0.704
0.711
0.751
0.772
0.75
0.756
0.728
0.703
0.672
0.672
0.668
0.674
0.675
0.671
0.683
0.692
0.706
0.704
0.691
0.697
0.702
0.724
0.722
0.726
0.738
0.597
0.6976695
0.75
0.729
0.704
0.683
0.676
0.676
0.665
0.663
0.648
0.632
0.625
0.618
0.61
0.604
0.594
0.59
0.584
0.583
0.573
0.58
0.571
0.57
0.58
0.583
0.592
0.619
0.61
0.633
0.625
0.624
0.621
0.623
0.619
0.619
0.612
0.609
0.602
0.6288601
0.715
0.592
0.578
0.58
0.577
0.571
0.569
0.568
0.575
0.57
0.572
0.569
0.568
0.565
0.566
0.563
0.562
0.565
0.574
0.583
0.581
0.583
0.589
0.587
0.585
0.588
0.588
0.6764281
0.759
0.582
0.584
0.581
0.575
0.575
0.586
0.592
0.593
0.593
0.6
0.599
0.602
0.604
0.602
0.594
0.592
0.585
0.584
0.577
0.574
0.588
0.591
0.597
0.604
0.625
0.634
0.644
0.678
0.716
0.759
0.75
0.764
0.773
0.783
0.747
0.747
0.728
0.7
0.689
0.693
0.677
0.682
0.686
0.671
0.68
0.7
0.71
0.706
0.711
0.7
0.683
0.677
0.664
0.665
0.678
0.699
0.7
0.695
0.717
0.733
0.759
0.793
0.753
0.719
0.723
0.711
0.696
0.689
0.668
0.663
0.65
0.629
0.619
0.62
0.624
0.633
0.653
0.66
0.663
0.706
0.747
0.768
0.768
0.801
0.785
0.78
0.772
0.743
0.74
0.718
0.704
0.702
0.68
0.678
0.687
0.68
0.664
0.648
0.656
0.645
0.66
0.647
0.644
0.653
0.654
0.665
0.68
0.689
0.706
0.695
0.704
0.72
0.724
0.731
0.735
0.715
0.732
0.728
0.71
0.697
0.708
0.711
0.729
0.738
0.744
0.769
0.755
0.744
0.738
0.723
0.719
0.711
0.723
0.725
0.704
0.689
0.698
0.694
0.694
0.7
0.722
0.743
0.755
0.757
0.748
0.72
0.702
0.689
0.663
0.661
0.667
0.68
0.694
0.7
0.707
0.715
0.712
0.709
0.709
0.712
0.705
0.7
0.691
0.685
0.694
0.715
0.734
0.736
0.713
0.71
0.718
0.732
0.734
0.743
0.739
0.724
0.705
0.702
0.7
0.684
0.672
0.656
0.642
0.628
0.613
0.607
0.61
0.599
0.605
0.621
0.631
0.635
0.669
0.711
0.748
0.761
0.764
0.721
0.72
0.721
0.718
0.696
0.691
0.668
0.664
0.647
0.648
0.636
0.642
0.642
0.664
0.672
0.695
0.719
0.762
0.807
0.79
0.762
0.767
0.754
0.771
0.776
0.78
0.78
0.784
0.773
0.779
0.741
0.738
0.739
0.746
0.753
0.764
0.753
0.73
0.703
0.689
0.676
0.667
0.681
0.698
0.702
0.697
0.699
0.691
0.686
0.685
0.674
0.662
0.672
0.693
0.717
0.717
0.726
0.745
0.747
0.761
0.754
0.728
0.74
0.749
0.744
0.729
0.716
0.694
0.69
0.694
0.702
0.7
0.725
0.751
0.766
0.755
0.739
0.732
0.742
0.735
0.726
0.719
0.712
0.715
0.703
0.694
0.674
0.673
0.682
0.691
0.708
0.726
0.74
0.733
0.734
0.731
0.718
0.716
0.703
0.69
0.685
0.691
0.71
0.708
0.706
0.715
0.731
0.749
0.74
0.728
0.695
0.69
0.664
0.662
0.67
0.68
0.688
0.703
0.709
0.697
0.709
0.712
0.699
0.695
0.706
0.712
0.718
0.699
0.692
0.69
0.675
0.691
0.687
0.698
0.728
0.75
0.762
0.722
0.723
0.739
0.733
0.729
0.705
0.695
0.685
0.661
0.66
0.661
0.666
0.663
0.684
0.688
0.707
0.75
0.777
0.766
0.765
0.766
0.777
0.784
0.769
0.727
0.727
0.733
0.737
0.714
0.73
0.743
0.726
0.745
0.743
0.73
0.711
0.739
0.744
0.75
0.734
0.72
0.714
0.677
0.675
0.664
0.658
0.663
0.674
0.672
0.666
0.659
0.671
0.677
0.683
0.686
0.671
0.672
0.666
0.678
0.688
0.711
0.72
0.741
0.752
0.757
0.758
0.74
0.717
0.699
0.667
0.667
0.669
0.666
0.666
0.661
0.652
0.648
0.648
0.655
0.67
0.686
0.705
0.733
0.739
0.74
0.724
0.684
0.69
0.683
0.696
0.701
0.708
0.707
0.699
0.705
0.703
0.684
0.697
0.693
0.698
0.691
0.712
0.718
0.745
0.739
0.733
0.726
0.711
0.701
0.67
0.665
0.672
0.692
0.724
0.763
0.787
0.774
0.774
0.77
0.74
0.721
0.721
0.708
0.694
0.698
0.695
0.662
0.665
0.656
0.657
0.662
0.668
0.67
0.689
0.712
0.729
0.734
0.731
0.734
0.738
0.734
0.729
0.724
0.706
0.689
0.693
0.707
0.72
0.73
0.717
0.71
0.714
0.726
0.732
0.729
0.712
0.712
0.721
0.734
0.739
0.74
0.733
0.715
0.69
0.684
0.68
0.679
0.697
0.696
0.68
0.688
0.701
0.711
0.728
0.734
0.726
0.72
0.707
0.697
0.677
0.679
0.688
0.694
0.707
0.723
0.72
0.719
0.716
0.713
0.692
0.699
0.702
0.694
0.696
0.694
0.68
0.677
0.68
0.678
0.679
0.681
0.681
0.676
0.701
0.703
0.717
0.729
0.731
0.731
0.718
0.69
0.675
0.684
0.681
0.701
0.721
0.742
0.751
0.747
0.738
0.726
0.715
0.693
0.677
0.665
0.672
0.666
0.671
0.674
0.681
0.692
0.691
0.689
0.684
0.677
0.664
0.666
0.671
0.677
0.685
0.697
0.711
0.721
0.73
0.718
0.726
0.711
0.706
0.701
0.706
0.712
0.716
0.714
0.709
0.723
0.726
0.735
0.742
0.753
0.759
0.775
0.781
0.759
0.75
0.731
0.743
0.746
0.747
0.747
0.756
0.774
0.774
0.756
0.749
0.749
0.737
0.731
0.725
0.702
0.684
0.692
0.691
0.685
0.707
0.726
0.748
0.743
0.763
0.787
0.798
0.789
0.754
0.738
0.747
0.744
0.749
0.747
0.731
0.715
0.724
0.738
0.762
0.773
0.785
0.779
0.757
0.719
0.712
0.714
0.72
0.727
0.75
0.721
0.732
0.749
0.751
0.748
0.737
0.723
0.703
0.692
0.681
0.664
0.679
0.681
0.687
0.7
0.709
0.719
0.72
0.708
0.726
0.728
0.757
0.75
0.768
0.756
0.736
0.712
0.719
0.721
0.722
0.71
0.728
0.741
0.75
0.75
0.726
0.741
0.736
0.744
0.732
0.709
0.684
0.671
0.675
0.669
0.672
0.675
0.691
0.708
0.729
0.733
0.725
0.707
0.731
0.729
0.745
0.737
0.703
0.717
0.723
0.743
0.75
0.768
0.745
0.725
0.707
0.721
0.708
0.701
0.711
0.704
0.694
0.709
0.713
0.733
0.747
0.746
0.755
0.745
0.751
0.759
0.721
0.713
0.708
0.724
0.729
0.739
0.74
0.718
0.732
0.733
0.741
0.741
0.743
0.726
0.708
0.682
0.664
0.653
0.637
0.629
0.622
0.614
0.608
0.603
0.596
0.592
0.586
0.578
0.587
0.585
0.584
0.584
0.583
0.616
0.634
0.693
0.68
0.664
0.711
0.73
0.77
0.783
0.779
0.755
0.721
0.734
0.719
0.683
0.673
0.668
0.645
0.632
0.645
0.655
0.644
0.655
0.665
0.664
0.68
0.691
0.694
0.705
0.705
0.708
0.708
0.692
0.687
0.695
0.69
0.683
0.674
0.683
0.689
0.677
0.678
0.674
0.67
0.659
0.642
0.652
0.638
0.662
0.66
0.664
0.7
0.729
0.72
0.687
0.693
0.683
0.666
0.651
0.649
0.643
0.647
0.662
0.666
0.65
0.66
0.662
0.666
0.663
0.665
0.686
0.697
0.693
0.702
0.721
0.727
0.714
0.722
0.726
0.714
0.707
0.686
0.679
0.666
0.671
0.651
0.653
0.666
0.668
0.669
0.679
0.695
0.682
0.692
0.723
0.734
0.745
0.732
0.742
0.759
0.764
0.767
0.738
0.729
0.735
0.745
0.74
0.74
0.749
0.743
0.736
0.727
0.748
0.75
0.734
0.735
0.75
0.736
0.725
0.702
0.708
0.705
0.708
0.718
0.742
0.732
0.708
0.696
0.708
0.719
0.719
0.706
0.702
0.714
0.717
0.706
0.715
0.718
0.724
0.708
0.717
0.724
0.726
0.743
0.774
0.76
0.763
0.773
0.751
0.77
0.767
0.752
0.762
0.774
0.786
0.791
0.812
0.788
0.782
0.791
0.801
0.777
0.787
0.784
0.76
0.742
0.742
0.726
0.717
0.736
0.756
0.771
0.761
0.758
0.772
0.795
0.772
0.771
0.803
0.79
0.747
0.753
0.745
0.73
0.73
0.745
0.754
0.739
0.697
0.702
0.683
0.692
0.704
0.703
0.716
0.718
0.707
0.718
0.737
0.736
0.743
0.75
0.738
0.737
0.75
0.764
0.742
0.746
0.759
0.747
0.738
0.75
0.755
0.78
0.795
0.761
0.772
0.767
0.74
0.737
0.733
0.731
0.712
0.708
0.721
0.737
0.733
0.722
0.717
0.726
0.743
0.718
0.724
0.739
0.716
0.72
0.738
0.733
0.749
0.754
0.75
0.752
0.77
0.791
0.763
0.801
0.81
0.801
0.771
0.753
0.767
0.747
0.739
0.744
0.725
0.728
0.751
0.748
0.779
0.78
0.781
0.813
0.806
0.779
0.783
0.774
0.756
0.764
0.772
0.755
0.742
0.759
0.773
0.765
0.786
0.808
0.789
0.755
0.746
0.748
0.736
0.732
0.757
0.771
0.791
0.802
0.773
0.77
0.767
0.759
0.75
0.766
0.789
0.789
0.764
0.757
0.74
0.73
0.708
0.683
0.678
0.695
0.704
0.708
0.697
0.674
0.666
0.663
0.656
0.646
0.668
0.681
0.707
0.71
0.705
0.718
0.712
0.703
0.7
0.714
0.73
0.732
0.736
0.765
0.759
0.739
0.748
0.743
0.753
0.736
0.741
0.748
0.741
0.727
0.737
0.76
0.74
0.764
0.784
0.754
0.758
0.763
0.741
0.72
0.728
0.729
0.749
0.752
0.753
0.764
0.773
0.781
0.768
0.749
0.751
0.739
0.73
0.741
0.723
0.714
0.729
0.727
0.76
0.795
0.782
0.777
0.759
0.756
0.736
0.718
0.703
0.692
0.699
0.714
0.709
0.703
0.725
0.736
0.727
0.718
0.712
0.709
0.705
0.694
0.655
0.654
0.643
0.63
0.641
0.643
0.654
0.647
0.66
0.671
0.675
0.7
0.714
0.711
0.727
0.754
0.743
0.728
0.732
0.729
0.724
0.734
0.741
0.721
0.733
0.747
0.749
0.738
0.757
0.771
0.764
0.726
0.725
0.732
0.736
0.73
0.751
0.766
0.765
0.73
0.735
0.71
0.694
0.688
0.695
0.682
0.678
0.693
0.706
0.708
0.709
0.731
0.721
0.703
0.72
0.732
0.716
0.725
0.738
0.732
0.743
0.745
0.731
0.721
0.728
0.727
0.724
0.724
0.71
0.709
0.71
0.695
0.707
0.713
0.716
0.713
0.728
0.738
0.704
0.687
0.688
0.713
0.731
0.763
0.759
0.743
0.631
0.769
0.699
0.682
0.662
0.655
0.656
0.645
0.641
0.641
0.649
0.666
0.678
0.691
0.7
0.701
0.711
0.725
0.74
0.756
0.765
0.761
0.747
0.731
0.727
0.733
0.719
0.714
0.727
0.721
0.733
0.742
0.753
0.744
0.743
0.745
0.722
0.733
0.708
0.658
0.657
0.666
0.662
0.669
0.684
0.689
0.687
0.702
0.711
0.721
0.729
0.745
0.758
0.749
0.723
0.738
0.74
0.743
0.721
0.728
0.741
0.729
0.717
0.733
0.733
0.719
0.721
0.717
0.706
0.694
0.682
0.666
0.65
0.632
0.634
0.626
0.614
0.623
0.627
0.646
0.665
0.677
0.708
0.746
0.75
0.759
0.74
0.709
0.678
0.663
0.652
0.646
0.659
0.685
0.718
0.72
0.749
0.774
0.771
0.763
0.761
0.724
0.726
0.703
0.681
0.679
0.7
0.713
0.707
0.709
0.729
0.753
0.771
0.759
0.78
0.787
0.764
0.762
0.735
0.699
0.678
0.686
0.677
0.695
0.722
0.75
0.771
0.75
0.75
0.744
0.739
0.743
0.737
0.727
0.717
0.706
0.713
0.711
0.736
0.733
0.731
0.72
0.705
0.703
0.693
0.697
0.706
0.733
0.741
0.743
0.734
0.699
0.685
0.696
0.683
0.683
0.693
0.69
0.702
0.713
0.711
0.728
0.713
0.74
0.745
0.729
0.741
0.756
0.765
0.773
0.784
0.763
0.721
0.726
0.718
0.705
0.691
0.708
0.712
0.695
0.713
0.714
0.686
0.669
0.657
0.642
0.619
0.624
0.614
0.618
0.624
0.677
0.736
0.786
0.7061287
0.84
0.808
0.838
0.827
0.787
0.81
0.794
0.778
0.787
0.788
0.758
0.743
0.722
0.707
0.729
0.718
0.727
0.751
0.75
0.742
0.767
0.744
0.73
0.735
0.727
0.72
0.686
0.677
0.651
0.652
0.638
0.637
0.644
0.658
0.662
0.682
0.698
0.687
0.699
0.695
0.687
0.69
0.678
0.677
0.668
0.656
0.654
0.652
0.658
0.675
0.682
0.681
0.692
0.687
0.695
0.689
0.702
0.703
0.697
0.699
0.707
0.7
0.707
0.727
0.731
0.724
0.745
0.75
0.746
0.749
0.743
0.724
0.708
0.708
0.708
0.709
0.714
0.728
0.749
0.737
0.756
0.751
0.738
0.739
0.748
0.752
0.744
0.755
0.775
0.776
0.782
0.73
0.723
0.707
0.712
0.734
0.756
0.769
0.767
0.796
0.775
0.751
0.747
0.727
0.702
0.705
0.704
0.693
0.692
0.687
0.685
0.701
0.735
0.732
0.701
0.701
0.717
0.738
0.747
0.741
0.758
0.777
0.746
0.766
0.781
0.791
0.787
0.786
0.753
0.765
0.777
0.775
0.763
0.781
0.773
0.784
0.819
0.81
0.774
0.767
0.757
0.749
0.749
0.751
0.731
0.735
0.751
0.789
0.775
0.743
0.733
0.74
0.733
0.729
0.717
0.717
0.732
0.75
0.74
0.723
0.739
0.746
0.737
0.73
0.732
0.738
0.73
0.739
0.742
0.744
0.727
0.734
0.75
0.757
0.778
0.766
0.754
0.751
0.75
0.754
0.762
0.75
0.73
0.73
0.744
0.746
0.742
0.738
0.734
0.745
0.738
0.738
0.715
0.699
0.672
0.67
0.671
0.662
0.633
0.634
0.63
0.628
0.624
0.618
0.612
0.617
0.621
0.619
0.654
0.71
0.732
0.737
0.747
0.766
0.76
0.728
0.731
0.728
0.71
0.723
0.723
0.708
0.692
0.716
0.726
0.72
0.74
0.739
0.734
0.717
0.726
0.708
0.704
0.725
0.737
0.723
0.74
0.746
0.742
0.731
0.734
0.735
0.726
0.722
0.727
0.73
0.717
0.723
0.735
0.735
0.733
0.75
0.774
0.762
0.778
0.763
0.763
0.77
0.766
0.742
0.739
0.764
0.761
0.758
0.752
0.718
0.71
0.684
0.69
0.697
0.704
0.705
0.707
0.71
0.687
0.661
0.653
0.655
0.631
0.614
0.616
0.614
0.605
0.604
0.615
0.614
0.625
0.626
0.631
0.635
0.625
0.617
0.624
0.605
0.6
0.594
0.59
0.584
0.598
0.604
0.611
0.614
0.631
0.649
0.684
0.687
0.689
0.73
0.739
0.74
0.762
0.745
0.742
0.729
0.726
0.739
0.74
0.736
0.721
0.767848
0.7189913
0.7897825
0.686
0.653
0.656
0.638
0.629
0.612
0.613
0.612
0.625
0.657
0.69
0.7
0.745
0.799
0.828
0.823
0.859
0.807
0.807
0.785
0.76
0.737
0.732
0.721
0.718
0.738
0.75
0.758
0.741
0.738
0.742
0.74
0.7228142
0.7976553
0.6876855
0.723
0.703
0.646
0.651
0.643
0.634
0.627
0.632
0.642
0.647
0.66
0.656
0.649
0.677
0.692
0.694
0.7
0.711
0.71
0.727
0.724
0.716
0.725
0.738
0.743
0.749
0.771
0.754
0.748
0.765
0.754
0.754
0.779
0.757
0.754
0.753
0.748
0.759
0.776
0.762
0.75
0.743
0.757
0.771
0.764
0.758
0.738
0.739
0.732
0.733
0.737
0.743
0.732
0.744
0.761
0.779
0.762
0.742
0.754
0.783
0.784
0.794
0.809
0.791
0.775
0.765
0.764
0.753
0.765
0.784
0.791
0.781
0.787
0.763
0.758
0.755
0.752
0.762
0.773
0.76
0.763
0.758
0.759
0.747
0.744
0.749
0.738
0.741
0.754
0.747
0.749
0.761
0.753
0.749
0.75
0.735
0.726
0.723
0.711
0.703
0.688
0.668
0.652
0.641
0.617
0.615
0.603
0.605
0.617
0.645
0.671
0.715
0.729
0.749
0.845
0.855
0.869
0.875
0.801
0.79
0.777
0.766
0.75
0.74
0.741
0.739
0.757
0.756
0.769
0.789
0.78
0.798
0.805
0.792
0.775
0.78
0.807
0.792
0.763
0.755
0.746
0.739
0.742
0.721
0.727
0.705
0.684
0.69
0.694
0.705
0.719
0.758
0.791
0.795
0.769
0.736
0.74
0.734
0.733
0.72
0.73
0.731
0.721
0.737
0.737
0.717
0.726
0.739
0.75
0.771
0.77
0.772
0.736
0.756
0.774
0.787
0.789
0.767
0.784
0.756
0.731
0.729
0.748
0.733
0.717
0.717
0.7
0.706
0.706
0.708
0.726
0.729
0.745
0.73
0.738
0.759
0.778
0.808
0.801
0.763
0.76
0.77
0.783
0.794
0.794
0.786
0.773
0.772
0.775
0.75
0.725
0.724
0.742
0.761
0.778
0.793
0.79
0.751
0.743
0.755
0.756
0.764
0.77
0.761
0.747
0.768
0.779
0.803
0.795
0.754
0.758
0.777
0.781
0.777
0.763
0.745
0.759
0.764
0.771
0.774
0.765
0.742
0.75
0.757
0.773
0.743
0.746
0.738
0.807
0.775
0.79
0.772
0.778
0.764
0.753
0.711
0.703
0.69
0.683
0.692
0.704
0.711
0.713
0.702
0.708
0.733
0.76
0.768
0.788
0.761
0.749
0.755
0.759
0.772
0.791
0.788
0.754
0.753
0.754
0.749
0.738
0.718
0.718
0.725
0.74
0.763
0.746
0.758
0.763
0.773
0.759
0.736
0.736
0.736
0.747
0.725
0.727
0.747
0.752
0.767
0.754
0.736
0.745
0.751
0.754
0.749
0.742
0.75
0.754
0.768
0.768
0.753
0.758
0.756
0.762
0.744
0.734
0.743
0.746
0.763
0.735
0.744
0.75
0.767
0.745
0.736
0.753
0.753
0.764
0.753
0.741
0.75
0.763
0.75
0.736
0.755
0.76
0.75
0.735
0.742
0.75
0.755
0.738
0.729
0.725
0.716
0.704
0.705
0.728
0.74
0.761
0.751
0.745
0.766
0.767
0.755
0.746
0.746
0.751
0.758
0.755
0.736
0.745
0.765
0.768
0.761
0.752
0.774
0.784
0.78
0.783
0.783
0.78
0.761
0.749
0.734
0.744
0.749
0.759
0.75
0.732
0.752
0.752
0.763
0.738
0.745
0.76
0.766
0.741
0.733
0.746
0.75
0.745
0.737
0.749
0.76
0.757
0.735
0.727
0.734
0.729
0.728
0.718
0.727
0.743
0.752
0.735
0.741
0.757
0.78
0.767
0.75
0.773
0.791
0.788
0.749
0.736
0.743
0.739
0.734
0.719
0.72
0.746
0.751
0.743
0.727
0.74
0.748
0.748
0.732
0.75
0.757
0.766
0.759
0.749
0.761
0.758
0.747
0.728
0.734
0.731
0.728
0.713
0.72
0.738
0.763
0.75
0.735
0.745
0.776
0.798
0.794
0.768
0.758
0.754
0.739
0.748
0.725
0.722
0.727
0.733
0.731
0.71
0.723
0.74
0.747
0.735
0.726
0.746
0.747
0.747
0.721
0.732
0.734
0.736
0.724
0.731
0.738
0.733
0.735
0.721
0.739
0.749
0.754
0.73
0.743
0.766
0.777
0.773
0.738
0.755
0.758
0.764
0.75
0.733
0.729
0.777
0.805
0.5900864
0.8254497
0.792
0.784
0.786
0.787
0.768
0.748
0.776
0.778
0.795
0.786
0.776
0.79
0.784
0.776
0.744
0.755
0.763
0.781
0.783
0.765
0.792
0.799
0.796
0.775
0.765
0.766
0.772
0.75
0.739
0.742
0.745
0.743
0.734
0.742
0.751
0.76
0.755
0.735
0.756
0.765
0.788
0.768
0.761
0.797
0.6196257
0.6567948
0.788
0.761
0.779
0.773
0.767
0.754
0.765
0.772
0.789
0.756
0.737
0.726
0.725
0.75
0.762
0.776
0.6701554
0.6112531
0.765
0.759
0.728
0.715
0.719
0.733
0.717
0.688
0.678
0.671
0.649
0.637
0.642
0.632
0.622
0.623
0.623
0.62
0.618
0.616
0.618
0.613
0.616
0.614
0.62
0.622
0.623
0.628
0.651
0.661
0.701
0.724
0.716
0.711
0.696
0.68
0.682
0.666
0.652
0.642
0.635
0.637
0.639
0.641
0.646
0.636
0.642
0.654
0.668
0.68
0.697
0.694
0.697
0.708
0.712
0.702
0.702
0.705
0.703
0.703
0.692
0.693
0.711
0.705
0.696
0.708
0.728
0.587
0.6540084
0.695
0.665
0.647
0.641
0.629
0.623
0.605
0.594
0.591
0.587
0.583
0.572
0.567
0.571
0.568
0.559
0.554
0.551
0.555
0.553
0.543
0.541
0.544
0.548
0.538
0.537
0.533
0.541
0.541
0.536
0.534
0.531
0.531
0.533
0.541
0.534
0.522
0.527
0.53
0.53
0.536
0.532
0.521
0.519
0.529
0.517
0.523
0.52
0.513
0.51
0.516
0.516
0.521
0.512
0.511
0.509
0.508
0.514
0.511
0.508
0.504
0.504
0.51
0.507
0.507
0.502
0.504
0.5
0.501
0.506
0.503
0.508
0.504
0.507
0.5
0.505
0.506
0.505
0.504
0.5
0.501
0.498
0.494
0.5
0.499
0.6402997
0.573
0.6096016
0.545
0.49
0.491
0.487
0.624062
0.535
0.483
0.489
0.485
0.491
0.485
0.481
0.481
0.481
0.479
0.476
0.482
0.479
0.476
0.474
0.474
0.484
0.477
0.478
0.479
0.475
0.477
0.477
0.482
0.475
0.473
0.473
0.477
0.479
0.474
0.475
0.477
0.475
0.475
0.469
0.474
0.476
0.474
0.469
0.471
0.473
0.476
0.47
0.469
0.469
0.469
0.468
0.472
0.47
0.47
0.466
0.468
0.47
0.468
0.466
0.468
0.465
0.463
0.6169133
0.466
0.467
0.465
0.462
0.462
0.465
0.464
0.465
0.7299971
0.5797019
0.5611147
0.6204721
0.6347379
0.462
0.6413114
0.5944368
0.562745
0.462
0.6845522
0.6000832
0.5730589
0.6059994
0.6080374
0.6764759
0.6227822
0.6578235
0.5921827
0.629551
0.6013118
0.6232608
0.5714149
0.5496544
0.7228773
0.495
0.6497386
0.5527537
0.5862701
0.5561925
0.7334123
0.686993
0.6043807
0.6467091
0.5965659
0.5933238
0.576967
0.5871259
0.7047164
0.6154369
0.6245125
0.6310313
0.6828132
0.5912521
0.489
0.5663103
0.7060385
0.5951916
0.5804348
0.553566
0.5510355
0.5882611
0.6506867
0.6764512
0.6553945
0.5993059
0.6214871
0.5814706
0.5808194
0.6647134
0.5652156
0.7208008
0.6136914
0.6296676
0.5797716
0.5883799
0.5495046
0.6089064
0.6404402
0.6354969
0.5776033
0.5772476
0.5922621
0.6969189
0.5590355
0.6092315
0.7182433
0.6133526
0.547447
0.5838619
0.6441118
0.5990383
0.589301
0.600732
0.6234981
0.7024847
0.6141569
0.6754102
0.6518613
0.6128986
0.5385959
0.5915981
0.5932534
0.6213946
0.6870312
0.7390442
0.7000252
0.556
0.467
0.462
0.463
0.464
0.466
0.469
0.6121783
0.464
0.466
0.465
0.464
0.468
0.469
0.465
0.468
0.476
0.469
0.472
0.475
0.48
0.481
0.477
0.482
0.489
0.491
0.484
0.489
0.49
0.49
0.485
0.484
0.492
0.487
0.482
0.48
0.49
0.484
0.487
0.493
0.496
0.496
0.497
0.502
0.508
0.516
0.514
0.529
0.54
0.541
0.537
0.539
0.542
0.553
0.544
0.543
0.541
0.545
0.533
0.53
0.533
0.529
0.525
0.522
0.524
0.537
0.548
0.557
0.5290125
0.703
0.565
0.574
0.574
0.57
0.563
0.563
0.565
0.574
0.581
0.579
0.573
0.571
0.57
0.569
0.571
0.576
0.567
0.573
0.58
0.587
0.595
0.595
0.597
0.607
0.601
0.595
0.6
0.597
0.597
0.595
0.6021293
0.6272133
0.589
0.592
0.591
0.592
0.592
0.59
0.583
0.58
0.586
0.582
0.581
0.59
0.598
0.618
0.628
0.628
0.648
0.638
0.631
0.622
0.626
0.624
0.626
0.625
0.624
0.632
0.656
0.644
0.644
0.657
0.686
0.697
0.674
0.664
0.661
0.679
0.677
0.714
0.722
0.704
0.671
0.653
0.646
0.659
0.672
0.669
0.666
0.653
0.653
0.658
0.669
0.659
0.663
0.665
0.69
0.709
0.721
0.702
0.684
0.689
0.687
0.671
0.662
0.659
0.672
0.688
0.693
0.678
0.673
0.685
0.697
0.694
0.684
0.677
0.688
0.694
0.683
0.678
0.68
0.691
0.693
0.686
0.676
0.694
0.708
0.723
0.691
0.684
0.691
0.71
0.715
0.709
0.7
0.712
0.725
0.721
0.708
0.706
0.719
0.778
0.787
0.765
0.732
0.708
0.7
0.712
0.721
0.715
0.705
0.727
0.759
0.756
0.74
0.733
0.751
0.75
0.73
0.714
0.714
0.733
0.747
0.735
0.717
0.716
0.729
0.74
0.725
0.71
0.714
0.732
0.74
0.736
0.716
0.719
0.741
0.751
0.734
0.72
0.734
0.749
0.731
0.721
0.72
0.736
0.754
0.731
0.722
0.739
0.768
0.759
0.741
0.741
0.758
0.774
0.772
0.743
0.747
0.761
0.768
0.741
0.738
0.757
0.774
0.764
0.752
0.751
0.765
0.752
0.73
0.736
0.751
0.753
0.736
0.74
0.764
0.765
0.741
0.744
0.757
0.766
0.746
0.731
0.743
0.76
0.75
0.726
0.727
0.746
0.76
0.739
0.726
0.742
0.757
0.76
0.742
0.747
0.777
0.768
0.753
0.774
0.787
0.775
0.753
0.754
0.775
0.799
0.797
0.773
0.756
0.775
0.782
0.789
0.769
0.758
0.769
0.788
0.788
0.759
0.766
0.774
0.772
0.751
0.751
0.755
0.762
0.754
0.746
0.756
0.772
0.786
0.774
0.758
0.762
0.765
0.756
0.734
0.726
0.732
0.738
0.734
0.721
0.721
0.74
0.75
0.736
0.736
0.75
0.777
0.774
0.756
0.759
0.756
0.748
0.736
0.745
0.76
0.767
0.781
0.758
0.763
0.773
0.757
0.746
0.754
0.757
0.743
0.733
0.738
0.759
0.763
0.771
0.746
0.742
0.742
0.732
0.716
0.718
0.726
0.735
0.722
0.722
0.737
0.743
0.737
0.729
0.735
0.739
0.737
0.722
0.73
0.755
0.773
0.76
0.748
0.757
0.767
0.764
0.736
0.732
0.738
0.741
0.722
0.723
0.737
0.732
0.724
0.725
0.735
0.748
0.761
0.744
0.748
0.753
0.738
0.723
0.725
0.734
0.738
0.728
0.724
0.731
0.734
0.72
0.722
0.731
0.73
0.708
0.702
0.699
0.704
0.708
0.706
0.697
0.7
0.688
0.686
0.693
0.695
0.698
0.705
0.7
0.711
0.719
0.715
0.709
0.707
0.705
0.708
0.717
0.726
0.73
0.717
0.712
0.712
0.712
0.71
0.701
0.711
0.723
0.721
0.719
0.716
0.728
0.732
0.74
0.734
0.723
0.729
0.732
0.729
0.72
0.715
0.724
0.723
0.729
0.719
0.722
0.741
0.735
0.717
0.726
0.733
0.725
0.72
0.708
0.692
0.703
0.68
0.676
0.656
0.643
0.639
0.623
0.614
0.624
0.631
0.638
0.646
0.666
0.665
0.659
0.656
0.652
0.638
0.636
0.629
0.619
0.618
0.608
0.618
0.62
0.611
0.605
0.605
0.605
0.604
0.597
0.6
0.603
0.614
0.616
0.621
0.627
0.637
0.65
0.659
0.68
0.678
0.671
0.677
0.687
0.68
0.677
0.686
0.696
0.698
0.689
0.693
0.702
0.705
0.704
0.695
0.691
0.678
0.676
0.676
0.684
0.689
0.688
0.69
0.705
0.711
0.717
0.71
0.718
0.722
0.709
0.694
0.685
0.658
0.654
0.653
0.649
0.644
0.638
0.638
0.636
0.641
0.647
0.657
0.672
0.69
0.689
0.697
0.711
0.711
0.716
0.703
0.697
0.697
0.7
0.703
0.696
0.699
0.714
0.736
0.73
0.724
0.731
0.748
0.749
0.735
0.743
0.756
0.758
0.749
0.74
0.747
0.748
0.745
0.737
0.731
0.745
0.731
0.724
0.738
0.754
0.733
0.729
0.737
0.737
0.713
0.715
0.726
0.718
0.717
0.721
0.733
0.75
0.729
0.734
0.738
0.732
0.716
0.717
0.725
0.73
0.715
0.722
0.729
0.741
0.747
0.734
0.708
0.689
0.679
0.666
0.643
0.645
0.651
0.665
0.671
0.677
0.696
0.699
0.7
0.705
0.717
0.727
0.724
0.729
0.725
0.716
0.728
0.736
0.732
0.718
0.726
0.742
0.749
0.729
0.724
0.732
0.739
0.741
0.747
0.737
0.733
0.725
0.706
0.679
0.674
0.665
0.649
0.634
0.629
0.638
0.635
0.637
0.647
0.665
0.695
0.704
0.727
0.769
0.808
0.78
0.759
0.762
0.809
0.783
0.772
0.773
0.765
0.738
0.735
0.732
0.722
0.721
0.734
0.755
0.765
0.755
0.756
0.735
0.722
0.682
0.671
0.655
0.648
0.638
0.633
0.634
0.636
0.636
0.637
0.638
0.637
0.64
0.65
0.655
0.659
0.648
0.643
0.643
0.64
0.638
0.644
0.653
0.656
0.664
0.679
0.678
0.688
0.691
0.687
0.689
0.696
0.691
0.81229
0.8188369
0.8046612
0.6961554
0.682
0.761
0.814898
0.7474168
0.7803513
0.7754983
0.7944131
0.7736814
