1.051
1.076
1.133
1.07
1.012
1.052
1.096
1.099
1.083
1.106
1.081
1.087
1.081
1.079
1.058
1.078
1.069
1.047
1.061
1.079
1.085
1.072
1.099
1.089
1.068
1.088
1.099
1.087
1.069
1.053
1.065
1.091
1.038
1
0.98
0.987
1.006
1.009
1.009
1.038
1.025
0.994
0.939
1.016
1.007
1.02
1.014
1.048
1.082
1.044
1.026
1.048
1.007
0.988
0.968
0.958
0.936
0.946
0.994
0.992
0.999
1.043
1.066
1.045
0.983
1.017
0.952
0.97
1.026
1.085
1.083
1.084
1.092
1.077
1.064
1.051
1.017
1.022
1.026
1.052
1.056
1.062
1.066
1.097
1.117
1.094
1.1
1.124
1.111
1.098
1.082
1.079
1.105
1.098
1.09
1.047
1.083
1.078
1.069
1.09
1.105
1.083
1.107
1.108
1.083
1.071
1.064
1.05
1.029
1.028
1.043
1.041
1.023
1.011
0.98
0.962
0.99
0.997
1.031
1.051
1.017
1.034
1.054
1.054
1.046
1.044
1.076
1.087
1.04
1.016
1.042
1.041
1.031
1.022
1.025
1.07
1.078
1.089
1.062
1.055
1.029
1.036
1.058
1.083
1.097
1.08
1.082
1.083
1.072
1.063
1.059
1.059
1.063
1.108
1.12
1.144
1.137
1.137
1.125
1.087
1.05
1.05
1.061
1.089
1.078
1.058
1.058
1.024
1.032
1
0.984
0.997
1.008
1.023
1.066
1.077
1.077
1.082
1.076
1.083
1.083
1.032
1.028
1.045
1.061
1.069
1.097
1.1
1.077
1.068
1.068
1.067
1.051
1.052
1.038
1.018
0.985
0.981
1.005
1.014
1.038
1.074
1.068
1.07
1.055
1.06
1.042
1.017
0.99
0.96
0.957
0.958
0.979
0.994
1.003
1.003
1.007
1.029
1.037
1.033
1.039
1.038
1.021
0.989
0.99
1.006
1.014
1.019
1.043
1.059
1.066
1.077
1.07
1.065
1.048
1.024
0.985
0.971
0.973
0.97
0.99
1.014
1.037
1.042
1.047
1.044
1.033
1.016
0.976
0.968
0.969
0.969
1
1.024
1.021
1.026
1.027
1.03
0.997
0.952
0.932
0.935
0.989
0.993
0.997
1.019
1.033
1.065
1.082
1.081
1.088
1.094
1.08
1.072
1.049
1.021
1.024
1.039
1.095
1.127
1.156
1.152
1.132
1.108
1.096
1.038
1.03
1.034
1.047
1.082
1.097
1.13
1.165
1.154
1.16
1.154
1.129
1.103
1.093
1.101
1.049
1.059
1.055
0.999
0.971
0.952
0.939
0.981
0.942
0.917
0.982
1.05
1.038
1.014
1.004
0.988
0.974
0.936
0.875
0.881
0.912
0.924
0.938
0.95
0.906
0.88
0.875
0.871
0.856
0.844
0.902
0.934
0.954
0.942
0.918
0.915
0.897
0.895
0.883
0.865
0.866
0.879
0.896
0.876
0.874
0.877
0.874
0.854
0.848
0.869
0.86
0.859
0.862
0.855
0.857
0.84
0.854
0.86
0.867
0.87
0.881
0.885
0.889
0.905
0.904
0.885
0.857
0.846
0.809
0.777
0.744
0.745
0.726
0.72
0.723
0.72
0.73
0.733
0.727
0.728
0.747
0.724
0.712
0.7
0.701
0.699
0.689
0.693
0.682
0.685
0.689
0.692
0.691
0.675
0.697
0.686
0.68
0.673
0.682
0.678
0.676
0.7
0.692
0.695
0.712
0.728
0.728
0.735
0.722
0.719
0.718
0.71
0.703
0.708
0.7
0.681
0.69
0.685
0.67
0.677
0.673
0.67
0.658
0.669
0.659
0.658
0.65
0.649
0.649
0.64
0.651
0.647
0.662
0.653
0.659
0.679
0.675
0.678
0.677
0.682
0.671
0.669
0.66
0.65
0.646
0.643
0.633
0.623
0.625
0.611
0.61
0.608
0.608
0.592
0.593
0.59
0.592
0.587
0.587
0.574
0.584
0.579
0.585
0.577
0.577
0.576
0.58
0.574
0.574
0.572
0.575
0.569
0.569
0.566
0.566
0.565
0.562
0.56
0.565
0.565
0.557
0.563
0.559
0.564
0.561
0.569
0.566
0.57
0.566
0.568
0.566
0.57
0.564
0.57
0.565
0.571
0.565
0.571
0.567
0.572
0.57
0.577
0.58
0.584
0.585
0.587
0.589
0.583
0.579
0.58
0.577
0.575
0.571
0.575
0.57
0.569
0.563
0.565
0.563
0.557
0.556
0.556
0.559
0.556
0.561
0.554
0.553
0.551
0.552
0.548
0.544
0.544
0.553
0.552
0.55
0.55
0.544
0.546
0.545
0.547
0.544
0.549
0.548
0.55
0.548
0.556
0.551
0.552
0.554
0.552
0.554
0.557
0.558
0.565
0.563
0.555
0.556
0.555
0.56
0.552
0.557
0.553
0.557
0.555
0.563
0.559
0.574
0.581
0.596
0.595
0.591
0.6
0.606
0.602
0.6
0.597
0.597
0.597
0.606
0.622
0.645
0.651
0.645
0.645
0.65
0.651
0.635
0.633
0.638
0.643
0.645
0.671
0.674
0.666
0.693
0.704
0.685
0.687
0.693
0.812
0.847
0.769
0.76
0.757
0.75
0.743
0.713
0.744
0.745
0.765
0.752
0.722
0.762
0.735
0.712
0.739
0.733
0.7
0.747
0.659
0.691
0.715
0.705
0.703
0.707
0.734
0.75
0.717
0.736
0.933
1.006
0.915
0.806
0.78
0.834
0.836
0.833
0.808
0.788
0.78
0.861
0.894
0.895
0.878
0.817
0.818
0.8591784
1.041
0.947
0.85
0.848
0.816
1.05
0.953
0.89
0.851
0.8
0.929
1.044
0.906
0.906
0.869
0.814
0.84
0.958
0.931
0.913
0.873
0.861
0.789
0.796
0.919
1.069
0.997
0.926
0.906
0.89
0.847
0.941
1.003
0.968
0.94
0.906
0.895
0.873
0.961
1.121
1.014
1.009
0.969
0.913
0.889
0.891
1
1.051
1.023
1.011
0.987
0.952
0.909
0.873
0.898
1.174
1.106
1.011
0.957
0.907
0.862
0.946
1.158
1.05
1.033
0.994
0.963
0.929
0.889
0.853
0.858
0.989
1.086
1.041
1.018
0.999
0.992
0.96
0.912
0.896
0.873
0.907
1.092
1.007
1.028
0.981
0.948
0.906
0.888
0.875
0.896
0.937
0.967
0.985
0.977
0.946
0.917
0.909
0.888
0.923
0.97
0.984
0.959
0.946
0.929
0.904
0.876
0.846
0.854
0.931
1.016
1.002
1.017
0.989
0.958
0.925
0.903
0.903
0.867
0.901
0.991
1.005
1.012
0.996
0.991
0.97
0.959
0.923
0.911
0.897
0.904
0.946
1.009
1.031
1.02
1.014
0.996
0.978
0.965
0.931
0.917
0.902
0.843
0.953
1.185
1.12
1.118
1.097
1.068
1.022
0.964
0.928
0.929
0.977
1.018
1.036
1.057
1.043
1.008
0.951
0.943
0.925
0.93
0.996
1.024
1.001
0.992
0.999
0.97
0.943
0.926
0.909
0.926
1
1.083
1.049
1.061
1.033
1.018
0.978
0.956
0.949
0.941
0.975
0.986
1.027
1.049
1.013
1.006
0.981
0.953
0.921
0.903
0.887
0.879
0.897
0.95
1.094
1.085
1.08
1.014
1.017
0.999
0.988
0.933
0.922
0.916
0.928
0.959
0.991
1.017
1.024
1
0.979
0.967
0.957
0.935
0.923
0.951
0.938
0.943
0.982
1.089
1.083
1.028
1.003
0.999
0.991
0.945
0.92
0.922
0.91
0.945
0.973
1.008
1.002
0.97
0.984
0.95
0.904
0.887
0.871
0.875
0.89
0.95
0.968
0.982
1.005
1
1
0.965
0.963
0.926
0.896
0.896
0.848
1.073
1.038
1.038
1.037
1.041
1.014
0.999
0.971
0.948
0.93
0.923
0.934
0.945
0.993
1.021
1.062
1.123
1.049
1.004
0.981
0.959
0.933
0.929
0.926
0.961
1.045
1.022
1.019
1.013
1.005
1
0.981
0.972
0.963
0.99
1.009
1.05
1.042
1.028
1.013
0.988
1.003
0.976
0.969
0.953
0.915
0.944
0.979
1.089
1.012
0.987
0.959
0.888
0.87
0.931
0.925
0.881
0.984
1.001
1.009
0.986
0.99
0.986
0.968
0.974
0.974
0.975
0.975
0.974
0.946
0.92
0.925
0.929
0.912
0.913
0.938
0.958
0.939
0.97
1.013
0.976
0.974
0.978
0.974
0.96
0.962
0.935
0.953
0.961
0.944
0.946
0.943
0.916
0.95
0.976
0.916
0.932
0.941
0.944
0.956
0.986
0.98
0.958
0.915
0.939
0.937
0.947
0.93
0.918
0.884
0.842
0.826
0.805
0.834
0.885
0.875
0.975
0.986
0.958
1.014
1.03
1.016
0.998
0.968
1.066
1.059
1.072
1.017
1.011
0.944
0.856
0.86
0.889
0.856
0.847
0.818
0.878
0.925
0.945
0.928
0.857
0.837
0.816
0.788
0.782
0.829
0.893
0.881
0.934
0.945
0.903
0.999
0.928
0.869
0.851
0.913
0.899
0.877
0.84
0.834
0.804
0.829
0.811
0.859
0.932
0.919
0.887
0.938
0.96
0.923
0.985
0.954
0.954
0.906
0.938
0.932
0.935
0.918
0.897
0.958
0.955
0.908
0.899
0.942
0.97
0.944
0.952
0.976
0.971
0.984
1.017
1.022
1.017
1.008
0.963
0.934
0.898
0.957
0.928
0.891
0.958
0.973
0.908
1.02
0.999
0.962
1
