0.701
0.68
0.68
0.674
0.69
0.668
0.697
0.682
0.672
0.683
0.661
0.661
0.663
0.657
0.648
0.656
0.645
0.644
0.646
0.656
0.687
0.704
0.725
0.717
0.713
0.696
0.708
0.719
0.71
0.712
0.742
0.741
0.75
0.766
0.772
0.773
0.791
0.818
0.796
0.786
0.77
0.768
0.74
0.741
0.733
0.703
0.683
0.651
0.64
0.623
0.626
0.615
0.619
0.619
0.624
0.617
0.624
0.623
0.63
0.641
0.641
0.645
0.672
0.665
0.687
0.674
0.704
0.72
0.703
0.695
0.674
0.663
0.67
0.675
0.679
0.668
0.687
0.688
0.695
0.708
0.738
0.749
0.741
0.752
0.79
0.741
0.717
0.705
0.714
0.684
0.682
0.681
0.684
0.695
0.692
0.712
0.707
0.714
0.717
0.712
0.71
0.704
0.698
0.677
0.67
0.649
0.643
0.63
0.639
0.625
0.626
0.632
0.629
0.631
0.636
0.645
0.65
0.655
0.635
0.635
0.637
0.634
0.627
0.628
0.62
0.62
0.63
0.633
0.647
0.661
0.646
0.639
0.631
0.626
0.631
0.631
0.633
0.626
0.609
0.625
0.703
0.688
0.669
0.666
0.662
0.666
0.656
0.664
0.654
0.652
0.67
0.665
0.661
0.651
0.678
0.707
0.685
0.683
0.705
0.709
0.754
0.748
0.713
0.7
0.699
0.683
0.669
0.671
0.666
0.668
0.68
0.676
0.662
0.654
0.655
0.63
0.644
0.658
0.682
0.696
0.691
0.69
0.675
0.664
0.672
0.682
0.676
0.679
0.682
0.7
0.693
0.692
0.703
0.709
0.732
0.727
0.715
0.714
0.696
0.708
0.688
0.692
0.699
0.695
0.702
0.704
0.685
0.704
0.698
0.693
0.684
0.693
0.705
0.699
0.685
0.694
0.69
0.699
0.689
0.695
0.699
0.685
0.678
0.688
0.677
0.669
0.656
0.65
0.663
0.677
0.671
0.679
0.69
0.691
0.685
0.688
0.686
0.683
0.682
0.665
0.661
0.662
0.649
0.641
0.64
0.662
0.667
0.666
0.647
0.65
0.65
0.642
0.643
0.637
0.646
0.632
0.631
0.618
0.613
0.609
0.622
0.642
0.648
0.661
0.679
0.695
0.728
0.723
0.727
0.782
0.729
0.723
0.73
0.723
0.714
0.719
0.727
0.705
0.695
0.686
0.691
0.689
0.701
0.698
0.692
0.676
0.665
0.662
0.655
0.666
0.664
0.668
0.665
0.666
0.665
0.671
0.684
0.688
0.671
0.664
0.663
0.652
0.629
0.621
0.612
0.622
0.603
0.602
0.609
0.605
0.625
0.648
0.644
0.64
0.663
0.68
0.668
0.689
0.687
0.688
0.668
0.651
0.635
0.636
0.625
0.625
0.619
0.617
0.616
0.611
0.605
0.6
0.601
0.596
0.602
0.6
0.595
0.592
0.598
0.587
0.585
0.583
0.582
0.589
0.585
0.584
0.598
0.598
0.601
0.597
0.598
0.599
0.594
0.6
0.594
0.61
0.626
0.634
0.62
0.616
0.609
0.592
0.593
0.589
0.606
0.631
0.664
0.641
0.678
0.706
0.686
0.699
0.694
0.73
0.725
0.716
0.687
0.648
0.629
0.628
0.647
0.65
0.657
0.664
0.675
0.687
0.706
0.703
0.69
0.688
0.681
0.683
0.667
0.683
0.686
0.702
0.688
0.716
0.701
0.693
0.66
0.656
0.653
0.643
0.651
0.656
0.663
0.684
0.685
0.674
0.643
0.644
0.641
0.654
0.689
0.699
0.725
0.722
0.734
0.709
0.723
0.733
0.711
0.703
0.707
0.732
0.715
0.698
0.694
0.682
0.698
0.705
0.699
0.698
0.706
0.704
0.697
0.684
0.695
0.689
0.672
0.662
0.679
0.703
0.726
0.72
0.75
0.5775715
0.5936273
0.736
0.721
0.709
0.732
0.718
0.7
0.684
0.684
0.683
0.668
0.67
0.687
0.683
0.68
0.671
0.673
0.666
0.664
0.668
0.68
0.667
0.667
0.653
0.655
0.655
0.65
0.655
0.664
0.675
0.679
0.687
0.694
0.688
0.707
0.716
0.722
0.697
0.698
0.701
0.689
0.676
0.67
0.673
0.688
0.686
0.679
0.687
0.686
0.681
0.686
0.666
0.687
0.689
0.686
0.692
0.716
0.7
0.687
0.686
0.703
0.712
0.699
0.686
0.689
0.691
0.685
0.67
0.685
0.694
0.701
0.69
0.689
0.707
0.697
0.689
0.686
0.69
0.686
0.686
0.708
0.713
0.694
0.702
0.734
0.705
0.7
0.685
0.679
0.682
0.666
0.659
0.651
0.643
0.633
0.631
0.624
0.628
0.63
0.642
0.66
0.666
0.672
0.688
0.669
0.669
0.659
0.645
0.624
0.613
0.598
0.591
0.596
0.614
0.602
0.596
0.585
0.604
0.601
0.581
0.596
0.607
0.585
0.588
0.584
0.583
0.579
0.587
0.577
0.575
0.577
0.567
0.574
0.567
0.573
0.566
0.565
0.57
0.571
0.569
0.574
0.567
0.563
0.562
0.557
0.556
0.553
0.547
0.544
0.538
0.541
0.551
0.547
0.552
0.568
0.577
0.59
0.583
0.579
0.564
0.555
0.557
0.557
0.556
0.548
0.556
0.547
0.548
0.56
0.549
0.553
0.56
0.559
0.569
0.571
0.574
0.588
0.578
0.579
0.578
0.58
0.581
0.583
0.577
0.571
0.572
0.572
0.573
0.577
0.587
0.575
0.569
0.565
0.56
0.544
0.552
0.539
0.544
0.544
0.537
0.544
0.545
0.548
0.553
0.549
0.551
0.553
0.555
0.552
0.55
0.557
0.554
0.552
0.549
0.549
0.542
0.538
0.538
0.535
0.537
0.542
0.541
0.543
0.537
0.537
0.541
0.539
0.539
0.538
0.543
0.546
0.543
0.535
0.539
0.535
0.533
0.525
0.524
0.521
0.515
0.514
0.518
0.519
0.516
0.512
0.524
0.521
0.515
0.521
0.52
0.515
0.516
0.513
0.513
0.517
0.506
0.501
0.507
0.506
0.498
0.499
0.5
0.496
0.495
0.492
0.493
0.491
0.488
0.485
0.485
0.489
0.481
0.483
0.484
0.482
0.485
0.479
0.479
0.481
0.48
0.475
0.476
0.476
0.476
0.471
0.47
0.471
0.47
0.467
0.468
0.465
0.466
0.468
0.464
0.466
0.465
0.464
0.462
0.459
0.457
0.459
0.458
0.455
0.457
0.455
0.456
0.458
0.453
0.456
0.454
0.451
0.45
0.448
0.452
0.452
0.445
0.446
0.445
0.446
0.447
0.442
0.444
0.44
0.442
0.445
0.437
0.437
0.438
0.439
0.442
0.437
0.438
0.438
0.439
0.438
0.433
0.437
0.436
0.436
0.432
0.43
0.436
0.433
0.43
0.429
0.427
0.432
0.43
0.428
0.424
0.427
0.429
0.422
0.424
0.42
0.426
0.425
0.423
0.421
0.42
0.424
0.418
0.421
0.42
0.422
0.421
0.417
0.419
0.417
0.423
0.417
0.6407053
0.567546
0.5703912
0.418
0.6482171
0.586558
0.5017179
0.5300844
0.5418932
0.6238882
0.5813856
0.5833576
0.5690654
0.5362789
0.6513407
0.5879689
0.4668489
0.5978897
0.5401646
0.5108921
0.5526079
0.5128712
0.5274312
0.5324964
0.4802997
0.6042926
0.5706305
0.5071415
0.6246239
0.5839399
0.5484549
0.6068949
0.6060252
0.603212
0.596646
0.5899927
0.5597025
0.5476783
0.5439841
0.5285121
0.5523953
0.5004077
0.6691072
0.6218604
0.507301
0.5426541
0.5394892
0.6007049
0.5582573
0.5747678
0.5608886
0.5601541
0.6294702
0.5511071
0.6366745
0.4860479
0.590832
0.568165
0.5726599
0.5806734
0.5373129
0.5455929
0.5118917
0.5092487
0.576791
0.5838712
0.5644266
0.6071065
0.6624894
0.5376153
0.4482617
0.6110985
0.5268155
0.5278301
0.6119931
0.5475886
0.5015789
0.5704353
0.5546781
0.5617595
0.5803799
0.5432148
0.5930591
0.5505428
0.5776513
0.6152144
0.5826822
0.5452638
0.6176946
0.6100404
0.588148
0.5729102
0.530308
0.6279838
0.5316195
0.6685527
0.6363626
0.5494613
0.5105899
0.5260932
0.5735943
0.5488309
0.5438538
0.5141529
0.5586724
0.5222998
0.4788937
0.5421385
0.6059487
0.5325091
0.5906247
0.4812461
0.5579829
0.5862106
0.5754668
0.5658421
0.5291512
0.5188624
0.5102724
0.5663483
0.5139979
0.414
0.5364064
0.5479059
0.416
0.416
0.417
0.42
0.42
0.418
0.425
0.423
0.43
0.427
0.43
0.428
0.428
0.429
0.432
0.434
0.438
0.437
0.437
0.439
0.444
0.446
0.452
0.453
0.45
0.45
0.458
0.455
0.453
0.465
0.458
0.46
0.457
0.455
0.458
0.465
0.466
0.461
0.462
0.465
0.466
0.471
0.473
0.469
0.468
0.464
0.467
0.464
0.461
0.46
0.462
0.468
0.46
0.463
0.461
0.46
0.458
0.459
0.456
0.458
0.461
0.477
0.465
0.466
0.467
0.475
0.471
0.471
0.476
0.47
0.47
0.47
0.474
0.479
0.478
0.481
0.495
0.511
0.505
0.509
0.518
0.535
0.523
0.52
0.536
0.532
0.515
0.515
0.517
0.529
0.517
0.513
0.527
0.535
0.528
0.522
0.54
0.557
0.547
0.543
0.555
0.581
0.566
0.56
0.578
0.578
0.554
0.553
0.562
0.568
0.554
0.541
0.538
0.555
0.549
0.549
0.541
0.537
0.531
0.539
0.558
0.555
0.545
0.567
0.581
0.6
0.586
0.586
0.613
0.596
0.576
0.565
0.556
0.551
0.544
0.538
0.535
0.541
0.548
0.548
0.554
0.567
0.575
0.567
0.568
0.587
0.608
0.591
0.588
0.605
0.618
0.613
0.602
0.613
0.645
0.63
0.621
0.643
0.643
0.625
0.62
0.619
0.629
0.616
0.613
0.604
0.605
0.612
0.605
0.597
0.606
0.597
0.59
0.584
0.587
0.581
0.586
0.6
0.603
0.606
0.625
0.65
0.649
0.635
0.64
0.655
0.664
0.655
0.66
0.676
0.664
0.654
0.67
0.68
0.665
0.654
0.652
0.661
0.647
0.646
0.669
0.702
0.672
0.689
0.71
0.685
0.672
0.669
0.656
0.634
0.625
0.63
0.63
0.626
0.633
0.659
0.66
0.65
0.657
0.682
0.693
0.677
0.664
0.657
0.654
0.628
0.629
0.631
0.614
0.612
0.596
0.586
0.59
0.612
0.625
0.638
0.64
0.646
0.638
0.643
0.649
0.638
0.637
0.638
0.624
0.617
0.625
0.639
0.642
0.655
0.671
0.67
0.664
0.673
0.67
0.656
0.651
0.657
0.663
0.653
0.656
0.671
0.671
0.672
0.679
0.696
0.682
0.695
0.705
0.698
0.687
0.696
0.692
0.669
0.659
0.667
0.672
0.656
0.655
0.664
0.674
0.666
0.664
0.668
0.685
0.669
0.676
0.675
0.671
0.661
0.664
0.67
0.651
0.654
0.657
0.66
0.654
0.651
0.667
0.666
0.667
0.677
0.685
0.677
0.687
0.701
0.69
0.681
0.686
0.655
0.634
0.628
0.627
0.618
0.617
0.621
0.619
0.619
0.618
0.613
0.615
0.61
0.609
0.608
0.609
0.619
0.609
0.608
0.605
0.62
0.625
0.62
0.634
0.64
0.648
0.65
0.679
0.672
0.677
0.691
0.704
0.694
0.697
0.706
0.693
0.673
0.671
0.666
0.644
0.646
0.634
0.625
0.614
0.617
0.619
0.626
0.617
0.616
0.621
0.617
0.62
0.624
0.64
0.634
0.633
0.621
0.615
0.603
0.609
0.603
0.61
0.625
0.636
0.635
0.654
0.673
0.658
0.656
0.648
0.646
0.634
0.636
0.653
0.65
0.654
0.654
0.664
0.672
0.666
0.669
0.684
0.7
0.683
0.677
0.675
0.663
0.656
0.648
0.653
0.672
0.657
0.669
0.67
0.675
0.673
0.679
0.695
0.695
0.688
0.682
0.691
0.675
0.669
0.656
0.639
0.627
0.625
0.629
0.628
0.621
0.618
0.613
0.607
0.61
0.603
0.605
0.602
0.6
0.599
0.594
0.598
0.597
0.601
0.605
0.605
0.601
0.604
0.594
0.59
0.592
0.59
0.59
0.59
0.604
0.613
0.619
0.625
0.631
0.634
0.633
0.634
0.647
0.652
0.649
0.655
0.657
0.648
0.64
0.644
0.635
0.626
0.621
0.624
0.63
0.623
0.625
0.624
0.631
0.64
0.628
0.635
0.632
0.626
0.626
0.63
0.612
0.608
0.609
0.602
0.597
0.601
0.604
0.609
0.611
0.611
0.599
0.597
0.599
0.598
0.59
0.593
0.596
0.6
0.596
0.594
0.598
0.606
0.605
0.608
0.614
0.619
0.631
0.624
0.636
0.642
0.638
0.635
0.63
0.628
0.633
0.629
0.63
0.635
0.638
0.628
0.626
0.632
0.642
0.631
0.638
0.636
0.646
0.635
0.644
0.635
0.639
0.624
0.631
0.624
0.627
0.624
0.62
0.62
0.615
0.618
0.617
0.61
0.61
0.605
0.59
0.584
0.585
0.576
0.573
0.579
0.582
0.586
0.587
0.592
0.604
0.606
0.605
0.604
0.603
0.601
0.583
0.582
0.583
0.604
0.606
0.602
0.608
0.613
0.614
0.622
0.64
0.652
0.645
0.634
0.64
0.648
0.633
0.636
0.63
0.634
0.624
0.62
0.625
0.626
0.622
0.602
0.605
0.607
0.61
0.608
0.612
0.622
0.612
0.62
0.606
0.611
0.594
0.608
0.606
0.608
0.607
0.601
0.603
0.593
0.596
0.58
0.573
0.577
0.564
0.572
0.573
0.579
0.587
0.597
0.612
0.625
0.663
0.68
0.68
0.697
0.704
0.703
0.691
0.666
0.662
0.647
0.65
0.632
0.633
0.637
0.642
0.654
0.639
0.619
0.623
0.613
0.616
0.616
0.621
0.618
0.61
0.613
0.612
0.618
0.622
0.635
0.64
0.639
0.642
0.644
0.628
0.631
0.624
0.631
0.635
0.646
0.65
0.66
0.656
0.644
0.648
0.637
0.636
0.618
0.623
0.63
0.625
0.627
0.64
0.636
0.635
0.629
0.62
0.608
0.613
0.616
0.626
0.638
0.644
0.636
0.637
0.634
0.638
0.636
0.64
0.626
0.647
0.628
0.62
0.626
0.63
0.631
0.631
0.616
0.62
0.618
0.62
0.627
0.631
0.625
0.625
0.625
0.628
0.635
0.638
0.643
0.639
0.642
0.643
0.65
0.651
0.662
0.656
0.649
0.649
0.645
0.647
0.644
0.638
0.641
0.645
0.646
0.627
0.635
0.628
0.635
0.649
0.644
0.641
0.65
0.648
0.624
0.626
0.623
0.631
0.65
0.666
0.68
0.681
0.682
0.679
0.673
0.667
0.639
0.626
0.626
0.635
0.623
0.625
0.655
0.665
0.676
0.682
0.694
0.694
0.693
0.677
0.668
0.666
0.667
0.663
0.669
0.67
0.666
0.666
0.657
0.661
0.656
0.653
0.666
0.676
0.691
0.681
0.697
0.704
0.691
0.684
0.673
0.663
0.654
0.655
0.651
0.655
0.655
0.663
0.657
0.648
0.641
0.632
0.627
0.623
0.624
0.616
0.613
0.61
0.6
0.607
0.599
0.602
0.606
0.613
0.626
0.632
0.644
0.649
0.654
0.649
0.632
0.631
0.634
0.632
0.64
0.643
0.647
0.641
0.633
0.638
0.64
0.633
0.639
0.639
0.635
0.632
0.622
0.625
0.615
0.614
0.609
0.601
0.593
0.584
0.607
0.603
0.599
0.607
0.614
0.61
0.619
0.629
0.638
0.654
0.651
0.646
0.638
0.633
0.637
0.637
0.66
0.656
0.673
0.679
0.679
0.692
0.7
0.694
0.694
0.686
0.67
0.663
0.649
0.644
0.644
0.647
0.641
0.638
0.646
0.66
0.665
0.662
0.663
0.667
0.669
0.678
0.666
0.66
0.672
0.681
0.692
0.692
0.698
0.685
0.694
0.696
0.688
0.682
0.681
0.668
0.673
0.667
0.666
0.672
0.692
0.693
0.699
0.709
0.719
0.703
0.69
0.681
0.672
0.665
0.669
0.67
0.661
0.653
0.648
0.648
0.655
0.653
0.66
0.664
0.649
0.644
0.643
0.642
0.639
0.631
0.631
0.633
0.64
0.654
0.658
0.661
0.643
0.641
0.643
0.625
0.625
0.625
0.621
0.652
0.65
0.65
0.656
0.639
0.641
0.646
0.632
0.62
0.625
0.626
0.643
0.657
0.661
0.664
0.666
0.666
0.659
0.641
0.641
0.63
0.636
0.643
0.656
0.677
0.683
0.681
0.688
0.671
0.646
0.638
0.626
0.62
0.624
0.637
0.642
0.653
0.656
0.658
0.651
0.634
0.637
0.634
0.625
0.635
0.634
0.646
0.66
0.666
0.666
0.66
0.654
0.651
0.642
0.639
0.641
0.64
0.646
0.653
0.64
0.643
0.643
0.646
0.649
0.641
0.646
0.633
0.625
0.639
0.648
0.654
0.64
0.628
0.625
0.614
0.613
0.62
0.627
0.651
0.666
0.69
0.7
0.708
0.705
0.706
0.689
0.669
0.659
0.644
0.637
0.629
0.63
0.641
0.643
0.666
0.696
0.702
0.688
0.71
0.704
0.689
0.683
0.681
0.68
0.673
0.669
0.658
0.642
0.635
0.637
0.642
0.662
0.675
0.673
0.662
0.664
0.661
0.657
0.658
0.637
0.648
0.642
0.643
0.66
0.653
0.639
0.632
0.635
0.63
0.632
0.635
0.626
0.617
0.613
0.601
0.588
0.583
0.574
0.573
0.571
0.576
0.562
0.577
0.583
0.611
0.648
0.696
0.72
0.691
0.687
0.704
0.711
0.732
0.732
0.715
0.72
0.707
0.676
0.666
0.653
0.661
0.658
0.661
0.659
0.655
0.643
0.633
0.625
0.612
0.589
0.592
0.583
0.585
0.603
0.612
0.631
0.637
0.633
0.625
0.617
0.605
0.587
0.573
0.57
0.562
0.57
0.58
0.601
0.622
0.634
0.634
0.657
0.634
0.616
0.589
0.583
0.59
0.583
0.592
0.616
0.638
0.643
0.655
0.669
0.658
0.629
0.624
0.621
0.617
0.615
0.626
0.631
0.64
0.642
0.637
0.628
0.622
0.604
0.602
0.596
0.59
0.596
0.587
0.583
0.584
0.583
0.588
0.593
0.596
0.606
0.59
0.592
0.583
0.583
0.597
0.602
0.618
0.628
0.614
0.618
0.618
0.64
0.652
0.66
0.653
0.65
0.65
0.619
0.613
0.605
0.604
0.61
0.616
0.622
0.621
0.607
0.597
0.589
0.578
0.586
0.571
0.593
0.602
0.638
0.651
0.65
0.664
0.666
0.645
0.642
0.626
0.604
0.613
0.597
0.607
0.612
0.617
0.61
0.63
0.623
0.633
0.632
0.626
0.629
0.626
0.624
0.62
0.623
0.601
0.591
0.592
0.603
0.623
0.63
0.646
0.644
0.661
0.662
0.666
0.659
0.648
0.65
0.652
0.654
0.645
0.643
0.633
0.631
0.625
0.616
0.616
0.612
0.615
0.64
0.655
0.651
0.665
0.666
0.669
0.672
0.669
0.653
0.643
0.613
0.602
0.59
0.591
0.602
0.599
0.585
0.589
0.595
0.598
0.593
0.594
0.591
0.592
0.583
0.583
0.569
0.568
0.566
0.568
0.558
0.578
0.571
0.583
0.609
0.627
0.647
0.655
0.678
0.67
0.66
0.654
0.636
0.621
0.614
0.612
0.602
0.592
0.578
0.589
0.579
0.599
0.627
0.66
0.66
0.675
0.666
0.674
0.668
0.658
0.65
0.64
0.636
0.648
0.659
0.663
0.671
0.682
0.676
0.662
0.657
0.646
0.64
0.632
0.627
0.622
0.625
0.614
0.614
0.604
0.612
0.615
0.632
0.624
0.638
0.636
0.671
0.678
0.697
0.704
0.7
0.695
0.687
0.672
0.662
0.646
0.633
0.625
0.616
0.608
0.597
0.584
0.59
0.579
0.586
0.595
0.616
0.609
0.603
0.62
0.635
0.657
0.674
0.663
0.664
0.687
0.733
0.743
0.744
0.731
0.703
0.679
0.665
0.646
0.632
0.614
0.594
0.586
0.579
0.59
0.622
0.632
0.652
0.668
0.669
0.672
0.659
0.656
0.653
0.644
0.634
0.622
0.622
0.604
0.597
0.601
0.601
0.609
0.628
0.65
0.66
0.681
0.666
0.67
0.662
0.646
0.628
0.618
0.607
0.595
0.59
0.582
0.578
0.581
0.584
0.609
0.65
0.697
0.695
0.725
0.719
0.713
0.688
0.675
0.667
0.661
0.669
0.664
0.656
0.651
0.646
0.64
0.638
0.625
0.617
0.602
0.591
0.573
0.584
0.568
0.582
0.598
0.64
0.662
0.71
0.702
0.713
0.695
0.665
0.657
0.639
0.642
0.647
0.657
0.66
0.665
0.657
0.649
0.641
0.626
0.609
0.607
0.594
0.591
0.598
0.605
0.604
0.616
0.601
0.606
0.594
0.592
0.593
0.589
0.582
0.579
0.571
0.562
0.556
0.553
0.55
0.54
0.542
0.545
0.552
0.562
0.579
0.612
0.639
0.641
0.638
0.641
0.646
0.644
0.655
0.672
0.68
0.662
0.659
0.639
0.62
0.608
0.597
0.582
0.58
0.584
0.592
0.594
0.594
0.601
0.602
0.615
0.607
0.616
0.607
0.605
0.612
0.609
0.611
0.598
0.603
0.608
0.626
0.635
0.629
0.622
0.612
0.609
0.613
0.635
0.641
0.659
0.668
0.687
0.679
0.663
0.65
0.63
0.608
0.588
0.583
0.589
0.61
0.638
0.65
0.671
0.672
0.66
0.649
0.658
0.669
0.671
0.669
0.654
0.653
0.632
0.62
0.602
0.585
0.58
0.57
0.572
0.579
0.603
0.616
0.623
0.617
0.625
0.623
0.613
0.606
0.601
0.611
0.608
0.618
0.631
0.652
0.652
0.658
0.641
0.638
0.635
0.64
0.625
0.629
0.627
0.626
0.629
0.641
0.622
0.618
0.61
0.599
0.589
0.584
0.594
0.596
0.605
0.629
0.619
0.617
0.62
0.614
0.614
0.625
0.62
0.625
0.614
0.611
0.594
0.587
0.581
0.58
0.567
0.567
0.568
0.578
0.603
0.631
0.622
0.669
0.665
0.685
0.702
0.7
0.701
0.705
0.673
0.66
0.652
0.639
0.635
0.636
0.628
0.616
0.616
0.611
0.6
0.591
0.582
0.584
0.583
0.587
0.605
0.616
0.651
0.654
0.677
0.677
0.664
0.654
0.654
0.66
0.657
0.647
0.644
0.636
0.625
0.623
0.618
0.602
0.602
0.589
0.597
0.607
0.625
0.63
0.647
0.642
0.637
0.622
0.615
0.61
0.6
0.585
0.583
0.593
0.602
0.613
0.629
0.648
0.64
0.639
0.64
0.661
0.662
0.661
0.65
0.645
0.648
0.662
0.669
0.666
0.663
0.664
0.655
0.635
0.615
0.609
0.596
0.602
0.614
0.618
0.63
0.636
0.625
0.626
0.626
0.622
0.614
0.612
0.607
0.588
0.589
0.586
0.594
0.6
0.59
0.591
0.606
0.609
0.618
0.609
0.604
0.598
0.591
0.596
0.6
0.604
0.596
0.596
0.602
0.613
0.633
0.627
0.636
0.637
0.627
0.622
0.612
0.606
0.601
0.596
0.592
0.583
0.578
0.57
0.572
0.571
0.592
0.612
0.638
0.635
0.66
0.674
0.686
0.69
0.667
0.652
0.655
0.664
0.671
0.674
0.668
0.658
0.656
0.645
0.657
0.663
0.671
0.676
0.679
0.66
0.644
0.641
0.659
0.667
0.666
0.669
0.674
0.659
0.65
0.647
0.65
0.661
0.678
0.713
0.72
0.714
0.69
0.681
0.682
0.676
0.675
0.67
0.688
0.699
0.696
0.681
0.678
0.672
0.672
0.671
0.683
0.696
0.708
0.707
0.708
0.698
0.701
0.694
0.679
0.665
0.661
0.666
0.665
0.645
0.648
0.661
0.665
0.668
0.68
0.682
0.677
0.67
0.66
0.644
0.635
0.627
0.622
0.625
0.63
0.632
0.645
0.654
0.662
0.669
0.661
0.674
0.686
0.694
0.69
0.689
0.676
0.657
0.657
0.645
0.649
0.647
0.648
0.658
0.674
0.692
0.703
0.707
0.699
0.689
0.685
0.672
0.652
0.643
0.647
0.666
0.676
0.687
0.696
0.681
0.683
0.687
0.692
0.694
0.688
0.688
0.68
0.68
0.681
0.682
0.676
0.668
0.666
0.658
0.655
0.648
0.644
0.654
0.648
0.656
0.673
0.675
0.675
0.676
0.668
0.659
0.651
0.638
0.622
0.617
0.618
0.625
0.627
0.639
0.656
0.656
0.679
0.703
0.702
0.692
0.697
0.696
0.693
0.682
0.67
0.658
0.65
0.639
0.657
0.656
0.67
0.664
0.655
0.649
0.638
0.633
0.628
0.636
0.633
0.647
0.66
0.665
0.669
0.666
0.672
0.658
0.648
0.647
0.662
0.666
0.659
0.661
0.67
0.659
0.664
0.666
0.662
0.653
0.651
0.647
0.635
0.633
0.636
0.65
0.666
0.679
0.702
0.693
0.677
0.669
0.646
0.647
0.634
0.63
0.619
0.623
0.621
0.622
0.625
0.639
0.64
0.65
0.653
0.636
0.63
0.626
0.623
0.622
0.618
0.623
0.623
0.616
0.612
0.612
0.611
0.62
0.625
0.635
0.648
0.648
0.652
0.647
0.645
0.636
0.621
0.608
0.606
0.607
0.603
0.611
0.615
0.625
0.639
0.656
0.659
0.669
0.669
0.672
0.675
0.684
0.689
0.693
0.692
0.672
0.664
0.665
0.654
0.653
0.648
0.648
0.655
0.667
0.666
0.655
0.657
0.646
0.645
0.64
0.628
0.625
0.611
0.62
0.636
0.664
0.691
0.721
0.74
0.74
0.731
0.724
0.716
0.71
0.697
0.681
0.669
0.663
0.658
0.658
0.663
0.663
0.688
0.7
0.698
0.703
0.681
0.676
0.669
0.665
0.667
0.662
0.641
0.635
0.624
0.614
0.609
0.612
0.602
0.618
0.623
0.643
0.666
0.683
0.679
0.686
0.679
0.672
0.659
0.643
0.629
0.613
0.601
0.595
0.615
0.623
0.666
0.686
0.702
0.702
0.688
0.688
0.697
0.705
0.723
0.71
0.707
0.711
0.698
0.681
0.664
0.649
0.646
0.628
0.628
0.624
0.661
0.649
0.676
0.679
0.668
0.677
0.674
0.663
0.639
0.625
0.619
0.606
0.599
0.591
0.585
0.58
0.587
0.591
0.616
0.639
0.657
0.666
0.692
0.681
0.698
0.667
0.657
0.653
0.642
0.645
0.648
0.639
0.638
0.631
0.634
0.637
0.65
0.646
0.648
0.648
0.645
0.636
0.63
0.632
0.617
0.626
0.623
0.62
0.62
0.621
0.628
0.614
0.629
0.618
0.623
0.627
0.627
0.632
0.639
0.62
0.632
0.62
0.619
0.612
0.608
0.603
0.598
0.596
0.589
0.589
0.588
0.594
0.614
0.642
0.671
0.7
0.707
0.708
0.71
0.688
0.669
0.641
0.625
0.618
0.618
0.624
0.625
0.61
0.604
0.614
0.629
0.666
0.673
0.677
0.686
0.69
0.672
0.663
0.651
0.634
0.618
0.622
0.628
0.648
0.634
0.635
0.631
0.639
0.636
0.624
0.625
0.61
0.617
0.624
0.618
0.614
0.606
0.603
0.605
0.6
0.602
0.619
0.657
0.696
0.712
0.717
0.718
0.712
0.678
0.645
0.625
0.605
0.602
0.618
0.616
0.632
0.632
0.643
0.664
0.658
0.641
0.637
0.616
0.608
0.6
0.597
0.601
0.6
0.591
0.595
0.593
0.594
0.586
0.624
0.614
0.622
0.629
0.629
0.635
0.653
0.657
0.65
0.633
0.629
0.602
0.595
0.599
0.603
0.614
0.637
0.675
0.68
0.708
0.688
0.65
0.641
0.638
0.627
0.628
0.621
0.617
0.615
0.615
0.598
0.596
0.596
0.609
0.625
0.626
0.642
0.62
0.617
0.616
0.625
0.631
0.643
0.646
0.65
0.641
0.626
0.634
0.614
0.596
0.586
0.588
0.602
0.628
0.651
0.648
0.666
0.674
0.675
0.672
0.649
0.637
0.64
0.631
0.647
0.653
0.68
0.668
0.661
0.647
0.645
0.624
0.63
0.61
0.613
0.605
0.622
0.645
0.638
0.635
0.632
0.65
0.649
0.646
0.646
0.632
0.628
0.629
0.623
0.621
0.619
0.614
0.613
0.628
0.641
0.645
0.639
0.643
0.628
0.63
0.629
0.636
0.657
0.671
0.684
0.703
0.689
0.688
0.686
0.659
0.644
0.641
0.652
0.662
0.667
0.687
0.7
0.69
0.672
0.655
0.647
0.652
0.661
0.671
0.678
0.7
0.691
0.666
0.682
0.685
0.679
0.675
0.672
0.669
0.66
0.654
0.65
0.634
0.628
0.618
0.612
0.619
0.633
0.657
0.693
0.698
0.708
0.702
0.688
0.679
0.657
0.635
0.616
0.604
0.59
0.587
0.591
0.601
0.621
0.659
0.665
0.707
0.699
0.723
0.709
0.696
0.684
0.677
0.655
0.671
0.658
0.661
0.65
0.655
0.655
0.653
0.653
0.64
0.625
0.611
0.6
0.6
0.605
0.627
0.671
0.68
0.691
0.663
0.669
0.66
0.677
0.679
0.684
0.686
0.649
0.645
0.634
0.644
0.643
0.634
0.637
0.643
0.671
0.682
0.695
0.699
0.683
0.649
0.645
0.635
0.636
0.632
0.623
0.636
0.645
0.676
0.705
0.711
0.692
0.694
0.654
0.627
0.616
0.606
0.609
0.625
0.626
0.646
0.642
0.661
0.659
0.666
0.652
0.639
0.625
0.618
0.606
0.598
0.591
0.593
0.593
0.605
0.604
0.604
0.612
0.642
0.668
0.674
0.682
0.658
0.667
0.672
0.662
0.652
0.647
0.626
0.619
0.611
0.614
0.607
0.612
0.615
0.625
0.642
0.659
0.662
0.648
0.643
0.639
0.623
0.605
0.598
0.588
0.595
0.617
0.636
0.666
0.68
0.671
0.672
0.673
0.66
0.659
0.652
0.635
0.625
0.615
0.625
0.623
0.649
0.679
0.721
0.733
0.74
0.744
0.728
0.708
0.672
0.648
0.638
0.631
0.637
0.636
0.631
0.625
0.633
0.625
0.637
0.635
0.633
0.633
0.626
0.628
0.632
0.631
0.64
0.635
0.635
0.645
0.657
0.679
0.691
0.681
0.685
0.67
0.658
0.634
0.63
0.621
0.625
0.657
0.68
0.69
0.703
0.692
0.67
0.667
0.678
0.696
0.686
0.689
0.688
0.684
0.68
0.68
0.666
0.66
0.654
0.634
0.621
0.605
0.597
0.602
0.603
0.598
0.619
0.639
0.671
0.699
0.739
0.742
0.708
0.706
0.71
0.688
0.689
0.669
0.655
0.627
0.623
0.626
0.644
0.666
0.665
0.658
0.653
0.627
0.627
0.616
0.624
0.629
0.65
0.669
0.689
0.7
0.689
0.703
0.665
0.652
0.636
0.624
0.627
0.629
0.654
0.714
0.719
0.734
0.745
0.707
0.716
0.719
0.733
0.723
0.705
0.702
0.7
0.694
0.686
0.673
0.656
0.648
0.647
0.644
0.659
0.673
0.708
0.71
0.73
0.749
0.738
0.769
0.794
0.765
0.745
0.719
0.696
0.682
0.669
0.672
0.654
0.655
0.659
0.648
0.649
0.638
0.637
0.644
0.657
0.661
0.684
0.702
0.714
0.774
0.795
0.769
0.751
0.748
0.728
0.723
0.75
0.759
0.767
0.751
0.772
0.762
0.736
0.722
0.694
0.67
0.66
0.655
0.664
0.67
0.681
0.69
0.704
0.729
0.739
0.743
0.74
0.72
0.72
0.709
0.711
0.707
0.722
0.72
0.702
0.679
0.679
0.681
0.673
0.666
0.658
0.652
0.65
0.636
0.638
0.619
0.615
0.624
0.606
0.602
0.608
0.623
0.64
0.651
0.675
0.683
0.7
0.717
0.722
0.708
0.714
0.711
0.716
0.714
0.723
0.732
0.729
0.707
0.702
0.695
0.69
0.679
0.684
0.693
0.701
0.695
0.674
0.661
0.65
0.635
0.628
0.63
0.614
0.619
0.621
0.625
0.648
0.673
0.679
0.7
0.735
0.767
0.815
0.792
0.79
0.758
0.78
0.77
0.754
0.753
0.727
0.725
0.705
0.688
0.684
0.695
0.709
0.736
0.727
0.729
0.747
0.726
0.712
0.688
0.677
0.661
0.642
0.625
0.609
0.596
0.612
0.617
0.635
0.647
0.634
0.632
0.638
0.632
0.64
0.647
0.656
0.68
0.701
0.703
0.677
0.668
0.666
0.654
0.656
0.663
0.672
0.649
0.658
0.669
0.68
0.694
0.697
0.705
0.704
0.717
0.695
0.706
0.694
0.688
0.691
0.672
0.668
0.648
0.649
0.646
0.634
0.64
0.624
0.616
0.61
0.616
0.625
0.621
0.626
0.644
0.671
0.689
0.71
0.729
0.727
0.715
0.72
0.693
0.684
0.693
0.71
0.72
0.734
0.716
0.728
0.73
0.724
0.736
0.734
0.727
0.743
0.729
0.704
0.685
0.683
0.701
0.693
0.696
0.689
0.695
0.684
0.669
0.673
0.674
0.666
0.668
0.665
0.665
0.669
0.679
0.684
0.683
0.677
0.669
0.657
0.648
0.636
0.641
0.638
0.64
0.647
0.656
0.657
0.659
0.655
0.652
0.657
0.667
0.675
0.676
0.694
0.71
0.728
0.727
0.738
0.724
0.728
0.728
0.723
0.712
0.689
0.668
0.649
0.642
0.631
0.63
0.61
0.608
0.617
0.633
0.67
0.666
0.652
0.658
0.668
0.681
0.706
0.718
0.719
0.715
0.717
0.699
0.683
0.673
0.68
0.67
0.667
0.645
0.64
0.642
0.628
0.641
0.631
0.646
0.643
0.688
0.719
0.708
0.744
0.783
0.755
0.755
0.762
0.749
0.732
0.716
0.697
0.671
0.666
0.668
0.708
0.719
0.738
0.708
0.696
0.708
0.709
0.681
0.699
0.697
0.685
0.679
0.67
0.648
0.646
0.644
0.644
0.662
0.668
0.685
0.676
0.666
0.671
0.664
0.646
0.644
0.644
0.644
0.66
0.667
0.694
0.698
0.7
0.708
0.683
0.658
0.654
0.64
0.63
0.626
0.634
0.658
0.667
0.686
0.693
0.703
0.682
0.669
0.658
0.644
0.636
0.654
0.676
0.703
0.723
0.733
0.738
0.74
0.733
0.706
0.677
0.667
0.675
0.658
0.651
0.643
0.643
0.645
0.646
0.634
0.626
0.63
0.633
0.648
0.67
0.703
0.736
0.738
0.728
0.728
0.738
0.73
0.725
0.695
0.684
0.677
0.665
0.664
0.663
0.669
0.656
0.65
0.654
0.654
0.652
0.657
0.66
0.648
0.65
0.655
0.65
0.644
0.634
0.617
0.604
0.602
0.605
0.6
0.606
0.623
0.648
0.68
0.703
0.717
0.713
0.708
0.703
0.689
0.67
0.653
0.644
0.653
0.669
0.683
0.689
0.688
0.702
0.697
0.695
0.677
0.661
0.655
0.666
0.66
0.663
0.677
0.671
0.664
0.662
0.662
0.654
0.634
0.638
0.654
0.666
0.649
0.649
0.634
0.65
0.652
0.662
0.651
0.635
0.641
0.63
0.622
0.616
0.618
0.629
0.651
0.681
0.701
0.721
0.717
0.725
0.749
0.755
0.744
0.727
0.728
0.719
0.719
0.692
0.677
0.664
0.657
0.667
0.676
0.678
0.714
0.755
0.756
0.774
0.791
0.793
0.79
0.735
0.702
0.692
0.692
0.686
0.668
0.675
0.698
0.727
0.727
0.765
0.768
0.763
0.768
0.752
0.738
0.732
0.747
0.762
0.778
0.781
0.756
0.716
0.72
0.714
0.712
0.69
0.7
0.707
0.701
0.706
0.723
0.714
0.717
0.714
0.724
0.716
0.703
0.705
0.712
0.73
0.739
0.722
0.731
0.732
0.744
0.75
0.774
0.773
0.765
0.761
0.747
0.739
0.726
0.704
0.678
0.673
0.659
0.653
0.665
0.67
0.698
0.714
0.711
0.72
0.719
0.708
0.698
0.7
0.719
0.733
0.74
0.7
0.699
0.682
0.664
0.666
0.684
0.682
0.689
0.724
0.75
0.75
0.743
0.714
0.702
0.706
0.708
0.718
0.721
0.738
0.725
0.718
0.686
0.663
0.646
0.636
0.633
0.644
0.666
0.675
0.69
0.712
0.74
0.766
0.791
0.801
0.777
0.775
0.762
0.74
0.717
0.705
0.706
0.705
0.702
0.684
0.685
0.684
0.707
0.698
0.685
0.677
0.666
0.655
0.638
0.64
0.641
0.665
0.71
0.716
0.702
0.712
0.744
0.762
0.766
0.75
0.729
0.717
0.693
0.709
0.693
0.693
0.698
0.728
0.735
0.733
0.726
0.698
0.698
0.689
0.674
0.663
0.644
0.634
0.635
0.654
0.661
0.666
0.672
0.68
0.708
0.725
0.696
0.703
0.699
0.704
0.702
0.692
0.688
0.687
0.667
0.668
0.67
0.662
0.66
0.654
0.656
0.653
0.637
0.641
0.651
0.661
0.671
0.671
0.676
0.688
0.682
0.684
0.689
0.68
0.676
0.676
0.679
0.674
0.694
0.698
0.712
0.725
0.707
0.701
0.694
0.676
0.678
0.653
0.66
0.662
0.65
0.661
0.665
0.647
0.64
0.627
0.633
0.636
0.65
0.668
0.689
0.707
0.721
0.72
0.734
0.733
0.71
0.731
0.709
0.717
0.718
0.72
0.731
0.725
0.709
0.731
0.717
0.718
0.706
0.713
0.708
0.7
0.702
0.697
0.692
0.688
0.703
0.718
0.736
0.717
0.688
0.684
0.681
0.666
0.655
0.639
0.625
0.624
0.618
0.618
0.632
0.631
0.666
0.695
0.718
0.701
0.708
0.724
0.721
0.735
0.709
0.707
0.716
0.685
0.682
0.675
0.676
0.678
0.665
0.67
0.671
0.682
0.682
0.66
0.648
0.63
0.625
0.615
0.623
0.632
0.638
0.631
0.647
0.644
0.647
0.654
0.652
0.644
0.642
0.64
0.645
0.657
0.655
0.657
0.649
0.655
0.65
0.653
0.648
0.63
0.622
0.62
0.618
0.624
0.625
0.629
0.632
0.642
0.655
0.661
0.683
0.683
0.694
0.703
0.692
0.7
0.699
0.689
0.673
0.69
0.69
0.706
0.71
0.721
0.719
0.707
0.697
0.678
0.676
0.68
0.698
0.706
0.711
0.719
0.691
0.693
0.687
0.683
0.673
0.675
0.655
0.658
0.663
0.656
0.656
0.634
0.64
0.634
0.649
0.683
0.706
0.721
0.761
0.771
0.778
0.768
0.769
0.737
0.735
0.736
0.718
0.708
0.7
0.68
0.698
0.708
0.689
0.685
0.688
0.687
0.698
0.712
0.706
0.702
0.716
0.717
0.72
0.696
0.681
0.675
0.682
0.688
0.694
0.682
0.683
0.666
0.671
0.667
0.676
0.668
0.677
0.672
0.661
0.674
0.665
0.661
0.649
0.665
0.659
0.678
0.656
0.636
0.622
0.607
0.59
0.581
0.578
0.581
0.587
0.598
0.623
0.639
0.654
0.672
0.675
0.672
0.695
0.694
0.679
0.66
0.682
0.691
0.707
0.699
0.694
0.69
0.667
0.668
0.653
0.652
0.644
0.644
0.646
0.654
0.68
0.701
0.696
0.725
0.721
0.718
0.747
0.737
0.713
0.713
0.702
0.692
0.687
0.684
0.679
0.704
0.711
0.719
0.709
0.706
0.704
0.703
0.704
0.694
0.687
0.693
0.683
0.696
0.688
0.682
0.693
0.704
0.687
0.667
0.664
0.663
0.664
0.666
0.685
0.69
0.672
0.648
0.636
0.635
0.637
0.64
0.653
0.67
0.658
0.654
0.678
0.701
0.7
0.697
0.708
0.696
0.682
0.688
0.675
0.665
0.656
0.685
0.687
0.7
0.704
0.683
0.672
0.673
0.674
0.682
0.691
0.699
0.694
0.674
0.666
0.654
0.652
0.654
0.653
0.66
0.661
0.667
0.679
0.682
0.674
0.684
0.697
0.707
0.712
0.711
0.708
0.704
0.702
0.706
0.707
0.707
0.687
0.662
0.667
0.674
0.678
0.693
0.695
0.71
0.716
0.704
0.7
0.678
0.68
0.686
0.677
0.681
0.689
0.708
0.705
0.708
0.692
0.672
0.669
0.671
0.659
0.653
0.656
0.651
0.656
0.671
0.667
0.674
0.665
0.657
0.652
0.641
0.634
0.644
0.641
0.634
0.637
0.633
0.642
0.646
0.625
0.628
0.624
0.62
0.605
0.605
0.609
0.619
0.645
0.675
0.694
0.678
0.695
0.699
0.694
0.71
0.706
0.702
0.68
0.681
0.68
0.671
0.667
0.671
0.677
0.667
0.675
0.684
0.688
0.69
0.703
0.696
0.68
0.665
0.68
0.697
0.712
0.706
0.693
0.666
0.653
0.639
0.637
0.634
0.644
0.637
0.627
0.64
0.667
0.683
0.725
0.736
0.746
0.76
0.752
0.732
0.734
0.716
0.691
0.692
0.672
0.66
0.656
0.653
0.673
0.677
0.696
0.705
0.702
0.705
0.712
0.745
0.71
0.694
0.699
0.692
0.68
0.681
0.682
0.668
0.678
0.685
0.701
0.709
0.713
0.719
0.708
0.676
0.666
0.661
0.655
0.663
0.674
0.685
0.69
0.673
0.673
0.656
0.641
0.633
0.622
0.625
0.612
0.619
0.619
0.619
0.649
0.68
0.696
0.708
0.717
0.728
0.72
0.701
0.706
0.701
0.692
0.706
0.712
0.71
0.708
0.708
0.701
0.711
0.698
0.696
0.708
0.696
0.696
0.679
0.683
0.679
0.676
0.7
0.745
0.733
0.73
0.722
0.696
0.69
0.666
0.651
0.644
0.637
0.614
0.605
0.608
0.616
0.631
0.652
0.655
0.689
0.743
0.787
0.777
0.777
0.793
0.773
0.759
0.752
0.747
0.773
0.732
0.731
0.729
0.707
0.678
0.675
0.692
0.714
0.727
0.732
0.727
0.72
0.688
0.672
0.666
0.663
0.67
0.675
0.666
0.649
0.657
0.625
0.63
0.631
0.626
0.647
0.649
0.649
0.646
0.644
0.647
0.64
0.648
0.655
0.669
0.68
0.702
0.682
0.682
0.673
0.662
0.651
0.667
0.661
0.667
0.668
0.669
0.669
0.673
0.653
0.647
0.646
0.653
0.662
0.674
0.697
0.655
0.67
0.649
0.644
0.629
0.631
0.642
0.662
0.687
0.692
0.693
0.688
0.669
0.661
0.668
0.672
0.659
0.672
0.692
0.717
0.73
0.73
0.743
0.724
0.7
0.701
0.703
0.706
0.711
0.709
0.707
0.696
0.699
0.71
0.694
0.67
0.656
0.649
0.637
0.644
0.68
0.695
0.701
0.696
0.701
0.692
0.678
0.659
0.662
0.66
0.662
0.673
0.682
0.71
0.734
0.743
0.748
0.735
0.73
0.714
0.706
0.694
0.693
0.709
0.723
0.72
0.714
0.694
0.7
0.723
0.745
0.786
0.7512753
0.807
0.791
0.749
0.747
0.711
0.713
0.698
0.695
0.682
0.67
0.668
0.674
0.69
0.684
0.682
0.688
0.698
0.692
0.713
0.708
0.723
0.732
0.749
0.727
0.736
0.752
0.747
0.76
0.76
0.727
0.717
0.707
0.689
0.684
0.669
0.685
0.686
0.709
0.719
0.719
0.744
0.764
0.768
0.766
0.75
0.75
0.75
0.746
0.72
0.711
0.709
0.703
0.686
0.685
0.683
0.678
0.696
0.718
0.717
0.731
0.727
0.734
0.729
0.728
0.711
0.703
0.707
0.724
0.751
0.768
0.77
0.739
0.723
0.715
0.694
0.672
0.662
0.654
0.632
0.631
0.632
0.659
0.677
0.684
0.679
0.709
0.711
0.708
0.718
0.705
0.673
0.661
0.619
0.608
0.602
0.585
0.565
0.562
0.554
0.552
0.554
0.555
0.562
0.57
0.577
0.582
0.585
0.584
0.586
0.582
0.58
0.571
0.556
0.551
0.544
0.538
0.529
0.528
0.527
0.525
0.528
0.538
0.54
0.557
0.575
0.552
0.559
0.54
0.535
0.545
0.56
0.552
0.555
0.558
0.55
0.554
0.54
0.544
0.556
0.563
0.551
0.556
0.558
0.567
0.565
0.556
0.557
0.554
0.56
0.559
0.56
0.566
0.563
0.564
0.566
0.581
0.592
0.587
0.609
0.623
0.614
0.617
0.611
0.607
0.6
0.597
0.591
0.592
0.592
0.592
0.593
0.587
0.596
0.605
0.604
0.598
0.59
0.587
0.578
0.568
0.566
0.576
0.568
0.574
0.585
0.602
0.602
0.62
0.63
0.634
0.636
0.639
0.637
0.65
0.643
0.64
0.636
0.64
0.637
0.643
0.652
0.672
0.665
0.651
0.635
0.625
0.62
0.619
0.607
0.614
0.625
0.623
0.637
0.65
0.63
0.644
0.652
0.645
0.643
0.633
0.622
0.629
0.666
0.691
0.705
0.715
0.72
0.753
0.769
0.765
0.786
0.725
0.69
0.682
0.665
0.653
0.657
0.653
0.651
0.645
0.649
0.64
0.641
0.642
0.636
0.64
0.645
0.643
0.654
0.67
0.694
0.696
0.66
0.643
0.636
0.63
0.619
0.619
0.616
0.609
0.615
0.6
0.598
0.6
0.606
0.602
0.598
0.586
0.582
0.576
0.581
0.575
0.575
0.58
0.604
0.611
0.636
0.629
0.641
0.649
0.643
0.644
0.637
0.62
0.623
0.621
0.619
0.627
0.628
0.634
0.638
0.645
0.648
0.655
0.66
0.671
0.673
0.679
0.672
0.657
0.629
0.623
0.633
0.623
0.643
0.638
0.65
0.654
0.677
0.666
0.68
0.685
0.679
0.674
0.676
0.671
0.664
0.66
0.654
0.649
0.64
0.64
0.636
0.643
0.632
0.623
0.625
0.622
0.626
0.611
0.616
0.605
0.602
0.591
0.603
0.605
0.618
0.617
0.627
0.625
0.613
0.603
0.607
0.593
0.586
0.583
0.587
0.6
0.596
0.61
0.614
0.599
0.612
0.628
0.633
0.64
0.65
0.662
0.655
0.664
0.65
0.638
0.627
0.638
0.643
0.677
0.676
0.686
0.727
0.725
0.723
0.716
0.695
0.689
0.673
0.669
0.664
0.657
0.653
0.656
0.635
0.626
0.623
0.624
0.625
0.624
0.632
0.648
0.662
0.66
0.651
0.66
0.654
0.654
0.642
0.659
0.651
0.643
0.655
0.649
0.641
0.649
0.634
0.636
0.642
0.64
0.631
0.638
0.657
0.656
0.656
0.698
0.695
0.674
0.672
0.656
0.647
0.638
0.647
0.674
0.677
0.665
0.687
0.692
0.725
0.721
0.732
0.71
0.697
0.673
0.668
0.653
0.648
0.651
0.665
0.693
0.708
0.703
0.717
0.719
0.731
0.735
0.724
0.726
0.718
0.716
0.724
0.727
0.716
0.709
0.703
0.693
0.686
0.681
0.687
0.692
0.683
0.685
0.675
0.668
0.662
0.661
0.668
0.664
0.651
0.633
0.614
0.601
0.592
0.583
0.583
0.579
0.579
0.584
0.584
0.589
0.588
0.599
0.595
0.605
0.6
0.603
0.614
0.627
0.613
0.608
0.61
0.603
0.6
0.585
0.585
0.585
0.58
0.575
0.574
0.572
0.575
0.588
0.601
0.59
0.588
0.583
0.583
0.579
0.568
0.587
0.612
0.624
0.625
0.646
0.642
0.632
0.639
0.638
0.616
0.6
0.587
0.586
0.609
0.609
0.593
0.599
0.613
0.605
0.602
0.61
0.637
0.615
0.619
0.63
0.632
0.615
0.623
0.642
0.655
0.633
0.636
0.634
0.62
0.595
0.599
0.583
0.585
0.595
0.599
0.601
0.593
0.592
0.583
0.568
0.562
0.566
0.56
0.569
0.567
0.569
0.565
0.567
0.56
0.577
0.597
0.623
0.65
0.656
0.674
0.678
0.679
0.671
0.691
0.647
0.648
0.646
0.633
0.633
0.626
0.625
0.614
0.609
0.6
0.602
0.61
0.607
0.602
0.604
0.605
0.6
0.596
0.591
0.595
0.594
0.585
0.593
0.583
0.583
0.576
0.58
0.573
0.57
0.568
0.577
0.585
0.585
0.597
0.591
0.594
0.599
0.62
0.612
0.61
0.605
0.604
0.61
0.606
0.607
0.625
0.632
0.624
0.622
0.615
0.621
0.628
0.648
0.673
0.668
0.672
0.683
0.674
0.667
0.681
0.677
0.667
0.692
0.67
0.66
0.66
0.678
0.67
0.677
0.669
0.67
0.67
0.646
0.642
0.626
0.62
0.615
0.631
0.632
0.632
0.639
0.674
0.68
0.677
0.703
0.734
0.732
0.727
0.73
0.705
0.696
0.707
0.723
0.694
0.708
0.715
0.699
0.676
0.67
0.658
0.657
0.663
0.664
0.668
0.695
0.694
0.705
0.669
0.664
0.651
0.651
0.665
0.683
0.697
0.682
0.666
0.662
0.651
0.655
0.668
0.666
0.65
0.669
0.674
0.69
0.672
0.668
0.664
0.653
0.643
0.653
0.666
0.67
0.68
0.678
0.67
0.658
0.647
0.617
0.604
0.59
0.592
0.567
0.557
0.556
0.549
0.548
0.549
0.556
0.557
0.56
0.553
0.552
0.548
0.559
0.557
0.554
0.562
0.561
0.556
0.559
0.556
0.552
0.563
0.572
0.583
0.611
0.625
0.633
0.652
0.669
0.661
0.653
0.654
0.647
0.645
0.644
0.637
0.64
0.631
0.625
0.627
0.618
0.616
0.643
0.651
0.641
0.646
0.64
0.665
0.652
0.628
0.616
0.599
0.581
0.581
0.567
0.578
0.565
0.562
0.574
0.563
0.577
0.57
0.571
0.564
0.578
0.577
0.59
0.59
0.605
0.625
0.63
0.651
0.622
0.619
0.62
0.62
0.628
0.61
0.618
0.617
0.624
0.616
0.619
0.608
0.615
0.623
0.614
0.604
0.612
0.612
0.612
0.599
0.66
0.668
0.691
0.672
0.679
0.704
0.714
0.708
0.702
0.718
0.712
0.722
0.694
0.665
0.656
0.666
0.666
0.663
0.688
0.735
0.719
0.74
0.773
0.758
0.765
0.756
0.745
0.717
0.729
0.724
0.725
0.72
0.683
0.69
0.698
0.717
0.705
0.691
0.695
0.689
0.66
0.664
0.676
0.709
0.75
0.751
0.75
0.708
0.688
0.667
0.667
0.674
0.686
0.718
0.735
0.749
0.756
0.72
0.735
0.735
0.725
0.711
0.732
0.741
0.735
0.73
0.708
0.707
0.736
0.73
0.735
0.739
0.713
0.709
0.709
0.699
0.7
0.68
0.677
0.681
0.675
0.659
0.647
0.631
0.625
0.632
0.64
0.639
0.66
0.699
0.713
0.71
0.698
0.691
0.699
0.702
0.697
0.675
0.668
0.66
0.673
0.677
0.675
0.66
0.655
0.639
0.636
0.633
0.643
0.642
0.646
0.653
0.671
0.668
0.669
0.687
0.701
0.705
0.692
0.699
0.699
0.689
0.692
0.711
0.715
0.708
0.733
0.734
0.717
0.737
0.718
0.711
0.686
0.669
0.667
0.678
0.682
0.672
0.671
0.691
0.688
0.701
0.671
0.673
0.664
0.64
0.631
0.612
0.62
0.602
0.598
0.599
0.593
0.587
0.588
0.595
0.607
0.623
0.646
0.623
0.624
0.619
0.632
0.639
0.645
0.663
0.742
0.718
0.701
0.676
0.67
0.664
0.654
0.646
0.645
0.654
0.654
0.666
0.686
0.683
0.678
0.695
0.709
0.701
0.696
0.684
0.699
0.676
0.661
0.708
0.676
0.679
0.669
0.669
0.663
0.664
0.675
0.682
0.681
0.69
0.687
0.686
0.695
0.706
0.711
0.694
0.683
0.666
0.654
0.657
0.652
0.663
0.675
0.684
0.69
0.716
0.75
0.736
0.706
0.7
0.698
0.73
0.71
0.703
0.713
0.733
0.751
0.724
0.727
0.718
0.72
0.72
0.697
0.7
0.683
0.669
0.665
0.683
0.701
0.688
0.67
0.702
0.702
0.692
0.68
0.684
0.687
0.659
0.654
0.65
0.672
0.679
0.685
0.664
0.672
0.684
0.676
0.662
0.669
0.682
0.679
0.681
0.7
0.693
0.704
0.684
0.7
0.703
0.687
0.667
0.657
0.655
0.662
0.691
0.716
0.705
0.698
0.713
0.708
0.687
0.666
0.668
0.676
0.678
0.69
0.684
0.689
0.697
0.666
0.65
0.638
0.643
0.645
0.64
0.64
0.641
0.647
0.65
0.642
0.623
0.614
0.615
0.605
0.608
0.601
0.611
0.602
0.587
0.584
0.59
0.587
0.579
0.572
0.572
0.571
0.579
0.577
0.586
0.588
0.594
0.591
0.599
0.604
0.59
0.596
0.585
0.578
0.577
0.573
0.577
0.587
0.59
0.595
0.602
0.625
0.619
0.62
0.638
0.641
0.64
0.649
0.643
0.637
0.625
0.629
0.625
0.629
0.625
0.644
0.659
0.572
0.724
0.63
0.611
0.604
0.611
0.62
0.633
0.677
0.724
0.743
0.767
0.763
0.729
0.738
0.712
0.69
0.684
0.663
0.664
0.659
0.634
0.632
0.634
0.63
0.622
0.62
0.625
0.638
0.649
0.688
0.73
0.711
0.722
0.753
0.76
0.747
0.72
0.711
0.693
0.688
0.656
0.638
0.627
0.624
0.609
0.61
0.608
0.607
0.596
0.622
0.602
0.607
0.612
0.632
0.656
0.668
0.659
0.661
0.669
0.657
0.661
0.665
0.651
0.641
0.631
0.655
0.66
0.662
0.638
0.642
0.653
0.652
0.655
0.645
0.645
0.647
0.639
0.649
0.672
0.684
0.681
0.7
0.698
0.675
0.654
0.646
0.65
0.633
0.634
0.635
0.644
0.66
0.66
0.655
0.678
0.678
0.668
0.676
0.675
0.648
0.636
0.648
0.691
0.706
0.689
0.679
0.676
0.671
0.664
0.652
0.645
0.629
0.621
0.61
0.61
0.606
0.628
0.634
0.656
0.672
0.678
0.695
0.697
0.691
0.689
0.697
0.685
0.696
0.69
0.734
0.709
0.729
0.742
0.71
0.721
0.704
0.683
0.65
0.636
0.629
0.643
0.662
0.687
0.718
0.719
0.7
0.705
0.696
0.693
0.703
0.688
0.705
0.72
0.706
0.71
0.697
0.7
0.728
0.74
0.732
0.708
0.704
0.686
0.672
0.653
0.647
0.665
0.683
0.694
0.676
0.7
0.692
0.688
0.679
0.658
0.669
0.659
0.645
0.656
0.663
0.68
0.672
0.71
0.725
0.723
0.702
0.691
0.683
0.687
0.67
0.658
0.66
0.665
0.681
0.663
0.661
0.661
0.667
0.658
0.671
0.669
0.678
0.667
0.654
0.652
0.63
0.641
0.637
0.641
0.64
0.627
0.611
0.614
0.629
0.634
0.626
0.616
0.617
0.609
0.596
0.586
0.587
0.593
0.604
0.622
0.618
0.613
0.62
0.633
0.641
0.632
0.622
0.625
0.625
0.63
0.636
0.634
0.631
0.63
0.617
0.62
0.627
0.622
0.613
0.608
0.626
0.613
0.62
0.631
0.641
0.653
0.641
0.635
0.639
0.653
0.632
0.629
0.631
0.639
0.63
0.621
0.632
0.651
0.663
0.677
0.672
0.657
0.665
0.651
0.642
0.641
0.639
0.64
0.642
0.646
0.646
0.64
0.642
0.648
0.652
0.648
0.643
0.654
0.658
0.658
0.66
0.654
0.646
0.646
0.625
0.622
0.612
0.62
0.608
0.61
0.621
0.619
0.619
0.632
0.643
0.649
0.642
0.642
0.648
0.639
0.639
0.634
0.634
0.62
0.612
0.606
0.604
0.607
0.617
0.619
0.625
0.605
0.609
0.609
0.618
0.615
0.624
0.631
0.656
0.677
0.691
0.669
0.652
0.64
0.633
0.612
0.602
0.602
0.603
0.605
0.617
0.621
0.63
0.631
0.655
0.663
0.656
0.641
0.646
0.659
0.665
0.655
0.65
0.651
0.65
0.645
0.636
0.625
0.614
0.617
0.624
0.634
0.664
0.668
0.683
0.65
0.644
0.64
0.642
0.646
0.643
0.649
0.657
0.677
0.68
0.664
0.661
0.636
0.628
0.614
0.597
0.592
0.589
0.59
0.592
0.592
0.613
0.622
0.632
0.621
0.615
0.623
0.639
0.639
0.649
0.636
0.638
0.65
0.646
0.636
0.642
0.616
0.621
0.611
0.599
0.601
0.6
0.591
0.602
0.616
0.625
0.628
0.657
0.652
0.657
0.663
0.671
0.651
0.638
0.626
0.628
0.623
0.619
0.615
0.616
0.622
0.64
0.658
0.647
0.644
0.647
0.629
0.638
0.647
0.666
0.683
0.674
0.664
0.659
0.669
0.672
0.666
0.652
0.636
0.641
0.661
0.7
0.724
0.718
0.75
0.735
0.718
0.683
0.663
0.657
0.654
0.656
0.654
0.658
0.673
0.682
0.723
0.691
0.688
0.672
0.661
0.654
0.628
0.619
0.608
0.615
0.606
0.619
0.622
0.625
0.638
0.653
0.67
0.685
0.675
0.693
0.678
0.668
0.666
0.662
0.665
0.647
0.637
0.642
0.638
0.643
0.642
0.631
0.632
0.625
0.616
0.606
0.608
0.61
0.616
0.598
0.611
0.602
0.592
0.589
0.573
0.583
0.562
0.567
0.569
0.567
0.568
0.568
0.575
0.584
0.589
0.59
0.585
0.595
0.586
0.59
0.584
0.573
0.561
0.561
0.562
0.57
0.578
0.576
0.599
0.608
0.611
0.63
0.625
0.628
0.627
0.628
0.617
0.607
0.598
0.597
0.602
0.603
0.608
0.62
0.63
0.634
0.651
0.663
0.671
0.652
0.644
0.646
0.662
0.667
0.659
0.661
0.65
0.666
0.662
0.647
0.662
0.674
0.682
0.663
0.654
0.655
0.657
0.665
0.644
0.642
0.648
0.658
0.65
0.657
0.655
0.664
0.652
0.63
0.615
0.604
0.606
0.61
0.595
0.591
0.599
0.598
0.589
0.583
0.58
0.581
0.584
0.613
0.601
0.619
0.617
0.606
0.601
0.608
0.615
0.629
0.614
0.622
0.626
0.639
0.618
0.613
0.61
0.604
0.602
0.6
0.602
0.61
0.607
0.6
0.604
0.621
0.611
0.623
0.633
0.655
0.674
0.67
0.684
0.713
0.729
0.714
0.707
0.716
0.727
0.712
0.702
0.709
0.706
0.697
0.691
0.696
0.686
0.659
0.66
0.657
0.662
0.655
0.66
0.676
0.681
0.678
0.685
0.67
0.662
0.65
0.636
0.619
0.614
0.616
0.61
0.617
0.635
0.647
0.654
0.633
0.632
0.615
0.601
0.599
0.602
0.603
0.616
0.639
0.668
0.689
0.689
0.706
0.704
0.696
0.708
0.705
0.678
0.664
0.643
0.625
0.616
0.631
0.63
0.64
0.638
0.639
0.627
0.625
0.62
0.624
0.627
0.621
0.618
0.617
0.615
0.611
0.607
0.612
0.622
0.634
0.65
0.643
0.644
0.631
0.62
0.603
0.588
0.585
0.594
0.611
0.636
0.65
0.641
0.662
0.666
0.653
0.653
0.663
0.68
0.655
0.659
0.66
0.661
0.646
0.649
0.655
0.656
0.66
0.643
0.639
0.629
0.62
0.628
0.635
0.649
0.646
0.647
0.631
0.626
0.626
0.611
0.608
0.618
0.638
0.646
0.68
0.681
0.677
0.684
0.685
0.68
0.697
0.703
0.695
0.674
0.646
0.638
0.623
0.617
0.602
0.6
0.603
0.616
0.609
0.615
0.613
0.613
0.606
0.599
0.599
0.587
0.588
0.59
0.597
0.61
0.609
0.623
0.645
0.646
0.66
0.655
0.643
0.616
0.602
0.587
0.583
0.582
0.584
0.58
0.572
0.57
0.61
0.623
0.617
0.635
0.637
0.654
0.67
0.668
0.65
0.659
0.652
0.635
0.65
0.641
0.664
0.683
0.666
0.65
0.634
0.632
0.634
0.628
0.625
0.616
0.609
0.602
0.593
0.599
0.613
0.622
0.637
0.639
0.652
0.663
0.666
0.683
0.697
0.677
0.665
0.643
0.642
0.644
0.644
0.643
0.626
0.631
0.632
0.633
0.632
0.621
0.605
0.601
0.601
0.613
0.614
0.616
0.625
0.628
0.63
0.641
0.665
0.686
0.675
0.68
0.669
0.689
0.675
0.681
0.709
0.697
0.707
0.708
0.705
0.68
0.677
0.658
0.647
0.651
0.654
0.65
0.637
0.625
0.626
0.622
0.623
0.643
0.643
0.651
0.656
0.666
0.682
0.681
0.667
0.675
0.707
0.687
0.669
0.673
0.675
0.646
0.647
0.632
0.637
0.635
0.631
0.625
0.615
0.62
0.631
0.633
0.639
0.64
0.643
0.662
0.639
0.628
0.621
0.625
0.63
0.626
0.626
0.635
0.65
0.651
0.636
0.633
0.635
0.622
0.621
0.621
0.625
0.622
0.613
0.618
0.616
0.625
0.628
0.617
0.618
0.627
0.631
0.625
0.616
0.625
0.623
0.637
0.639
0.63
0.622
0.613
0.615
0.604
0.604
0.6
0.61
0.632
0.64
0.628
0.632
0.646
0.658
0.661
0.672
0.687
0.679
0.693
0.693
0.685
0.677
0.649
0.635
0.629
0.612
0.609
0.599
0.606
0.62
0.62
0.62
0.642
0.645
0.65
0.641
0.642
0.654
0.664
0.655
0.649
0.625
0.614
0.611
0.603
0.606
0.603
0.625
0.631
0.625
0.624
0.638
0.657
0.657
0.677
0.683
0.671
0.664
0.652
0.651
0.645
0.645
0.632
0.627
0.623
0.625
0.638
0.625
0.618
0.614
0.612
0.622
0.618
0.615
0.632
0.667
0.671
0.667
0.657
0.652
0.661
0.66
0.655
0.646
0.644
0.646
0.632
0.641
0.641
0.648
0.649
0.656
0.652
0.657
0.65
0.658
0.642
0.637
0.639
0.639
0.631
0.622
0.627
0.634
0.617
0.619
0.625
0.645
0.665
0.663
0.654
0.655
0.648
0.629
0.622
0.625
0.623
0.618
0.618
0.618
0.624
0.639
0.628
0.636
0.65
0.639
0.635
0.63
0.639
0.635
0.62
0.61
0.605
0.613
0.606
0.597
0.612
0.613
0.626
0.661
0.673
0.654
0.634
0.639
0.628
0.644
0.657
0.644
0.639
0.638
0.618
0.608
0.593
0.589
0.59
0.595
0.608
0.608
0.619
0.633
0.649
0.65
0.642
0.647
0.666
0.671
0.659
0.683
0.652
0.632
0.621
0.611
0.622
0.621
0.633
0.645
0.639
0.628
0.617
0.617
0.617
0.63
0.627
0.632
0.64
0.646
0.647
0.638
0.621
0.614
0.61
0.603
0.596
0.583
0.601
0.621
0.637
0.624
0.627
0.637
0.632
0.632
0.623
0.625
0.625
0.617
0.611
0.617
0.616
0.623
0.611
0.62
0.626
0.634
0.616
0.625
0.625
0.624
0.624
0.627
0.639
0.642
0.646
0.64
0.638
0.614
0.604
0.59
0.589
0.593
0.597
0.606
0.608
0.61
0.601
0.597
0.602
0.607
0.622
0.638
0.628
0.632
0.636
0.633
0.624
0.613
0.628
0.632
0.653
0.672
0.67
0.662
0.664
0.664
0.657
0.649
0.625
0.623
0.626
0.632
0.648
0.648
0.632
0.658
0.675
0.659
0.689
0.68
0.702
0.667
0.655
0.656
0.656
0.637
0.633
0.654
0.674
0.71
0.72
0.684
0.667
0.664
0.678
0.689
0.694
0.691
0.696
0.706
0.714
0.724
0.702
0.71
0.703
0.703
0.7
0.695
0.703
0.695
0.682
0.676
0.659
0.64
0.625
0.625
0.627
0.635
0.628
0.618
0.62
0.634
0.631
0.636
0.628
0.621
0.639
0.635
0.633
0.637
0.634
0.662
0.671
0.656
0.648
0.648
0.652
0.633
0.633
0.638
0.631
0.625
0.64
0.647
0.667
0.693
0.682
0.669
0.674
0.643
0.624
0.631
0.627
0.629
0.644
0.641
0.627
0.625
0.615
0.62
0.631
0.63
0.643
0.659
0.661
0.661
0.681
0.694
0.666
0.669
0.667
0.666
0.652
0.647
0.636
0.628
0.623
0.619
0.631
0.621
0.623
0.629
0.619
0.619
0.612
0.625
0.625
0.604
0.602
0.607
0.612
0.637
0.653
0.661
0.665
0.68
0.679
0.658
0.665
0.661
0.645
0.634
0.646
0.666
0.693
0.703
0.728
0.701
0.677
0.682
0.679
0.654
0.667
0.666
0.671
0.65
0.643
0.644
0.638
0.633
0.614
0.625
0.621
0.611
0.604
0.605
0.625
0.625
0.625
0.631
0.648
0.634
0.63
0.635
0.648
0.647
0.656
0.657
0.669
0.673
0.684
0.694
0.697
0.688
0.684
0.667
0.66
0.647
0.639
0.632
0.617
0.615
0.605
0.601
0.611
0.603
0.604
0.598
0.604
0.603
0.607
0.62
0.613
0.606
0.595
0.599
0.592
0.585
0.577
0.585
0.597
0.622
0.643
0.67
0.711
0.714
0.708
0.694
0.678
0.676
0.657
0.648
0.634
0.627
0.634
0.653
0.668
0.668
0.676
0.667
0.676
0.674
0.661
0.658
0.621
0.615
0.603
0.59
0.594
0.597
0.61
0.61
0.601
0.597
0.599
0.59
0.608
0.586
0.577
0.581
0.572
0.565
0.558
0.552
0.551
0.554
0.549
0.55
0.555
0.558
0.56
0.562
0.554
0.553
0.55
0.549
0.557
0.561
0.583
0.597
0.612
0.631
0.67
0.68
0.667
0.666
0.665
0.642
0.619
0.614
0.612
0.61
0.609
0.602
0.603
0.603
0.608
0.609
0.6
0.601
0.591
0.604
0.594
0.593
0.603
0.607
0.61
0.6
0.609
0.597
0.601
0.5929393
0.678
0.671
0.673
0.697
0.7
0.694
0.694
0.711
0.699
0.694
0.662
0.66
0.649
0.66
0.665
0.664
0.679
0.715
0.706
0.707
0.724
0.745
0.7
0.713
0.72
0.714
0.715
0.708
0.687
0.666
0.658
0.647
0.654
0.662
0.661
0.669
0.678
0.702
0.72
0.6352497
0.6274835
0.77
0.5763332
0.6200549
0.6944986
0.645678
0.6254896
0.6026748
0.746
0.753
0.739
0.712
0.662
0.666
0.666
0.624
0.615
0.614
0.607
0.593
0.592
0.582
0.579
0.575
0.581
0.579
0.58
0.571
0.581
0.578
0.58
0.588
0.599
0.606
0.62
0.611
0.605
0.601
0.591
0.581
0.577
0.573
0.576
0.583
0.588
0.604
0.604
0.613
0.611
0.604
0.606
0.595
0.576
0.588
0.583
0.567
0.571
0.564
0.555
0.553
0.546
0.551
0.539
0.533
0.53
0.54
0.532
0.534
0.519
0.523
0.517
0.522
0.515
0.515
0.522
0.509
0.513
0.529
0.523
0.508
0.518
0.519
0.509
0.511
0.518
0.51
0.505
0.504
0.502
0.498
0.502
0.497
0.49
0.489
0.498
0.5
0.509
0.506
0.503
0.511
0.513
0.518
0.506
0.502
0.508
0.509
0.508
0.511
0.52
0.514
0.51
0.509
0.512
0.505
0.506
0.517
0.518
0.517
0.519
0.517
0.519
0.523
0.515
0.522
0.52
0.52
0.516
0.508
0.505
0.501
0.496
0.49
0.489
0.498
0.504
0.504
0.505
0.505
0.503
0.505
0.505
0.501
0.513
0.523
0.514
0.516
0.524
0.531
0.528
0.516
0.516
0.515
0.521
0.535
0.573
0.577
0.57
0.566
0.559
0.545
0.548
0.551
0.55
0.548
0.551
0.553
0.559
0.567
0.592
0.596
0.599
0.593
0.589
0.57
0.568
0.573
0.577
0.568
0.56
0.564
0.57
0.579
0.57
0.574
0.574
0.573
0.583
0.577
0.566
0.559
0.56
0.562
0.551
0.552
0.563
0.577
0.598
0.605
0.601
0.616
0.631
0.633
0.629
0.649
0.667
0.674
0.674
0.661
0.666
0.68
0.684
0.692
0.693
0.684
0.665
0.639
0.622
0.629
0.605
0.596
0.597
0.612
0.628
0.652
0.679
0.691
0.71
0.756
0.758
0.746
0.758
0.747
0.7
0.696
0.69
0.709
0.691
0.675
0.682
0.692
0.724
0.71
0.734
0.747
0.744
0.708
0.715
0.719
0.697
0.696
0.713
0.708
0.709
0.708
0.703
0.665
0.667
0.654
0.642
0.626
0.619
0.598
0.595
0.601
0.607
0.632
0.661
0.723
0.705
0.729
0.707
0.698
0.713
0.724
0.689
0.696
0.711
0.722
0.687
0.685
0.677
0.666
0.685
0.695
0.73
0.703
0.688
0.73
0.75
0.705
0.728
0.708
0.685
0.681
0.689
0.718
0.73
0.745
0.717
0.718
0.74
0.75
0.708
0.714
0.712
0.668
0.633
0.624
0.613
0.61
0.619
0.615
0.634
0.649
0.656
0.659
0.644
0.641
0.636
0.625
0.624
0.618
0.608
0.605
0.589
0.583
0.584
0.583
0.588
0.605
0.605
0.599
0.594
0.613
0.625
0.631
0.625
0.632
0.617
0.608
0.617
0.618
0.609
0.611
0.625
0.651
0.658
0.665
0.649
0.691
0.692
0.7
0.696
0.685
0.666
0.657
0.653
0.664
0.659
0.651
0.629
0.638
0.637
0.63
0.621
0.633
0.673
0.718
0.754
0.759
0.5185654
0.753
0.732
0.704
0.681
0.666
0.649
0.666
0.654
0.642
0.651
0.655
0.651
0.66
0.668
0.663
0.656
0.66
0.651
0.657
0.65
0.639
0.634
0.64
0.63
0.621
0.621
0.628
0.631
0.631
0.633
0.625
0.64
0.636
0.628
0.624
0.619
0.606
0.589
0.586
0.59
0.591
0.586
0.58
0.583
0.594
0.607
0.633
0.636
0.668
0.658
0.653
0.638
0.625
0.603
0.598
0.593
0.595
0.603
0.615
0.614
0.608
0.619
0.625
0.649
0.641
0.649
0.634
0.622
0.601
0.595
0.582
0.579
0.586
0.603
0.603
0.623
0.623
0.632
0.644
0.659
0.673
0.666
0.647
0.63
0.611
0.596
0.592
0.586
0.582
0.582
0.583
0.581
0.583
0.601
0.592
0.597
0.608
0.613
0.619
0.613
0.606
0.598
0.602
0.603
0.6
0.59
0.6
0.619
0.642
0.649
0.621
0.612
0.598
0.595
0.587
0.595
0.608
0.63
0.629
0.657
0.662
0.656
0.66
0.66
0.632
0.63
0.643
0.629
0.637
0.643
0.636
0.611
0.609
0.605
0.616
0.62
0.626
0.62
0.632
0.655
0.666
0.656
0.64
0.637
0.634
0.626
0.619
0.616
0.602
0.586
0.574
0.568
0.557
0.567
0.572
0.591
0.607
0.626
0.672
0.682
0.675
0.705
0.722
0.711
0.693
0.666
0.631
0.624
0.609
0.604
0.615
0.616
0.625
0.647
0.687
0.692
0.704
0.701
0.699
0.679
0.663
0.648
0.633
0.606
0.578
0.56
0.554
0.552
0.562
0.571
0.559
0.581
0.603
0.667
0.646
0.643
0.667
0.675
0.681
0.676
0.673
0.668
0.66
0.638
0.614
0.586
0.576
0.579
0.573
0.583
0.593
0.6
0.602
0.627
0.642
0.654
0.665
0.684
0.673
0.665
0.662
0.65
0.628
0.613
0.594
0.585
0.583
0.591
0.594
0.608
0.619
0.656
0.687
0.689
0.686
0.69
0.668
0.66
0.653
0.651
0.645
0.62
0.595
0.572
0.56
0.563
0.563
0.564
0.566
0.6
0.633
0.642
0.653
0.671
0.669
0.664
0.655
0.626
0.6
0.574
0.561
0.552
0.553
0.556
0.562
0.582
0.585
0.625
0.623
0.614
0.638
0.634
0.643
0.646
0.632
0.623
0.617
0.598
0.581
0.564
0.543
0.542
0.549
0.546
0.552
0.558
0.585
0.588
0.601
0.596
0.607
0.614
0.611
0.621
0.619
0.616
0.603
0.584
0.563
0.545
0.544
0.542
0.542
0.553
0.558
0.562
0.594
0.596
0.611
0.609
0.616
0.612
0.608
0.61
0.607
0.601
0.587
0.565
0.554
0.541
0.542
0.541
0.543
0.555
0.57
0.574
0.579
0.587
0.613
0.637
0.637
0.632
0.622
0.625
0.605
0.59
0.58
0.571
0.57
0.556
0.551
0.562
0.574
0.601
0.618
0.635
0.629
0.62
0.613
0.615
0.601
0.593
0.59
0.58
0.576
0.582
0.578
0.576
0.573
0.569
0.572
0.575
0.574
0.574
0.573
0.578
0.58
0.574
0.58
0.568
0.57
0.576
0.59
0.593
0.605
0.587
0.594
0.603
0.605
0.605
0.601
0.614
0.625
0.626
0.628
0.632
0.635
0.638
0.642
0.635
0.61
0.626
0.615
0.626
0.632
0.629
0.62
0.616
0.627
0.621
0.628
0.622
0.634
0.664
0.648
0.652
0.666
0.649
0.632
0.628
0.622
0.607
0.613
0.621
0.623
0.616
0.626
0.661
0.673
0.668
0.671
0.672
0.657
0.654
0.65
0.646
0.626
0.645
0.65
0.648
0.646
0.641
0.651
0.64
0.628
0.616
0.603
0.597
0.592
0.58
0.578
0.59
0.59
0.591
0.591
0.592
0.6
0.596
0.596
0.597
0.589
0.58
0.576
0.567
0.555
0.547
0.539
0.539
0.558
0.579
0.622
0.625
0.636
0.631
0.624
0.619
0.611
0.615
0.609
0.601
0.604
0.604
0.607
0.611
0.624
0.627
0.628
0.62
0.6
0.598
0.583
0.579
0.568
0.566
0.571
0.582
0.585
0.592
0.594
0.588
0.592
0.587
0.592
0.593
0.6
0.595
0.609
0.611
0.614
0.618
0.603
0.606
0.597
0.59
0.586
0.584
0.581
0.577
0.579
0.575
0.573
0.577
0.594
0.612
0.627
0.652
0.658
0.652
0.632
0.626
0.627
0.625
0.616
0.613
0.619
0.623
0.618
0.615
0.611
0.61
0.612
0.602
0.607
0.618
0.615
0.629
0.625
0.625
0.622
0.622
0.621
0.611
0.598
0.594
0.582
0.57
0.56
0.555
0.561
0.564
0.558
0.568
0.582
0.597
0.613
0.664
0.677
0.703
0.707
0.727
0.738
0.737
0.718
0.719
0.714
0.694
0.685
0.673
0.657
0.658
0.651
0.688
0.709
0.702
0.707
0.704
0.702
0.696
0.708
0.696
0.691
0.685
0.68
0.674
0.661
0.647
0.639
0.619
0.624
0.611
0.629
0.644
0.666
0.645
0.643
0.657
0.671
0.678
0.673
0.673
0.672
0.658
0.661
0.659
0.659
0.673
0.666
0.664
0.669
0.7
0.715
0.698
0.705
0.666
0.661
0.654
0.652
0.66
0.667
0.676
0.7
0.695
0.702
0.7
0.699
0.699
0.688
0.695
0.696
0.686
0.679
0.678
0.69
0.668
0.669
0.666
0.672
0.668
0.69
0.665
0.666
0.662
0.66
0.643
0.619
0.601
0.584
0.579
0.578
0.588
0.6
0.619
0.636
0.665
0.698
0.703
0.704
0.707
0.694
0.697
0.687
0.679
0.672
0.675
0.668
0.666
0.665
0.659
0.661
0.666
0.644
0.643
0.638
0.647
0.63
0.632
0.624
0.624
0.625
0.625
0.639
0.633
0.647
0.65
0.657
0.652
0.651
0.638
0.641
0.644
0.648
0.636
0.635
0.629
0.61
0.599
0.596
0.597
0.601
0.6
0.61
0.617
0.635
0.656
0.668
0.68
0.683
0.672
0.68
0.654
0.653
0.656
0.652
0.653
0.664
0.663
0.666
0.671
0.67
0.661
0.658
0.642
0.636
0.633
0.615
0.609
0.597
0.587
0.58
0.577
0.605
0.605
0.598
0.604
0.604
0.598
0.6
0.594
0.598
0.601
0.602
0.621
0.616
0.621
0.629
0.623
0.621
0.618
0.625
0.626
0.627
0.624
0.625
0.621
0.625
0.608
0.611
0.611
0.617
0.618
0.617
0.622
0.627
0.637
0.633
0.639
0.631
0.629
0.624
0.611
0.611
0.602
0.615
0.62
0.627
0.629
0.625
0.622
0.617
0.612
0.625
0.636
0.65
0.665
0.668
0.688
0.677
0.677
0.655
0.645
0.639
0.646
0.656
0.654
0.661
0.666
0.664
0.646
0.642
0.643
0.627
0.63
0.635
0.639
0.633
0.636
0.634
0.64
0.623
0.611
0.595
0.583
0.583
0.577
0.579
0.584
0.599
0.604
0.603
0.616
0.666
0.663
0.668
0.675
0.674
0.668
0.673
0.663
0.658
0.653
0.669
0.674
0.676
0.677
0.673
0.668
0.676
0.67
0.672
0.668
0.666
0.661
0.664
0.67
0.66
0.647
0.653
0.649
0.659
0.645
0.647
0.652
0.657
0.656
0.646
0.64
0.64
0.637
0.636
0.635
0.647
0.647
0.642
0.643
0.625
0.622
0.644
0.649
0.649
0.669
0.654
0.674
0.66
0.654
0.646
0.644
0.648
0.655
0.649
0.659
0.666
0.686
0.709
0.715
0.719
0.72
0.708
0.691
0.688
0.665
0.662
0.65
0.654
0.635
0.631
0.62
0.62
0.618
0.624
0.627
0.629
0.635
0.645
0.655
0.654
0.652
0.649
0.648
0.653
0.65
0.661
0.652
0.647
0.631
0.626
0.624
0.624
0.631
0.633
0.638
0.657
0.671
0.693
0.713
0.724
0.717
0.713
0.715
0.719
0.708
0.689
0.679
0.675
0.672
0.68
0.682
0.664
0.677
0.673
0.67
0.668
0.658
0.651
0.654
0.652
0.655
0.649
0.635
0.624
0.611
0.609
0.609
0.615
0.621
0.611
0.625
0.627
0.631
0.629
0.62
0.617
0.608
0.609
0.599
0.597
0.59
0.595
0.595
0.594
0.602
0.616
0.625
0.619
0.615
0.62
0.631
0.627
0.632
0.627
0.632
0.636
0.624
0.631
0.619
0.62
0.623
0.614
0.62
0.614
0.617
0.624
0.659
0.655
0.651
0.642
0.648
0.647
0.641
0.656
0.64
0.633
0.637
0.642
0.653
0.648
0.657
0.655
0.655
0.652
0.658
0.662
0.663
0.664
0.664
0.666
0.669
0.666
0.678
0.678
0.681
0.666
0.67
0.663
0.657
0.643
0.645
0.636
0.642
0.64
0.655
0.678
0.674
0.663
0.648
0.64
0.63
0.634
0.616
0.61
0.603
0.602
0.596
0.602
0.599
0.599
0.597
0.597
0.605
0.595
0.606
0.62
0.643
0.642
0.647
0.642
0.641
0.642
0.654
0.645
0.67
0.689
0.695
0.695
0.696
0.681
0.707
0.689
0.671
0.666
0.665
0.668
0.666
0.666
0.649
0.651
0.633
0.635
0.619
0.616
0.602
0.601
0.614
0.6
0.599
0.587
0.586
0.577
0.585
0.582
0.587
0.593
0.589
0.597
0.592
0.599
0.607
0.63
0.631
0.634
0.64
0.657
0.64
0.642
0.642
0.639
0.638
0.628
0.626
0.628
0.631
0.645
0.654
0.668
0.681
0.694
0.696
0.698
0.682
0.682
0.679
0.676
0.679
0.692
0.702
0.697
0.69
0.684
0.668
0.657
0.642
0.631
0.617
0.602
0.61
0.617
0.627
0.62
0.625
0.608
0.608
0.601
0.606
0.608
0.61
0.584
0.596
0.597
0.604
0.603
0.605
0.594
0.589
0.581
0.578
0.574
0.567
0.566
0.563
0.558
0.556
0.56
0.566
0.571
0.562
0.561
0.554
0.552
0.545
0.536
0.538
0.528
0.529
0.526
0.526
0.529
0.541
0.546
0.566
0.568
0.582
0.589
0.594
0.584
0.579
0.563
0.556
0.544
0.53
0.524
0.522
0.527
0.526
0.525
0.52
0.515
0.518
0.518
0.517
0.515
0.514
0.516
0.513
0.513
0.516
0.507
0.511
0.513
0.512
0.519
0.519
0.519
0.524
0.52
0.513
0.513
0.511
0.508
0.504
0.501
0.504
0.506
0.514
0.503
0.508
0.506
0.504
0.504
0.504
0.497
0.496
0.497
0.495
0.491
0.495
0.495
0.493
0.493
0.494
0.499
0.491
0.492
0.489
0.487
0.485
0.486
0.486
0.489
0.486
0.484
0.49
0.487
0.492
0.492
0.491
0.49
0.487
0.49
0.493
0.486
0.487
0.487
0.482
0.481
0.481
0.479
0.478
0.477
0.477
0.476
0.473
0.469
0.468
0.466
0.463
0.465
0.466
0.466
0.467
0.462
0.461
0.46
0.459
0.457
0.457
0.458
0.455
0.454
0.454
0.453
0.45
0.447
0.448
0.45
0.451
0.445
0.444
0.444
0.445
0.447
0.445
0.442
0.444
0.443
0.44
0.441
0.44
0.444
0.444
0.438
0.438
0.437
0.442
0.436
0.437
0.438
0.438
0.435
0.431
0.43
0.43
0.432
0.433
0.429
0.427
0.425
0.428
0.427
0.423
0.424
0.425
0.422
0.42
0.422
0.421
0.422
0.423
0.417
0.42
0.418
0.421
0.421
0.419
0.418
0.423
0.421
0.419
0.416
0.419
0.421
0.419
0.418
0.416
0.419
0.42
0.418
0.418
0.415
0.418
0.419
0.423
0.417
0.416
0.418
0.42
0.421
0.418
0.416
0.418
0.419
0.417
0.416
0.417
0.418
0.418
0.415
0.416
0.417
0.417
0.415
0.413
0.414
0.415
0.415
0.413
0.412
0.412
0.412
0.414
0.411
0.408
0.412
0.412
0.408
0.6105932
0.4832468
0.409
0.411
0.5913625
0.6488041
0.4840692
0.5894884
0.542128
0.4777702
0.4805951
0.4763283
0.5289303
0.4831983
0.5888145
0.6581979
0.4917867
0.5937231
0.592806
0.5713453
0.5054833
0.5491585
0.541253
0.5826909
0.5367345
0.603034
0.5366331
0.606759
0.5034938
0.4931305
0.7142797
0.5345668
0.5697018
0.5863272
0.531286
0.5804509
0.5731872
0.5444806
0.558273
0.5533942
0.6596432
0.5186514
0.5012297
0.5569365
0.5703373
0.5765331
0.5325699
0.5028511
0.6171578
0.5379216
0.5125805
0.543499
0.5454239
0.6096464
0.5592824
0.5921705
0.5305968
0.5656675
0.5391839
0.5597873
0.5111549
0.4907487
0.6532785
0.584672
0.4936877
0.5251415
0.49693
0.6632078
0.6196636
0.5421624
0.5818821
0.5348432
0.5318073
0.5164667
0.5260031
0.6363332
0.5525745
0.5610936
0.5672137
0.6157999
0.5298993
0.5064978
0.6375952
0.533599
0.5197557
0.4945484
0.4921754
0.5271018
0.5856709
0.6098438
0.5900879
0.5374644
0.5582744
0.5207293
0.5201171
0.408
0.5988342
0.5054822
0.6514524
0.5509584
0.5659449
0.409
0.41
0.416
0.416
0.416
0.419
0.422
0.423
0.425
0.42
0.424
0.425
0.428
0.422
0.423
0.425
0.43
0.428
0.432
0.432
0.425
0.424
0.436
0.428
0.423
0.43
0.431
0.436
0.429
0.426
0.436
0.438
0.435
0.43
0.431
0.431
0.433
0.434
0.438
0.443
0.447
0.443
0.445
0.451
0.463
0.471
0.47
0.467
0.47
0.476
0.482
0.48
0.471
0.467
0.468
0.467
0.47
0.481
0.472
0.472
0.479
0.486
0.486
0.479
0.476
0.473
0.482
0.48
0.48
0.479
0.483
0.495
0.503
0.522
0.517
0.515
0.537
0.549
0.542
0.541
0.527
0.536
0.534
0.546
0.559
0.524
0.588
0.55
0.54
0.528
0.523
0.535
0.512
0.523
0.523
0.541
0.534
0.526
0.537
0.54
0.53
0.521
0.531
0.533
0.547
0.537
0.544
0.582
0.581
0.571
0.598
0.584
0.603
0.608
0.589
0.576
0.585
0.595
0.583
0.576
0.574
0.575
0.58
0.579
0.561
0.547
0.545
0.553
0.559
0.567
0.579
0.56
0.554
0.559
0.562
0.56
0.546
0.553
0.554
0.575
0.579
0.571
0.565
0.577
0.605
0.611
0.6
0.635
0.652
0.638
0.626
0.625
0.62
0.613
0.604
0.605
0.599
0.601
0.601
0.595
0.598
0.591
0.591
0.59
0.587
0.593
0.608
0.616
0.616
0.607
0.601
0.6
0.604
0.607
0.612
0.62
0.638
0.65
0.652
0.65
0.657
0.661
0.646
0.64
0.638
0.62
0.618
0.617
0.625
0.625
0.623
0.615
0.618
0.613
0.613
0.614
0.609
0.612
0.615
0.625
0.627
0.629
0.645
0.649
0.641
0.638
0.645
0.652
0.636
0.628
0.616
0.615
0.611
0.611
0.604
0.603
0.597
0.603
0.599
0.598
0.595
0.593
0.6
0.601
0.604
0.611
0.617
0.612
0.613
0.626
0.639
0.641
0.632
0.644
0.646
0.64
0.639
0.645
0.655
0.644
0.643
0.654
0.661
0.651
0.663
0.671
0.663
0.655
0.675
0.681
0.664
0.66
0.664
0.673
0.646
0.639
0.629
0.616
0.613
0.609
0.61
0.607
0.622
0.625
0.641
0.649
0.65
0.654
0.652
0.648
0.634
0.633
0.636
0.632
0.651
0.658
0.657
0.666
0.665
0.668
0.653
0.658
0.666
0.666
0.663
0.665
0.665
0.651
0.652
0.644
0.643
0.64
0.649
0.649
0.659
0.645
0.64
0.642
0.642
0.626
0.625
0.625
0.633
0.633
0.638
0.638
0.641
0.631
0.628
0.625
0.613
0.613
0.632
0.637
0.633
0.628
0.626
0.624
0.622
0.616
0.613
0.62
0.615
0.623
0.623
0.632
0.642
0.648
0.652
0.657
0.663
0.668
0.664
0.666
0.654
0.632
0.634
0.625
0.623
0.625
0.623
0.622
0.632
0.636
0.648
0.648
0.652
0.66
0.663
0.665
0.666
0.658
0.656
0.644
0.646
0.651
0.653
0.656
0.667
0.676
0.676
0.666
0.656
0.638
0.629
0.62
0.621
0.628
0.629
0.629
0.643
0.652
0.642
0.641
0.65
0.647
0.654
0.655
0.666
0.658
0.654
0.65
0.655
0.642
0.659
0.657
0.655
0.653
0.653
0.645
0.64
0.637
0.628
0.63
0.63
0.63
0.628
0.638
0.645
0.651
0.64
0.638
0.638
0.625
0.624
0.619
0.621
0.61
0.613
0.605
0.608
0.612
0.616
0.619
0.625
0.635
0.642
0.651
0.651
0.656
0.649
0.649
0.649
0.654
0.648
0.649
0.654
0.654
0.661
0.666
0.667
0.668
0.666
0.668
0.674
0.673
0.677
0.673
0.685
0.692
0.686
0.685
0.685
0.692
0.68
0.675
0.664
0.653
0.646
0.63
0.622
0.617
0.609
0.612
0.618
0.621
0.632
0.641
0.641
0.658
0.678
0.696
0.699
0.706
0.709
0.692
0.666
0.648
0.634
0.623
0.625
0.621
0.621
0.626
0.631
0.637
0.631
0.641
0.639
0.643
0.649
0.643
0.652
0.651
0.65
0.643
0.642
0.643
0.644
0.643
0.651
0.645
0.64
0.641
0.63
0.625
0.631
0.625
0.628
0.631
0.637
0.641
0.645
0.651
0.649
0.644
0.628
0.625
0.611
0.604
0.596
0.588
0.587
0.588
0.597
0.608
0.618
0.614
0.615
0.622
0.629
0.622
0.622
0.624
0.612
0.615
0.623
0.623
0.621
0.626
0.633
0.63
0.632
0.639
0.636
0.64
0.64
0.64
0.631
0.626
0.615
0.605
0.601
0.592
0.594
0.588
0.592
0.603
0.602
0.604
0.608
0.613
0.618
0.623
0.628
0.632
0.625
0.632
0.632
0.646
0.63
0.636
0.632
0.632
0.622
0.625
0.625
0.632
0.625
0.623
0.628
0.633
0.619
0.624
0.623
0.625
0.626
0.631
0.635
0.636
0.627
0.619
0.613
0.608
0.608
0.606
0.605
0.604
0.61
0.607
0.607
0.604
0.606
0.609
0.605
0.608
0.617
0.61
0.621
0.625
0.636
0.636
0.626
0.631
0.633
0.624
0.632
0.631
0.633
0.631
0.639
0.641
0.636
0.636
0.641
0.643
0.654
0.653
0.66
0.662
0.653
0.649
0.645
0.632
0.622
0.611
0.608
0.603
0.598
0.593
0.594
0.586
0.591
0.591
0.599
0.598
0.595
0.592
0.579
0.582
0.581
0.576
0.572
0.576
0.568
0.575
0.575
0.564
0.561
0.563
0.565
0.564
0.559
0.558
0.557
0.567
0.562
0.561
0.566
0.567
0.573
0.583
0.588
0.605
0.615
0.621
0.62
0.624
0.622
0.618
0.61
0.601
0.601
0.606
0.606
0.606
0.61
0.602
0.6
0.6
0.611
0.617
0.618
0.619
0.615
0.607
0.608
0.623
0.628
0.633
0.627
0.625
0.623
0.62
0.612
0.6
0.584
0.568
0.558
0.554
0.553
0.57
0.577
0.601
0.626
0.646
0.664
0.68
0.679
0.665
0.662
0.649
0.638
0.627
0.621
0.612
0.604
0.6
0.607
0.604
0.597
0.599
0.601
0.59
0.592
0.605
0.596
0.602
0.603
0.605
0.625
0.628
0.62
0.623
0.631
0.629
0.633
0.624
0.623
0.628
0.607
0.603
0.601
0.601
0.606
0.602
0.605
0.607
0.604
0.607
0.616
0.617
0.604
0.596
0.59
0.592
0.581
0.576
0.571
0.566
0.559
0.563
0.559
0.561
0.565
0.57
0.577
0.579
0.588
0.606
0.616
0.617
0.623
0.622
0.623
0.608
0.6
0.588
0.595
0.581
0.589
0.587
0.593
0.596
0.587
0.594
0.589
0.592
0.591
0.595
0.595
0.592
0.593
0.586
0.587
0.592
0.589
0.596
0.587
0.593
0.586
0.588
0.595
0.6
0.598
0.607
0.602
0.607
0.617
0.602
0.601
0.6
0.598
0.603
0.603
0.612
0.613
0.61
0.605
0.603
0.605
0.601
0.603
0.601
0.599
0.604
0.608
0.599
0.61
0.602
0.607
0.604
0.61
0.623
0.633
0.622
0.625
0.625
0.619
0.615
0.61
0.6
0.601
0.603
0.61
0.603
0.607
0.609
0.612
0.595
0.591
0.583
0.574
0.566
0.568
0.561
0.562
0.563
0.566
0.557
0.561
0.559
0.575
0.582
0.585
0.596
0.595
0.6040594
0.6123141
0.5760189
0.586
0.591
0.583
0.622
0.6326934
0.6624573
0.578
0.6581896
0.788
0.6042434
0.6040879
0.6183528
0.7167217
0.5875357
0.6348085
