0.8750427
0.8725309
0.8944777
0.9031078
0.9045476
0.9180729
0.929036
0.940956
0.9396563
0.9387755
0.9478428
0.9386064
0.9568449
0.9590065
0.962257
0.9856007
0.9503562
0.908211
0.9412061
0.998816
0.9496156
0.9531027
1.025008
0.998163
0.9728254
0.9706293
0.9958059
0.9927818
0.9817893
1.026523
1.007427
1.002075
1.050053
1.010958
0.9717311
1.015806
1.006021
0.98049
1.000843
0.9872386
0.9680948
0.979832
0.9856124
0.9741196
0.9777443
0.9970469
0.9870709
0.9655974
0.970521
0.9731146
0.9774318
0.9798179
0.9796643
0.9877203
0.9836107
0.9924223
0.989283
0.9759339
0.981887
0.9749291
0.9615801
0.9624074
0.964767
0.9569883
0.9526159
0.9577874
0.9527294
0.9499996
0.9606879
0.9615916
0.9598497
0.9621341
0.9571105
0.9515927
0.9557226
0.9532668
0.9440277
0.9402549
0.9509947
0.952814
0.9465208
0.9546689
0.9497632
0.9436805
0.9513252
0.9463354
0.9387277
0.9424
0.9398112
0.9347126
0.9353714
0.9410774
0.9408472
0.9379464
0.9464657
0.9461941
0.9428184
0.9514352
0.9525155
0.9423461
0.9418091
0.9510699
0.9477196
0.9456233
0.95751
0.9525814
0.9405805
0.9449902
0.9583881
0.9611061
0.9588775
0.9739672
0.9791412
0.9557328
0.9704144
0.9508198
0.8753958
0.8709015
0.9087568
0.9623572
0.9742735
0.9579542
0.9619644
0.9571895
0.949331
0.9489366
0.9588882
0.9559235
0.9588912
0.9712899
0.973448
0.9680125
0.9614031
0.9675254
0.9724161
0.9642657
0.9605173
0.9656359
0.9656746
0.9582242
0.9520072
0.9569383
0.9543191
0.9446826
0.9509999
0.9539634
0.9436741
0.9426686
0.9532076
0.9494018
0.9471531
0.9621081
0.9642812
0.9540164
0.9570947
0.9619857
0.9579965
0.9618492
0.9719665
0.9799976
0.9779772
0.979413
0.98012
0.9724642
0.9884472
0.9823057
0.9669709
0.9752449
0.9846597
0.983298
0.9683053
0.9720718
0.9632187
0.9623318
0.9711414
0.9591941
0.9642673
0.964791
0.9628953
0.9782384
0.9746269
0.9726841
0.9933968
0.9877383
0.9675978
0.9548462
0.9472545
0.9653574
0.9650914
0.9543543
0.9677475
0.9677354
0.9700246
0.9688498
0.9638747
0.9773485
0.9736112
0.9660224
0.9583334
0.9625697
0.9653762
0.9631462
0.9457278
0.9340023
0.9524606
0.9348332
0.8853633
0.8982026
0.9529859
0.9475649
0.9754704
0.9849527
0.9577515
0.9562583
0.9558459
0.9561226
0.9502608
0.9600031
0.9574331
0.9562804
0.9762345
0.9794875
0.9704981
0.9659894
0.9481118
0.9442687
0.9671748
0.9702926
0.97322
0.9762817
0.9657853
0.9808459
0.973117
0.9548026
0.9809742
0.9692479
0.9944262
0.9360821
0.8509499
0.9636395
0.9911465
0.8955241
0.8220558
0.8481986
0.8515577
0.8868332
1.00308
0.9988156
0.9651887
0.9564327
0.9558038
0.9605244
0.9561916
0.9599462
0.9650595
0.9576085
0.9653249
0.9794146
0.9759977
0.9580567
0.9789934
0.9932514
0.9963229
0.9532291
0.8716892
0.9380669
1.008091
0.9401897
0.8746949
0.8356898
0.8380306
0.897159
0.9217969
0.9707036
0.9793936
0.9494283
0.9533247
0.9524148
0.956358
0.954228
0.9577865
0.9589457
0.9581117
0.9634864
0.9767481
0.9698936
0.967987
0.9694926
0.9810937
0.9330201
0.8596507
0.9229176
0.9106199
0.8779559
0.9430458
0.9349438
0.9181488
0.9275211
0.9233825
0.9220053
0.9239584
0.9294516
0.929571
0.9304909
0.9392778
0.9468224
0.9495712
0.9475295
0.9587722
0.9564992
0.9441675
0.938913
0.9273394
0.9265463
0.9311363
0.9608315
0.9499129
0.9472099
0.9860533
0.951986
0.9102938
0.9393381
1.003224
1.0026
0.9836411
0.986412
0.9974026
0.9752877
0.950768
0.970889
0.9237455
0.9166435
0.9853887
0.9931515
0.97564
0.976509
0.9426786
0.9135577
0.9164381
0.8822775
0.8619426
0.8601154
0.847202
0.8690343
0.8786613
0.8465771
0.8320366
0.8318668
0.8211124
0.8076193
0.7969467
0.7887484
0.7805572
0.7743463
0.7744129
0.775987
0.7630848
0.7632198
0.76908
0.7622841
0.7564537
0.7508303
0.753792
0.763274
0.7592322
0.7474437
0.7426152
0.7428616
0.7560252
0.7724301
0.7746131
0.7841164
0.7819186
0.8327365
0.958326
0.934498
0.8242357
0.803717
0.8129284
0.8101615
0.8167346
0.8278488
0.8262229
0.8325444
0.8386673
0.840688
0.8485762
0.8516515
0.8551674
0.8590528
0.8504037
0.8377131
0.8374859
0.8518563
0.8467448
0.8371845
0.8346254
0.8303874
0.8322431
0.8251854
0.8251249
0.8334501
0.8464705
0.8506785
0.8462619
0.8574445
0.8655213
0.8701488
0.8897632
0.8880758
0.8703969
0.8777758
0.8705049
0.859858
0.8666166
0.8672635
0.8577877
0.8436712
0.8455595
0.8471817
0.8356931
0.8143968
0.8047424
0.7973581
0.7682477
0.7715706
0.7835222
0.7629517
0.7571317
0.761903
0.7615179
0.7789413
0.7731484
0.7689278
0.7885088
0.8102866
0.8377752
0.8580704
0.8940539
0.8668013
0.8032808
0.7910652
0.8009187
0.7977194
0.7801225
0.7899286
0.7922277
0.776738
0.7847808
0.7848597
0.7687955
0.7748886
0.7725358
0.7599607
0.7665679
0.7661632
0.7583205
0.764697
0.7467139
0.7780859
0.8604349
0.8787429
0.8478015
0.776626
0.7426976
0.755961
0.7548643
0.7420761
0.7479542
0.752919
0.7437115
0.7447385
0.7402268
0.7436451
0.7385883
0.7364907
0.743379
0.7385101
0.7235338
0.7408293
0.7164028
0.7695553
0.8845257
0.8969759
0.890053
0.8324946
0.8626665
0.8842386
0.8689791
0.8788115
0.8450479
0.8429933
0.8167775
0.8172287
0.8726623
0.8843655
0.8664336
0.9104511
0.9903355
0.9540078
0.848087
0.7452342
0.7835343
0.8665304
0.8777602
0.9240574
0.8723457
0.8824557
0.8578489
0.8112125
0.8570606
0.8714494
0.8373605
0.7970456
0.8498108
0.8676933
0.872394
0.8640689
0.8710434
0.9146458
0.874294
0.860663
0.8970446
0.9273805
0.8534997
0.773366
0.8282101
0.8713025
0.8838095
0.8699624
0.9363167
0.9415476
0.8466658
0.8134866
0.8304174
0.8639752
0.855706
0.8348706
0.8254291
0.8481173
0.8258556
0.7812611
0.8493514
0.8827515
0.8576629
0.8593505
0.8087386
0.8420937
0.8875135
0.8728338
0.8604159
0.8341695
0.8113446
0.82328
0.847049
0.8310173
0.8186318
0.8693857
0.9152641
0.8528411
0.8555332
0.8647999
0.8143415
0.8586913
0.9180345
0.8808744
0.8668022
0.8186503
0.7952889
0.8724905
0.8177082
0.8862779
0.9280396
0.8183948
0.8689854
0.8519748
0.7857188
0.7807072
0.7916588
0.819588
0.7984877
0.8939895
0.9303561
0.8282379
0.8710992
0.9061737
0.8606121
0.8204415
0.8477857
0.8346837
0.7391891
0.710459
0.7255156
0.7125517
0.7463142
0.8601656
0.848722
0.7116462
0.7458862
0.8635898
0.8757174
0.8678008
0.8435332
0.754031
0.7908816
0.9392025
0.892418
0.8247448
0.748261
0.7073993
0.731834
0.720116
0.732476
0.7337631
0.7394638
0.7363821
0.7416539
0.7406473
0.7512804
0.7394169
0.7715283
0.8608459
0.8503059
0.8717911
0.8676288
0.775369
0.7570083
0.759853
0.7577649
0.7656725
0.7638644
0.7637808
0.7691497
0.7749672
0.7786954
0.7781957
0.7824109
0.7791983
0.775099
0.7806194
0.7822517
0.7849943
0.7866443
0.7876491
0.7879872
0.7850284
0.7864148
0.7803561
0.774941
0.7832061
0.778251
0.7811176
0.7890484
0.7855825
0.7839839
0.7824575
0.7923017
0.7952066
0.7938334
0.7820248
0.7801675
0.8111022
0.8192193
0.8162935
0.8232356
0.8280061
0.8327494
0.8363774
0.8383177
0.8410733
0.8569175
0.8653043
0.8633858
0.8720402
0.8760426
0.8865628
0.8833859
0.9019619
0.8927573
0.8756937
0.8868326
0.8745619
0.9299736
0.9244501
0.8789005
0.870691
0.8571553
0.8619318
0.8580691
0.8505433
0.8551222
0.8703349
0.8650434
0.8606759
0.8689381
0.8730049
0.8736956
0.8757476
0.8845185
0.8898525
0.8824297
0.8809115
0.8887335
0.8854491
0.8812744
0.8758726
0.8777487
0.8829847
0.8804629
0.8836973
0.8882855
0.8915968
0.892239
0.8996386
0.8997102
0.8977237
0.9003269
0.899232
0.9026897
0.8536458
0.8651106
0.9329691
0.8250185
0.8170337
0.9496572
0.9117057
0.8717162
0.8888977
0.880822
0.8880768
0.9005783
0.9060213
0.9068968
0.911588
0.9181218
0.9174026
0.9260632
0.9299691
0.9205969
0.9197356
0.9278829
0.9320818
0.9269707
0.9231087
0.9221147
0.9250799
0.9220977
0.9276229
0.9381886
0.9322584
0.9329989
0.9370984
0.9295775
0.9284182
0.9298609
0.9308078
0.9281422
0.9237226
0.9238977
0.9178221
0.9281946
0.911982
0.8586421
0.8672527
0.8649493
0.8424749
0.8939894
0.9190676
0.9058304
0.9067681
0.9109789
0.915284
0.9116107
0.9152685
0.9221977
0.9215345
0.9184808
0.9166309
0.9197858
0.9149544
0.9080909
0.9097652
0.9124895
0.9141427
0.9017413
0.896087
0.905696
0.9133103
0.9150647
0.9142937
0.9200355
0.9278546
0.9251437
0.9251444
0.9323256
0.9291064
0.9254114
0.9422372
0.9356414
0.954128
0.9217307
0.8356218
0.9063464
0.9496748
0.9296116
0.9381182
0.9259716
0.9273684
0.9293538
0.9230488
0.9221157
0.9229012
0.9163023
0.9184137
0.9186749
0.9181538
0.9169447
0.9171008
0.9190421
0.9174409
0.9172219
0.9104203
0.9073293
0.9061198
0.9110827
0.9134397
0.9071221
0.9069667
0.9080783
0.9088398
0.9058456
0.9091321
0.9107098
0.9046411
0.9113578
0.9164743
0.9138795
0.9174138
0.9235696
0.9227059
0.9164492
0.9216
0.9296577
0.9280659
0.9317696
0.9353857
0.939513
0.9074071
0.888337
0.9310897
0.9287198
0.9119504
0.9211176
0.9230507
0.9180489
0.9228908
0.9293391
0.9208545
0.9219649
0.914288
0.903087
0.9105035
0.9167862
0.9161986
0.9191948
0.9213198
0.9197786
0.9281717
0.9268525
0.9217207
0.9301363
0.9312341
0.9335209
0.9345961
0.9397137
0.9461117
0.9408299
0.9463712
0.9580787
0.9560178
0.9482872
0.9526887
0.9551283
0.9435777
0.9395058
0.9409981
0.9346727
0.9264569
0.9284961
0.9260805
0.9199507
0.9218676
0.9154324
0.9148898
0.911486
0.909263
0.9114542
0.9060241
0.9071944
0.9030232
0.9009843
0.9057237
0.9116986
0.9156672
0.916652
0.9247832
0.9305298
0.9271989
0.9285686
0.9285134
0.9239261
0.9286135
0.9339112
0.9250714
0.9405089
0.9167753
0.8655905
0.9057874
0.9274232
0.9125072
0.9098574
0.9022553
0.906928
0.9108047
0.9088467
0.9142825
0.9195729
0.9178291
0.9235578
0.9312642
0.9333171
0.9283618
0.9307328
0.9309448
0.9291678
0.9299946
0.9274914
0.9250267
0.9202067
0.9245248
0.9276141
0.9190128
0.9181804
0.910951
0.9374817
0.8936581
0.7608028
0.8162114
0.9156187
0.9100704
0.9120335
0.9172009
0.9214699
0.9247556
0.9313705
0.9396826
0.9393518
0.9374477
0.9514301
0.9646072
0.9582984
0.9484191
0.9567901
0.9616276
0.9547141
0.9501973
0.9515064
0.9550229
0.9494926
0.9395231
0.9383944
0.9377379
0.9304274
0.933504
0.9410349
0.9417016
0.9403487
0.9419084
0.9461138
0.9475743
0.9419944
0.9442658
0.9453486
0.9404004
0.9392519
0.9403311
0.9388115
0.9358988
0.940147
0.9370297
0.9348976
0.9309873
0.9316059
0.937341
0.9337248
0.9324573
0.9213184
0.9165817
0.9204238
0.9201345
0.9248339
0.9179777
0.906749
0.9044691
0.9090357
0.9100885
0.9118635
0.9120129
0.9031604
0.907007
0.9085861
0.9041899
0.9101249
0.9143834
0.9124551
0.9129636
0.9203431
0.9172439
0.9152899
0.9265738
0.9218753
0.9043182
0.8954003
0.8981085
0.9048036
0.9045507
0.906307
0.9122804
0.9125276
0.9115334
0.9081538
0.9063225
0.9075211
0.9063892
0.8990445
0.901563
0.910508
0.9060009
0.8947817
0.8934832
0.9000862
0.883943
0.879235
0.8857745
0.876552
0.8793953
0.8759987
0.8681358
0.875318
0.8754879
0.8645316
0.8657323
0.8670121
0.8637657
0.8582131
0.838291
0.8327199
0.8395818
0.8393697
0.829678
0.8225443
0.8286289
0.8274289
0.8254288
0.8304553
0.8278555
0.8214298
0.8253803
0.8343382
0.8384296
0.84619
0.8542186
0.845617
0.8465545
0.8617827
0.8578581
0.8545681
0.8610359
0.8639891
0.868109
0.8695052
0.871996
0.8745046
0.8725206
0.8749167
0.8776853
0.8773892
0.8842969
0.8854047
0.8768764
0.8767271
0.8789162
0.880362
0.8734808
0.8555052
0.8531587
0.8579286
0.8563097
0.85666
0.8540587
0.856785
0.8627089
0.8665806
0.873446
0.8771988
0.8811806
0.8910629
0.9006639
0.9028237
0.9024177
0.8990255
0.8977552
0.9020517
0.8960546
0.8965216
0.9103085
0.9081814
0.900771
0.906683
0.9117765
0.9122794
0.9014705
0.8807313
0.8611939
0.8620321
0.8739071
0.864955
0.8584403
0.8633728
0.8599297
0.8489747
0.8448411
0.8436542
0.8395416
0.8475413
0.8575923
0.8616404
0.8684148
0.8722162
0.8739328
0.8815402
0.8889679
0.8887129
0.8908599
0.8925155
0.8941019
0.8929965
0.8863165
0.8927555
0.8991698
0.9025885
0.9067293
0.9042544
0.8950517
0.8800277
0.8771782
0.8757679
0.8753956
0.8766082
0.878455
0.8849753
0.8781897
0.8705557
0.8772071
0.8818143
0.8760716
0.8733627
0.8735038
0.8747459
0.8793605
0.883481
0.8820963
0.8869891
0.8964027
0.892835
0.8877691
0.885972
0.8831822
0.8784595
0.8683277
0.8701467
0.8757817
0.8700945
0.8662207
0.8647141
0.8611321
0.8480152
0.8426567
0.8533679
0.8523714
0.8541861
0.8562866
0.8548694
0.8618626
0.8538178
0.8499419
0.84968
0.841905
0.8434991
0.8417431
0.8366639
0.8397961
0.8516665
0.8616743
0.8675484
0.8821502
0.8904901
0.8682767
0.8758431
0.926142
0.9226877
0.9049844
0.9018853
0.8802927
0.885342
0.8933339
0.8897702
0.8905883
0.8876574
0.8884946
0.8871198
0.8840913
0.8862448
0.8895396
0.8915392
0.8967176
0.8998049
0.9026468
0.893652
0.8783873
0.8815151
0.8879295
0.8812427
0.8656442
0.8605812
0.8663355
0.8661174
0.8631383
0.8595406
0.851289
0.847335
0.8552992
0.8641613
0.8655938
0.8733151
0.870683
0.8672326
0.8783945
0.8777297
0.8771555
0.8792399
0.8802515
0.8823745
0.8839407
0.8868901
0.8936851
0.9007704
0.9032923
0.9045069
0.9056905
0.904904
0.8956025
0.8847246
0.8829046
0.8882195
0.8836086
0.875158
0.873827
0.8732696
0.8726246
0.8635962
0.8519016
0.8484734
0.8462823
0.8439468
0.8373772
0.8403012
0.8586488
0.8606785
0.8574377
0.8701279
0.8766558
0.8735426
0.8791832
0.8851225
0.8770976
0.8652822
0.8678572
0.8710708
0.8739678
0.8747728
0.8642955
0.865913
0.8656834
0.8635156
0.8646322
0.8673936
0.8739848
0.8672275
0.866161
0.8688466
0.8632738
0.8575944
0.8514928
0.8487775
0.8481752
0.8501434
0.8492341
0.8506318
0.8581482
0.8582937
0.8515356
0.8446183
0.837172
0.8278385
0.8214634
0.811898
0.8117331
0.821706
0.8262854
0.8362966
0.8483354
0.8555202
0.8570245
0.8606552
0.8591196
0.853695
0.8596968
0.8569924
0.8476139
0.8433163
0.8376042
0.8247179
0.8198013
0.807947
0.7694969
0.7433591
0.7435662
0.7602478
0.7713491
0.7831252
0.8044038
0.8182865
0.8308879
0.8462266
0.8560797
0.8678123
0.8859744
0.8897166
0.8880181
0.8918288
0.8874607
0.8787961
0.8788696
0.8750541
0.8676426
0.8674197
0.8653199
0.8629076
0.8597906
0.854256
0.8486945
0.8489713
0.8516124
0.8571049
0.8565382
0.8535647
0.8648364
0.8600694
0.847166
0.8469368
0.8469903
0.8448511
0.8500859
0.8605266
0.8730843
0.8684944
0.8583394
0.8679092
0.8678228
0.8584666
0.852614
0.8540779
0.8540753
0.8548539
0.860758
0.8588002
0.8510279
0.8498392
0.8538419
0.8440173
0.8352334
0.8410582
0.8499769
0.8567629
0.8646092
0.8742032
0.8750622
0.876761
0.8873549
0.8851814
0.8754885
0.8826175
0.8825128
0.8756427
0.8726065
0.8590316
0.8531416
0.8477363
0.8323298
0.8243925
0.8180539
0.8125922
0.8134263
0.816826
0.8210038
0.8251647
0.8274711
0.8243165
0.8242185
0.8264975
0.8254337
0.8235484
0.8169744
0.8149869
0.8242383
0.8313059
0.8425956
0.8590479
0.8674598
0.8760516
0.8832947
0.8825117
0.8883846
0.8992457
0.9045359
0.9085475
0.9089926
0.9072347
0.9033092
0.896883
0.8932162
0.8863466
0.8768091
0.8759517
0.8764284
0.8738713
0.8797161
0.8857126
0.8952306
0.9037175
0.9011695
0.8989815
0.8935222
0.896908
0.9051775
0.901473
0.9101877
0.9124728
0.9036992
0.9197496
0.9246214
0.9121797
0.9168229
0.9312025
0.92567
0.913787
0.9151549
0.9068858
0.9035995
0.9009862
0.8961984
0.8927592
0.8803345
0.8798304
0.883439
0.8739039
0.8625624
0.8598862
0.856601
0.8528642
0.8530889
0.85068
0.8519383
0.8523546
0.8467131
0.8423548
0.8431181
0.8489435
0.8494315
0.851344
0.8517182
0.8444084
0.8442165
0.8408204
0.8315194
0.8198957
0.8087385
0.8043409
0.808481
0.81047
0.7958226
0.7897947
0.7947472
0.8041843
0.8195053
0.8280943
0.8351436
0.8415508
0.8421407
0.8432195
0.8455528
0.8465319
0.8428963
0.8374885
0.8366042
0.8296637
0.8242273
0.8211286
0.8118647
0.8087962
0.8055212
0.7976793
0.7979799
0.8006066
0.8016386
0.8009327
0.7960556
0.7965199
0.7991312
0.8056279
0.8048444
0.7958124
0.7965635
0.7947945
0.7995347
0.8052377
0.8020514
0.7997533
0.7940864
0.7969774
0.8033237
0.8037504
0.8131197
0.8253079
0.8305291
0.8356202
0.8357015
0.8359996
0.8329454
0.8267814
0.8294213
0.8257049
0.8221901
0.8189431
0.8137145
0.820943
0.8250723
0.8232881
0.8258056
0.8291924
0.8283646
0.8236701
0.8204509
0.8174513
0.8202596
0.8286151
0.8353378
0.8517301
0.8637393
0.863498
0.8733279
0.8738652
0.8638251
0.8635115
0.8564384
0.8384606
0.8318394
0.8359987
0.8390458
0.8463602
0.8587719
0.8688497
0.8751277
0.8741265
0.8770317
0.8865033
0.8814256
0.8710904
0.8692952
0.87177
0.8719194
0.8713114
0.871547
0.8626282
0.8598442
0.8566389
0.8416321
0.8450411
0.8560926
0.8544317
0.843014
0.8371239
0.8373878
0.8370353
0.8387609
0.8370836
0.8361505
0.8367804
0.8395103
0.8444301
0.8507805
0.8569944
0.8598791
0.8655405
0.8699028
0.8691096
0.8711803
0.8724447
0.8773105
0.8763155
0.8716735
0.8897343
0.8910949
0.8819689
0.8897525
0.8885807
0.8814579
0.8711693
0.872422
0.8818499
0.8841229
0.9048529
0.9351851
0.9255583
0.9313233
0.9143999
0.8453766
0.8473412
0.8600782
0.855695
0.8549119
0.8466965
0.8487825
0.8529591
0.8897416
0.9131453
0.8967681
0.8959624
0.8953247
0.8876446
0.8960883
0.9097272
0.9089336
0.8961386
0.8950221
0.9027509
0.9071214
0.8986505
0.8850344
0.8824448
0.8823382
0.8751291
0.8684608
0.8709122
0.8659301
0.8579065
0.851419
0.8385855
0.8320778
0.8296943
0.8264418
0.8156232
0.8254961
0.8476847
0.8433325
0.8453196
0.8503497
0.8493439
0.8557444
0.8610518
0.8560651
0.8541413
0.8594119
0.8583684
0.8567955
0.848311
0.848498
0.8542841
0.8487374
0.843247
0.842242
0.852453
0.8516939
0.8411235
0.8478894
0.8551499
0.8639761
0.8695551
0.8614712
0.8736406
0.8874172
0.8792035
0.87567
0.8803205
0.8779475
0.8780453
0.8801766
0.8748099
0.8792375
0.8826029
0.881036
0.8893704
0.8960484
0.9002739
0.9055105
0.9095821
0.9065784
0.8931619
0.8823755
0.8799721
0.8776935
0.8823759
0.8831413
0.8788027
0.8831727
0.8778261
0.8754933
0.8754266
0.8689801
0.8760391
0.8728609
0.8814851
0.9035923
0.8928637
0.8939249
0.8897318
0.878912
0.8908465
0.8945233
0.8913878
0.8809278
0.8752627
0.878485
0.8728301
0.869053
0.8762191
0.8801692
0.8822445
0.8832263
0.8865502
0.8941218
0.9056209
0.9098712
0.9046353
0.9066207
0.9125386
0.9071036
0.9101495
0.9270612
0.9034501
0.8722361
0.8667991
0.8611424
0.8570848
0.8492938
0.8379528
0.8424754
0.8493442
0.8524377
0.860282
0.8623931
0.8649822
0.8710049
0.8714156
0.8722039
0.8709624
0.8620629
0.8607084
0.8662481
0.8706781
0.8687213
0.8635387
0.8660092
0.8740287
0.8796838
0.8867529
0.896045
0.9051359
0.9057929
0.89955
0.8908476
0.8772367
0.8692755
0.8667904
0.8730688
0.8712132
0.8561058
0.8517056
0.8542122
0.8479435
0.8419273
0.8418263
0.8514465
0.8691324
0.8884624
0.8990163
0.8960809
0.9062001
0.9176605
0.9138686
0.8983659
0.8812269
0.8764897
0.8628544
0.8386899
0.8315646
0.8207962
0.8120571
0.8097707
0.8073917
0.8189134
0.8285863
0.8334012
0.840894
0.8544509
0.8648732
0.8702724
0.8755715
0.8693706
0.8648665
0.8699038
0.8630731
0.8503255
0.8484207
0.8546967
0.8589749
0.8689556
0.8668366
0.8866911
0.9056911
0.8746431
0.8843225
0.8959137
0.8911203
0.8813169
0.8678604
0.8706808
0.8425057
0.8355477
0.8451469
0.8462629
0.8540294
0.8527201
0.8571346
0.8665372
0.8724193
0.8786623
0.8640548
0.842494
0.8444387
0.8500117
0.8454701
0.8421802
0.8481466
0.8545753
0.8629032
0.8694278
0.871803
0.873941
0.8718706
0.872615
0.8750812
0.8805384
0.8858239
0.8907789
0.8933687
0.8853655
0.8880262
0.8827435
0.8663094
0.8596719
0.8522657
0.8503794
0.8501504
0.8380685
0.8256803
0.8270201
0.8215617
0.8113552
0.8174487
0.8248896
0.8249979
0.8295877
0.8393755
0.8497201
0.8579623
0.8630189
0.8624008
0.8666985
0.8756987
0.8759841
0.8819307
0.884833
0.88401
0.8842603
0.8755202
0.8689257
0.8570732
0.8437753
0.8415447
0.8413503
0.8451794
0.8549143
0.8616784
0.8665267
0.8757277
0.8794382
0.8767169
0.8786157
0.8833511
0.8876343
0.8935529
0.9003529
0.9044566
0.9098723
0.9136229
0.9112337
0.9100354
0.8986164
0.8754964
0.8680449
0.8693369
0.8680043
0.8744788
0.8832842
0.8975269
0.899351
0.8973693
0.8903819
0.8962209
0.9156063
0.9020933
0.8903992
0.8758019
0.8799792
0.8864857
0.8762856
0.8726344
0.8672641
0.868539
0.8584591
0.8563883
0.8682334
0.8611461
0.8522873
0.8466157
0.8571972
0.8646607
0.8356284
0.8395628
0.8611048
0.8654076
0.8779498
0.875064
0.8774822
0.8911604
0.8739345
0.8715361
0.8868648
0.8826735
0.8665259
0.8726232
0.8971762
0.8840462
0.8707097
0.8687337
0.8746567
0.8910592
0.8904264
0.8878867
0.9216307
0.9067146
0.8651239
0.8911791
0.8750661
0.875428
0.8940004
0.8846201
0.888119
0.8888496
0.8947249
0.8917682
0.8887302
0.8947251
0.8985953
0.9031573
0.912606
0.9025741
0.896683
0.8832654
0.8966118
0.9295827
0.8962196
0.8931793
0.9139338
0.9148597
0.914177
0.9071125
0.8995448
0.8850685
0.8848204
0.8786674
0.8740019
0.871564
0.873312
0.8747828
0.9096481
0.9214905
0.8707654
0.8781091
0.8939092
0.8922269
0.8973562
0.9400237
0.9468081
0.8963129
0.9137364
0.9155682
0.9305113
0.9476398
0.9026512
0.907298
0.9285007
0.9228674
0.9111189
0.9044288
0.9058832
0.8966795
0.8900272
0.8877254
0.8844155
0.8870736
0.8871666
0.8842786
0.8890889
0.8923836
0.8917268
0.8967639
0.8972666
0.8876326
0.8818776
0.8844962
0.8904859
0.8965386
0.9024186
0.9064266
0.9029367
0.8974939
0.8976686
0.9004435
0.9034711
0.9043918
0.9035602
0.9058134
0.9089011
0.9068409
0.9088462
0.9059491
0.8976895
0.9008808
0.8956608
0.8897216
0.8939718
0.8905219
0.8936822
0.8960277
0.8926591
0.8986412
0.8984017
0.8974838
0.8977565
0.8935281
0.8936462
0.8975827
0.8966773
0.891625
0.8994302
0.8997213
0.8956685
0.8964522
0.8963316
0.8992001
0.8899934
0.8875245
0.8849461
0.8803728
0.8886668
0.8906246
0.8942612
0.9000838
0.8988235
0.8961166
0.8928884
0.8890414
0.8894815
0.8922405
0.8883339
0.8840521
0.8817733
0.8827443
0.8859768
0.8803687
0.8719936
0.8714732
0.8755446
0.8749443
0.8768292
0.8861862
0.8902383
0.8909886
0.8850817
0.8799275
0.8818058
0.8789624
0.8841133
0.8909936
0.8911944
0.89947
0.9045255
0.8971685
0.8957662
0.8942916
0.8926311
0.8982106
0.8950219
0.8939712
0.8941674
0.8936151
0.9014924
0.9026955
0.9007883
0.8998279
0.891811
0.8835213
0.8818445
0.8875714
0.8952151
0.9063689
0.9136367
0.9147029
0.9159798
0.9184652
0.9211063
0.9288621
0.9282903
0.9085317
0.9087559
0.9100717
0.8898242
0.8882515
0.8866722
0.8697885
0.8795655
0.8912856
0.88943
0.8901235
0.8869105
0.8896879
0.8938612
0.8964193
0.9038104
0.9109313
0.9161234
0.9151735
0.9145658
0.9158999
0.9120914
0.9056381
0.9030394
0.9002646
0.8907164
0.8936169
0.8982308
0.9118749
0.9037178
0.8945868
0.9051924
0.9096434
0.9104869
0.883182
0.8914659
0.8964039
0.8861191
0.889836
0.8741617
0.8700626
0.8757458
0.8780938
0.8867307
0.8976901
0.9033272
0.906383
0.8987818
0.8899204
0.8881232
0.8835389
0.8854888
0.8830166
0.8737619
0.8778703
0.8803226
0.8824501
0.8870367
0.888105
0.8920577
0.8957523
0.9005547
0.8995223
0.8927999
0.8903264
0.8830391
0.877813
0.8600068
0.8388161
0.8542248
0.8619199
0.8811536
0.9097627
0.90142
0.9090877
0.9230715
0.9255553
0.9255558
0.9241888
0.9242137
0.9188109
0.9142537
0.9107979
0.9104821
0.9136006
0.9185053
0.91556
0.9134644
0.9126461
0.899994
0.8963129
0.9001767
0.9066044
0.9148013
0.9205327
0.9261178
0.92894
0.9286764
0.9142075
0.9133452
0.9176474
0.9056378
0.9086642
0.9120741
0.9095623
0.9090079
0.906182
0.9058961
0.9083108
0.9160437
0.9146368
0.9025557
0.9047598
0.9102741
0.9078544
0.9072038
0.9078778
0.9079803
0.9036988
0.9030004
0.8978281
0.8878345
0.8897615
0.8905191
0.8878372
0.8847652
0.8928054
0.8961256
0.8776414
0.8864758
0.8965366
0.8874272
0.8954139
0.8903692
0.8836733
0.8918548
0.8895053
0.8871321
0.8897583
0.8912294
0.8905566
0.8941029
0.896071
0.8954854
0.9016732
0.8970242
0.891149
0.8801353
0.8685166
0.8691221
0.8635914
0.8632421
0.860692
0.8572833
0.863788
0.8701227
0.8759087
0.8765129
0.8770595
0.8806942
0.8778702
0.8800987
0.8818857
0.8830658
0.8884239
0.8930044
0.9009193
0.9013689
0.8979326
0.9003877
0.9011088
0.8979892
0.898272
0.8995745
0.9005438
0.9013172
0.9029081
0.8982018
0.8903569
0.888742
0.8882809
0.8921539
0.9042831
0.9084382
0.9061616
0.9087526
0.9079779
0.9050659
0.9018592
0.8959281
0.8970268
0.8968876
0.8938969
0.8947213
0.8878478
0.8883632
0.8906085
0.8923686
0.8980704
0.8922771
0.8807725
0.8758755
0.8782436
0.8750503
0.8727502
0.8782756
0.8825686
0.891027
0.8937746
0.8952943
0.9055602
0.9066125
0.9060435
0.9052799
0.9055007
0.9079546
0.9061395
0.9092907
0.9089058
0.9111783
0.9092993
0.9027276
0.9029643
0.8955345
0.8868325
0.8867059
0.8946028
0.8953318
0.8934589
0.8984779
0.9091858
0.9123545
0.9038756
0.9048974
0.9052601
0.9011056
0.8964789
0.8997728
0.908555
0.9115012
0.9155601
0.914878
0.9136234
0.9106989
0.9012948
0.8983987
0.8937197
0.8914124
0.8973232
0.8995526
0.9004288
0.9038595
0.9090366
0.9095778
0.913125
0.9172311
0.9180676
0.9208378
0.9243333
0.9252202
0.9206502
0.9165265
0.9167563
0.9147217
0.9016332
0.8946571
0.8992767
0.8925965
0.8798946
0.8799624
0.8813164
0.8812555
0.8822881
0.8809143
0.8843958
0.8883432
0.8918738
0.8926146
0.8906068
0.8925936
0.8908077
0.8876457
0.8905404
0.8887824
0.8879976
0.8883416
0.887158
0.88974
0.8856586
0.8875761
0.8913892
0.8811633
0.8791514
0.8820525
0.8802466
0.8795739
0.8774526
0.8777793
0.8757389
0.868158
0.8665788
0.8702375
0.8761883
0.8857692
0.8874379
0.8849121
0.8883696
0.8946464
0.9002685
0.9013357
0.9053737
0.9055044
0.8910811
0.8818854
0.8776744
0.8704474
0.874636
0.8860426
0.8927865
0.8937771
0.8890565
0.8874374
0.8928064
0.8968051
0.8960853
0.8905119
0.9061279
0.9022451
0.8773012
0.9036376
0.9159421
0.9094989
0.9142409
0.9134335
0.9151596
0.9172899
0.9203598
0.9240568
0.9230277
0.9252288
0.9308789
0.9270084
0.9342807
0.9347075
0.919672
0.9083395
0.9021969
0.9074721
0.9095179
0.9003032
0.8975587
0.9023778
0.9032711
0.9029519
0.90732
0.9136112
0.913815
0.8980756
0.8909423
0.8941294
0.8956199
0.8988104
0.8983768
0.9007304
0.8975816
0.8974219
0.9020835
0.9086076
0.9168864
0.9200829
0.9240265
0.9289695
0.9329309
0.9282571
0.9190794
0.9173728
0.915117
0.9156921
0.9154082
0.9132988
0.9109711
0.9076545
0.9114731
0.9064676
0.9071971
0.9126354
0.9107601
0.9099578
0.9059902
0.8987124
0.8938388
0.8963942
0.8904783
0.8902495
0.8922591
0.888638
0.8966982
0.8971638
0.8980148
0.8976816
0.8931823
0.9001662
0.9052888
0.9035297
0.9049919
0.9120805
0.9109829
0.9110798
0.9108198
0.9046575
0.9044991
0.9021087
0.893642
0.8890123
0.8955078
0.8941421
0.8910228
0.8900375
0.8855303
0.8909498
0.8910035
0.8876873
0.8935957
0.894604
0.8951472
0.9006222
0.9033146
0.9046
0.9009659
0.9019563
0.9087323
0.9099974
0.903448
0.9016033
0.9037688
0.895788
0.8909913
0.8884695
0.8849661
0.8872044
0.8874105
0.8846628
0.8856592
0.8881797
0.8831883
0.8907711
0.8803709
0.8940267
0.8661959
0.8386072
0.9212246
0.9022145
0.8755368
0.8911797
0.874714
0.8762978
0.8765497
0.8877596
0.8955724
0.8997073
0.9096233
0.9089256
0.9018524
0.9032654
0.8967832
0.8890345
0.8878396
0.8739455
0.8636493
0.8661019
0.8658627
0.8729458
0.8791533
0.8880292
0.9001285
0.906063
0.9083618
0.9123968
0.9213655
0.9186374
0.9152948
0.9151058
0.9166796
0.9208043
0.91686
0.9113058
0.9099743
0.9109939
0.9064506
0.8987741
0.8943439
0.898438
0.9039273
0.9052695
0.8998162
0.8918307
0.8991367
0.894651
0.8906081
0.8972622
0.8960356
0.9058302
0.9052039
0.8991936
0.9023798
0.8982773
0.8996429
0.9081957
0.9102831
0.9133404
0.9204655
0.9255088
0.9305128
0.9321056
0.9343443
0.9328072
0.9287783
0.9346853
0.9386457
0.9330103
0.929565
0.9358914
0.9326413
0.9242873
0.9235928
0.9191292
0.9084976
0.8945225
0.8893909
0.8847471
0.8756441
0.8748409
0.8758672
0.8763693
0.884164
0.8901071
0.8888629
0.8938219
0.8984594
0.9021605
0.9051439
0.9074838
0.9121322
0.9083632
0.9085601
0.9196685
0.9166069
0.9108312
0.923699
0.9300866
0.9237884
0.9173183
0.9161328
0.9188256
0.9133542
0.9051808
0.9152054
0.914249
0.9065888
0.915302
0.9226646
0.9225828
0.9254848
0.9329269
0.9250433
0.918084
0.9185753
0.9142577
0.9121417
0.9138641
0.9139582
0.9175934
0.9141027
0.9101527
0.9122281
0.9088114
0.9118284
0.9133767
0.9110042
0.9097309
0.9096611
0.9099889
0.9025402
0.9038561
0.9102878
0.9087244
0.9106297
0.9108369
0.9140096
0.9126673
0.9038686
0.9090739
0.9083586
0.8970954
0.8977039
0.8996366
0.8976043
0.8951056
0.8943708
0.898686
0.9021693
0.9060134
0.9053255
0.8987098
0.9012181
0.902751
0.9020433
0.9089682
0.9082092
0.9065147
0.9092265
0.9153974
0.915319
0.911578
0.9086062
0.8984513
0.8963404
0.8960612
0.8943903
0.8876199
0.8780773
0.8748972
0.8744128
0.8732003
0.871092
0.8752804
0.8759787
0.8745362
0.8774039
0.8807013
0.8819803
0.8822292
0.8848071
0.8893657
0.8934069
0.8967465
0.8989837
0.9001757
0.9005819
0.8983858
0.8967004
0.8963549
0.8977764
0.9013159
0.9012065
0.8923473
0.8886431
0.8854169
0.8792082
0.8832487
0.8828228
0.8831893
0.8894174
0.8870705
0.8888803
0.8968155
0.9044578
0.9122888
0.9199463
0.9267259
0.9336132
0.932168
0.9333256
0.9207288
0.8920233
0.8969911
0.8555528
0.848833
0.9205265
0.9193798
0.9131806
0.9162361
0.9037013
0.9003285
0.8921325
0.8911702
0.8894467
0.8890796
0.8905925
0.8961638
0.8976485
0.9107674
0.9014477
0.9169585
0.9727273
0.9388653
0.9100289
0.9113141
0.9000143
0.8998309
0.8959315
0.8956925
0.8923566
0.8941342
0.8930756
0.8905608
0.8900101
0.884942
0.8823692
0.8770271
0.8704457
0.8741694
0.8804896
0.8801481
0.8858526
0.8955705
0.901619
0.9004272
0.8917349
0.8976447
0.9017895
0.8968135
0.8949076
0.8900608
0.8882961
0.8852071
0.881192
0.8684921
0.8502373
0.8499277
0.8499413
0.8546895
0.8597082
0.8503793
0.8482984
0.8482372
0.8515873
0.8601371
0.8669558
0.8683821
0.8580373
0.8452896
0.8413091
0.8482447
0.8585581
0.8708478
0.8860543
0.8987819
0.9080128
0.9071243
0.9012079
0.8988339
0.8983208
0.894137
0.8926946
0.8870278
0.8678203
0.8684231
0.8682519
0.8647182
0.870271
0.8768478
0.9008757
0.9120431
0.9006571
0.900867
0.9061439
0.9029511
0.9100394
0.9124794
0.9094213
0.9111872
0.9143519
0.9092346
0.9041861
0.9050135
0.8957182
0.8899192
0.8867177
0.8847788
0.8883014
0.8882402
0.888223
0.8883267
0.8836154
0.8850963
0.8827924
0.8791807
0.8848231
0.8867845
0.8897096
0.8905793
0.8888583
0.8944792
0.8890128
0.8823712
0.8919582
0.8950241
0.8979824
0.9032556
0.9085038
0.9114989
0.9077908
0.9094905
0.9056425
0.896685
0.8936083
0.8956375
0.8959339
0.8976441
0.9043002
0.8995515
0.8923363
0.8981515
0.896581
0.8890581
0.8891016
0.8898088
0.8936072
0.8935721
0.8898605
0.8945991
0.9011306
0.9014878
0.9007815
0.8988163
0.8909644
0.8910979
0.8907936
0.8869403
0.8844721
0.8810107
0.8819736
0.8785824
0.8725866
0.8706756
0.8746874
0.875625
0.8760036
0.8808383
0.8863961
0.8845922
0.8801398
0.8884785
0.8935591
0.8950212
0.8986246
0.8960806
0.8942941
0.8967824
0.9024798
0.9015592
0.8947836
0.9012742
0.9031844
0.9009157
0.9046141
0.902212
0.9022159
0.9057265
0.9071062
0.9024208
0.9059159
0.9142594
0.9192069
0.9232292
0.9161642
0.9117189
0.9085306
0.8973791
0.8901224
0.8867905
0.8866315
0.8881204
0.893543
0.8909471
0.8841157
0.8890653
0.8881327
0.8843705
0.8811874
0.8782843
0.8763459
0.8806869
0.8797199
0.8732973
0.8811976
0.8882142
0.894273
0.9013471
0.9068689
0.911859
0.9118896
0.9168862
0.9212738
0.9244369
0.9345903
0.9298053
0.9225369
0.930756
0.931122
0.9231161
0.9201812
0.9186721
0.9175115
0.9151815
0.9120398
0.9076021
0.8993537
0.8995858
0.9039062
0.9008197
0.9007755
0.893909
0.8874495
0.8812159
0.8628363
0.857487
0.8566679
0.858452
0.8682771
0.8779811
0.8810615
0.8816309
0.8905592
0.8992228
0.903536
0.9076883
0.9109986
0.908725
0.9054452
0.9057646
0.8970744
0.8768712
0.8717786
0.8732664
0.8679726
0.8695095
0.8765941
0.8787858
0.8774634
0.8718326
0.8680685
0.8751785
0.8837264
0.894616
0.8993967
0.9079935
0.9233275
0.9181902
0.9133202
0.9170804
0.9148908
0.9254879
0.9271948
0.9213224
0.9285427
0.9210376
0.9133643
0.9074158
0.8984897
0.8996719
0.8944951
0.8848681
0.8780671
0.869848
0.8678989
0.8697561
0.8615238
0.8554212
0.8563791
0.8623497
0.8701105
0.8650788
0.866403
0.8737512
0.8732678
0.878295
0.8797668
0.8789273
0.8862391
0.8857734
0.8807309
0.8869542
0.8933823
0.8992186
0.9018411
0.9040561
0.9160824
0.9109696
0.9048747
0.9127566
0.9172549
0.912787
0.8980914
0.9008757
0.9131603
0.9157839
0.9160199
0.9150489
0.9138593
0.9077089
0.9028604
0.8986362
0.896039
0.8932674
0.8814737
0.8765057
0.8804563
0.8723038
0.8616746
0.8659171
0.8705303
0.87389
0.8777417
0.8827485
0.8944702
0.9018531
0.9043028
0.8986902
0.8966992
0.9038797
0.8948276
0.8966087
0.9113201
0.9123016
0.901872
0.897605
0.9040488
0.9024482
0.9055513
0.9117789
0.913405
0.9165739
0.9149401
0.9146922
0.9147027
0.9059804
0.90629
0.9064207
0.9035519
0.9026871
0.8976315
0.9009321
0.9056545
0.90745
0.9083512
0.9076819
0.902845
0.8987012
0.9014838
0.907693
0.9052129
0.8950725
0.891316
0.8861462
0.8792045
0.8791745
0.8806003
0.8849317
0.8973947
0.9069745
0.9077241
0.9130617
0.9147693
0.9085644
0.9188419
0.920882
0.9290399
0.925839
0.9378925
0.9090595
0.8248349
0.8006492
0.8288391
0.9339024
0.9617973
0.9297454
0.9267829
0.913611
0.9200673
0.9262226
0.9336184
0.9360125
0.9372326
0.9374125
0.9290395
0.9193718
0.9147495
0.9078933
0.9059865
0.9041402
0.903903
0.8973914
0.8790671
0.8816853
0.8845928
0.877023
0.8805307
0.8894913
0.8973728
0.9102952
0.9196613
0.9215979
0.9286868
0.9204057
0.9103101
0.9133621
0.9080866
0.9080141
0.9123508
0.9084105
0.9003983
0.896195
0.9011819
0.9053553
0.9012315
0.9005445
0.9063666
0.9150213
0.9246989
0.9200707
0.9173623
0.9264499
0.922345
0.914461
0.9201677
0.9195342
0.9176297
0.9240895
0.9234409
0.9219385
0.917357
0.9335397
0.8965839
0.8497142
0.8501141
0.8469191
0.8975237
0.913199
0.8989155
0.9040166
0.9034534
0.9030986
0.8989487
0.8961462
0.8893358
0.8888499
0.8946255
0.8987219
0.8973539
0.9011115
0.9043705
0.8992643
0.8873858
0.881608
0.8842913
0.8789635
0.8760349
0.8841306
0.884934
0.8860324
0.89593
0.8994323
0.9021192
0.9143352
0.9172258
0.9191065
0.9305732
0.9193518
0.8987309
0.8860218
0.8888678
0.8688264
0.8406172
0.8308906
0.7937025
0.7768514
0.7740813
0.7731837
0.7703464
0.7570156
0.7447331
0.729172
0.7050154
0.7199212
0.8040357
0.7995857
0.8225388
0.8918222
0.8538505
0.8257161
0.8677409
0.8656798
0.8468004
0.8484225
0.8310946
0.8766048
0.8398138
0.7875063
0.7850055
0.771577
0.8120592
0.8598882
0.8894077
0.8614333
0.8277496
0.826871
0.8102105
0.7621843
0.7180683
0.7228404
0.719382
0.8071547
0.8502785
0.8215769
0.8896127
0.8547273
0.8295934
0.8004737
0.7162488
0.7075541
0.71427
0.7253686
0.7348188
0.7461975
0.7611652
0.7608597
0.7645358
0.7468092
0.7254637
0.7579462
0.7671906
0.7778186
0.7971495
0.7779618
0.8220603
0.8438561
0.7830252
0.7629932
0.7608802
0.7470047
0.7454066
0.7498163
0.7595196
0.7411844
0.7645099
0.8306813
0.8031945
0.7934423
0.800812
0.7567594
0.7576307
0.7791602
0.7899109
0.7943519
0.8028094
0.8132374
0.8136596
0.80666
0.8090073
0.8236205
0.8198064
0.812386
0.8121837
0.8078058
0.8020603
0.7971632
0.7982445
0.8004685
0.8017153
0.8042353
0.8101752
0.8186857
0.8218936
0.8233414
0.8266166
0.8282523
0.8321138
0.8377024
0.8367957
0.8345666
0.840984
0.8418829
0.8332432
0.8324602
0.8374455
0.8348484
0.8284571
0.8312019
0.8330438
0.8313358
0.8370704
0.8447262
0.8480164
0.8557055
0.8613575
0.8542304
0.8583713
0.8675598
0.8697726
0.8774745
0.8752281
0.8730795
0.8806375
0.8786362
0.881616
0.8863131
0.8873738
0.8934709
0.8941079
0.8964985
0.90225
0.9091195
0.9053923
0.9021468
0.9116613
0.9070381
0.9000085
0.894059
0.899026
0.8982865
0.871669
0.8744826
0.8829641
0.8770716
0.8630326
0.8466117
0.855406
0.8545585
0.8489774
0.8546778
0.8573471
0.8584642
0.8653317
0.872952
0.8763149
0.8749155
0.8884284
0.9000254
0.8779678
0.8873592
0.9107968
0.892658
0.8760488
0.8871723
0.8829909
0.8631977
0.8715892
0.8751097
0.8613691
0.8605122
0.8651908
0.86678
0.8671169
0.872521
0.8744769
0.8675917
0.881539
0.8818954
0.8827195
0.8970964
0.8819734
0.8870941
0.8962662
0.9020118
0.9065866
0.8995938
0.9145423
0.9214754
0.9229282
0.881461
0.774128
0.8207262
0.8842804
0.8442501
0.8900706
0.9197006
0.9104204
0.895906
0.8963465
0.9097719
0.9108009
0.9205465
0.9189038
0.9221634
0.9246922
0.9520763
0.9209815
0.7729725
0.7879823
0.9331351
0.9300908
0.8448942
0.7993472
0.7934497
0.7997643
0.8256898
0.8914782
0.9358012
0.9260863
0.9204575
0.9217269
0.9365161
0.9344629
0.9281035
0.9469959
0.9223032
0.8984907
0.9026707
0.9038512
0.8945169
0.882871
0.8863364
0.873763
0.8600135
0.8618561
0.8542799
0.8543962
0.8527407
0.8377104
0.8340374
0.8346691
0.8323084
0.8363947
0.8498961
0.8582719
0.8654317
0.8695429
0.8701082
0.8735438
0.8745476
0.8820468
0.8815104
0.8775733
0.8788985
0.8739694
0.8770034
0.8844944
0.8830662
0.9014666
0.8965376
0.9138011
0.9163016
0.8339125
0.8523387
0.8433477
0.8218947
0.9014084
0.9219984
0.9213528
0.9191294
0.9085012
0.9191104
0.9269898
0.9572755
0.8912962
0.7710067
0.7640577
0.8178802
0.9140547
0.9357565
0.9182981
0.9207492
0.9120235
0.9166091
0.9084084
0.8939092
0.8898784
0.8953356
0.8847574
0.8674378
0.8526323
0.8472973
0.8406327
0.8255484
0.8091296
0.7943674
0.7835525
0.7814472
0.7997026
0.7935732
0.7927065
0.7819719
0.8394928
0.9114399
0.8058181
0.7535573
0.7770665
0.7622652
0.749632
0.7487068
0.7468567
0.7344671
0.734523
0.734476
0.7423625
0.785523
0.8739803
0.9128174
0.8937529
0.7873189
0.7678799
0.8590375
0.7685392
0.7125248
0.7212455
0.7255142
0.7766769
0.792381
0.8203245
0.8457251
0.865859
0.8281732
0.7456224
0.7346249
0.7387214
0.7183492
0.7664106
0.8265978
0.815272
0.7975145
0.7353181
0.6924061
0.6968713
0.6985578
0.7033399
0.7043659
0.6948112
0.7330582
0.7553925
0.7323682
0.7959198
0.8468442
0.7940799
0.7607543
0.8231506
0.847826
0.779835
0.7356534
0.7982179
0.7828805
0.701104
0.6937708
0.6952889
0.6955149
0.69232
0.6854578
0.6910826
0.7052823
0.6880326
0.6941158
0.6728484
0.7115149
0.7805168
0.7168277
0.8065645
0.8869594
0.8092891
0.8203817
0.8662823
0.8615114
0.8729702
0.7624818
0.7203073
0.8528401
0.864693
0.8572686
0.7821945
0.8036367
0.8656023
0.7892704
0.7720489
0.7739918
0.7590598
0.8048193
0.8060147
0.69934
0.7076551
0.8356616
0.8472958
0.7121365
0.6770506
0.7121747
0.7096225
0.7165848
0.7209318
0.7300558
0.7411662
0.7470612
0.7426201
0.7409959
0.7472163
0.7468792
0.7426103
0.7266679
0.7178009
0.7366571
0.7492206
0.7496172
0.7383092
0.7367986
0.7529591
0.7637123
0.769044
0.775297
0.7802218
0.7819186
0.7862154
0.7895489
0.7904277
0.7905117
0.7961334
0.8033945
0.8066553
0.8069856
0.7973181
0.7929363
0.7966656
0.7907101
0.7815791
0.7843928
0.794394
0.799279
0.8017983
0.8074557
0.8133111
0.8188931
0.8238351
0.8216884
0.8231713
0.8238881
0.8206331
0.8279631
0.83434
0.8380784
0.8437024
0.8484214
0.852374
0.8479458
0.844878
0.8513002
0.8496718
0.843921
0.8508218
0.8562835
0.8548872
0.8595854
0.8605474
0.8612973
0.8595996
0.8563384
0.8616261
0.8562876
0.853017
0.8530245
0.8462142
0.8429181
0.8433423
0.8455897
0.8384916
0.8370211
0.8522267
0.8619464
0.8719058
0.8822864
0.890268
0.9015231
0.8847241
0.8635689
0.8678205
0.8661668
0.8693575
0.8474709
0.8514294
0.9028405
0.8877484
0.8506078
0.8281324
0.8195933
0.8296434
0.8334619
0.8374508
0.8405417
0.8479183
0.8590145
0.8633378
0.8627965
0.8665195
0.861211
0.8538409
0.8471823
0.8397083
0.8480732
0.8471665
0.8421611
0.8498516
0.8548516
0.8616333
0.8745271
0.8850636
0.8941976
0.8800871
0.866705
0.879239
0.8694616
0.8654462
0.8706158
0.8618512
0.8593423
0.8620109
0.8724571
0.8730329
0.8701074
0.8789998
0.8845388
0.8887861
0.8928719
0.9020027
0.9167115
0.9181759
0.9154994
0.9150616
0.9109943
0.9002444
0.9007
0.890199
0.9000508
0.864954
0.7662568
0.7768732
0.817726
0.8473393
0.8672079
0.8542348
0.8491559
0.8422618
0.8442593
0.8260907
0.7996903
0.7992717
0.7898119
0.7879016
0.8099101
0.8233765
0.823979
0.8235575
0.830705
0.8335815
0.8372116
0.8477217
0.8538863
0.8560872
0.8601341
0.8624632
0.866075
0.8715875
0.8688824
0.8734114
0.8816907
0.8757006
0.8766395
0.8825448
0.8826597
0.8854145
0.8807254
0.869438
0.8606638
0.8612193
0.858558
0.8511652
0.854214
0.8574238
0.8632105
0.8736461
0.8811923
0.8856424
0.8905736
0.8940575
0.9017563
0.9049547
0.8826409
0.8675233
0.8724262
0.8597705
0.8436689
0.8480546
0.847724
0.8452736
0.8427176
0.8414246
0.8460591
0.840367
0.8419779
0.8492779
0.8553352
0.8543034
0.8541509
0.8645039
0.8647771
0.8615749
0.8625099
0.871227
0.8755749
0.8739976
0.8780212
0.880832
0.8877482
0.8969085
0.907596
0.9100279
0.8166382
0.7897707
0.8821732
0.8894843
0.8991727
0.910989
0.8971398
0.9050262
0.9027332
0.9049875
0.9117698
0.9039292
0.9031136
0.9152065
0.9140775
0.9081297
0.907192
0.9076317
0.9052463
0.9107037
0.9130141
0.9074352
0.9177986
0.9223545
0.925325
0.9346684
0.9454949
0.9384557
0.9573294
0.9322447
0.8713971
0.8571386
0.795964
0.8497339
0.934473
0.9168021
0.9167868
0.9121348
0.9035258
0.9059818
0.9040471
0.9007837
0.90855
0.9071485
0.907319
0.9127711
0.9091845
0.8969465
0.8827118
0.8887727
0.8958502
0.8991256
0.9029574
0.8913272
0.8905321
0.9041278
0.9070895
0.9007065
0.8822195
0.8728131
0.8731868
0.8637807
0.8508831
0.8373903
0.8355684
0.8379126
0.8440016
0.8478473
0.8434316
0.849384
0.8636813
0.8738137
0.878071
0.8909549
0.8995682
0.9011682
0.8997798
0.8881957
0.8768544
0.8616922
0.8546149
0.8615583
0.8604147
0.841764
0.8297589
0.8288943
0.8173221
0.8054275
0.8128638
0.8276175
0.8351375
0.8420426
0.8521114
0.8639182
0.8705007
0.87708
0.8844195
0.8876469
0.8924535
0.8974681
0.9003893
0.8959794
0.8916616
0.8966833
0.894177
0.8953513
0.9027809
0.896656
0.8864794
0.8719228
0.8610655
0.8521513
0.8470327
0.8473582
0.8460819
0.8545016
0.862914
0.8672387
0.8660236
0.8579947
0.8578158
0.8629328
0.8649962
0.8637225
0.8625718
0.8700442
0.8717287
0.8723904
0.8746604
0.8728591
0.8750421
0.8602664
0.8577157
0.8609085
0.8522122
0.8582194
0.8598912
0.8553413
0.8570913
0.8629051
0.8669072
0.8657341
0.8568058
0.8599264
0.8689665
0.8680943
0.8701546
0.8759956
0.877384
0.8647566
0.8722242
0.8574464
0.8344468
0.8484279
0.8274371
0.8212619
0.835158
0.8349311
0.8372485
0.8429268
0.8478145
0.8457055
0.8572118
0.8666528
0.8675842
0.8793194
0.8896263
0.8937783
0.902276
0.9084215
0.911564
0.9110661
0.9203348
0.9225159
0.9167995
0.9108617
0.8965982
0.8964301
0.8976927
0.8779689
0.8628562
0.8718652
0.8266933
0.7750667
0.7812796
0.7772978
0.7663939
0.7604365
0.7692974
0.773474
0.7498159
0.7482238
0.7433948
0.7189117
0.711594
0.7206265
0.7033786
0.7459294
0.8553529
0.8654663
0.8126517
0.7351491
0.7095273
0.7441572
0.7501331
0.7555136
0.7708955
0.7778005
0.7867158
0.791312
0.7866867
0.7901706
0.7884193
0.790383
0.7928699
0.7925845
0.7941574
0.8017347
0.8149705
0.8193938
0.8187018
0.8159893
0.8256231
0.8358244
0.8345126
0.8409707
0.8497959
0.8438814
0.8474415
0.8691517
0.8700589
0.8595223
0.8544761
0.8584811
0.8670427
0.8642329
0.8536734
0.856873
0.8628768
0.8548973
0.8507313
0.8511211
0.8476153
0.8424758
0.8318543
0.8241205
0.821438
0.8145606
0.8152383
0.8148502
0.8039517
0.8044495
0.8118813
0.8086635
0.7935341
0.7793703
0.7881472
0.7906755
0.7801204
0.777971
0.767007
0.7537756
0.7370755
0.7345721
0.7205658
0.734216
0.870912
0.9072031
0.8670376
0.8804494
0.8078668
0.8195037
0.9143503
0.868631
0.7567567
0.7245471
0.7521031
0.7501291
0.754286
0.7806426
0.7795287
0.7738144
0.7789925
0.777496
0.7760173
0.7811693
0.7855641
0.7863181
0.7901217
0.7967352
0.8022969
0.8121211
0.8225219
0.8294708
0.8410225
0.8468835
0.8543836
0.8713485
0.8744565
0.8732869
0.8820145
0.8850871
0.879944
0.8784054
0.880644
0.8867108
0.8862446
0.8869205
0.8935421
0.8955033
0.8974498
0.8962668
0.8938908
0.8897673
0.8889207
0.8873107
0.8787209
0.8713792
0.8701679
0.8737958
0.8693926
0.8677058
0.877397
0.8763686
0.875928
0.8825177
0.8834381
0.8891075
0.8920602
0.8980979
0.8958715
0.8942196
0.8938215
0.907638
0.8884144
0.8042705
0.8380258
0.8860398
0.8561667
0.8742959
0.8855339
0.8753775
0.8769491
0.8765122
0.8715487
0.8809019
0.8839855
0.8781895
0.8927886
0.9005069
0.900368
0.9142357
0.9136329
0.9079637
0.9136372
0.918697
0.9139314
0.9161808
0.9176218
0.8887042
0.8943904
0.932048
0.9464005
0.9451245
0.9388195
0.9400298
0.9455788
0.941831
0.9433111
0.9445179
0.9367004
0.9391671
0.9341783
0.926156
0.9353246
0.9296252
0.9188938
0.9119915
0.9062453
0.9038742
0.8931215
0.8874157
0.8887951
0.895563
0.8942229
0.8918859
0.8900592
0.89244
0.9029154
0.9003527
0.8872685
0.8808099
0.8796737
0.8732886
0.8689669
0.8670292
0.8582526
0.8505824
0.8503699
0.8395588
0.8329568
0.8310201
0.8334656
0.8472453
0.8588101
0.8723423
0.8809895
0.8863295
0.8868419
0.8791172
0.8865209
0.8815327
0.8842245
0.8836763
0.8679632
0.8326872
0.7913152
0.8416852
0.8794431
0.877458
0.8756606
0.8642007
0.8764401
0.8833573
0.8842045
0.8975536
0.9050728
0.9044401
0.9096654
0.9186232
0.9147317
0.907568
0.9157527
0.914981
0.9120582
0.9189375
0.9149161
0.91127
0.924305
0.934858
0.9382198
0.9305363
0.9182182
0.9194586
0.9208842
0.9127655
0.9101677
0.909056
0.90993
0.9245336
0.9333969
0.9360132
0.9262722
0.9175501
0.9320828
0.9238846
0.9094943
0.9152542
0.9053429
0.9050784
0.9011091
0.8854715
0.890086
0.8853716
0.8857036
0.8873613
0.8784591
0.8865104
0.8933972
0.8940355
0.9079314
0.9109537
0.9119469
0.9154136
0.9282109
0.9154682
0.8401959
0.7997363
0.859328
0.8778359
0.7818248
0.8294319
0.9352273
0.9179439
0.9053834
0.9078786
0.9097985
0.9070293
0.9074832
0.9158385
0.920444
0.9331262
0.9374177
0.9308969
0.9326634
0.9336991
0.9316083
0.9357413
0.9332049
0.928634
0.9357621
0.9450722
0.9406431
0.9355741
0.9447081
0.9439671
0.9489633
0.9496514
0.9496623
0.9467112
0.8617498
0.8203219
0.859182
0.8845974
0.9267853
0.9311866
0.9135107
0.9181477
0.9142981
0.9124696
0.9186033
0.9175668
0.9061693
0.8973689
0.9036893
0.9024549
0.895832
0.9033768
0.9002922
0.897019
0.9048413
0.902193
0.8975636
0.899358
0.9006694
0.8933969
0.8865854
0.8916904
0.8959439
0.8982122
0.9028857
0.9080705
0.9051139
0.9038841
0.9076448
0.9074038
0.9120652
0.9164351
0.9199773
0.9180308
0.9148284
0.9224557
0.9179828
0.9158229
0.9233994
0.9235997
0.9267083
0.9210592
0.9162635
0.9169977
0.9143881
0.9178691
0.9129913
0.9148606
0.9207074
0.9166825
0.9051333
0.9242928
0.8250584
0.7862564
0.9191045
0.8853871
0.8800955
0.9001818
0.8747337
0.8840175
0.8753344
0.8763361
0.8713625
0.8793021
0.8791825
0.8760107
0.8839714
0.8887059
0.8947556
0.8985442
0.9021352
0.9040035
0.8991479
0.9025752
0.9045483
0.9007153
0.9003916
0.8971986
0.8931174
0.8885111
0.8872092
0.8961521
0.8954705
0.8848586
0.8894136
0.8977092
0.895007
0.8922734
0.8939072
0.897074
0.8943196
0.8934899
0.8915872
0.8904125
0.9019275
0.9048225
0.9040392
0.9131428
0.9160175
0.918814
0.9224424
0.9240923
0.9275655
0.9273918
0.925466
0.9337545
0.9375507
0.9288218
0.927598
0.931526
0.9319836
0.9213342
0.9192524
0.9138057
0.8786856
0.8709729
0.8909744
0.8974111
0.9088347
0.9069613
0.9019068
0.9050953
0.9033855
0.9055419
0.907511
0.9060768
0.9065351
0.9046003
0.902217
0.9111617
0.9182653
0.9275366
0.9366441
0.9372808
0.9411339
0.9522145
0.9500375
0.9286862
0.9221547
0.9350561
0.9365264
0.9222262
0.9125046
0.9105887
0.9127482
0.9048535
0.8897879
0.8902054
0.8975306
0.8913026
0.8881934
0.8942815
0.8935206
0.8937857
0.8905371
0.8927128
0.8905827
0.9003811
0.8816423
0.8560906
0.8492513
0.8263252
0.8763132
0.906121
0.8903074
0.8943616
0.8912084
0.8983034
0.9029234
0.8955875
0.8856241
0.8851679
0.8984952
0.9017816
0.8937463
0.8879636
0.8868159
0.8887277
0.8862672
0.8937921
0.9011287
0.9011815
0.9026586
0.9011903
0.9033431
0.9106697
0.9172374
0.9160352
0.9079673
0.9067538
0.9044053
0.8935361
0.8847416
0.8815748
0.8758373
0.8685913
0.8676453
0.8649316
0.8636419
0.8650717
0.8650628
0.867009
0.8700329
0.8717917
0.8756002
0.8789607
0.8769069
0.8797417
0.8893219
0.8941085
0.8939378
0.9018716
0.9025535
0.9119405
0.904823
0.9197396
0.8855092
0.8699413
0.9180105
0.8117139
0.8123691
0.8921002
0.8804937
0.8823318
0.8692696
0.8460574
0.8494214
0.8397206
0.7921382
0.7853051
0.7927601
0.7934617
0.7898625
0.7768159
0.779127
0.7875783
0.7923253
0.776611
0.8017677
0.8818372
0.8774004
0.8271747
0.8022141
0.7726937
0.7552207
0.7557673
0.7338758
0.7416086
0.8500849
0.8454823
0.7854341
0.8394451
0.8729772
0.8478834
0.8184424
0.8668601
0.9207505
0.866345
0.8138108
0.8190584
0.8898761
0.9466733
0.8423215
0.7419064
0.737784
0.7445772
0.7331366
0.7579803
0.7683777
0.7949744
0.8769527
0.8223884
0.8376242
0.9008297
0.8031528
0.7570637
0.832198
0.8721689
0.8135833
0.8299078
0.8476796
0.8072863
0.8172318
0.8637255
0.8677624
0.7948839
0.832206
0.8860248
0.8326146
0.87328
0.8818475
0.748557
0.7145166
0.7407758
0.7344967
0.7517112
0.7534468
0.7632466
0.8730954
0.8863061
0.7645126
0.7432858
0.758794
0.7483906
0.7608371
0.766186
0.7863557
0.8624196
0.884559
0.8547729
0.8298224
0.7935503
0.7855723
0.7985137
0.7856792
0.8055844
0.7680924
0.7759926
0.8967795
0.831807
0.7934125
0.8157832
0.7910479
0.8029934
0.8071422
0.8140092
0.8107728
0.8130246
0.8241106
0.832466
0.8286752
0.8252189
0.8297278
0.8320998
0.8351435
0.8375455
0.839744
0.8374972
0.836381
0.8469773
0.8498489
0.8410979
0.8386173
0.8400842
0.8422925
0.8476647
0.8478281
0.8543505
0.8581875
0.860068
0.8616445
0.8648109
0.8833574
0.8958333
0.8911661
0.8790479
0.8868401
0.8875212
0.871337
0.8726523
0.8844669
0.8886034
0.8755071
0.8657332
0.875041
0.8729852
0.8698777
0.8829698
0.8771905
0.863851
0.8623582
0.8614996
0.8572886
0.8551409
0.8579531
0.8520307
0.8437349
0.8540785
0.8825444
0.8789723
0.8408114
0.8385715
0.8483464
0.8476278
0.8564
0.8667375
0.881603
0.9049521
0.9184531
0.936636
0.9609189
0.9810924
0.9729019
0.9581332
0.9656301
0.8800728
0.7887481
0.8748841
0.896084
0.8643222
0.9632384
0.9643888
0.9224331
0.9053733
0.8933522
0.8942904
0.8626248
0.863942
0.8632826
0.845707
0.8484484
0.8480666
0.845151
0.8538585
0.8553725
0.8518664
0.85902
0.8705564
0.8728964
0.8768177
0.8815542
0.877104
0.8766607
0.8710265
0.8485034
0.8349095
0.8015957
0.7577916
0.7529327
0.759555
0.7547508
0.7510609
0.7672232
0.767853
0.7736125
0.7989936
0.813223
0.8376354
0.8424357
0.8329891
0.8481879
0.8614283
0.8716352
0.8812374
0.8830696
0.8812364
0.879464
0.8856787
0.8855039
0.8819575
0.8908996
0.8924646
0.8852437
0.8903493
0.8804763
0.8751815
0.8813735
0.881423
0.8840529
0.8830922
0.8906635
0.8930315
0.8796063
0.8813583
0.8904521
0.8919337
0.9004199
0.9047922
0.9100939
0.9183298
0.9127925
0.9115374
0.9324758
0.93787
0.9248391
0.9158819
0.9175151
0.9179626
0.9051608
0.9095283
0.9204774
0.911403
0.9038805
0.9091907
0.9091758
0.9173189
0.92739
0.9223007
0.9181028
0.9201535
0.9237539
0.9284549
0.9344755
0.9316613
0.9281258
0.9273818
0.9316385
0.9464562
0.9514075
0.938884
0.9291155
0.9288929
0.9313853
0.9444529
0.9387246
0.9308739
0.9414758
0.9376516
0.9230872
0.9081329
0.9104729
0.9017538
0.9142603
0.8764091
0.8784983
0.9423213
0.9058594
0.9166361
0.9051731
0.8791862
0.8881437
0.8863962
0.9007654
0.8982953
0.9023309
0.9071228
0.9102475
0.9234457
0.9279424
0.9248704
0.9290863
0.9295623
0.9353499
0.9429268
0.9396508
0.9357004
0.9453882
0.9477498
0.9344599
0.9437101
0.9475486
0.9343993
0.9306446
0.9284793
0.9353509
0.9328271
0.9131881
0.9027703
0.9045602
0.910553
0.8961841
0.9044705
0.8871739
0.8214769
0.8543327
0.8913139
0.8889078
0.8994242
0.8784522
0.8655203
0.8692682
0.8718166
0.8763031
0.8928505
0.9089485
0.9096243
0.9209246
0.9336802
0.9299775
0.94091
0.9567173
0.9514283
0.9363976
0.929651
0.9356454
0.9353993
0.9277772
0.9289776
0.9325141
0.9248071
0.9201989
0.9303538
0.9378085
0.9237589
0.9152596
0.9234878
0.9116459
0.8991515
0.899396
0.8922793
0.8917397
0.890128
0.8857077
0.8904208
0.8898979
0.8920678
0.9006428
0.9018709
0.9081484
0.9036999
0.915128
0.8902066
0.850692
0.8557862
0.8491084
0.8937022
0.9066879
0.8863739
0.8934566
0.8917891
0.9033631
0.907723
0.9110856
0.9218917
0.9231199
0.927166
0.9338239
0.9479776
0.9544053
0.9355418
0.9164914
0.9030697
0.9340577
0.943545
0.951713
0.947748
0.8856541
0.8988973
0.9204261
0.9087444
0.9037959
0.9031143
0.9108658
0.9192174
0.9310688
0.9347861
0.9405779
0.9471394
0.9452513
0.9523017
0.9367602
0.95136
0.9140382
0.82847
0.9090111
0.9625641
0.9380743
0.9434391
0.9334238
0.9371658
0.9189238
0.9446259
0.8959746
0.8267955
0.891134
0.8639072
0.8779885
0.9155609
0.8957973
0.8925927
0.8856195
0.8971186
0.8957891
0.8931668
0.8965067
0.9076429
0.9192582
0.9386632
0.942804
0.9623559
0.9881425
0.9305574
0.918661
0.9778106
0.9607688
0.91122
0.8931103
0.893514
0.8938552
0.9071423
0.9175569
0.8778663
0.8570706
0.8910414
0.9044988
0.9324643
0.9664083
0.9311501
0.904165
0.9021568
0.8927392
0.8956682
0.8989629
0.9091316
0.9164757
0.9138663
0.9196812
0.9157415
0.9073677
0.9040578
0.8960174
0.8845452
0.8829332
0.8849741
0.8770686
0.8733284
0.8647654
0.8628417
0.86498
0.8660897
0.8712704
0.8685336
0.8723547
0.8790616
0.8832569
0.8896573
0.8931181
0.901641
0.9151236
0.9224633
0.9243769
0.9290771
0.9311965
0.9324372
0.9339587
0.9513173
0.9448962
0.9646542
0.9647161
0.8125531
0.8130687
0.9454079
0.9424905
0.9175926
0.9065546
0.8952724
0.9006605
0.8997406
0.9010989
0.9087232
0.9075231
0.8995115
0.9026288
0.9141143
0.9139082
0.9029322
0.9045577
0.9148694
0.921293
0.9219342
0.9060993
0.9021188
0.9121415
0.909233
0.9041644
0.8994787
0.9004786
0.9004563
0.8939212
0.8978007
0.9003353
0.9002522
0.9012771
0.9021807
0.9022763
0.8977823
0.9009701
0.9042916
0.901837
0.9045836
0.9002481
0.8925669
0.8946487
0.8938293
0.8960092
0.9015019
0.9013958
0.8995195
0.9053821
0.915126
0.9153622
0.9117426
0.9103921
0.910642
0.9080206
0.9153692
0.9255387
0.9288269
0.9076967
0.941218
0.9058676
0.8078436
0.8897977
0.9268261
0.9031402
0.9134862
0.9026512
0.9034385
0.8989108
0.9003722
0.9024051
0.9026264
0.9089906
0.9176328
0.9212089
0.9249688
0.9322223
0.9362456
0.9324624
0.9310834
0.9293313
0.9272155
0.9308442
0.9295796
0.9212508
0.9151544
0.9173117
0.9113669
0.9026633
0.9088819
0.9100385
0.9076689
0.9123703
0.9120616
0.9148316
0.9150007
0.9073405
0.9082199
0.91147
0.9137362
0.91271
0.9140988
0.9195179
0.923739
0.9235373
0.9175788
0.9190943
0.9224242
0.9260931
0.9304637
0.9349966
0.9406627
0.9388929
0.9342479
0.9352025
0.9386057
0.93371
0.9289932
0.9220708
0.9047696
0.9086235
0.9029808
0.9209027
0.9344511
0.8946752
0.8961751
0.8963945
0.8928336
0.8965574
0.8921983
0.8958967
0.8967031
0.8988374
0.903935
0.9126774
0.9183904
0.9212395
0.9230175
0.9269533
0.9277439
0.9274437
0.9262771
0.9238711
0.9253956
0.9285051
0.9304738
0.9325598
0.9343785
0.9277963
0.921007
0.9253666
0.9258505
0.9258849
0.9320243
0.934701
0.9364788
0.9405874
0.939833
0.9375894
0.9416542
0.9439114
0.9443289
0.9455117
0.9466422
0.9493728
0.9526723
0.9540832
0.9495319
0.9459561
0.9470488
0.9501593
0.9559115
0.9587055
0.9561084
0.9463182
0.9351048
0.9323669
0.9291062
0.9231345
0.9199154
0.9159566
0.9155459
0.92052
0.9231686
0.9261813
0.923911
0.9164484
0.9159247
0.9179739
0.9190219
0.9199721
0.9210472
0.9219112
0.9242903
0.9276072
0.9315628
0.9307655
0.9287808
0.9255403
0.9187655
0.9186297
0.9212681
0.9193535
0.9125038
0.9089911
0.9066363
0.903672
0.9021745
0.8998965
0.8991993
0.8942567
0.8892842
0.8953391
0.8987595
0.8987834
0.9020121
0.9051867
0.9086444
0.9081023
0.9115749
0.9158307
0.9141356
0.9163063
0.9182252
0.9169008
0.9216101
0.925827
0.9218732
0.9162503
0.9184523
0.9197495
0.9188128
0.9231854
0.9267288
0.930367
0.9301279
0.9315529
0.9372134
0.9396835
0.941333
0.9370212
0.9259065
0.9219182
0.9216499
0.9173572
0.9137031
0.9124948
0.9146638
0.9138641
0.9092
0.9114677
0.9183519
0.9169541
0.9124075
0.9161008
0.9215793
0.9188769
0.9144889
0.9190947
0.9210408
0.9194503
0.9236722
0.9226518
0.9198346
0.9211113
0.9196541
0.9152716
0.9141466
0.9157201
0.9163093
0.9177513
0.9158333
0.9157788
0.9189497
0.9167555
0.921245
0.927993
0.9280641
0.9323206
0.9362613
0.9356793
0.9410036
0.9474299
0.9508157
0.9561437
0.9552388
0.9532659
0.9501038
0.9464775
0.9451879
0.9464121
0.9469113
0.943335
0.9404967
0.929847
0.9243537
0.9206327
0.9163182
0.9139347
0.9151974
0.8809183
0.8861357
0.9298931
0.9155467
0.9172617
0.9065725
0.9040421
0.9109375
0.9058141
0.9160566
0.9159838
0.9182196
0.9295356
0.9351022
0.9312675
0.9307087
0.9336887
0.9402968
0.9433413
0.9415052
0.9385278
0.9410163
0.9445499
0.9456243
0.947261
0.9454946
0.9359263
0.9289238
0.9300883
0.9219135
0.9163615
0.918137
0.9103554
0.9032204
0.902926
0.9063166
0.9105273
0.9157339
0.9221305
0.913409
0.8995042
0.8967609
0.896205
0.8913783
0.8848598
0.8845584
0.8862318
0.8891045
0.8848016
0.8825041
0.8902507
0.891286
0.8921603
0.8956719
0.8972968
0.9020665
0.9110109
0.9109622
0.9043743
0.9095288
0.9134364
0.9098022
0.9104067
0.9091923
0.9071179
0.9045163
0.9029599
0.9049369
0.9049599
0.9062802
0.9085835
0.9038052
0.89878
0.9081551
0.9090103
0.9008751
0.9033608
0.9031149
0.9034732
0.9061875
0.9047092
0.9067674
0.9087478
0.908502
0.9116013
0.9142475
0.9180228
0.9216961
0.9200203
0.9227259
0.9266574
0.9220588
0.9239054
0.9306472
0.9289045
0.9376512
0.9356593
0.9463713
0.9151736
0.8845986
0.9409245
0.9662827
0.9707153
0.9362357
0.9116282
0.9177523
0.9126858
0.9168506
0.9172113
0.9210991
0.9167174
0.9147175
0.9173351
0.9184541
0.9220144
0.9311005
0.9319109
0.9297656
0.9241964
0.9177488
0.9191328
0.9165689
0.9181691
0.9212491
0.920979
0.9252749
0.9316956
0.9350056
0.9371725
0.9374498
0.9334793
0.9284832
0.9291523
0.9269042
0.9228485
0.9228244
0.9202316
0.9210753
0.9227002
0.9267838
0.9262441
0.9223766
0.9257691
0.9346664
0.9338752
0.9235797
0.924108
0.9219172
0.9167426
0.9272535
0.9288045
0.9155774
0.9098304
0.8992517
0.8953737
0.904359
0.9027945
0.901031
0.9013649
0.9000669
0.9062961
0.9078472
0.9078457
0.9109249
0.9672009
0.9847412
0.9115198
0.9058822
0.9172716
0.9129119
0.9245986
0.9235459
0.9323502
0.9407064
0.9436675
0.9402894
0.930027
0.9297062
0.9262271
0.9273225
0.9303298
0.9285082
0.9367122
0.940613
0.9428904
0.9434219
0.9409485
0.9465316
0.9519734
0.9463538
0.9346799
0.9322639
0.9420842
0.9448198
0.9394169
0.9388576
0.9355809
0.9341784
0.9319782
0.9198134
0.9040111
0.8959854
0.8969693
0.9003267
0.8921609
0.8832756
0.8865741
0.8750066
0.8745898
0.8827156
0.8842869
0.8946373
0.8987834
0.898308
0.9009273
0.9083439
0.9097504
0.910037
0.9168662
0.9198215
0.9191028
0.9168062
0.9153763
0.9156177
0.9108606
0.907845
0.9099948
0.9088138
0.9073475
0.9043271
0.905434
0.9124263
0.9163942
0.9197173
0.9175964
0.904982
0.8958022
0.8953333
0.8956099
0.8886867
0.8798104
0.8818443
0.8789843
0.8784306
0.8860136
0.8857096
0.8889403
0.8924378
0.886151
0.8791889
0.8836805
0.8896011
0.8928336
0.887866
0.8767894
0.8733627
0.872786
0.8731664
0.8672125
0.8647804
0.8655664
0.8649375
0.8780046
0.887697
0.887564
0.899443
0.9093407
0.9110064
0.9182336
0.9188259
0.9179606
0.9217435
0.9210832
0.9189328
0.9170831
0.9204521
0.9206813
0.9212178
0.9308426
0.928873
0.9151731
0.9107614
0.9152429
0.9063397
0.8970354
0.8987532
0.8948666
0.8926947
0.8918882
0.8915817
0.897618
0.8986544
0.8934102
0.89863
0.8987964
0.8942832
0.8996838
0.9053804
0.9082577
0.9066284
0.9122512
0.9178687
0.9184832
0.925881
0.9304568
0.9273996
0.9348538
0.9407257
0.9288176
0.9289055
0.9193537
0.9249906
0.910545
0.8612542
0.8824117
0.9041755
0.9080706
0.9126736
0.9034982
0.9066291
0.9035924
0.8979065
0.9027012
0.9077142
0.9117692
0.9157383
0.9197597
0.9282098
0.9357215
0.9411244
0.9403806
0.9301083
0.9282959
0.9396947
0.9334523
0.9251871
0.9272655
0.9248025
0.9299309
0.9320142
0.929562
0.9301868
0.9333304
0.9349965
0.9322062
0.9374381
0.9429469
0.9475751
0.9496313
0.9443921
0.9429895
0.9472241
0.9515746
0.9500012
0.9495403
0.9522532
0.960542
0.9608168
0.9518486
0.9536197
0.9526193
0.9477313
0.940691
0.9350327
0.9325822
0.9331181
0.9308898
0.9302723
0.9127845
0.9398638
0.9639069
0.9114982
0.9059774
0.9066364
0.9048661
0.9074498
0.8934873
0.8907618
0.8857474
0.8807446
0.8712938
0.8683552
0.8716542
0.8686734
0.8738614
0.8841413
0.883727
0.895714
0.8989177
0.8946632
0.9019773
0.9004487
0.9058577
0.911903
0.916146
0.9186181
0.917208
0.9215759
0.9267224
0.9319923
0.9261163
0.9230743
0.9308803
0.9347495
0.9296766
0.929404
0.9317969
0.9339802
0.9396062
0.936931
0.9356824
0.9380903
0.9423304
0.9473288
0.9508566
0.9572617
0.9569062
0.953616
0.9553972
0.9542841
0.9574907
0.9517947
0.9447808
0.9465734
0.9424476
0.9419102
0.9395383
0.9448215
0.9486671
0.9439393
0.9473093
0.9548863
0.9551456
0.9513998
0.9525744
0.9556524
0.9535767
0.9444498
0.9456096
0.9507513
0.9435889
0.9438553
0.9447689
0.907013
0.9242782
0.9526705
0.923799
0.9331089
0.9231176
0.9081282
0.9059819
0.8960903
0.9036833
0.9048663
0.9111194
0.9179566
0.9171617
0.9189977
0.920844
0.9144438
0.9094131
0.9148335
0.9154085
0.9163928
0.9200925
0.9233784
0.9249719
0.927809
0.9326183
0.9246003
0.9150158
0.9120688
0.9144042
0.9115778
0.8961052
0.8835164
0.8730905
0.8644961
0.8670996
0.8681396
0.8696732
0.8771403
0.887334
0.89827
0.9079985
0.9188518
0.9247777
0.9305797
0.9304351
0.9272265
0.9274769
0.9267124
0.9238798
0.9193485
0.9199668
0.9218517
0.926636
0.9308122
0.9335922
0.9303697
0.9232578
0.9239372
0.9237795
0.9257261
0.9322518
0.9376514
0.9345477
0.9345848
0.945423
0.9443072
0.9362273
0.931603
0.9265182
0.9302964
0.9316311
0.9211992
0.9154665
0.9154736
0.9189527
0.9125809
0.9058473
0.9065049
0.9015505
0.9019605
0.9014292
0.8956243
0.8903814
0.892377
0.8938047
0.8882797
0.8882122
0.8961401
0.9012054
0.8941718
0.890842
0.897163
0.901637
0.9088525
0.9144916
0.9201683
0.9273285
0.9307836
0.9340885
0.9358797
0.9437991
0.9481448
0.9350725
0.9227941
0.9315612
0.9319072
0.9440937
0.9317839
0.8893203
0.9071954
0.9063558
0.8849185
0.8884425
0.8866334
0.8886998
0.8965809
0.9029822
0.9116992
0.9217614
0.9228283
0.919073
0.9228176
0.9251418
0.9156514
0.906602
0.9049228
0.908061
0.9075723
0.9056423
0.9053121
0.9024682
0.8964125
0.8974564
0.9020493
0.9053036
0.9139084
0.9162146
0.9142068
0.9202183
0.9252536
0.9258008
0.929475
0.929907
0.9296369
0.9365808
0.9476354
0.9480221
0.9404837
0.9453165
0.9498519
0.9472235
0.9413596
0.9383597
0.9404594
0.9416226
0.9467096
0.9475051
0.9404515
0.9269065
0.9160157
0.9184712
0.9188195
0.9155028
0.9144096
0.9159568
0.9176973
0.9174375
0.9196932
0.9199668
0.9203889
0.9213079
0.9242041
0.9306597
0.9308109
0.9262176
0.9206512
0.9188807
0.9209978
0.9208887
0.9201593
0.9220715
0.927018
0.9240578
0.9141309
0.9047365
0.9021105
0.9079345
0.9106974
0.9092235
0.9067501
0.9020402
0.9016227
0.8894761
0.9188037
0.9592266
0.8900482
0.8987557
0.9490236
0.8903271
0.8576232
0.8478471
0.8588794
0.8749231
0.8778943
0.8891645
0.8929909
0.899094
0.9014226
0.9052155
0.9113989
0.9146804
0.9182733
0.916172
0.9155376
0.9124989
0.9128192
0.9072399
0.8849353
0.8785725
0.8785936
0.8759599
0.8790956
0.8840399
0.8854517
0.8937877
0.9086633
0.9183364
0.924269
0.9234085
0.9184851
0.9192186
0.9212106
0.9177886
0.913076
0.9080236
0.9051018
0.9039608
0.9052311
0.9121761
0.9138614
0.9061043
0.9045891
0.9093837
0.9113443
0.8949946
0.8775509
0.8833582
0.8920357
0.8949633
0.9069993
0.9168024
0.9118367
0.9076013
0.9085031
0.909391
0.9085302
0.9108884
0.9103916
0.9059075
0.9063092
0.9064462
0.9045877
0.903455
0.9058777
0.9133194
0.9170965
0.9059075
0.8951322
0.8983001
0.8967717
0.8884379
0.8870899
0.8831037
0.8752996
0.8773359
0.8789879
0.8762218
0.8724638
0.8722218
0.8788142
0.8840015
0.8891821
0.8924304
0.893754
0.904004
0.9131181
0.9082877
0.907761
0.9150115
0.9188565
0.9199891
0.9234065
0.923888
0.9259885
0.9270224
0.9357823
0.9320994
0.9458606
0.9359004
0.865369
0.8360376
0.8507769
0.9075809
0.9252158
0.9116987
0.9174175
0.9156789
0.9198484
0.9213418
0.9235427
0.9233165
0.9250288
0.9277302
0.9282841
0.9175052
0.905585
0.9078191
0.9007999
0.8913214
0.8815236
0.8582039
0.8462707
0.8465434
0.8387959
0.8409055
0.8546181
0.8566223
0.8558435
0.8624727
0.8658699
0.8642588
0.8693166
0.8785488
0.8875628
0.8907058
0.8884564
0.8808119
0.8728906
0.8710487
0.8600447
0.856667
0.8603686
0.8624217
0.8614708
0.8550603
0.8640327
0.876213
0.8852046
0.8999894
0.9159397
0.942222
0.9719836
0.949271
0.9059187
0.8976126
0.9148293
0.9103322
0.9210348
0.9773192
0.9818645
0.9657731
0.9417522
0.9110132
0.9059298
0.9011602
0.8967921
0.8933538
0.8894514
0.8924747
0.8944932
0.894306
0.8961044
0.8940818
0.9006377
0.9076959
0.9015797
0.8962252
0.901044
0.9123742
0.9153226
0.909002
0.9138529
0.9148896
0.9141839
0.9171279
0.9172638
0.9151018
0.9158386
0.9195334
0.9096625
0.9113632
0.921502
0.93275
0.9283456
0.9011531
0.905699
0.906001
0.9007085
0.9101361
0.9077748
0.9075388
0.9093654
0.915148
0.9191506
0.9224796
0.9281359
0.9298304
0.9345196
0.9435934
0.9466593
0.9411865
0.9371157
0.9381176
0.9419476
0.9426577
0.9393083
0.9424062
0.9448054
0.9368945
0.9283374
0.9238615
0.9222409
0.9184248
0.9115909
0.9099407
0.9130279
0.9126362
0.9060453
0.8992519
0.8980402
0.8977668
0.8985363
0.8980254
0.8565888
0.8538781
0.9249939
0.9291821
0.9002237
0.8926436
0.8833033
0.8893772
0.8948823
0.8975596
0.9077966
0.9122351
0.9122681
0.9222824
0.9276797
0.9266833
0.9304574
0.936658
0.9410339
0.9296057
0.9154686
0.9137702
0.9075094
0.9034427
0.8985142
0.8823418
0.8679948
0.8637333
0.8684908
0.8654633
0.8648361
0.8694141
0.8732583
0.8793014
0.8761702
0.8767498
0.8818023
0.8810308
0.8801217
0.8809044
0.8865866
0.8929994
0.8938247
0.8943159
0.9001025
0.9054307
0.9065966
0.9095664
0.9100031
0.9070719
0.9094094
0.9166242
0.9132213
0.9077107
0.9124381
0.9140881
0.915344
0.9228877
0.9286975
0.931388
0.9356975
0.9424778
0.9325868
0.9144814
0.9132296
0.9098328
0.8937672
0.8820967
0.8878822
0.8941945
0.8974009
0.8932242
0.9003431
0.8947472
0.8858097
0.8687789
0.8314418
0.8685732
0.8423419
0.7981689
0.8533176
0.8549347
0.8423095
0.851779
0.8555286
0.8703305
0.8646477
0.8560683
0.8650719
0.8625735
0.8575102
0.8658176
0.8727047
0.8719682
0.8691379
0.8779893
0.8958329
0.8987714
0.8982601
0.9088839
0.9122007
0.9112659
0.911378
0.9131538
0.9220681
0.9329139
0.9273743
0.9201608
0.9334709
0.9323768
0.9195353
0.9221884
0.9284711
0.9326469
0.9328116
0.938291
0.9458231
0.944084
0.9531495
0.9537202
0.9488341
0.9502801
0.9392931
0.9359397
0.93062
0.9247636
0.9378528
0.9437739
0.9439979
0.931933
0.92464
0.9256653
0.8958952
0.8761316
0.881638
0.8901971
0.8986776
0.9009417
0.8967584
0.8958918
0.8955092
0.8995576
0.9033485
0.906699
0.9169858
0.9128017
0.9106225
0.9201938
0.9255442
0.9284608
0.9293167
0.9220481
0.9123283
0.9078485
0.9029283
0.8972108
0.8950227
0.8949692
0.8950534
0.8960167
0.8935511
0.8830308
0.8790811
0.8859491
0.8874546
0.8902811
0.8952044
0.8992134
0.904504
0.9064226
0.9131594
0.9169472
0.917617
0.9244717
0.9213907
0.9210346
0.9261139
0.9217396
0.923002
0.9242554
0.9232485
0.9267204
0.9258526
0.925644
0.9247914
0.9192816
0.9013322
0.8930775
0.9157811
0.9249291
0.928804
0.9346735
0.9218785
0.916335
0.9193556
0.9163138
0.9096326
0.9068306
0.9159666
0.921898
0.9159873
0.9146056
0.9127517
0.9131263
0.9140542
0.9147398
0.913235
0.9106793
0.9263283
0.9282107
0.9168525
0.9218065
0.9332161
0.9347151
0.9218358
0.9119268
0.9056992
0.8985808
0.8966912
0.8950646
0.8920311
0.8877404
0.8902008
0.8939993
0.8955649
0.9024305
0.9028987
0.9060559
0.910081
0.9025634
0.8992343
0.9060377
0.9137906
0.9168898
0.9148917
0.9122598
0.9162921
0.9100737
0.8945814
0.8943776
0.8902492
0.8838885
0.8880889
0.8885377
0.8865818
0.8898501
0.8915526
0.8851937
0.8824407
0.8833069
0.8828005
0.8876584
0.8906899
0.891754
0.8972722
0.8993369
0.9010129
0.9059853
0.9054332
0.9029436
0.9051782
0.9032617
0.9024109
0.9041947
0.9006358
0.8975877
0.8997375
0.8985891
0.8936882
0.895772
0.8944034
0.8878766
0.8897278
0.8927962
0.8889497
0.8830921
0.8779407
0.8775266
0.8781115
0.8748436
0.8745111
0.8730108
0.8714622
0.8734369
0.8701038
0.8663066
0.8678465
0.8667189
0.8634945
0.8602948
0.8490685
0.8375359
0.8381411
0.8414693
0.8415806
0.8446855
0.8514329
0.8573622
0.8605535
0.8635054
0.8675511
0.8803125
0.880496
0.8672809
0.8684619
0.8754034
0.8727147
0.8824823
0.8666142
0.8804222
0.8330862
0.8088434
0.9429437
0.9095907
0.8534714
0.8735063
0.863326
0.86175
0.8512297
0.8497445
0.8438118
0.8342485
0.8213376
0.8102709
0.7957567
0.794629
0.7985146
0.7978628
0.8022968
0.8065215
0.8084139
0.8073373
0.8192868
0.8355439
0.8348342
0.8348661
0.8354969
0.8305514
0.820904
0.7971516
0.7794295
0.7888556
0.7955734
0.7974908
0.789387
0.7750803
0.779421
0.7639903
0.7620193
0.7621981
0.760373
0.7501716
0.7727439
0.9034646
0.8892667
0.7445858
0.7446715
0.8469304
0.8372787
0.7582183
0.7659256
0.7616673
0.7644871
0.7830171
0.7791099
0.799308
0.8024762
0.7990426
0.7998907
0.8068179
0.8201497
0.830576
0.8428985
0.8534389
0.8608985
0.8621038
0.866199
0.8682863
0.8702113
0.8745453
0.8775585
0.88031
0.8805571
0.8883751
0.8933976
0.8921699
0.8991267
0.8954545
0.8919857
0.8975252
0.89848
0.8872259
0.8760796
0.883584
0.8817685
0.873162
0.8683032
0.876623
0.8855108
0.8786978
0.8821805
0.8926822
0.9034871
0.9087596
0.9072811
0.9112538
0.9185636
0.9155267
0.9134885
0.9170919
0.9214024
0.9261495
0.927992
0.9276342
0.9311484
0.9373531
0.9408606
0.9416374
0.9350916
0.9381985
0.9281193
0.9152705
0.9258088
0.9293759
0.9189635
0.9254849
0.9119492
0.8861512
0.8790047
0.8429808
0.865409
0.9093102
0.9030439
0.9021714
0.9105946
0.9163587
0.932817
0.9199067
0.8839349
0.9075101
0.9209779
0.9222462
0.94142
0.9508893
0.9574996
0.9540493
0.9514965
0.9523135
0.9528465
0.9529479
0.9465741
0.9454592
0.9534712
0.959376
0.9658353
0.9775033
0.9813304
0.98368
0.9773984
0.9670991
0.9574746
0.9658521
0.9871893
0.9495422
0.9251228
0.9538198
0.96208
0.9274992
0.8721224
0.8524434
0.8600635
0.9296754
0.9007414
0.8305338
0.9189635
0.924822
0.9236504
0.9564653
0.9558944
0.9703303
0.9732268
0.9728729
0.9652612
0.9374749
0.8975026
0.8888237
0.9141446
0.9259101
0.8980435
0.8901362
0.9070726
0.922771
0.9104248
0.9028871
0.9115067
0.91227
0.916298
0.8977507
0.8691379
0.8656231
0.870502
0.8977325
0.9272772
0.9321035
0.9498833
0.9614767
0.9519317
0.9426922
0.9247668
0.8911137
0.8882571
0.8887228
0.9004905
0.9223631
0.9079528
0.910524
0.919696
0.916811
0.9114171
0.8907415
0.8656317
0.8578214
0.8731704
0.881049
0.8987707
0.9141638
0.8919293
0.8946077
0.9001585
0.892702
0.8966404
0.8854164
0.8611498
0.8462755
0.8491757
0.8613524
0.8708351
0.8888815
0.9085758
0.8999802
0.8970633
0.8983355
0.8936352
0.8793861
0.8555842
0.8448222
0.8437997
0.8526173
0.8720906
0.8844505
0.8824973
0.8883824
0.8880853
0.8862887
0.8887911
0.8821654
0.8636197
0.8478928
0.8482979
0.850725
0.8666804
0.8773568
0.8546094
0.8627496
0.9005554
0.8967461
0.8896001
0.8887147
0.8812791
0.8681233
0.8454719
0.8397167
0.8452907
0.8573908
0.8722153
0.8838409
0.8905878
0.8913519
0.8916603
0.8878977
0.8834746
0.8836373
0.8720057
0.8502863
0.8284046
0.8047135
0.791248
0.7878538
0.7851135
0.7885739
0.8062383
0.8183648
0.8199156
0.8374963
0.8539754
0.8482038
0.8493471
0.8634726
0.8676583
0.866664
0.8727626
0.8620344
0.837736
0.8280346
0.8248867
0.8155373
0.7937226
0.7820926
0.7722844
0.7612042
0.7525648
0.7536978
0.7338216
0.7605827
0.8903223
0.8553283
0.7557881
0.8036942
0.8962708
0.9562381
0.9278016
0.9322762
0.8851129
0.7619955
0.7378496
0.76916
0.840877
0.8722442
0.8678128
0.8507981
0.7909582
0.7751459
0.7877499
0.792528
0.8005349
0.8139758
0.8264069
0.8325462
0.8384789
0.8377977
0.8346672
0.8307891
0.8267362
0.8350435
0.8420383
0.8455077
0.8556509
0.8673554
0.8729983
0.8775306
0.8863981
0.8901312
0.8932777
0.9018906
0.9121107
0.902829
0.8887218
0.9004556
0.907916
0.9045718
0.8986704
0.8886529
0.891368
0.8980274
0.8978559
0.9005648
0.9041019
0.9083013
0.9156254
0.9156805
0.9149284
0.9111424
0.9033655
0.9017802
0.9034139
0.9043147
0.9038083
0.8963331
0.8851321
0.8856386
0.8922335
0.8798957
0.8993293
0.8892671
0.8413261
0.8991632
0.9206405
0.8806631
0.8803459
0.8807178
0.8823518
0.8935929
0.9066546
0.9156709
0.9283951
0.9427064
0.9404421
0.9373186
0.9439506
0.9418593
0.9392793
0.9287421
0.9294206
0.9326903
0.9272827
0.9239648
0.9208042
0.9229913
0.9240992
0.9258815
0.9248396
0.9289871
0.9365464
0.9416622
0.9404625
0.9427846
0.9505421
0.9581113
0.9461762
0.9524596
0.9298546
0.8302531
0.9017337
0.96266
0.867929
0.8917199
0.9238315
0.9119751
0.9192365
0.9142599
0.9170652
0.926287
0.9319892
0.9343856
0.9372936
0.9444787
0.9484049
0.9438121
0.953476
0.9543029
0.9425948
0.9427611
0.9428778
0.9446591
0.950201
0.954844
0.9534764
0.945506
0.9442169
0.947548
0.9428383
0.9366157
0.941056
0.946364
0.9478082
0.9501103
0.9541553
0.9530336
0.9562337
0.8926159
0.8494694
0.8930108
0.8961384
0.9341901
0.9542921
0.9373107
0.9379463
0.9276417
0.9390641
0.9401375
0.9383599
0.938327
0.9301236
0.9325478
0.9325222
0.921217
0.9178856
0.9228921
0.9205549
0.915736
0.9165698
0.9137374
0.9210237
0.9114336
0.9345635
0.911799
0.8228891
0.8319512
0.857199
0.9029324
0.9245876
0.9078379
0.9130558
0.9079618
0.9164551
0.9240313
0.9236413
0.9259734
0.9306605
0.9279216
0.9311235
0.9404813
0.9409785
0.9393357
0.9350735
0.9271285
0.9309072
0.9440451
0.9469189
0.9434472
0.9458018
0.953515
0.9455088
0.9531159
0.9378441
0.8581208
0.820003
0.8217698
0.8849719
0.9663432
0.9621357
0.9584394
0.9639584
0.9707816
0.9685194
0.9918854
0.9643345
0.8303538
0.919898
0.9721661
0.8270829
0.8401007
0.8906227
0.8681403
0.8542306
0.8454688
0.8794032
0.8645682
0.8267093
0.9420624
0.9769889
0.947119
0.9681465
0.9650402
0.9662262
0.9742267
0.9767412
0.9703509
0.9702177
0.9758192
0.969931
0.9688236
0.962915
0.9775113
0.9417457
0.8444762
0.840867
0.8501944
0.9031971
0.9613736
0.9529302
0.9548612
0.9562948
0.95641
0.963636
0.9747261
0.980333
0.9799785
0.9685398
0.9826378
0.9614604
0.8920543
0.8410976
0.7887728
0.8514328
0.9588084
0.9585264
0.945828
0.9428431
0.9416779
0.9508975
0.9527493
0.9523682
0.9592848
0.9459213
0.9586247
0.9361115
0.8534264
0.8245929
0.8083154
0.8631191
0.9400036
0.9394415
0.9290786
0.9228363
0.9195623
0.9260722
0.9277872
0.9304538
0.9344449
0.9386823
0.9365142
0.9555252
0.9274661
0.8138644
0.8330715
0.8525247
0.8303414
0.9200172
0.9416071
0.9224689
0.9269486
0.9227139
0.930939
0.9282566
0.9411972
0.9376035
0.8785265
0.7744787
0.7312888
0.8569892
0.9536446
0.8792247
0.8480203
0.8435866
0.8219302
0.8005615
0.8001485
0.9445932
0.980426
0.9439175
0.9547353
0.9454942
0.9508136
0.9480225
0.9417768
0.9354113
0.9417409
0.9335767
0.9373677
0.933924
0.9075075
0.926132
0.8895336
0.8560797
0.9217848
0.9292302
0.9088133
0.9127101
0.9111952
0.9177515
0.9220649
0.9283241
0.937606
0.9452957
0.9438367
0.9498163
0.9499093
0.8359691
0.7926658
0.8508525
0.8619953
0.9339347
0.9525588
0.9273166
0.9274914
0.9243506
0.9285861
0.9268464
0.9325019
0.9325588
0.9357068
0.9245135
0.9255582
0.9140442
0.8128089
0.7841506
0.8096988
0.8232479
0.9182338
0.9424439
0.9244196
0.9391777
0.9397245
0.9448574
0.9450379
0.9584653
0.9597495
0.9655081
0.9611682
0.8229535
0.8024399
0.8875982
0.870165
0.9348813
0.9728736
0.9499394
0.9552271
0.953909
0.9552339
0.9499226
0.9416033
0.9428843
0.9435646
0.9383657
0.9483017
0.9512982
0.947371
0.951847
0.9581254
0.9459546
0.9563476
0.8661711
0.7497109
0.7859087
0.8334751
0.9180051
0.9575743
0.9409094
0.9503643
0.9481276
0.9565006
0.9570447
0.9618611
0.9650627
0.9612757
0.964082
0.9721118
0.957281
0.9792067
0.9364801
0.8075097
0.8725455
0.9639665
0.944852
0.94317
0.9340196
0.9326077
0.9329501
0.9178631
0.9201588
0.9306887
0.9258404
0.9306502
0.9359063
0.9382272
0.9339417
0.9466873
0.8891215
0.7942212
0.8308252
0.8892974
0.923264
0.9311004
0.9183633
0.917418
0.9179574
0.9242774
0.9293568
0.9373128
0.9483422
0.9578413
0.9557519
0.9637165
0.9673589
0.9649241
0.9684189
0.9487977
0.9423795
0.9555067
0.9507154
0.947197
0.9427977
0.937067
0.9422169
0.9352164
0.9294842
0.9294128
0.9263772
0.9171826
0.9049354
0.9075117
0.9022096
0.9015604
0.8861066
0.8455792
0.8270582
0.8194572
0.8154017
0.8140219
0.811426
0.8002166
0.8215795
0.8263327
0.8091849
0.8609291
0.8450927
0.7920855
0.7788693
0.7405228
0.7132546
0.723979
0.7482138
0.7580761
0.7698342
0.786806
0.8012913
0.8200641
0.8363143
0.8410967
0.8499188
0.8523957
0.8542209
0.8628845
0.8564122
0.8581588
0.8636673
0.8628373
0.8649709
0.8661167
0.8700948
0.8714129
0.8608222
0.8510267
0.8623544
0.864271
0.8526774
0.8525889
0.8498668
0.8488584
0.8551915
0.8561961
0.8529696
0.8577052
0.8626411
0.8602377
0.8556532
0.8559737
0.859766
0.8623689
0.8756206
0.8737987
0.8482804
0.8516951
0.8598275
0.8541969
0.8465678
0.8363995
0.8400971
0.8377704
0.8297624
0.8295252
0.8247031
0.8223268
0.8240791
0.8210054
0.803373
0.803079
0.7603495
0.7996686
0.8796995
0.8455675
0.8686521
0.8009682
0.7490789
0.770627
0.7569481
0.7792785
0.783593
0.7863735
0.7886017
0.8015555
0.8019627
0.8003007
0.7984121
0.8114511
0.7900497
0.7614197
0.8389426
0.8470602
0.7640591
0.7431684
0.7543943
0.7555283
0.7542997
0.7506129
0.7475394
0.7532341
0.7623541
0.7620644
0.7614868
0.7699126
0.8204828
0.8824505
0.8517799
0.7638361
0.7456405
0.7502953
0.736859
0.7363516
0.7353898
0.7338028
0.7252715
0.7278244
0.7322807
0.7276554
0.7290433
0.7358278
0.731084
0.7237284
0.7265317
0.7291932
0.7276365
0.7209972
0.7210787
0.7252804
0.7192838
0.7153721
0.7187406
0.717679
0.7158168
0.7170099
0.7215128
0.7270765
0.7222358
0.808144
0.8489362
0.7302595
0.6931568
0.7101366
0.6985547
0.6934364
0.6908387
0.6990248
0.7037459
0.7051311
0.7059299
0.7115144
0.7103263
0.7054428
0.7075233
0.7072635
0.7058253
0.7074045
0.7082928
0.7078717
0.7024342
0.7017631
0.7043875
0.7008069
0.6947359
0.6954362
0.6986579
0.6922293
0.6892475
0.691867
0.7006713
0.7031192
0.6960896
0.6998395
0.703189
0.697867
0.7009661
0.7008627
0.6980192
0.6995619
0.7075359
0.7075232
0.7018167
0.7014021
0.6980711
0.7022482
0.6941349
0.6943626
0.6851425
0.7088262
0.7751994
0.857987
0.7984399
0.7456379
0.791174
0.7551285
0.7435999
0.757516
0.8061399
0.7368084
0.7651619
0.8566918
0.8117349
0.8107005
0.8676256
0.8561382
0.7584345
0.8239767
0.8472241
0.77625
0.8397027
0.8931362
0.7747801
0.7225637
0.8447829
0.8731943
0.848582
0.8457947
0.8602752
0.898526
0.9137934
0.8216667
0.7381582
0.8180375
0.8363921
0.8304695
0.8725301
0.8681639
0.8617243
0.8115904
0.8161313
0.8345657
0.8191653
0.8091868
0.7588387
0.7552637
0.7840724
0.7638037
0.7185352
0.7785718
0.8544354
0.8656016
0.7919099
0.6967913
0.6980153
0.7058791
0.7098115
0.716823
0.7190359
0.7199701
0.7176838
0.7246378
0.7287394
0.7272981
0.7278776
0.7312404
0.7324099
0.7317461
0.7333357
0.7401323
0.7429833
0.7392009
0.7401103
0.7427625
0.7487128
0.7525933
0.7560566
0.7615029
0.7658182
0.7687105
0.757245
0.7536282
0.7628546
0.7660231
0.7702064
0.7779389
0.7837086
0.7829552
0.7835201
0.7804672
0.78028
0.8085808
0.8117297
0.7773555
0.7733041
0.7790731
0.7778069
0.7807583
0.7814366
0.7868706
0.7906472
0.7915295
0.795634
0.7957851
0.7946612
0.7939345
0.7901467
0.792411
0.7939552
0.7889915
0.7874199
0.7906787
0.7909023
0.7848547
0.7895193
0.7862715
0.7907539
0.8465195
0.804685
0.7499808
0.804391
0.7911481
0.77374
0.7899176
0.787457
0.7863066
0.7804308
0.7905168
0.8049997
0.8105396
0.8125483
0.8165771
0.8280873
0.8358529
0.8330959
0.8299099
0.8293628
0.8316654
0.8365825
0.8444847
0.8401568
0.8395997
0.846423
0.8435284
0.8416248
0.8592877
0.8790181
0.878543
0.8611051
0.8543775
0.8515519
0.8853893
0.9029512
0.841351
0.8718532
0.8857731
0.7918441
0.7620832
0.7845676
0.784527
0.8480937
0.9344742
0.9153829
0.8820347
0.8697738
0.8596424
0.8634085
0.8619936
0.8617253
0.8671577
0.8651767
0.8657595
0.8696539
0.8672699
0.8692691
0.8700649
0.8750426
0.8708854
0.8223913
0.8333513
0.8306777
0.77732
0.8328418
0.8696632
0.8587972
0.8633725
0.8673999
0.8729929
0.8763816
0.884772
0.8863558
0.8941746
0.8989765
0.9027654
0.9109575
0.9137495
0.9154257
0.9174341
0.9141469
0.9113207
0.9092964
0.9059465
0.9028357
0.8993415
0.9043823
0.9032412
0.8931952
0.8968108
0.8990365
0.8977448
0.8953583
0.8913695
0.8924366
0.8870792
0.8813677
0.884074
0.878623
0.874858
0.8538395
0.8061351
0.829357
0.8794803
0.876026
0.8724554
0.8813825
0.8841267
0.8885402
0.8927738
0.899137
0.9093597
0.9090296
0.9096852
0.9151028
0.9189427
0.9275111
0.937148
0.9371789
0.943118
0.9351129
0.9545537
0.9234428
0.7785728
0.7977138
0.8204899
0.797185
0.9128139
0.93693
0.9110477
0.9061947
0.8937627
0.8991623
0.9015999
0.9069449
0.9147725
0.9157914
0.9132711
0.9184827
0.9170636
0.9164782
0.9204624
0.9246148
0.9260179
0.9306952
0.9311455
0.9287091
0.937636
0.9269481
0.9153742
0.9233695
0.917414
0.9129611
0.9198625
0.9072541
0.8923912
0.8959035
0.8987294
0.9027654
0.8977882
0.8959943
0.9031702
0.8995226
0.9036
0.9105841
0.9116018
0.9155182
0.9215891
0.9216712
0.9232236
0.9327202
0.9278155
0.9382703
0.9229196
0.8714818
0.8370059
0.8015597
0.8419217
0.9139484
0.9151249
0.8989723
0.900832
0.9000888
0.9067747
0.8965797
0.8774909
0.8750726
0.829718
0.8331392
0.8918537
0.8985531
0.8949528
0.8982718
0.9003753
0.9041545
0.9072428
0.9092454
0.9146228
0.918333
0.9127278
0.9139302
0.9176809
0.9262128
0.9237307
0.9190988
0.9207332
0.9179707
0.9086312
0.9177116
0.8978948
0.8509953
0.8891463
0.8937078
0.8763489
0.9024381
0.8984793
0.8934951
0.8985952
0.8987974
0.8931974
0.8934229
0.8928753
0.8951216
0.8945882
0.8970146
0.9016119
0.910181
0.8944619
0.8329959
0.8531015
0.8444136
0.8079344
0.8888731
0.911796
0.8909098
0.8972598
0.8946217
0.9015016
0.9072564
0.9073925
0.9068914
0.9135843
0.9176642
0.9098295
0.9072295
0.9125474
0.9109451
0.9107064
0.9117807
0.9115996
0.9143272
0.9111193
0.9118499
0.9154878
0.9135902
0.9146435
0.9161732
0.9146922
0.9157057
0.9191534
0.9029085
0.8837186
0.8915019
0.9015128
0.9025222
0.9045504
0.9085893
0.9077567
0.9046581
0.9075607
0.9046016
0.902306
0.9087041
0.9108353
0.910349
0.911656
0.9133833
0.9178685
0.9229418
0.9238032
0.9255447
0.9270864
0.9226516
0.922011
0.9157311
0.9207161
0.9124363
0.9335102
0.8852204
0.7992739
0.833118
0.7966664
0.8300619
0.9229292
0.9130981
0.9050643
0.9079231
0.9155978
0.9138908
0.9137901
0.9157461
0.9154835
0.9152947
0.9171421
0.9116458
0.9043795
0.9054784
0.9022017
0.9069672
0.9062891
0.8998459
0.9075083
0.9061893
0.9029057
0.906752
0.9038812
0.9026598
0.9107861
0.9109248
0.91699
0.9085654
0.8628762
0.8676521
0.8457339
0.8240894
0.8882188
0.8853132
0.8653545
0.8795876
0.8777766
0.8825549
0.8937958
0.9003597
0.8974888
0.894668
0.8955679
0.9039902
0.906866
0.9058688
0.9121664
0.9110116
0.908687
0.9077622
0.9067828
0.9067748
0.9066559
0.910312
0.9092188
0.9082652
0.9094796
0.9152573
0.9154123
0.9114875
0.9165629
0.9135308
0.9170692
0.9202982
0.9154854
0.9118558
0.9032808
0.8990401
0.9080364
0.9135159
0.9088621
0.8842237
0.8665757
0.8950698
0.8986549
0.8892489
0.886556
0.8836126
0.893582
0.8920043
0.8948795
0.9016477
0.898811
0.9024096
0.9142386
0.9138202
0.9175601
0.9255034
0.9256052
0.9308266
0.9178169
0.901154
0.9061631
0.9104428
0.9127422
0.898306
0.8780293
0.8788643
0.8858964
0.8866835
0.8810596
0.8639887
0.8581487
0.8661781
0.8611125
0.8521896
0.8468909
0.8465522
0.8470981
0.8404971
0.8495616
0.8292817
0.7820271
0.7570119
0.7956713
0.9169775
0.8925604
0.7681733
0.7608133
0.7783305
0.7753632
0.7707717
0.7694372
0.7762098
0.776454
0.781376
0.7924427
0.8071198
0.8078448
0.8014377
0.8042534
0.8014636
0.7999546
0.8042388
0.8018649
0.8146297
0.807808
0.835386
0.8984242
0.8683134
0.8718014
0.8834664
0.8375319
0.8272449
0.829279
0.8334196
0.841274
0.847903
0.8594379
0.8779588
0.8899558
0.8976784
0.9046033
0.9032401
0.9097474
0.9117941
0.9125254
0.9232053
0.9251408
0.9208564
0.9283945
0.9341684
0.9268908
0.9279277
0.9371142
0.9480261
0.952113
0.9456322
0.9352061
0.9339206
0.9385804
0.9384085
0.9341736
0.9291622
0.9334876
0.9333962
0.9259426
0.9254538
0.9240537
0.9157054
0.9120287
0.9138138
0.9086054
0.9085157
0.9105917
0.9077854
0.9081749
0.9133724
0.9124323
0.9006146
0.9028188
0.8946531
0.8561031
0.8634274
0.9010336
0.9014466
0.9032824
0.8916568
0.860448
0.8440063
0.8454251
0.851651
0.8471392
0.8509491
0.8561047
0.8563199
0.8629307
0.8609071
0.8592988
0.8585902
0.8530062
0.8541028
0.8569757
0.8588392
0.8558317
0.8491048
0.8486175
0.8610211
0.8710942
0.879628
0.8875893
0.8917971
0.8879681
0.8809277
0.8831549
0.8858074
0.8859672
0.8795655
0.8739889
0.8662259
0.8596886
0.8590159
0.858272
0.8607838
0.8676165
0.8750461
0.8632629
0.8514219
0.8600546
0.8594987
0.839942
0.8139365
0.7982773
0.7903222
0.7663918
0.7653061
0.7594975
0.7738248
0.895149
0.9808502
0.940288
