1.058
1.05
1.049
1.054
1.033
1.044
1.028
1.028
1.014
1.001
1.011
1.006
0.975
0.983
0.966
0.948
0.971
0.95
0.954
0.96
0.958
0.968
0.983
0.966
0.962
0.974
0.948
0.965
0.971
0.953
0.957
0.967
0.949
0.959
0.955
0.945
0.958
0.964
0.973
0.995
0.972
0.976
0.986
0.959
0.968
0.969
0.965
0.972
0.966
0.973
0.986
0.972
0.981
0.984
0.971
0.984
0.99
0.978
0.981
0.98
0.982
0.965
0.979
0.997
0.982
0.987
1.001
0.997
0.964
0.988
0.989
0.969
0.98
0.979
0.954
0.968
0.972
0.953
0.977
0.985
0.968
0.981
0.979
0.974
0.988
0.987
0.98
0.993
0.985
0.993
0.996
0.984
0.995
1.009
0.979
0.993
1.003
0.964
0.916
0.926
0.948
0.943
0.941
0.966
0.964
0.947
0.965
0.972
0.95
0.958
0.972
0.949
0.939
0.955
0.945
0.926
0.953
0.945
0.927
0.952
0.96
0.941
0.946
0.953
0.949
0.949
0.962
0.952
0.94
0.971
0.973
0.956
0.977
0.989
0.974
0.974
0.987
0.979
0.986
0.985
0.96
0.977
0.973
0.96
0.971
0.969
0.95
0.941
0.958
0.948
0.936
0.968
0.979
0.96
0.981
0.975
0.962
0.995
1
0.974
0.981
0.985
0.965
0.967
0.975
0.965
0.973
0.977
0.951
0.964
0.972
0.95
0.971
0.966
0.948
0.967
0.976
0.95
0.971
0.976
0.957
0.978
0.99
0.988
0.987
0.997
0.98
0.998
1
0.977
0.986
0.98
0.961
0.976
0.99
0.975
0.982
0.995
0.986
0.972
0.992
0.982
0.96
0.979
0.965
0.949
0.957
0.955
0.932
0.953
0.964
0.949
0.937
0.952
0.957
0.937
0.958
0.964
0.942
0.959
0.96
0.946
0.965
0.964
0.953
0.961
0.965
0.943
0.956
0.953
0.937
0.953
0.968
0.96
0.975
0.982
0.97
0.962
0.981
0.961
0.967
0.971
0.958
0.974
0.981
0.967
0.982
0.989
0.97
0.977
0.977
0.958
0.955
0.959
0.939
0.95
0.94
0.929
0.954
0.949
0.948
0.961
0.954
0.947
0.962
0.944
0.942
0.955
0.956
0.961
0.981
0.96
0.97
0.969
0.958
0.97
0.97
0.954
0.951
0.965
0.964
0.952
0.979
1.01
0.996
0.988
1
1
0.96
0.973
0.976
0.96
0.951
0.971
0.958
0.96
0.972
0.978
0.962
0.984
0.984
0.969
0.98
0.984
0.964
0.981
0.977
0.968
0.982
0.974
0.972
0.982
0.953
0.96
0.954
0.932
0.959
0.936
0.882
0.877
0.872
0.884
0.915
0.888
0.91
0.906
0.899
0.908
0.9
0.9
0.904
0.914
0.904
0.874
0.882
0.876
0.872
0.875
0.888
0.897
0.886
0.913
0.866
0.882
0.873
0.871
0.858
0.841
0.838
0.83
0.843
0.826
0.831
0.829
0.819
0.818
0.824
0.798
0.794
0.799
0.795
0.79
0.797
0.801
0.799
0.804
0.795
0.796
0.793
0.784
0.783
0.775
0.777
0.763
0.764
0.755
0.752
0.748
0.746
0.748
0.75
0.745
0.756
0.758
0.754
0.765
0.768
0.767
0.771
0.771
0.765
0.77
0.766
0.765
0.768
0.759
0.757
0.75
0.754
0.75
0.742
0.741
0.744
0.738
0.739
0.743
0.739
0.743
0.744
0.747
0.743
0.733
0.737
0.741
0.735
0.739
0.731
0.733
0.727
0.732
0.725
0.724
0.72
0.716
0.717
0.71
0.714
0.708
0.706
0.708
0.708
0.709
0.706
0.71
0.704
0.706
0.707
0.702
0.701
0.693
0.694
0.693
0.689
0.681
0.688
0.684
0.678
0.682
0.673
0.678
0.677
0.67
0.668
0.671
0.668
0.666
0.667
0.666
0.663
0.666
0.663
0.668
0.662
0.656
0.66
0.659
0.656
0.661
0.658
0.656
0.649
0.649
0.652
0.644
0.648
0.643
0.642
0.642
0.646
0.638
0.642
0.639
0.639
0.635
0.637
0.636
0.632
0.626
0.632
0.628
0.63
0.629
0.625
0.628
0.625
0.621
0.62
0.623
0.623
0.622
0.623
0.623
0.624
0.62
0.62
0.62
0.621
0.62
0.621
0.626
0.622
0.624
0.62
0.623
0.617
0.624
0.614
0.621
0.62
0.62
0.615
0.621
0.61
0.613
0.615
0.617
0.614
0.609
0.607
0.608
0.606
0.597
0.603
0.616
0.625
0.62
0.618
0.611
0.609
0.607
0.603
0.6
0.605
0.598
0.596
0.598
0.63
0.599
0.626
0.6
0.625
0.605
0.608
0.631
0.609
0.608
0.632
0.599
0.612
0.628
0.605
0.629
0.622
0.617
0.613
0.639
0.623
0.617
0.62
0.636
0.632
0.66
0.657
0.666
0.691
0.695
0.698
0.738
0.801
0.763
0.751
0.766
0.754
0.737
0.749
0.775
0.807
0.784
0.793
0.824
0.815
0.803
0.818
0.853
0.805
0.818
0.831
0.795
0.782
0.78
0.793
0.781
0.767
0.781
0.821
0.791
0.764
0.774
0.815
0.814
0.787
0.801
0.831
0.742
0.748
0.745
0.751
0.736
0.749
0.786
0.766
0.775
0.82
0.827
0.816
0.861
0.917
0.833
0.819
0.872
0.8408748
0.8433466
0.912
0.919
0.964
0.932
0.905
0.947
0.876
0.858
0.869
0.833
0.835
0.836
0.823
0.864
0.857
0.847
0.818
0.825
0.866
0.894
0.867
0.872
0.878
0.83
0.819
0.828
0.81
0.838
0.86
0.85
0.892
0.881
0.857
0.87
0.858
0.867
0.894
0.822
0.9159735
0.817
0.824
0.875
0.934
0.939
1.021
0.998
1.058
1.047
1.043
1.05
1.029
1.013
0.978
1.007
1.007
1.014
1.023
1.008
1.058
1.022
1.015
0.991
0.969
0.994
0.979
0.947
0.933
0.866
0.845
0.827
0.9587943
0.837
0.9609284
0.859
0.925
0.973
0.965
0.985
0.918
0.877
0.968104
0.837
0.9695333
0.848
0.922
0.976
0.998
1.06
1.034
1.044
1.096
1.063
1.082
1.07
1.029
1.052
1.034
1.025
1.047
1
1.016
1.047
0.979
0.998
0.984
0.962
0.985
0.987
0.96
1.005
1.034
0.997
0.928
0.973
1.011
1.012
0.979
1.009
1.007
0.96
1.002
1.015
0.951
0.981
1.012
0.993
1
1.002
0.963
0.972
0.984
0.937
0.965
1.002
0.957
0.98
0.989
0.935
0.968
0.99
0.963
0.98
0.981
0.956
0.994
0.973
0.981
1.005
0.967
0.971
0.973
0.926
0.959
0.984
0.942
0.969
0.991
0.945
0.966
0.984
0.928
0.964
0.971
0.941
0.966
0.96
0.94
0.967
0.976
0.953
0.979
0.976
0.951
0.977
0.982
0.966
0.989
0.991
0.936
0.96
0.94
0.885
0.845
0.857
0.828
0.9577186
0.833
0.864
0.895
0.871
0.874
0.922
0.939
0.967
1.014
1.025
1.008
1.016
1.003
0.984
1.001
0.99
0.976
0.983
0.979
0.977
0.973
0.951
0.959
0.975
0.942
0.965
0.965
0.948
0.967
0.964
0.946
0.961
0.949
0.923
0.945
0.941
0.922
0.948
0.948
0.939
0.952
0.942
0.945
0.953
0.935
0.958
0.972
0.948
0.961
0.956
0.945
0.962
0.953
0.943
0.958
0.955
0.944
0.965
0.971
0.96
0.977
0.959
0.959
0.973
0.932
0.956
0.963
0.944
0.961
0.979
0.955
0.969
0.962
0.939
0.961
0.974
0.943
0.969
0.971
0.931
0.949
0.929
0.899
0.923
0.939
0.916
0.944
0.944
0.946
0.953
0.927
0.932
0.929
0.903
0.887
0.849
0.845
0.827
0.826
0.857
0.871
0.881
0.881
0.861
0.875
0.91
0.932
0.954
0.964
0.967
0.971
0.976
0.956
0.959
0.958
0.922
0.943
0.956
0.919
0.938
0.942
0.916
0.935
0.914
0.925
0.927
0.904
0.921
0.923
0.892
0.916
0.923
0.898
0.914
0.919
0.913
0.938
0.935
0.934
0.944
0.938
0.92
0.905
0.907
0.907
0.893
0.899
0.89
0.88
0.887
0.856
0.849
0.845
0.838
0.846
0.843
0.845
0.851
0.858
0.86
0.881
0.858
0.854
0.857
0.852
0.844
0.852
0.839
0.825
0.819
0.828
0.843
0.83
0.853
0.892
0.939
0.978
1.003
0.992
1.008
0.991
0.978
0.908
0.9
0.906
0.869
0.878
0.881
0.86
0.875
0.902
0.875
0.895
0.915
0.9
0.92
0.918
0.917
0.916
0.928
0.911
0.907
0.895
0.908
0.891
0.915
0.907
0.91
0.934
0.941
0.906
0.902
0.89
0.863
0.858
0.87
0.871
0.84
0.853
0.843
0.827
0.83
0.824
0.818
0.819
0.822
0.803
0.813
0.814
0.827
0.835
0.84
0.815
0.819
0.827
0.83
0.833
0.834
0.836
0.833
0.812
0.799
0.786
0.79
0.8
0.791
0.79
0.791
0.787
0.772
0.767
0.763
0.765
0.76
0.778
0.77
0.808
0.802
0.799
0.802
0.806
0.816
0.815
0.821
0.83
0.836
0.824
0.832
0.836
0.85
0.849
0.847
0.807
0.801
0.797
0.815
0.827
0.815
0.842
0.857
0.85
0.867
0.909
0.922
0.896
0.87
0.863
0.833
0.852
0.877
0.901
0.913
0.879
0.892
0.912
0.898
0.884
0.92
0.935
0.901
0.924
0.933
0.901
0.882
0.904
0.934
0.946
0.907
0.92
0.915
0.926
0.931
0.915
0.944
0.941
0.936
0.957
0.915
0.943
0.939
