0.884993
0.8772329
0.8762574
0.8774849
0.882134
0.8660592
0.859782
0.8667782
0.8814746
0.8806322
0.8769626
0.8812865
0.8888012
0.9016771
0.8891642
0.9016317
0.9325169
0.9197233
0.9126393
0.9183488
0.9224984
0.9311272
0.9145903
0.8909414
0.8932695
0.8932745
0.8808717
0.8690427
0.8771473
0.8924193
0.8767472
0.8666779
0.8714656
0.8741711
0.8817016
0.8827403
0.8804683
0.8805742
0.8837024
0.8892795
0.8824263
0.8669585
0.8706829
0.8802976
0.8896994
0.8903832
0.8804091
0.8898481
0.8954942
0.8843958
0.8759996
0.8698413
0.874455
0.87927
0.8806415
0.8847342
0.8754811
0.8786109
0.8890709
0.8958597
0.9010399
0.8870351
0.8874078
0.894901
0.8860665
0.8802888
0.8788098
0.8837716
0.8864007
0.8883558
0.8831296
0.8750879
0.8789516
0.8830318
0.8858517
0.8859807
0.882842
0.8792919
0.8833806
0.8880033
0.8825489
0.8757577
0.8745223
0.8810135
0.8863262
0.8857078
0.8908682
0.893264
0.886653
0.8838299
0.8929479
0.9022989
0.8946607
0.8840677
0.8921785
0.897255
0.8900108
0.8961347
0.9016561
0.8941809
0.8959589
0.8968026
0.8817585
0.8745025
0.8840058
0.8901291
0.8912029
0.9003137
0.9046676
0.8993276
0.9014667
0.9026367
0.8864249
0.8806113
0.8899525
0.895034
0.8988453
0.8910499
0.8830312
0.8882893
0.9011978
0.9042774
0.8971722
0.9049495
0.9062445
0.8997378
0.8955217
0.8878544
0.8886645
0.8865029
0.8563776
0.8245637
0.8248879
0.8357758
0.8476664
0.8498685
0.8515405
0.8664477
0.8726446
0.8737227
0.8782769
0.8815927
0.8789037
0.8766453
0.8837993
0.8918508
0.8893892
0.8863051
0.8885647
0.8871808
0.8872244
0.8851463
0.8768236
0.8704077
0.8711128
0.8791398
0.8775974
0.8677932
0.8700942
0.8809182
0.8932261
0.8922246
0.8823925
0.8797494
0.8804631
0.88805
0.888705
0.8772628
0.8791798
0.8937092
0.9005948
0.8981122
0.8895377
0.8752045
0.8733733
0.8888794
0.8915086
0.8851552
0.884816
0.8886538
0.8940398
0.8914215
0.8880362
0.8878431
0.8827615
0.8798646
0.8865176
0.8986822
0.8977337
0.8912679
0.8936663
0.897557
0.9000748
0.8866057
0.8771361
0.8804744
0.8816913
0.8898791
0.8941356
0.8910776
0.897735
0.8999874
0.896706
0.8880313
0.8769807
0.8872591
0.8851984
0.8822505
0.8737103
0.9022428
0.848073
0.8170555
0.9512589
0.9199536
0.8787936
0.9101109
0.9006831
0.9016169
0.8919657
0.8902942
0.8850709
0.8873568
0.882457
0.8777496
0.8819883
0.8806891
0.8774261
0.8756116
0.8766522
0.8781302
0.8868521
0.8928814
0.8871429
0.8807655
0.8732008
0.8770364
0.8851813
0.8858071
0.8962398
0.8988919
0.884139
0.8810629
0.8866497
0.8915669
0.8872406
0.8807202
0.8855133
0.8880108
0.8859878
0.8829014
0.8824921
0.8776459
0.869911
0.8726364
0.8747519
0.877977
0.882423
0.8827412
0.8819807
0.8801885
0.8797893
0.8848045
0.8962842
0.8986667
0.8913594
0.8869169
0.8940264
0.9043719
0.9052279
0.8961203
0.8954189
0.9096147
0.9143533
0.9063315
0.9001812
0.8988107
0.8960506
0.8919461
0.8914368
0.8923283
0.8872796
0.8865707
0.8844276
0.8814903
0.8841865
0.8815764
0.8909229
0.9017322
0.9003227
0.9041782
0.9105909
0.9110069
0.90692
0.904309
0.899198
0.8898473
0.8890056
0.8914929
0.8884219
0.8801101
0.8679518
0.8638353
0.8660456
0.8725242
0.8744226
0.865487
0.8633179
0.8641993
0.8585992
0.836903
0.8134046
0.8194018
0.8336645
0.8505457
0.8616323
0.8598288
0.8699712
0.8724161
0.866292
0.8666883
0.8684786
0.8703647
0.873974
0.8776996
0.8805325
0.879866
0.8786808
0.8833952
0.8852241
0.8849327
0.8916505
0.8988133
0.8989849
0.893634
0.8820937
0.8857868
0.8859612
0.8818369
0.8851501
0.8855559
0.8879477
0.8883373
0.8950447
0.8970801
0.889813
0.8889723
0.8949637
0.8832289
0.8738245
0.8707951
0.8597378
0.8677417
0.8634844
0.832464
0.8194931
0.8222054
0.8094645
0.787938
0.7655708
0.7585395
0.7535677
0.7427031
0.7477008
0.7551546
0.7205498
0.7606307
0.8560289
0.791419
0.7238172
0.7151706
0.7057611
0.7074824
0.6902759
0.689724
0.6904063
0.6892715
0.6880406
0.6866282
0.6812885
0.7026095
0.732385
0.7101272
0.7040711
0.7234119
0.7308484
0.7300186
0.7279876
0.7271301
0.7223367
0.7238637
0.7260001
0.73149
0.7426146
0.7487544
0.7526384
0.7637297
0.7670856
0.7633504
0.7535759
0.7557603
0.7646068
0.7617952
0.7666075
0.7619946
0.765232
0.7685499
0.7559922
0.7512956
0.7531032
0.7477411
0.748009
0.758299
0.7605437
0.7670651
0.7788855
0.7755654
0.8010216
0.8442698
0.834882
0.8204318
0.8074046
0.8194008
0.8363127
0.8104588
0.7993236
0.7934494
0.7878014
0.797576
0.8058928
0.7956825
0.7790658
0.7766892
0.7734664
0.7636856
0.7631371
0.7586214
0.7625071
0.7820136
0.7813347
0.7746869
0.7817378
0.7854893
0.7825805
0.7882559
0.795023
0.8072776
0.8059925
0.7879704
0.7935593
0.7944107
0.8079597
0.8597021
0.8725276
0.8438625
0.833701
0.8192866
0.7968823
0.7716502
0.7312119
0.7121867
0.705743
0.6937404
0.6884889
0.6844051
0.6818637
0.6788137
0.6754787
0.6744749
0.6691111
0.6666045
0.6658667
0.663489
0.6622785
0.6553504
0.6502093
0.6474862
0.6448248
0.645183
0.6436047
0.6460302
0.6472026
0.6429968
0.6432774
0.6434355
0.6405279
0.6341413
0.6293587
0.6341522
0.6393831
0.6350745
0.6270787
0.619849
0.6188848
0.622908
0.6183984
0.6165793
0.6166417
0.6115983
0.6083513
0.6080053
0.6076355
0.6010694
0.5986649
0.601113
0.6019377
0.5963328
0.5925937
0.5984979
0.5943492
0.590875
0.5935501
0.5859389
0.5853092
0.5900048
0.5857345
0.5815335
0.5838909
0.5845
0.5828729
0.5818142
0.5782322
0.5792018
0.5803869
0.5798416
0.5800046
0.579029
0.5812778
0.5778122
0.5763046
0.5656085
0.5533091
0.5675781
0.5759075
0.5745881
0.5661664
0.5625907
0.5675536
0.5633324
0.5620967
0.5615466
0.557434
0.5569707
0.5599925
0.5574577
0.5528761
0.5533207
0.5534491
0.5515692
0.550498
0.5494357
0.5464248
0.5448683
0.5450189
0.542849
0.5402364
0.5388027
0.5371333
0.5404578
0.5406168
0.5335452
0.5340977
0.5386853
0.5368539
0.5323217
0.5319409
0.5307063
0.5296671
0.5278806
0.52551
0.5242127
0.5242003
0.5277643
0.5245561
0.519979
0.5210861
0.5184542
0.5171452
0.5163048
0.5152193
0.5187432
0.5144713
0.5125638
0.513725
0.5127619
0.5150997
0.5091654
0.5069636
0.5116328
0.511236
0.5086658
0.5075901
0.5094654
0.5070232
0.5033592
0.503679
0.5076705
0.5075455
0.5038629
0.5019114
0.5014742
0.5045066
0.5008014
0.5002205
0.5031256
0.5009968
0.5000003
0.4978844
0.4962854
0.4956461
0.4965895
0.4960146
0.4942564
0.4958237
0.4981795
0.4930244
0.4899963
0.4970471
0.493825
0.4913855
0.4950482
0.4917872
0.4872418
0.4894413
0.4952575
0.490978
0.4890331
0.4891763
0.488531
0.4911011
0.4887469
0.4897606
0.4873727
0.485554
0.4890839
0.4866484
0.4846672
0.4852923
0.4868463
0.4846156
0.4807498
0.4813569
0.4837219
0.4850944
0.4815725
0.4810804
0.4847008
0.481833
0.478594
0.4794068
0.4806363
0.4801381
0.4779043
0.4760984
0.4772064
0.4773913
0.4747082
0.4744481
0.4755381
0.4764577
0.4753305
0.4749614
0.475883
0.4762099
0.4744802
0.4739572
0.4736256
0.4749683
0.4719806
0.4701978
0.4775929
0.4733923
0.4730274
0.474776
0.4708181
0.4710278
0.4722313
0.4757545
0.4714312
0.4696515
0.4739024
0.4718816
0.4715084
0.4766878
0.4776733
0.4745297
0.4746074
0.477559
0.483601
0.4836013
0.4809126
0.485323
0.4860528
0.4865465
0.4913044
0.4879928
0.4880676
0.4979025
0.5025833
0.5001835
0.5003173
0.5035042
0.5033181
0.5128897
0.5229546
0.5220422
0.5220592
0.5296378
0.5399542
0.538177
0.5356083
0.5414996
0.5473927
0.5448213
0.541931
0.5505296
0.5623499
0.5636611
0.5575436
0.5534672
0.5573637
0.5752862
0.5785124
0.5671487
0.5696545
0.5714695
0.5823653
0.5938635
0.5858475
0.5773954
0.5805914
0.5990311
0.5994432
0.5866929
0.5809062
0.5878375
0.5977317
0.583111
0.57023
0.5619106
0.5573451
0.5579445
0.5498479
0.5491397
0.555633
0.5592954
0.5605186
0.5661307
0.5722763
0.56936
0.5693058
0.5779463
0.5845909
0.5807667
0.5791039
0.5836847
0.5852034
0.5835764
0.5883159
0.5972329
0.5939281
0.5853548
0.5863752
0.5946619
0.5921623
0.5855828
0.581987
0.5739771
0.5683056
0.5623854
0.563686
0.5719811
0.5736525
0.5735238
0.581115
0.5971363
0.6036038
0.6028988
0.6149446
0.62612
0.6199882
0.612791
0.6210628
0.634644
0.6296928
0.6238795
0.6376117
0.6430181
0.6293369
0.617503
0.6157179
0.6062501
0.605726
0.6164894
0.6105295
0.6055555
0.6148676
0.6180636
0.6165031
0.6305813
0.6342337
0.6200705
0.6257166
0.628158
0.6164765
0.6283789
0.6385868
0.6238097
0.621064
0.6303305
0.6224665
0.6203425
0.6267492
0.6186251
0.6144136
0.6217687
0.626804
0.6260076
0.6374756
0.6546429
0.6465744
0.6269929
0.6253318
0.6277771
0.6222751
0.6300774
0.6420057
0.640492
0.6479583
0.6578472
0.6471769
0.6457779
0.6520805
0.6367805
0.621344
0.6189034
0.6359014
0.6511043
0.6390079
0.6335844
0.6356097
0.6326723
0.6412627
0.6531503
0.6475952
0.6393783
0.6518302
0.6639234
0.6607067
0.6543295
0.6475968
0.6415494
0.6319271
0.6248668
0.6228742
0.6214442
0.6236179
0.6297364
0.6437419
0.6555475
0.6604325
0.6656195
0.6658
0.6635208
0.6689748
0.6734234
0.6692702
0.6639085
0.664546
0.6649776
0.6710994
0.6890749
0.6899448
0.6821172
0.691654
0.7083283
0.711236
0.70079
0.7091718
0.7313197
0.7352674
0.7212489
0.72736
0.7553398
0.749377
0.7148954
0.6920619
0.6790138
0.6681399
0.6622304
0.6597626
0.6594745
0.6637726
0.6690876
0.6773648
0.6851285
0.6822552
0.6726505
0.666845
0.670677
0.6770715
0.677556
0.6755539
0.681137
0.6816353
0.6703481
0.6619762
0.6593009
0.6619882
0.659138
0.6567885
0.6654471
0.6776964
0.6935394
0.7058519
0.7098823
0.7077308
0.702311
0.7044447
0.714652
0.7118812
0.6951074
0.6935059
0.7108846
0.7209532
0.7133426
0.7019637
0.6963372
0.700383
0.7004798
0.6872504
0.6818454
0.6905482
0.7079797
0.7310922
0.7515563
0.7460539
0.7179498
0.7046046
0.7086801
0.7175404
0.722866
0.7198467
0.7286934
0.7579178
0.761795
0.734166
0.7158569
0.7093681
0.7269479
0.7615312
0.7691422
0.766055
0.7862005
0.7853247
0.7516918
0.742916
0.7591127
0.7714512
0.7627652
0.7405949
0.7448331
0.7531718
0.7394996
0.7515441
0.7745719
0.7816258
0.7702285
0.7421567
0.7525152
0.7773401
0.7849915
0.7904448
0.7793744
0.7610394
0.7514724
0.7565633
0.7669613
0.7652339
0.783703
0.8191527
0.8147882
0.7901282
0.7883737
0.8073088
0.8304532
0.8303283
0.8041385
0.7985719
0.8161624
0.8229643
0.8075653
0.7840482
0.7882665
0.8024733
0.7933209
0.7760253
0.7854493
0.8073984
0.7962609
0.7671861
0.7439873
0.7353797
0.7519067
0.7766771
0.7816489
0.7747744
0.7867973
0.8019628
0.7904619
0.7891937
0.8038297
0.7923944
0.7814313
0.7920181
0.7902257
0.7751257
0.7862965
0.8095578
0.8102
0.8077117
0.8277553
0.8533653
0.8359743
0.8019276
0.8095718
0.8258391
0.8238194
0.8203713
0.8253251
0.8332973
0.8175793
0.7947984
0.80087
0.8075231
0.8006565
0.8132146
0.8304032
0.8301362
0.8281421
0.8221585
0.8255285
0.8365974
0.8293422
0.8261468
0.8390654
0.8427472
0.8341431
0.8383154
0.8410772
0.8323134
0.8355645
0.832937
0.8294731
0.8373097
0.8404071
0.8495102
0.866394
0.8636273
0.8379307
0.8259605
0.8253474
0.8052922
0.7761041
0.7654571
0.7751266
0.7864661
0.7946032
0.7989247
0.7901665
0.7784276
0.7781929
0.7737414
0.7693283
0.7925159
0.8189865
0.8164485
0.7996063
0.7923511
0.8081226
0.8244639
0.8253141
0.8348219
0.8428902
0.8335611
0.8183686
0.8115899
0.8278878
0.8502777
0.8513011
0.8442697
0.8528027
0.8655722
0.8646025
0.8587024
0.8653136
0.8761125
0.8629295
0.8500617
0.8648688
0.8780265
0.8731771
0.8552374
0.8418262
0.8504348
0.8559808
0.8325438
0.8189733
0.8267649
0.8221916
0.8234697
0.8260013
0.8128746
0.8036628
0.7881329
0.7731268
0.7743241
0.7841343
0.8045242
0.8136255
0.8042771
0.7970437
0.7929691
0.7867967
0.7748253
0.7658712
0.7697915
0.7914147
0.802239
0.7896338
0.7887286
0.8002175
0.81856
0.832162
0.8349772
0.8490748
0.8673102
0.8774503
0.8777504
0.8802847
0.8871359
0.8777269
0.8762474
0.8881959
0.8936782
0.8883013
0.8715146
0.8636069
0.8585752
0.8677416
0.8758276
0.8667962
0.8732108
0.8630302
0.8504784
0.8570297
0.8511497
0.8468362
0.8365469
0.8215756
0.8196825
0.8136191
0.8159674
0.8240516
0.8218426
0.8236915
0.8179756
0.8000703
0.7896769
0.7907909
0.7961942
0.7873126
0.7703248
0.7630647
0.7655774
0.774452
0.776833
0.7777249
0.7854374
0.796784
0.8046245
0.7984919
0.7957496
0.7985992
0.7920609
0.7886043
0.7802092
0.7753508
0.7845761
0.788989
0.7979233
0.8016104
0.8025676
0.8076946
0.799653
0.8032255
0.82256
0.834918
0.8442886
0.8534865
0.8526824
0.8544167
0.8665858
0.8694268
0.8569426
0.8503053
0.8613092
0.8709302
0.869683
0.8720896
0.8808037
0.8747432
0.863123
0.8688413
0.8674431
0.8562371
0.8652135
0.8508745
0.7724459
0.8118236
0.903834
0.8657553
0.8741502
0.8997618
0.8873074
0.8846587
0.8667659
0.848802
0.8328417
0.8321238
0.8263801
0.8189366
0.8274292
0.8384745
0.8473978
0.8455979
0.8377701
0.8466229
0.8437457
0.8621303
0.8475091
0.893221
0.8138427
0.6893284
0.7397158
0.6868389
0.7987544
0.8625748
0.7918965
0.8044154
0.7882436
0.7776904
0.7685216
0.7726725
0.7827601
0.807337
0.8326428
0.8427755
0.846086
0.8624284
0.874619
0.8650349
0.8631211
0.8807904
0.8815084
0.8732444
0.8493529
0.8205291
0.818408
0.8144622
0.8084493
0.8183156
0.8301245
0.8290781
0.8288004
0.8428318
0.8564975
0.85564
0.8508022
0.8524391
0.8599386
0.877775
0.8865552
0.8827901
0.8821998
0.88407
0.884509
0.8770814
0.8648176
0.8556056
0.8548655
0.8401923
0.8257771
0.8336015
0.8275557
0.8190248
0.8282716
0.8452481
0.8532889
0.8410311
0.8252801
0.8216929
0.8295414
0.8360866
0.8221198
0.8626007
0.9521297
0.8745166
0.760366
0.7842243
0.7975148
0.7962048
0.8163396
0.8304835
0.8256947
0.8189173
0.8236902
0.8164322
0.8094775
0.8160399
0.8313682
0.8416958
0.8455576
0.8513979
0.8487506
0.8282121
0.8123152
0.8084251
0.803752
0.8158405
0.8308784
0.84087
0.8547971
0.8696316
0.8794055
0.8717136
0.8686567
0.8783154
0.8753832
0.8640291
0.8715514
0.8788438
0.8745363
0.8790107
0.8856734
0.8926788
0.8944125
0.8920653
0.8771277
0.8381404
0.8309483
0.8474663
0.8384204
0.8431469
0.8639869
0.8737052
0.8746796
0.8659065
0.8620237
0.8625071
0.8573685
0.8405196
0.8247012
0.8236356
0.8208456
0.8254543
0.8481558
0.8600981
0.8570672
0.8716243
0.8789173
0.8575112
0.837173
0.8373037
0.8416663
0.8430491
0.8453303
0.8000434
0.8318279
0.9216036
0.8992649
0.8939532
0.9123296
0.895691
0.8871425
0.8801928
0.8712628
0.8578035
0.8474591
0.8406516
0.8477004
0.8639152
0.8704469
0.8783341
0.879137
0.8670289
0.86709
0.8667486
0.8619412
0.8629868
0.8640913
0.8714956
0.8968081
0.9039722
0.9034344
0.8987178
0.9153879
0.8777757
0.8668814
0.9649669
0.9077938
0.8560151
0.873487
0.8440595
0.8311364
0.8120132
0.7939489
0.7884113
0.7955686
0.800183
0.8129233
0.836069
0.8410177
0.8503595
0.869274
0.8780189
0.8911514
0.8913083
0.880024
0.8764586
0.8887308
0.8966166
0.8916825
0.8993487
0.892039
0.9169777
0.8726979
0.8018183
0.8446728
0.805138
0.7728122
0.7860475
0.7755915
0.7960312
0.900184
0.9979238
0.9540141
0.9133955
0.9034312
0.9127811
0.9141656
0.8779143
0.868879
0.8793914
0.8982156
0.899305
0.8945583
0.8984952
0.8812109
0.8819901
0.892876
0.8786017
0.878407
0.8942808
0.8988367
0.8907066
0.8928329
0.8878802
0.873401
0.8727809
0.8664323
0.8782749
0.88777
0.881044
0.8782677
0.8630507
0.8498949
0.8408318
0.8481735
0.8681558
0.8661987
0.8510546
0.8502008
0.8551572
0.8582925
0.8746541
0.8858543
0.8831716
0.8853117
0.8838217
0.8887192
0.8892823
0.8807567
0.8733193
0.8689262
0.8749254
0.8644876
0.8596954
0.8752721
0.8818058
0.8746736
0.8723551
0.8841009
0.8920414
0.8986788
0.9011625
0.888385
0.8738858
0.8766679
0.870873
0.8958331
0.8611658
0.8291111
0.9173072
0.920277
0.8974114
0.9286078
0.953732
0.9364514
0.9473389
0.9410582
0.8942679
0.9077713
0.9032909
0.8840932
0.8790133
0.8772282
0.8822489
0.8872746
0.8910723
0.8800123
0.8867859
0.9112875
0.888664
0.8686613
0.8747702
0.8785528
0.8899256
0.8792706
0.9098909
0.868327
0.8264187
0.9682315
0.8932283
0.8305085
0.9565429
0.9073375
0.8631987
0.8756498
0.8728966
0.8784321
0.873091
0.8729331
0.863012
0.8798701
0.8995453
0.8787687
0.8802692
0.8906282
0.8948237
0.8908634
0.8729796
0.8686035
0.8537022
0.8390146
0.8387961
0.8484337
0.8617219
0.8538931
0.8532505
0.8615499
0.864036
0.8551807
0.8634058
0.9145375
0.9252523
0.8968257
0.8893033
0.8826606
0.8685914
0.8641756
0.8690367
0.8647895
0.8581297
0.8620702
0.8668148
0.8690335
0.857686
0.8421526
0.834881
0.8437941
0.8424478
0.8469252
0.8349665
0.8578165
0.8166411
0.7592277
0.8597123
0.851879
0.8252213
0.857736
0.8601264
0.8664237
0.8596458
0.8622782
0.8636666
0.8911429
0.8564883
0.8030829
0.8107825
0.8068086
0.858641
0.8799508
0.8690577
0.8735591
0.8643798
0.8982233
0.9388943
0.9353165
0.9023723
0.8711172
0.8337479
0.827693
0.8476077
0.8536242
0.854613
0.8662767
0.8733488
0.8665627
0.8628503
0.8609253
0.8682785
0.8721501
0.8764685
0.920059
0.9421431
0.9088036
0.8886407
0.885737
0.8705929
0.8583873
0.8656923
0.8721374
0.8634337
0.8606168
0.8639859
0.8595919
0.8648491
0.8651908
0.8490266
0.8573401
0.8686048
0.8581583
0.8559482
0.8740944
0.8683397
0.8621837
0.9099897
0.9220647
0.9282603
0.8885706
0.8105521
0.8888253
0.9399289
0.8817832
0.8637382
0.8681065
0.8787066
0.8861466
0.8929309
0.9011422
0.8807666
0.8603167
0.8664013
0.8762813
0.8804311
0.8748267
0.8655251
0.8695275
0.8756428
0.8654668
0.8632653
0.8755296
0.8653007
0.8760877
0.9189054
0.8973001
0.8598183
0.8734606
0.8660365
0.8528591
0.8615546
0.8565897
0.8501058
0.8509751
0.8541919
0.8587866
0.8565093
0.8653706
0.8625121
0.8752519
0.9226422
0.9269112
0.9136887
0.8951502
0.8860023
0.875726
0.8599668
0.843238
0.8042023
0.8056293
0.8310749
0.8416512
0.8392531
0.8346052
0.835077
0.8307323
0.8331751
0.8325989
0.8293443
0.8211958
0.7752766
0.7415368
0.7557079
0.7868379
0.8142208
0.8204917
0.8167374
0.8175115
0.8193522
0.8106736
0.8001006
0.7935498
0.7789501
0.7735178
0.7825403
0.7813203
0.7753138
0.7813204
0.7858941
0.7887053
0.8028968
0.7929532
0.7765108
0.7790267
0.7680068
0.7536024
0.7488024
0.7471223
0.7627839
0.7782938
0.7880175
0.7775383
0.8317339
0.9474934
0.9514789
0.870588
0.7881854
0.78098
0.7984609
0.79152
0.796788
0.800768
0.7934872
0.8030341
0.7911858
0.763972
0.7771325
0.7606315
0.7614309
0.7681295
0.7485342
0.7556187
0.7554641
0.7733586
0.7684068
0.805239
0.9237367
0.9293723
0.8819133
0.8974519
0.8494776
0.8496788
0.9865985
0.9687891
0.9004934
0.9015453
0.8990405
0.8907643
0.9193192
0.85924
0.8081498
0.9676981
0.9754258
0.9264655
0.9167906
0.8633307
0.847523
0.8237862
0.8233663
0.8347248
0.8350158
0.8330002
0.837692
0.8582957
0.8719868
0.8577861
0.8512502
0.8592478
0.861665
0.8588722
0.8678312
0.8697187
0.8661559
0.8607778
0.8619836
0.9113382
0.9312294
0.9154356
0.9032839
0.8887445
0.882056
0.8795893
0.8767233
0.8773309
0.8731046
0.8773547
0.9146775
0.9322
0.9108151
0.8880212
0.8874933
0.8825233
0.8696229
0.8595269
0.8481925
0.8449415
0.838598
0.8306982
0.8353285
0.8586143
0.886979
0.897549
0.8888933
0.8807148
0.8794019
0.8762916
0.867405
0.8567071
0.8584994
0.8614125
0.8602449
0.8691625
0.8672912
0.8697079
0.9304507
0.9209779
0.8255154
0.9066334
1.008398
0.9384427
0.8866326
0.885659
0.870558
0.8596699
0.8457861
0.8160885
0.815064
0.8338779
0.8431755
0.8550423
0.8577757
0.8503319
0.8380498
0.8333713
0.8270324
0.8116045
0.8180701
0.8175141
0.8090688
0.8137322
0.8173572
0.827211
0.8294129
0.8387125
0.8794847
0.8957285
0.8908259
0.885584
0.863196
0.8611741
0.8673178
0.8586238
0.8672647
0.8657775
0.8764656
0.9264388
0.9342005
0.9153507
0.8994046
0.8872392
0.8829482
0.8777707
0.8725007
0.8750539
0.9142611
0.9411202
0.8992417
0.8484561
0.8414701
0.8491522
0.8572717
0.8630581
0.8652305
0.8618999
0.8545449
0.8503433
0.8479606
0.840164
0.8472865
0.8341212
0.7801646
0.7769014
0.8009121
0.8096636
0.8020311
0.7886694
0.7969108
0.8044331
0.8044283
0.800272
0.7993714
0.8012821
0.7929871
0.7847498
0.7899297
0.7898338
0.7938353
0.7996914
0.7879211
0.7865661
0.7927419
0.7933639
0.7912405
0.7902776
0.7947815
0.8036167
0.8152841
0.8223269
0.8267898
0.8221305
0.8235958
0.8268687
0.8240205
0.835615
0.839987
0.8410631
0.8329128
0.8251524
0.837953
0.8397835
0.8258117
0.8171541
0.8212238
0.8242926
0.8249348
0.8292228
0.8291604
0.8205544
0.8083509
0.8012863
0.8018856
0.8018784
0.805769
0.8140467
0.8109351
0.7924611
0.7808692
0.7810427
0.7810253
0.790957
0.7921367
0.789351
0.7615168
0.7973353
0.9210969
0.9192052
0.8549039
0.8357538
0.8288852
0.8348285
0.8370668
0.8356524
0.8335565
0.831208
0.8279294
0.8327928
0.8374648
0.8322318
0.8337883
0.8374096
0.8246647
0.836898
0.8630039
0.8577874
0.8624659
0.8795953
0.8851183
0.8744599
0.869571
0.8710727
0.865541
0.8587079
0.8654795
0.909238
0.9329256
0.9178146
0.9068867
0.8919934
0.8793658
0.8818729
0.8782403
0.870179
0.8758516
0.8654174
0.8732412
0.9124093
0.8994353
0.8856325
0.8824175
0.8762175
0.8858155
0.8794682
0.872145
0.8753536
0.879217
0.8765199
0.8636715
0.8690626
0.8987704
0.894846
0.8726038
0.8789662
0.8843617
0.866897
0.8633093
0.8695188
0.8767624
0.8761244
0.8615138
0.8658482
0.8764516
0.8649106
0.8694217
0.8966435
0.8796202
0.8598234
0.8710034
0.87546
0.8711513
0.8650481
0.8542578
0.8423147
0.8323183
0.8276065
0.8313626
0.8279068
0.8237497
0.8218301
0.8240246
0.8316994
0.8518989
0.8591342
0.8422907
0.8431537
0.8489195
0.8438649
0.8483587
0.8568385
0.8257912
0.8001497
0.8084978
0.8101476
0.8178455
0.8262343
0.822395
0.8201433
0.8206048
0.8161255
0.8278555
0.8279333
0.8338995
0.8626758
0.8314102
0.8497398
0.8915938
0.8368775
0.8140141
0.8257468
0.8140152
0.8368747
0.8681208
0.844043
0.8264811
0.8190661
0.8046473
0.8108123
0.8088724
0.8030311
0.8104672
0.8124598
0.8168682
0.8207479
0.8078663
0.8056448
0.8117201
0.8156932
0.8176843
0.813261
0.795372
0.7959439
0.8180093
0.8221445
0.8289876
0.831414
0.8331069
0.8320856
0.817265
0.8247379
0.8222025
0.8243516
0.852879
0.837226
0.8104999
0.8005447
0.7915076
0.796971
0.8048001
0.8034608
0.7911165
0.7871955
0.7857542
0.7965924
0.793601
0.8035744
0.7629035
0.8246344
0.9644851
0.8284773
0.7585349
0.7980036
0.768138
0.7633699
0.7625377
0.7894879
0.8086661
0.8058588
0.8115092
0.8271808
0.8342176
0.8481074
0.8525726
0.915969
0.8967695
0.8517679
0.998988
1.008743
0.9324395
0.9301964
0.9080683
0.8945789
0.8852088
0.874905
0.859436
0.8632599
0.8681575
0.8477539
0.834041
0.8357971
0.8440507
0.8397793
0.8286688
0.8257477
0.8027123
0.7876718
0.7897516
0.7929423
0.7997452
0.8020975
0.8174302
0.8252489
0.8163021
0.8160666
0.8043528
0.7966513
0.7938634
0.7995127
0.8431184
0.86607
0.8585216
0.8654111
0.8637539
0.855371
0.8620994
0.8650292
0.8644743
0.8673884
0.9434738
0.9235255
0.8084303
0.8401094
0.9014863
0.8980785
0.8227655
0.7887506
0.8072808
0.8122569
0.8261463
0.8203748
0.8185174
0.840061
0.8568597
0.8508071
0.838909
0.8385983
0.8333759
0.8365348
0.867489
0.850417
0.8236539
0.8375699
0.8444652
0.8414539
0.8297045
0.8237488
0.8300969
0.8427198
0.8510056
0.8402598
0.8294702
0.8490009
0.8651735
0.8403209
0.83863
0.8464201
0.8512135
0.8673505
0.8483789
0.837775
0.7540588
0.7168807
0.8470964
0.852482
0.8262446
0.855933
0.8322553
0.8253244
0.8270051
0.8387253
0.8595002
0.873566
0.8694482
0.8532638
0.8582605
0.8699186
0.8707604
0.8905622
0.9302104
0.9364946
0.9114979
0.8965728
0.8869123
0.8686998
0.8518298
0.8625537
0.8640932
0.8529176
0.8667073
0.8650354
0.8464346
0.8258903
0.8103088
0.8067627
0.8020418
0.798252
0.7910992
0.7779126
0.7785333
0.7879494
0.7975917
0.8101779
0.8331489
0.8465098
0.8374662
0.8319278
0.8278303
0.8311999
0.8180231
0.8226315
0.869137
0.8680724
0.8510316
0.8483838
0.8574358
0.8388239
0.7874585
0.8693248
0.9542106
0.9140527
0.8881936
0.8681769
0.8563133
0.8531108
0.8807177
0.8615117
0.86126
0.973885
0.943916
0.8874899
0.9104894
0.9089395
0.9479093
0.9380912
0.8082357
0.8018737
0.9076534
0.9114518
0.888633
0.8998785
0.9060772
0.8996322
0.8858877
0.8860618
0.8859596
0.8748578
0.8744542
0.8630751
0.8558324
0.8638738
0.8691255
0.8615176
0.8594212
0.8677395
0.8604523
0.8779752
0.896727
0.8865127
0.8874219
0.8763819
0.8647519
0.8620577
0.8646957
0.885465
0.8728497
0.8508441
0.8720208
0.8863961
0.8732851
0.8611351
0.855089
0.857589
0.8798155
0.9151654
0.9173525
0.8967204
0.8829289
0.8783997
0.8698469
0.8485624
0.8829006
0.8953227
0.8325114
0.8154886
0.8410022
0.8542077
0.8642483
0.8731784
0.8578318
0.8488274
0.8584833
0.8469711
0.8657749
0.9224804
0.9356702
0.9145578
0.8931868
0.8855147
0.8867211
0.8858208
0.8745417
0.8753745
0.9226079
0.9291096
0.8825737
0.8670132
0.865928
0.8629287
0.8647205
0.8554639
0.8418965
0.8444443
0.8595395
0.8666318
0.8776068
0.8892223
0.8897814
0.8935542
0.8959666
0.8851119
0.882701
0.8883354
0.8913518
0.927454
0.930221
0.8783341
0.8607301
0.8633396
0.8599582
0.8623539
0.8620488
0.8514632
0.8443964
0.8467372
0.8457811
0.8402137
0.8392807
0.8438005
0.8391501
0.8360644
0.8282185
0.808215
0.8073745
0.8037411
0.7945573
0.7873534
0.7696248
0.7546921
0.7456085
0.743866
0.7427229
0.7338749
0.7188782
0.7133705
0.7117961
0.7077794
0.7103393
0.7102636
0.7090089
0.7010062
0.69633
0.7035945
0.7048462
0.7023136
0.6994966
0.6966949
0.6963758
0.6954942
0.6957566
0.7015797
0.7115185
0.7146663
0.7103622
0.7100285
0.7062132
0.7014443
0.7036326
0.706346
0.7086302
0.7080961
0.7183125
0.7338394
0.7512024
0.7542438
0.7349523
0.7348808
0.7476408
0.7463546
0.7468366
0.733515
0.6921756
0.6757657
0.6782921
0.6795122
0.6762057
0.6697433
0.6722553
0.6736257
0.6699618
0.6664687
0.6675877
0.6671965
0.6670446
0.6689293
0.6688942
0.6682143
0.6654581
0.6550632
0.6432677
0.6358651
0.6335379
0.6310412
0.6238881
0.6194716
0.6163002
0.6117862
0.6082283
0.6058854
0.6029368
0.6002707
0.596394
0.5918734
0.5912731
0.5928055
0.5918536
0.5882022
0.5870005
0.5902686
0.5979256
0.6047974
0.6103393
0.6132458
0.6139351
0.6171508
0.6230462
0.6276169
0.6283108
0.630969
0.633766
0.6331375
0.6341302
0.6412488
0.6472547
0.6431772
0.6383072
0.6421257
0.6453821
0.6379855
0.6317717
0.633287
0.636873
0.6410271
0.6439421
0.6493522
0.6520691
0.6511227
0.6496274
0.6464442
0.6446286
0.6467101
0.6467339
0.6445935
0.6498611
0.6546319
0.6565768
0.6537061
0.6521498
0.6499236
0.6446849
0.6486815
0.6462762
0.6459897
0.6468672
0.6427483
0.6464632
0.6492247
0.6509813
0.6472314
0.6402107
0.640074
0.6463145
0.6511484
0.6542006
0.6653
0.6717036
0.6660163
0.6591382
0.6583504
0.6604678
0.6627293
0.6639653
0.6675924
0.6696881
0.6642343
0.6599687
0.6603152
0.6592521
0.6503534
0.6465825
0.652505
0.6606412
0.6569656
0.6500897
0.6573471
0.6574621
0.6510385
0.6545051
0.6635391
0.6645721
0.6585745
0.6589519
0.6617805
0.6577646
0.6514475
0.6498375
0.6478363
0.6532753
0.6597191
0.6573569
0.6601069
0.664615
0.674199
0.6840111
0.6792392
0.6722796
0.677486
0.6816369
0.6795854
0.6827422
0.6781076
0.6763459
0.6842176
0.684408
0.6827738
0.6866233
0.6943936
0.6936955
0.6865329
0.6859313
0.6990532
0.7063469
0.6886105
0.6815603
0.6831846
0.6683308
0.6609419
0.6649931
0.664603
0.6570441
0.6571142
0.6678538
0.6691848
0.6640992
0.6652783
0.666331
0.6647855
0.6697894
0.6768531
0.6745113
0.6665286
0.6606539
0.6641531
0.6557872
0.6606713
0.6457828
0.6888855
0.6206969
0.5650441
0.7529254
0.702999
0.6161819
0.6470629
0.6385314
0.6566923
0.663931
0.6748324
0.6674767
0.6591071
0.6636749
0.6663425
0.6685964
0.6737732
0.6687839
0.6647611
0.6595707
0.6551823
0.655569
0.6522932
0.6510604
0.6551477
0.6574564
0.6532519
0.652393
0.6520126
0.6482217
0.6467933
0.6451712
0.6427835
0.642482
0.644497
0.6420533
0.6371352
0.6349667
0.6318292
0.6294555
0.6250447
0.6181978
0.6205285
0.6238497
0.6278429
0.6336566
0.6342979
0.6358431
0.6347359
0.6325737
0.633436
0.6368205
0.6387716
0.637272
0.635674
0.6299436
0.6289374
0.6338013
0.6350817
0.6393507
0.6454053
0.6485293
0.6526403
0.659478
0.664178
0.6680819
0.6738557
0.6780389
0.6764581
0.6739468
0.6817358
0.6929424
0.6976984
0.6959769
0.6943587
0.7000807
0.7065599
0.7049449
0.7002221
0.6967421
0.6966516
0.7014734
0.7041781
0.697142
0.6849987
0.6773333
0.6771216
0.6830744
0.6875766
0.6973265
0.696672
0.7109008
0.6909142
0.7182687
0.6337361
0.5693903
0.7526206
0.6971704
0.6230697
0.6548705
0.6380569
0.6534119
0.6546265
0.6519212
0.6383879
0.6387722
0.6401751
0.6441489
0.6485748
0.6515482
0.6576601
0.6652919
0.668264
0.6722914
0.6750155
0.669844
0.6642522
0.6608868
0.6591458
0.6601069
0.6650622
0.6663854
0.6637491
0.6689432
0.6755094
0.6742072
0.6730963
0.6760269
0.6833094
0.6892082
0.6919398
0.7016488
0.7151645
0.7245905
0.7336118
0.7421331
0.744469
0.7570059
0.7348574
0.6820417
0.6759969
0.6900905
0.695953
0.6930813
0.6943181
0.7109029
0.730158
0.7397621
0.7347775
0.7229616
0.7224978
0.7343423
0.743538
0.7458555
0.742111
0.7479325
0.7518199
0.7542766
0.7588504
0.7596212
0.7632041
0.7647562
0.7685167
0.7621402
0.7495464
0.7490433
0.7360481
0.7172477
0.7208184
0.7207292
0.7117888
0.7015569
0.6933067
0.7060456
0.7040462
0.6884239
0.6966207
0.6919793
0.6896664
0.6933174
0.6877227
0.6979027
0.7040458
0.7021578
0.7029182
0.6984542
0.6897229
0.687821
0.6934278
0.6960034
0.6907375
0.6967077
0.7062211
0.7002113
0.6977286
0.7031677
0.7000305
0.6922848
0.6910918
0.6883703
0.6817567
0.6795852
0.6826229
0.6884652
0.691109
0.6932652
0.6964714
0.6908613
0.6903436
0.7017056
0.707676
0.6983248
0.6908751
0.6974003
0.6998992
0.7017309
0.7081202
0.7083819
0.7102899
0.7209638
0.7228554
0.7164495
0.7113875
0.7034745
0.7023837
0.7129934
0.7202786
0.7184916
0.7189782
0.7262705
0.7345892
0.7391549
0.7340836
0.7252842
0.7286301
0.7369844
0.7465266
0.7581859
0.7600695
0.753816
0.7439132
0.7388706
0.746705
0.7558588
0.758936
0.7511191
0.7349433
0.7302015
0.7390931
0.7498043
0.7558004
0.7604531
0.7630795
0.7608782
0.7603396
0.7649904
0.7696842
0.7679642
0.7608142
0.7544951
0.7571423
0.7569172
0.7514723
0.7528595
0.752639
0.7506789
0.760217
0.7654304
0.7608927
0.7635431
0.769355
0.7746975
0.7679765
0.7501802
0.7416402
0.7402993
0.7353837
0.7388145
0.7553734
0.7602002
0.7529514
0.7414478
0.7268235
0.7163427
0.7177458
0.7102235
0.6927574
0.699855
0.704247
0.6985901
0.6970025
0.6987579
0.7071862
0.7091917
0.7025137
0.6980106
0.7001684
0.6982191
0.694172
0.6893558
0.6795944
0.6817092
0.6851245
0.6801568
0.6856682
0.6870732
0.6870327
0.7024983
0.7157354
0.7167395
0.7043742
0.6936896
0.6899834
0.6829974
0.6816132
0.686431
0.680377
0.6972337
0.6795042
0.6499877
0.8022609
0.8937475
0.7891423
0.7442745
0.7361922
0.712716
0.7083986
0.7034168
0.7010433
0.688414
0.6739334
0.6809934
0.6892009
0.6875656
0.6834008
0.6863878
0.6921126
0.6962157
0.7049443
0.7116859
0.7075338
0.6987585
0.6899453
0.6836129
0.6801297
0.6727122
0.6732898
0.6815155
0.6863176
0.6908172
0.6961342
0.698615
0.6938733
0.68299
0.6755056
0.6758225
0.6780512
0.6766967
0.6778165
0.6853471
0.6879714
0.6884875
0.6879414
0.6898933
0.6889682
0.6770051
0.6694915
0.6687242
0.6714264
0.6711036
0.6736715
0.6777084
0.6796952
0.6819271
0.6878392
0.7000606
0.7064209
0.7064268
0.7022879
0.6979795
0.701589
0.7048005
0.7100222
0.7218528
0.7298695
0.7306435
0.7274216
0.7290225
0.7260507
0.7284423
0.733328
0.7356289
0.7373534
0.7240811
0.7149183
0.7105931
0.7069696
0.7046
0.6928388
0.6885066
0.6930891
0.6916829
0.6928129
0.6947797
0.6988497
0.7024737
0.701743
0.7021615
0.7063298
0.707905
0.7020787
0.7003726
0.6958821
0.6896828
0.6904923
0.682392
0.6669484
0.6617979
0.6664956
0.671213
0.6716237
0.6725993
0.677603
0.67991
0.6747932
0.6706013
0.6704286
0.6694572
0.6664411
0.6670425
0.674162
0.6772028
0.6726284
0.671952
0.6726084
0.6671899
0.6653944
0.6707795
0.6771508
0.6817297
0.6852814
0.6920467
0.7030752
0.7148854
0.723854
0.7222951
0.7171803
0.7067871
0.693992
0.6946491
0.6935214
0.6934161
0.6959221
0.6965405
0.7048041
0.7105897
0.7115019
0.7168776
0.7228006
0.7307333
0.7420947
0.7474424
0.7541657
0.7523218
0.7311503
0.722723
0.7255967
0.7157396
0.7148733
0.7302261
0.7445677
0.7530163
0.7423853
0.7233229
0.7151148
0.7131014
0.7218148
0.7268843
0.7190547
0.7143345
0.7282431
0.7421827
0.7307085
0.7216559
0.7230865
0.7252484
0.7207093
0.710762
0.7152954
0.730806
0.7561284
0.7730504
0.7673865
0.7544041
0.7396145
0.7276668
0.7250353
0.7334262
0.7309669
0.7297738
0.7340645
0.7335947
0.7394096
0.7322124
0.7207113
0.7194456
0.7340757
0.7483673
0.7531901
0.7772874
0.8079257
0.8131816
0.7997369
0.7975311
0.7929501
0.7830022
0.7819889
0.7866155
0.7951977
0.7939515
0.7906862
0.7932964
0.7834007
0.7683589
0.7662464
0.7730942
0.7918191
0.8046448
0.8145869
0.8252584
0.8079414
0.7886504
0.7865754
0.7819272
0.7776046
0.7851126
0.7965892
0.7987227
0.790916
0.7913111
0.794787
0.8003335
0.8301032
0.853821
0.8693949
0.8630782
0.8530578
0.8617855
0.8345773
0.8215578
0.8239322
0.8143114
0.8223045
0.8266998
0.8324378
0.8429262
0.8448003
0.8307969
0.8009312
0.7892617
0.7931924
0.7895544
0.7979714
0.827759
0.8507982
0.8523792
0.8567366
0.8723343
0.8674303
0.8382412
0.8113275
0.809782
0.8338081
0.8531021
0.859641
0.8677853
0.8813619
0.9000282
0.905152
0.8816453
0.8697872
0.8734152
0.8740684
0.8788878
0.8719105
0.8709237
0.8747504
0.865159
0.8626829
0.8750414
0.8793885
0.8730538
0.8743047
0.8563044
0.8391789
0.8458502
0.8408932
0.8319418
0.8411393
0.8508318
0.844506
0.8258551
0.7966719
0.7801362
0.7719355
0.7684953
0.7751383
0.7856348
0.815653
0.8315705
0.8337563
0.8526844
0.8618435
0.8907091
0.8783904
0.8218404
0.9258829
0.9879638
0.8724392
0.8253865
0.8246807
0.8220488
0.8348512
0.8416108
0.8590551
0.8717807
0.8687164
0.8713924
0.8834938
0.8810885
0.8603989
0.8479877
0.8602283
0.87592
0.8830251
0.8900179
0.8823961
0.8573503
0.8363281
0.8395535
0.852602
0.8640762
0.8796817
0.8586976
0.874843
0.9229954
0.8906699
0.8687649
0.8646817
0.8396612
0.8284542
0.8107437
0.8075957
0.8286165
0.8289918
0.8238137
0.8485377
0.8831555
0.8969533
0.8930714
0.8955785
0.8932625
0.902071
0.9016177
0.8939298
0.924569
0.9235946
0.8931282
0.8866852
0.8905943
0.8929636
0.8865515
0.8866174
0.8895124
0.8811715
0.8742996
0.8761502
0.8773292
0.877036
0.8776999
0.87747
0.8818466
0.8891454
0.8868497
0.8818721
0.8864107
0.8857585
0.8817142
0.8778299
0.8814144
0.8876177
0.874288
0.8652604
0.8763108
0.8837352
0.8811636
0.8700342
0.863224
0.8677104
0.8667837
0.8679423
0.8637688
0.8572752
0.8696755
0.8757008
0.8607035
0.8559765
0.861417
0.8683468
0.8681355
0.8527838
0.8562875
0.875276
0.8762596
0.8749641
0.8749471
0.8729306
0.8589262
0.8642585
0.8545661
0.8456397
0.882465
0.841737
0.8227211
0.8519098
0.8501968
0.8498398
0.8591436
0.8745134
0.8752888
0.8758907
0.8870438
0.8991192
0.8938911
0.8880319
0.8876201
0.8866712
0.8849566
0.8756098
0.8758343
0.8812721
0.8754308
0.871017
0.8732354
0.8833454
0.9019731
0.9050686
0.8899688
0.890661
0.9074038
0.9100425
0.9035468
0.9013138
0.884261
0.8772214
0.8714279
0.8681931
0.8808654
0.8818414
0.8969432
0.912299
0.9129011
0.9128274
0.9101715
0.9011585
0.8970269
0.8860668
0.8580374
0.839903
0.8311467
0.842977
0.8660904
0.877619
0.8863792
0.8945616
0.9069407
0.9128768
0.9115376
0.9010859
0.8723615
0.8643811
0.8804112
0.8878942
0.9036766
0.9220233
0.8910723
0.8966931
0.9495257
0.9396334
0.9213184
0.9183501
0.9149341
0.9185209
0.9253682
0.9294507
0.913629
0.8905222
0.8784965
0.8799029
0.8873337
0.8932722
0.8946393
0.9009736
0.9096621
0.9220978
0.928506
0.9225891
0.9084476
0.9001307
0.9057638
0.8900925
0.8840698
0.8933874
0.8987365
0.904146
0.8999583
0.9049014
0.9136395
0.9139274
0.8955334
0.875872
0.8802618
0.8901891
0.8947986
0.8991907
0.9004938
0.9074147
0.9158351
0.9048684
0.890018
0.8873853
0.8852654
0.8808405
0.8804831
0.8913818
0.9016912
0.9100275
0.9137687
0.9040099
0.9076232
0.9162756
0.9236954
0.9335955
0.9341243
0.9206808
0.8997204
0.8811283
0.8709067
0.8845812
0.9001288
0.9117464
0.9200261
0.9125367
0.9071193
0.9112308
0.9176644
0.9155367
0.8998286
0.8860051
0.8945194
0.9040649
0.8999036
0.8995274
0.9057369
0.9198313
0.925736
0.9160509
0.9016661
0.8887746
0.8880714
0.8904029
0.8819882
0.8769804
0.8798866
0.8821819
0.8724833
0.8550331
0.8497332
0.8355641
0.813282
0.8154534
0.8346036
0.8588805
0.8736294
0.8564947
0.8416198
0.8530419
0.8665126
0.8564481
0.8522058
0.8571054
0.8861303
0.9402872
0.9238416
0.895806
0.8988248
0.900391
0.9147431
0.9123556
0.9061418
0.9104742
0.918276
0.9483222
0.9478587
0.9100141
0.9056476
0.9229818
0.9236269
0.9147603
0.913674
0.9162817
0.9221017
0.9274669
0.9262719
0.9205069
0.910239
0.9112007
0.915737
0.904679
0.906237
0.9223876
0.9211523
0.9058196
0.9158905
0.9175068
0.8967321
0.8793917
0.8625358
0.8712347
0.877766
0.8763995
0.8732464
0.8712275
0.8827256
0.8898607
0.8953828
0.900311
0.8893138
0.8646148
0.8472286
0.8511807
0.8666231
0.8770429
0.8883889
0.9002317
0.8920317
0.8937522
0.9435383
0.9495499
0.908381
0.9068755
0.9126351
0.9155545
0.9227022
0.9155291
0.9115799
0.9162175
0.9053478
0.9130472
0.9339518
0.927121
0.9096867
0.8925355
0.9076485
0.9355138
0.9465468
0.9562524
0.9491768
0.9278942
0.9227373
0.9176372
0.9096874
0.8997814
0.9277481
0.8808151
0.8693681
1.006091
0.9668744
0.8924419
0.9021218
0.8967226
0.9026263
0.8945487
0.9041418
0.9272683
0.9322373
0.9141676
0.8851466
0.8741336
0.8781757
0.879196
0.8804577
0.8673741
0.8503815
0.8551616
0.8603371
0.8662411
0.8677128
0.8704689
0.8823084
0.8581097
0.8367746
0.8466345
0.862601
0.888178
0.9030657
0.864188
0.8499578
0.8914589
0.8793705
0.8734513
0.938186
0.9584855
0.9274203
0.9078918
0.8877291
0.8799583
0.8757281
0.8637696
0.8539595
0.8510387
0.8580072
0.8571174
0.8434043
0.8301193
0.8285992
0.8456421
0.8598135
0.8748189
0.8839259
0.8721216
0.8720719
0.8717006
0.832419
0.7756112
0.7786801
0.7977142
0.8068461
0.8289646
0.840061
0.8587107
0.8484672
0.8383704
0.8590401
0.8471076
0.8302219
0.8291144
0.8252592
0.8258349
0.8159686
0.8051247
0.8093755
0.8119469
0.8203458
0.8383785
0.8547185
0.861137
0.8702969
0.8680668
0.8532396
0.8585835
0.8501375
0.8377225
0.8444371
0.8413706
0.8388827
0.8436276
0.8355035
0.8117113
0.7836201
0.7874149
0.7971806
0.8016666
0.8277682
0.8414901
0.8373679
0.8360727
0.8389246
0.8320515
0.8260662
0.8309651
0.8337839
0.8375691
0.8388091
0.8420207
0.8518478
0.8511751
0.841893
0.8465057
0.8399124
0.8337107
0.8533994
0.8489411
0.8369199
0.8353193
0.8267007
0.8238928
0.8215643
0.8178301
0.8193278
0.8126513
0.8175964
0.8243463
0.813895
0.8117395
0.8051587
0.8146386
0.8190265
0.8132335
0.8175766
0.8036887
0.8001373
0.7982079
0.7953486
0.7998745
0.8038437
0.7984497
0.7932806
0.8058631
0.8157037
0.8313415
0.8275636
0.812321
0.8168855
0.8241981
0.8362149
0.8472707
0.858234
0.8569706
0.8446585
0.8495262
0.8598668
0.8585046
0.8515317
0.8477712
0.8483881
0.8584498
0.8665
0.8633698
0.8518776
0.8487591
0.8511902
0.8550068
0.861029
0.8423248
0.8322304
0.8468204
0.8555053
0.8652844
0.8693194
0.8562735
0.859893
0.8684632
0.8716078
0.8720342
0.8801338
0.8786906
0.8663326
0.8737299
0.8577385
0.8473888
0.8598972
0.8516228
0.8450353
0.8461162
0.8511497
0.8666942
0.8679538
0.8750101
0.876431
0.8636259
0.8681462
0.8720127
0.8691141
0.8690592
0.8754478
0.8675355
0.8561103
0.8609623
0.8514484
0.8499914
0.8452186
0.8327598
0.8403817
0.8384704
0.8400456
0.844771
0.8460484
0.8549355
0.8451044
0.8336884
0.8348463
0.8311014
0.8201947
0.8240696
0.823161
0.8014078
0.7979555
0.8002923
0.8024398
0.8026203
0.812325
0.8239304
0.8269029
0.8347819
0.831338
0.8196743
0.8251197
0.8311479
0.8309245
0.8388649
0.833993
0.8336246
0.8170466
0.8002603
0.8147329
0.8136294
0.8186553
0.8285769
0.8169121
0.8045225
0.8009767
0.8131877
0.8234413
0.8406655
0.8537953
0.8376536
0.8476579
0.8659005
0.8633456
0.8581272
0.8556941
0.8468027
0.8320854
0.8471732
0.8503062
0.8285912
0.8321831
0.8360742
0.8139186
0.795481
0.801725
0.8091988
0.7878326
0.7616248
0.7315048
0.7371404
0.7399121
0.7285425
0.8064255
0.8164415
0.7663453
0.7717247
0.766037
0.7512396
0.7420789
0.7370375
0.7418907
0.7539409
0.7651374
0.7656572
0.7520576
0.7404364
0.7302176
0.7246159
0.7341485
0.7586695
0.7880225
0.79156
0.7825309
0.783426
0.7656454
0.7449784
0.7400604
0.7326361
0.7301933
0.7492468
0.7906753
0.8536804
0.8700392
0.8761603
0.8312529
0.8276997
0.9372929
0.9002319
0.8867306
0.9314538
0.9204818
0.8961747
0.929224
0.9199042
0.81598
0.8485454
0.8373043
0.8012235
0.8368154
0.8050327
0.7988184
0.8101867
0.8967465
0.9956205
0.9240145
0.8624059
0.8481755
0.8275701
0.8122414
0.7980692
0.8126565
0.8332522
0.851602
0.8583152
0.8468482
0.8427682
0.8665576
0.8576664
0.8860442
0.8549686
0.8419219
0.9935753
0.9771867
0.9219499
0.9228389
0.8987336
0.9171869
0.9280961
0.9229231
0.8946153
0.8915066
0.9118471
0.9161009
0.9020149
0.8923345
0.9012829
0.9100843
0.9017383
0.8912086
0.8808641
0.857711
0.8447947
0.8383867
0.8447837
0.8733907
0.8913062
0.8866097
0.8926029
0.9059621
0.9116646
0.9020966
0.9323458
0.8771959
0.8502387
1.004454
0.9565121
0.917461
0.9892698
0.9558948
0.948705
0.9238279
0.8795958
0.8628862
0.8724004
0.8968944
0.9084442
0.9235977
0.9248979
0.8975859
0.8877783
0.8901424
0.8885154
0.8957637
0.8995967
0.8784005
0.8598853
0.8687159
0.8654006
0.8614118
0.8701158
0.8615314
0.8449803
0.85535
0.8798069
0.8961832
0.9061501
0.9065015
0.9023741
0.8954556
0.9021521
0.9048144
0.9060708
0.9114828
0.9057913
0.9893577
0.9796456
0.8686593
0.8955967
0.8539015
0.785814
0.7856404
0.8083176
0.8407547
0.8418658
0.8223344
0.857887
0.979153
0.9561861
0.8764852
0.8639326
0.8628619
0.8836516
0.888111
0.8518248
0.8040237
0.7907757
0.787475
0.7742237
0.7655622
0.7733931
0.7861743
0.797058
0.8110364
0.8237341
0.835385
0.8441961
0.845422
0.8648852
0.8591469
0.8449254
0.8701688
0.8667065
0.874619
0.8808812
0.8474255
0.8210112
0.8101992
0.8074406
0.8105379
0.8280002
0.8398715
0.8422552
0.8490878
0.8611179
0.8748567
0.8724657
0.8668739
0.8752624
0.8701791
0.8564686
0.8507247
0.8383857
0.8109054
0.7950285
0.7890864
0.783876
0.7948726
0.7952585
0.7933702
0.8021246
0.7879611
0.7784437
0.7960108
0.8235918
0.8507622
0.877878
0.8798247
0.8478964
0.8533266
0.8673586
0.8496
0.8548729
0.8640683
0.8472436
0.8449821
0.855099
0.8658911
0.8715799
0.8612588
0.874377
0.8880452
0.8735605
0.8666316
0.8725306
0.883883
0.8946407
0.9237758
0.9718021
0.9748739
0.9337881
0.898122
0.9368186
0.8689952
0.8347342
1.010734
1.01351
0.9379795
0.9139705
0.8979197
0.9001166
0.898438
0.8981546
0.8625206
0.848037
0.8468042
0.8565092
0.8739991
0.8803125
0.8874643
0.8858314
0.8838345
0.8747515
0.8488912
0.843642
0.8612364
0.8788915
0.8802613
0.925184
0.874251
0.837848
0.9798923
0.9547133
0.9028657
0.9209368
0.8800347
0.8646921
0.8607887
0.8623023
0.8725262
0.8938132
0.9092274
0.906854
0.9040153
0.8943999
0.8829962
0.8794358
0.8705723
0.8725659
0.8731469
0.871953
0.8855039
0.8900933
0.8819672
0.88405
0.8959713
0.8957224
0.8855346
0.8740741
0.8678723
0.8667136
0.8612455
0.8669778
0.8683373
0.8614803
0.8591837
0.8482394
0.8541129
0.8617174
0.8448709
0.8442543
0.8458546
0.8402789
0.8334558
0.8257122
0.8371441
0.8557577
0.8609204
0.8407242
0.8362958
0.845079
0.8468007
0.8449416
0.823219
0.8195235
0.8347294
0.8433192
0.8515996
0.8303657
0.797434
0.8084008
0.8287556
0.8379051
0.8676037
0.87895
0.8536247
0.8601647
0.9073355
0.9250552
0.8978067
0.8893111
0.8883684
0.8880141
0.9211377
0.9167504
0.8754662
0.8712283
0.8793858
0.8768737
0.8726904
0.8598294
0.8499674
0.834661
0.8286969
0.847567
0.8683734
0.8819196
0.8779368
0.8641743
0.8608126
0.8594069
0.8416469
0.827702
0.8296242
0.8555877
0.8666245
0.8569798
0.8541336
0.8462178
0.8518624
0.8502962
0.8552316
0.8680755
0.8682834
0.8661058
0.8511565
0.8511596
0.8649833
0.8632292
0.8604501
0.8690746
0.8807197
0.8779659
0.8753645
0.8901395
0.8785759
0.8510204
0.8546786
0.8564201
0.8428664
0.8466806
0.8485691
0.8344962
0.8372109
0.8434545
0.8577277
0.8665104
0.8506497
0.8330013
0.816465
0.8258
0.8449737
0.8474945
0.8466858
0.8584627
0.854754
0.8432011
0.8642898
0.86843
0.8617029
0.905498
0.9414759
0.920542
0.9016565
0.8876614
0.8640002
0.8425741
0.8487674
0.8649452
0.847827
0.8426627
0.8412428
0.8242026
0.8196727
0.8300229
0.8380347
0.8391831
0.8462208
0.8433268
0.831145
0.8250229
0.8132082
0.7904001
0.774747
0.7926483
0.8177125
0.831764
0.8401628
0.8388893
0.8392289
0.8631416
0.91549
0.9231618
0.8563199
0.7925196
0.8158382
0.8678311
0.8624414
0.8640218
0.8822751
0.8814095
0.8876568
0.9010291
0.9153892
0.9090021
0.8824809
0.8728155
0.8472047
0.8117343
0.8199375
0.8463088
0.864591
0.870168
0.8671676
0.8723621
0.8781734
0.8731469
0.8674634
0.8619436
0.8756826
0.886369
0.8663364
0.864924
0.8694416
0.8842827
0.8777349
0.8444217
0.8528259
0.868717
0.8635131
0.8470703
0.8482016
0.8629656
0.867821
0.8690048
0.8746394
0.8807688
0.8633356
0.853346
0.8451632
0.8261882
0.8320864
0.8163556
0.7889722
0.7863099
0.792324
0.8158957
0.8388158
0.8480253
0.8716562
0.8767001
0.8596065
0.8509809
0.8334965
0.8149097
0.8056711
0.8225003
0.8315021
0.8326684
0.8420259
0.8456774
0.8597159
0.8683166
0.868793
0.8646048
0.863302
0.8640027
0.8434486
0.8354227
0.846749
0.8379551
0.8327161
0.8220385
0.8044804
0.8138427
0.8239085
0.8287934
0.8446646
0.8631538
0.8798371
0.8748882
0.8559047
0.8585899
0.8653452
0.847078
0.8340521
0.8319736
0.8177149
0.8170296
0.8027955
0.7771776
0.7720081
0.7723925
0.7732577
0.7629082
0.7697398
0.7810891
0.7842136
0.7908549
0.7858466
0.7703439
0.7700738
0.7884803
0.7823782
0.7835291
0.7711335
0.8285771
0.9404596
0.9239488
0.8640636
0.8877466
0.8521891
0.8426187
0.9644454
0.9221653
0.8523131
0.8649132
0.863367
0.8680057
0.8703828
0.8643398
0.8254722
0.8135618
0.8293259
0.8481046
0.8608253
0.865383
0.8727
0.8891849
0.8992527
0.8981281
0.8975487
0.8900433
0.8845802
0.8787583
0.8840796
0.9046974
0.909898
0.8976662
0.8958714
0.9103042
0.9166683
0.9099812
0.8944338
0.8668842
0.8555051
0.8687
0.8754104
0.8758134
0.8871133
0.9034967
0.9210129
0.925055
0.9076085
0.8997391
0.9053348
0.9105512
0.8987681
0.8880221
0.8816494
0.8712545
0.8720199
0.8682242
0.8634258
0.8645493
0.8743965
0.8847066
0.8817944
0.8753296
0.8774532
0.874196
0.8689443
0.87065
0.8515603
0.8422632
0.864212
0.8729144
0.858521
0.8630403
0.8852679
0.9163596
0.8854692
0.8278837
0.9429955
1.008934
0.9320594
0.9309454
0.9367837
0.9279369
0.9473232
0.9540838
0.9191023
0.879191
0.8697303
0.8637117
0.8556284
0.8648596
0.8668926
0.8503994
0.8433005
0.8471562
0.8614936
0.8848037
0.9078735
0.9147385
0.8925861
0.8611045
0.8481622
0.8456748
0.8491139
0.8498076
0.8446536
0.8533472
0.8604882
0.8665641
0.8678813
0.8596671
0.8540598
0.8403589
0.8373513
0.8450711
0.8558271
0.8695923
0.8751184
0.881233
0.9030761
0.9055724
0.875322
0.8805266
0.8945564
0.8882092
0.9010509
0.9058387
0.8990494
0.8886849
0.8774934
0.9076987
0.9023563
0.8350467
0.8178399
0.828182
0.8310021
0.8505834
0.8574934
0.8532526
0.8646527
0.87537
0.8799605
0.8802556
0.8682274
0.8618905
0.8627515
0.8591337
0.8292033
0.7883015
0.7829466
0.7755945
0.7566394
0.7638936
0.7805678
0.7801683
0.7700719
0.7697163
0.7739836
0.7794422
0.7795691
0.7603805
0.7406084
0.733768
0.7369094
0.7505183
0.7595733
0.75153
0.7478246
0.7460215
0.7418861
0.7572667
0.780399
0.7972749
0.799505
0.7972406
0.8050806
0.8047339
0.8044592
0.8010128
0.82546
0.8858632
0.8920946
0.86548
0.8534893
0.8527268
0.85095
0.8415706
0.8497641
0.8433601
0.8375818
0.8828674
0.9164478
0.89436
0.8639539
0.8650588
0.8659008
0.847062
0.8391264
0.8529862
0.8557273
0.863042
0.7289394
0.6379969
0.7404481
0.7481903
0.8113336
0.8735608
0.8483096
0.8451527
0.840195
0.8477818
0.8596987
0.8595468
0.8446512
0.8447318
0.8560741
0.8805015
0.8870337
0.8744086
0.8711365
0.8717261
0.8590061
0.8607932
0.8802756
0.8806369
0.8703237
0.8663891
0.8718947
0.8856975
0.8863188
0.8665079
0.8679044
0.8753186
0.8880162
0.919648
0.8891261
0.8032566
0.7732594
0.7711712
0.752665
0.7479553
0.7490357
0.7577827
0.7630294
0.7726169
0.7861539
0.7900585
0.7903475
0.7980268
0.8122945
0.8118288
0.8065387
0.7954855
0.7856152
0.7774657
0.7772958
0.7936915
0.8081127
0.7963152
0.7652197
0.7577386
0.7570168
0.7506297
0.7470167
0.7511553
0.7624255
0.7729107
0.7770871
0.778638
0.789634
0.7922044
0.7770902
0.7638088
0.7480285
0.7343569
0.7336237
0.723393
0.718113
0.719036
0.7231523
0.7500664
0.7789197
0.7913615
0.7876521
0.7765543
0.77863
0.7913046
0.803735
0.8061702
0.7921919
0.7684113
0.7673882
0.7836356
0.7769159
0.7593921
0.7468231
0.7406354
0.7371962
0.7373516
0.7426427
0.7495317
0.7529249
0.7532998
0.756806
0.7589436
0.7646874
0.770711
0.7646105
0.7535436
0.7467538
0.7399469
0.7490299
0.7646875
0.7526739
0.7410007
0.7393866
0.7326894
0.7296174
0.7349647
0.7438239
0.7501164
0.7536522
0.7520352
0.7524969
0.7607988
0.7632923
0.7577703
0.7521574
0.7547848
0.7594927
0.7597612
0.7588617
0.7429283
0.7273155
0.7259441
0.7259407
0.7262025
0.7345029
0.7450264
0.7476056
0.7463584
0.7457445
0.7473913
0.7539963
0.7606178
0.7555322
0.7435944
0.7278804
0.7149375
0.7134546
0.7088207
0.7038706
0.7039714
0.7053183
0.7141861
0.7278118
0.7400432
0.7487274
0.7586306
0.7645955
0.7801955
0.7882129
0.7785077
0.7866567
0.794105
0.7966116
0.7907929
0.7892545
0.7999943
0.789517
0.7677835
0.7537266
0.7487187
0.7494409
0.7571356
0.76646
0.7703732
0.7782077
0.7974118
0.8114202
0.807897
0.7981262
0.7822008
0.7687316
0.7631711
0.7635537
0.7894109
0.8100764
0.7856788
0.7604815
0.7566095
0.7522477
0.7501322
0.7530156
0.7547111
0.7532264
0.7540833
0.7568038
0.7626378
0.7678555
0.7614211
0.7531036
0.7432049
0.7290359
0.733713
0.7586801
0.7660712
0.7485472
0.7364024
0.7325204
0.7274292
0.7248907
0.7284312
0.7333974
0.7365864
0.737153
0.7370355
0.7378774
0.7403856
0.7389332
0.7288353
0.7295362
0.7334292
0.7365208
0.7562899
0.7781166
0.7781791
0.7640241
0.7598235
0.7608842
0.7579905
0.7596114
0.7707965
0.7784196
0.7875202
0.8077107
0.8157786
0.8058301
0.8011135
0.8093056
0.8060687
0.7913443
0.7773162
0.7551658
0.7501624
0.7578491
0.7527943
0.7430693
0.7319164
0.7222555
0.7226323
0.7313616
0.7328835
0.7315723
0.737764
0.7450112
0.7466182
0.7454606
0.7489514
0.7537775
0.7707789
0.7932413
0.7866738
0.7726208
0.7680898
0.7609211
0.7552233
0.7474089
0.7400019
0.7381766
0.7333255
0.7214286
0.7143231
0.7169529
0.7209113
0.7252664
0.7340204
0.7404471
0.7437562
0.7492736
0.7468592
0.7495466
0.7587338
0.752341
0.7444232
0.7491473
0.7588029
0.7615137
0.755219
0.7512991
0.757222
0.7565619
0.7511529
0.7607127
0.7704394
0.7714928
0.7759325
0.7784381
0.7801025
0.7835446
0.775607
0.7671909
0.7590391
0.7574206
0.7583933
0.752017
0.7522729
0.7636068
0.7811713
0.7778451
0.7673854
0.7596743
0.7500657
0.7479896
0.7414879
0.7350402
0.7317667
0.7250643
0.7259005
0.7305357
0.7316571
0.7343121
0.7344535
0.7370391
0.7383319
0.7381404
0.7362029
0.7300039
0.7316138
0.7349509
0.7329174
0.7301353
0.7312203
0.7357922
0.7446474
0.741663
0.7234152
0.7133729
0.7072532
0.7033554
0.7101667
0.7162325
0.7156684
0.7177054
0.7266501
0.7360416
0.7374208
0.7425083
0.7486766
0.7451107
0.7432858
0.7413009
0.7435606
0.7477853
0.7462619
0.7413312
0.7349194
0.7355763
0.7403642
0.7479956
0.7444664
0.7343793
0.7416025
0.7494854
0.7496074
0.7514851
0.7556655
0.763578
0.7644335
0.7577601
0.764458
0.7646357
0.7530263
0.7547157
0.7599127
0.7666183
0.7604966
0.7555082
0.7795521
0.8033631
0.8020716
0.7971058
0.7961389
0.7777803
0.7727027
0.7834892
0.7775535
0.7713786
0.7713369
0.7731427
0.7821365
0.7838115
0.7874474
0.7913185
0.783703
0.783006
0.7878725
0.7866011
0.7781693
0.7734525
0.7778925
0.7783412
0.7727919
0.7692912
0.7667242
0.7687447
0.774143
0.7777837
0.7768015
0.777825
0.7852213
0.7882738
0.7923379
0.7904187
0.786627
0.8023919
0.7962795
0.7643204
0.7465809
0.7307156
0.7250664
0.7381268
0.7461481
0.746799
0.7449947
0.7387419
0.7314072
0.7300777
0.7261646
0.7226333
0.7263321
0.7330179
0.7373876
0.7333156
0.7289501
0.7270438
0.7338859
0.7434743
0.7565318
0.7783915
0.7940283
0.8106565
0.8232306
0.8347735
0.8283229
0.8204283
0.8229167
0.8268956
0.8469938
0.8223984
0.785959
0.8458539
0.9751932
0.9012703
0.771352
0.8335034
0.8270416
0.7700824
0.7563582
0.7566847
0.7684836
0.7825919
0.8029974
0.7999359
0.792689
0.7845968
0.7749536
0.7632818
0.7469956
0.7374373
0.7438119
0.763326
0.7802641
0.7870768
0.792428
0.8081634
0.7996893
0.7769523
0.7846156
0.8062964
0.8288877
0.8396829
0.8485421
0.8505047
0.8736889
0.8367726
0.7997552
0.9225933
0.9611616
0.9084465
0.9085183
0.8928558
0.8565956
0.822144
0.8105271
0.8300938
0.8425326
0.841409
0.8496365
0.8628437
0.8767499
0.8839484
0.8790794
0.8660291
0.8685011
0.8541977
0.8166495
0.8108557
0.8269499
0.837678
0.8498461
0.8750008
0.8967978
0.9038467
0.9071092
0.9076473
0.9052905
0.9061066
0.9142721
0.9189846
0.9058774
0.8922005
0.8966336
0.8993513
0.8837275
0.9062176
0.9489773
0.9292286
0.9051034
0.9151748
0.911048
0.8776376
0.848084
0.8427515
0.8430025
0.8477145
0.8660017
0.875337
0.8663947
0.8635136
0.8773423
0.885168
0.8754718
0.8748461
0.8872072
0.9008778
0.9061506
0.9018056
0.9072743
0.9059261
0.89261
0.9000446
0.9083977
0.8948475
0.8909235
0.8962859
0.8914255
0.8824261
0.8726391
0.8801186
0.8870677
0.8791796
0.8827866
0.8929381
0.8921861
0.8861297
0.8906737
0.893323
0.865459
0.8366603
0.8328595
0.8363952
0.8560521
0.8765941
0.885535
0.8864931
0.8953083
0.9072169
0.9069752
0.9113166
0.9041798
0.8906487
0.8965773
0.9066324
0.9105052
0.9110007
0.9137292
0.9098426
0.9156042
0.92649
0.9061156
0.9031127
0.9130222
0.8915276
0.8822081
0.8999089
0.9034827
0.8803011
0.8345303
0.823283
0.8297766
0.8126724
0.8205119
0.8473048
0.8693805
0.8875185
0.9055738
0.9177089
0.9177294
0.9066617
0.9149955
0.9345298
0.9561669
0.9669953
0.9353593
0.9099426
0.9049073
0.912585
0.9210006
0.9159972
0.9054162
0.9041542
0.915619
0.9131353
0.9022204
0.9003822
0.8968347
0.8906724
0.8725589
0.8418837
0.8318533
0.8414856
0.8578905
0.8669589
0.8650308
0.8696732
0.8780131
0.8818222
0.8797182
0.8688121
0.8688085
0.8841957
0.8919996
0.8830349
0.8783863
0.8809543
0.9004971
0.9222889
0.9081296
0.9012168
0.9022786
0.8998585
0.9058976
0.9068046
0.8996413
0.8985543
0.9072867
0.9024386
0.8878029
0.8908192
0.89129
0.8804017
0.8889597
0.897698
0.8943705
0.8905042
0.8977995
0.9071095
0.8991594
0.8893785
0.884613
0.8771059
0.8769513
0.8870768
0.8912687
0.8931409
0.8966191
0.8917385
0.8902635
0.8797838
0.8959857
0.9312581
0.9184188
0.9104148
0.9229164
0.8966606
0.9233522
0.8634982
0.8103605
0.9546206
0.9306363
0.8657934
0.8656025
0.8392384
0.838641
0.8105802
0.7922229
0.7963473
0.817925
0.8253037
0.8167898
0.8092159
0.7995584
0.7929939
0.7875747
0.7751131
0.7688538
0.7721925
0.7880867
0.8214817
0.8448961
0.8542406
0.8748075
0.8917631
0.8829453
0.8654279
0.780033
0.8022154
0.9595036
0.9550542
0.9212935
0.9365317
0.9292674
0.9263974
0.9038616
0.8953612
0.8986619
0.9224813
0.9475025
0.9322634
0.9136103
0.8899918
0.8675281
0.8594733
0.8806069
0.8934363
0.8663014
0.848999
0.8507077
0.864904
0.8739395
0.8720651
0.8866699
0.8971607
0.9013427
0.9162905
0.9098144
0.9019321
0.9032976
0.89886
0.8961666
0.8994364
0.9041088
0.9049407
0.9060379
0.9013755
0.9039782
0.9077965
0.8935183
0.8903385
0.9035333
0.9042808
0.8937103
0.8866714
0.8866922
0.8869716
0.8829059
0.881497
0.866685
0.8398653
0.8237104
0.818913
0.8312752
0.851351
0.8754474
0.8863628
0.8822394
0.8714552
0.8865861
0.9494075
0.9701574
0.9365378
0.9105754
0.9122266
0.9218087
0.9009413
0.8959888
0.9156832
0.9121977
0.9033558
0.8817422
0.8735798
0.8840671
0.8786019
0.8793893
0.8907341
0.8999139
0.9005344
0.899883
0.9086991
0.9222149
0.9224712
0.9139121
0.9135724
0.9106728
0.9137085
0.9225198
0.9278883
0.927048
0.9215208
0.9259628
0.9205088
0.9172514
0.9106335
0.9224251
0.9468501
0.9261062
0.9104776
0.8938311
0.8701136
0.8671307
0.8657994
0.8653653
0.8688878
0.8583777
0.8383522
0.8324041
0.8369471
0.8372544
0.8353058
0.8353436
0.8260184
0.8143747
0.8111176
0.817397
0.8163108
0.8037723
0.8034325
0.8101028
0.8073691
0.7929224
0.7788228
0.7878764
0.7963647
0.7942778
0.8032469
0.8055216
0.8032276
0.8200403
0.8322006
0.8233392
0.8174331
0.8118263
0.8036422
0.8060025
0.8117058
0.8041904
0.810358
0.8283411
0.8202021
0.8268117
0.8398535
0.8110652
0.7942837
0.8086564
0.8189755
0.8282861
0.8452616
0.8476509
0.8426572
0.8816819
0.915421
0.9115002
0.8952802
0.8744531
0.860544
0.8553825
0.8619268
0.8598541
0.8561979
0.8661912
0.8540867
0.8550107
0.8827195
0.8691974
0.8480843
0.822122
0.79226
0.7992485
0.8163061
0.8241685
0.8256871
0.8341952
0.8541288
0.8690143
0.8648292
0.8614079
0.8651067
0.857148
0.8496454
0.8482008
0.8570386
0.8556414
0.8379593
0.8730069
0.9203222
0.9259475
0.9228633
0.9203903
0.9005192
0.9073949
0.896852
0.9406366
0.8988397
0.7671987
0.8828722
0.8895496
0.8020903
0.8025519
0.7658862
0.7543261
0.754724
0.7552382
0.7502149
0.7475845
0.7322778
0.7157288
0.7093369
0.7036744
0.7028221
0.7038833
0.7021122
0.7009573
0.7044654
0.7126002
0.7158146
0.7142679
0.710405
0.712557
0.7189261
0.7133273
0.7129731
0.7172114
0.7104419
0.7039321
0.703316
0.7024047
0.6963294
0.6932531
0.6979892
0.7005375
0.6950918
0.6892355
0.6834441
0.6723126
0.6687274
0.6652433
0.657317
0.6569173
0.6568875
0.6540068
0.6477417
0.6437499
0.6397586
0.6346108
0.6334397
0.6325383
0.6292296
0.6282483
0.6261566
0.6211285
0.622234
0.6200571
0.617625
0.61687
0.6133422
0.609402
0.6059001
0.6073171
0.607316
0.6070197
0.6043993
0.6011113
0.6017976
0.6000349
0.5992342
0.5973861
0.5949293
0.5961427
0.5933638
0.591194
0.5915106
0.5873075
0.5873193
0.5881392
0.5816283
0.5790157
0.578569
0.5778137
0.5756554
0.5694479
0.5701815
0.5689854
0.5667367
0.5679017
0.5639161
0.5625417
0.5620988
0.561214
0.559372
0.5569842
0.556903
0.5550195
0.5564029
0.5559845
0.5533994
0.5535003
0.5502457
0.5481282
0.5465553
0.5469712
0.5497519
0.5458158
0.5427035
0.5431532
0.5440357
0.5436405
0.5414989
0.5404802
0.53955
0.5406323
0.5400049
0.5371194
0.5359359
0.535039
0.5350857
0.533631
0.5304723
0.5307915
0.5320431
0.5297479
0.5274621
0.5275818
0.5273356
0.5278246
0.526862
0.5242806
0.5237985
0.5253356
0.5253719
0.521509
0.5220779
0.5245344
0.522365
0.5207994
0.5190128
0.521641
0.5225206
0.5188359
0.5192392
0.5174547
0.5192268
0.5199846
0.5185753
0.5179474
0.5175547
0.5202714
0.5184203
0.5169256
0.5157635
0.5134229
0.5147812
0.519354
0.5189895
0.5164359
0.5141691
0.5145003
0.5181843
0.5143359
0.5101034
0.5098807
0.5124277
0.513062
0.511183
0.5084856
0.5092067
0.5112395
0.5099651
0.5077288
0.5044694
0.5091732
0.5097484
0.5058587
0.5048371
0.5045441
0.5062899
0.5045031
0.5027025
0.5055866
0.5080835
0.5068529
0.502926
0.5015661
0.5055007
0.506078
0.5074246
0.5091085
0.505835
0.5044175
0.5078412
0.5108571
0.5066859
0.5039194
0.5059854
0.5047625
0.5046017
0.5028681
0.5017243
0.5040494
0.5039174
0.5008007
0.5008113
0.5027837
0.5001332
0.498005
0.4969724
0.5005354
0.500586
0.4980159
0.4964928
0.495002
0.4979745
0.496589
0.4936875
0.4933017
0.4926848
0.4934775
0.4966069
0.4959041
0.4933941
0.4913578
0.4933116
0.4961079
0.4917133
0.4897187
0.4923361
0.4968045
0.4954389
0.4921104
0.4994686
0.5047313
0.5078417
0.5083061
0.5074017
0.5147632
0.5209477
0.5217759
0.5168981
0.5158301
0.5144038
0.5122897
0.5133522
0.5161936
0.5226412
0.5273393
0.5338741
0.5364997
0.5346545
0.5377086
0.5409478
0.5433023
0.5476589
0.5513048
0.5524695
0.5537706
0.5628059
0.5727093
0.5783226
0.5802572
0.5765695
0.5893414
0.6117667
0.6095205
0.6071827
0.6230345
0.6342599
0.6353787
0.641512
0.6565358
0.6669273
0.6619914
0.6582119
0.6691371
0.6626785
0.6610117
0.6514664
0.6118845
0.60077
0.6029825
0.596329
0.5893223
0.5853465
0.5865294
0.5886988
0.588861
0.5862907
0.5868925
0.5935652
0.6021823
0.5999217
0.5946571
0.593162
0.5887062
0.581092
0.5741843
0.5720426
0.5719465
0.5743257
0.5730123
0.5716439
0.5808122
0.5897023
0.5920975
0.5951746
0.5997069
0.5988418
0.5942121
0.5964601
0.6000045
0.5945845
0.5921407
0.5991299
0.6044201
0.6067134
0.6125244
0.6171083
0.6189718
0.6231974
0.6332484
0.6533689
0.6584232
0.6615848
0.6900819
0.693616
0.6720347
0.6704229
0.67251
0.6510737
0.6471964
0.6648015
0.6519894
0.6336345
0.6325666
0.6524435
0.6994059
0.7255465
0.7101119
0.7109474
0.7399689
0.7467687
0.7344783
0.7368193
0.7444404
0.7266132
0.716106
0.7420199
0.7320677
0.6804455
0.6760246
0.6938545
0.6821482
0.6798415
0.7095487
0.7491005
0.7546618
0.7393748
0.7525985
0.7553194
0.7308972
0.7360037
0.7444479
0.7229383
0.7419538
0.8137234
0.8241201
0.7668977
0.7414378
0.7252003
0.7013588
0.71728
0.7308311
0.7026524
0.7185136
0.7678549
0.751881
0.725259
0.7310198
0.7221576
0.7215348
0.7598875
0.7819728
0.7616944
0.7528449
0.7558693
0.7281733
0.7086466
0.7052349
0.6840023
0.6705857
0.6802645
0.6921145
0.688918
0.6804981
0.7000375
0.7384157
0.746984
0.7232008
0.7275884
0.7751839
0.7682913
0.7153746
0.7155662
0.7255239
0.7107779
0.7182679
0.7547469
0.7811776
0.7587387
0.72517
0.7333263
0.7735644
0.8012161
0.7842981
0.7470405
0.7621494
0.805659
0.7959099
0.7787374
0.8096966
0.8386585
0.8076558
0.7636581
0.769265
0.8005197
0.7947913
0.7776979
0.8044408
0.8124418
0.7770998
0.7491378
0.7261498
0.7092002
0.7193062
0.7235706
0.7107487
0.7325917
0.7584967
0.7531116
0.7584079
0.759644
0.7680624
0.7896182
0.7759864
0.7568254
0.7775765
0.8069297
0.7974661
0.7803278
0.7963825
0.795074
0.777782
0.7905338
0.7763016
0.7506582
0.7544941
0.7482941
0.7374248
0.735836
0.7428068
0.7674121
0.7890565
0.7981499
0.7998646
0.7820601
0.7774032
0.7988939
0.8096787
0.7894774
0.7593149
0.7545771
0.7707373
0.7981347
0.8036872
0.7938682
0.8282419
0.8425271
0.8175598
0.8068594
0.8068501
0.8131013
0.7920665
0.766262
0.7940694
0.8193304
0.8084547
0.8011356
0.7842657
0.7717976
0.7658247
0.7550455
0.7641874
0.7881437
0.800277
0.7742764
0.7492758
0.764409
0.7788312
0.7772379
0.7723446
0.7647922
0.7615233
0.7749207
0.7853186
0.769695
0.7565536
0.7521169
0.7561017
0.7764022
0.7893139
0.7862874
0.7842118
0.8069039
0.8210815
0.7979996
0.8073426
0.8352781
0.8138945
0.7974549
0.8024597
0.7785759
0.7521166
0.7452605
0.7361213
0.7286756
0.7372151
0.7414386
0.7392284
0.7438229
0.7402652
0.7332855
0.7384455
0.7494395
0.7394614
0.7240657
0.7262648
0.7205716
0.7190304
0.7240615
0.7221094
0.7263762
0.7334327
0.7318459
0.7343024
0.7409967
0.7376435
0.7247043
0.7186777
0.7230368
0.7216412
0.7307945
0.744221
0.7499511
0.7491918
0.754283
0.7614627
0.7520386
0.7580943
0.7782627
0.790548
0.7936744
0.7792503
0.7502903
0.7289763
0.7211847
0.7159212
0.7143642
0.7122965
0.7111389
0.7104782
0.709915
0.711968
0.7108099
0.7060297
0.7033528
0.7091606
0.7176044
0.7166371
0.7128207
0.70198
0.696819
0.7103561
0.7133565
0.7136445
0.7144042
0.7066481
0.706056
0.7074495
0.6956525
0.6909998
0.6997643
0.7095827
0.7268574
0.7436518
0.7608853
0.7831039
0.7914416
0.7866242
0.7801333
0.7797544
0.7827098
0.7780186
0.7944868
0.8076599
0.7832229
0.7656155
0.7642622
0.7729166
0.7830619
0.782868
0.801153
0.8165177
0.8094425
0.8205129
0.8259354
0.8036959
0.7951147
0.8094992
0.8171791
0.8162318
0.8299003
0.8451327
0.8508273
0.8494679
0.847134
0.853145
0.8596255
0.8521284
0.8440572
0.8569729
0.8599476
0.8508584
0.8446386
0.8344449
0.8211436
0.8105543
0.8097846
0.8155684
0.8322265
0.8389272
0.8392451
0.8641815
0.8704176
0.8568976
0.8661962
0.8746174
0.8690971
0.8452539
0.8415178
0.8477644
0.8259958
0.8187804
0.8181373
0.8157622
0.8200408
0.8207829
0.8180239
0.8241024
0.831959
0.8221105
0.8184762
0.8261288
0.8309694
0.839301
0.8440504
0.8519284
0.8713068
0.8703064
0.8589913
0.8678396
0.8762872
0.8733882
0.8665171
0.874104
0.8812259
0.8772753
0.887746
0.8959985
0.8908413
0.8931021
0.8971425
0.875949
0.8549837
0.8553341
0.8486003
0.8402999
0.8451927
0.8615222
0.8699263
0.8641256
0.8667075
0.8773057
0.8809467
0.8837081
0.9000732
0.9015764
0.8859674
0.8883928
0.8912977
0.8861631
0.8903614
0.9041239
0.906152
0.897438
0.9035357
0.9150638
0.910654
0.889903
0.8830022
0.8783277
0.8587714
0.8536539
0.8646186
0.8750529
0.8729522
0.864357
0.8698177
0.8705035
0.8667014
0.8832411
0.8785779
0.861268
0.8695924
0.858497
0.845179
0.8556572
0.8508979
0.8465953
0.8586371
0.8689478
0.8683116
0.8729901
0.8866572
0.9018573
0.9031611
0.891446
0.902333
0.8994323
0.8834178
0.8901315
0.8738965
0.8547703
0.8590321
0.849734
0.8393894
0.849664
0.8603231
0.8527667
0.8428996
0.8312455
0.8229657
0.8327279
0.8448249
0.8476425
0.8408784
0.8380121
0.8362097
0.8077548
0.7792785
0.7730355
0.7688699
0.7585779
0.7468195
0.7392225
0.7362206
0.7434124
0.7498779
0.7512992
0.7547364
0.7615884
0.7736352
0.7917855
0.8019507
0.7888576
0.767457
0.7518388
0.7380596
0.7284861
0.7256831
0.7265335
0.722762
0.7099927
0.7039644
0.7048036
0.702049
0.6990752
0.695765
0.6812073
0.6713126
0.6756724
0.6736711
0.6675504
0.6600861
0.6555908
0.6529255
0.6505933
0.6511979
0.6486815
0.6442355
0.6387363
0.6332983
0.6287623
0.6275253
0.625057
0.6234517
0.6231804
0.6198663
0.6249763
0.6346643
0.6380273
0.6390322
0.6421292
0.6446484
0.6442678
0.6449255
0.6425622
0.6343305
0.6268568
0.6244957
0.626626
0.6293109
0.6373137
0.655094
0.6713359
0.696138
0.7214411
0.7324732
0.740271
0.7412666
0.74666
0.7423935
0.7352491
0.7448793
0.7461052
0.7457427
0.752121
0.7501319
0.7397266
0.7271898
0.7149221
0.7085929
0.7074385
0.7065593
0.7132413
0.7333787
0.7495864
0.7519912
0.7633796
0.7719523
0.7673219
0.7757864
0.7907963
0.7865926
0.7730306
0.7727482
0.7735919
0.7784968
0.7789439
0.7729337
0.7906988
0.7952765
0.8019718
0.7819605
0.6934695
0.6093923
0.6652464
0.8042368
0.8436151
0.7863278
0.639277
0.6178692
0.7161141
0.8458607
0.7968945
0.6654972
0.6615695
0.5701517
0.6124407
0.65772
0.6081515
0.6736891
0.8051037
0.8366073
0.8117293
0.8137766
0.8056426
0.803579
0.7978079
0.7928958
0.7716791
0.7709041
0.7895646
0.7822215
0.7928945
0.792859
0.8381755
0.7865563
0.6169419
0.5358106
0.5889798
0.7671787
0.8669947
0.7443456
0.6004447
0.7550249
0.8338857
0.7947459
0.8182342
0.8048979
0.8020804
0.7832508
0.7778341
0.7854577
0.7697917
0.8165491
0.7803523
0.6639991
0.7627937
0.8219434
0.8008479
0.8128556
0.7997943
0.7965972
0.7940834
0.7911967
0.7829583
0.7737883
0.7722731
0.7762446
0.7668238
0.7526009
0.744635
0.7371835
0.7300295
0.7305697
0.7375062
0.7332345
0.7189698
0.7149024
0.7135075
0.7064889
0.6972838
0.6856914
0.6810692
0.6828457
0.6797221
0.6722511
0.6681292
0.6667836
0.6675238
0.6648034
0.655136
0.6482144
0.644806
0.6411472
0.6368302
0.6399808
0.6298008
0.6395181
0.6189675
0.6622903
0.573505
0.4321498
0.5202761
0.4335451
0.5516241
0.5995509
0.4582546
0.6590427
0.5392769
0.4191839
0.5977797
0.5277723
0.5115936
0.6220148
0.5378714
0.481122
0.5563733
0.5512647
0.5601119
0.5690107
0.5473226
0.5794218
0.552388
0.5707913
0.631864
0.57618
0.5413982
0.621819
0.6217744
0.5975144
0.5432111
0.5400889
0.5946261
0.5543261
0.666564
0.6694584
0.5232019
0.4696283
0.4961078
0.5475974
0.5342818
0.5011078
0.48584
0.5206547
0.4853438
0.4151586
0.5208559
0.572404
0.5326655
0.534716
0.4551382
0.5066122
0.5769155
0.5534157
0.5334448
0.4918895
0.4556732
0.4737086
0.5102124
0.4845952
0.4646675
0.5432852
0.614292
0.5162638
0.5198642
0.533725
0.4543675
0.5229828
0.6149985
0.5563932
0.5338218
0.4580588
0.4209868
0.5408702
0.4547552
0.5611642
0.6257301
0.4539856
0.5323276
0.5051656
0.4011276
0.3927048
0.4091424
0.4521825
0.4184909
0.5671939
0.6228026
0.4638304
0.5280693
0.5861756
0.5066078
0.4586489
0.4705403
0.5086495
0.5152447
0.5061736
0.5452943
0.4883279
0.2613524
0.3373731
0.4912814
0.3647742
0.3493868
0.4773662
0.6648312
0.4919039
0.293045
0.5081531
0.5218828
0.496513
0.4682727
0.3553615
0.4523224
0.3118021
0.2978785
0.4224401
0.3423987
0.4371687
0.5308501
0.5988145
0.4452817
0.2938874
0.387661
0.2764958
0.3215058
0.412105
0.3698583
0.4044769
0.3640312
0.4202393
0.3215147
0.2441802
0.2778433
0.2540693
0.2612902
0.258269
0.2764055
0.2614236
0.2624358
0.2570268
0.2604422
0.2752964
0.2619921
0.2621394
0.2571911
0.2603325
0.2754033
0.2618377
0.2624144
0.2566657
0.2613563
0.2733977
0.2657719
0.2725826
0.2633714
0.2614436
0.2575321
0.2601853
0.2754261
0.2619284
0.2621674
0.2571857
0.2603177
0.2754452
0.2617489
0.262592
0.2574335
0.2615167
0.2733515
0.2657258
0.2727427
0.2641397
0.2616202
0.2574452
0.2602235
0.2754186
0.2619088
0.2622232
0.2570672
0.2605549
0.2749775
0.262668
0.2786762
0.2782441
0.2633041
0.2738371
0.262738
0.2617548
0.2573959
0.2602106
0.2754998
0.2617211
0.2626062
0.2574263
0.2615204
0.2733496
0.2657269
0.272742
0.2641404
0.2616191
0.2574471
0.2602199
0.2754258
0.2618947
0.2622509
0.2570129
0.2606614
0.2747684
0.2630784
0.2778707
0.2798248
0.2602016
0.2799259
0.2776208
0.263595
0.273741
0.2626846
0.2619829
0.2568854
0.2612446
0.2734542
0.265744
0.272595
0.2633686
0.2614381
0.2575484
0.2601505
0.2754961
0.2617904
0.2624385
0.2566534
0.2613626
0.2733945
0.2657735
0.2725817
0.2633719
0.2614431
0.2575327
0.2601844
0.275428
0.2619248
0.2621744
0.2571721
0.2603446
0.2753925
0.2618523
0.2623891
0.2578318
0.260735
0.2748856
0.2627149
0.2786519
0.278257
0.2632962
0.2738434
0.2627301
0.261768
0.2573712
0.2602585
0.2754061
0.2619047
0.2622458
0.2570155
0.2606602
0.2747688
0.2630786
0.2778697
0.279827
0.2601972
0.2799347
0.2776036
0.2636289
0.2736744
0.2628153
0.2617265
0.2573886
0.260257
0.2753925
0.2619399
0.2621726
0.2571614
0.2603728
0.2753335
0.2619699
0.2621573
0.2571691
0.260369
0.2753351
0.2619697
0.2621562
0.2571721
0.2603627
0.2753477
0.2619449
0.2622048
0.2570766
0.2605501
0.2749798
0.262667
0.2786763
0.2782448
0.2633022
0.2738409
0.2627305
0.2617697
0.2573666
0.2602681
0.2753869
0.2619426
0.2621714
0.2571615
0.2603735
0.2753314
0.2619743
0.2621485
0.2571864
0.2603349
0.2754021
0.2618383
0.2624141
0.2566658
0.2613563
0.2733976
0.2657721
0.2725821
0.2633724
0.2614414
0.2575363
0.2601771
0.2754423
0.2618967
0.2622294
0.257064
0.2605567
0.2749761
0.2626695
0.2786738
0.2782484
0.2632958
0.2738532
0.2627064
0.2618168
0.2572743
0.2604494
0.2750311
0.2626408
0.2786897
0.2782379
0.2633059
0.2738387
0.2627322
0.2617677
0.25737
0.2602618
0.2753991
0.2619188
0.2622182
0.2570698
0.2605536
0.274978
0.2626679
0.2786758
0.278245
0.2633021
0.273841
0.2627303
0.2617701
0.257366
0.2602693
0.2753845
0.2619472
0.2621623
0.2571794
0.2603385
0.2754003
0.2618392
0.2624136
0.2566661
0.2613561
0.2733978
0.2657719
0.2725825
0.2633716
0.2614431
0.257533
0.2601836
0.2754296
0.2619216
0.2621807
0.2571596
0.2603691
0.2753445
0.2619466
0.2622041
0.2570768
0.2605503
0.2749793
0.2626682
0.2786739
0.2782495
0.2632928
0.2738593
0.2626942
0.2618408
0.2572271
0.260542
0.2748495
0.2629973
0.27799
0.279611
0.2606109
0.2791279
0.2791844
0.2605278
0.2797602
0.2777045
0.263554
0.2737588
0.2626816
0.2619726
0.256914
0.2611843
0.2735747
0.2655065
0.2730617
0.2646885
0.2610626
0.2571568
0.2603759
0.2753302
0.2619749
0.2621482
0.2571865
0.2603349
0.275402
0.2618386
0.2624135
0.2566671
0.2613537
0.2734028
0.265762
0.2726019
0.2633335
0.2615178
0.2573864
0.2604712
0.274865
0.2630296
0.2778947
0.2798144
0.2602034
0.2799319
0.2776042
0.2636302
0.2736707
0.2628231
0.2617108
0.2574196
0.260196
0.2755121
0.2617051
0.2626334
0.257375
0.2616199
0.2731548
0.2661088
0.2719927
0.264493
0.2771493
0.2801936
0.2600114
0.2800275
0.27756
0.2636438
0.2736812
0.2627836
0.261798
0.2572437
0.2605439
0.2748281
0.2630483
0.2778853
0.2798188
0.260202
0.279931
0.2776078
0.2636222
0.2736869
0.2627911
0.2617737
0.2572962
0.2604384
0.2750364
0.2626388
0.2786894
0.2782404
0.2632998
0.2738513
0.2627071
0.2618171
0.2572729
0.2604525
0.2750248
0.2626532
0.2786652
0.2782859
0.2632116
0.2740238
0.2634869
0.2619528
0.2572756
0.2603101
0.2753742
0.2619321
0.2622102
0.2570762
0.2605456
0.2749913
0.2626431
0.2787239
0.2781509
0.2634866
0.2734789
0.2634409
0.2782639
0.2784903
0.2631075
0.2740766
0.2634604
0.2619656
0.2572705
0.2603098
0.2753799
0.2619182
0.2622388
0.2570194
0.2606575
0.2747716
0.2630743
0.2778775
0.2798122
0.2602261
0.279878
0.2777147
0.2634108
0.2741026
0.261975
0.2633757
0.2541521
0.2666091
