1.104
1.101
1.099
1.085
1.081
1.085
1.079
1.076
1.085
1.094
1.071
1.072
1.082
1.092
1.094
1.101
1.106
1.103
1.103
1.083
1.091
1.09
1.102
1.092
1.08
1.091
1.078
1.067
1.063
1.057
1.069
1.056
1.063
1.084
1.086
1.083
1.083
1.095
1.094
1.072
1.074
1.071
1.073
1.078
1.07
1.077
1.09
1.099
1.098
1.093
1.097
1.089
1.086
1.085
1.082
1.068
1.067
1.069
1.072
1.082
1.07
1.088
1.09
1.115
1.115
1.109
1.111
1.116
1.118
1.108
1.113
1.116
1.115
1.101
1.098
1.103
1.086
1.068
1.071
1.074
1.064
1.045
1.039
1.058
1.058
1.06
1.051
1.07
1.077
1.07
1.059
1.07
1.082
1.093
1.085
1.089
1.091
1.083
1.077
1.087
1.094
1.095
1.068
1.064
1.067
1.078
1.071
1.078
1.069
1.062
1.06
1.056
1.076
1.064
1.063
1.053
1.05
1.044
1.049
1.061
1.062
1.069
1.08
1.075
1.067
1.049
1.051
1.055
1.069
1.065
1.05
1.055
1.062
1.063
1.08
1.052
1.088
1.082
1.087
1.078
1.08
1.089
1.103
1.091
1.085
1.084
1.092
1.083
1.08
1.078
1.084
1.095
1.092
1.087
1.088
1.097
1.084
1.09
1.094
1.088
1.085
1.096
1.096
1.058
0.967
0.948
1
1.017
1.034
1.046
1.031
1.05
1.041
1.049
1.042
1.025
1.024
1.024
1.015
1.005
1.027
1.022
1.023
1.024
1.022
1.025
1.029
1.029
1.03
1.041
1.054
1.058
1.058
1.06
1.069
1.073
1.05
1.043
1.05
1.062
1.065
1.072
1.057
1.071
1.086
1.091
1.097
1.096
1.094
1.104
1.086
1.083
1.074
1.072
1.067
1.061
1.057
1.055
1.049
1.051
1.051
1.047
1.033
1.053
1.073
1.064
1.067
1.063
1.063
1.05
1.055
1.063
1.069
1.074
1.067
1.083
1.076
1.07
1.065
1.068
1.074
1.071
1.079
1.093
1.106
1.095
1.091
1.102
1.107
1.1
1.121
1.145
1.145
1.13
1.125
1.139
1.109
1.092
1.105
1.109
1.124
1.115
1.115
1.115
1.101
1.096
0.9937513
0.9905634
0.9873661
1.1
0.9809575
0.9777532
0.9745537
0.9713625
0.9681831
0.9650191
0.961874
0.9587513
0.9556547
0.9525876
0.9495536
1.055
0.991
0.991
0.958
0.953
0.927
0.895
0.91
0.903
0.888
0.887
0.887
0.862
0.819
0.799
0.782
0.772
0.789
0.791
0.791
0.789
0.779
0.779
0.77
0.779
0.798
0.809
0.821
0.801
0.785
0.759
0.747
0.734
0.724
0.717
0.721
0.708
0.711
0.71
0.702
0.701
0.7
0.699
0.694
0.696
0.695
0.688
0.688
0.685
0.681
0.678
0.687
0.677
0.678
0.68
0.679
0.681
0.674
0.673
0.67
0.668
0.666
0.666
0.665
0.656
0.652
0.652
0.651
0.644
0.648
0.642
0.646
0.648
0.64
0.644
0.639
0.637
0.629
0.625
0.625
0.62
0.617
0.615
0.615
0.607
0.607
0.6
0.597
0.597
0.599
0.587
0.592
0.588
0.59
0.581
0.58
0.582
0.579
0.571
0.574
0.575
0.57
0.57
0.564
0.561
0.551
0.566
0.56
0.559
0.552
0.556
0.551
0.554
0.545
0.545
0.545
0.541
0.54
0.537
0.536
0.534
0.533
0.528
0.525
0.528
0.527
0.524
0.521
0.521
0.519
0.522
0.516
0.514
0.518
0.518
0.511
0.513
0.514
0.512
0.509
0.509
0.508
0.512
0.508
0.505
0.506
0.505
0.506
0.502
0.5
0.501
0.504
0.503
0.5
0.5
0.499
0.503
0.5
0.497
0.5
0.499
0.499
0.493
0.495
0.498
0.493
0.491
0.492
0.493
0.491
0.489
0.487
0.488
0.493
0.488
0.486
0.488
0.487
0.486
0.482
0.483
0.483
0.485
0.48
0.48
0.481
0.483
0.48
0.482
0.478
0.483
0.478
0.479
0.481
0.478
0.479
0.482
0.48
0.478
0.476
0.482
0.481
0.479
0.477
0.476
0.477
0.477
0.472
0.471
0.474
0.473
0.472
0.471
0.469
0.47
0.472
0.469
0.467
0.466
0.467
0.469
0.462
0.461
0.466
0.464
0.46
0.462
0.458
0.464
0.46
0.458
0.456
0.459
0.458
0.457
0.456
0.4717194
0.553
0.462
0.452
0.451
0.451
0.453
0.454
0.451
0.451
0.449
0.452
0.451
0.451
0.449
0.45
0.451
0.453
0.453
0.457
0.455
0.459
0.461
0.466
0.466
0.47
0.468
0.473
0.474
0.479
0.478
0.48
0.482
0.481
0.482
0.487
0.487
0.488
0.49
0.492
0.492
0.492
0.493
0.496
0.494
0.496
0.492
0.494
0.5
0.513
0.506
0.522
0.516
0.525
0.522
0.526
0.527
0.529
0.531
0.535
0.536
0.538
0.541
0.547
0.548
0.55
0.557
0.557
0.562
0.565
0.572
0.583
0.575
0.58
0.569
0.548
0.536
0.537
0.539
0.541
0.547
0.544
0.552
0.553
0.556
0.559
0.56
0.558
0.556
0.557
0.554
0.551
0.436
0.5462803
0.553
0.541
0.538
0.533
0.527
0.529
0.467
0.6
0.538
0.542
0.545
0.546
0.55
0.547
0.549
0.548
0.547
0.555
0.553
0.555
0.548
0.555
0.555
0.559
0.56
0.562
0.569
0.57
0.57
0.572
0.57
0.575
0.573
0.578
0.575
0.573
0.574
0.572
0.567
0.571
0.576
0.583
0.586
0.591
0.594
0.588
0.594
0.582
0.58
0.579
0.589
0.592
0.599
0.605
0.603
0.614
0.62
0.625
0.625
0.622
0.63
0.631
0.631
0.63
0.621
0.628
0.625
0.629
0.631
0.643
0.657
0.664
0.675
0.67
0.67
0.669
0.669
0.666
0.686
0.671
0.68
0.671
0.666
0.665
0.672
0.683
0.69
0.685
0.663
0.703
0.736
0.708
0.7
0.692
0.684
0.673
0.685
0.685
0.692
0.689
0.7
0.709
0.709
0.7
0.704
0.699
0.707
0.704
0.708
0.703
0.694
0.699
0.7
0.708
0.705
0.709
0.708
0.708
0.706
0.703
0.696
0.709
0.705
0.712
0.7
0.71
0.71
0.724
0.719
0.713
0.726
0.717
0.72
0.711
0.731
0.723
0.73
0.73
0.725
0.729
0.725
0.733
0.736
0.735
0.749
0.756
0.762
0.764
0.762
0.762
0.76
0.758
0.754
0.77
0.77
0.797
0.788
0.806
0.788
0.799
0.796
0.778
0.79
0.772
0.775
0.772
0.759
0.77
0.768
0.77
0.747
0.752
0.75
0.766
0.756
0.753
0.773
0.77
0.796
0.79
0.811
0.798
0.81
0.798
0.806
0.822
0.828
0.825
0.809
0.812
0.82
0.821
0.819
0.816
0.801
0.803
0.802
0.807
0.789
0.818
0.806
0.833
0.796
0.84
0.833
0.848
0.839
0.834
0.826
0.845
0.853
0.845
0.829
0.846
0.842
0.84
0.839
0.828
0.843
0.833
0.838
0.827
0.828
0.834
0.821
0.822
0.809
0.823
0.835
0.858
0.874
0.854
0.863
0.849
0.851
0.847
0.837
0.84
0.829
0.827
0.809
0.821
0.809
0.812
0.802
0.798
0.813
0.802
0.805
0.795
0.802
0.797
0.801
0.79
0.79
0.787
0.789
0.788
0.791
0.802
0.81
0.822
0.817
0.818
0.833
0.833
0.851
0.848
0.846
0.848
0.845
0.837
0.831
0.821
0.814
0.81
0.802
0.809
0.827
0.831
0.849
0.851
0.855
0.881
0.903
0.892
0.888
0.896
0.86
0.856
0.864
0.858
0.852
0.855
0.856
0.844
0.849
0.827
0.857
0.857
0.874
0.882
0.876
0.896
0.879
0.879
0.858
0.888
0.886
0.896
0.891
0.881
0.886
0.891
0.89
0.888
0.877
0.882
0.86
0.862
0.851
0.844
0.858
0.874
0.887
0.893
0.869
0.887
0.906
0.919
0.874
0.85
0.88
0.904
0.917
0.911
0.862
0.821
0.802
0.808
0.823
0.831
0.856
0.875
0.866
0.868
0.881
0.888
0.89
0.904
0.89
0.905
0.914
0.925
0.923
0.87
0.947
0.906
0.904
0.883
0.882
0.891
0.882
0.872
0.894
0.906
0.912
0.899
0.88
0.89
0.901
0.9
0.9
0.877
0.876
0.913
0.916
0.909
0.897
0.907
0.889
0.868
0.892
0.887
0.895
0.902
0.907
0.896
0.878
0.842
0.83
0.792
0.791
0.792
0.791
0.793
0.799
0.794
0.808
0.809
0.803
0.8
0.798
0.799
0.773
0.758
0.756
0.754
0.759
0.759
0.753
0.754
0.753
0.755
0.757
0.762
0.756
0.757
0.75
0.748
0.758
0.752
0.767
0.773
0.758
0.75
0.74
0.726
0.725
0.723
0.733
0.73
0.736
0.729
0.744
0.735
0.75
0.733
0.736
0.725
0.73
0.734
0.737
0.733
0.733
0.734
0.743
0.735
0.734
0.725
0.726
0.721
0.718
0.716
0.713
0.733
0.758
0.771
0.775
0.774
0.79
0.768
0.786
0.797
0.775
0.758
0.739
0.737
0.727
0.725
0.728
0.725
0.717
0.718
0.707
0.701
0.705
0.703
0.7
0.697
0.699
0.698
0.694
0.693
0.696
0.698
0.703
0.706
0.713
0.708
0.706
0.697
0.707
0.706
0.71
0.712
0.713
0.706
0.695
0.697
0.695
0.689
0.689
0.694
0.698
0.703
0.704
0.704
0.708
0.708
0.707
0.697
0.685
0.67
0.672
0.684
0.706
0.709
0.728
0.731
0.735
0.736
0.732
0.729
0.732
0.728
0.735
0.749
0.746
0.728
0.731
0.733
0.741
0.74
0.738
0.727
0.723
0.733
0.744
0.753
0.769
0.79
0.818
0.815
0.638
0.7342609
0.777
0.739
0.753
0.768
0.784
0.777
0.776
0.754
0.742
0.718
0.714
0.711
0.708
0.717
0.716
0.73
0.723
0.743
0.736
0.736
0.739
0.743
0.74
0.764
0.748
0.742
0.75
0.748
0.748
0.747
0.753
0.759
0.757
0.767
0.76
0.773
0.758
0.765
0.768
0.766
0.767
0.762
0.752
0.754
0.759
0.757
0.765
0.769
0.77
0.765
0.778
0.781
0.762
0.787
0.76
0.772
0.786
0.778
0.765
0.763
0.765
0.765
0.765
0.764
0.763
0.752
0.747
0.747
0.741
0.717
0.708
0.703
0.705
0.708
0.729
0.74
0.741
0.734
0.716
0.706
0.7
0.698
0.703
0.706
0.708
0.719
0.726
0.709
0.712
0.708
0.71
0.716
0.708
0.709
0.703
0.705
0.711
0.704
0.705
0.707
0.708
0.703
0.712
0.703
0.705
0.707
0.708
0.701
0.708
0.709
0.709
0.707
0.724
0.704
0.693
0.689
0.685
0.683
0.689
0.692
0.695
0.693
0.7
0.705
0.699
0.701
0.703
0.701
0.696
0.697
0.698
0.692
