0.969
0.956
0.991
1.012
1.017
1.031
1.02
0.997
1.004
0.994
0.944
0.96
0.968
0.971
0.954
0.98
1.002
0.991
1.009
1.015
1.001
0.98
0.976
0.972
0.936
0.936
0.904
0.918
0.923
0.953
0.948
0.971
0.983
0.973
0.929
0.922
0.884
0.878
0.889
0.901
0.929
0.94
0.934
0.945
0.964
0.955
0.979
0.983
0.994
1.001
1.018
1.019
1.004
1.01
1.014
0.999
0.979
1
1.012
0.988
1.003
1.007
0.997
1.007
1.018
1.013
0.972
0.966
0.951
0.908
0.914
0.915
0.932
0.948
0.942
0.954
0.967
0.977
0.959
0.972
0.938
0.955
0.973
0.99
0.991
1.022
1.032
1.013
1.022
1.036
1.029
1.026
1.04
1.04
1.009
1.019
1.015
1.015
1.004
1.022
1.017
1.006
1.016
1.012
0.991
1.002
1.012
1
0.997
1.004
1
0.968
0.985
0.994
0.981
0.999
1.009
0.986
0.971
0.975
0.977
0.95
0.963
0.972
0.978
0.961
0.97
0.976
0.979
0.969
0.981
0.992
1.004
0.993
0.999
1.004
1.001
0.98
0.985
0.994
0.974
0.997
0.995
0.942
0.916
0.938
0.906
0.914
0.928
0.95
0.936
0.962
0.978
0.962
0.98
1
0.993
0.992
1.004
1.016
0.998
0.994
1.002
0.991
0.984
0.997
1
0.984
1.005
1.015
1.009
1.002
1.006
0.975
0.964
0.975
0.978
1.003
1.017
1.028
1.02
1.051
1.066
1.041
1.041
1.044
1.031
1.012
1.016
1.012
1.006
1.025
1.031
1.021
1.018
1.027
0.992
1.022
1.035
1.028
1.041
1.051
1.03
1.033
1.043
1.047
1.027
1.04
1.036
1.024
1.016
1.026
1.02
1.01
1.027
1.036
1.026
1.042
1.052
1.035
1.021
1.03
1.023
0.983
1.001
0.997
0.981
0.974
0.988
0.971
0.972
0.976
0.966
0.953
0.958
0.956
0.948
0.967
0.976
0.968
0.981
0.998
0.987
0.981
0.998
0.996
0.981
0.967
0.982
0.995
0.975
0.977
0.99
0.97
0.981
0.976
0.972
0.971
0.984
0.982
0.961
0.985
0.979
0.961
0.964
0.967
0.929
0.9
0.904
0.917
0.908
0.953
0.991
1.007
1.023
1.045
1.056
1.035
1.043
1.04
1.026
1.016
1.023
1.011
1.011
1.022
1.024
1.014
1.032
1.044
1.042
1.035
1.057
1.054
1.05
1.059
1.043
1.001
1.017
1.013
0.955
0.949
0.927
0.958
0.964
0.963
1.014
1.021
1.045
1.067
1.045
1.06
1.069
1.042
1.041
1.04
1.025
1.038
1.049
1.059
1.043
1.076
1.083
1.059
1.066
1.066
1.041
1.06
1.052
1.004
1.024
1.024
1.006
1.013
1.026
1.026
1.021
1.028
1.036
1.023
1.042
1.061
1.037
1.056
1.07
1.071
1.091
1.033
1.046
1.061
1.019
1.029
1.038
1
1.025
1.039
1.043
1.017
1.033
1.053
1.041
1.043
1.065
1.053
1.032
1.022
1.026
1.001
0.921
0.935
0.926
0.867
0.875
0.837
0.857
0.833
0.804
0.821
0.815
0.797
0.806
0.807
0.788
0.772
0.783
0.779
0.767
0.77
0.76
0.77
0.786
0.791
0.821
0.799
0.789
0.807
0.807
0.809
0.812
0.815
0.782
0.792
0.783
0.774
0.759
0.769
0.754
0.756
0.762
0.766
0.752
0.791
0.808
0.815
0.809
0.83
0.83
0.825
0.828
0.803
0.811
0.811
0.802
0.777
0.786
0.792
0.768
0.797
0.812
0.832
0.831
0.842
0.853
0.845
0.838
0.825
0.767
0.776
0.747
0.747
0.725
0.717
0.724
0.698
0.698
0.687
0.703
0.675
0.67
0.675
0.669
0.669
0.65
0.668
0.653
0.652
0.64
0.647
0.651
0.646
0.651
0.65
0.655
0.666
0.642
0.662
0.65
0.662
0.65
0.651
0.65
0.655
0.657
0.641
0.66
0.642
0.66
0.645
0.658
0.647
0.653
0.67
0.663
0.659
0.652
0.669
0.658
0.647
0.667
0.656
0.646
0.654
0.657
0.649
0.661
0.652
0.657
0.666
0.664
0.662
0.67
0.652
0.653
0.666
0.649
0.643
0.657
0.632
0.625
0.638
0.627
0.627
0.622
0.64
0.624
0.614
0.628
0.615
0.615
0.625
0.606
0.609
0.61
0.606
0.6
0.606
0.608
0.601
0.596
0.602
0.59
0.59
0.585
0.584
0.593
0.579
0.583
0.588
0.581
0.577
0.586
0.579
0.574
0.584
0.565
0.574
0.579
0.564
0.57
0.573
0.562
0.566
0.57
0.56
0.566
0.571
0.556
0.557
0.573
0.557
0.552
0.569
0.557
0.558
0.565
0.553
0.557
0.575
0.556
0.561
0.579
0.558
0.562
0.576
0.552
0.571
0.567
0.558
0.568
0.559
0.553
0.56
0.57
0.565
0.566
0.566
0.58
0.559
0.563
0.57
0.551
0.555
0.56
0.54
0.55
0.548
0.532
0.541
0.541
0.522
0.529
0.535
0.526
0.519
0.524
0.524
0.522
0.517
0.528
0.518
0.513
0.507
0.509
0.505
0.51
0.505
0.507
0.518
0.516
0.518
0.516
0.517
0.521
0.516
0.522
0.52
0.52
0.521
0.518
0.52
0.522
0.519
0.518
0.521
0.519
0.516
0.519
0.524
0.527
0.539
0.539
0.542
0.553
0.556
0.562
0.569
0.567
0.564
0.58
0.575
0.59
0.603
0.606
0.61
0.605
0.61
0.621
0.629
0.635
0.638
0.639
0.633
0.617
0.633
0.626
0.629
0.634
0.629
0.655
0.668
0.692
0.704
0.709
0.726
0.738
0.721
0.719
0.691
0.68
0.668
0.646
0.649
0.643
0.638
0.659
0.673
0.696
0.729
0.732
0.741
0.773
0.758
0.754
0.773
0.754
0.761
0.767
0.75
0.758
0.76
0.769
0.802
0.798
0.817
0.823
0.82
0.824
0.79
0.79
0.78
0.7828203
0.7861324
0.7893537
0.7924764
0.763
0.756
0.751
0.775
0.774
0.793
0.827
0.839
0.824
0.827
0.818
0.822
0.791
0.801
0.816
0.832
0.828
0.858
0.857
0.854
0.883
0.861
0.866
0.888
0.875
0.886
0.9
0.888
0.913
0.916
0.93
0.961
0.955
0.945
0.967
0.925
0.882
0.909
0.923
0.905
0.923
0.933
0.91
0.917
0.907
0.925
0.935
0.927
0.951
0.93
0.946
0.957
0.932
0.945
0.958
0.929
0.949
0.961
0.94
0.942
0.95
0.916
0.929
0.926
0.916
0.947
0.951
0.932
0.94
0.961
0.931
0.952
0.959
0.899
0.885
0.893
0.884
0.859
0.834
0.819
0.863
0.879
0.905
0.932
0.901
0.925
0.92
0.9
0.931
0.917
0.937
0.943
0.955
0.938
0.957
0.968
0.943
0.948
0.941
0.897
0.916
0.9
0.944
0.945
0.971
0.986
0.974
0.958
0.973
0.964
0.936
0.958
0.975
0.989
0.961
0.979
0.996
0.987
0.974
0.998
1.007
0.983
0.983
1.007
0.978
0.958
0.98
1
0.964
0.965
0.986
0.964
0.958
0.977
0.973
0.935
0.978
1.006
0.99
0.976
1.013
1.018
0.986
0.991
0.981
0.947
0.938
0.966
0.953
0.934
0.956
0.967
0.945
0.938
0.953
0.952
0.916
0.914
0.915
0.918
0.903
0.926
0.946
0.936
0.944
0.98
0.993
0.989
0.952
0.962
0.958
0.933
0.909
0.931
0.934
0.909
0.921
0.932
0.92
0.922
0.917
0.902
0.904
0.896
0.869
0.868
0.868
0.902
0.914
0.913
0.945
0.946
0.928
0.908
0.916
0.925
0.922
0.896
0.924
0.932
0.92
0.949
0.972
0.99
0.979
0.958
0.89
0.908
0.903
0.918
0.927
0.893
0.931
0.929
0.89
0.918
0.94
0.931
0.933
0.948
0.944
0.949
0.956
0.958
0.931
0.946
0.949
0.953
0.932
0.944
0.953
0.948
0.945
0.967
0.95
0.969
0.983
0.992
0.97
0.97
0.976
0.96
0.978
1.007
1.017
0.985
1.007
0.972
0.962
0.982
0.944
0.975
0.981
0.964
0.985
0.994
0.977
0.999
1.013
0.988
0.999
1.003
0.983
0.999
1.002
0.974
1
1.006
0.98
0.992
1.002
0.986
0.995
0.997
0.983
1
1.005
0.982
1
0.995
0.993
1.026
1.029
1.01
1.018
1.017
1.011
0.995
1.013
0.97
0.919
0.934
0.894
0.926
0.937
0.915
0.955
0.964
0.949
0.948
0.962
0.952
0.943
0.965
0.958
0.933
0.966
0.959
0.928
0.927
0.918
0.899
0.895
0.89
0.853
0.867
0.848
0.831
0.795
0.833
0.837
0.858
0.896
0.908
0.906
0.937
0.932
0.916
0.938
0.921
0.914
0.928
0.936
0.911
0.928
0.921
0.897
0.916
0.922
0.903
0.914
0.923
0.92
0.904
0.919
0.914
0.887
0.903
0.898
0.882
0.876
0.872
0.816
0.831
0.837
0.865
0.86
0.897
0.916
0.89
0.907
0.901
0.904
0.868
0.888
0.89
0.869
0.913
0.907
0.922
0.899
0.926
0.936
0.932
0.927
0.941
0.942
0.914
0.916
0.903
0.867
0.891
0.892
0.897
0.884
0.923
0.945
0.929
0.936
0.963
0.952
0.934
0.953
0.962
0.939
0.95
0.962
0.952
0.931
0.965
0.972
0.944
0.969
0.983
0.97
0.952
0.988
0.987
0.949
0.964
0.967
0.937
0.939
0.966
0.936
0.96
0.946
0.934
0.966
0.966
0.935
0.954
0.963
0.926
0.945
0.956
0.918
0.914
0.942
0.956
0.958
0.956
0.929
0.881
0.889
