0.643
0.651
0.645
0.652
0.645
0.652
0.641
0.65
0.644
0.654
0.654
0.647
0.646
0.642
0.656
0.658
0.661
0.654
0.645
0.64
0.64
0.64
0.635
0.637
0.633
0.643
0.643
0.629
0.634
0.637
0.634
0.628
0.637
0.629
0.626
0.634
0.629
0.641
0.635
0.637
0.64
0.657
0.649
0.649
0.64
0.641
0.641
0.646
0.64
0.656
0.646
0.648
0.64
0.649
0.653
0.664
0.659
0.657
0.646
0.65
0.655
0.654
0.646
0.645
0.646
0.654
0.649
0.653
0.653
0.646
0.645
0.655
0.651
0.657
0.649
0.654
0.646
0.653
0.662
0.655
0.655
0.655
0.665
0.666
0.671
0.664
0.664
0.659
0.677
0.667
0.676
0.666
0.662
0.649
0.647
0.646
0.649
0.649
0.651
0.658
0.656
0.669
0.658
0.662
0.643
0.666
0.67
0.671
0.679
0.672
0.668
0.664
0.668
0.664
0.652
0.658
0.652
0.657
0.658
0.655
0.651
0.657
0.657
0.66
0.661
0.662
0.654
0.653
0.656
0.654
0.661
0.658
0.649
0.664
0.656
0.662
0.665
0.652
0.65
0.654
0.654
0.658
0.655
0.653
0.655
0.654
0.653
0.653
0.651
0.649
0.643
0.641
0.654
0.652
0.653
0.658
0.646
0.661
0.656
0.656
0.649
0.648
0.651
0.647
0.644
0.652
0.647
0.639
0.634
0.629
0.635
0.65
0.653
0.658
0.66
0.653
0.646
0.644
0.655
0.655
0.666
0.657
0.668
0.665
0.657
0.661
0.653
0.659
0.666
0.663
0.661
0.666
0.656
0.656
0.644
0.643
0.644
0.644
0.655
0.654
0.6650123
0.6650293
0.6650441
0.6650567
0.731
0.708
0.69
0.683
0.665
0.664
0.668
0.666
0.665
0.671
0.672
0.67
0.666
0.665
0.666
0.671
0.667
0.667
0.673
0.666
0.666
0.661
0.666
0.67
0.666
0.67
0.667
0.667
0.662
0.659
0.656
0.657
0.651
0.658
0.652
0.658
0.662
0.655
0.657
0.658
0.661
0.656
0.658
0.658
0.661
0.659
0.66
0.652
0.666
0.655
0.661
0.665
0.666
0.656
0.651
0.656
0.649
0.654
0.657
0.669
0.655
0.656
0.652
0.656
0.66
0.66
0.677
0.657
0.663
0.651
0.664
0.662
0.665
0.669
0.662
0.66
0.655
0.665
0.659
0.667
0.648
0.658
0.655
0.651
0.668
0.655
0.657
0.649
0.655
0.643
0.656
0.653
0.665
0.669
0.665
0.666
0.665
0.664
0.666
0.664
0.652
0.649
0.652
0.653
0.646
0.647
0.639
0.639
0.651
0.647
0.658
0.657
0.666
0.654
0.668
0.672
0.667
0.667
0.661
0.658
0.667
0.677
0.669
0.662
0.663
0.651
0.665
0.657
0.66
0.651
0.65
0.644
0.651
0.647
0.658
0.651
0.646
0.648
0.656
0.654
0.658
0.657
0.651
0.649
0.653
0.662
0.649
0.652
0.645
0.643
0.648
0.645
0.655
0.656
0.648
0.646
0.646
0.648
0.648
0.649
0.644
0.643
0.642
0.649
0.647
0.647
0.643
0.639
0.64
0.642
0.645
0.637
0.641
0.629
0.626
0.63
0.634
0.632
0.639
0.638
0.638
0.642
0.642
0.637
0.634
0.632
0.627
0.634
0.632
0.637
0.63
0.633
0.632
0.638
0.636
0.647
0.64
0.648
0.644
0.652
0.653
0.659
0.65
0.646
0.658
0.644
0.66
0.652
0.653
0.659
0.658
0.658
0.667
0.659
0.664
0.656
0.654
0.662
0.654
0.667
0.652
0.659
0.651
0.664
0.658
0.66
0.652
0.645
0.639
0.649
0.643
0.652
0.647
0.645
0.637
0.642
0.641
0.651
0.638
0.642
0.633
0.643
0.634
0.638
0.634
0.633
0.633
0.638
0.635
0.647
0.63
0.634
0.634
0.629
0.64
0.638
0.632
0.632
0.629
0.632
0.633
0.643
0.632
0.64
0.63
0.641
0.639
0.651
0.64
0.651
0.643
0.654
0.648
0.652
0.64
0.648
0.643
0.653
0.649
0.656
0.655
0.655
0.646
0.655
0.652
0.662
0.665
0.661
0.659
0.661
0.674
0.666
0.668
0.657
0.659
0.652
0.66
0.659
0.662
0.663
0.661
0.658
0.672
0.672
0.678
0.665
0.666
0.657
0.666
0.661
0.668
0.661
0.658
0.654
0.663
0.664
0.664
0.654
0.653
0.653
0.661
0.671
0.668
0.674
0.666
0.688
0.679
0.676
0.682
0.67
0.67
0.665
0.67
0.664
0.671
0.668
0.675
0.668
0.676
0.68
0.683
0.665
0.666
0.659
0.666
0.673
0.674
0.679
0.666
0.664
0.666
0.664
0.664
0.654
0.653
0.653
0.652
0.645
0.637
0.64
0.626
0.619
0.607
0.607
0.609
0.615
0.622
0.623
0.636
0.63
0.648
0.646
0.638
0.634
0.649
0.639
0.643
0.635
0.633
0.632
0.629
0.631
0.642
0.636
0.635
0.636
0.637
0.637
0.641
0.63
0.638
0.632
0.65
0.647
0.662
0.671
0.667
0.668
0.658
0.663
0.656
0.655
0.661
0.648
0.653
0.658
0.662
0.665
0.665
0.654
0.663
0.653
0.658
0.66
0.657
0.654
0.649
0.653
0.65
0.652
0.646
0.646
0.641
0.653
0.639
0.643
0.634
0.623
0.627
0.6532163
0.718
0.714
0.703
0.69
0.684
0.663
0.667
0.678
0.659
0.667
0.658
0.655
0.663
0.657
0.666
0.662
0.667
0.663
0.661
0.658
0.659
0.657
0.656
0.662
0.658
0.667
0.664
0.662
0.653
0.665
0.66
0.661
0.647
0.656
0.651
0.648
0.642
0.649
0.643
0.646
0.643
0.646
0.64
0.642
0.648
0.637
0.644
0.642
0.637
0.642
0.644
0.645
0.642
0.644
0.66
0.646
0.66
0.643
0.647
0.649
0.65
0.652
0.651
0.644
0.641
0.629
0.633
0.622
0.64
0.635
0.635
0.628
0.632
0.625
0.653
0.634
0.654
0.642
0.649
0.644
0.656
0.654
0.653
0.655
0.645
0.649
0.661
0.651
0.671
0.665
0.667
0.676
0.683
0.689
0.69
0.688
0.695
0.678
0.675
0.665
0.675
0.666
0.667
0.663
0.678
0.69
0.685
0.69
0.683
0.678
0.677
0.682
0.678
0.677
0.664
0.662
0.67
0.675
0.667
0.672
0.665
0.66
0.659
0.656
0.662
0.651
0.654
0.648
0.66
0.651
0.653
0.639
0.64
0.64
0.652
0.644
0.646
0.647
0.658
0.661
0.666
0.674
0.665
0.662
0.663
0.666
0.661
0.665
0.66
0.662
0.663
0.665
0.672
0.66
0.661
0.667
0.676
0.679
0.676
0.677
0.68
0.689
0.678
0.689
0.668
0.68
0.679
0.684
0.672
0.683
0.684
0.693
0.68
0.674
0.674
0.676
0.674
0.683
0.677
0.667
0.683
0.682
0.68
0.678
0.675
0.676
0.687
0.684
0.683
0.676
0.668
0.67
0.666
0.657
0.645
0.647
0.638
0.653
0.639
0.648
0.639
0.635
0.633
0.617
0.609
0.607
0.612
0.611
0.617
0.625
0.621
0.632
0.642
0.643
0.639
0.644
0.653
0.63
0.643
0.638
0.643
0.642
0.657
0.663
0.655
0.66
0.666
0.675
0.679
0.687
0.687
0.669
0.657
0.644
0.652
0.653
0.651
0.652
0.653
0.645
0.655
0.653
0.656
0.671
0.656
0.664
0.661
0.672
0.665
0.678
0.667
0.661
0.66
0.661
0.656
0.658
0.657
0.654
0.659
0.654
0.653
0.658
0.652
0.652
0.657
0.662
0.657
0.648
0.63
0.632
0.623
0.617
0.611
0.6
0.597
0.59
0.588
0.619
0.615
0.594
0.602
0.592
0.589
0.598
0.589
0.59
0.59
0.579
0.581
0.576
0.565
0.563
0.562
0.555
0.558
0.555
0.547
0.555
0.552
0.546
0.548
0.55
0.542
0.548
0.552
0.55
0.55
0.545
0.547
0.545
0.544
0.547
0.541
0.54
0.539
0.537
0.541
0.532
0.535
0.533
0.533
0.532
0.528
0.535
0.538
0.538
0.539
0.538
0.537
0.541
0.538
0.536
0.537
0.534
0.539
0.537
0.538
0.533
0.533
0.532
0.528
0.526
0.524
0.525
0.522
0.52
0.516
0.516
0.514
0.514
0.514
0.507
0.506
0.501
0.503
0.501
0.497
0.498
0.497
0.495
0.492
0.491
0.487
0.49
0.49
0.488
0.484
0.482
0.481
0.482
0.482
0.484
0.479
0.478
0.476
0.48
0.479
0.477
0.473
0.474
0.477
0.476
0.476
0.475
0.472
0.472
0.475
0.475
0.477
0.476
0.478
0.476
0.476
0.474
0.476
0.476
0.473
0.472
0.471
0.471
0.471
0.471
0.468
0.466
0.467
0.468
0.468
0.462
0.464
0.463
0.464
0.464
0.46
0.46
0.458
0.46
0.458
0.458
0.454
0.456
0.456
0.456
0.455
0.453
0.452
0.453
0.451
0.453
0.452
0.449
0.45
0.452
0.457
0.455
0.456
0.456
0.457
0.453
0.454
0.452
0.452
0.453
0.455
0.45
0.45
0.45
0.451
0.452
0.45
0.448
0.448
0.449
0.448
0.449
0.448
0.446
0.446
0.447
0.451
0.449
0.449
0.45
0.449
0.448
0.448
0.447
0.448
0.448
0.445
0.445
0.446
0.446
0.445
0.445
0.444
0.442
0.444
0.448
0.448
0.449
0.45
0.448
0.447
0.448
0.445
0.445
0.445
0.447
0.445
0.443
0.442
0.442
0.445
0.444
0.446
0.444
0.441
0.443
0.442
0.443
0.442
0.444
0.439
0.437
0.439
0.437
0.44
0.438
0.438
0.436
0.436
0.434
0.435
0.434
0.435
0.434
0.432
0.432
0.432
0.433
0.434
0.434
0.434
0.435
0.431
0.432
0.432
0.432
0.432
0.432
0.427
0.429
0.43
0.428
0.429
0.428
0.426
0.426
0.425
0.427
0.429
0.428
0.427
0.425
0.429
0.427
0.428
0.428
0.428
0.426
0.429
0.429
0.428
0.428
0.426
0.427
0.43
0.435
0.436
0.437
0.432
0.437
0.439
0.447
0.441
0.449
0.442
0.449
0.447
0.451
0.445
0.446
0.443
0.446
0.446
0.445
0.442
0.444
0.445
0.45
0.46
0.462
0.465
0.459
0.456
0.459
0.461
0.466
0.471
0.475
0.488
0.494
0.496
0.493
0.49
0.483
0.478
0.478
0.475
0.473
0.467
0.468
0.467
0.464
0.466
0.47
0.472
0.471
0.469
0.468
0.479
0.513
0.522
0.531
0.523
0.516
0.513
0.528
0.524
0.525
0.511
0.511
0.506
0.522
0.526
0.526
0.521
0.516
0.515
0.529
0.531
0.54
0.53
0.523
0.518
0.53
0.5346507
0.587
0.606
0.565
0.554
0.539
0.544
0.538
0.53
0.522
0.514
0.518
0.56
0.5478043
0.5486765
0.5495601
0.587
0.568
0.547
0.544
0.56
0.556
0.551
0.55
0.534
0.546
0.548
0.548
0.541
0.538
0.533
0.553
0.554
0.564
0.556
0.56
0.554
0.567
0.568
0.565
0.565
0.557
0.565
0.591
0.584
0.588
0.574
0.57
0.576
0.592
0.592
0.646
0.595
0.606
0.573
0.589
0.588
0.594
0.584
0.582
0.576
0.596
0.601
0.605
0.588
0.584
0.57
0.59
0.5956703
0.5962574
0.5968333
0.5973982
0.623
0.61
0.625
0.658
0.66
0.66
0.655
0.629
0.62
0.62
0.617
0.614
0.596
0.59
0.587
0.599
0.596
0.595
0.593
0.588
0.597
0.595
0.594
0.588
0.591
0.601
0.603
0.592
0.593
0.583
0.593
0.596
0.59
0.586
0.59
0.595
0.613
0.612
0.606
0.602
0.591
0.615
0.612
0.62
0.606
0.603
0.592
0.602
0.585
0.577
0.572
0.569
0.573
0.57
0.589
0.593
0.604
0.592
0.601
0.591
0.609
0.619
0.637
0.613
0.617
0.594
0.615
0.609
0.612
0.605
0.608
0.617
0.614
0.611
0.608
0.598
0.592
0.603
0.605
0.602
0.601
0.591
0.607
0.611
0.614
0.612
0.61
0.601
0.617
0.618
0.618
0.611
0.61
0.611
0.62
0.625
0.615
0.61
0.606
0.615
0.615
0.617
0.621
0.611
0.61
0.614
0.613
0.609
0.611
0.594
0.589
0.633
0.629295
0.6295263
0.6297568
0.6299866
0.672
0.65
0.64
0.641
0.645
0.646
0.639
0.63
0.637
0.642
0.641
0.636
0.634
0.634
0.625
0.634
0.639
0.633
0.627
0.629
0.626
0.63
0.639
0.632
0.635
0.634
0.645
0.642
0.65
0.636
0.642
0.647
0.655
0.666
0.642
0.647
0.636
0.647
0.647
0.643
0.635
0.632
0.627
0.638
0.628
0.628
0.625
0.623
0.633
0.614
0.622
0.61
0.602
0.641
0.645
0.651
0.648
0.647
0.64
0.642
0.643
0.629
0.624
0.623
0.616
0.62
0.623
0.619
0.629
0.627
0.637
0.632
0.633
0.629
0.633
0.64
0.635
0.636
0.625
0.637
0.631
0.64
0.64
0.627
0.639
0.632
0.64
0.653
0.642
0.65
0.64
0.648
0.648
0.648
0.646
0.65
0.661
0.667
0.668
0.659
0.666
0.672
0.668
0.675
0.663
0.661
0.669
0.67
0.669
0.669
0.664
0.669
0.666
0.667
0.652
0.647
0.653
0.655
0.654
0.652
0.652
0.664
0.666
0.67
0.666
0.656
0.675
0.674
0.666
0.667
0.659
0.668
0.654
0.66
0.653
0.647
0.662
0.662
0.667
0.656
0.66
0.673
0.668
0.675
0.667
0.665
0.666
0.667
0.671
0.67
0.668
0.663
0.677
0.679
0.673
0.666
0.666
0.675
0.686
0.668
0.675
0.659
0.671
0.671
0.676
0.662
0.659
0.655
0.656
0.647
0.645
0.644
0.645
0.648
0.642
0.641
0.639
0.644
0.645
0.647
0.645
0.643
