0.825097
0.8177211
0.8373073
0.8432208
0.8369665
0.8330981
0.8265549
0.8398908
0.8525971
0.8536889
0.855054
0.834935
0.8341132
0.8439654
0.8416739
0.8430768
0.8307198
0.8252061
0.8333052
0.8467477
0.840076
0.8095858
0.7977184
0.7982906
0.8009172
0.7972058
0.7936921
0.7982636
0.7971841
0.7975174
0.7966548
0.7973359
0.8043411
0.8019947
0.80079
0.7982884
0.8135037
0.8443549
0.8568484
0.8554855
0.8418892
0.8377328
0.8414796
0.8419634
0.8269582
0.7897791
0.7871289
0.807381
0.818103
0.8283643
0.8191078
0.8227856
0.855373
0.8717578
0.8579208
0.8343757
0.8326292
0.8325411
0.8266792
0.8233702
0.7982812
0.7920594
0.8090508
0.8179889
0.8124423
0.8037997
0.8228856
0.8324207
0.8400743
0.8406874
0.8113936
0.8161166
0.8259083
0.8226938
0.8051962
0.7901752
0.8112659
0.8188692
0.8259395
0.8153919
0.7975015
0.8131455
0.8270209
0.8273865
0.8081351
0.7949876
0.8053742
0.8185595
0.8147081
0.8009816
0.8085799
0.8258831
0.8213483
0.7839509
0.773606
0.7996823
0.811527
0.8131886
0.7938821
0.782929
0.8069524
0.8144181
0.8088336
0.796167
0.7883437
0.8114062
0.8158815
0.8108243
0.8121429
0.8038781
0.816283
0.8374846
0.854283
0.8496913
0.837536
0.8632329
0.8677637
0.8498726
0.8381415
0.8257777
0.8199982
0.8052824
0.7848315
0.7953212
0.8244992
0.8357922
0.8155914
0.800572
0.8265979
0.8354154
0.8311948
0.8182768
0.8119471
0.8237424
0.8221552
0.824346
0.8104549
0.8168901
0.8495316
0.855199
0.8376159
0.8206326
0.8220628
0.8265662
0.8352457
0.8372362
0.8236359
0.8250802
0.837346
0.8435922
0.846072
0.8336954
0.8327433
0.857536
0.8653973
0.8457671
0.8238244
0.8194376
0.8231561
0.8306485
0.816234
0.7940647
0.8107372
0.8207588
0.8184427
0.7962583
0.7840991
0.812864
0.8198764
0.8196153
0.8121304
0.8007083
0.8140694
0.82712
0.8329256
0.8178212
0.8091066
0.8256302
0.8326274
0.8267565
0.8074401
0.80628
0.8228742
0.8254966
0.820308
0.813742
0.8206282
0.8347672
0.8331767
0.8252059
0.8118423
0.8081283
0.8239651
0.8287775
0.8178143
0.8110356
0.8163961
0.8367558
0.8526175
0.8400028
0.8262575
0.8258951
0.8427723
0.8394251
0.8174063
0.8271115
0.8430262
0.8420532
0.8240717
0.8203039
0.8341836
0.8338258
0.8130044
0.8011075
0.8155626
0.8252656
0.8136562
0.8080565
0.8178567
0.8115274
0.7905412
0.7816691
0.7955194
0.7958664
0.7923386
0.8029489
0.8026073
0.7928415
0.7781944
0.7816846
0.8011198
0.8066028
0.8026818
0.7923577
0.7849061
0.797999
0.8055062
0.8051594
0.7906834
0.795512
0.8181756
0.8221653
0.8187074
0.8087317
0.8234345
0.8384301
0.8280234
0.8040956
0.7976287
0.8107107
0.8161421
0.8008133
0.7896735
0.8090627
0.8225813
0.8223198
0.8060936
0.8028652
0.8192462
0.8278179
0.8215515
0.8072287
0.8220702
0.8388339
0.8373339
0.8164521
0.8047289
0.819933
0.8231384
0.826843
0.8200695
0.8163393
0.8412786
0.8549096
0.8342858
0.8202102
0.8364996
0.8449646
0.8479977
0.8353886
0.8199236
0.829397
0.837095
0.8331879
0.8250864
0.8300149
0.8382309
0.8510044
0.8581679
0.8343935
0.8178036
0.832279
0.8399165
0.8434553
0.8360138
0.8173304
0.8307106
0.839795
0.8386158
0.8257383
0.8151492
0.8463781
0.8591456
0.8533735
0.8414589
0.8230199
0.8257347
0.8318722
0.8251649
0.8087758
0.8090418
0.8135931
0.8177281
0.8163709
0.8032927
0.8179744
0.8316525
0.8323503
0.8258915
0.8087377
0.8151177
0.8153812
0.7915792
0.7797214
0.782526
0.77627
0.7811049
0.8022412
0.8144726
0.8190002
0.8078743
0.8006646
0.8117254
0.8273683
0.8279477
0.8142266
0.8162626
0.8283046
0.8188598
0.8022158
0.8092034
0.8152813
0.815629
0.8120456
0.8082582
0.8223226
0.8315901
0.8315104
0.8202039
0.8247561
0.8438154
0.8402215
0.8143943
0.8024561
0.8209011
0.8308442
0.8325398
0.8105786
0.8061543
0.8368169
0.8526457
0.8499342
0.8285103
0.8215747
0.8288394
0.8234059
0.8060948
0.8006582
0.8112848
0.8161657
0.7957088
0.7922067
0.8246753
0.8384714
0.8222086
0.8083672
0.8308969
0.8482974
0.8207644
0.8077014
0.8261607
0.8260127
0.8068012
0.7974229
0.8051598
0.8166542
0.8218689
0.8008371
0.8017765
0.8350204
0.8402221
0.832132
0.8156252
0.8041486
0.8210763
0.8354268
0.8322162
0.8224485
0.8285635
0.8466929
0.844953
0.836715
0.8319877
0.8396139
0.8489668
0.8349894
0.8244135
0.8298769
0.8392448
0.853108
0.8430095
0.8239243
0.8364826
0.8491186
0.8466896
0.8322323
0.8379788
0.8516463
0.8300005
0.8117066
0.8204396
0.8372689
0.8372431
0.835012
0.8371993
0.8384952
0.8241599
0.799047
0.8083828
0.8294229
0.8250929
0.8035769
0.8063137
0.822182
0.8215838
0.8105484
0.8071227
0.8176828
0.8195993
0.8031832
0.8004822
0.8280476
0.822977
0.7967666
0.7894886
0.795678
0.7965992
0.7836604
0.7823028
0.7952437
0.8015047
0.7820299
0.7791919
0.7967384
0.7975663
0.7835632
0.7759857
0.794187
0.808198
0.8112612
0.7919135
0.7763066
0.7962235
0.8017243
0.7872153
0.7627991
0.7403995
0.7296298
0.7249877
0.7215185
0.7168485
0.713974
0.7033895
0.6977712
0.6942941
0.6827936
0.6800425
0.6871637
0.6913167
0.683991
0.6711153
0.6521338
0.6303178
0.6204969
0.6207521
0.6209978
0.6111909
0.6016482
0.6093313
0.6132967
0.6103449
0.6013784
0.6074901
0.6337706
0.6353621
0.6353341
0.6438741
0.6417967
0.6316842
0.6319283
0.6324931
0.6263805
0.6342187
0.6310165
0.6199142
0.6181398
0.6168582
0.6162108
0.6112666
0.6040121
0.6034117
0.6087964
0.6095015
0.5990196
0.5951583
0.5972973
0.5958707
0.5939043
0.5890118
0.5874206
0.5873026
0.5847134
0.5811699
0.5813387
0.5822288
0.5787416
0.5741739
0.5733007
0.575555
0.5686191
0.5633866
0.5653694
0.5657002
0.5662538
0.5634364
0.5620215
0.5605104
0.5555987
0.5558359
0.5601612
0.5570575
0.5525787
0.5578103
0.5571822
0.5501492
0.5502751
0.5536427
0.5507818
0.5444245
0.5473491
0.5487125
0.5412994
0.5414916
0.5461935
0.5433218
0.537893
0.5418871
0.5419141
0.5378532
0.5299766
0.5400931
0.5240784
0.5546705
0.6267611
0.5496548
0.5252974
0.6837715
0.7427549
0.7204067
0.6496232
0.5822985
0.7321725
0.7244643
0.6206195
0.6416358
0.6735527
0.7335332
0.7124186
0.7029291
0.6837798
0.669048
0.7662801
0.7005248
0.6064298
0.695387
0.6687342
0.6288301
0.6644373
0.6331234
0.6467101
0.6373414
0.6135451
0.7108189
0.6877545
0.6388959
0.7306515
0.7087927
0.6713964
0.7215808
0.730871
0.721795
0.7188854
0.7076859
0.6778237
0.6675656
0.6529136
0.6572291
0.6479324
0.6426234
0.7706998
0.7440544
0.6331513
0.6450929
0.6698045
0.7043928
0.685734
0.6883067
0.6723269
0.6945357
0.7198304
0.7059733
0.7123565
0.6408141
0.6781828
0.7003969
0.6842862
0.6947595
0.6572835
0.6548022
0.6256414
0.6259311
0.6882047
0.7006175
0.6818317
0.7285291
0.7767184
0.644751
0.5828741
0.6990143
0.6554245
0.6410724
0.7221011
0.6614167
0.6215771
0.6756181
0.6724459
0.6791039
0.685883
0.6707222
0.6940935
0.6751185
0.6886812
0.7327915
0.6933122
0.6687983
0.7267657
0.7271245
0.7101475
0.671662
0.669821
0.7092626
0.6808063
0.7615611
0.7640322
0.6597194
0.6217642
0.6411245
0.6783919
0.6692629
0.6459172
0.6353927
0.6607259
0.6358535
0.5860138
0.6620988
0.6994166
0.6713783
0.6732601
0.6167008
0.6539695
0.70472
0.6883129
0.6744333
0.6451012
0.6195925
0.6329265
0.6594839
0.6415665
0.6277235
0.6844353
0.7356989
0.6659422
0.6689478
0.6793003
0.6229135
0.6724694
0.7387797
0.6972532
0.6815261
0.6277171
0.60161
0.6878764
0.6266583
0.7032793
0.7499433
0.6274209
0.6839495
0.6649431
0.5908974
0.5853093
0.5975193
0.6287791
0.6050977
0.712014
0.7522585
0.6389154
0.6853
0.7274552
0.6707277
0.6372497
0.6454089
0.6747212
0.6767972
0.6768315
0.6933645
0.6764409
0.7058391
0.6146376
0.63479
0.7922245
0.6845294
0.6696431
0.7028094
0.651445
0.6920137
0.6859777
0.6672029
0.6585222
0.6913509
0.7506551
0.6507467
0.6070151
0.6710305
0.6848334
0.692654
0.6375552
0.6323372
0.7131793
0.6615593
0.6249266
0.6484053
0.672778
0.7073291
0.6931014
0.6891927
0.6576317
0.6733084
0.6444737
0.5282112
0.5098759
0.5200464
0.5177111
0.5233761
0.521769
0.523431
0.5298738
0.5435893
0.541253
0.5433754
0.5572353
0.542092
0.5321273
0.5338915
0.5305506
0.5392816
0.5456351
0.5402041
0.5439226
0.5535774
0.558414
0.5613992
0.559245
0.552641
0.5509966
0.5549577
0.5579901
0.563303
0.5661429
0.5605174
0.5682303
0.5860935
0.5923583
0.5891946
0.5818066
0.586464
0.5957547
0.5938442
0.5881585
0.5806461
0.5858969
0.6016712
0.6021455
0.5907888
0.5870848
0.5908278
0.597577
0.6017458
0.5981072
0.6051696
0.6137096
0.615722
0.6089153
0.6069594
0.6241915
0.6271507
0.6160195
0.6115093
0.6192559
0.6280941
0.624213
0.6104351
0.611482
0.6260259
0.6281557
0.6239991
0.6153743
0.6207279
0.6328885
0.6231871
0.6104129
0.6147988
0.6234387
0.6178184
0.6085381
0.6214481
0.6368263
0.6317387
0.6188753
0.6266941
0.6470613
0.6459118
0.6552191
0.6590745
0.6380001
0.6236336
0.6399747
0.6497208
0.6417089
0.6629496
0.6866517
0.6839606
0.6814458
0.6858817
0.6908466
0.7020876
0.6984024
0.6873275
0.6826143
0.6807441
0.6744281
0.6550173
0.6422375
0.6474023
0.6563582
0.6693024
0.674186
0.6592311
0.654423
0.6790281
0.6945632
0.6919272
0.691853
0.6689576
0.6607863
0.6792855
0.6842095
0.6781344
0.656924
0.6584143
0.6815306
0.6832675
0.6759819
0.6609511
0.6573194
0.6712659
0.6829052
0.6893782
0.6717991
0.6595906
0.6771638
0.6973586
0.7081235
0.7015656
0.683534
0.6944193
0.7146098
0.7164208
0.71635
0.7012975
0.6871506
0.6946909
0.7092037
0.7116252
0.6933622
0.6835417
0.6958954
0.6986546
0.6996044
0.6978513
0.6788746
0.6559864
0.6577556
0.6829784
0.6881732
0.6959475
0.7117829
0.7140549
0.7104913
0.7013765
0.7051124
0.7083456
0.6932627
0.6971295
0.7104794
0.707151
0.7154458
0.7295733
0.7254846
0.7069304
0.707694
0.7310687
0.750782
0.7513455
0.7246491
0.7207647
0.7190507
0.7081657
0.7244905
0.7430938
0.7411529
0.7295839
0.7388823
0.7542971
0.7560847
0.7384868
0.724302
0.7300093
0.7423831
0.736273
0.7233519
0.7334539
0.7426441
0.7422456
0.7284503
0.7215854
0.7411713
0.7510468
0.7405883
0.7252627
0.7177065
0.7248793
0.7415362
0.7412607
0.7230488
0.7280973
0.7472451
0.7597067
0.7522374
0.7392343
0.7464259
0.7606569
0.77195
0.7756404
0.7552241
0.7438678
0.7644076
0.766354
0.7633631
0.7609845
0.747495
0.7407362
0.7608721
0.7938785
0.7871791
0.7562001
0.747805
0.7559345
0.7643569
0.7611208
0.741692
0.734821
0.7332227
0.7395727
0.7377714
0.7179859
0.7239781
0.7367763
0.7293323
0.7215204
0.732624
0.7364649
0.7326365
0.740496
0.7260127
0.7070004
0.7137011
0.7284468
0.7344861
0.724935
0.7190288
0.7219382
0.7295961
0.72788
0.7267006
0.722388
0.7141041
0.718771
0.7132816
0.7199491
0.7324343
0.7407412
0.7379071
0.718718
0.7253868
0.7426241
0.749244
0.7413562
0.7229311
0.7215846
0.7411023
0.7534542
0.7447682
0.7371187
0.7378825
0.7570603
0.7804406
0.7794897
0.7651683
0.744504
0.7551268
0.7718907
0.7667827
0.7604105
0.7376681
0.7275904
0.7361151
0.7441251
0.7403952
0.7348978
0.7376836
0.7329402
0.7295824
0.7258561
0.7261274
0.7224748
0.7189348
0.738047
0.7513588
0.7563578
0.7474583
0.726447
0.7336236
0.7491916
0.7594305
0.7498556
0.7319823
0.739903
0.7437853
0.7530998
0.7686762
0.7555139
0.7366994
0.7393539
0.747134
0.758787
0.75574
0.729259
0.7072099
0.7077007
0.7218283
0.7177172
0.7171068
0.7350253
0.7438865
0.7476652
0.750705
0.7427656
0.7369925
0.7323709
0.7249724
0.7176972
0.7117762
0.7180365
0.7241335
0.717335
0.7135105
0.7197015
0.7305817
0.7243261
0.7087858
0.7132099
0.7178133
0.7109532
0.7020663
0.7062993
0.71702
0.7209431
0.7150584
0.7122665
0.7261712
0.7415464
0.7555962
0.7479732
0.7259356
0.7254287
0.733067
0.7448778
0.757235
0.7495346
0.7461516
0.7420906
0.725326
0.7205199
0.7089167
0.694332
0.7050953
0.7187865
0.7244883
0.7235343
0.7324893
0.7403742
0.7320511
0.7324436
0.7196719
0.7184299
0.7398622
0.7540846
0.747804
0.7368097
0.7423189
0.7441659
0.7475071
0.7385183
0.7328019
0.7536864
0.7614391
0.7571659
0.7409706
0.7304971
0.7446333
0.7537011
0.7551613
0.7391297
0.7303443
0.7535601
0.7686809
0.7572779
0.7356878
0.7356185
0.756262
0.7667897
0.7592514
0.7505888
0.7560635
0.7511919
0.7432261
0.7499016
0.757017
0.7517579
0.729693
0.7291256
0.7436489
0.748562
0.7520797
0.7384703
0.7249936
0.7350243
0.7471825
0.7451081
0.7313699
0.7226856
0.740004
0.7539503
0.7502303
0.7499526
0.7409427
0.7355432
0.7500751
0.7676252
0.7644907
0.7457453
0.7404372
0.7365278
0.7269038
0.7288904
0.7268951
0.7108346
0.7100483
0.7213444
0.7344544
0.739942
0.7311545
0.7328564
0.7430267
0.7396611
0.7311029
0.7299107
0.7224096
0.7197849
0.7337746
0.739828
0.7410604
0.7420226
0.7249952
0.7214057
0.7372444
0.7374556
0.7311572
0.7487526
0.7708085
0.7702421
0.768593
0.771
0.7689347
0.7615712
0.7460631
0.7481614
0.7495379
0.7473907
0.7580306
0.7428189
0.7351252
0.745878
0.7448779
0.7455418
0.7471368
0.7425299
0.7310811
0.7259777
0.7366264
0.7489458
0.745855
0.7355864
0.7394659
0.7457339
0.7531918
0.7497295
0.7407686
0.7552032
0.7620208
0.7687454
0.7665464
0.7473694
0.747783
0.7435769
0.7356728
0.728114
0.7323439
0.7652229
0.7725084
0.7562777
0.7589298
0.7697222
0.7761669
0.7706849
0.765494
0.7782185
0.7821396
0.7809643
0.7799487
0.7735724
0.7791707
0.7795334
0.7685664
0.7718369
0.782545
0.7807535
0.7845365
0.7780939
0.7578148
0.7573704
0.7541515
0.7379567
0.7320179
0.7483598
0.7698008
0.7775981
0.7816024
0.7784404
0.7800171
0.7882256
0.7864809
0.7837037
0.7867239
0.7887429
0.7807314
0.7772752
0.7804146
0.7850541
0.7860977
0.7822323
0.7706198
0.7618256
0.7739359
0.7796246
0.7814019
0.786972
0.7758968
0.7731094
0.7810132
0.7910942
0.800754
0.7846811
0.7823328
0.7930307
0.7857027
0.7852943
0.7869237
0.7710056
0.7561804
0.7673813
0.7791131
0.786985
0.7848616
0.7643506
0.7679865
0.7783909
0.7792208
0.7835353
0.7709213
0.7597771
0.7842886
0.796329
0.7934817
0.7918344
0.7797474
0.7833245
0.7787421
0.7652507
0.7607005
0.7686701
0.7781151
0.7859273
0.7828843
0.7613521
0.7453511
0.6956198
0.6837153
0.7327226
0.7538002
0.7824796
0.7810633
0.7670654
0.7840799
0.7649601
0.7426648
0.7464654
0.7515388
0.7519666
0.7547799
0.7552235
0.7446054
0.7480505
0.7646862
0.7782532
0.7806256
0.7768462
0.7670465
0.7659831
0.7828838
0.7812976
0.7783805
0.7759978
0.7635627
0.7687359
0.7829166
0.7851721
0.7855401
0.7879649
0.7693039
0.7526378
0.7621883
0.7686607
0.762116
0.7628787
0.7731281
0.7828046
0.7888828
0.7820688
0.7715931
0.7797076
0.7902477
0.7851455
0.7838647
0.782071
0.7732517
0.7733691
0.7818981
0.7886468
0.7723783
0.757772
0.765428
0.7666978
0.765965
0.7597986
0.7444705
0.7426906
0.7579467
0.7622607
0.7777072
0.8608669
0.8940718
0.8368347
0.8038156
0.7705031
0.743885
0.7502043
0.7433116
0.7991591
0.9031822
0.9072913
0.8631402
0.8619653
0.8698898
0.8604186
0.8177704
0.773913
0.77293
0.771142
0.7631288
0.7478314
0.7243438
0.7183253
0.710852
0.7051586
0.6965198
0.707917
0.7465182
0.7425527
0.7249351
0.751211
0.7731892
0.7473639
0.7389178
0.7532001
0.7520532
0.7484324
0.745114
0.7446398
0.7468944
0.7786902
0.793983
0.7702206
0.7532979
0.7294528
0.7214713
0.7281527
0.7184988
0.7066141
0.6986911
0.7033298
0.7042576
0.6962072
0.6950564
0.7048338
0.7276529
0.7307815
0.7237068
0.7436581
0.7472498
0.7273636
0.72933
0.7365288
0.7380086
0.7461581
0.7424203
0.7278587
0.7161651
0.7149136
0.7229929
0.7266319
0.7341532
0.7476976
0.7547682
0.7550492
0.748402
0.7433111
0.7457731
0.7526039
0.7612061
0.7666505
0.7714219
0.7553
0.7490169
0.7650189
0.7529854
0.7410171
0.7524511
0.7641039
0.7786463
0.7858263
0.7725404
0.7657819
0.771179
0.7713035
0.7577725
0.7474951
0.7473019
0.7479946
0.764364
0.7723973
0.7585291
0.7579472
0.771018
0.7750642
0.7620528
0.7678117
0.7844749
0.7923061
0.7931782
0.7742468
0.7776905
0.7825185
0.7794377
0.7755176
0.7603385
0.7626521
0.7676395
0.7775932
0.7725956
0.7705245
0.7985307
0.7794421
0.7717927
0.8019655
0.7875712
0.7717404
0.7704869
0.7659378
0.7616669
0.7689481
0.761927
0.7597045
0.7934626
0.8307421
0.8512865
0.8347726
0.8215117
0.8104345
0.8331912
0.8439125
0.7935332
0.7821366
0.8114965
0.835282
0.8242653
0.8019998
0.7842074
0.783376
0.7987516
0.7962316
0.7803776
0.7661891
0.7645714
0.7715787
0.7681718
0.7651146
0.7570728
0.7531777
0.748488
0.7684486
0.7629241
0.7238348
0.7119403
0.7331534
0.8570527
0.8924734
0.8217998
0.7911527
0.771003
0.7497219
0.7375108
0.7532024
0.7579267
0.767451
0.7783125
0.7598257
0.7555349
0.7723307
0.7719952
0.7705632
0.7666124
0.7476243
0.7593851
0.7683056
0.7669151
0.7681403
0.7575578
0.7724317
0.7797849
0.7657394
0.7528592
0.7495528
0.7571906
0.7516777
0.7476061
0.74865
0.7579672
0.7741392
0.7751542
0.7721255
0.7651814
0.7652523
0.768667
0.7523283
0.7457019
0.7527072
0.7543138
0.7265661
0.7298276
0.7774633
0.7648892
0.7584007
0.7836612
0.782486
0.7735472
0.7755777
0.7806148
0.7761942
0.767551
0.7631519
0.7714899
0.776519
0.7725189
0.7661983
0.7578729
0.7512339
0.7368407
0.7276321
0.7446655
0.7475424
0.7446396
0.7645912
0.7718366
0.7697505
0.7665442
0.7631403
0.7501647
0.7442787
0.7673332
0.7777173
0.7558247
0.7380701
0.7479527
0.765873
0.7597646
0.7435287
0.7517612
0.7588256
0.7532536
0.7420753
0.7406225
0.744212
0.7479713
0.7652752
0.7589876
0.7460472
0.7552564
0.7622009
0.7537125
0.7520999
0.7645748
0.7733609
0.7816509
0.7680233
0.7677078
0.7809974
0.7697018
0.7664479
0.7734892
0.7693984
0.7601717
0.7602393
0.771535
0.7905005
0.7915754
0.7788968
0.7700338
0.7677278
0.7688752
0.7649906
0.7600301
0.7493449
0.7438254
0.7592113
0.7702982
0.7688713
0.7724922
0.7694398
0.7610664
0.7624583
0.7562104
0.7523756
0.7312086
0.7571842
0.8635123
0.8302256
0.759586
0.777277
0.7500815
0.7511571
0.7560874
0.7393841
0.7589761
0.7876192
0.8213193
0.839057
0.8140546
0.7720375
0.7723379
0.7845436
0.7786659
0.7754005
0.7613999
0.7579094
0.7816569
0.7845781
0.7714975
0.7684903
0.7621723
0.7595559
0.771224
0.7707101
0.7681387
0.7738913
0.7588873
0.7499775
0.7568209
0.7577571
0.7642517
0.7707387
0.7582697
0.7580109
0.7700016
0.7674506
0.7729467
0.7920976
0.7962776
0.7757374
0.7608437
0.7645374
0.7613555
0.7610559
0.7660965
0.756171
0.7421265
0.7487588
0.7665321
0.7662733
0.7715004
0.7778436
0.7703517
0.7825296
0.791221
0.7866256
0.7859405
0.7642787
0.7536687
0.7646648
0.7682157
0.7596216
0.7426575
0.75294
0.7701991
0.7675612
0.7646495
0.7554789
0.7598189
0.7694408
0.765911
0.7616611
0.7443923
0.7376675
0.7469641
0.7485949
0.7598635
0.7806868
0.7839042
0.7674253
0.7624607
0.7789145
0.7778621
0.7707181
0.7693068
0.7598151
0.7567403
0.7671252
0.7724781
0.7678667
0.7705597
0.7729858
0.763177
0.7592848
0.7742436
0.7758146
0.7647983
0.755802
0.7599895
0.7597518
0.7516797
0.7886432
0.8104318
0.7766237
0.7690952
0.7857378
0.7923727
0.7828063
0.7528635
0.748128
0.7741251
0.7827922
0.7610836
0.7647158
0.7852713
0.7721904
0.7727924
0.7754409
0.7526389
0.7560485
0.7547691
0.7443411
0.7125675
0.7549223
0.8185783
0.7941967
0.80606
0.7731383
0.7552507
0.7697831
0.7539806
0.7416189
0.7387877
0.7659748
0.7664419
0.7571067
0.766301
0.7719131
0.7700876
0.7790508
0.7967312
0.7988433
0.7960661
0.7941113
0.7894226
0.783962
0.7797893
0.7810309
0.7854884
0.796706
0.795822
0.7778456
0.7739762
0.7813936
0.7870507
0.794717
0.7812881
0.7654527
0.7587731
0.7586983
0.7689169
0.775035
0.7843507
0.7853898
0.7802136
0.7863806
0.7886095
0.7836405
0.7780432
0.7621905
0.7555482
0.7587527
0.7597091
0.7675567
0.7684426
0.762877
0.7668057
0.7783116
0.7828339
0.7769186
0.7680131
0.7679933
0.7713576
0.7708865
0.7698048
0.7595337
0.7602923
0.76757
0.7588823
0.7585474
0.7725351
0.7863658
0.7918523
0.7745206
0.7682772
0.7820369
0.7777432
0.7813063
0.7846177
0.7605699
0.751862
0.7638959
0.7797494
0.778835
0.7708323
0.7620153
0.7937831
0.8065102
0.7526943
0.714132
0.7439286
0.8211936
0.7771672
0.7408317
0.7667406
0.7613865
0.7621302
0.7578195
0.7621422
0.765829
0.7646904
0.7582283
0.7552175
0.7601783
0.7609875
0.7517902
0.7491213
0.7503821
0.7499342
0.7497807
0.74949
0.7425359
0.7376573
0.7454916
0.7488913
0.7505411
0.7542432
0.7568577
0.7522823
0.7475624
0.7436815
0.7356348
0.7404017
0.7467262
0.7486849
0.7442265
0.7376371
0.7404969
0.7400164
0.7383444
0.7261879
0.7333157
0.7479759
0.737029
0.7617294
0.78764
0.7816196
0.7739463
0.7553329
0.7285226
0.7060833
0.7067501
0.7208328
0.7580239
0.8062885
0.787299
0.7479659
0.7367363
0.722214
0.7179151
0.7095238
0.694318
0.7056411
0.7129792
0.6958136
0.6984882
0.7123958
0.7200611
0.7308073
0.7278808
0.7232512
0.7286785
0.7210091
0.6998825
0.6904617
0.6901564
0.6846794
0.6839902
0.6799908
0.6838588
0.6917123
0.688554
0.6907444
0.6884878
0.690758
0.6952285
0.6852607
0.6841892
0.6979239
0.7075268
0.7147739
0.7118519
0.7118283
0.7382873
0.7612253
0.7775655
0.7790783
0.7724148
0.7884931
0.796776
0.7881722
0.7709722
0.7505426
0.7500473
0.7661111
0.7749698
0.7705471
0.7625596
0.7677219
0.7640655
0.7511719
0.7565161
0.7506079
0.7341549
0.7360158
0.7568126
0.7806836
0.7970254
0.8076636
0.7952096
0.7862903
0.8040235
0.799291
0.7820768
0.762283
0.7524038
0.7664334
0.7729345
0.7786104
0.7815564
0.77866
0.7806383
0.7898244
0.7953237
0.7848409
0.7694793
0.7642724
0.7679095
0.7674792
0.7514894
0.7646159
0.7850504
0.7515939
0.7411961
0.756754
0.7577595
0.7609586
0.7520444
0.7485217
0.7549642
0.7593307
0.7644544
0.7574838
0.7539398
0.7707896
0.7807542
0.78511
0.7789116
0.7641642
0.7710431
0.7788473
0.7873343
0.7775556
0.7529937
0.7463484
0.7459712
0.7390147
0.7264024
0.7466496
0.7628737
0.7573019
0.7582062
0.7581884
0.7595642
0.762889
0.7734185
0.7764863
0.7706711
0.7629727
0.7676947
0.7849623
0.7923361
0.7870263
0.7849528
0.7987428
0.7969126
0.785411
0.7877238
0.7912718
0.7846601
0.7661522
0.7682064
0.7726917
0.7629034
0.746839
0.7326126
0.7480694
0.7587436
0.7493218
0.7384608
0.7423095
0.7570725
0.763685
0.764998
0.7506675
0.7512405
0.7663905
0.7641416
0.7634954
0.7583976
0.7492856
0.7523128
0.7539411
0.7547148
0.7690624
0.7685966
0.7554005
0.7672462
0.7634564
0.7486812
0.7666367
0.788453
0.7970632
0.7986827
0.792777
0.7800424
0.7794166
0.7813998
0.7760048
0.7672343
0.7618882
0.7771667
0.7816375
0.768723
0.7604015
0.7536386
0.754082
0.7642209
0.7733719
0.7830958
0.7845651
0.7700909
0.7742168
0.7751371
0.7597919
0.7733283
0.7943409
0.8048847
0.8125899
0.8087126
0.8083566
0.8030516
0.7863354
0.791598
0.8053666
0.8018433
0.7945487
0.7959805
0.7919093
0.7770634
0.7775864
0.7743688
0.7594395
0.7626693
0.7740862
0.7784093
0.7876102
0.8052627
0.8172684
0.83031
0.8419654
0.8280609
0.8038219
0.8049763
0.8040007
0.7907236
0.7798006
0.7697693
0.7663599
0.760223
0.7542068
0.7506198
0.7464971
0.7412695
0.7337187
0.7430783
0.7587959
0.7541837
0.7767009
0.8162082
0.8257156
0.8331409
0.8421722
0.8414891
0.8375006
0.8346274
0.8166501
0.7980017
0.7905262
0.7784615
0.767687
0.7560761
0.7463608
0.7495663
0.7670098
0.7821735
0.7831449
0.7812322
0.7905794
0.7895092
0.7760994
0.7801335
0.7858066
0.7923447
0.7928693
0.7716179
0.7666098
0.773409
0.7783791
0.7816539
0.7797684
0.7766826
0.7705442
0.7820968
0.7898624
0.7825908
0.7849754
0.7762897
0.7640723
0.7772463
0.7882008
0.7971393
0.8054549
0.7949656
0.7902204
0.7911979
0.7823462
0.7797725
0.7793342
0.7718112
0.7707228
0.7664019
0.7625197
0.7686118
0.775322
0.7839463
0.7838665
0.7676132
0.7653881
0.7882602
0.7887261
0.7870629
0.8153053
0.8119955
0.7908174
0.7928166
0.7866916
0.7763555
0.7778459
0.7744353
0.772432
0.7718507
0.7629927
0.7362787
0.7418593
0.7827283
0.7879174
0.7890038
0.8046076
0.8074318
0.7859643
0.7747188
0.7870915
0.7934647
0.7988777
0.8048377
0.8003431
0.7920779
0.7935266
0.7937384
0.7917661
0.7908399
0.7906297
0.7954296
0.7927181
0.782323
0.7704834
0.7631903
0.7684627
0.7671938
0.7516419
0.7499899
0.7562093
0.7603746
0.7639826
0.7699045
0.7728993
0.7618099
0.7571608
0.7428484
0.7336862
0.7482881
0.7537753
0.7625035
0.7700981
0.7739
0.7770311
0.7598984
0.7488102
0.7542233
0.7586378
0.7579639
0.7652777
0.7747038
0.764212
0.7639525
0.779558
0.7803697
0.7828821
0.7825676
0.7640623
0.7553408
0.7585117
0.7661025
0.775471
0.7782611
0.7798836
0.7742004
0.765385
0.7649103
0.768191
0.7739717
0.7686986
0.7636553
0.7702159
0.7802831
0.783494
0.7699613
0.7666641
0.7704594
0.7744363
0.780934
0.7709562
0.7634103
0.7730361
0.7791464
0.7711855
0.7735752
0.7834547
0.7778842
0.7728315
0.7707683
0.7719772
0.7822322
0.7914487
0.7740619
0.7642246
0.7790977
0.7845897
0.7796183
0.7707637
0.7763822
0.7858816
0.7936744
0.7872709
0.7774199
0.7835796
0.7837932
0.7826955
0.7784873
0.7709817
0.76803
0.7660621
0.7727607
0.7782935
0.7769236
0.7736592
0.7719188
0.7727776
0.7656867
0.7566428
0.7637308
0.7686686
0.7773246
0.7968274
0.7902693
0.7836248
0.7920745
0.7979549
0.7950928
0.7828715
0.7701069
0.7747527
0.7827404
0.7829448
0.7845141
0.7692497
0.7618127
0.7786919
0.7846505
0.7832279
0.7819042
0.7765368
0.7855393
0.7954842
0.7987917
0.7884964
0.772627
0.7852585
0.7866716
0.777255
0.7924128
0.7889539
0.7890552
0.7911457
0.7802863
0.7938613
0.786814
0.7738904
0.7860537
0.7778522
0.7602494
0.7605378
0.7718374
0.779392
0.7863115
0.7873657
0.7778401
0.7858
0.7913002
0.7820415
0.7748333
0.7706067
0.7793192
0.7899581
0.7873678
0.7741882
0.7635209
0.7650584
0.7674526
0.7711767
0.7785827
0.7789106
0.769576
0.7599015
0.7674381
0.7808418
0.7793006
0.7752971
0.7699649
0.7636716
0.7789716
0.7899264
0.7945021
0.7990685
0.780968
0.776427
0.792337
0.7944415
0.7934535
0.7982635
0.7974229
0.7868649
0.7746751
0.7717645
0.7788514
0.7966652
0.7936156
0.7922851
0.7963879
0.794284
0.8076807
0.8079711
0.8072729
0.8020003
0.7877821
0.7857187
0.7860314
0.7940299
0.8063667
0.7902307
0.7674728
0.7873218
0.8034956
0.7950923
0.7985747
0.7905428
0.7722571
0.768474
0.7648072
0.7675927
0.7699635
0.7512549
0.7526491
0.766793
0.7718003
0.7665203
0.7611495
0.7741168
0.7876799
0.7914943
0.7796818
0.7692923
0.7631857
0.7663109
0.7702818
0.7763465
0.7819797
0.7675792
0.7416442
0.7418972
0.7727969
0.7755359
0.771406
0.7788768
0.7891347
0.7932001
0.7941346
0.7978213
0.7955991
0.8108224
0.8167778
0.8058384
0.8068019
0.8041791
0.7974013
0.7955371
0.7800905
0.7564128
0.7543676
0.7607406
0.7570932
0.7463207
0.73635
0.7505288
0.7712869
0.7795815
0.7897476
0.7898621
0.781649
0.7750056
0.7661012
0.7668066
0.7639047
0.7614289
0.7749236
0.7831699
0.7928924
0.7941518
0.7835521
0.7861359
0.7869939
0.7778169
0.7582784
0.7598556
0.7855574
0.7864058
0.7921476
0.8017015
0.7913478
0.7917372
0.7921839
0.7728015
0.766605
0.7834175
0.7950088
0.8087969
0.8156671
0.8072555
0.7876389
0.7864077
0.8135401
0.8170144
0.7958276
0.7832381
0.808715
0.8365846
0.8562497
0.8826243
0.8681937
0.8439526
0.8445203
0.8572957
0.8486241
0.8360433
0.8266228
0.8211252
0.8441366
0.8732453
0.869952
0.8456306
0.8878071
0.9308463
0.8985465
0.8649207
0.8562464
0.8364079
0.8270435
0.8130123
0.7910998
0.7855115
0.8033505
0.8330385
0.8290133
0.8428171
0.8742093
0.8767146
0.8558995
0.8377699
0.8519743
0.8629395
0.8495784
0.8280404
0.815266
0.8113643
0.8103055
0.8045264
0.8176358
0.8491445
0.8654726
0.8919856
0.8794319
0.8448222
0.851257
0.8610146
0.8695888
0.849815
0.8230423
0.8206772
0.8164017
0.8293363
0.8340586
0.8306925
0.8275835
0.8196289
0.8122158
0.7971294
0.8049431
0.8230737
0.8296945
0.8332094
0.8223713
0.8054004
0.8212978
0.8436896
0.8350465
0.8306675
0.8244214
0.7972843
0.7878825
0.7968948
0.7974333
0.8005062
0.7934891
0.7798126
0.794925
0.8070187
0.7877239
0.7719
0.7744119
0.784026
0.7845795
0.7713611
0.7699443
0.7698946
0.7591358
0.7444155
0.7423715
0.7487284
0.7495917
0.7433366
0.7266318
0.723872
0.7440454
0.7528355
0.754535
0.7672584
0.7665279
0.7645546
0.7835798
0.7955399
0.7838429
0.7739666
0.7720659
0.7721065
0.7705527
0.7732353
0.7860459
0.789707
0.7622555
0.7504319
0.7635097
0.7653639
0.7622367
0.7491068
0.7522698
0.7788229
0.80505
0.8109288
0.8070636
0.8051501
0.7936212
0.7916127
0.7969265
0.7980969
0.7876536
0.7787594
0.7832396
0.777704
0.7690199
0.7680729
0.7790982
0.7896844
0.7860295
0.7800065
0.7694823
0.7690997
0.7850419
0.7907345
0.7920242
0.7976777
0.7891201
0.7878517
0.8040171
0.7910372
0.7622385
0.7636782
0.7732652
0.7917285
0.8069339
0.79113
0.7870431
0.7749373
0.7541677
0.762835
0.7711222
0.7743909
0.7759116
0.7588212
0.7537109
0.7666641
0.7710572
0.7852567
0.796072
0.8020931
0.8021077
0.7949325
0.8014756
0.8025376
0.7833069
0.7671759
0.7681468
0.7762875
0.7820245
0.7764716
0.7643375
0.7641105
0.78575
0.7928551
0.7860739
0.7767262
0.7674849
0.7728456
0.784487
0.7905963
0.7761502
0.7666225
0.7844978
0.802383
0.801785
0.7876142
0.7684606
0.7628997
0.777912
0.7821374
0.777922
0.7707013
0.7558721
0.7662115
0.7811951
0.7830078
0.7970841
0.8063123
0.8029636
0.8165482
0.8243271
0.8172267
0.8057583
0.7808364
0.7734166
0.7820222
0.7905285
0.8078516
0.8023596
0.7863152
0.7945761
0.8069689
0.8072024
0.8076488
0.8130199
0.7992954
0.7853679
0.7910378
0.7965387
0.781742
0.7636271
0.7807209
0.7957087
0.7997008
0.8139752
0.8026457
0.7929006
0.7992525
0.7921768
0.7843103
0.7661117
0.7530037
0.7700661
0.785715
0.8059927
0.8072965
0.7860317
0.7892218
0.794774
0.7856844
0.7645897
0.7565102
0.7606835
0.7606821
0.7531581
0.7415729
0.7542584
0.7691424
0.7710911
0.76257
0.7649163
0.7821715
0.774063
0.7712629
0.762815
0.74066
0.7591567
0.7791887
0.7592456
0.7303779
0.7400695
0.7751651
0.7681551
0.7436811
0.73964
0.738327
0.7333156
0.7257748
0.7281854
0.735357
0.7342239
0.7343255
0.7363254
0.734634
0.7256351
0.7216221
0.7282434
0.7348942
0.7431362
0.7429428
0.737415
0.7345034
0.7394028
0.7559172
0.7649757
0.7607266
0.7632905
0.7600832
0.7520318
0.7639629
0.7682337
0.7625151
0.7623192
0.7584598
0.7503081
0.7486048
0.7520229
0.7564565
0.7622027
0.75139
0.7421872
0.7444455
0.7514197
0.7509267
0.738463
0.7395812
0.7626971
0.7882858
0.7835275
0.7730559
0.7477997
0.7189671
0.7182325
0.7086318
0.6962056
0.6873322
0.6792093
0.6701504
0.6660091
0.6640631
0.6584807
0.6675191
0.6731181
0.6692447
0.664277
0.6591886
0.6566109
0.6557734
0.6514772
0.6405747
0.6360463
0.6458453
0.6362115
0.664763
0.7451045
0.7548491
0.7092942
0.6630328
0.6585618
0.6784112
0.672943
0.6777921
0.7003415
0.6934128
0.686874
0.7010232
0.7083603
0.7140859
0.7082469
0.7057759
0.7132514
0.7117764
0.6934128
0.6866196
0.689354
0.6793251
0.6700785
0.667189
0.6656903
0.6588685
0.6470446
0.6439654
0.6466311
0.6420024
0.6384811
0.6428706
0.6545471
0.6503606
0.6568599
0.6807563
0.6744377
0.6695158
0.6723494
0.6702663
0.6737005
0.6661757
0.6545109
0.6539776
0.6535445
0.6450861
0.6384786
0.6397929
0.6532136
0.6600889
0.6654486
0.6889267
0.6959622
0.6863963
0.7153072
0.7439622
0.7280649
0.7275298
0.716799
0.6924326
0.6862562
0.6901143
0.6811627
0.6714834
0.6719407
0.6860797
0.7155148
0.6979263
0.6929658
0.7161092
0.7197577
0.7133094
0.7099496
0.7068153
0.7123333
0.7264231
0.711788
0.6902748
0.6843031
0.6814479
0.6844158
0.7045308
0.7122098
0.7077703
0.7256008
0.7474527
0.7460373
0.7399828
0.7395953
0.7387816
0.7322364
0.7156897
0.7094751
0.7234966
0.7352972
0.7234079
0.7029862
0.6848622
0.6762986
0.6854061
0.6904613
0.6811551
0.6868078
0.7067364
0.7077191
0.7054858
0.7077882
0.716628
0.7293676
0.7259289
0.7295163
0.7296766
0.7234569
0.7297283
0.7349786
0.7213179
0.725242
0.7426183
0.7348689
0.7400043
0.7406485
0.750691
0.7755318
0.8024665
0.8161346
0.7990138
0.7840673
0.7565213
0.763539
0.790507
0.788375
0.7789759
0.7942813
0.8060925
0.7906571
0.7901715
0.7799746
0.7888978
0.8116944
0.8034346
0.7809327
0.768794
0.7687569
0.769807
0.7504776
0.8128648
0.8177189
0.7512712
0.8560144
0.8646556
0.7909845
0.7777566
0.760027
0.7667734
0.7756513
0.7771444
0.7768737
0.8162991
0.855505
0.8343146
0.8105991
0.8199814
0.8272108
0.8256712
0.8133036
0.790634
0.7517126
0.7263749
0.7183673
0.7500844
0.7758339
0.7687852
0.8029463
0.8205771
0.8266828
0.8174366
0.7939396
0.7740669
0.7606032
0.7623305
0.767052
0.7670689
0.7656597
0.782543
0.793644
0.7772684
0.7909976
0.8393967
0.8390644
0.8294999
0.8322343
0.836157
0.8337875
0.8290143
0.821941
0.8184856
0.825157
0.8110017
0.806901
0.7965347
0.781541
0.7920787
0.8067366
0.8225724
0.8324941
0.8223174
0.8051309
0.7884769
0.7875786
0.7986271
0.7945727
0.7924292
0.7850122
0.7730686
0.7652905
0.7539773
0.7640082
0.7795925
0.791409
0.8002783
0.8000767
0.7928238
0.7830048
0.8011152
0.8164744
0.8151777
0.801906
0.7957628
0.814159
0.8139556
0.8027705
0.7948478
0.8054942
0.8228747
0.818455
0.8120006
0.8010714
0.7987672
0.8142746
0.8240819
0.8256968
0.8286676
0.8141183
0.7945678
0.7993108
0.7993097
0.7934514
0.7844563
0.7778926
0.7997599
0.8059304
0.7878155
0.8174832
0.8595245
0.8489087
0.8241667
0.8199218
0.8137905
0.7929437
0.779057
0.7604433
0.7521454
0.7644399
0.7837114
0.7964472
0.7792321
0.7766315
0.810338
0.8302346
0.8267213
0.8378707
0.8518343
0.8609487
0.8490498
0.8156855
0.8072064
0.821283
0.8296218
0.8385338
0.8472946
0.825669
0.81894
0.8404301
0.8499343
0.8485519
0.8346391
0.8402289
0.8559754
0.8628877
0.8803646
0.8716142
0.8467006
0.8432505
0.8431523
0.8323108
0.8156073
0.8174306
0.8273905
0.8344859
0.8360541
0.8239639
0.8578744
0.8677497
0.835141
0.8555674
0.8779285
0.8726586
0.8532631
0.8326909
0.8213271
0.8118544
0.8209212
0.8292222
0.8264671
0.8406297
0.8486222
0.8527142
0.874855
0.8954083
0.8906569
0.8673153
0.8447998
0.8310059
0.8115955
0.8074106
0.8136879
0.7967642
0.7987836
0.8028887
0.7996652
0.8068833
0.8157414
0.8369363
0.8595341
0.8652089
0.8554149
0.8504735
0.8456506
0.8334459
0.818129
0.7966451
0.8024631
0.8240985
0.8162245
0.8006382
0.8313912
0.8659849
0.8447445
0.8380632
0.8612862
0.8686949
0.838337
0.803118
0.7908501
0.7960232
0.8055647
0.8025184
0.807216
0.8143018
0.8122118
0.8069386
0.8064121
0.7984525
0.7895874
0.7881577
0.7737243
0.7683501
0.7759447
0.7793145
0.7969303
0.8092676
0.8036375
0.8085727
0.8366615
0.8573198
0.8631314
0.8515848
0.8351868
0.8347239
0.8198432
0.8067817
0.8014047
0.8031622
0.8097845
0.8207246
0.8340143
0.8293514
0.8298251
0.8366711
0.8483421
0.8551291
0.8456864
0.8242299
0.8196339
0.8457441
0.8562282
0.8556294
0.8466257
0.8460041
0.8509542
0.8382204
0.832327
0.8327973
0.8263477
0.8127528
0.8181518
0.8206357
0.8046241
0.7981198
0.80226
0.8119455
0.8129303
0.7941021
0.7736993
0.7591134
0.7484925
0.7490855
0.7560044
0.7427791
0.736132
0.7523734
0.7457022
0.7616054
0.7792734
0.7565876
0.7636969
0.7922863
0.7827003
0.7610382
0.7805724
0.8009008
0.8093745
0.8329439
0.846702
0.8416683
0.8325278
0.8199088
0.8009894
0.8100683
0.8322581
0.8108083
0.7902159
0.8044351
0.8088822
0.7937314
0.788726
0.7916542
0.7838306
0.7845909
0.7916529
0.793559
0.7907291
0.7891108
0.7925872
0.7945555
0.7951575
0.7950551
0.7947062
0.7811368
0.777018
0.7772909
0.7639645
0.7653312
0.7752789
0.7817432
0.7860018
0.7924884
0.801263
0.7909729
0.7808039
0.7849282
0.7849015
0.7886695
0.773791
0.7643193
0.7891967
0.8042501
0.8215391
0.8263549
0.8061048
0.8245172
0.8383805
0.8270634
0.821053
0.8058613
0.8080603
0.8077536
0.7996047
0.7943417
0.7830783
0.783763
0.798924
0.8133068
0.8039569
0.7925637
0.8110725
0.8393194
0.8482493
0.8437659
0.8336212
0.8262885
0.8355541
0.8434598
0.8437191
0.8307001
0.8190222
0.8228974
0.8294675
0.8283568
0.8267686
0.8351597
0.8283023
0.8323914
0.8447924
0.8514135
0.846123
0.8279841
0.8333951
0.8415114
0.8462227
0.8354036
0.806009
0.7944628
0.7976175
0.7913024
0.7892251
0.8017936
0.7996326
0.782344
0.7836415
0.8066669
0.8177656
0.8209683
0.8265488
0.8129045
0.8131037
0.8273736
0.8377366
0.8503955
0.8355709
0.810367
0.7980564
0.7877298
0.7685493
0.7536204
0.7448613
0.7322503
0.7297002
0.7452614
0.7529453
0.7508114
0.783062
0.8217437
0.8269127
0.8324721
0.8247398
0.810345
0.8301845
0.8447267
0.8370123
0.834833
0.8244563
0.8008586
0.801372
0.80693
0.8016206
0.7946537
0.7903534
0.8124234
0.8325999
0.8400312
0.8361425
0.8249082
0.8375631
0.8476996
0.8368187
0.8144502
0.8046028
0.8188924
0.8336631
0.8354059
0.8163269
0.8114385
0.8280678
0.8354497
0.8408205
0.8369317
0.8299943
0.8398529
0.8425431
0.8360963
0.831455
0.8348412
0.8467638
0.8575067
0.8615114
0.8419864
0.843765
0.8533029
0.8424797
0.822803
0.8129516
0.8256774
0.8186034
0.8166573
0.819598
0.8098021
0.8053634
0.8183062
0.8309978
0.833637
0.8468439
0.8506866
0.8425145
0.8387496
0.8193339
0.8040152
0.8165795
0.8131358
0.8135568
0.8293761
0.8245068
0.8509121
0.8844188
0.8735674
0.8635327
0.8455255
0.8296404
0.82878
0.8233134
0.8153272
0.81594
0.8045228
0.8064201
0.8232093
0.8547151
0.8271213
0.74744
0.7863075
0.8136219
0.8236207
0.8286077
0.8073984
0.767637
0.7261449
0.7857459
0.803998
0.7965443
0.8078991
0.8085249
0.8369903
0.8509646
0.8349102
0.8237294
0.8204669
0.8095262
0.7995863
0.8004408
0.8004421
0.7861679
0.7935035
0.8030595
0.7911068
0.794329
0.7949619
0.7778767
0.7758774
0.7811346
0.7947341
0.8106408
0.8057932
0.8130508
0.8156091
0.7942008
0.7864289
0.7633224
0.736538
0.7375345
0.716016
0.6899538
0.6786327
0.6756625
0.6663754
0.6520553
0.6497862
0.6462372
0.6427454
0.639274
0.6356951
0.6334797
0.6391814
0.6362457
0.626621
0.6309895
0.6354049
0.6480719
0.6682437
0.6705551
0.6636757
0.6683089
0.6737968
0.6701312
0.6781773
0.6820764
0.6710994
0.6719762
0.6785496
0.675957
0.6690846
0.667424
0.6716935
0.6706255
0.6667601
0.67962
0.6964155
0.6923464
0.6856102
0.6806173
0.6784539
0.6742606
0.6554855
0.6490737
0.6479225
0.6337015
0.6275236
0.6290664
0.621368
0.6187321
0.6172942
0.6100683
0.6036549
0.604375
0.5978279
0.6009947
0.5829426
0.6143408
0.7576866
0.8144627
0.7733523
0.7366851
0.7435542
0.7049548
0.7276302
0.757802
0.7363114
0.8045442
0.7745897
0.7323165
0.7261538
0.6990136
0.6917226
0.725754
0.7738884
0.7526443
0.716125
0.6914716
0.7397847
0.79565
0.7061043
0.735622
0.8323099
0.7469795
0.6738639
0.7148245
0.7619123
0.7299367
0.7171847
0.7208318
0.7646688
0.8051161
0.7648602
0.7828324
0.7903912
0.7256698
0.6805118
0.7055497
0.7260646
0.7449459
0.8163198
0.8582158
0.8297736
0.7299435
0.668083
0.7113902
0.7595828
0.7781184
0.8079016
0.7575317
0.7040539
0.7575863
0.7441279
0.7398629
0.7547162
0.7676982
0.7326112
0.6800932
0.7635294
0.7722961
0.7289106
0.7526107
0.7450562
0.7694854
0.8112075
0.746268
0.7524999
0.7969176
0.8144825
0.7772969
0.7542553
0.8027688
0.7940779
0.796864
0.7072375
0.734019
0.8017462
0.7170971
0.6974882
0.6996318
0.6830953
0.7336028
0.736051
0.6680405
0.7338946
0.8231901
0.8350377
0.8275274
0.762646
0.6770998
0.6954557
0.7365176
0.7741659
0.7311965
0.6988077
0.8116623
0.7978762
0.7615583
0.7980089
0.6695014
0.6113348
0.7545147
0.7205238
0.6006935
0.6007618
0.6052495
0.5963231
0.5993681
0.6130652
0.6175265
0.6062169
0.6006455
0.6078397
0.6168687
0.6186586
0.610795
0.6161467
0.637613
0.6418035
0.6301022
0.6302422
0.6438335
0.6492252
0.6446655
0.6471918
0.6578046
0.656993
0.6517407
0.6543562
0.6643229
0.6761997
0.670413
0.6672515
0.6830899
0.6839918
0.6692779
0.6667376
0.6810233
0.6862605
0.6746802
0.6790645
0.6976948
0.7076277
0.6912746
0.6837556
0.6996902
0.70583
0.6993137
0.6846862
0.6882325
0.6996832
0.6924259
0.6776736
0.6867417
0.7193258
0.7336825
0.713682
0.709638
0.7083309
0.6865374
0.6914094
0.7033947
0.7069066
0.6996559
0.7040064
0.7172726
0.7226115
0.73416
0.7360488
0.7388375
0.7378808
0.7486374
0.7755499
0.7798785
0.7735701
0.7546498
0.7328235
0.7464456
0.7547207
0.7530644
0.7444119
0.7327993
0.7410907
0.7500944
0.7765645
0.7636149
0.7479153
0.7739617
0.7755826
0.7578276
0.7397256
0.7474474
0.7677028
0.7557464
0.7482783
0.7809329
0.8027072
0.8045483
0.7782225
0.7587278
0.7762274
0.7837658
0.7733451
0.758027
0.7649488
0.7832798
0.7757626
0.7491824
0.7542094
0.7795425
0.7823248
0.766884
0.7497259
0.7572723
0.7758994
0.7670257
0.7569191
0.7695349
0.7853486
0.7850688
0.773301
0.7836657
0.7944072
0.7809668
0.7576125
0.766178
0.7963081
0.8060538
0.787608
0.7697971
0.7886706
0.801191
0.7994409
0.7733585
0.7534992
0.7548862
0.7467198
0.7409246
0.7388208
0.755407
0.7489305
0.7483551
0.7819688
0.783299
0.7631674
0.7680019
0.7895983
0.8018107
0.7835646
0.7572032
0.7679461
0.7934645
0.8001352
0.7782506
0.7653077
0.79571
0.8296451
0.8070294
0.7686296
0.7788437
0.7964651
0.7896459
0.7654037
0.7527724
0.7668737
0.7681235
0.7755293
0.7861583
0.7670106
0.76235
0.781839
0.7953399
0.7860782
0.7608144
0.7699216
0.802858
0.8006523
0.7798769
0.7741863
0.787787
0.7922779
0.7876997
0.7777562
0.7621947
0.7692411
0.7863896
0.7962056
0.7838594
0.7732599
0.7849768
0.8068599
0.805891
0.783049
0.8013551
0.8180731
0.8121035
0.802317
0.7743423
0.7683154
0.7742943
0.7621865
0.761543
0.7763597
0.7727972
0.7433088
0.7213837
0.7335198
0.7601018
0.7862284
0.8023891
0.8112194
0.8112423
0.7811127
0.7728397
0.7943525
0.7975185
0.7972478
0.799223
0.7890205
0.7932608
0.8242857
0.8372625
0.8155244
0.7981494
0.7879326
0.7746631
0.7807887
0.7923313
0.7990381
0.7966302
0.7757514
0.7738729
0.7982776
0.8080244
0.7986555
0.7952994
0.7961944
0.7861576
0.7877144
0.7927846
0.7719854
0.7669041
0.7913207
0.8154212
0.8130413
0.7925881
0.7929836
0.8023968
0.7955011
0.768476
0.7583288
0.7791341
0.7915134
0.780354
0.7653754
0.7721966
0.7859647
0.7943004
0.7867582
0.7679991
0.777195
0.8045254
0.8004372
0.7720331
0.779258
0.7920372
0.7912336
0.7837951
0.7739188
0.7923565
0.8069639
0.8105525
0.7982538
0.7904102
0.8142732
0.8212619
0.8036006
0.7955517
0.8096323
0.8264754
0.8143596
0.779393
0.7784459
0.7945112
0.7892837
0.7682529
0.7572713
0.7819714
0.7956189
0.7997903
0.8116078
0.7927564
0.7727584
0.7851458
0.7957631
0.7973775
0.7883594
0.7676717
0.7629866
0.7851943
0.7987069
0.801232
0.7937754
0.777261
0.7886483
0.8071986
0.8058541
0.7850374
0.7718796
0.7872111
0.8027167
0.806073
0.8068669
0.7892495
0.7794605
0.8033891
0.8155153
0.8141567
0.7919727
0.7777371
0.7948642
0.8036543
0.803928
0.784399
0.7899185
0.810337
0.8080058
0.8011765
0.7879677
0.8039722
0.8212191
0.8195977
0.805241
0.7898065
0.8076604
0.8236789
0.8154185
0.790752
0.7839652
0.8075211
0.8220384
0.808433
0.7861828
0.7832396
0.8082937
0.8297982
0.8309625
0.814406
0.7915617
0.7908022
0.7987536
0.8055709
0.7885924
0.7700827
0.778036
0.7880643
0.7910968
0.7679815
0.7594833
0.7778926
0.7867199
0.7833835
0.7660336
0.7753661
0.807658
0.8213547
0.8267568
0.8086496
0.7876372
0.8051425
0.8153024
0.8084574
0.7973307
0.7947874
0.7909588
0.7660718
0.7744048
0.7865177
0.7907253
0.7939254
0.7929869
0.8111134
0.8264966
0.8273606
0.8120775
0.8199266
0.8035073
0.776993
0.7885231
0.7932417
0.7901712
0.7718007
0.771092
0.7845062
0.780004
0.7676576
0.7747309
0.7930698
0.8122145
0.8192196
0.7939376
0.8002396
0.8211226
0.8202147
0.8172287
0.8009217
0.7983814
0.8153781
0.8228577
0.8265017
0.8256661
0.8162615
0.7945071
0.7738389
0.7885502
0.7963288
0.7903385
0.7873064
0.7650155
0.7594259
0.7787646
0.7890939
0.7934132
0.8003568
0.7911703
0.7946386
0.8097854
0.8158296
0.8192817
0.8069395
0.7903958
0.7843805
0.8023784
0.8097399
0.8048483
0.7916909
0.7843881
0.8088908
0.8070491
0.808342
0.8148137
0.7896955
0.7950079
0.8159375
0.8125498
0.8145294
0.8051971
0.7916293
0.8110243
0.8269564
0.8218407
0.8029029
0.7922256
0.8107263
0.8248609
0.8217291
0.79633
0.7884616
0.8176601
0.8237819
0.8208167
0.8175531
0.7995175
0.8015283
0.8112388
0.806465
0.7873133
0.7824129
0.7969086
0.806223
0.7988878
0.7685758
0.7692298
0.7789184
0.7565489
0.7507312
0.761768
0.7738422
0.7732056
0.7582332
0.774641
0.7960084
0.7983316
0.7879915
0.7843976
0.8025042
0.8049394
0.8121177
0.8075894
0.7858909
0.8004575
0.808506
0.8053473
0.7972813
0.7734229
0.7856864
0.8049424
0.8099214
0.8174879
0.7993938
0.7929551
0.8180222
0.8295736
0.8240254
0.8049472
0.7916953
0.7965765
0.7966433
0.7938331
0.7928874
0.7857371
0.7887068
0.8030501
0.8182874
0.8177049
0.7871372
0.7816707
0.8000375
0.8048202
0.7958725
0.7830228
0.798022
0.8084508
0.8135096
0.8106993
0.8069976
0.8301394
0.8370054
0.8304309
0.806277
0.7943009
0.8156383
0.8195867
0.7985505
0.7839966
0.7895825
0.7936813
0.7813167
0.7686537
0.7731918
0.7858165
0.7903177
0.7688015
0.7615896
0.7763378
0.778395
0.78763
0.7761591
0.7550324
0.77401
0.7739363
0.7786195
0.7994818
0.7754875
0.7613489
0.770144
0.7782952
0.7717098
0.7664222
0.7816071
0.7817786
0.7706419
0.7588707
0.7588581
0.7706604
0.7772732
0.7703658
0.7551144
0.7628303
0.8129731
0.8329052
0.7845222
0.7623114
0.7516574
0.7447716
0.7657399
0.7699827
0.7608864
0.7489441
0.740606
0.7440923
0.751638
0.7563306
0.7506005
0.7298864
0.7286868
0.7478945
0.7485675
0.7455846
0.7433415
0.7317449
0.7257612
0.7297898
0.7358765
0.7369252
0.7405443
0.7372569
0.7305844
0.7157082
0.7121993
0.7290417
0.7311631
0.7414993
0.7417764
0.7296371
0.7381272
0.7471664
0.7521074
0.7453878
0.7369339
0.745546
0.7539523
0.7580999
0.7550927
0.748317
0.7457139
0.7499804
0.7632787
0.7607961
0.748045
0.7574534
0.7625981
0.7673041
0.7740041
0.761679
0.7608516
0.7629239
0.7608645
0.7594111
0.7471748
0.745337
0.7509364
0.7601743
0.7697507
0.7513732
0.7447432
0.7649764
0.7786069
0.7872871
0.7812669
0.7762892
0.7867887
0.794879
0.7923301
0.7737706
0.7607092
0.771309
0.7905891
0.7770476
0.7610571
0.7179785
0.7409601
0.799847
0.7497236
0.7147991
0.7446565
0.8332126
0.8130745
0.7463436
0.7502329
0.7441364
0.7542005
0.7600139
0.761293
0.7545535
0.7341582
0.7320619
0.7442232
0.7274355
0.7198806
0.7374565
0.7384566
0.7485952
0.7594261
0.7482269
0.7393671
0.7344557
0.7286244
0.731181
0.7329281
0.7204624
0.708165
0.7040741
0.7097142
0.7132784
0.7066532
0.706051
0.7063388
0.6984032
0.6953726
0.7018561
0.7089832
0.7083592
0.7072468
0.7273913
0.74914
0.7657905
0.783378
0.7690882
0.7633482
0.7828838
0.7861685
0.7886997
0.7813937
0.7857435
0.7912403
0.7766557
0.7882075
0.7820608
0.7644619
0.7794564
0.7901737
0.7889339
0.7935799
0.7822161
0.7620597
0.7718232
0.7857314
0.7851883
0.7647965
0.7743836
0.8034978
0.805789
0.8034337
0.7857225
0.7904949
0.7930539
0.7886635
0.7857778
0.7693512
0.7759507
0.7883609
0.8013931
0.7925425
0.7868558
0.8064108
0.8140665
0.8001822
0.7810108
0.7897418
0.8007455
0.7927628
0.7791328
0.7861517
0.7992005
0.8091166
0.810685
0.7823571
0.7535501
0.7457615
0.7401574
0.720433
0.7032443
0.7084417
0.7273162
0.7425405
0.7542296
0.7436493
0.7491718
0.7774048
0.7758768
0.7603654
0.7532822
0.7672977
0.7810998
0.778803
0.7594987
0.763679
0.7804752
0.7794938
0.7606515
0.7500758
0.7727021
0.7888345
0.8336579
0.8352898
0.8054387
0.7915142
0.7775262
0.7958441
0.7880265
0.7923887
0.8061928
0.7945379
0.7894216
0.7969541
0.814754
0.8258277
0.8164293
0.7905765
0.7923323
0.7993101
0.7881305
0.7875476
0.7979321
0.8142104
0.8273117
0.8110682
0.7889296
0.7883485
0.7906809
0.7787878
0.7667257
0.7782511
0.7718831
0.7470313
0.7421641
0.738799
0.7486311
0.7578769
0.7497846
0.7605441
0.756572
0.7489238
0.762859
0.7785428
0.7828549
0.7732816
0.7646852
0.7541427
0.7574966
0.7742822
0.7853337
0.7926567
0.7858624
0.7752113
0.7837399
0.7956679
0.803491
0.8091183
0.7907379
0.7757658
0.792028
0.8081649
0.816856
0.8060664
0.7916258
0.8012194
0.8053597
0.8045373
0.8024301
0.781629
0.7848477
0.8032819
0.8193374
0.829412
0.8152835
0.8233658
0.8208678
0.787656
0.7738711
0.7819053
0.7993072
0.8041548
0.8016018
0.8198361
0.8410395
0.8307613
0.802544
0.7953726
0.8077776
0.8144691
0.824653
0.8252084
0.799117
0.795981
0.8097005
0.807989
0.8119169
0.7949738
0.7692037
0.7805358
0.7805274
0.763626
0.7696398
0.795153
0.818864
0.834239
0.8340107
0.8192
0.8225014
0.8325047
0.8324247
0.8337996
0.8338347
0.8279008
0.80564
0.7872253
0.800226
0.8088618
0.8035812
0.8012916
0.798816
0.8094617
0.8236328
0.836092
0.8414316
0.8168903
0.8096102
0.827552
0.8351989
0.8229497
0.8030993
0.8062836
0.792547
0.777482
0.7848581
0.7828065
0.7939186
0.7919783
0.7867809
0.8116322
0.8280661
0.8218438
0.7984315
0.7954501
0.8128164
0.8187054
0.8080234
0.7938826
0.7892111
0.799248
0.816002
0.8293929
0.8264923
0.8079737
0.8253498
0.8355713
0.7985165
0.7837487
0.8002918
0.8110579
0.8282733
0.8207878
0.7863005
0.7929547
0.8109918
0.8100589
0.8043903
0.7891499
0.7810654
0.7916949
0.8025707
0.7974779
0.7813037
0.7827779
0.806488
0.8145993
0.8166763
0.7956041
0.7841286
0.805619
0.8098067
0.8148588
0.7981817
0.7885184
0.8067238
0.8138661
0.812663
0.7984326
0.7923299
0.8082306
0.8085657
0.804135
0.8013367
0.7970326
0.8171794
0.8298157
0.8220336
0.8129832
0.8174242
0.819968
0.8114746
0.8187473
0.8081436
0.7801272
0.786201
0.8047922
0.8153683
0.815353
0.7981066
0.8027441
0.8275325
0.834287
0.8229874
0.8050358
0.8048126
0.8087816
0.7958387
0.7679646
0.7424848
0.7483779
0.7604073
0.7694972
0.7752455
0.785486
0.7834907
0.7591763
0.7720867
0.7924356
0.7873576
0.7773262
0.7747803
0.7866333
0.7990082
0.8191727
0.8374468
0.829126
0.8168876
0.8029158
0.7904386
0.7927705
0.7916566
0.7808981
0.7795397
0.7869481
0.7901165
0.8050623
0.8096672
0.800108
0.795656
0.7916244
0.7859185
0.7693969
0.7667529
0.768568
0.7566624
0.764155
0.7709544
0.7488888
0.7507992
0.7871485
0.7848204
0.7531086
0.7510981
0.7687735
0.7762814
0.7802947
0.7863442
0.7886184
0.7914811
0.7787758
0.7581289
0.7626202
0.773282
0.7782105
0.7788436
0.7678779
0.7675206
0.7894319
0.8038216
0.7955304
0.7781589
0.7947359
0.8259105
0.8127639
0.799555
0.7983985
0.80105
0.8113041
0.8269065
0.8295107
0.8108245
0.8130478
0.8217655
0.8225877
0.8218998
0.8104798
0.8036223
0.8129884
0.8246425
0.8278331
0.8272979
0.8243123
0.8109857
0.7977231
0.8080596
0.8281919
0.8318134
0.8183807
0.7976553
0.791888
0.8000381
0.8147261
0.8105145
0.7961758
0.8112378
0.8252363
0.8214075
0.8124022
0.796008
0.8030567
0.8255042
0.8188639
0.8027699
0.7798787
0.7765366
0.7920374
0.7917185
0.7825963
0.7786337
0.7874897
0.7908017
0.7927645
0.7834822
0.7742796
0.7895414
0.8057362
0.8085764
0.814429
0.8239533
0.7990275
0.7773329
0.7854545
0.7814811
0.7787101
0.7716453
0.7661668
0.7856572
0.7999725
0.8166469
0.820366
0.8034418
0.8147288
0.8294648
0.8298238
0.8220265
0.8163467
0.8124705
0.7964278
0.7963605
0.8047434
0.8064477
0.813976
0.8193755
0.8398663
0.8441846
0.8253167
0.8285112
0.814885
0.801773
0.782968
0.760952
0.7760459
0.7931708
0.8039418
0.8306255
0.8343873
0.8107024
0.8151814
0.811023
0.783283
0.7710479
0.7787231
0.769748
0.7496015
0.7435354
0.7373108
0.7319322
0.7458633
0.7659958
0.7492519
0.7660405
0.816189
0.8140627
0.8083018
0.8134895
0.816488
0.8117138
0.7903309
0.7820027
0.7814887
0.7877333
0.7627475
0.7018026
0.7286108
0.7852964
0.7641205
0.7359767
0.7213536
0.698441
0.6925627
0.7009384
0.7084715
0.7239582
0.7195072
0.7329125
0.7724239
0.7809706
0.7918847
0.7820717
0.773056
0.801803
0.8045983
0.7991278
0.7942038
0.7794242
0.7851083
0.8026065
0.8118021
0.8129384
0.807642
0.8017107
0.787011
0.7666719
0.7511542
0.7427731
0.7432329
0.7415331
0.7586919
0.7805827
0.7842151
0.7924757
0.7997268
0.7959012
0.7902814
0.781167
0.7802499
0.7927495
0.7907168
0.7810064
0.7790936
0.7767621
0.7654322
0.7566417
0.7360373
0.7264465
0.7428097
0.7365451
0.7244886
0.7348438
0.7526057
0.7922556
0.8095198
0.7707937
0.7844197
0.8140573
0.7998353
0.79194
0.8122638
0.8258177
0.8055279
0.7918216
0.7979198
0.8099668
0.8132179
0.7976059
0.7681038
0.7672063
0.7888649
0.7809408
0.7732815
0.7721896
0.7590695
0.7624091
0.7739815
0.7800466
0.7680149
0.7547987
0.7693157
0.785775
0.7887061
0.7750631
0.7734364
0.7911007
0.7971342
0.7958593
0.7873874
0.780537
0.7902916
0.8032144
0.8039982
0.7880196
0.7987861
0.8328698
0.842939
0.8409827
0.8413399
0.837941
0.8113272
0.7977845
0.8030941
0.8102189
0.8029483
0.7735482
0.7752374
0.7937534
0.8010739
0.7991197
0.8078106
0.8106403
0.7994261
0.8019587
0.7946136
0.773344
0.7695426
0.7812032
0.7818927
0.7886521
0.8003213
0.8161436
0.8246154
0.8146826
0.8117595
0.8043218
0.794327
0.7906961
0.7861882
0.7774846
0.7867385
0.8027521
0.8243465
0.8589258
0.8547057
0.8495656
0.841896
0.8179209
0.8311946
0.8469521
0.8461533
0.8334886
0.824229
0.8094731
0.7858932
0.7952138
0.8024601
0.7919963
0.8072639
0.8291776
0.8402347
0.848006
0.843452
0.8290504
0.8222497
0.8098601
0.7790894
0.7781056
0.7911838
0.805676
0.8104368
0.7987097
0.7961071
0.7941435
0.8094267
0.831746
0.8395488
0.8225367
0.8187769
0.8339034
0.8326915
0.8306233
0.8212956
0.7961116
0.7793728
0.797862
0.8013159
0.7977668
0.8288016
0.8495433
0.8555568
0.8546079
0.8487042
0.831825
0.8101383
0.7889512
0.75233
0.7332397
0.7477366
0.7701197
0.7819052
0.7929966
0.800749
0.8040337
0.814994
0.818155
0.8217409
0.8242495
0.8211703
0.8128575
0.8007099
0.7876237
0.7751024
0.7688313
0.7700228
0.7778206
0.7774765
0.7839458
0.7984839
0.8063859
0.8080899
0.8071557
0.8144694
0.8252741
0.8192006
0.8155841
0.8171817
0.8079043
0.8158253
0.8200555
0.8139752
0.8180681
0.80844
0.792372
0.7757584
0.7602253
0.7571011
0.763587
0.7719197
0.7772572
0.7736181
0.7571525
0.7646017
0.7995469
0.8119217
0.7944599
0.7939481
0.7981406
0.7949961
0.795223
0.7855082
0.7779928
0.7727457
0.7786982
0.7994168
0.8126812
0.8027745
0.8005844
0.8248497
0.8430791
0.8475385
0.8462356
0.843879
0.8320011
0.8268264
0.8425527
0.845745
0.8366614
0.8480988
0.8579764
0.8433628
0.8461334
0.8527797
0.8279883
0.8133115
0.8184843
0.8192552
0.822239
0.8208
0.8169014
0.7933192
0.7940244
0.8482862
0.8554287
0.8517097
0.8682955
0.8533728
0.842373
0.8464756
0.8350349
0.8122578
0.8039803
0.8147974
0.8265205
0.8336799
0.8400349
0.8372896
0.8187148
0.8081237
0.8126318
0.8176684
0.8297781
0.8227556
0.8190623
0.8273889
0.8295042
0.8248926
0.8039909
0.8133169
0.8223437
0.8052366
0.8116682
0.8139936
0.7995771
0.8038223
0.799918
0.7818461
0.7868232
0.8037712
0.7971456
0.7708623
0.7597292
0.7676957
0.7770231
0.7739489
0.7643952
0.7731989
0.7867033
0.7970624
0.822795
0.8270838
0.8108731
0.8075281
0.8007032
0.7952055
0.7809624
0.754589
0.7546504
0.778636
0.8020134
0.8152685
0.8217327
0.8383367
0.8478449
0.8356861
0.8282852
0.8251991
0.8223407
0.8246669
0.8150664
0.7984607
0.7842668
0.7711157
0.7697455
0.7773398
0.7901227
0.8057109
0.8158838
0.8142781
0.8047206
0.8143012
0.829243
0.8352718
0.8479112
0.8564755
0.8517329
0.8336504
0.8271937
0.8377593
0.8471654
0.8390614
0.8273287
0.8364867
0.8468222
0.8456544
0.8449142
0.8367316
0.8140969
0.8100354
0.8203499
0.8212733
0.8198565
0.804547
0.7990895
0.8200645
0.8318068
0.8343508
0.8263816
0.8200598
0.829123
0.8365181
0.834888
0.8236964
0.8071543
0.7888041
0.7914546
0.8121967
0.8164067
0.825506
0.8379325
0.8350084
0.8309286
0.827168
0.8148299
0.7987805
0.7803588
0.7771032
0.7912748
0.7986274
0.8065283
0.7986501
0.8102251
0.8275015
0.8201745
0.8154214
0.8099019
0.8059391
0.7933043
0.7848987
0.7814182
0.7827756
0.7817823
0.7750542
0.7770279
0.7621064
0.7556534
0.7541045
0.7341997
0.7335263
0.7372073
0.7455514
0.7637279
0.7674687
0.7735855
0.7860281
0.7905187
0.7848632
0.7775833
0.774403
0.7817187
0.7869382
0.7834899
0.783441
0.7825379
0.7837013
0.7828465
0.7949766
0.8116835
0.8096813
0.8079863
0.8097066
0.7959686
0.7801351
0.7927664
0.8165047
0.8268055
0.8290319
0.8232894
0.8263149
0.8368765
0.8144495
0.7944843
0.8058941
0.8088331
0.8192266
0.8330788
0.8230998
0.8003761
0.7893869
0.7945559
0.7905305
0.7886046
0.7783845
0.7697988
0.7889456
0.8038635
0.8026214
0.7941282
0.8029501
0.8187033
0.821249
0.8182091
0.8041718
0.7994284
0.8106576
0.8088836
0.8076302
0.8013225
0.7835103
0.7891307
0.7941665
0.7951035
0.7989318
0.7885307
0.7757562
0.762954
0.7581837
0.7682443
0.7671501
0.7564405
0.7638857
0.7763143
0.7728029
0.7589927
0.7619858
0.7751048
0.7810469
0.7923695
0.780797
0.7824306
0.801145
0.7934962
0.7914546
0.7884979
0.7889045
0.8053905
0.816776
0.8101568
0.8028365
0.7940113
0.7761912
0.7698144
0.7899825
0.8001666
0.787245
0.7866441
0.7876348
0.7880227
0.7938993
0.7946361
0.788056
0.796878
0.8084817
0.8056327
0.7999541
0.7967167
0.8159888
0.8319569
0.8279931
0.8117618
0.8055401
0.8170275
0.8138573
0.8102071
0.8067486
0.7999422
0.782214
0.772473
0.7963937
0.8107274
0.8150999
0.8212618
0.8117185
0.7911358
0.7788901
0.7917326
0.8012988
0.7759877
0.7675022
0.7757774
0.7805759
0.7995694
0.7925378
0.7864552
0.7995795
0.8101122
0.8257333
0.8291307
0.8263535
0.8219954
0.8120676
0.8163719
0.8078327
0.7910974
0.7962872
0.7912483
0.7929252
0.8161793
0.8285693
0.8451215
0.8644845
0.8447857
0.8193372
0.8035612
0.8076362
0.8166923
0.8114721
0.814203
0.7947834
0.7875128
0.81708
0.8373451
0.8359422
0.8325617
0.8277872
0.8071939
0.7879695
0.7934781
0.8035566
0.7988474
0.7948205
0.8083667
0.8202728
0.8242506
0.8360519
0.8330865
0.8140816
0.8114822
0.8302051
0.821178
0.8001745
0.8219939
0.8371325
0.8404983
0.8427536
0.8338124
0.8324183
0.8325076
0.831445
0.8239203
0.815634
0.8089845
0.8012864
0.7900715
0.7818909
0.7820244
0.7809307
0.7946813
0.8154474
0.8118521
0.8010921
0.812281
0.8345117
0.8376835
0.8165559
0.8119488
0.8176329
0.8115422
0.8063808
0.8039886
0.8117097
0.817375
0.8280715
0.8384483
0.8434661
0.8475174
0.8246581
0.8010918
0.8162461
0.8052411
0.7717125
0.792762
0.8084179
0.8130252
0.8186378
0.8146899
0.8255453
0.8227817
0.8209943
0.8259405
0.8177364
0.8140653
0.8123382
0.8135707
0.8055428
0.7894973
0.7958245
0.8152349
0.8168242
0.7957209
0.8038167
0.8205586
0.8157958
0.8175363
0.7967538
0.7927249
0.8290575
0.8416543
0.8490889
0.860598
0.8616064
0.8632569
0.8581683
0.8512091
0.8343706
0.8091665
0.8078145
0.8229446
0.8338503
0.8443073
0.8545079
0.859083
0.8610509
0.8527288
0.8389113
0.8333168
0.8318958
0.8320588
0.8218965
0.8166692
0.8196294
0.8052403
0.8009569
0.8147548
0.821823
0.8185025
0.816289
0.8150192
0.7913028
0.7729403
0.7850316
0.7925094
0.7865287
0.7725934
0.7649485
0.7798944
0.780778
0.7703561
0.766168
0.7645827
0.779398
0.7924334
0.7957044
0.8047695
0.798095
0.7854056
0.7966172
0.8039507
0.8036786
0.8003718
0.7954023
0.799814
0.8061755
0.8184604
0.8230962
0.8094132
0.8050627
0.8138483
0.8199582
0.8184288
0.7993293
0.7921736
0.8099564
0.8268162
0.8344356
0.8300445
0.8265724
0.8294848
0.8190489
0.7994501
0.7912548
0.7964544
0.8007399
0.8017166
0.7938985
0.7876523
0.7930232
0.7848738
0.7806429
0.7668287
0.7481904
0.7532973
0.7514843
0.7430332
0.745614
0.7454489
0.7421583
0.7415139
0.7374532
0.7414281
0.7412525
0.7332395
0.7330997
0.7325139
0.7262756
0.7210407
0.7234499
0.721611
0.7259839
0.7360189
0.7370251
0.7401551
0.7437095
0.749681
0.7447806
0.7397433
0.7403262
0.7237979
0.7070554
0.7012456
0.6932195
0.693156
0.7046932
0.6997139
0.696014
0.7079039
0.7258137
0.7423205
0.7473316
0.7542138
0.7534316
0.7496013
0.7587345
0.7500484
0.7266113
0.7239191
0.7104084
0.6805368
0.6739792
0.6663965
0.6592767
0.666572
0.6567748
0.6446306
0.6520269
0.6559487
0.6511555
0.6456668
0.6427862
0.6475698
0.6520411
0.6507384
0.6472516
0.6515839
0.658895
0.6599674
0.6589494
0.6570395
0.6527168
0.6463066
0.6452336
0.6453521
0.6461321
0.6452032
0.6456015
0.6544901
0.6578328
0.654097
0.6465733
0.6454299
0.649072
0.6456838
0.6448276
0.6458603
0.6497537
0.6603387
0.6604648
0.6518041
0.6518457
0.6503413
0.6372483
0.628635
0.6272441
0.6258796
0.6216995
0.6166271
0.6176943
0.6156564
0.6341618
0.6642421
0.6641708
0.6689257
0.6807209
0.6814658
0.6823637
0.6771629
0.6701154
0.6636697
0.6553469
0.6600071
0.6623995
0.6495888
0.6475613
0.6486138
0.6491574
0.6501152
0.6494398
0.6479156
0.6389426
0.6391705
0.6453441
0.6466248
0.6451112
0.6408641
0.6383428
0.6443507
0.6510262
0.6519944
0.6507516
0.6528557
0.6645494
0.6659598
0.6641958
0.6615562
0.6541932
0.6549105
0.6504379
0.646243
0.6431973
0.637033
0.6374292
0.6414961
0.6411083
0.6391181
0.6365998
0.6381074
0.6424888
0.6357399
0.6335082
0.6424201
0.6528073
0.6461678
0.6253615
0.621945
0.6232466
0.6312717
0.645908
0.6441853
0.64387
0.6519623
0.653515
0.6482925
0.6451161
0.6447746
0.6387329
0.6305316
0.6344873
0.6418538
0.6409298
0.6492641
0.6642436
0.6703075
0.6761143
0.6758197
0.6819215
0.7051448
0.713186
0.7047428
0.6896235
0.6761879
0.6675021
0.6554528
0.6559129
0.6601165
0.663799
0.6829148
0.7068838
0.7280185
0.7412443
0.7567316
0.7644749
0.7645042
0.7645148
0.7644593
0.770176
0.7751056
0.7784448
0.7585521
0.7317183
0.7094985
0.7118822
0.7315633
0.7263646
0.7295977
0.7413381
0.7437402
0.745068
0.7416195
0.7354005
0.7307446
0.726113
0.71874
0.7091755
0.7055342
0.702858
0.6963448
0.7005881
0.7022015
0.6995598
0.704477
0.7039069
0.698163
0.6916902
0.6899569
0.6861802
0.6793616
0.6753981
0.6674182
0.6653943
0.6694332
0.6704166
0.6695368
0.6651382
0.6645936
0.6703386
0.6656251
0.6681784
0.6777602
0.67388
0.6783627
0.6823415
0.6758489
0.6644419
0.6544128
0.6604261
0.671242
0.6720315
0.662618
0.6627392
0.6472562
0.6596964
0.7081535
0.7078486
0.7205191
0.7398124
0.7275217
0.7229602
0.7152226
0.7042535
0.701095
0.6941575
0.6865156
0.6866302
0.6883986
0.6950927
0.6957821
0.6862656
0.6878597
0.6923173
0.6908837
0.6944423
0.7049671
0.7223473
0.7303482
0.7222575
0.7219596
0.7307868
0.7316233
0.720728
0.7155211
0.7225181
0.7339063
0.7334153
0.727713
0.7490089
0.7602026
0.7380672
0.7122772
0.7210246
0.7441964
0.7374209
0.7354712
0.7459487
0.7533015
0.7503616
0.7469226
0.7561281
0.7580524
0.7463258
0.729788
0.7220245
0.7152694
0.7017193
0.7039589
0.7108544
0.7016305
0.7164197
0.7393943
0.7382449
0.7371183
0.749997
0.7561808
0.7391953
0.7515232
0.7704554
0.7515738
0.7323622
0.7327734
0.7487323
0.755826
0.7446912
0.7360554
0.7372341
0.739602
0.7392777
0.7377114
0.7430258
0.7415165
0.7455236
0.7550154
0.7979793
0.8253832
0.7817553
0.7850612
0.7925655
0.7662358
0.7477958
0.7269149
0.7332475
0.7094045
0.7038772
0.7570368
0.747422
0.7459824
0.7446215
0.7393631
0.7615498
0.7700973
0.8139866
0.800916
0.7647423
0.7688523
0.7713867
0.7688375
0.765897
0.7276401
0.7480124
0.8242308
0.8077381
0.7901805
0.7785238
0.7701146
0.815227
0.8094917
0.7799531
0.8662137
0.9021112
0.8693113
0.8228208
0.7581251
0.7800767
0.8106297
0.8148879
0.805113
0.7925967
0.8120709
0.8390542
0.8210737
0.7949373
0.8138026
0.8268424
0.8204623
0.7985983
0.7818848
0.7891652
0.7889987
0.7989004
0.794713
0.7828647
0.7951002
0.7979434
0.7775611
0.7736762
0.8036625
0.7870828
0.7522444
0.7476181
0.75029
0.751665
0.7545381
0.7527686
0.7587422
0.7859933
0.7953857
0.7952269
0.7772828
0.7659001
0.7907412
0.8044414
0.8083414
0.8017703
0.7761019
0.7812828
0.8008516
0.7908973
0.7869925
0.7797671
0.7791734
0.7968109
0.7929335
0.7927076
0.7736648
0.7673014
0.7953671
0.7960763
0.786382
0.7716252
0.7663707
0.7728748
0.7765848
0.7664991
0.7552993
0.7729479
0.7885934
0.798231
0.7934192
0.7688442
0.7751528
0.7953125
0.7917141
0.778214
0.7917077
0.818807
0.8042841
0.7795463
0.7847883
0.7954492
0.8018651
0.7887596
0.7856734
0.8164708
0.8205659
0.8109498
0.7959679
0.7844835
0.8088499
0.8171171
0.8103262
0.7908962
0.7685764
0.7828101
0.7911848
0.799851
0.794649
0.7787182
0.7897623
0.8074596
0.8163934
0.8190957
0.8101896
0.782547
0.7848811
0.8033995
0.8011248
0.7848757
0.7758908
0.7830468
0.7978198
0.8189889
0.8100207
0.7774812
0.7707405
0.787521
0.782965
0.7662671
0.7562009
0.7675969
0.7964482
0.8132329
0.8088515
0.8040163
0.823705
0.8111719
0.7911617
0.8006152
0.8106716
0.8199607
0.8137731
0.7951838
0.8204939
0.8592477
0.8532903
0.8382083
0.8166046
0.82472
0.8430318
0.8354866
0.8145849
0.7888314
0.799609
0.8210794
0.8298962
0.835823
0.8280069
0.8112156
0.8135847
0.8178111
0.8061119
0.781614
0.7767309
0.8010021
0.8196737
0.82527
0.80618
0.8097637
0.8311747
0.8327978
0.8207907
0.8007754
0.8186598
0.8335936
0.8302204
0.8269797
0.8148855
0.8334902
0.8409583
0.8307243
0.8340216
0.8182158
0.800327
0.8022185
0.8109592
0.8176464
0.8180886
0.805836
0.7965527
0.8127483
0.8222431
0.8094079
0.7992205
0.7992272
0.7915096
0.7759229
0.7506188
0.742672
0.7730871
0.7919323
0.7887196
0.7945872
0.7989468
0.7867737
0.7856749
0.7782037
0.7720575
0.7824247
0.7741222
0.757447
0.7588974
0.7663969
0.7654132
0.7715259
0.7764048
0.7627028
0.7693364
0.7912361
0.7897192
0.7961662
0.7951617
0.7800175
0.7826834
0.7878831
0.7880153
0.7824888
0.7837206
0.7761397
0.7623439
0.7526002
0.7401722
0.7482166
0.7497021
0.7391035
0.7369864
0.7528188
0.7907043
0.8064335
0.8101617
0.8154028
0.7953637
0.7994128
0.8150323
0.8126189
0.8029655
0.7934663
0.8042425
0.8094622
0.8036706
0.795998
0.7883344
0.7802934
0.7787666
0.7849918
0.7845455
0.7827778
0.7898301
0.8132947
0.8220249
0.809401
0.8173444
0.8181574
0.8137944
0.8092328
0.7890956
0.7920096
0.8038249
0.7974166
0.7880271
0.7796345
0.7695224
0.7805527
0.7924653
0.7777002
0.7799282
0.7958936
0.8033906
0.8035507
0.7911858
0.8003507
0.802357
0.7982947
0.8007409
0.7819853
0.7878922
0.8132878
0.821744
0.8101026
0.8035926
0.815675
0.8258567
0.8344432
0.8309853
0.8119406
0.8121681
0.8239422
0.8292665
0.8300448
0.8272687
0.8288812
0.8153725
0.7923717
0.8046038
0.8163717
0.8186511
0.8359072
0.8233914
0.8191876
0.8387416
0.8382086
0.8311526
0.8144699
0.7934496
0.7961333
0.806047
0.8056882
0.7955435
0.7829683
0.7928957
0.8099979
0.808103
0.792331
0.7851409
0.8097436
0.8231946
0.824595
0.8166263
0.7969125
0.807777
0.8118126
0.804388
0.8119988
0.8196151
0.8121823
0.798344
0.7863213
0.77957
0.7725058
0.7531173
0.7332042
0.7313845
0.7490879
0.7652802
0.7813375
0.7925314
0.7890504
0.785344
0.804696
0.8242894
0.8258179
0.8259247
0.815188
0.8080827
0.8061977
0.8045466
0.7982149
0.7786237
0.7696597
0.7868144
0.8036811
0.8052035
0.7991077
0.8048287
0.8247323
0.8268266
0.8319324
0.8373405
0.8244553
0.8162422
0.8024739
0.7821142
0.766834
0.7467061
0.7468992
0.7486612
0.7340499
0.734868
0.7362765
0.7364484
0.736851
0.7379198
0.734875
0.7200909
0.7205529
0.7330768
0.7251326
0.7266576
0.7051171
0.7244202
0.742761
0.7141533
0.7481075
0.7069689
0.6681234
0.6890999
0.7006853
0.7326845
0.7370256
0.737898
0.7638233
0.7748863
0.7685691
0.7630608
0.770697
0.7796883
0.7677129
0.7570214
0.7384079
0.7190882
0.7194986
0.7076169
0.6940945
0.693566
0.7028046
0.712917
0.7055121
0.7047613
0.7129042
0.7225935
0.7240385
0.7163672
0.7215882
0.7230606
0.7175538
0.7162786
0.7081673
0.6948357
0.6889471
0.6866492
0.6769758
0.6741187
0.6763209
0.6849143
0.6994811
0.6917717
0.6817292
0.6885502
0.6973828
0.7078576
0.7111429
0.7093169
0.7206082
0.7314157
0.7280658
0.7188315
0.7159408
0.7177868
0.716114
0.7139313
0.7042296
0.7013274
0.7114955
0.7105035
0.711732
0.713041
0.7130487
0.7251371
0.724314
0.7086702
0.6956194
0.6853888
0.6823637
0.6922465
0.6965548
0.6849656
0.6936548
0.7094779
0.7142194
0.7190977
0.7145948
0.7208483
0.717718
0.6990784
0.6890325
0.6821955
0.6811925
0.6826827
0.6755297
0.6771883
0.6936574
0.6904161
0.6819598
0.6949259
0.7115776
0.7167021
0.722041
0.7327869
0.7299515
0.7385134
0.7492515
0.7342681
0.725912
0.7257757
0.7221703
0.713331
0.7030113
0.7049395
0.7071384
0.6964201
0.6838232
0.6776073
0.6731477
0.6747358
0.6864497
0.6894443
0.6949241
0.7052154
0.7145433
0.7292677
0.7226703
0.7108392
0.7142616
0.714278
0.7152873
0.7172479
0.7203359
0.7364562
0.7494183
0.7538015
0.7680167
0.7732129
0.7729849
0.7840048
0.7815868
0.7720725
0.7745324
0.7712572
0.7534153
0.7292439
0.7229883
0.7346737
0.7366381
0.7357488
0.7348649
0.730113
0.7215016
0.7061749
0.6900661
0.6781339
0.6756652
0.6892281
0.6972986
0.7017976
0.710556
0.7347166
0.7657349
0.7655159
0.7674619
0.7718143
0.7568725
0.7536812
0.7474434
0.7492848
0.768859
0.7599949
0.7477995
0.7465631
0.7383363
0.74314
0.758498
0.7537403
0.7333735
0.7348151
0.7437918
0.735811
0.7420917
0.7256015
0.7008311
0.711475
0.7110502
0.7014565
0.714418
0.7299823
0.722147
0.7147723
0.7274225
0.7504815
0.7557346
0.7543483
0.7469321
0.7666523
0.7979898
0.7734712
0.7580257
0.769298
0.7792375
0.790351
0.7820064
0.7702792
0.7874903
0.8069809
0.8064324
0.800596
0.7820318
0.7767418
0.7938491
0.8015689
0.8056266
0.7845215
0.7711464
0.7861853
0.786979
0.7889846
0.7754067
0.7700724
0.7979553
0.8059134
0.7963701
0.7806994
0.7708452
0.78069
0.7941573
0.7890326
0.7669916
0.7662309
0.7901525
0.7988578
0.7925466
0.7837909
0.763672
0.7550823
0.757305
0.7402753
0.7220145
0.7305217
0.7389319
0.7420566
0.7505185
0.7499535
0.7574227
0.7786541
0.7801898
0.7529257
0.7595348
0.8006474
0.8165041
0.8289883
0.8269903
0.8105011
0.8208397
0.8441935
0.8610917
0.8552191
0.82377
0.8101201
0.8160578
0.8172649
0.8128151
0.7924216
0.7936213
0.8121671
0.8131952
0.8021701
0.8060368
0.8231554
0.8250446
0.8099637
0.7995171
0.8091185
0.8181898
0.820822
0.8108339
0.8138871
0.8286255
0.8305042
0.8189476
0.8042711
0.8241592
0.8288008
0.8153266
0.809336
0.8063148
0.8030038
0.7929677
0.7897843
0.7898016
0.8018865
0.7954723
0.8014802
0.8310552
0.8380225
0.8079939
0.8037072
0.8365069
0.8323806
0.8176079
0.8068247
0.8124779
0.82382
0.8113702
0.7950286
0.8087459
0.8303078
0.8247784
0.8101777
0.816025
0.8441213
0.8470784
0.822852
0.7992875
0.8057423
0.8379463
0.8334952
0.8190031
0.83692
0.8484864
0.8545234
0.8470394
0.8226087
0.8323509
0.8528221
0.8617904
0.838155
0.8261248
0.8571399
0.8685228
0.8619151
0.8366804
0.8363537
0.8534519
0.8539948
0.8400266
0.8203494
0.8259425
0.8317927
0.8352158
0.8365558
0.828702
0.8311251
0.8318706
0.8242505
0.8132741
0.8077801
0.8077416
0.8110947
0.7972538
0.7811598
0.7934199
0.8082742
0.8084858
0.8020526
0.8199808
0.8301685
0.8273042
0.8118992
0.8014172
0.8214925
0.8337751
0.8258207
0.8141959
0.8296458
0.8366174
0.8285296
0.8203095
0.8140594
0.8276682
0.8371706
0.8302575
0.8188386
0.8126136
0.8315954
0.8546226
0.8446784
0.8205199
0.8130429
0.8199084
0.8271835
0.8179854
0.8088525
0.8193859
0.8226035
0.8242403
0.8069139
0.7754381
0.7867244
0.8316662
0.85015
0.8489565
0.862492
0.8749453
0.8585744
0.8396347
0.8357451
0.8240511
0.8288991
0.8207821
0.8024594
0.8167413
0.8321801
0.833397
0.8361925
0.834773
0.8265424
0.8371287
0.8516116
0.8577693
0.8593687
0.8537292
0.8448288
0.8378122
0.849524
0.8588924
0.8609158
0.8655518
0.8565398
0.8562941
0.8647954
0.8585592
0.8498222
0.829582
0.8145652
0.8204994
0.8141378
0.8004516
0.7903359
0.7943705
0.8124007
0.8275208
0.817951
0.8086003
0.828988
0.834895
0.8278553
0.8080464
0.7992104
0.8196204
0.8283116
0.8143666
0.8021361
0.8083034
0.8187039
0.8337826
0.8241187
0.8128058
0.8325482
0.8420127
0.8312958
0.8147838
0.8227173
0.8464495
0.8368664
0.8122282
0.8100482
0.8233051
0.8262532
0.8045902
0.7948222
0.8115642
0.8347274
0.8300408
0.8106372
0.8297511
0.8466239
0.8349916
0.8133344
0.8114243
0.8299774
0.8374513
0.8373169
0.8268211
0.8215974
0.8338265
0.8445953
0.8426394
0.8277617
0.8251301
0.8386871
0.842463
0.8296338
0.8195603
0.8371681
0.8517882
0.8539391
0.8463001
0.8306109
0.8423766
0.8524581
0.8481925
0.8385939
0.8386378
0.8593082
0.8618299
0.852814
0.8356856
0.8322615
0.8477925
0.8396547
0.8196448
0.8124038
0.8178913
0.8249829
0.8265609
0.8334568
0.8371918
0.8300068
0.8172013
0.7900792
0.7905538
0.8131485
0.8160725
0.8041378
0.7904687
0.8015362
0.8202679
0.8210309
0.8071212
0.8004957
0.814014
0.8274696
0.8332349
0.8301235
0.8175155
0.8048381
0.8163634
0.8296176
0.8311656
0.8342091
0.8262552
0.8305764
0.8446181
0.8558954
0.8687584
0.8625772
0.8415163
0.8349169
0.8376334
0.8397533
0.8407404
0.8283541
0.8210925
0.8313058
0.8446236
0.8517984
0.8375141
0.8298749
0.8395657
0.8433725
0.835451
0.7986797
0.7812295
0.8018843
0.8185844
0.8114282
0.7978848
0.8128074
0.8386535
0.8470425
0.837353
0.8216129
0.8322009
0.8519529
0.8417287
0.8248916
0.8096573
0.8138442
0.8321443
0.8375006
0.8462083
0.8606927
0.8541906
0.8356556
0.8354312
0.8411047
0.845192
0.8540108
0.8482468
0.8324348
0.8314489
0.8385179
0.845507
0.8334584
0.8316583
0.8369766
0.8401636
0.8448551
0.8289519
0.8300342
0.8264913
0.8129249
0.8064025
0.793608
0.7892749
0.8027191
0.8017672
0.7973844
0.8035809
0.8138877
0.8280509
0.8039734
0.7967853
0.8263344
0.8264372
0.8122863
0.7957368
0.7948987
0.8101662
0.8079201
0.7937331
0.7818579
0.792979
0.8153744
0.8215611
0.8129403
0.7978784
0.7833603
0.7705851
0.7607836
0.7441237
0.7593335
0.7942944
0.7686829
0.7724403
0.8155958
0.8203097
0.8124582
0.8159739
0.8319047
0.8504978
0.8679828
0.8631841
0.8396735
0.8254493
0.8371665
0.8559652
0.8693294
0.8521517
0.846594
0.8708029
0.8657065
0.8574507
0.8404712
0.8359189
0.852972
0.8444356
0.8205348
0.8020685
0.7955941
0.8155315
0.8319738
0.8362349
0.8416816
0.8306638
0.8278578
0.8178615
0.8017764
0.7956355
0.801187
0.828263
0.8295662
0.8048586
0.8143244
0.8324017
0.8408562
0.8410094
0.8209959
0.8222433
0.8279928
0.8360107
0.849571
0.838217
0.8214203
0.8262225
0.8367377
0.8350094
0.8142323
0.8024785
0.8232439
0.8283842
0.8429867
0.8587667
0.8398129
0.8306402
0.8297849
0.8209473
0.8112274
0.8016087
0.7959761
0.8049848
0.8062353
0.7930172
0.8076731
0.8338533
0.8428011
0.8392221
0.8156434
0.8126662
0.8290705
0.8160907
0.7892888
0.7913822
0.8007106
0.8079791
0.8198132
0.8067679
0.8204754
0.8275848
0.7963019
0.800564
0.81013
0.7866917
0.7825208
0.815152
0.8303329
0.8317267
0.8253985
0.8262325
0.8606858
0.8708295
0.8504307
0.8292237
0.832731
0.8508577
0.8383158
0.8221255
0.8232625
0.8299338
0.8346652
0.8442481
0.8303608
0.8081516
0.8210414
0.8393363
0.847183
0.8206702
0.8258192
0.8686719
0.8570902
0.840633
0.8235811
0.8151108
0.8374499
0.8365343
0.8343473
0.8183087
0.8221322
0.8477253
0.843242
0.8432665
0.8409811
0.8510787
0.8708867
0.8688407
0.8429103
0.8073187
0.8273216
0.8682469
0.8532843
0.8348141
0.8294735
0.8343136
0.8399873
0.8468358
0.8644809
0.8598507
0.8581242
0.8670226
0.8668757
0.875111
0.8716695
0.8551715
0.8412607
0.8373645
0.8430187
0.8418812
0.836803
0.8314879
0.8184007
0.8024035
0.8159068
0.8421253
0.8331244
0.8000884
0.79908
0.8290188
0.8331588
0.8108738
0.8137499
0.8345151
0.8362063
0.8313847
0.8248426
0.8346568
0.8482419
0.8305584
0.8103778
0.8063962
0.8073509
0.8123264
0.8214323
0.8073622
0.7927903
0.8194053
0.8453256
0.8250683
0.8078596
0.8181115
0.8312188
0.8455837
0.8360956
0.8161176
0.8123842
0.8281754
0.8476545
0.8452001
0.8194901
0.8072408
0.8185114
0.8073704
0.793455
0.7886853
0.7920313
0.8014361
0.78043
0.8343558
0.8623417
0.7945209
0.8263289
0.8477218
0.8558245
0.8915449
0.8655726
0.8627543
0.8744512
0.8517072
0.8190922
0.8140156
0.805515
0.7734686
0.7806939
0.7713997
0.7670263
0.7893681
0.7832309
0.7861235
0.7918179
0.7905003
0.7925354
0.7988844
0.8146947
0.8329884
0.8211471
0.7997036
0.8097725
0.8286851
0.8322356
0.8257883
0.8079894
0.7947101
0.8106782
0.814669
0.8000154
0.8054174
0.8123067
0.8088801
0.8071078
0.8205059
0.8338776
0.8433245
0.8233694
0.852074
0.8077756
0.7896634
0.928517
0.8364475
0.7636194
0.8031787
0.7927454
0.8158738
0.8216781
0.8378663
0.8501803
0.8426814
0.8310171
0.8360469
0.8319228
0.8203177
0.8039376
0.7911906
0.8100142
0.8153579
0.8146288
0.8133236
0.8094531
0.8281529
0.8383426
0.8235214
0.8074865
0.8049284
0.8239332
0.8465908
0.8218849
0.7965757
0.8111772
0.8305765
0.8306271
0.8088666
0.795529
0.8178388
0.827453
0.8294511
0.8450843
0.7999666
0.812018
0.7909806
0.7397904
0.8096529
0.8058157
0.8000203
0.815127
0.7938885
0.8010994
0.8179281
0.8317242
0.8344554
0.8429764
0.8448949
0.8349852
0.8273779
0.8214347
0.8034851
0.7889563
0.7992198
0.8174446
0.8448614
0.8684259
0.8587808
0.8478798
0.8609949
0.8741327
0.8631982
0.8502592
0.8428692
0.8237658
0.814654
0.8160337
0.8206167
0.8168515
0.7980979
0.7923228
0.8063467
0.8255283
0.8199865
0.8189771
0.8404308
0.8375972
0.8298567
0.8194029
0.799321
0.8001642
0.8203977
0.8354985
0.8360715
0.8162001
0.804378
0.8244064
0.8370271
0.8417003
0.8387696
0.8391054
0.8479141
0.8313922
0.8276508
0.8455957
0.8564044
0.8598143
0.8595824
0.8757524
0.871787
0.8452954
0.8521418
0.8661803
0.8727043
0.8827867
0.8759343
0.8738477
0.8634978
0.8341511
0.8376697
0.8549639
0.8601212
0.8680906
0.8734187
0.8556317
0.8350198
0.8389162
0.8487775
0.8462173
0.8247966
0.823292
0.8484323
0.8604589
0.8491906
0.8225355
0.8337348
0.8573004
0.8582799
0.8423552
0.8125436
0.8205502
0.8182699
0.7957758
0.7787563
0.7717708
0.791525
0.7820984
0.7755858
0.7988764
0.7958869
0.7777507
0.7584933
0.7549183
0.7763053
0.7885006
0.7850408
0.7724544
0.7801966
0.8172464
0.8531942
0.8536145
0.8110376
0.8051878
0.828685
0.8245219
0.8169066
0.7996466
0.7985015
0.8241825
0.8345129
0.8380775
0.823407
0.8091523
0.8299934
0.8363294
0.8098872
0.7951297
0.8010348
0.8034301
0.8117281
0.8156519
0.7976538
0.7856761
0.780737
0.7691477
0.7736683
0.7874986
0.7845648
0.7835774
0.8001325
0.8160951
0.8036816
0.7960461
0.8183914
0.8188617
0.8132423
0.8031852
0.7822376
0.776998
0.7728853
0.7670494
0.7688188
0.7769888
0.7594941
0.7442617
0.7491014
0.7411891
0.7201326
0.7118994
0.7141783
0.7067154
0.7049973
0.7077634
0.7194139
0.7213872
0.7249831
0.7431891
0.7549592
0.7691478
0.7659049
0.7697956
0.7980793
0.8070019
0.7969094
0.7894581
0.7922565
0.7994979
0.8123387
0.8191925
0.7949984
0.7887
0.804986
0.8135085
0.8253471
0.8143907
0.8039231
0.8251044
0.8335204
0.8239567
0.8078786
0.7878714
0.791918
0.7996854
0.7932073
0.7768579
0.7801506
0.7905961
0.7760151
0.7568944
0.7471902
0.7679404
0.7755408
0.7829588
0.7927971
0.7856542
0.8113626
0.8287411
0.8271529
0.8159367
0.8005314
0.8051103
0.8047238
0.7832118
0.7719329
0.7698983
0.7616103
0.749475
0.7598122
0.7844057
0.7736439
0.7745369
0.7886812
0.7930709
0.7837272
0.7811937
0.8023906
0.8061881
0.7946099
0.7836583
0.7910054
0.7960923
0.7962942
0.7907082
0.781955
0.8013538
0.8135801
0.8109137
0.8008069
0.7893275
0.8009803
0.8138394
0.8218267
0.8182907
0.8011562
0.8090379
0.8223402
0.8162324
0.803495
0.8019603
0.8106654
0.8219848
0.8221918
0.8081246
0.8080346
0.8267965
0.8364063
0.8240746
0.8080552
0.8018512
0.8142013
0.8144709
0.8159886
0.809731
0.7946141
0.8158821
0.8164348
0.8105709
0.8178064
0.800193
0.7996051
0.8175539
0.8207273
0.8128218
0.7922967
0.7849791
0.7889352
0.7786466
0.7710565
0.7576235
0.7592906
0.7920811
0.8122106
0.8191
0.8132439
0.802943
0.8174939
0.8331902
0.8335014
0.8215079
0.810597
0.8149047
0.8218747
0.8238149
0.8165205
0.7990721
0.7924816
0.7993897
0.7866664
0.7877333
0.8134716
0.8192123
0.8273577
0.8271953
0.8127431
0.8296268
0.8448255
0.8294996
0.8097034
0.8113584
0.8237091
0.8250625
0.8160741
0.8078723
0.8192482
0.8205698
0.818225
0.8137558
0.8036704
0.8174197
0.8281741
0.8202614
0.8033535
0.8038712
0.8139091
0.8198814
0.82303
0.8025657
0.798578
0.8098939
0.8194483
0.8146995
0.7945241
0.8100181
0.8231951
0.8276733
0.8224323
0.8174942
0.8338247
0.8308145
0.8275159
0.814084
0.7958044
0.7996423
0.8039619
0.8095699
0.8025669
0.7952647
0.8091394
0.8246267
0.8272489
0.8075152
0.7988937
0.808636
0.8032356
0.8001356
0.7964292
0.7885674
0.8083551
0.8243187
0.8332669
0.8309592
0.8087094
0.814592
0.8301254
0.8294454
0.8234194
0.8099277
0.8012315
0.8149788
0.826585
0.8132144
0.7966489
0.8006602
0.8117814
0.8294704
0.8394655
0.8250181
0.8294964
0.840699
0.8420673
0.8375444
0.8171704
0.818395
0.8279153
0.8232798
0.8151568
0.8119226
0.8302771
0.8328579
0.8293659
0.8231194
0.8107486
0.8207446
0.8240565
0.8215255
0.804346
0.8001536
0.819871
0.8222767
0.8145006
0.8033676
0.806243
0.8236841
0.8324757
0.8123071
0.8064176
0.8512082
0.8604087
0.8431847
0.8385511
0.8292169
0.8524538
0.8591268
0.8339277
0.8179962
0.8099079
0.817884
0.8241429
0.8208185
0.8149517
0.8260715
0.8402257
0.8544886
0.8609763
0.8418552
0.8692211
0.9023065
0.8725294
0.8403847
0.8333523
0.8370427
0.8461324
0.8434498
0.8298114
0.8281967
0.8458269
0.8653493
0.8687752
0.8519638
0.8431404
0.8560497
0.8620286
0.8656436
0.8507278
0.8426195
0.8619277
0.8659067
0.8591226
0.8473181
0.8508615
0.8527883
0.85678
0.8617556
0.8488176
0.8668822
0.8765293
0.8592126
0.838709
0.8429854
0.8719238
0.8654259
0.8346626
0.8154704
0.8277155
0.8524133
0.8450758
0.8273369
0.8293339
0.8398999
0.8475594
0.8292385
0.8266215
0.8458217
0.8445766
0.8373988
0.8228473
0.8324574
0.8523203
0.8383278
0.8195153
0.8151688
0.8234837
0.8329895
0.831362
0.8191713
0.8207489
0.8368659
0.8502285
0.8413265
0.8264922
0.8306994
0.8217165
0.8140015
0.8085158
0.8063134
0.8161258
0.8164314
0.8047454
0.794198
0.8017717
0.7969499
0.7733456
0.7660844
0.7819245
0.7947481
0.7874555
0.7926602
0.8139189
0.8243599
0.8164209
0.7976554
0.8050279
0.820102
0.8268938
0.8207442
0.8135026
0.8409086
0.8620153
0.8584569
0.8427929
0.8537698
0.8769565
0.8790951
0.8707461
0.8624146
0.8790617
0.8842524
0.882724
0.8857839
0.8763938
0.8842491
0.8921084
0.8916567
0.88156
0.8667229
0.8777218
0.8866108
0.8860601
0.8807686
0.8765121
0.8889721
0.8937306
0.8952217
0.8912491
0.8761001
0.8739197
0.8754524
0.8805521
0.8865369
0.8744682
0.8670139
0.8751498
0.8792615
0.8676692
0.8631464
0.8792115
0.8842685
0.8870068
0.8841245
0.8728591
0.8801123
0.8913355
0.9010584
0.8926316
0.8735539
0.8765957
0.8859176
0.8933719
0.8924548
0.8839135
0.8835852
0.88623
0.8755478
0.8512354
0.8415227
0.8495971
0.8594734
0.8605244
0.8446958
0.8481162
0.8711415
0.8767634
0.871145
0.8525798
0.8459562
0.855181
0.854652
0.8400268
0.833108
0.8447128
0.8408314
0.8455302
0.8433858
0.8227457
0.8256037
0.8369423
0.8429488
0.841358
0.8236317
0.8209689
0.8352157
0.8339635
0.8317566
0.8194579
0.8095835
0.8172243
0.8182719
0.8136314
0.8050491
0.8208439
0.8473992
0.8464546
0.8267065
0.8172152
0.8212959
0.815109
0.818497
0.8151903
0.7897899
0.792162
0.8195245
0.8232987
0.8369174
0.8453153
0.8400047
0.86486
0.874689
0.8680203
0.8590248
0.8242037
0.80077
0.8253223
0.8361349
0.8441081
0.8560699
0.8464764
0.8504048
0.824572
0.7636512
0.7755876
0.7227232
0.7002644
0.70185
0.6834728
0.817909
0.7771355
0.7170973
0.7375858
0.7084972
0.7163163
0.7104225
0.7093474
0.7044826
0.7019316
0.6974504
0.6853648
0.68171
0.6849422
0.6839607
0.6753287
0.6663447
0.6647633
0.6664764
0.6660589
0.66426
0.6780689
0.6870975
0.6789195
0.6845178
0.7012168
0.708002
0.7013618
0.6964576
0.7029233
0.708614
0.7059687
0.6945191
0.6919283
0.7008385
0.6914644
0.6811315
0.6813909
0.6810202
0.6839133
0.6748958
0.6730525
0.6821548
0.6771483
0.6714784
0.6714952
0.6704155
0.6685957
0.6641118
0.6557737
0.6506837
0.6492444
0.6455941
0.6392869
0.6350508
0.6361777
0.6353919
0.6283814
0.6252554
0.6243414
0.6207827
0.624904
0.6238644
0.6156049
0.6147025
0.6140125
0.6087944
0.6022597
0.6035079
0.6069568
0.6027727
0.6029593
0.6089181
0.6051808
0.6006348
0.6033121
0.6057116
0.6026926
0.5988123
0.6024796
0.6062381
0.5977515
0.5959664
0.5898594
0.6022698
0.5754606
0.625972
0.7346924
0.6221918
0.5758615
0.5882883
0.6038978
0.7429599
0.8100972
0.7734505
0.7562052
0.7369482
0.7325949
0.7474041
0.7716764
0.8169634
0.702368
0.700869
0.7952683
0.7661846
0.7176326
0.6947872
0.7542196
0.7309306
0.6729206
0.7285599
0.7682013
0.7391076
0.7062345
0.7609164
0.8192634
0.7620948
0.6958676
0.7162668
0.7665482
0.6963417
0.6597409
0.7630261
0.7122236
0.7266769
0.7930038
0.7397632
0.7543083
0.7040237
0.7143362
0.73809
0.6907206
0.7029178
0.7538779
0.7592077
0.676178
0.7204316
0.7752869
0.7255347
0.7511187
0.7668113
0.765113
0.7651297
0.7529402
0.6969919
0.6361688
0.7127522
0.7834706
0.7493633
0.7415623
0.8097575
0.7712206
0.7501571
0.8010976
0.7040926
0.7415432
0.8274529
0.7875387
0.7820542
0.7048856
0.7081454
0.7763457
0.7396829
0.7090685
0.7229969
0.6979223
0.7820075
0.7666013
0.674449
0.7532301
0.7167944
0.7394498
0.7851571
0.7222018
0.7162832
0.7379902
0.7748422
0.7673637
0.6440839
0.6610064
0.7984239
0.8037004
0.7518165
0.7961028
0.7466506
0.6537078
0.7450256
0.7508013
0.7206926
0.7480313
0.7586709
0.7388366
0.7525255
0.7144565
0.6968378
0.7770236
0.7975487
0.803858
0.7573897
0.790118
0.8319018
0.7246214
0.6704807
0.719212
0.7196542
0.7571076
0.7994123
0.7416069
0.7343837
0.7361017
0.7231485
0.7635792
0.784334
0.7571422
0.755052
0.7888444
0.7568831
0.7333391
0.7847379
0.733402
0.7173257
0.8104082
0.7825846
0.6928596
0.6673022
0.6759118
0.7253628
0.7450001
0.7461784
0.7560192
0.6953748
0.6866305
0.7726475
0.7660069
0.6487572
0.5771335
0.5677846
0.5806415
0.5671507
0.5898811
0.7049133
0.6781946
0.6317594
0.7174556
0.7295109
0.7154124
0.7398613
0.7673406
0.7307874
0.703732
0.6625454
0.5998891
0.6951979
0.7460381
0.6599934
0.5823021
0.5644485
0.575894
0.5866954
0.597741
0.5942925
0.5940081
0.6015137
0.608958
0.6076459
0.5978551
0.5998926
0.6169448
0.6163553
0.6097046
0.6066109
0.6007851
0.5981565
0.594828
0.6112752
0.6309638
0.6250996
0.6199081
0.6218358
0.6233799
0.618753
0.6129946
0.627385
0.6445259
0.6447805
0.6437806
0.649352
0.6645295
0.6672766
0.6531342
0.6573982
0.6699436
0.6737968
0.6606701
0.6501369
0.6591162
0.6586316
0.6486143
0.6459122
0.652547
0.6690338
0.6663628
0.6643053
0.6877153
0.6989822
0.7047385
0.6781231
0.6721997
0.6978062
0.6862663
0.6858339
0.6783181
0.6883863
0.7414482
0.7421941
0.6928784
0.6843556
0.7010752
0.7118682
0.7143062
0.6952501
0.7041444
0.7213372
0.7146613
0.7039099
0.6969155
0.7137778
0.7383422
0.7323075
0.7114812
0.7108635
0.7309809
0.7377674
0.7198794
0.7204193
0.7380907
0.7564746
0.7459032
0.7234663
0.731367
0.7532789
0.7527008
0.7243918
0.7144552
0.7181353
0.7212104
0.7121644
0.7169177
0.7421636
0.7443172
0.733872
0.7318256
0.7450937
0.7601789
0.7453951
0.7321983
0.7404752
0.7466269
0.7455029
0.7320675
0.7406908
0.7641132
0.7792031
0.7665518
0.7391343
0.7580737
0.7800377
0.7839446
0.7690928
0.7426458
0.752442
0.7613797
0.752967
0.7368757
0.7336387
0.7543781
0.7700724
0.7642003
0.7428979
0.7410586
0.7590819
0.7756209
0.7659045
0.747671
0.7610957
0.7785645
0.7946269
0.7821711
0.7443535
0.7429682
0.7417252
0.7294128
0.7141362
0.7060766
0.7312154
0.7531549
0.7442148
0.734314
0.7520777
0.7672578
0.7622784
0.7504637
0.7388112
0.762662
0.7958505
0.7872222
0.7708921
0.7617529
0.7749614
0.7995227
0.7859692
0.7691994
0.7817249
0.8021889
0.8117458
0.7877805
0.7748592
0.7882823
0.7803182
0.7530425
0.7311668
0.7443221
0.762745
0.7633016
0.7379126
0.7408652
0.760073
0.7532395
0.779994
0.7732344
0.7497741
0.7586289
0.761317
0.7670596
0.7624734
0.7434718
0.7257143
0.7125885
0.7191916
0.7372363
0.7352176
0.7322258
0.7483489
0.7707379
0.790945
0.7935096
0.7680804
0.7557081
0.7781824
0.8009591
0.8116203
0.7826124
0.7721086
0.8036046
0.8133903
0.8001879
0.7839091
0.7937517
0.8080589
0.80086
0.7775167
0.7731052
0.7883477
0.7875007
0.7732342
0.7500942
0.792497
0.7857198
0.6677211
0.6911704
0.7726659
0.7881263
0.7974316
0.7835639
0.7638201
0.7705955
0.7903602
0.7962157
0.7843361
0.7709535
0.7734313
0.7706261
0.768375
0.7588568
0.745507
0.7522506
0.7489293
0.7425701
0.7437237
0.742759
0.7540525
0.7673472
0.7612005
0.754157
0.767654
0.7782263
0.7721341
0.7643242
0.7494742
0.7895231
0.7724488
0.6617852
0.7680561
0.7679595
0.6427337
0.7588951
0.7904644
0.7562288
0.7735176
0.769485
0.7632834
0.7457522
0.7617523
0.7766242
0.767462
0.7595877
0.7524391
0.7645694
0.7830975
0.785537
0.7710405
0.7552448
0.7674231
0.7877715
0.7811909
0.7603401
0.763683
0.7706795
0.7634567
0.7497193
0.7350012
0.7359302
0.7371714
0.7421183
0.739828
0.7360708
0.7521215
0.7530943
0.7558814
0.7614349
0.7505089
0.7540775
0.7628897
0.7431262
0.7283884
0.7298022
0.7164482
0.7044439
0.7161692
0.7282559
0.7112474
0.7110211
0.7308252
0.7368767
0.7345353
0.7175015
0.7138773
0.7298084
0.7510686
0.7384811
0.7528111
0.7232647
0.6341321
0.6473069
0.6671527
0.6588886
0.6407037
0.619379
0.5988808
0.639548
0.7573449
0.7509863
0.601198
0.5326839
0.6290605
0.7459734
0.7168244
0.6565655
0.6664691
0.6285436
0.5802868
0.5983976
0.5867976
0.5996041
0.6195433
0.5702606
0.6370296
0.6502032
0.5488459
0.6497767
0.6999864
0.6161331
0.6077951
0.6039776
0.6223259
0.6552753
0.6461562
0.5652556
0.5718896
0.5892041
0.5841545
0.5628628
0.5752351
0.5977182
0.5840536
0.6318205
0.5729879
0.5816864
0.636936
0.6194579
0.5850325
0.6068409
0.6299379
0.5331176
0.5546861
0.5983126
0.5913331
0.6446309
0.6454514
0.5776797
0.537948
0.5711
0.5943475
0.5643502
0.5549497
0.5907703
0.5534615
0.5737454
0.5999213
0.563792
0.6041217
0.5191667
0.4561025
0.6003098
0.6243985
0.5892487
0.5862166
0.5560087
0.543524
0.5193664
0.6204016
0.6933607
0.627293
0.598462
0.5577851
0.532591
0.5945239
0.5898903
0.5291495
0.5262725
0.5425465
0.5573606
0.5299183
0.5536193
0.6214504
0.6213747
0.5864257
0.4828764
0.5299509
0.5385903
0.5362203
0.6168997
0.5372303
0.5680136
0.6304049
0.5681848
0.5481615
0.6015439
0.5940073
0.5009087
0.5270883
0.6470953
0.5492516
0.4790515
0.5878949
0.585667
0.4967449
0.4733479
0.558404
0.6235854
0.6009176
0.5380447
0.5317004
0.5667328
0.5877185
0.5782131
0.567293
0.5851257
0.5402377
0.5334666
0.6131871
0.5909502
0.4842902
0.5587234
0.577248
0.5131831
0.5518647
0.5473675
0.5861356
0.6048751
0.5833551
0.5764538
0.5940056
0.6351364
0.6527988
0.5479608
0.4567009
0.540749
0.5700648
0.5448634
0.5861504
0.597143
0.531327
0.5403863
0.5588861
0.5408376
0.5318143
0.4690836
0.4769022
0.4843032
0.5090682
0.4913523
0.4855105
0.5187361
0.4789445
0.552612
0.5357139
0.477598
0.5012341
0.5145989
0.5372864
0.5657765
0.5185562
0.4492096
0.5286291
0.6051134
0.6020174
0.4903355
0.490128
0.6300801
0.5546224
0.5302999
0.5477884
0.4718724
0.483212
0.4657594
0.5018493
0.527614
0.4837988
0.5524466
0.5494125
0.495547
0.538049
0.5781806
0.5805982
0.5249442
0.5335679
0.5052842
0.4971398
0.5585625
0.4991881
0.5603996
0.5804094
0.5172344
0.5410795
0.5566542
0.5086664
0.5004957
0.5117029
0.4797808
0.5147092
0.4795818
0.5033904
0.5445022
0.5546047
0.5158354
0.4049221
0.416832
0.4272572
0.4802375
0.5670538
0.619268
0.5403446
0.4583306
0.5517633
0.5421006
0.5299344
0.555924
0.5049704
0.5251916
0.5485729
0.5802434
0.520942
0.4461453
0.5842216
0.5804178
0.5046527
0.3965415
0.4472999
0.595015
0.4137187
0.4738615
0.6174651
0.5503912
0.6037622
0.588075
0.5106284
0.5260864
0.5217309
0.4928199
0.5057295
0.5513356
0.4891843
0.4108301
0.485382
0.5290919
0.5435832
0.5140907
0.4390204
0.501518
0.5616854
0.5580041
0.4879263
0.4984502
0.5469794
0.4357957
0.467531
0.5098042
0.4268412
0.5074955
0.5839127
0.5009607
0.483856
0.5081846
0.4910041
0.5267435
0.5427993
0.4870141
0.4365304
0.4147769
0.4734035
0.5066763
0.4076378
0.3788134
0.465711
0.4882517
0.4621823
0.5154719
0.5097883
0.479399
0.5242775
0.5028419
0.4671503
0.4908936
0.5206375
0.4927185
0.4602732
0.5186577
0.5402912
0.4985623
0.4844024
0.4787997
0.4631922
0.355484
0.3943098
0.5524723
0.5209821
0.4420662
0.3661737
0.3839049
0.4738045
0.4785879
0.4995559
0.4976265
0.4875675
0.5074388
0.4463719
0.3898578
0.4277174
0.4849232
0.4854042
0.4948473
0.4605954
0.4413518
0.4336469
0.3895212
0.3826915
0.4183636
0.4895684
0.4559569
0.4995741
0.5317178
0.4728679
0.453647
0.393456
0.4025664
0.4792985
0.4501252
0.4608982
0.5533895
0.4695781
0.4454835
0.4975287
0.4504282
0.431062
0.5105851
0.5268118
0.4744075
0.4601736
0.4794407
0.4663649
0.4414632
0.5281358
0.4455656
0.3708325
0.4283226
0.4677876
0.5208482
0.5088623
0.4408658
0.396127
0.3776963
0.4783722
0.5186589
0.4172284
0.4418459
0.4747502
0.476197
0.4327464
0.4107613
0.4189251
0.4653008
0.536645
0.5249456
0.501303
0.522326
0.5116162
0.4248549
0.282358
0.3024332
0.4292618
0.2982547
0.2926878
0.3503931
0.3355547
0.488561
0.4858878
0.337254
0.3115861
0.3235463
0.319647
0.3869697
0.2940815
0.299541
0.4597558
0.2958967
0.3030907
0.4073231
0.3382834
0.3985401
0.3124306
0.2754038
0.363224
0.2829673
0.2937326
0.3709905
0.2926678
0.2855997
0.3700915
0.2804149
0.3054855
0.3994995
0.3204594
0.3390839
0.2893224
0.2980286
0.4156648
0.3012301
0.2814079
0.3442353
0.2932134
0.2720454
0.2640909
0.2780906
0.2782688
0.2638285
0.2725158
0.26548
0.2741861
0.286532
0.2741381
0.2655988
0.2722702
0.2643168
0.2773072
0.2799794
0.2603829
0.2793231
0.2789297
0.2609621
0.2789412
0.2792949
0.2604414
0.2798633
0.277536
0.2638675
0.2731523
0.2638674
0.2775362
0.2798628
0.2604424
0.2792928
0.2789452
0.2609542
0.2789452
0.2792927
0.2604427
0.2798621
0.2775374
0.263865
0.273157
0.2638584
0.2775538
0.2798283
0.2605101
0.27916
0.2792059
0.2604424
0.2799496
0.2773216
0.2643112
0.2722699
0.2656053
0.2741223
0.2865645
0.2741215
0.2656072
0.2722659
0.264319
0.2773061
0.27998
0.2603826
0.2793233
0.2789297
0.2609621
0.2789411
0.2792949
0.2604414
0.2798632
0.2775361
0.2638672
0.2731529
0.2638663
0.2775383
0.2798587
0.2604503
0.2792773
0.2789756
0.2608945
0.2790622
0.2790631
0.2608933
0.2789778
0.2792731
0.2604586
0.2798424
0.2775703
0.2638035
0.2732762
0.2636252
0.2780111
0.278931
0.262271
0.275704
0.2859887
0.2739634
0.266574
0.2700339
0.2688699
0.2392187
0.296914
0.3985971
0.3936327
0.4211805
0.37326
0.2756658
0.2623006
0.278896
0.278068
0.2635195
0.2734806
0.2634039
0.2783537
0.2783052
0.2634753
0.2733525
0.2637647
0.2775899
0.2798328
0.2604628
0.2792723
0.2789756
0.2608996
0.2790497
0.279089
0.2608417
0.2790794
0.2790735
0.2608504
0.2790734
0.2790795
0.2608415
0.2790895
0.2790488
0.2609014
0.2789721
0.2792791
0.2604494
0.2798591
0.2775382
0.2638661
0.2731534
0.263866
0.2775384
0.2798587
0.2604503
0.2792773
0.2789756
0.2608944
0.2790625
0.2790625
0.2608944
0.2789757
0.2792772
0.2604506
0.2798582
0.2775393
0.2638642
0.273157
0.2638592
0.2775519
0.2798322
0.2605022
0.2791755
0.2791753
0.2605025
0.2798318
0.2775528
0.2638574
0.2731605
0.2638574
0.2775528
0.2798317
0.2605025
0.2791753
0.2791755
0.2605021
0.2798323
0.2775517
0.2638594
0.2731564
0.2638653
0.2775373
0.2798622
0.2604427
0.2792927
0.2789453
0.2609541
0.2789453
0.2792927
0.2604427
0.2798622
0.2775373
0.2638653
0.2731564
0.2638594
0.2775518
0.2798323
0.2605022
0.2791755
0.2791755
0.2605022
0.2798322
0.2775519
0.2638592
0.2731569
0.2638644
0.2775391
0.2798587
0.2604495
0.2792792
0.2789717
0.2609023
0.279047
0.279093
0.2608346
0.279093
0.279047
0.2609023
0.2789716
0.2792793
0.2604493
0.2798592
0.2775381
0.2638662
0.2731533
0.2638662
0.2775381
0.2798592
0.2604493
0.2792793
0.2789716
0.2609023
0.279047
0.279093
0.2608346
0.279093
0.279047
0.2609023
0.2789716
0.2792793
0.2604493
0.2798592
0.2775381
0.2638662
0.2731533
0.2638662
0.2775382
0.2798591
0.2604494
0.2792791
0.2789721
0.2609013
0.279049
0.2790889
0.2608425
0.2790775
0.2790775
0.2608425
0.2790889
0.279049
0.2609013
0.2789721
0.2792791
0.2604494
0.2798591
0.2775382
0.2638662
0.2731534
0.2638662
0.2775382
0.2798591
0.2604494
0.2792791
0.2789721
0.2609014
0.2790488
0.2790894
0.2608416
0.2790793
0.2790739
0.2608495
0.2790752
0.279076
0.2608483
0.279076
0.2790751
0.2608497
0.2790736
0.2790798
0.2608405
0.2790915
0.2790448
0.2609093
0.2789566
0.2793096
0.2603896
0.2799765
0.2773079
0.2643181
0.2722663
0.2656071
0.2741214
0.2865649
0.2741214
0.2656071
0.2722664
0.264318
0.2773082
0.2799759
0.2603907
0.2793075
0.2789606
0.2609013
0.2790605
0.2790605
0.2609013
0.2789606
0.2793075
0.2603907
0.2799759
0.2773082
0.264318
0.2722664
0.2656071
0.2741214
0.2865649
0.2741214
0.2656071
0.2722663
0.2643181
0.2773079
0.2799765
0.2603896
0.2793096
0.2789566
0.2609093
0.2790448
0.2790915
0.2608405
0.2790798
0.2790736
0.2608496
0.2790752
0.279076
0.2608484
0.2790758
0.2790757
0.2608486
0.2790757
0.2790758
0.2608485
0.279076
0.2790752
0.2608495
0.2790739
0.2790793
0.2608416
0.2790894
0.2790488
0.2609014
0.2789721
0.2792791
0.2604494
0.2798591
0.2775382
0.2638661
0.2731534
0.263866
0.2775384
0.2798587
0.2604503
0.2792773
0.2789756
0.2608946
0.2790622
0.2790632
0.2608931
0.2789782
0.2792722
0.2604602
0.2798392
0.2775765
0.2637912
0.2733003
0.2635779
0.2602153
0.2603619
0.2544178
0.2611397
0.2605287
0.2631436
0.2740607
0.2623456
0.2569111
0.2641726
0.2538917
0.1701119
0.1267796
0.1409242
0.1534754
0.2615318
0.2864679
0.2601179
0.2734898
0.2667827
