0.649
0.654
0.653
0.658
0.657
0.657
0.648
0.649
0.642
0.638
0.632
0.632
0.64
0.647
0.655
0.653
0.661
0.655
0.66
0.67
0.67
0.666
0.659
0.656
0.651
0.664
0.657
0.658
0.658
0.658
0.653
0.656
0.646
0.643
0.644
0.648
0.653
0.654
0.66
0.667
0.669
0.666
0.663
0.66
0.663
0.665
0.665
0.657
0.657
0.658
0.655
0.662
0.659
0.655
0.655
0.665
0.669
0.674
0.67
0.666
0.655
0.655
0.657
0.667
0.66
0.662
0.653
0.652
0.657
0.662
0.662
0.659
0.666
0.672
0.671
0.682
0.68
0.677
0.675
0.669
0.661
0.658
0.657
0.661
0.662
0.657
0.656
0.655
0.658
0.667
0.664
0.666
0.664
0.663
0.663
0.655
0.665
0.664
0.659
0.661
0.656
0.658
0.665
0.671
0.66
0.659
0.648
0.662
0.664
0.66
0.664
0.652
0.65
0.648
0.651
0.654
0.668
0.668
0.659
0.661
0.65
0.635
0.626
0.628
0.628
0.64
0.66
0.664
0.669
0.673
0.668
0.667
0.67
0.666
0.674
0.67
0.666
0.666
0.665
0.663
0.66
0.663
0.671
0.678
0.68
0.678
0.686
0.681
0.692
0.689
0.682
0.677
0.673
0.681
0.685
0.678
0.668
0.666
0.673
0.67
0.669
0.671
0.681
0.679
0.683
0.688
0.688
0.679
0.68
0.677
0.681
0.678
0.67
0.666
0.662
0.658
0.659
0.661
0.655
0.649
0.654
0.653
0.666
0.677
0.676
0.669
0.676
0.673
0.68
0.686
0.673
0.67
0.663
0.661
0.666
0.669
0.666
0.666
0.67
0.67
0.681
0.678
0.671
0.672
0.666
0.678
0.689
0.686
0.687
0.685
0.675
0.674
0.673
0.672
0.671
0.668
0.664
0.659
0.664
0.671
0.667
0.66
0.655
0.651
0.659
0.664
0.675
0.678
0.679
0.678
0.683
0.705
0.694
0.685
0.677
0.678
0.686
0.693
0.692
0.684
0.683
0.676
0.682
0.68
0.675
0.67
0.669
0.67
0.664
0.667
0.671
0.669
0.672
0.683
0.677
0.675
0.668
0.671
0.676
0.674
0.669
0.669
0.665
0.666
0.673
0.671
0.671
0.656
0.667
0.669
0.67
0.67
0.671
0.658
0.659
0.669
0.677
0.671
0.666
0.656
0.661
0.659
0.664
0.667
0.67
0.666
0.663
0.651
0.664
0.671
0.671
0.672
0.67
0.679
0.673
0.678
0.668
0.661
0.659
0.651
0.651
0.655
0.652
0.652
0.647
0.654
0.657
0.647
0.639
0.627
0.632
0.641
0.644
0.666
0.678
0.675
0.681
0.685
0.676
0.665
0.664
0.675
0.675
0.682
0.694
0.692
0.702
0.692
0.68
0.67
0.67
0.684
0.7
0.707
0.701
0.679
0.672
0.674
0.672
0.678
0.67
0.666
0.66
0.653
0.654
0.657
0.655
0.647
0.643
0.65
0.653
0.655
0.657
0.653
0.65
0.657
0.663
0.66
0.66
0.656
0.653
0.653
0.666
0.667
0.675
0.669
0.666
0.658
0.66
0.666
0.667
0.663
0.658
0.657
0.661
0.662
0.669
0.66
0.659
0.661
0.672
0.673
0.668
0.666
0.665
0.678
0.678
0.68
0.669
0.668
0.663
0.676
0.673
0.664
0.657
0.642
0.646
0.647
0.64
0.644
0.638
0.637
0.653
0.666
0.662
0.66
0.646
0.647
0.654
0.662
0.656
0.656
0.656
0.659
0.672
0.674
0.678
0.672
0.666
0.666
0.669
0.667
0.666
0.663
0.661
0.671
0.672
0.678
0.669
0.669
0.666
0.669
0.67
0.669
0.668
0.661
0.666
0.669
0.674
0.672
0.674
0.667
0.667
0.666
0.663
0.666
0.672
0.671
0.668
0.668
0.668
0.672
0.676
0.677
0.67
0.671
0.664
0.675
0.676
0.673
0.665
0.66
0.654
0.656
0.657
0.662
0.666
0.656
0.649
0.65
0.654
0.659
0.657
0.655
0.661
0.676
0.675
0.661
0.656
0.658
0.655
0.654
0.664
0.658
0.672
0.681
0.681
0.681
0.684
0.69
0.676
0.674
0.671
0.674
0.676
0.674
0.668
0.657
0.656
0.665
0.666
0.666
0.661
0.654
0.655
0.661
0.671
0.681
0.69
0.684
0.674
0.67
0.663
0.665
0.656
0.654
0.651
0.646
0.654
0.647
0.646
0.661
0.675
0.677
0.666
0.65
0.646
0.649
0.643
0.643
0.627
0.629
0.636
0.648
0.664
0.666
0.68
0.683
0.674
0.678
0.674
0.685
0.692
0.691
0.694
0.697
0.702
0.5982095
0.695
0.694
0.69
0.693
0.694
0.686
0.681
0.68
0.68
0.684
0.688
0.683
0.684
0.679
0.67
0.668
0.67
0.667
0.656
0.654
0.65
0.666
0.661
0.655
0.65
0.655
0.661
0.668
0.661
0.66
0.647
0.661
0.657
0.655
0.642
0.639
0.644
0.645
0.65
0.646
0.642
0.654
0.648
0.648
0.662
0.658
0.645
0.653
0.645
0.651
0.66
0.657
0.652
0.653
0.646
0.654
0.661
0.658
0.654
0.655
0.657
0.661
0.666
0.663
0.659
0.656
0.647
0.653
0.655
0.659
0.656
0.655
0.664
0.681
0.691
0.675
0.665
0.668
0.666
0.663
0.66
0.658
0.652
0.649
0.657
0.657
0.661
0.655
0.658
0.664
0.672
0.666
0.658
0.647
0.654
0.656
0.662
0.664
0.653
0.656
0.657
0.666
0.673
0.667
0.664
0.663
0.671
0.669
0.666
0.662
0.66
0.657
0.664
0.667
0.666
0.666
0.675
0.666
0.666
0.676
0.679
0.673
0.666
0.666
0.672
0.676
0.668
0.667
0.664
0.672
0.67
0.667
0.664
0.658
0.653
0.657
0.665
0.663
0.665
0.665
0.661
0.663
0.665
0.663
0.664
0.659
0.661
0.667
0.657
0.66
0.649
0.648
0.647
0.651
0.642
0.64
0.639
0.647
0.657
0.655
0.646
0.651
0.661
0.656
0.66
0.655
0.651
0.652
0.652
0.647
0.642
0.646
0.653
0.65
0.656
0.647
0.5855111
0.643
0.646
0.657
0.665
0.663
0.662
0.655
0.659
0.66
0.662
0.666
0.658
0.657
0.663
0.665
0.671
0.664
0.656
0.65
0.649
0.654
0.645
0.641
0.626
0.629
0.63
0.628
0.644
0.651
0.658
0.663
0.656
0.649
0.648
0.651
0.653
0.655
0.657
0.65
0.651
0.647
0.653
0.652
0.651
0.653
0.656
0.655
0.671
0.669
0.662
0.659
0.646
0.653
0.648
0.657
0.66
0.652
0.657
0.649
0.656
0.661
0.666
0.659
0.653
0.645
0.644
0.64
0.645
0.644
0.636
0.633
0.636
0.637
0.639
0.627
0.638
0.647
0.654
0.642
0.639
0.643
0.646
0.659
0.654
0.658
0.648
0.656
0.667
0.666
0.667
0.663
0.655
0.661
0.655
0.651
0.642
0.637
0.634
0.637
0.639
0.64
0.628
0.631
0.642
0.651
0.653
0.667
0.671
0.667
0.662
0.656
0.659
0.66
0.661
0.659
0.656
0.653
0.663
0.6284226
0.669
0.653
0.651
0.643
0.642
0.634
0.639
0.665
0.666
0.653
0.653
0.655
0.652
0.65
0.653
0.662
0.666
0.5812884
0.5830062
0.6315105
0.5930014
0.5400358
0.651
0.641
0.609
0.601
0.6
0.586
0.588
0.588
0.589
0.592
0.591
0.588
0.59
0.591
0.592
0.599
0.593
0.592
0.59
0.586
0.578
0.572
0.565
0.562
0.572
0.571
0.576
0.572
0.564
0.561
0.562
0.55
0.547
0.549
0.546
0.546
0.547
0.553
0.554
0.55
0.56
0.555
0.551
0.553
0.56
0.556
0.557
0.557
0.558
0.556
0.556
0.553
0.549
0.547
0.546
0.544
0.547
0.548
0.545
0.541
0.546
0.544
0.539
0.543
0.546
0.541
0.546
0.543
0.537
0.547
0.541
0.537
0.541
0.537
0.538
0.539
0.54
0.539
0.536
0.541
0.538
0.535
0.538
0.534
0.535
0.536
0.532
0.53
0.53
0.529
0.528
0.528
0.523
0.528
0.526
0.524
0.522
0.524
0.523
0.523
0.521
0.517
0.515
0.517
0.514
0.514
0.514
0.511
0.512
0.515
0.508
0.514
0.508
0.513
0.51
0.508
0.506
0.504
0.509
0.506
0.502
0.505
0.508
0.505
0.507
0.504
0.503
0.505
0.504
0.503
0.503
0.5
0.5
0.501
0.499
0.498
0.497
0.5
0.499
0.493
0.491
0.494
0.491
0.494
0.487
0.491
0.494
0.488
0.485
0.483
0.486
0.489
0.482
0.482
0.482
0.483
0.481
0.482
0.481
0.478
0.48
0.479
0.478
0.477
0.477
0.478
0.476
0.5461728
0.5534904
0.6045779
0.5780247
0.476
0.5791344
0.5701735
0.5496788
0.6213866
0.5818175
0.5062346
0.5879068
0.5518585
0.5335539
0.5595197
0.5346889
0.543719
0.5468277
0.5142259
0.5915013
0.5704579
0.5308134
0.6040281
0.5786051
0.5564243
0.5928179
0.5922238
0.5904177
0.5862711
0.5820699
0.5631278
0.5555769
0.5532207
0.5435193
0.558361
0.5258872
0.6310406
0.6015231
0.5300273
0.5520214
0.5499945
0.5881172
0.5615922
0.5718352
0.5631262
0.5626146
0.6057886
0.5568653
0.6101741
0.5161848
0.5814776
0.5672879
0.5700372
0.5749807
0.5478858
0.5529955
0.5319243
0.5302221
0.5722895
0.576651
0.5644707
0.5910332
0.6255177
0.5475883
0.4918107
0.5933069
0.5406915
0.5412703
0.5937031
0.5534847
0.5247378
0.5676251
0.5577448
0.5621074
0.5736661
0.5504353
0.5814664
0.5548985
0.571751
0.5951234
0.5747822
0.551394
0.5965112
0.591685
0.5779796
0.5684243
0.5418038
0.6026651
0.5425171
0.6278609
0.6077342
0.5534881
0.5291949
0.5388118
0.5683836
0.5528892
0.5497342
0.531161
0.558874
0.5361403
0.5090206
0.5484118
0.5881559
0.5423068
0.5784999
0.5102386
0.5580449
0.5755995
0.5688505
0.5627997
0.5398697
0.5334052
0.5280003
0.5629233
0.5302285
0.5441685
0.5512929
0.6155752
0.5390461
0.5661751
0.5612935
0.5293762
0.5566046
0.6029925
0.5725093
0.5598823
0.5456177
0.4955966
0.593115
0.5136431
0.5810131
0.616781
0.513993
0.5796817
0.468
0.5500396
0.471
0.471
0.471
0.471
0.471
0.5095939
0.466
0.47
0.47
0.475
0.477
0.475
0.477
0.48
0.479
0.484
0.482
0.477
0.487
0.487
0.486
0.49
0.489
0.488
0.496
0.491
0.483
0.502
0.497
0.488
0.499
0.488
0.5
0.501
0.493
0.499
0.501
0.502
0.501
0.503
0.493
0.506
0.491
0.491
0.491
0.493
0.493
0.493
0.499
0.5
0.495
0.509
0.503
0.503
0.503
0.506
0.505
0.501
0.51
0.505
0.508
0.505
0.506
0.506
0.508
0.5
0.508
0.509
0.515
0.514
0.517
0.518
0.524
0.528
0.529
0.53
0.517
0.525
0.523
0.525
0.53
0.528
0.522
0.526
0.531
0.529
0.53
0.528
0.538
0.532
0.538
0.536
0.529
0.541
0.538
0.541
0.544
0.537
0.544
0.544
0.545
0.548
0.554
0.552
0.553
0.545
0.558
0.559
0.544
0.552
0.537
0.541
0.534
0.53
0.522
0.527
0.533
0.525
0.53
0.53
0.529
0.532
0.54
0.546
0.557
0.551
0.554
0.539
0.539
0.539
0.538
0.539
0.538
0.54
0.545
0.546
0.548
0.55
0.551
0.552
0.549
0.552
0.553
0.561
0.572
0.567
0.561
0.553
0.547
0.55
0.545
0.538
0.541
0.552
0.552
0.551
0.54
0.542
0.541
0.539
0.536
0.537
0.534
0.526
0.527
0.522
0.521
0.526
0.526
0.528
0.543
0.534
0.537
0.585
0.564
0.549
0.546
0.543
0.535
0.528
0.527
0.525
0.528
0.527
0.531
0.537
0.541
0.541
0.539
0.537
0.536
0.538
0.538
0.538
0.541
0.551
0.555
0.547
0.559
0.565
0.569
0.566
0.557
0.556
0.56
0.547
0.546
0.539
0.544
0.55
0.555
0.559
0.562
0.57
0.579
0.573
0.573
0.572
0.564
0.559
0.556
0.564
0.573
0.572
0.571
0.572
0.572
0.573
0.573
0.569
0.569
0.576
0.581
0.585
0.584
0.583
0.583
0.583
0.577
0.576
0.58
0.579
0.579
0.577
0.572
0.574
0.578
0.577
0.576
0.573
0.572
0.577
0.572
0.569
0.566
0.555
0.553
0.559
0.554
0.564
0.57
0.579
0.582
0.572
0.575
0.574
0.577
0.591
0.594
0.592
0.593
0.598
0.598
0.594
0.595
0.595
0.602
0.6
0.603
0.595
0.594
0.603
0.604
0.601
0.601
0.593
0.598
0.602
0.608
0.604
0.602
0.601
0.607
0.606
0.605
0.597
0.6
0.605
0.602
0.599
0.59
0.589
0.595
0.597
0.586
0.589
0.587
0.596
0.608
0.606
0.609
0.613
0.616
0.612
0.611
0.618
0.622
0.619
0.621
0.629
0.625
0.625
0.619
0.614
0.601
0.609
0.603
0.616
0.627
0.628
0.627
0.623
0.631
0.627
0.634
0.62
0.614
0.612
0.603
0.595
0.589
0.59
0.587
0.585
0.586
0.59
0.592
0.597
0.604
0.619
0.627
0.626
0.619
0.63
0.628
0.62
0.621
0.62
0.613
0.609
0.608
0.608
0.609
0.613
0.615
0.624
0.622
0.625
0.636
0.641
0.646
0.632
0.624
0.624
0.619
0.619
0.617
0.615
0.625
0.629
0.626
0.625
0.624
0.621
0.619
0.623
0.622
0.619
0.622
0.625
0.621
0.627
0.625
0.606
0.615
0.623
0.622
0.62
0.615
0.619
0.629
0.625
0.623
0.618
0.62
0.625
0.629
0.632
0.631
0.637
0.645
0.655
0.654
0.654
0.654
0.657
0.662
0.65
0.639
0.638
0.644
0.636
0.622
0.618
0.614
0.614
0.599
0.598
0.589
0.592
0.588
0.593
0.591
0.612
0.619
0.622
0.627
0.634
0.638
0.636
0.642
0.647
0.649
0.639
0.637
0.635
0.645
0.644
0.635
0.63
0.636
0.634
0.635
0.63
0.633
0.626
0.629
0.645
0.645
0.647
0.661
0.651
0.666
0.663
0.659
0.657
0.65
0.649
0.654
0.666
0.661
0.658
0.649
0.639
0.628
0.636
0.637
0.653
0.65
0.647
0.656
0.654
0.651
0.657
0.639
0.642
0.652
0.646
0.641
0.643
0.644
0.648
0.652
0.648
0.655
0.654
0.656
0.652
0.644
0.643
0.645
0.638
0.636
0.639
0.641
0.65
0.644
0.649
0.652
0.646
0.642
0.644
0.643
0.647
0.641
0.649
0.639
0.641
0.646
0.651
0.645
0.636
0.635
0.64
0.649
0.65
0.651
0.638
0.648
0.647
0.641
0.64
0.628
0.624
0.625
0.628
0.62
0.625
0.633
0.633
0.646
0.637
0.632
0.643
0.649
0.647
0.632
0.613
0.61
0.613
0.612
0.604
0.609
0.622
0.628
0.634
0.625
0.644
0.651
0.687
0.687
0.679
0.687
0.689
0.679
0.668
0.658
0.662
0.652
0.654
0.656
0.654
0.65
0.65
0.646
0.64
0.641
0.638
0.642
0.649
0.654
0.652
0.658
0.658
0.649
0.649
0.654
0.649
0.654
0.657
0.649
0.641
0.628
0.622
0.629
0.627
0.629
0.633
0.64
0.652
0.656
0.653
0.646
0.639
0.625
0.625
0.623
0.628
0.632
0.625
0.63
0.627
0.628
0.621
0.635
0.639
0.64
0.631
0.632
0.645
0.637
0.631
0.631
0.633
0.636
0.635
0.633
0.641
0.645
0.647
0.644
0.643
0.636
0.63
0.622
0.615
0.625
0.629
0.627
0.625
0.624
0.625
0.632
0.633
0.63
0.632
0.633
0.623
0.626
0.629
0.63
0.635
0.642
0.652
0.654
0.661
0.657
0.646
0.652
0.659
0.654
0.646
0.645
0.637
0.632
0.639
0.635
0.635
0.642
0.641
0.636
0.634
0.639
0.637
0.634
0.627
0.645
0.647
0.65
0.654
0.64
0.635
0.631
0.636
0.635
0.642
0.646
0.65
0.648
0.642
0.644
0.649
0.646
0.641
0.644
0.646
0.646
0.655
0.656
0.642
0.645
0.664
0.662
0.654
0.646
0.634
0.637
0.642
0.638
0.642
0.636
0.651
0.657
0.657
0.646
0.654
0.654
0.648
0.655
0.655
0.662
0.65
0.649
0.663
0.658
0.658
0.653
0.646
0.64
0.638
0.637
0.639
0.639
0.637
0.635
0.63
0.626
0.633
0.637
0.629
0.623
0.624
0.618
0.625
0.624
0.64
0.633
0.633
0.628
0.635
0.645
0.65
0.651
0.646
0.647
0.648
0.643
0.633
0.654
0.656
0.642
0.639
0.643
0.63
0.624
0.615
0.611
0.606
0.599
0.598
0.592
0.596
0.597
0.6
0.603
0.611
0.611
0.611
0.613
0.62
0.624
0.648
0.657
0.666
0.658
0.656
0.637
0.629
0.633
0.632
0.639
0.646
0.639
0.643
0.638
0.63
0.625
0.618
0.621
0.614
0.614
0.62
0.633
0.637
0.638
0.64
0.64
0.644
0.646
0.645
0.643
0.645
0.648
0.647
0.644
0.644
0.639
0.641
0.634
0.642
0.638
0.633
0.64
0.648
0.646
0.651
0.649
0.646
0.643
0.641
0.639
0.639
0.64
0.644
0.641
0.634
0.632
0.635
0.635
0.629
0.626
0.622
0.623
0.628
0.628
0.625
0.629
0.634
0.641
0.637
0.632
0.633
0.63
0.632
0.632
0.636
0.641
0.648
0.639
0.641
0.638
0.641
0.643
0.645
0.645
0.651
0.653
0.651
0.643
0.642
0.644
0.645
0.64
0.634
0.635
0.638
0.64
0.633
0.631
0.638
0.641
0.641
0.636
0.643
0.64
0.637
0.633
0.624
0.621
0.616
0.628
0.631
0.635
0.639
0.638
0.633
0.626
0.63
0.618
0.619
0.617
0.617
0.616
0.613
0.609
0.613
0.612
0.619
0.62
0.63
0.633
0.632
0.641
0.644
0.654
0.659
0.65
0.649
0.656
0.657
0.658
0.657
0.646
0.646
0.65
0.648
0.644
0.64
0.646
0.642
0.648
0.65
0.649
0.662
0.665
0.666
0.659
0.666
0.665
0.683
0.679
0.673
0.672
0.673
0.668
0.668
0.663
0.673
0.671
0.659
0.666
0.664
0.671
0.667
0.66
0.655
0.652
0.649
0.639
0.636
0.641
0.64
0.648
0.677
0.679
0.678
0.682
0.682
0.671
0.66
0.656
0.65
0.655
0.664
0.669
0.684
0.698
0.71
0.695
0.681
0.678
0.68
0.681
0.693
0.682
0.67
0.664
0.677
0.675
0.678
0.672
0.671
0.661
0.647
0.642
0.639
0.641
0.642
0.643
0.639
0.639
0.634
0.638
0.628
0.63
0.624
0.618
0.619
0.624
0.626
0.623
0.629
0.642
0.636
0.63
0.621
0.625
0.626
0.636
0.644
0.647
0.65
0.644
0.636
0.639
0.632
0.632
0.64
0.647
0.642
0.642
0.641
0.649
0.653
0.655
0.65
0.649
0.647
0.644
0.645
0.644
0.636
0.639
0.647
0.639
0.642
0.642
0.645
0.647
0.645
0.636
0.646
0.638
0.642
0.64
0.637
0.627
0.635
0.638
0.638
0.636
0.648
0.646
0.661
0.658
0.643
0.633
0.627
0.624
0.631
0.646
0.651
0.658
0.666
0.669
0.66
0.653
0.65
0.652
0.653
0.656
0.682
0.69
0.696
0.692
0.687
0.68
0.663
0.663
0.665
0.664
0.653
0.645
0.635
0.639
0.654
0.655
0.667
0.689
0.693
0.68
0.676
0.67
0.664
0.657
0.661
0.65
0.647
0.648
0.65
0.656
0.655
0.668
0.677
0.688
0.689
0.691
0.677
0.685
0.667
0.682
0.687
0.675
0.677
0.666
0.661
0.652
0.661
0.661
0.66
0.658
0.654
0.654
0.645
0.643
0.642
0.643
0.642
0.649
0.659
0.662
0.671
0.671
0.672
0.67
0.669
0.666
0.666
0.656
0.654
0.655
0.659
0.66
0.66
0.656
0.658
0.666
0.667
0.651
0.654
0.654
0.652
0.652
0.647
0.641
0.625
0.624
0.629
0.636
0.64
0.641
0.651
0.651
0.642
0.635
0.648
0.652
0.654
0.65
0.661
0.658
0.647
0.644
0.638
0.637
0.632
0.628
0.631
0.625
0.631
0.62
0.623
0.631
0.628
0.623
0.625
0.619
0.623
0.616
0.615
0.623
0.64
0.667
0.671
0.669
0.668
0.662
0.658
0.653
0.654
0.654
0.655
0.663
0.664
0.663
0.652
0.647
0.638
0.626
0.621
0.618
0.624
0.63
0.628
0.635
0.651
0.662
0.667
0.671
0.666
0.674
0.667
0.677
0.673
0.673
0.673
0.669
0.669
0.673
0.676
0.671
0.667
0.668
0.662
0.657
0.666
0.666
0.675
0.68
0.687
0.68
0.688
0.686
0.683
0.679
0.676
0.671
0.67
0.686
0.682
0.679
0.668
0.667
0.671
0.665
0.666
0.67
0.68
0.666
0.683
0.69
0.703
0.701
0.684
0.677
0.675
0.663
0.653
0.662
0.664
0.672
0.679
0.674
0.671
0.679
0.68
0.686
0.687
0.683
0.671
0.667
0.667
0.667
0.664
0.657
0.658
0.666
0.668
0.669
0.665
0.661
0.666
0.676
0.671
0.673
0.659
0.651
0.641
0.636
0.632
0.637
0.641
0.647
0.649
0.65
0.65
0.646
0.643
0.642
0.63
0.632
0.635
0.647
0.656
0.664
0.672
0.688
0.693
0.688
0.684
0.685
0.684
0.687
0.682
0.685
0.676
0.675
0.677
0.679
0.68
0.686
0.678
0.671
0.672
0.659
0.658
0.655
0.644
0.651
0.654
0.651
0.644
0.641
0.638
0.632
0.643
0.64
0.642
0.653
0.652
0.659
0.66
0.655
0.658
0.65
0.65
0.654
0.649
0.652
0.651
0.651
0.648
0.649
0.639
0.659
0.654
0.651
0.658
0.651
0.646
0.645
0.641
0.651
0.648
0.654
0.655
0.659
0.655
0.664
0.66
0.655
0.653
0.641
0.635
0.621
0.626
0.633
0.635
0.642
0.655
0.655
0.655
0.65
0.645
0.652
0.653
0.643
0.643
0.632
0.625
0.622
0.622
0.624
0.632
0.638
0.652
0.654
0.656
0.644
0.631
0.638
0.642
0.641
0.64
0.634
0.629
0.628
0.627
0.621
0.623
0.632
0.635
0.642
0.637
0.63
0.625
0.629
0.642
0.645
0.657
0.662
0.659
0.67
0.678
0.672
0.678
0.672
0.669
0.666
0.67
0.667
0.66
0.658
0.654
0.658
0.66
0.655
0.666
0.666
0.662
0.646
0.677
0.678
0.671
0.667
0.661
0.652
0.642
0.644
0.649
0.66
0.666
0.669
0.675
0.674
0.666
0.676
0.669
0.666
0.657
0.658
0.652
0.644
0.639
0.649
0.646
0.654
0.674
0.686
0.688
0.692
0.679
0.68
0.666
0.666
0.667
0.672
0.682
0.709
0.72
0.721
0.705
0.691
0.689
0.687
0.678
0.668
0.659
0.665
0.675
0.678
0.679
0.68
0.679
0.67
0.664
0.649
0.648
0.639
0.666
0.66
0.66
0.649
0.643
0.635
0.633
0.643
0.655
0.667
0.676
0.688
0.695
0.684
0.678
0.666
0.678
0.67
0.66
0.661
0.658
0.654
0.652
0.645
0.655
0.66
0.659
0.655
0.655
0.645
0.65
0.655
0.647
0.663
0.667
0.655
0.65
0.65
0.639
0.629
0.627
0.632
0.633
0.643
0.643
0.638
0.64
0.659
0.662
0.661
0.652
0.652
0.657
0.662
0.658
0.651
0.642
0.638
0.642
0.648
0.654
0.654
0.656
0.653
0.655
0.661
0.661
0.661
0.662
0.666
0.662
0.66
0.667
0.672
0.667
0.666
0.671
0.674
0.677
0.668
0.664
0.654
0.655
0.653
0.645
0.654
0.651
0.648
0.647
0.649
0.647
0.649
0.643
0.642
0.643
0.647
0.643
0.644
0.657
0.658
0.64
0.641
0.636
0.642
0.636
0.628
0.617
0.617
0.632
0.644
0.654
0.66
0.657
0.654
0.654
0.646
0.659
0.65
0.652
0.648
0.646
0.641
0.636
0.641
0.654
0.653
0.653
0.653
0.65
0.663
0.66
0.662
0.673
0.671
0.666
0.668
0.668
0.663
0.68
0.684
0.685
0.673
0.663
0.662
0.663
0.662
0.661
0.679
0.719
0.692
0.691
0.687
0.681
0.671
0.66
0.656
0.649
0.673
0.668
0.663
0.661
0.66
0.649
0.649
0.64
0.638
0.631
0.629
0.63
0.637
0.642
0.641
0.642
0.648
0.658
0.646
0.646
0.639
0.641
0.641
0.63
0.625
0.619
0.618
0.625
0.629
0.628
0.633
0.627
0.632
0.629
0.629
0.646
0.645
0.65
0.654
0.653
0.647
0.638
0.63
0.634
0.638
0.637
0.645
0.66
0.666
0.662
0.667
0.667
0.661
0.658
0.65
0.643
0.637
0.632
0.63
0.636
0.638
0.645
0.649
0.651
0.653
0.642
0.641
0.642
0.643
0.633
0.638
0.635
0.634
0.63
0.624
0.625
0.626
0.633
0.648
0.652
0.653
0.64
0.645
0.653
0.646
0.655
0.671
0.666
0.661
0.659
0.651
0.651
0.652
0.645
0.652
0.658
0.669
0.664
0.664
0.658
0.656
0.65
0.663
0.669
0.667
0.657
0.649
0.645
0.652
0.65
0.656
0.653
0.65
0.649
0.641
0.634
0.63
0.624
0.631
0.631
0.627
0.637
0.644
0.648
0.642
0.644
0.64
0.636
0.623
0.625
0.627
0.621
0.629
0.64
0.658
0.641
0.669
0.688
0.688
0.688
0.679
0.673
0.662
0.673
0.685
0.669
0.672
0.666
0.662
0.663
0.658
0.656
0.662
0.659
0.671
0.687
0.678
0.672
0.667
0.657
0.656
0.651
0.646
0.644
0.642
0.657
0.656
0.672
0.677
0.674
0.668
0.667
0.665
0.655
0.65
0.666
0.665
0.665
0.66
0.658
0.665
0.647
0.639
0.654
0.639
0.646
0.645
0.648
0.64
0.638
0.641
0.642
0.638
0.634
0.624
0.622
0.627
0.635
0.643
0.651
0.658
0.666
0.676
0.668
0.663
0.661
0.65
0.647
0.644
0.641
0.647
0.656
0.663
0.651
0.649
0.646
0.644
0.641
0.635
0.63
0.634
0.655
0.664
0.665
0.661
0.652
0.649
0.645
0.634
0.632
0.62
0.619
0.606
0.615
0.619
0.624
0.635
0.639
0.639
0.639
0.633
0.631
0.633
0.639
0.65
0.648
0.647
0.643
0.637
0.644
0.637
0.637
0.645
0.656
0.657
0.665
0.669
0.67
0.672
0.665
0.668
0.676
0.68
0.671
0.666
0.666
0.669
0.668
0.676
0.681
0.691
0.691
0.683
0.669
0.673
0.665
0.663
0.662
0.674
0.681
0.684
0.682
0.676
0.675
0.666
0.664
0.654
0.67
0.673
0.662
0.659
0.652
0.659
0.665
0.653
0.646
0.642
0.646
0.646
0.657
0.659
0.654
0.652
0.649
0.655
0.657
0.661
0.657
0.659
0.664
0.657
0.66
0.649
0.645
0.632
0.624
0.621
0.617
0.616
0.616
0.617
0.622
0.632
0.645
0.648
0.663
0.666
0.672
0.671
0.661
0.66
0.654
0.65
0.646
0.638
0.632
0.627
0.63
0.628
0.638
0.641
0.64
0.642
0.643
0.64
0.634
0.626
0.622
0.621
0.617
0.616
0.617
0.617
0.621
0.632
0.625
0.626
0.64
0.644
0.639
0.633
0.628
0.628
0.631
0.625
0.625
0.62
0.627
0.625
0.625
0.624
0.619
0.618
0.605
0.604
0.606
0.612
0.612
0.613
0.616
0.616
0.618
0.627
0.618
0.616
0.625
0.623
0.616
0.627
0.63
0.632
0.629
0.63
0.623
0.627
0.625
0.618
0.616
0.613
0.615
0.614
0.605
0.609
0.608
0.607
0.602
0.606
0.592
0.592
0.6
0.606
0.604
0.616
0.636
0.646
0.645
0.631
0.641
0.651
0.65
0.666
0.675
0.694
0.686
0.678
0.681
0.669
0.658
0.652
0.638
0.632
0.631
0.637
0.632
0.645
0.645
0.64
0.631
0.626
0.625
0.627
0.657
0.655
0.654
0.664
0.664
0.654
0.648
0.643
0.647
0.65
0.652
0.647
0.648
0.65
0.646
0.646
0.645
0.661
0.676
0.672
0.667
0.66
0.657
0.662
0.651
0.652
0.659
0.66
0.666
0.663
0.642
0.643
0.636
0.641
0.647
0.642
0.649
0.657
0.671
0.678
0.672
0.663
0.656
0.641
0.629
0.622
0.62
0.618
0.615
0.613
0.625
0.625
0.623
0.623
0.613
0.608
0.613
0.628
0.625
0.634
0.628
0.619
0.638
0.637
0.632
0.627
0.626
0.632
0.626
0.626
0.622
0.62
0.622
0.633
0.632
0.629
0.638
0.644
0.657
0.66
0.652
0.65
0.645
0.654
0.667
0.668
0.663
0.659
0.661
0.659
0.653
0.649
0.643
0.645
0.648
0.643
0.673
0.677
0.676
0.67
0.658
0.651
0.645
0.643
0.64
0.639
0.634
0.638
0.632
0.629
0.627
0.626
0.652
0.666
0.663
0.665
0.652
0.662
0.658
0.656
0.644
0.644
0.662
0.665
0.664
0.668
0.673
0.675
0.666
0.656
0.673
0.683
0.695
0.691
0.694
0.689
0.686
0.694
0.5601368
0.696
0.5573403
0.677
0.666
0.626
0.613
0.621
0.604
0.607
0.607
0.603
0.589
0.588
0.588
0.587
0.595
0.591
0.598
0.6
0.602
0.599
0.59
0.587
0.579
0.578
0.579
0.577
0.581
0.583
0.584
0.587
0.594
0.592
0.6
0.6
0.61
0.622
0.618
0.614
0.601
0.593
0.588
0.583
0.578
0.576
0.579
0.584
0.584
0.585
0.586
0.587
0.693
0.695
0.5872229
0.695
0.691
0.5585749
0.6243984
0.69
0.691
0.684
0.683
0.683
0.686
0.69
0.693
0.662
0.661
0.663
0.666
0.662
0.661
0.658
0.663
0.666
0.663
0.551
0.6669704
0.655
0.658
0.665
0.679
0.667
0.654
0.658
0.669
0.662
0.64
0.649
0.604
0.607
0.597
0.592
0.604
0.593
0.595
0.59
0.59
0.591
0.586
0.589
0.585
0.589
0.59
0.587
0.6
0.587
0.587
0.591
0.59
0.602
0.591
0.596
0.591
0.593
0.602
0.594
0.591
0.589
0.592
0.595
0.592
0.588
0.589
0.592
0.592
0.596
0.597
0.598
0.595
0.595
0.582
0.579
0.576
0.566
0.563
0.562
0.557
0.555
0.554
0.545
0.545
0.544
0.54
0.54
0.541
0.53
0.537
0.528
0.529
0.523
0.524
0.521
0.523
0.511
0.517
0.518
0.511
0.5629352
0.6265206
0.6259638
0.6125956
0.5715377
0.598791
0.5938772
0.6197358
0.5910929
0.6324566
0.5910645
0.6348151
0.5704339
0.5639894
0.7019237
0.5898682
0.6117988
0.6221865
0.587881
0.6185619
0.6140525
0.5961708
0.6047932
0.6017719
0.6680536
0.5801485
0.5693058
0.6040686
0.6124482
0.616335
0.5889412
0.5704309
0.6417397
0.5923493
0.5765698
0.5958757
0.5971007
0.6371765
0.6057929
0.6263281
0.5879542
0.609851
0.5933608
0.6062358
0.5759334
0.5632339
0.6646192
0.6218609
0.5651473
0.5847902
0.5672241
0.6709477
0.6438201
0.5955159
0.6203145
0.591008
0.5891433
0.5796052
0.5855813
0.6544157
0.6022105
0.6075527
0.611399
0.6417286
0.5881882
0.5736244
0.655411
0.5905861
0.5819836
0.5662942
0.5648451
0.5866572
0.6232138
0.63832
0.626031
0.5932448
0.6062542
0.5828717
0.5825217
0.6316391
0.5734538
0.6645175
0.6018786
0.611257
0.5820935
0.5871607
0.5644452
0.5992316
0.6177123
0.6148502
0.5810067
0.5808287
0.5896439
0.6509088
0.5702636
0.5996636
0.6634769
0.6021358
0.563605
0.5849419
0.6202248
0.5938829
0.5882164
0.5949354
0.6082866
0.6545325
0.6028827
0.6387529
0.6250053
0.6022391
0.5587955
0.589838
0.5908374
0.6073337
0.6457686
0.6762323
0.6534331
0.601979
0.5522824
0.5942322
0.6089204
0.6321209
0.6357646
0.6272833
0.5636093
0.6324358
0.5927644
0.6118461
0.6088181
0.6196964
0.6073774
0.5555748
0.6292751
0.618581
0.598658
0.6104615
0.6109927
0.6137021
0.517
0.6572936
0.517
0.6003964
0.517
0.519
0.6123914
0.6430854
0.6396311
0.6424666
0.589728
0.6688212
0.6095548
0.519
0.52
0.52
0.527
0.528
0.54
0.534
0.534
0.537
0.546
0.545
0.545
0.539
0.535
0.536
0.544
0.543
0.552
0.555
0.558
0.556
0.553
0.565
0.563
0.569
0.569
0.557
0.563
0.549
0.555
0.558
0.568
0.559
0.562
0.569
0.578
0.578
0.572
0.575
0.577
0.577
0.571
0.569
0.569
0.556
0.562
0.577
0.583
0.58
0.581
0.593
0.59
0.587
0.586
0.597
0.596
0.601
0.585
0.588
0.59
0.602
0.618
0.621
0.624
0.609
0.592
0.594
0.589
0.602
0.607
0.625
0.612
0.614
0.607
0.595
0.58
0.585
0.597
0.604
0.613
0.609
0.609
0.598
0.613
0.59
0.586
0.591
0.594
0.584
0.584
0.598
0.598
0.589
0.597
0.613
0.627
0.641
0.64
0.643
0.655
0.659
0.648
0.63
0.665
0.649
0.641
0.626
0.629
0.632
0.641
0.639
0.644
0.632
0.634
0.634
0.65
0.643
0.654
0.646
0.645
0.632
0.622
0.625
0.622
0.623
0.617
0.627
0.642
0.642
0.637
0.624
0.622
0.626
0.646
0.653
0.664
0.666
0.645
0.625
0.621
0.62
0.626
0.633
0.641
0.654
0.655
0.665
0.649
0.648
0.653
0.644
0.653
0.641
0.634
0.634
0.639
0.656
0.645
0.643
0.638
0.635
0.639
0.655
0.634
0.623
0.635
0.637
0.633
0.624
0.62
0.625
0.623
0.633
0.633
0.636
0.634
0.645
0.647
0.66
0.655
0.642
0.641
0.631
0.631
0.64
0.642
0.648
0.643
0.64
0.625
0.641
0.645
0.665
0.675
0.675
0.667
0.664
0.652
0.652
0.656
0.653
0.656
0.65
0.642
0.646
0.658
0.651
0.658
0.647
0.653
0.665
0.666
0.672
0.664
0.655
0.645
0.641
0.646
0.653
0.648
0.647
0.634
0.642
0.651
0.656
0.654
0.648
0.642
0.668
0.67
0.666
0.661
0.653
0.642
0.662
0.659
0.665
0.649
0.656
0.652
0.649
0.64
0.636
0.649
0.652
0.666
0.674
0.674
0.668
0.668
0.656
0.652
0.656
0.645
0.645
0.654
0.657
0.66
0.665
0.675
0.668
0.659
0.653
0.65
0.651
0.653
0.654
0.647
0.657
0.648
0.673
0.689
0.685
0.685
0.674
0.662
0.652
0.651
0.651
0.645
0.64
0.638
0.64
0.64
0.65
0.652
0.658
0.651
0.662
0.649
0.649
0.642
0.651
0.643
0.667
0.676
0.668
0.667
0.663
0.675
0.665
0.657
0.657
0.663
0.666
0.663
0.659
0.647
0.659
0.655
0.651
0.653
0.665
0.672
0.668
0.655
0.647
0.644
0.648
0.654
0.653
0.651
0.645
0.643
0.655
0.677
0.683
0.677
0.68
0.668
0.655
0.656
0.656
0.666
0.661
0.651
0.646
0.631
0.626
0.63
0.649
0.654
0.665
0.676
0.691
0.7
0.705
0.708
0.7
0.686
0.67
0.666
0.667
0.669
0.668
0.665
0.666
0.664
0.675
0.675
0.672
0.67
0.69
0.691
0.693
0.687
0.676
0.667
0.653
0.649
0.649
0.653
0.662
0.655
0.649
0.661
0.666
0.662
0.661
0.654
0.652
0.643
0.644
0.645
0.639
0.639
0.634
0.627
0.629
0.625
0.625
0.628
0.634
0.64
0.638
0.646
0.652
0.667
0.675
0.68
0.678
0.666
0.655
0.652
0.652
0.68
0.676
0.673
0.657
0.658
0.667
0.66
0.664
0.662
0.652
0.644
0.632
0.631
0.618
0.628
0.652
0.675
0.681
0.688
0.68
0.668
0.661
0.662
0.654
0.652
0.656
0.667
0.684
0.683
0.684
0.687
0.686
0.68
0.682
0.685
0.674
0.677
0.679
0.683
0.679
0.681
0.694
0.698
0.689
0.688
0.671
0.658
0.645
0.653
0.667
0.669
0.659
0.67
0.666
0.661
0.666
0.67
0.656
0.657
0.662
0.673
0.684
0.693
0.679
0.665
0.666
0.661
0.654
0.661
0.654
0.663
0.659
0.654
0.654
0.651
0.658
0.657
0.648
0.652
0.655
0.672
0.674
0.676
0.677
0.683
0.692
0.695
0.682
0.677
0.677
0.68
0.682
0.678
0.669
0.67
0.675
0.674
0.681
0.685
0.679
0.676
0.664
0.653
0.653
0.662
0.673
0.675
0.678
0.671
0.667
0.658
0.648
0.65
0.657
0.658
0.661
0.672
0.678
0.701
0.721
0.718
0.711
0.702
0.686
0.674
0.67
0.676
0.669
0.672
0.666
0.666
0.666
0.666
0.675
0.682
0.684
0.688
0.7
0.697
0.694
0.697
0.702
0.701
0.682
0.684
0.673
0.675
0.672
0.666
0.667
0.664
0.667
0.674
0.674
0.677
0.681
0.679
0.676
0.676
0.686
0.693
0.678
0.67
0.665
0.653
0.639
0.639
0.636
0.644
0.645
0.641
0.644
0.64
0.645
0.657
0.669
0.673
0.678
0.678
0.668
0.67
0.664
0.664
0.661
0.666
0.674
0.681
0.684
0.685
0.686
0.677
0.667
0.673
0.67
0.665
0.673
0.667
0.658
0.653
0.647
0.643
0.637
0.638
0.637
0.644
0.641
0.644
0.642
0.691
0.7118132
0.708
0.707
0.703
0.708
0.709
0.711
0.69
0.675
0.672
0.679
0.683
0.689
0.69
0.684
0.666
0.663
0.657
0.65
0.651
0.645
0.646
0.662
0.665
0.666
0.66
0.65
0.66
0.66
0.66
0.653
0.654
0.67
0.667
0.67
0.67
0.665
0.67
0.672
0.674
0.671
0.695
0.696
0.692
0.682
0.678
0.682
0.682
0.676
0.676
0.672
0.676
0.69
0.686
0.695
0.678
0.67
0.654
0.648
0.643
0.642
0.643
0.66
0.665
0.672
0.667
0.656
0.644
0.647
0.644
0.641
0.643
0.642
0.639
0.646
0.658
0.658
0.663
0.687
0.695
0.695
0.682
0.674
0.662
0.664
0.664
0.663
0.668
0.665
0.666
0.665
0.671
0.679
0.671
0.687
0.688
0.675
0.666
0.66
0.66
0.661
0.653
0.67
0.669
0.669
0.673
0.668
0.655
0.641
0.643
0.648
0.652
0.654
0.666
0.667
0.673
0.672
0.666
0.669
0.662
0.687
0.693
0.698
0.689
0.693
0.687
0.685
0.682
0.684
0.676
0.687
0.691
0.681
0.682
0.682
0.682
0.674
0.675
0.674
0.678
0.671
0.664
0.668
0.676
0.684
0.685
0.678
0.692
0.702
0.694
0.681
0.677
0.667
0.658
0.658
0.679
0.678
0.68
0.674
0.68
0.676
0.669
0.667
0.663
0.66
0.672
0.673
0.678
0.676
0.674
0.674
0.671
0.671
0.664
0.654
0.65
0.658
0.661
0.665
0.663
0.672
0.668
0.671
0.666
0.66
0.655
0.647
0.65
0.658
0.659
0.655
0.655
0.651
0.654
0.654
0.666
0.663
0.66
0.651
0.652
0.647
0.642
0.639
0.638
0.641
0.638
0.646
0.648
0.652
0.645
0.645
0.665
0.674
0.666
0.667
0.664
0.654
0.654
0.651
0.653
0.646
0.645
0.651
0.646
0.65
0.659
0.665
0.663
0.658
0.662
0.672
0.674
0.666
0.656
0.652
0.648
0.655
0.66
0.658
0.649
0.656
0.649
0.655
0.663
0.655
0.655
0.65
0.651
0.66
0.647
0.648
0.646
0.641
0.638
0.635
0.648
0.65
0.648
0.645
0.641
0.641
0.633
0.638
0.637
0.642
0.637
0.63
0.637
0.641
0.645
0.642
0.648
0.657
0.663
0.663
0.672
0.672
0.666
0.661
0.664
0.672
0.666
0.666
0.674
0.669
0.666
0.656
0.657
0.653
0.658
0.665
0.663
0.658
0.644
0.635
0.63
0.628
0.648
0.648
0.661
0.656
0.658
0.649
0.646
0.646
0.646
0.65
0.655
0.661
0.667
0.668
0.669
0.675
0.672
0.681
0.682
0.684
0.681
0.669
0.666
0.664
0.669
0.661
0.658
0.656
0.664
0.665
0.662
0.662
0.659
0.657
0.655
0.657
0.658
0.655
0.657
0.656
0.654
0.651
0.656
0.653
0.653
0.653
0.649
0.641
0.649
0.652
0.648
0.643
0.648
0.646
0.64
0.642
0.642
0.644
0.644
0.646
0.642
0.639
0.639
0.64
0.639
0.645
0.646
0.645
0.64
0.639
0.641
0.644
0.645
0.647
0.652
0.656
0.655
0.655
0.661
0.661
0.662
0.659
0.651
0.654
0.647
0.646
0.643
0.643
0.641
0.644
0.647
0.651
0.653
0.66
0.658
0.653
0.652
0.653
0.649
0.647
0.652
0.65
0.653
0.656
0.652
0.649
0.647
0.646
0.647
0.647
0.651
0.652
0.648
0.643
0.639
0.638
0.637
0.638
0.639
0.651
0.647
0.65
0.646
0.644
0.639
0.636
0.633
0.634
0.632
0.634
0.643
0.647
0.648
0.65
0.648
0.646
0.649
0.651
0.653
0.649
0.649
0.646
0.65
0.641
0.642
0.642
0.638
0.635
0.637
0.64
0.645
0.649
0.646
0.642
0.642
0.639
0.64
0.638
0.64
0.646
0.648
0.645
0.642
0.641
0.641
0.642
0.645
0.648
0.643
0.641
0.637
0.635
0.632
0.629
0.631
0.632
0.633
0.636
0.647
0.646
0.644
0.641
0.642
0.653
0.644
0.648
0.643
0.649
0.655
0.649
0.649
0.645
0.636
0.63
0.625
0.626
0.631
0.631
0.635
0.634
0.641
0.713
0.664
0.664
0.656
0.649
0.648
0.655
0.656
0.666
0.68
0.679
0.685
0.696
0.697
0.689
0.701
0.698
0.685
0.685
0.681
0.665
0.663
0.659
0.649
0.642
0.645
0.65
0.659
0.651
0.649
0.655
0.669
0.666
0.661
0.656
0.645
0.641
0.643
0.648
0.652
0.658
0.651
0.659
0.644
0.637
0.631
0.62
0.621
0.619
0.62
0.618
0.631
0.635
0.645
0.64
0.631
0.642
0.647
0.646
0.638
0.629
0.63
0.635
0.645
0.64
0.635
0.635
0.64
0.657
0.666
0.672
0.67
0.665
0.65
0.638
0.633
0.633
0.635
0.642
0.649
0.651
0.658
0.651
0.651
0.644
0.636
0.627
0.633
0.64
0.644
0.646
0.643
0.646
0.641
0.635
0.642
0.636
0.633
0.623
0.624
0.636
0.636
0.641
0.642
0.64
0.637
0.637
0.631
0.635
0.635
0.64
0.642
0.637
0.645
0.643
0.642
0.638
0.639
0.644
0.653
0.653
0.65
0.64
0.637
0.644
0.643
0.637
0.637
0.64
0.645
0.647
0.666
0.644
0.625
0.632
0.627
0.628
0.64
0.647
0.654
0.63
0.639
0.648
0.643
0.64
0.631
0.638
0.635
0.636
0.633
0.632
0.637
0.642
0.641
0.639
0.641
0.648
0.641
0.641
0.644
0.642
0.64
0.637
0.635
0.639
0.64
0.642
0.641
0.64
0.639
0.639
0.634
0.63
0.633
0.634
0.636
0.631
0.629
0.638
0.636
0.638
0.642
0.636
0.641
0.64
0.64
0.639
0.634
0.638
0.638
0.627
0.632
0.631
0.634
0.636
0.636
0.64
0.645
0.641
0.641
0.636
0.635
0.637
0.641
0.643
0.641
0.639
0.643
0.642
0.64
0.639
0.643
0.639
0.651
0.648
0.649
0.645
0.643
0.64
0.653
0.643
0.639
0.632
0.636
0.639
0.638
0.644
0.636
0.629
0.627
0.625
0.625
0.624
0.625
0.625
0.629
0.634
0.638
0.641
0.644
0.638
0.64
0.638
0.635
0.634
0.637
0.637
0.621
0.632
0.633
0.635
0.631
0.631
0.624
0.619
0.624
0.615
0.614
0.617
0.619
0.615
0.616
0.62
0.619
0.622
0.614
0.622
0.624
0.62
0.623
0.631
0.632
0.635
0.635
0.636
0.642
0.646
0.65
0.652
0.649
0.648
0.65
0.65
0.648
0.648
0.65
0.651
0.651
0.651
0.656
0.657
0.658
0.656
0.654
0.654
0.65
0.657
0.662
0.665
0.662
0.666
0.664
0.667
0.68
0.672
0.653
0.658
0.66
0.654
0.65
0.655
0.656
0.643
0.647
0.638
0.651
0.649
0.657
0.658
0.667
0.675
0.684
0.669
0.672
0.677
0.675
0.679
0.685
0.682
0.673
0.662
0.647
0.639
0.633
0.617
0.619
0.622
0.617
0.62
0.626
0.636
0.643
0.64
0.64
0.643
0.644
0.641
0.641
0.643
0.641
0.642
0.645
0.645
0.646
0.652
0.66
0.657
0.662
0.655
0.658
0.659
0.663
0.661
0.66
0.658
0.647
0.652
0.647
0.64
0.637
0.636
0.639
0.64
0.638
0.64
0.625
0.639
0.634
0.638
0.642
0.63
0.62
0.625
0.628
0.635
0.632
0.635
0.619
0.603
0.602
0.604
0.613
0.625
0.629
0.637
0.631
0.648
0.657
0.65
0.646
0.645
0.654
0.658
0.659
0.655
0.646
0.652
0.663
0.674
0.676
0.685
0.683
0.69
0.683
0.668
0.651
0.649
0.658
0.652
0.649
0.643
0.65
0.647
0.638
0.645
0.653
0.653
0.661
0.669
0.672
0.68
0.68
0.682
0.687
0.687
0.686
0.687
0.686
0.672
0.664
0.663
0.664
0.665
0.657
0.647
0.649
0.653
0.652
0.649
0.659
0.655
0.661
0.652
0.653
0.652
0.651
0.657
0.66
0.653
0.667
0.687
0.679
0.676
0.672
0.67
0.66
0.646
0.651
0.655
0.66
0.666
0.675
0.685
0.686
0.677
0.67
0.663
0.663
0.672
0.669
0.675
0.673
0.667
0.673
0.678
0.68
0.678
0.679
0.683
0.678
0.672
0.674
0.678
0.678
0.681
0.693
0.687
0.691
0.687
0.681
0.682
0.679
0.675
0.671
0.662
0.658
0.662
0.666
0.675
0.672
0.672
0.672
0.68
0.672
0.667
0.66
0.662
0.662
0.665
0.667
0.668
0.663
0.656
0.661
0.66
0.672
0.676
0.677
0.674
0.687
0.686
0.68
0.677
0.673
0.674
0.676
0.668
0.677
0.673
0.658
0.658
0.663
0.663
0.661
0.651
0.657
0.663
0.666
0.664
0.66
0.658
0.662
0.649
0.648
0.659
0.661
0.67
0.667
0.659
0.659
0.664
0.665
0.663
0.651
0.652
0.648
0.662
0.661
0.656
0.664
0.666
0.665
0.671
0.668
0.664
0.665
0.67
0.667
0.669
0.664
0.678
0.676
0.684
0.676
0.672
0.668
0.668
0.676
0.673
0.67
0.672
0.673
0.664
0.666
0.672
0.672
0.671
0.672
0.667
0.668
0.666
0.67
0.671
0.666
0.671
0.663
0.658
0.653
0.645
0.635
0.637
0.626
0.627
0.625
0.634
0.639
0.646
0.644
0.65
0.666
0.664
0.667
0.671
0.672
0.666
0.668
0.666
0.667
0.68
0.678
0.682
0.674
0.672
0.668
0.67
0.678
0.672
0.671
0.672
0.666
0.664
0.666
0.669
0.674
0.682
0.668
0.664
0.664
0.675
0.677
0.667
0.673
0.678
0.669
0.659
0.669
0.67
0.663
0.662
0.662
0.658
0.663
0.663
0.666
0.663
0.656
0.662
0.665
0.668
0.671
0.664
0.668
0.664
0.655
0.668
0.668
0.666
0.666
0.664
0.666
0.664
0.66
0.652
0.651
0.65
0.656
0.659
0.668
0.672
0.665
0.662
0.661
0.663
0.663
0.67
0.67
0.657
0.655
0.66
0.66
0.657
0.65
0.65
0.648
0.646
0.652
0.653
0.661
0.655
0.666
0.671
0.661
0.666
0.664
0.655
0.642
0.642
0.639
0.645
0.647
0.656
0.667
0.672
0.673
0.675
0.675
0.667
0.672
0.671
0.666
0.66
0.658
0.658
0.676
0.673
0.666
0.654
0.663
0.66
0.666
0.665
0.663
0.66
0.658
0.663
0.657
0.655
0.659
0.657
0.653
0.658
0.664
0.659
0.661
0.662
0.667
0.661
0.661
0.662
0.657
0.655
0.66
0.658
0.648
0.644
0.643
0.653
0.652
0.654
0.659
0.659
0.645
0.647
0.647
0.65
0.647
0.646
0.647
0.648
0.653
0.649
0.65
0.647
0.639
0.639
0.65
0.65
0.646
0.649
0.642
0.647
0.653
0.656
0.664
0.662
0.658
0.651
0.65
0.666
0.653
0.663
0.661
0.66
0.659
0.662
0.661
0.658
0.647
0.649
0.651
0.65
0.653
0.642
0.641
0.632
0.626
0.629
0.634
0.645
0.642
0.642
0.638
0.64
0.641
0.642
0.632
0.635
0.637
0.643
0.635
0.634
0.64
0.655
0.654
0.656
0.651
0.638
0.65
0.648
0.645
0.654
0.663
0.665
0.675
0.679
0.681
0.665
0.661
0.66
0.655
0.656
0.657
0.666
0.657
0.661
0.659
0.654
0.642
0.646
0.641
0.64
0.634
0.636
0.634
0.632
0.635
0.644
0.643
0.651
0.657
0.654
0.655
0.659
0.666
0.668
0.673
0.668
0.649
0.64
0.638
0.638
0.649
0.661
0.673
0.679
0.668
0.663
0.662
0.657
0.665
0.668
0.668
0.671
0.665
0.67
0.671
0.671
0.665
0.666
0.664
0.657
0.647
0.649
0.657
0.662
0.677
0.665
0.661
0.657
0.655
0.669
0.664
0.666
0.66
0.662
0.669
0.669
0.67
0.665
0.664
0.661
0.656
0.666
0.664
0.658
0.651
0.65
0.656
0.657
0.652
0.65
0.648
0.664
0.666
0.666
0.664
0.655
0.642
0.642
0.653
0.658
0.655
0.66
0.661
0.673
0.668
0.679
0.682
0.681
0.675
0.666
0.656
0.657
0.652
0.649
0.654
0.665
0.665
0.661
0.653
0.655
0.662
0.661
0.649
0.642
0.639
0.644
0.647
0.649
0.651
0.645
0.644
0.645
0.65
0.646
0.646
0.644
0.649
0.653
0.648
0.645
0.65
0.656
0.664
0.665
0.663
0.666
0.663
0.663
0.666
0.668
0.664
0.659
0.647
0.65
0.652
0.646
0.65
0.651
0.649
0.646
0.649
0.649
0.647
0.652
0.641
0.641
0.638
0.648
0.651
0.659
0.653
0.648
0.646
0.651
0.652
0.65
0.65
0.638
0.637
0.63
0.636
0.641
0.639
0.635
0.654
0.648
0.649
0.641
0.635
0.624
0.629
0.636
0.635
0.627
0.638
0.636
0.638
0.639
0.648
0.647
0.657
0.657
0.654
0.644
0.654
0.642
0.637
0.627
0.619
0.616
0.62
0.63
0.63
0.629
0.622
0.62
0.616
0.624
0.622
0.616
0.608
0.611
0.614
0.628
0.651
0.662
0.656
0.666
0.664
0.666
0.67
0.674
0.683
0.685
0.674
0.68
0.671
0.672
0.666
0.668
0.675
0.666
0.665
0.67
0.663
0.667
0.666
0.669
0.662
0.648
0.647
0.655
0.647
0.651
0.658
0.657
0.669
0.652
0.651
0.649
0.645
0.642
0.639
0.642
0.645
0.648
0.661
0.665
0.661
0.654
0.658
0.652
0.657
0.647
0.635
0.639
0.648
0.647
0.65
0.644
0.634
0.634
0.648
0.652
0.652
0.644
0.66
0.663
0.656
0.653
0.653
0.656
0.662
0.662
0.666
0.666
0.661
0.661
0.658
0.66
0.662
0.665
0.662
0.656
0.646
0.653
0.651
0.653
0.652
0.652
0.65
0.633
0.628
0.636
0.653
0.654
0.655
0.658
0.669
0.666
0.669
0.65
0.663
0.662
0.661
0.666
0.664
0.654
0.647
0.654
0.651
0.643
0.637
0.642
0.649
0.656
0.675
0.686
0.676
0.678
0.678
0.679
0.682
0.671
0.67
0.654
0.657
0.651
0.647
0.642
0.632
0.633
0.635
0.644
0.639
0.641
0.64
0.642
0.649
0.653
0.656
0.655
0.648
0.642
0.648
0.633
0.644
0.651
0.654
0.65
0.648
0.647
0.641
0.643
0.65
0.659
0.66
0.669
0.666
0.662
0.665
0.662
0.65
0.654
0.651
0.665
0.678
0.662
0.654
0.652
0.649
0.654
0.652
0.648
0.65
0.665
0.666
0.668
0.667
0.664
0.666
0.674
0.67
0.678
0.669
0.666
0.671
0.668
0.677
0.67
0.667
0.659
0.651
0.662
0.652
0.646
0.639
0.636
0.637
0.644
0.638
0.634
0.646
0.66
0.657
0.65
0.653
0.649
0.648
0.65
0.652
0.653
0.653
0.652
0.658
0.666
0.668
0.661
0.662
0.656
0.653
0.65
0.659
0.648
0.648
0.65
0.657
0.666
0.673
0.678
0.673
0.672
0.683
0.689
0.672
0.663
0.657
0.659
0.652
0.646
0.643
0.647
0.649
0.655
0.671
0.674
0.675
0.675
0.686
0.688
0.679
0.671
0.669
0.671
0.675
0.676
0.668
0.667
0.641
0.638
0.63
0.638
0.637
0.627
0.625
0.633
0.633
0.643
0.648
0.665
0.68
0.677
0.678
0.677
0.679
0.684
0.68
0.683
0.68
0.673
0.662
0.659
0.653
0.66
0.668
0.658
0.654
0.651
0.656
0.663
0.663
0.663
0.648
0.634
0.631
0.632
0.636
0.644
0.639
0.638
0.637
0.64
0.64
0.628
0.629
0.631
0.625
0.632
0.635
0.637
0.646
0.643
0.637
0.642
0.65
0.661
0.666
0.655
0.66
0.658
0.667
0.676
0.675
0.662
0.658
0.658
0.654
0.666
0.667
0.673
0.674
0.667
0.656
0.653
0.657
0.658
0.655
0.657
0.651
0.658
0.658
0.667
0.672
0.671
0.667
0.664
0.65
0.654
0.655
0.65
0.65
0.651
0.654
0.661
0.649
0.656
0.642
0.639
0.651
0.652
0.646
0.657
0.671
0.671
0.66
0.675
0.677
0.672
0.663
0.647
0.639
0.647
0.647
0.638
0.642
0.637
0.634
0.633
0.647
0.654
0.656
0.652
0.66
0.656
0.644
0.638
0.654
0.658
0.656
0.647
0.646
0.644
0.643
0.639
0.644
0.644
0.651
0.662
0.66
0.663
0.657
0.651
0.646
0.647
0.655
0.656
0.65
0.652
0.666
0.662
0.66
0.661
0.655
0.645
0.647
0.646
0.653
0.657
0.651
0.657
0.656
0.659
0.665
0.666
0.671
0.668
0.651
0.662
0.663
0.65
0.644
0.64
0.646
0.645
0.658
0.653
0.666
0.657
0.649
0.654
0.651
0.659
0.653
0.649
0.645
0.64
0.634
0.64
0.646
0.653
0.644
0.656
0.65
0.661
0.659
0.659
0.658
0.658
0.658
0.658
0.659
0.666
0.666
0.666
0.671
0.679
0.673
0.665
0.666
0.665
0.657
0.66
0.661
0.658
0.666
0.669
0.659
0.656
0.654
0.661
0.663
0.659
0.656
0.655
0.648
0.65
0.652
0.651
0.648
0.662
0.655
0.652
0.654
0.657
0.662
0.658
0.647
0.636
0.637
0.645
0.657
0.664
0.662
0.663
0.67
0.679
0.672
0.686
0.669
0.661
0.654
0.651
0.651
0.654
0.647
0.644
0.638
0.641
0.639
0.64
0.65
0.645
0.635
0.642
0.649
0.646
0.641
0.639
0.623
0.615
0.625
0.639
0.647
0.652
0.65
0.648
0.649
0.637
0.634
0.633
0.654
0.653
0.646
0.651
0.659
0.66
0.667
0.673
0.686
0.689
0.675
0.67
0.655
0.645
0.641
0.65
0.646
0.639
0.635
0.64
0.644
0.649
0.652
0.655
0.662
0.655
0.666
0.666
0.661
0.663
0.674
0.68
0.673
0.675
0.664
0.655
0.657
0.653
0.658
0.653
0.661
0.659
0.663
0.676
0.681
0.675
0.671
0.678
0.675
0.676
0.676
0.661
0.659
0.656
0.644
0.636
0.643
0.65
0.661
0.664
0.666
0.662
0.662
0.669
0.656
0.665
0.673
0.677
0.674
0.671
0.68
0.665
0.659
0.661
0.656
0.663
0.659
0.654
0.656
0.658
0.665
0.664
0.665
0.655
0.66
0.657
0.648
0.653
0.657
0.678
0.685
0.683
0.666
0.655
0.653
0.663
0.668
0.664
0.658
0.659
0.662
0.672
0.672
0.666
0.671
0.663
0.679
0.675
0.671
0.67
0.654
0.647
0.661
0.666
0.67
0.679
0.681
0.68
0.697
0.699
0.691
0.698
0.697
0.684
0.671
0.665
0.657
0.651
0.648
0.653
0.636
0.642
0.642
0.647
0.644
0.641
0.63
0.629
0.622
0.609
0.618
0.63
0.632
0.641
0.65
0.66
0.655
0.651
0.645
0.638
0.638
0.635
0.629
0.628
0.639
0.638
0.635
0.635
0.639
0.65
0.661
0.66
0.66
0.66
0.662
0.662
0.659
0.657
0.653
0.655
0.655
0.659
0.65
0.656
0.659
0.666
0.672
0.668
0.666
0.67
0.665
0.656
0.644
0.65
0.651
0.655
0.65
0.649
0.658
0.649
0.666
0.669
0.661
0.656
0.661
0.665
0.664
0.659
0.666
0.672
0.671
0.665
0.658
0.657
0.648
0.66
0.659
0.664
0.666
0.656
0.654
0.643
0.638
0.632
0.626
0.632
0.634
0.645
0.65
0.653
0.671
0.667
0.676
0.666
0.665
0.661
0.662
0.654
0.653
0.65
0.652
0.648
0.634
0.639
0.641
0.657
0.668
0.666
0.666
0.657
0.647
0.641
0.633
0.643
0.642
0.642
0.638
0.655
0.663
0.664
0.658
0.657
0.66
0.662
0.67
0.691
0.682
0.672
0.668
0.657
0.657
0.648
0.647
0.647
0.655
0.663
0.671
0.666
0.666
0.658
0.668
0.667
0.669
0.662
0.666
0.669
0.667
0.666
0.663
0.642
0.631
0.627
0.631
0.635
0.637
0.653
0.657
0.656
0.66
0.667
0.661
0.666
0.661
0.654
0.645
0.647
0.645
0.652
0.657
0.658
0.662
0.658
0.663
0.664
0.667
0.668
0.673
0.676
0.683
0.675
0.672
0.674
0.671
0.665
0.644
0.644
0.633
0.629
0.639
0.66
0.676
0.687
0.688
0.682
0.677
0.674
0.677
0.672
0.676
0.683
0.674
0.672
0.664
0.667
0.667
0.663
0.655
0.651
0.653
0.663
0.659
0.657
0.662
0.656
0.656
0.661
0.657
0.669
0.687
0.681
0.68
0.677
0.68
0.679
0.673
0.666
0.654
0.657
0.655
0.66
0.659
0.676
0.68
0.687
0.686
0.672
0.683
0.679
0.687
0.688
0.686
0.669
0.666
0.669
0.662
0.663
0.663
0.664
0.675
0.671
0.668
0.67
0.681
0.674
0.665
0.664
0.667
0.666
0.665
0.665
0.663
0.661
0.657
0.65
0.661
0.663
0.66
0.664
0.659
0.654
0.654
0.66
0.668
0.664
0.658
0.656
0.65
0.647
0.653
0.66
0.666
0.66
0.661
0.663
0.666
0.672
0.668
0.666
0.664
0.656
0.659
0.66
0.662
0.672
0.673
0.671
0.665
0.673
0.685
0.683
0.676
0.672
0.668
0.661
0.651
0.648
0.64
0.645
0.652
0.656
0.659
0.666
0.666
0.656
0.653
0.657
0.656
0.666
0.67
0.666
0.671
0.668
0.664
0.661
0.662
0.667
0.674
0.67
0.665
0.673
0.679
0.679
0.68
0.671
0.669
0.668
0.671
0.67
0.671
0.671
0.667
0.663
0.667
0.664
0.657
0.655
0.656
0.661
0.678
0.678
0.688
0.686
0.688
0.68
0.679
0.679
0.683
0.681
0.672
0.664
0.659
0.658
0.662
0.651
0.649
0.653
0.656
0.662
0.668
0.671
0.662
0.659
0.648
0.648
0.655
0.659
0.665
0.666
0.66
0.665
0.666
0.664
0.665
0.656
0.661
0.666
0.682
0.672
0.666
0.666
0.664
0.667
0.67
0.664
0.661
0.68
0.698
0.702
0.695
0.699
0.695
0.691
0.685
0.68
0.677
0.668
0.676
0.676
0.68
0.682
0.677
0.67
0.674
0.666
0.661
0.652
0.649
0.652
0.653
0.657
0.657
0.656
0.652
0.651
0.649
0.649
0.651
0.645
0.65
0.657
0.66
0.666
0.665
0.662
0.662
0.663
0.665
0.653
0.653
0.657
0.669
0.705
0.661
0.632
0.623
0.625
0.627
0.605
0.587
0.582
0.583
0.583
0.589
0.588
0.586
0.587
0.59
0.592
0.592
0.594
0.59
0.594
0.603
0.608
0.603
0.608
0.603
0.607
0.612
0.611
0.628
0.625
0.634
0.715
0.5863013
0.6282928
0.6659047
0.6056523
0.6044644
0.5987301
0.697
0.657
0.646
0.601
0.574
0.588
0.651
0.602
0.608
0.608
0.611
0.61
0.609
0.599
0.602
0.601
0.598
0.594
0.591
0.588
0.584
0.582
0.574
0.57
0.578
0.597
0.615
0.643
0.675
0.702
0.704
0.695
0.691
0.651
0.625
0.616
0.603
0.597
0.596
0.596
0.595
0.596
0.594
0.592
0.591
0.595
0.601
0.61
0.6
0.602
0.591
0.592
0.587
0.588
0.592
0.593
0.594
0.594
0.595
0.589
0.593
0.598
0.606
0.593
0.59
0.581
0.58
0.581
0.585
0.566
0.564
0.559
0.563
0.557
0.562
0.565
0.569
0.572
0.583
0.579
0.582
0.582
0.577
0.572
0.569
0.569
0.568
0.563
0.57
0.573
0.571
0.567
0.572
0.569
0.574
0.578
0.579
0.58
0.581
0.59
0.591
0.593
0.589
0.591
0.597
0.6
0.603
0.601
0.603
0.616
0.615
0.613
0.616
0.621
0.6
0.589
0.581
0.626
0.625
0.606
0.597
0.584
0.576
0.574
0.575
0.571
0.566
0.566
0.567
0.575
0.573
0.567
0.565
0.57
0.57
0.57
0.573
0.572
0.57
0.565
0.576
0.574
0.579
0.582
0.585
0.583
0.585
0.586
0.582
0.584
0.582
0.582
0.587
0.59
0.588
0.591
0.585
0.584
0.586
0.587
0.591
0.595
0.59
0.584
0.586
0.585
0.597
0.595
0.596
0.594
0.588
0.598
0.603
0.604
0.607
0.606
0.597
0.595
0.591
0.596
0.6
0.591
0.587
0.584
0.591
0.592
0.596
0.587
0.596
0.608
0.602
0.611
0.609
0.613
0.618
0.62
0.621
0.626
0.623
0.615
0.61
0.603
0.608
0.616
0.625
0.625
0.625
0.628
0.624
0.629
0.637
0.633
0.632
0.629
0.624
0.636
0.635
0.632
0.63
0.623
0.631
0.633
0.632
0.64
0.632
0.637
0.639
0.637
0.637
0.639
0.633
0.636
0.637
0.633
0.626
0.595
0.597
0.579
0.582
0.575
0.578
0.578
0.596
0.603
0.606
0.605
0.619
0.61
0.613
0.617
0.609
0.607
0.61
0.605
0.605
0.611
0.613
0.616
0.611
0.613
0.615
0.621
0.623
0.62
0.615
0.618
0.63
0.611
0.612
0.605
0.606
0.611
0.615
0.634
0.631
0.626
0.633
0.633
0.646
0.657
0.682
0.684
0.701
0.695
0.676
0.66
0.652
0.64
0.63
0.622
0.604
0.607
0.61
0.611
0.625
0.633
0.643
0.639
0.639
0.638
0.625
0.618
0.613
0.606
0.613
0.604
0.611
0.609
0.608
0.607
0.604
0.595
0.565
0.557
0.632
0.634
0.608
0.599
0.598
0.597
0.597
0.593
0.588
0.589
0.584
0.591
0.586
0.583
0.585
0.583
0.588
0.586
0.584
0.585
0.58
0.583
0.581
0.584
0.583
0.579
0.58
0.585
0.586
0.585
0.587
0.588
0.584
0.572
0.581
0.564
0.575
0.565
0.559
0.569
0.567
0.568
0.579
0.609
0.626
0.621
0.631
0.632
0.608
0.602
0.593
0.6
0.588
0.596
0.592
0.626
0.635
0.635
0.63
0.619
0.625
0.644
0.642
0.625
0.62
0.646
0.633
0.63
0.625
0.606
0.605
0.597
0.601
0.609
0.612
0.609
0.599
0.596
0.614
0.605
0.598
0.591
0.607
0.607
0.602
0.609
0.603
0.6
0.604
0.602
0.599
0.602
0.597
0.594
0.589
0.585
0.58
0.578
0.579
0.579
0.573
0.576
0.589
0.603
0.597
0.603
0.611
0.618
0.628
0.631
0.636
0.641
0.646
0.638
0.635
0.63
0.62
0.609
0.605
0.606
0.606
0.605
0.605
0.603
0.594
0.572
0.58
0.574
0.566
0.575
0.583
0.584
0.592
0.591
0.592
0.604
0.612
0.605
0.6
0.593
0.589
0.594
0.592
0.598
0.595
0.594
0.599
0.602
0.603
0.602
0.602
0.596
0.589
0.589
0.577
0.54
0.534
0.623
0.563
0.559
0.552
0.552
0.548
0.545
0.541
0.541
0.547
0.544
0.545
0.548
0.554
0.552
0.556
0.562
0.564
0.565
0.57
0.566
0.56
0.556
0.551
0.551
0.561
0.55
0.555
0.555
0.559
0.557
0.553
0.56
0.56
0.559
0.567
0.549
0.551
0.546
0.538
0.533
0.552
0.559
0.561
0.572
0.576
0.582
0.579
0.576
0.582
0.583
0.579
0.573
0.578
0.576
0.58
0.581
0.583
0.589
0.598
0.581
0.589
0.583
0.589
0.588
0.589
0.593
0.599
0.607
0.617
0.617
0.617
0.615
0.617
0.627
0.622
0.619
0.61
0.608
0.603
0.605
0.606
0.606
0.606
0.609
0.616
0.624
0.616
0.618
0.621
0.623
0.614
0.612
0.61
0.611
0.607
0.613
0.608
0.612
0.605
0.608
0.606
0.609
0.608
0.607
0.603
0.605
0.607
0.607
0.611
0.609
0.615
0.612
0.608
0.609
0.611
0.613
0.5889791
0.701
0.606
0.613
0.61
0.61
0.611
0.619
0.62
0.613
0.616
0.615
0.616
0.622
0.625
0.63
0.623
0.625
0.618
0.618
0.622
0.62
0.622
0.622
0.63
0.635
0.629
0.625
0.619
0.621
0.623
0.625
0.622
0.625
0.631
0.629
0.622
0.624
0.629
0.632
0.626
0.64
0.657
0.663
0.655
0.641
0.625
0.62
0.616
0.626
0.621
0.62
0.613
0.609
0.612
0.617
0.625
0.624
0.627
0.628
0.636
0.634
0.632
0.632
0.632
0.641
0.642
0.648
0.65
0.641
0.639
0.64
0.646
0.641
0.641
0.644
0.643
0.65
0.641
0.646
0.649
0.654
0.643
0.64
0.64
0.644
0.653
0.661
0.647
0.641
0.646
0.641
0.656
0.643
0.64
0.642
0.641
0.647
0.65
0.653
0.652
0.642
0.654
0.643
0.634
0.628
0.636
0.638
0.643
0.64
0.645
0.645
0.657
0.664
0.659
0.66
0.653
0.651
0.649
0.648
0.655
0.65
0.65
0.647
0.653
0.656
0.649
0.648
0.64
0.656
0.654
0.66
0.67
0.662
0.658
0.654
0.662
0.658
0.658
0.652
0.648
0.649
0.656
0.658
0.669
0.66
0.659
0.665
0.662
0.657
0.642
0.625
0.617
0.611
0.614
0.623
0.619
0.605
0.644
0.717
0.672
0.682
0.675
0.663
0.667
0.67
0.668
0.666
0.665
0.652
0.646
0.664
0.65
0.643
0.621
0.623
0.625
0.621
0.622
0.618
0.618
0.619
0.624
0.631
0.635
0.642
0.65
0.652
0.654
0.649
0.652
0.637
0.647
0.642
0.636
0.639
0.641
0.644
0.64
0.642
0.64
0.637
0.639
0.642
0.649
0.652
0.65
0.65
0.65
0.648
0.647
0.647
0.644
0.643
0.646
0.648
0.651
0.647
0.647
0.643
0.641
0.645
0.643
0.643
0.657
0.657
0.649
0.652
0.651
0.65
0.646
0.646
0.65
0.654
0.658
0.658
0.656
0.645
0.648
0.654
0.657
0.637
0.648
0.649
0.65
0.654
0.66
0.66
0.66
0.652
0.652
0.65
0.647
0.649
0.651
0.653
0.66
0.661
0.661
0.661
0.658
0.651
0.648
0.648
0.648
0.649
0.641
0.642
0.644
0.646
0.647
0.644
0.643
0.641
0.645
0.643
0.644
0.646
0.649
0.652
0.653
0.652
0.646
0.642
0.644
0.644
0.641
0.641
0.642
0.641
0.636
0.634
0.635
0.631
0.629
0.634
0.635
0.635
0.639
0.642
0.652
0.655
0.659
0.666
0.666
0.665
0.665
0.662
0.659
0.656
0.663
0.661
0.661
0.646
0.655
0.65
0.647
0.646
0.636
0.639
0.632
0.633
0.621
0.628
0.62
0.62
0.616
0.618
0.618
0.617
0.618
0.619
0.614
0.616
0.616
0.624
0.622
0.619
0.62
0.618
0.625
0.625
0.625
0.625
0.621
0.628
0.628
0.627
0.625
0.633
0.64
0.645
0.638
0.636
0.646
0.609
0.612
0.613
0.612
0.604
0.603
0.598
0.606
0.609
0.611
0.615
0.616
0.618
0.64
0.6378006
0.683
0.679
0.679
0.661
0.651
0.648
0.654
0.659
0.654
0.625
0.611
0.607
0.568
0.597
0.648
0.62
0.621
0.621
0.625
0.621
0.624
0.633
0.638
0.642
0.635
0.63
0.623
0.625
0.626
0.626
0.619
0.627
0.639
0.645
0.65
0.647
0.639
0.637
0.633
0.643
0.655
0.64
0.657
0.66
0.726
0.676
0.675
0.677
0.673
0.67
0.666
0.66
0.67
0.668
0.665
0.659
0.654
0.654
0.654
0.649
0.645
0.642
0.656
0.653
0.644
0.642
0.633
0.618
0.609
0.604
0.617
0.618
0.623
0.629
0.638
0.659
0.668
0.673
0.649
0.659
0.672
0.678
0.677
0.675
0.675
0.676
0.667
0.664
0.675
0.672
0.685
0.692
0.687
0.686
0.675
0.685
0.676
0.664
0.656
0.652
0.661
0.669
0.667
0.668
0.666
0.667
0.68
0.683
0.686
0.675
0.673
0.655
0.644
0.648
0.659
0.659
0.673
0.688
0.686
0.677
0.677
0.685
0.671
0.703
0.695
0.702
0.708
0.702
0.706
0.708
0.705
0.714
0.719
0.719
0.719
0.715
0.712
0.709
0.714
0.708
0.7
0.702
0.704
0.7
0.688
0.68
0.685
0.689
0.662
0.657
0.656
0.665
0.666
0.672
0.671
0.672
0.674
0.681
0.667
0.663
0.652
0.653
0.655
0.659
0.658
0.651
0.651
0.668
0.671
0.666
0.666
0.67
0.67
0.662
0.676
0.677
0.679
0.673
0.666
0.667
0.678
0.681
0.677
0.676
0.672
0.674
0.677
0.686
0.69
0.691
0.686
0.68
0.678
0.675
0.673
0.674
0.691
0.689
0.69
0.695
0.716
0.72
0.709
0.705
0.69
0.673
0.67
0.662
0.658
0.674
0.67
0.674
0.667
0.685
0.68
0.689
0.676
0.675
0.68
0.686
0.694
0.698
0.693
0.688
0.691
0.676
0.666
0.664
0.674
0.678
0.676
0.671
0.668
0.679
0.683
0.674
0.67
0.674
0.679
0.674
0.67
0.669
0.68
0.69
0.69
0.679
0.677
0.678
0.66
0.659
0.664
0.67
0.67
0.675
0.666
0.697
0.694
0.686
0.686
0.663
0.665
0.664
0.66
0.658
0.653
0.652
0.651
0.652
0.653
0.655
0.655
0.661
0.669
0.674
0.664
0.678
0.686
0.682
0.682
0.678
0.666
0.671
0.676
0.666
0.671
0.697
0.706
0.7
0.685
0.656
0.664
0.666
0.656
0.668
0.676
0.675
0.67
0.67
0.661
0.654
0.648
0.649
0.666
0.672
0.682
0.682
0.683
0.681
0.693
0.707
0.703
0.693
0.679
0.671
0.675
0.673
0.685
0.686
0.691
0.675
0.675
0.667
0.672
0.673
0.672
0.66
0.649
0.622
0.632
0.624
0.62
0.622
0.624
0.619
0.634
0.644
0.629
0.621
0.621
0.633
0.637
0.629
0.628
0.631
0.641
0.643
0.646
0.641
0.644
0.652
0.659
0.663
0.664
0.655
0.654
0.664
0.676
0.677
0.67
0.666
0.666
0.68
0.69
0.701
0.7
0.708
0.718
0.717
0.73
0.729
0.707
0.687
0.675
0.666
0.666
0.661
0.665
0.657
0.665
0.67
0.677
0.672
0.671
0.663
0.672
0.671
0.673
0.671
0.665
0.663
0.67
0.667
0.666
0.663
0.663
0.659
0.667
0.693
0.708
0.705
0.709
0.697
0.703
0.697
0.694
0.679
0.666
0.664
0.667
0.668
0.668
0.657
0.65
0.65
0.664
0.677
0.688
0.696
0.696
0.688
0.696
0.695
0.686
0.675
0.669
0.672
0.682
0.678
0.692
0.691
0.678
0.677
0.685
0.681
0.677
0.67
0.661
0.663
0.678
0.681
0.678
0.678
0.67
0.672
0.682
0.68
0.676
0.674
0.663
0.664
0.667
0.665
0.666
0.656
0.658
0.666
0.673
0.674
0.672
0.669
0.669
0.678
0.682
0.678
0.675
0.67
0.672
0.676
0.675
0.671
0.666
0.667
0.673
0.681
0.667
0.664
0.663
0.657
0.665
0.666
0.668
0.667
0.673
0.684
0.695
0.686
0.685
0.675
0.679
0.669
0.665
0.657
0.65
0.652
0.665
0.664
0.659
0.65
0.648
0.658
0.66
0.666
0.665
0.667
0.673
0.674
0.683
0.685
0.678
0.673
0.672
0.677
0.679
0.686
0.687
0.682
0.68
0.679
0.686
0.707
0.695
0.693
0.68
0.674
0.678
0.679
0.678
0.674
0.666
0.669
0.669
0.674
0.672
0.674
0.66
0.638
0.638
0.65
0.654
0.656
0.681
0.686
0.691
0.679
0.671
0.671
0.682
0.68
0.681
0.69
0.683
0.68
0.682
0.687
0.685
0.688
0.681
0.673
0.661
0.656
0.65
0.653
0.653
0.656
0.661
0.653
0.649
0.638
0.662
0.671
0.721
0.6641407
0.742
0.727
0.687
0.648
0.628
0.623
0.627
0.625
0.63
0.628
0.627
0.627
0.634
0.635
0.632
0.63
0.629
0.627
0.626
0.631
0.636
0.635
0.633
0.628
0.632
0.648
0.665
0.665
0.659
0.656
0.686
0.699
0.697
0.684
0.679
0.677
0.676
0.662
0.659
0.651
0.656
0.651
0.65
0.653
0.649
0.648
0.633
0.696
0.675
0.672
0.667
0.658
0.63
0.625
0.63
0.637
0.622
0.613
0.652
0.64
0.63
0.608
0.612
0.633
0.627
0.618
0.628
0.624
0.623
0.626
0.617
0.631
0.636
0.64
0.637
0.64
0.633
0.641
0.648
0.659
0.647
0.649
0.647
0.636
0.635
0.636
0.626
0.634
0.644
0.628
0.625
0.586
0.597
0.657
0.611
0.618
0.603
0.6
0.594
0.62
0.622
0.606
0.601
0.603
0.601
0.6
0.599
0.588
0.611
0.609
0.616
0.62
0.613
0.607
0.598
0.606
0.619
0.622
0.629
0.645
0.654
0.659
0.665
0.662
0.662
0.659
0.655
0.666
0.671
0.667
0.673
0.662
0.649
0.646
0.649
0.648
0.656
0.655
0.649
0.646
0.634
0.629
0.622
0.606
0.604
0.608
0.6
0.588
0.583
0.578
0.572
0.578
0.605
0.623
0.632
0.614
0.625
0.642
0.65
0.653
0.642
0.66
0.665
0.67
0.674
0.684
0.691
0.695
0.689
0.689
0.677
0.671
0.673
0.662
0.647
0.646
0.647
0.651
0.655
0.663
0.665
0.665
0.656
0.653
0.645
0.646
0.655
0.671
0.66
0.607
0.592
0.629
0.5682543
0.667
0.642
0.632
0.62
0.603
0.603
0.602
0.605
0.606
0.607
0.608
0.613
0.619
0.625
0.637
0.637
0.638
0.639
0.634
0.642
0.647
0.654
0.663
0.662
0.659
0.654
0.644
0.639
0.643
0.658
0.656
0.651
0.648
0.64
0.638
0.631
0.627
0.627
0.627
0.633
0.632
0.624
0.619
0.582
0.571
0.578
0.683
0.666
0.643
0.642
0.644
0.65
0.64
0.638
0.643
0.655
0.656
0.651
0.644
0.645
0.643
0.64
0.64
0.633
0.631
0.625
0.608
0.607
0.602
0.603
0.593
0.591
0.596
0.6221156
0.666
0.664
0.663
0.662
0.65
0.643
0.638
0.638
0.634
0.647
0.624
0.591
0.619
0.6507582
0.65
0.648
0.639
0.644
0.619
0.609
0.667
0.642
0.648
0.647
0.646
0.65
0.647
0.652
0.631
0.635
0.689
0.648
0.647
0.651
0.647
0.642
0.638
0.629
0.63
0.638
0.634
0.637
0.636
0.639
0.635
0.632
0.63
0.632
0.629
0.63
0.633
0.63
0.632
0.627
0.625
0.621
0.618
0.625
0.625
0.63
0.631
0.629
0.63
0.627
0.627
0.631
0.629
0.625
0.625
0.625
0.63
0.634
0.634
0.632
0.633
0.635
0.634
0.632
0.633
0.631
0.637
0.64
0.639
0.605
0.595
0.603
0.6620011
0.667
0.658
0.655
0.647
0.645
0.644
0.648
0.635
0.63
0.626
0.635
0.637
0.641
0.64
0.643
0.638
0.65
0.645
0.648
0.651
0.653
0.657
0.646
0.642
0.639
0.632
0.637
0.64
0.645
0.637
0.636
0.64
0.643
0.642
0.642
0.634
0.625
0.603
0.604
0.618
0.612
0.609
0.617
0.626
0.619
0.619
0.615
0.612
0.611
0.613
0.59
0.616
0.6320544
0.6152617
0.5390571
0.678
0.674
0.668
0.666
0.655
0.647
0.644
0.647
0.646
0.644
0.65
0.643
0.645
0.626
0.594
0.647
0.5717863
0.663
0.654
0.653
0.652
0.654
0.656
0.66
0.657
0.66
0.658
0.666
0.663
0.664
0.665
0.662
0.666
0.661
0.661
0.659
0.66
0.654
0.654
0.652
0.658
0.65
0.649
0.651
0.658
0.655
0.647
0.653
0.665
0.656
0.653
0.66
0.652
0.658
0.662
0.648
0.644
0.634
0.634
0.653
0.645
0.634
0.604
0.612
0.5757306
0.614
0.616
0.615
0.611
0.621
0.631
0.63
0.635
0.638
0.638
0.642
0.645
0.633
0.628
0.613
0.612
0.623
0.632
0.642
0.641
0.627
0.628
0.614
0.604
0.591
0.585
0.578
0.578
0.579
0.579
0.584
0.587
0.588
0.594
0.597
0.594
0.596
0.595
0.593
0.593
0.587
0.58
0.578
0.576
0.567
0.56
0.56
0.565
0.558
0.556
0.56
0.565
0.568
0.563
0.561
0.567
0.57
0.573
0.569
0.569
0.577
0.578
0.574
0.57
0.569
0.571
0.568
0.561
0.564
0.566
0.565
0.562
0.557
0.56
0.557
0.561
0.556
0.551
0.554
0.554
0.563
0.561
0.555
0.56
0.556
0.569
0.563
0.567
0.566
0.562
0.56
0.563
0.569
0.564
0.565
0.561
0.557
0.562
0.557
0.559
0.556
0.547
0.551
0.544
0.546
0.542
0.539
0.541
0.538
0.542
0.534
0.533
0.535
0.533
0.531
0.529
0.526
0.529
0.522
0.521
0.526
0.522
0.52
0.521
0.515
0.516
0.514
0.509
0.514
0.51
0.509
0.51
0.507
0.5
0.507
0.507
0.5
0.506
0.5
0.5
0.497
0.498
0.499
0.498
0.491
0.497
0.494
0.492
0.491
0.488
0.49
0.492
0.49
0.494
0.489
0.6002404
0.491
0.493
0.491
0.49
0.488
0.492
0.489
0.488
0.488
0.489
0.487
0.487
0.5745145
0.486
0.5390345
0.6291312
0.6053671
0.5846381
0.6146057
0.5361835
0.5973686
0.5610176
0.597906
0.5750092
0.5961819
0.6176227
0.5768405
0.6077078
0.5400299
0.5542449
0.6228133
0.5877383
0.5132055
0.5341995
0.5697485
0.602334
0.5725911
0.5947425
0.6049052
0.6266252
0.5770436
0.573636
0.521411
0.5780722
0.5574064
0.5449823
0.56921
0.6057155
0.5134565
0.5613157
0.5778741
0.5468251
0.5843142
0.5865798
0.5728508
0.4981975
0.6524265
0.5672344
0.5933621
0.5816821
0.6045727
0.598112
0.5665125
0.5844073
0.5437326
0.598833
0.5583283
0.6463786
0.5216175
0.557862
0.59724
0.5874524
0.5536311
0.5410208
0.5758563
0.5708582
0.5163091
0.5720856
0.576719
0.5761063
0.5382887
0.5850623
0.6125712
0.584169
0.5352528
0.5565538
0.5803601
0.5497833
0.5033509
0.5964032
0.5437446
0.5514335
0.6149323
0.5449796
0.5944557
0.5297591
0.5573642
0.5658136
0.5320993
0.5482954
0.5666963
0.5879653
0.5166791
0.5563701
0.5900976
0.5502481
0.5735562
0.5815088
0.5744685
0.5861126
0.5621722
0.5530919
0.4846168
0.5625883
0.5784542
0.5815093
0.5479259
0.6192965
0.5733836
0.568312
0.6032573
0.5420962
0.5501453
0.6372338
0.5639517
0.6134959
0.5192027
0.5572737
0.574539
0.5719704
0.5317983
0.5630335
0.5292646
0.5839458
0.5951785
0.4936017
0.5994675
0.5234139
0.575205
0.5813222
0.5548107
0.5410012
0.5656642
0.5738757
0.587326
0.4972111
0.5097872
0.6035829
0.5916554
0.5727553
0.5811619
0.5871817
0.4773814
0.5927594
0.5437118
0.5654678
0.5491886
0.5847786
0.547215
0.5736085
0.5455812
0.5238987
0.466
0.5941139
0.5795698
0.6095286
0.465
0.5583521
0.590654
0.6165388
0.547217
0.464
0.464
0.5147914
0.5478201
0.5484234
0.5594565
0.465
0.6069279
0.5442982
0.5655467
0.5469688
0.5543983
0.5632209
0.462
0.462
0.5937731
0.463
0.5564463
0.574396
0.5762444
0.463
0.5800594
0.466
0.461
0.533907
0.472
0.464
0.476
0.471
0.478
0.48
0.483
0.481
0.488
0.478
0.481
0.482
0.489
0.48
0.484
0.484
0.489
0.484
0.49
0.483
0.488
0.485
0.497
0.488
0.503
0.484
0.498
0.495
0.499
0.498
0.489
0.495
0.496
0.494
0.496
0.488
0.492
0.493
0.497
0.493
0.493
0.487
0.499
0.492
0.499
0.49
0.491
0.492
0.492
0.509
0.509
0.508
0.511
0.508
0.505
0.507
0.5
0.509
0.505
0.515
0.511
0.519
0.528
0.527
0.522
0.507
0.513
0.511
0.514
0.508
0.518
0.511
0.511
0.508
0.529
0.511
0.517
0.51
0.504
0.51
0.506
0.504
0.505
0.504
0.503
0.507
0.503
0.505
0.507
0.507
0.503
0.509
0.515
0.52
0.512
0.524
0.521
0.53
0.531
0.535
0.535
0.541
0.547
0.535
0.533
0.534
0.541
0.548
0.552
0.539
0.543
0.548
0.549
0.553
0.538
0.544
0.538
0.548
0.546
0.551
0.544
0.554
0.556
0.556
0.556
0.547
0.557
0.564
0.56
0.557
0.55
0.561
0.561
0.555
0.55
0.554
0.553
0.553
0.553
0.552
0.551
0.553
0.553
0.539
0.543
0.537
0.548
0.547
0.553
0.549
0.558
0.571
0.571
0.564
0.576
0.565
0.568
0.564
0.56
0.578
0.574
0.576
0.575
0.569
0.559
0.56
0.552
0.556
0.565
0.562
0.565
0.561
0.565
0.55
0.559
0.568
0.565
0.561
0.563
0.578
0.575
0.587
0.582
0.56
0.579
0.569
0.575
0.576
0.576
0.576
0.578
0.581
0.57
0.577
0.562
0.581
0.563
0.572
0.561
0.576
0.575
0.589
0.594
0.591
0.588
0.594
0.597
0.589
0.583
0.575
0.583
0.578
0.584
0.572
0.574
0.572
0.575
0.579
0.583
0.574
0.581
0.569
0.568
0.572
0.565
0.567
0.56
0.561
0.573
0.58
0.575
0.59
0.586
0.581
0.574
0.569
0.567
0.561
0.563
0.565
0.567
0.57
0.569
0.568
0.571
0.571
0.569
0.563
0.563
0.572
0.577
0.585
0.585
0.591
0.59
0.586
0.583
0.577
0.578
0.584
0.5479652
0.486208
0.4944009
0.5404229
0.5368149
0.4635293
0.4699366
0.454837
0.50178
0.5010194
0.5068852
0.586
0.581
0.583
0.585
0.511445
0.4758446
0.4635987
0.5252639
0.5165744
0.4470806
0.4901634
0.4653853
0.4291477
0.4969515
0.4896823
0.4888831
0.4982462
0.5184184
0.4974361
0.4720059
0.4681355
0.486367
0.4996599
0.4580615
0.484025
0.5190639
0.4858648
0.467538
0.4802371
0.5225985
0.5050536
0.5258457
0.4919703
0.5000327
0.4701048
0.505517
0.4712081
0.4429494
0.490149
0.5455997
0.5102717
0.5211869
0.4962312
0.4663419
0.4785427
0.4761183
0.4698808
0.5055677
0.4470565
0.5100385
0.509721
0.4462688
0.5023374
0.5569542
0.4651701
0.5078795
0.4577749
0.5155216
0.4888931
0.5316009
0.4360333
0.4789116
0.4640865
0.4739347
0.4604363
0.4539249
0.4969522
0.4456444
0.5241838
0.4421155
0.4813034
0.4942829
0.4956754
0.4681984
0.479625
0.5063869
0.4320539
0.4524719
0.4859854
0.4622849
0.517633
0.4960289
0.4773556
0.4286911
0.4754309
0.4646794
0.4709813
0.4376574
0.4888808
0.4415113
0.466155
0.4845148
0.4485632
0.4901736
0.4317151
0.3857032
0.4857803
0.4970281
0.4622566
0.486201
0.435078
0.4663386
0.4104867
0.5059037
0.5264386
0.5020979
0.4680915
0.4676465
0.4219544
0.4923608
0.4614248
0.4474968
0.4240926
0.4579088
0.4408155
0.454402
0.4289967
0.5177463
0.4652851
0.4984469
0.3855321
0.4510963
0.4440207
0.4269822
0.5115739
0.4205576
0.4734106
0.4893236
0.4685827
0.4360392
0.4914267
0.4675497
0.4294709
0.4192595
0.5254568
0.4404642
0.4041315
0.4770557
0.4699538
0.4186991
0.4003798
0.4560783
0.4942829
0.4785933
0.4437297
0.4330039
0.466598
0.4628434
0.4770455
0.4453535
0.4847651
0.4314824
0.4465387
0.4790927
0.4864546
0.3964554
0.4588619
0.4739575
0.4105794
0.4694847
0.4291104
0.4854715
0.4704364
0.4772268
0.4570879
0.4795762
0.4951378
0.5128093
0.4514193
0.3831041
0.4527039
0.4577603
0.4464261
0.4683214
0.4815992
0.434485
0.4410676
0.4619908
0.432665
0.521
0.4517639
0.3885836
0.4140975
0.4074501
0.4216982
0.4263311
0.4590076
0.4771057
0.4244476
0.4159115
0.4142568
0.4331901
0.4382882
0.4601486
0.4352042
0.381084
0.4416843
0.4805785
0.4804313
0.4194653
0.3959329
0.5183864
0.437813
0.4395201
0.4551083
0.3924848
0.4193415
0.3941709
0.4198484
0.4444409
0.3987002
0.4583054
0.4488083
0.4119523
0.4463052
0.462005
0.4713089
0.431989
0.4353544
0.435279
0.4818138
0.4718318
0.4626377
0.4279797
0.4479308
0.4485626
0.4040005
0.3826731
0.4550031
0.3881906
0.4348093
0.4421347
0.4514532
0.4396896
0.4111403
0.4635248
0.4862823
0.4597184
0.372875
0.4750173
0.4301248
0.4476325
0.4503151
0.4280005
0.4283632
0.4616017
0.4518843
0.4601279
0.5025037
0.4495545
0.4352561
0.360874
0.348
0.5104876
0.4129299
0.372
0.4998862
0.4383076
0.4736682
0.4228726
0.4416075
0.432194
0.503
0.4193391
0.458
0.405
0.4204559
0.4548779
0.4173729
0.360812
0.4169432
0.4391835
0.339
0.4409306
0.336
0.4403312
0.369293
0.381
0.4318313
0.378
0.469
0.4492783
0.383
0.333
0.331
0.4575196
0.411208
0.4079325
0.431
0.34
0.4624629
0.3654651
0.373
0.4025704
0.4296631
0.3657708
0.4235975
0.458
0.4719485
0.4139778
0.412
0.4049504
0.4277226
0.40431
0.4374716
0.4399493
0.4120085
0.3755607
0.399
0.370599
0.32
0.32
0.32
0.3915648
0.4338508
0.3491064
0.3509937
0.3884428
0.4202425
0.3798513
0.4346956
0.4174236
0.401664
0.4316635
0.4181567
0.3922762
0.4127023
0.425142
0.4158999
0.3845033
0.4305477
0.4393503
0.4121697
0.4077996
0.4007464
0.468967
0.4108871
0.3972492
0.324936
0.3534954
0.3987523
0.4071299
0.4089691
0.4253328
0.3938896
0.4367285
0.3709549
0.3618388
0.3608842
0.4209578
0.3953479
0.421762
0.3890337
0.3787742
0.3852963
0.339492
0.3600912
0.3514166
0.4275754
0.3766412
0.4188029
0.4407497
0.38808
0.4023241
0.3396445
0.3678823
0.3943577
0.4014683
0.3687058
0.4739044
0.3772653
0.3929464
0.4105549
0.3895158
0.3702615
0.4216745
0.4388128
0.3880697
0.405873
0.3853263
0.4191199
0.352217
0.4584159
0.3684786
0.3419363
0.3755465
0.3904571
0.4353721
0.4132072
0.3893158
0.3420404
0.3577406
0.3789344
0.4618222
0.3262638
0.4175761
0.3664277
0.4332873
0.3469979
0.3859628
0.3475322
0.4085644
0.4260023
0.4399679
0.4042953
0.4359921
0.4173631
0.3747904
0.3931044
0.348364
0.3721276
0.4148683
0.3936995
0.3907839
0.3446187
0.3575599
0.3523098
0.3875034
0.3446977
0.3919213
0.3401483
0.4300336
0.3877742
0.3518367
0.3803536
0.281
0.3614741
0.281
0.281
0.3826004
0.281
0.281
0.3776435
0.281
0.281
0.3380607
0.281
0.281
0.3438355
0.281
0.281
0.3762063
0.281
0.4165426
0.281
0.281
0.3984971
0.281
0.281
0.3450683
0.281
0.281
0.3884479
0.281
0.281
0.3605891
0.281
0.281
0.370242
0.281
0.281
0.3679177
0.281
0.281
0.4377789
0.281
0.281
0.3214779
0.281
0.3601693
0.281
0.281
0.3014619
0.281
0.281
0.3729916
0.281
0.281
0.3874365
0.281
0.281
0.3970468
0.281
0.281
0.2926805
0.281
0.281
0.363224
0.281
0.281
0.3983059
0.281
0.257
0.281
0.281
0.257
0.281
0.281
0.257
0.281
0.281
0.257
0.281
0.281
0.257
0.281
0.281
0.257
0.281
0.281
0.257
0.281
0.281
0.257
0.281
0.281
0.257
0.281
0.257
0.281
0.281
0.257
0.281
0.281
0.257
0.281
0.281
0.257
0.281
0.281
0.257
0.281
0.281
0.257
0.281
0.281
0.257
0.281
0.281
0.257
0.281
0.281
0.257
0.281
0.281
0.257
0.281
0.281
0.257
0.281
0.281
0.257
0.281
0.281
0.257
0.281
0.257
0.281
0.281
0.257
0.281
0.281
0.257
0.281
0.281
0.257
0.281
0.281
0.257
0.281
0.281
0.257
0.281
0.281
0.257
0.281
0.281
0.257
0.281
0.281
0.257
0.281
0.257
0.281
0.281
0.259
0.28
0.279
0.269
0.27
0.28
0.266
0.273
0.28
0.26
0.279
0.2969586
