0.82
0.816
0.813
0.824
0.813
0.809
0.805
0.815
0.825
0.824
0.839
0.839
0.828
0.821
0.831
0.826
0.827
0.825
0.833
0.838
0.847
0.845
0.842
0.846
0.85
0.849
0.854
0.846
0.85
0.853
0.851
0.84
0.852
0.851
0.849
0.837
0.833
0.834
0.835
0.835
0.825
0.829
0.831
0.834
0.828
0.82
0.822
0.83
0.827
0.827
0.833
0.829
0.833
0.825
0.824
0.824
0.827
0.824
0.808
0.797
0.788
0.782
0.773
0.776
0.762
0.748
0.735
0.731
0.736
0.728
0.732
0.728
0.728
0.727
0.726
0.707
0.694
0.687
0.692
0.695
0.687
0.692
0.683
0.686
0.702
0.707
0.71
0.719
0.713
0.721
0.73
0.736
0.746
0.755
0.765
0.77
0.77
0.777
0.765
0.782
0.808
0.801
0.791
0.775
0.817
0.851
0.85
0.848
0.852
0.853
0.855
0.864
0.872
0.875
0.869
0.879
0.891
0.89
0.898
0.908
0.907
0.903
0.913
0.917
0.913
0.91
0.893
0.884
0.888
0.882
0.875
0.869
0.849
0.839
0.842
0.834
0.832
0.821
0.828
0.816
0.819
0.816
0.83
0.826
0.823
0.824
0.815
0.814
0.815
0.808
0.807
0.791
0.786
0.775
0.767
0.77
0.775
0.774
0.779
0.781
0.79
0.793
0.795
0.8
0.807
0.826
0.833
0.83
0.814
0.81
0.801
0.788
0.787
0.787
0.786
0.786
0.79
0.79
0.788
0.786
0.798
0.795
0.793
0.787
0.792
0.791
0.793
0.782
0.785
0.787
0.784
0.764
0.762
0.76
0.746
0.739
0.741
0.778
0.764
0.775
0.772
0.774
0.745
0.74
0.73
0.717
0.701
0.678
0.669
0.673
0.681
0.698
0.706
0.718
0.731
0.75
0.752
0.756
0.765
0.766
0.775
0.779
0.779
0.784
0.784
0.791
0.782
0.787
0.785
0.792
0.794
0.781
0.78
0.775
0.77
0.764
0.768
0.773
0.769
0.76
0.752
0.75
0.743
0.738
0.727
0.723
0.722
0.718
0.715
0.713
0.711
0.708
0.706
0.709
0.706
0.703
0.694
0.694
0.695
0.688
0.677
0.676
0.681
0.69
0.71
0.719
0.732
0.751
0.759
0.76
0.757
0.761
0.754
0.753
0.75
0.753
0.75
0.751
0.748
0.758
0.762
0.766
0.759
0.771
0.776
0.783
0.779
0.788
0.788
0.791
0.787
0.784
0.782
0.778
0.764
0.757
0.751
0.754
0.753
0.755
0.752
0.756
0.765
0.749
0.733
0.718
0.718
0.729
0.738
0.739
0.745
0.756
0.764
0.77
0.772
0.776
0.784
0.794
0.788
0.787
0.798
0.793
0.787
0.788
0.799
0.805
0.795
0.804
0.809
0.82
0.812
0.816
0.819
0.829
0.814
0.81
0.815
0.816
0.803
0.804
0.816
0.822
0.812
0.804
0.81
0.805
0.798
0.8
0.815
0.819
0.811
0.811
0.81
0.811
0.797
0.801
0.807
0.808
0.823
0.795
0.803
0.802
0.798
0.799
0.807
0.807
0.814
0.815
0.823
0.83
0.822
0.817
0.812
0.811
0.806
0.79
0.784
0.787
0.79
0.787
0.791
0.822
0.842
0.85
0.845
0.851
0.855
0.857
0.853
0.847
0.844
0.843
0.843
0.842
0.844
0.85
0.852
0.849
0.843
0.832
0.839
0.843
0.837
0.839
0.847
0.6842383
0.854
0.846
0.847
0.842
0.832
0.834
0.832
0.824
0.81
0.815
0.812
0.811
0.811
0.804
0.82
0.829
0.83
0.827
0.832
0.832
0.827
0.821
0.813
0.818
0.821
0.821
0.818
0.813
0.814
0.807
0.808
0.805
0.795
0.796
0.794
0.788
0.787
0.791
0.797
0.796
0.806
0.818
0.828
0.828
0.827
0.839
0.69199
0.84
0.823
0.828
0.827
0.811
0.805
0.798
0.788
0.78
0.777
0.791
0.799
0.798
0.798
0.805
0.807
0.797
0.799
0.803
0.795
0.785
0.791
0.788
0.778
0.776
0.768
0.745
0.708
0.684
0.667
0.658
0.669
0.66
0.65
0.655
0.663
0.669
0.676
0.669
0.672
0.67
0.665
0.655
0.637
0.632
0.625
0.616
0.615
0.614
0.608
0.612
0.622
0.623
0.628
0.625
0.62
0.623
0.624
0.616
0.619
0.618
0.614
0.613
0.617
0.604
0.608
0.6
0.595
0.594
0.59
0.583
0.584
0.586
0.583
0.578
0.579
0.58
0.581
0.582
0.582
0.574
0.581
0.579
0.582
0.585
0.591
0.593
0.589
0.594
0.593
0.59
0.593
0.592
0.586
0.585
0.586
0.584
0.578
0.579
0.577
0.574
0.576
0.571
0.57
0.569
0.568
0.565
0.563
0.565
0.567
0.564
0.565
0.566
0.563
0.558
0.563
0.564
0.564
0.561
0.566
0.56
0.556
0.557
0.557
0.554
0.551
0.555
0.553
0.551
0.7647548
0.551
0.551
0.553
0.55
0.552
0.549
0.548
0.549
0.548
0.551
0.547
0.552
0.553
0.554
0.549
0.552
0.552
0.6924509
0.6952041
0.7709514
0.710947
0.6283895
0.6559769
0.549
0.546
0.546
0.6673098
0.546
0.548
0.7469905
0.7056341
0.548
0.7075091
0.6936027
0.6617031
0.7736527
0.711997
0.594156
0.7216548
0.6654954
0.6370195
0.6776123
0.6389569
0.6531301
0.6580661
0.6072901
0.727938
0.6951967
0.6334363
0.7477521
0.7081813
0.6736695
0.7305425
0.729711
0.7269894
0.7206172
0.7141609
0.6847079
0.6730274
0.6694523
0.6544187
0.6776764
0.6271165
0.7912741
0.7453283
0.6338915
0.6683123
0.6652578
0.724843
0.68357
0.6996607
0.6861846
0.6854982
0.752968
0.6767546
0.7600374
0.6135167
0.7154977
0.6934762
0.6978824
0.7057127
0.6635595
0.6716504
0.6388965
0.6363612
0.702113
0.7090391
0.6901586
0.7317225
0.7856465
0.6641906
0.5772949
0.7357676
0.6538065
0.654836
0.736765
0.6741465
0.6294257
0.696464
0.6811784
0.6881142
0.7062774
0.6701647
0.7187082
0.6773903
0.7038143
0.7404105
0.7088083
0.6724527
0.742975
0.7355793
0.7143314
0.6995584
0.6581619
0.753249
0.6595459
0.7928293
0.7615654
0.6770709
0.6393073
0.6544481
0.7007215
0.6766858
0.6719017
0.6430632
0.6864376
0.6511088
0.6089374
0.6705319
0.7326772
0.6612861
0.7178918
0.6115349
0.6862589
0.7137866
0.7033975
0.6940978
0.6584644
0.553
0.56
0.558
0.6486591
0.640369
0.661
0.663
0.608
0.588
0.572
0.58
0.586
0.584
0.59
0.607
0.661
0.67
0.669
0.659
0.683
0.682
0.687
0.686
0.699
0.707
0.695
0.71
0.71
0.711
0.709
0.708
0.709
0.71
0.708
0.706
0.703
0.716
0.7
0.698
0.707
0.7
0.703
0.705
0.677
0.673
0.724
0.739
0.741
0.745
0.74
0.74
0.741
0.731
0.706
0.729
0.748
0.759
0.778
0.754
0.721
0.728
0.733
0.749
0.741
0.727
0.729
0.712
0.709
0.694
0.685
0.723
0.738
0.735
0.742
0.771
0.758
0.765
0.79
0.794
0.801
0.816
0.816
0.807
0.804
0.819
0.804
0.787
0.785
0.772
0.77
0.793
0.819
0.801
0.783
0.788
0.774
0.764
0.784
0.788
0.796
0.822
0.821
0.794
0.819
0.823
0.813
0.803
0.817
0.834
0.808
0.813
0.834
0.804
0.804
0.799
0.792
0.774
0.784
0.777
0.771
0.781
0.796
0.8
0.809
0.824
0.824
0.825
0.832
0.825
0.814
0.83
0.825
0.814
0.794
0.781
0.759
0.773
0.77
0.777
0.801
0.802
0.79
0.793
0.801
0.781
0.785
0.814
0.811
0.799
0.804
0.795
0.784
0.791
0.775
0.751
0.765
0.773
0.789
0.806
0.833
0.846
0.84
0.829
0.834
0.827
0.822
0.829
0.839
0.831
0.823
0.846
0.862
0.7261826
0.6756236
0.854
0.841
0.847
0.84
0.83
0.842
0.84
0.838
0.836
0.837
0.837
0.819
0.815
0.815
0.807
0.802
0.815
0.818
0.814
0.812
0.816
0.81
0.798
0.797
0.803
0.805
0.79
0.787
0.794
0.791
0.782
0.795
0.81
0.82
0.808
0.825
0.83
0.818
0.816
0.816
0.803
0.796
0.801
0.797
0.789
0.786
0.796
0.81
0.791
0.797
0.817
0.816
0.797
0.826
0.83
0.841
0.834
0.829
0.834
0.83
0.817
0.824
0.834
0.827
0.836
0.843
0.842
0.798
0.8
0.801
0.794
0.796
0.806
0.827
0.82
0.829
0.833
0.827
0.809
0.801
0.796
0.798
0.79
0.787
0.784
0.764
0.757
0.768
0.773
0.777
0.78
0.795
0.802
0.803
0.805
0.811
0.826
0.825
0.832
0.816
0.795
0.782
0.779
0.78
0.779
0.794
0.8
0.808
0.813
0.806
0.784
0.779
0.786
0.782
0.778
0.792
0.797
0.794
0.801
0.796
0.794
0.789
0.787
0.788
0.785
0.791
0.794
0.8
0.792
0.798
0.801
0.8
0.791
0.794
0.79
0.789
0.787
0.795
0.789
0.785
0.784
0.782
0.777
0.773
0.779
0.773
0.764
0.746
0.777
0.789
0.782
0.796
0.798
0.81
0.8
0.805
0.814
0.805
0.809
0.815
0.814
0.803
0.792
0.76
0.746
0.733
0.733
0.732
0.731
0.734
0.738
0.738
0.739
0.735
0.744
0.746
0.742
0.743
0.744
0.741
0.738
0.728
0.731
0.736
0.739
0.741
0.748
0.75
0.753
0.752
0.741
0.728
0.733
0.735
0.739
0.739
0.748
0.748
0.749
0.745
0.725
0.708
0.702
0.694
0.688
0.679
0.684
0.683
0.678
0.675
0.69
0.708
0.726
0.749
0.753
0.753
0.753
0.754
0.756
0.757
0.748
0.738
0.728
0.72
0.718
0.708
0.709
0.723
0.726
0.734
0.751
0.757
0.779
0.789
0.799
0.797
0.787
0.777
0.767
0.758
0.75
0.75
0.742
0.731
0.74
0.733
0.733
0.727
0.732
0.729
0.724
0.709
0.702
0.685
0.69
0.687
0.687
0.691
0.693
0.696
0.687
0.695
0.685
0.686
0.699
0.704
0.721
0.75
0.769
0.794
0.805
0.805
0.801
0.791
0.775
0.754
0.733
0.719
0.717
0.714
0.721
0.722
0.724
0.739
0.749
0.744
0.75
0.749
0.732
0.732
0.72
0.715
0.706
0.704
0.71
0.716
0.718
0.726
0.747
0.758
0.75
0.748
0.73
0.717
0.682
0.71
0.708
0.726
0.74
0.759
0.773
0.804
0.801
0.786
0.785
0.773
0.751
0.746
0.734
0.727
0.72
0.734
0.735
0.736
0.744
0.748
0.759
0.748
0.754
0.753
0.743
0.735
0.749
0.762
0.757
0.765
0.793
0.798
0.79
0.778
0.759
0.763
0.763
0.761
0.746
0.762
0.767
0.767
0.774
0.764
0.787
0.797
0.799
0.786
0.794
0.79
0.786
0.764
0.773
0.78
0.779
0.791
0.783
0.79
0.77
0.783
0.769
0.751
0.751
0.747
0.75
0.737
0.744
0.753
0.736
0.738
0.729
0.738
0.721
0.721
0.735
0.731
0.721
0.714
0.722
0.723
0.724
0.731
0.738
0.732
0.73
0.741
0.743
0.74
0.735
0.745
0.755
0.753
0.742
0.737
0.738
0.727
0.727
0.723
0.725
0.735
0.75
0.75
0.756
0.764
0.759
0.753
0.755
0.752
0.746
0.74
0.745
0.742
0.733
0.74
0.745
0.747
0.739
0.75
0.748
0.755
0.762
0.763
0.758
0.746
0.747
0.735
0.73
0.723
0.73
0.728
0.725
0.736
0.742
0.744
0.749
0.757
0.759
0.753
0.764
0.76
0.754
0.744
0.755
0.746
0.743
0.731
0.744
0.737
0.724
0.708
0.706
0.704
0.698
0.699
0.709
0.714
0.716
0.719
0.713
0.707
0.706
0.7
0.7
0.706
0.708
0.709
0.73
0.739
0.748
0.774
0.789
0.796
0.794
0.8
0.803
0.794
0.782
0.779
0.776
0.771
0.761
0.764
0.762
0.753
0.763
0.764
0.765
0.763
0.762
0.756
0.768
0.769
0.764
0.762
0.766
0.76
0.761
0.754
0.757
0.755
0.755
0.746
0.726
0.708
0.705
0.706
0.709
0.715
0.723
0.724
0.718
0.728
0.739
0.751
0.739
0.743
0.749
0.751
0.754
0.751
0.743
0.733
0.734
0.73
0.736
0.734
0.725
0.74
0.742
0.747
0.739
0.751
0.757
0.756
0.757
0.766
0.764
0.747
0.759
0.762
0.757
0.753
0.751
0.746
0.731
0.732
0.737
0.741
0.724
0.735
0.742
0.747
0.753
0.75
0.748
0.735
0.737
0.736
0.738
0.729
0.729
0.737
0.744
0.749
0.751
0.747
0.74
0.746
0.749
0.748
0.745
0.735
0.74
0.741
0.735
0.735
0.74
0.734
0.728
0.72
0.718
0.721
0.716
0.713
0.724
0.726
0.73
0.73
0.738
0.746
0.743
0.742
0.737
0.741
0.734
0.712
0.687
0.673
0.662
0.656
0.658
0.659
0.646
0.653
0.651
0.651
0.653
0.653
0.644
0.647
0.653
0.651
0.64
0.642
0.635
0.624
0.63
0.625
0.62
0.621
0.62
0.627
0.624
0.618
0.611
0.608
0.608
0.6
0.602
0.599
0.592
0.603
0.596
0.607
0.603
0.604
0.62
0.633
0.649
0.662
0.67
0.689
0.694
0.7
0.707
0.699
0.693
0.681
0.69
0.687
0.689
0.685
0.684
0.683
0.685
0.675
0.684
0.681
0.686
0.68
0.676
0.677
0.673
0.681
0.685
0.686
0.691
0.695
0.701
0.697
0.698
0.698
0.69
0.689
0.688
0.681
0.668
0.671
0.673
0.666
0.68
0.695
0.7
0.72
0.722
0.73
0.738
0.739
0.746
0.741
0.738
0.723
0.735
0.738
0.742
0.746
0.748
0.745
0.748
0.734
0.72
0.735
0.739
0.748
0.735
0.744
0.766
0.761
0.781
0.784
0.781
0.761
0.75
0.745
0.731
0.733
0.731
0.721
0.726
0.73
0.729
0.721
0.725
0.715
0.724
0.722
0.718
0.725
0.718
0.726
0.727
0.73
0.736
0.727
0.721
0.735
0.736
0.735
0.729
0.735
0.739
0.727
0.75
0.763
0.771
0.751
0.754
0.764
0.772
0.765
0.765
0.774
0.769
0.767
0.77
0.77
0.762
0.745
0.755
0.762
0.761
0.748
0.752
0.755
0.75
0.731
0.74
0.739
0.718
0.729
0.734
0.75
0.755
0.751
0.761
0.748
0.729
0.727
0.736
0.739
0.747
0.738
0.756
0.751
0.755
0.761
0.77
0.754
0.754
0.75
0.741
0.725
0.715
0.722
0.727
0.718
0.714
0.722
0.726
0.728
0.728
0.74
0.735
0.737
0.736
0.739
0.736
0.727
0.735
0.737
0.737
0.742
0.732
0.733
0.733
0.729
0.729
0.719
0.727
0.725
0.726
0.724
0.732
0.733
0.715
0.722
0.732
0.736
0.741
0.732
0.75
0.748
0.741
0.726
0.735
0.739
0.733
0.726
0.723
0.729
0.739
0.747
0.74
0.749
0.746
0.741
0.735
0.738
0.738
0.741
0.722
0.729
0.732
0.739
0.738
0.728
0.728
0.733
0.733
0.732
0.719
0.722
0.732
0.739
0.732
0.732
0.744
0.75
0.743
0.734
0.735
0.737
0.74
0.731
0.736
0.733
0.733
0.726
0.72
0.726
0.732
0.733
0.733
0.72
0.724
0.731
0.734
0.724
0.719
0.721
0.707
0.697
0.696
0.698
0.708
0.718
0.721
0.736
0.746
0.741
0.731
0.723
0.718
0.712
0.7
0.699
0.702
0.706
0.703
0.709
0.708
0.709
0.704
0.702
0.708
0.717
0.72
0.718
0.71
0.715
0.72
0.719
0.721
0.729
0.721
0.724
0.727
0.724
0.699
0.71
0.716
0.714
0.716
0.707
0.717
0.722
0.722
0.723
0.719
0.718
0.714
0.706
0.704
0.694
0.683
0.691
0.727
0.737
0.743
0.75
0.745
0.743
0.746
0.745
0.734
0.732
0.722
0.718
0.717
0.708
0.721
0.733
0.742
0.748
0.748
0.737
0.724
0.722
0.718
0.705
0.716
0.717
0.717
0.722
0.706
0.708
0.715
0.712
0.717
0.719
0.718
0.716
0.719
0.712
0.717
0.721
0.722
0.727
0.734
0.728
0.726
0.725
0.718
0.718
0.709
0.712
0.718
0.722
0.719
0.719
0.722
0.722
0.712
0.709
0.709
0.709
0.707
0.707
0.698
0.695
0.693
0.685
0.674
0.672
0.664
0.657
0.657
0.663
0.662
0.666
0.668
0.664
0.672
0.682
0.695
0.703
0.709
0.727
0.735
0.735
0.737
0.738
0.732
0.719
0.721
0.717
0.702
0.712
0.711
0.708
0.716
0.711
0.71
0.709
0.716
0.721
0.726
0.724
0.735
0.741
0.743
0.744
0.747
0.743
0.736
0.738
0.737
0.732
0.72
0.722
0.713
0.705
0.694
0.699
0.699
0.691
0.69
0.696
0.708
0.711
0.707
0.725
0.73
0.74
0.731
0.743
0.746
0.735
0.738
0.736
0.721
0.723
0.719
0.712
0.71
0.711
0.714
0.707
0.718
0.72
0.713
0.722
0.724
0.719
0.723
0.724
0.715
0.713
0.718
0.71
0.709
0.71
0.711
0.715
0.711
0.714
0.719
0.716
0.715
0.718
0.72
0.717
0.711
0.717
0.716
0.709
0.72
0.72
0.714
0.716
0.723
0.717
0.71
0.72
0.713
0.709
0.708
0.71
0.709
0.704
0.71
0.707
0.7
0.7
0.705
0.705
0.705
0.706
0.721
0.727
0.727
0.723
0.714
0.725
0.727
0.715
0.701
0.687
0.68
0.665
0.658
0.652
0.66
0.658
0.656
0.661
0.68
0.689
0.706
0.729
0.755
0.761
0.785
0.801
0.798
0.783
0.777
0.761
0.743
0.744
0.726
0.7
0.697
0.694
0.695
0.696
0.69
0.687
0.684
0.691
0.699
0.709
0.72
0.719
0.708
0.721
0.721
0.727
0.724
0.719
0.716
0.709
0.705
0.692
0.679
0.68
0.672
0.659
0.649
0.654
0.66
0.675
0.691
0.695
0.704
0.696
0.707
0.709
0.708
0.71
0.715
0.714
0.71
0.708
0.709
0.708
0.711
0.708
0.717
0.72
0.724
0.725
0.74
0.75
0.75
0.744
0.76
0.762
0.763
0.75
0.754
0.759
0.767
0.772
0.769
0.77
0.75
0.745
0.748
0.744
0.75
0.741
0.761
0.769
0.779
0.779
0.773
0.761
0.749
0.757
0.74
0.735
0.732
0.719
0.728
0.734
0.743
0.735
0.746
0.763
0.777
0.783
0.784
0.767
0.776
0.774
0.765
0.765
0.741
0.75
0.754
0.758
0.768
0.77
0.775
0.763
0.768
0.767
0.771
0.766
0.764
0.752
0.751
0.749
0.741
0.731
0.722
0.737
0.744
0.756
0.765
0.771
0.767
0.748
0.757
0.754
0.748
0.746
0.735
0.735
0.746
0.745
0.746
0.735
0.748
0.757
0.759
0.765
0.75
0.755
0.757
0.738
0.752
0.751
0.75
0.743
0.736
0.738
0.749
0.751
0.741
0.728
0.715
0.711
0.706
0.708
0.708
0.697
0.711
0.713
0.723
0.74
0.743
0.749
0.76
0.772
0.772
0.768
0.756
0.768
0.755
0.742
0.738
0.73
0.725
0.719
0.724
0.721
0.726
0.73
0.727
0.737
0.747
0.743
0.735
0.725
0.736
0.724
0.717
0.712
0.726
0.729
0.729
0.735
0.726
0.73
0.72
0.713
0.711
0.702
0.717
0.725
0.741
0.748
0.75
0.752
0.766
0.772
0.769
0.751
0.754
0.758
0.75
0.733
0.735
0.738
0.737
0.742
0.73
0.735
0.739
0.739
0.73
0.73
0.717
0.701
0.704
0.713
0.714
0.72
0.724
0.725
0.719
0.722
0.728
0.726
0.727
0.72
0.726
0.734
0.744
0.75
0.751
0.753
0.728
0.721
0.759
0.764
0.759
0.773
0.767
0.758
0.762
0.754
0.756
0.767
0.778
0.783
0.785
0.791
0.796
0.796
0.788
0.78
0.764
0.75
0.728
0.715
0.712
0.717
0.721
0.729
0.735
0.728
0.734
0.732
0.718
0.724
0.728
0.725
0.732
0.736
0.723
0.724
0.72
0.714
0.712
0.71
0.705
0.702
0.689
0.693
0.694
0.696
0.703
0.706
0.708
0.698
0.702
0.698
0.701
0.707
0.694
0.703
0.702
0.708
0.711
0.709
0.701
0.709
0.714
0.714
0.719
0.71
0.718
0.714
0.716
0.699
0.707
0.713
0.713
0.71
0.699
0.707
0.707
0.7
0.696
0.683
0.678
0.678
0.677
0.676
0.682
0.684
0.682
0.684
0.702
0.708
0.721
0.736
0.736
0.732
0.721
0.71
0.691
0.691
0.682
0.683
0.682
0.685
0.691
0.686
0.701
0.706
0.693
0.705
0.708
0.713
0.725
0.728
0.728
0.729
0.72
0.715
0.708
0.702
0.688
0.683
0.679
0.672
0.68
0.69
0.7
0.714
0.718
0.722
0.711
0.708
0.709
0.709
0.713
0.712
0.708
0.707
0.697
0.681
0.684
0.682
0.689
0.699
0.704
0.708
0.703
0.709
0.72
0.723
0.726
0.725
0.715
0.717
0.723
0.721
0.721
0.709
0.699
0.689
0.688
0.681
0.669
0.666
0.673
0.677
0.686
0.697
0.708
0.713
0.711
0.703
0.694
0.687
0.681
0.682
0.68
0.676
0.676
0.686
0.701
0.712
0.725
0.732
0.741
0.749
0.75
0.75
0.749
0.74
0.718
0.708
0.698
0.693
0.696
0.695
0.696
0.7
0.693
0.691
0.687
0.679
0.682
0.685
0.69
0.686
0.69
0.689
0.688
0.675
0.678
0.684
0.686
0.687
0.69
0.689
0.698
0.697
0.693
0.697
0.693
0.686
0.689
0.679
0.686
0.69
0.699
0.697
0.696
0.687
0.684
0.688
0.689
0.696
0.7
0.694
0.701
0.703
0.7
0.7
0.691
0.695
0.697
0.701
0.703
0.699
0.69
0.691
0.69
0.684
0.683
0.682
0.694
0.702
0.709
0.718
0.726
0.723
0.729
0.724
0.72
0.709
0.7
0.701
0.708
0.705
0.698
0.698
0.685
0.692
0.701
0.708
0.717
0.734
0.737
0.731
0.726
0.729
0.722
0.714
0.696
0.687
0.686
0.682
0.691
0.706
0.721
0.728
0.752
0.769
0.769
0.773
0.77
0.762
0.752
0.737
0.732
0.728
0.721
0.72
0.711
0.718
0.721
0.726
0.732
0.736
0.734
0.741
0.747
0.748
0.744
0.747
0.748
0.748
0.74
0.749
0.742
0.727
0.723
0.714
0.72
0.729
0.734
0.733
0.726
0.721
0.707
0.708
0.712
0.712
0.725
0.717
0.713
0.718
0.722
0.723
0.723
0.717
0.705
0.695
0.688
0.682
0.691
0.702
0.713
0.722
0.721
0.716
0.707
0.7
0.697
0.689
0.683
0.688
0.695
0.694
0.712
0.725
0.731
0.731
0.749
0.745
0.737
0.726
0.714
0.696
0.678
0.683
0.667
0.67
0.671
0.682
0.682
0.679
0.689
0.691
0.688
0.684
0.684
0.674
0.682
0.674
0.666
0.662
0.661
0.653
0.673
0.693
0.678
0.687
0.701
0.697
0.696
0.693
0.676
0.654
0.655
0.666
0.66
0.672
0.685
0.678
0.691
0.701
0.727
0.713
0.724
0.732
0.743
0.751
0.748
0.758
0.76
0.76
0.764
0.758
0.75
0.753
0.738
0.731
0.728
0.735
0.741
0.737
0.744
0.744
0.752
0.746
0.742
0.754
0.75
0.735
0.736
0.73
0.71
0.698
0.707
0.709
0.706
0.718
0.724
0.723
0.722
0.736
0.736
0.728
0.731
0.738
0.733
0.723
0.726
0.734
0.73
0.724
0.735
0.733
0.726
0.729
0.732
0.727
0.722
0.724
0.728
0.731
0.74
0.728
0.745
0.746
0.751
0.739
0.748
0.738
0.737
0.718
0.713
0.704
0.703
0.699
0.701
0.706
0.712
0.732
0.743
0.748
0.749
0.749
0.746
0.732
0.724
0.725
0.72
0.717
0.709
0.711
0.713
0.708
0.72
0.721
0.721
0.718
0.721
0.729
0.729
0.718
0.721
0.727
0.726
0.722
0.73
0.73
0.732
0.726
0.735
0.733
0.736
0.729
0.733
0.736
0.722
0.706
0.706
0.705
0.694
0.686
0.698
0.707
0.712
0.722
0.732
0.74
0.743
0.747
0.749
0.749
0.738
0.741
0.738
0.738
0.734
0.742
0.745
0.741
0.739
0.741
0.743
0.734
0.729
0.732
0.722
0.723
0.728
0.724
0.708
0.707
0.704
0.703
0.694
0.692
0.682
0.67
0.666
0.661
0.656
0.644
0.642
0.691
0.711
0.751
0.79
0.813
0.847
0.853
0.852
0.833
0.855
0.851
0.829
0.829
0.829
0.808
0.788
0.792
0.792
0.78
0.773
0.757
0.758
0.767
0.763
0.756
0.764
0.767
0.763
0.766
0.758
0.757
0.732
0.718
0.702
0.692
0.69
0.688
0.693
0.684
0.686
0.696
0.705
0.708
0.714
0.736
0.738
0.746
0.73
0.741
0.741
0.744
0.73
0.733
0.733
0.733
0.735
0.722
0.71
0.713
0.71
0.711
0.708
0.702
0.719
0.733
0.741
0.739
0.739
0.738
0.731
0.725
0.712
0.698
0.696
0.698
0.705
0.715
0.711
0.704
0.718
0.729
0.729
0.732
0.734
0.725
0.721
0.731
0.738
0.744
0.741
0.754
0.76
0.754
0.739
0.721
0.723
0.719
0.695
0.713
0.717
0.721
0.729
0.734
0.72
0.722
0.739
0.74
0.738
0.734
0.731
0.727
0.703
0.693
0.694
0.671
0.675
0.69
0.707
0.726
0.747
0.748
0.761
0.773
0.772
0.776
0.756
0.753
0.755
0.754
0.744
0.721
0.725
0.728
0.729
0.724
0.726
0.721
0.729
0.729
0.729
0.712
0.725
0.727
0.727
0.736
0.741
0.726
0.739
0.743
0.741
0.744
0.733
0.741
0.734
0.728
0.726
0.711
0.711
0.71
0.715
0.72
0.727
0.717
0.735
0.74
0.739
0.744
0.731
0.711
0.711
0.717
0.721
0.728
0.728
0.71
0.708
0.703
0.702
0.687
0.697
0.708
0.721
0.733
0.733
0.725
0.731
0.734
0.731
0.738
0.73
0.714
0.72
0.722
0.726
0.728
0.71
0.726
0.736
0.747
0.744
0.729
0.739
0.748
0.755
0.761
0.75
0.741
0.742
0.735
0.721
0.733
0.734
0.727
0.724
0.715
0.71
0.699
0.697
0.701
0.695
0.694
0.684
0.678
0.687
0.692
0.691
0.682
0.689
0.685
0.672
0.649
0.646
0.658
0.661
0.67
0.697
0.72
0.738
0.739
0.778
0.784
0.787
0.776
0.766
0.756
0.733
0.723
0.717
0.711
0.707
0.72
0.735
0.748
0.761
0.76
0.763
0.745
0.738
0.747
0.743
0.746
0.745
0.746
0.724
0.737
0.734
0.736
0.722
0.737
0.75
0.755
0.763
0.767
0.763
0.755
0.764
0.76
0.744
0.737
0.718
0.721
0.727
0.725
0.726
0.755
0.772
0.782
0.788
0.785
0.779
0.751
0.746
0.728
0.72
0.715
0.698
0.702
0.716
0.723
0.746
0.764
0.763
0.756
0.779
0.778
0.782
0.775
0.771
0.752
0.742
0.733
0.724
0.718
0.716
0.706
0.716
0.743
0.758
0.768
0.773
0.762
0.764
0.769
0.763
0.751
0.732
0.712
0.719
0.708
0.69
0.703
0.711
0.725
0.752
0.742
0.759
0.782
0.791
0.799
0.801
0.778
0.78
0.774
0.757
0.741
0.72
0.717
0.714
0.709
0.716
0.717
0.745
0.762
0.775
0.785
0.773
0.796
0.792
0.791
0.784
0.761
0.76
0.765
0.767
0.774
0.788
0.781
0.791
0.806
0.804
0.791
0.784
0.763
0.738
0.739
0.743
0.747
0.753
0.762
0.756
0.746
0.757
0.759
0.757
0.754
0.738
0.749
0.75
0.753
0.756
0.754
0.757
0.75
0.731
0.724
0.751
0.766
0.766
0.777
0.775
0.767
0.77
0.782
0.782
0.791
0.781
0.793
0.796
0.797
0.796
0.791
0.791
0.779
0.772
0.755
0.732
0.733
0.731
0.728
0.73
0.736
0.743
0.732
0.73
0.738
0.737
0.735
0.731
0.714
0.711
0.712
0.708
0.708
0.699
0.7
0.708
0.702
0.694
0.688
0.675
0.674
0.672
0.673
0.671
0.68
0.702
0.713
0.728
0.737
0.74
0.737
0.743
0.745
0.742
0.74
0.74
0.733
0.727
0.73
0.736
0.739
0.748
0.75
0.744
0.739
0.716
0.712
0.708
0.706
0.704
0.711
0.724
0.72
0.708
0.698
0.696
0.706
0.706
0.711
0.716
0.715
0.707
0.716
0.721
0.725
0.716
0.72
0.728
0.734
0.738
0.738
0.746
0.738
0.72
0.73
0.73
0.725
0.725
0.717
0.71
0.716
0.709
0.704
0.701
0.721
0.728
0.731
0.75
0.764
0.754
0.747
0.747
0.746
0.731
0.72
0.719
0.718
0.708
0.708
0.698
0.695
0.692
0.69
0.692
0.698
0.7
0.704
0.706
0.704
0.693
0.705
0.705
0.708
0.71
0.704
0.711
0.713
0.711
0.724
0.731
0.728
0.733
0.724
0.734
0.734
0.725
0.719
0.713
0.702
0.689
0.684
0.671
0.669
0.658
0.648
0.635
0.647
0.655
0.67
0.674
0.689
0.698
0.682
0.699
0.698
0.703
0.697
0.688
0.681
0.677
0.675
0.672
0.671
0.674
0.676
0.678
0.687
0.695
0.712
0.735
0.758
0.772
0.779
0.784
0.785
0.782
0.779
0.775
0.768
0.759
0.753
0.751
0.742
0.739
0.737
0.74
0.733
0.734
0.738
0.74
0.737
0.731
0.732
0.727
0.727
0.726
0.721
0.724
0.723
0.724
0.723
0.724
0.722
0.723
0.723
0.709
0.706
0.754
0.727
0.724
0.731
0.737
0.72
0.73
0.733
0.74
0.735
0.742
0.75
0.76
0.754
0.763
0.769
0.77
0.771
0.774
0.758
0.769
0.765
0.767
0.75
0.729
0.72
0.72
0.722
0.723
0.726
0.72
0.713
0.712
0.705
0.699
0.688
0.693
0.694
0.7
0.698
0.705
0.72
0.732
0.739
0.737
0.745
0.746
0.733
0.714
0.7
0.694
0.675
0.681
0.687
0.692
0.693
0.709
0.717
0.717
0.714
0.718
0.704
0.711
0.714
0.711
0.704
0.714
0.712
0.712
0.723
0.719
0.712
0.721
0.713
0.709
0.702
0.705
0.709
0.717
0.726
0.723
0.73
0.731
0.736
0.724
0.729
0.731
0.73
0.72
0.726
0.727
0.72
0.727
0.735
0.736
0.738
0.732
0.719
0.724
0.727
0.72
0.713
0.708
0.713
0.715
0.718
0.717
0.716
0.726
0.729
0.736
0.741
0.728
0.728
0.729
0.728
0.726
0.73
0.733
0.736
0.741
0.741
0.735
0.739
0.743
0.746
0.728
0.73
0.724
0.723
0.711
0.716
0.727
0.734
0.733
0.739
0.738
0.72
0.72
0.722
0.725
0.716
0.717
0.721
0.725
0.726
0.72
0.725
0.728
0.73
0.721
0.728
0.726
0.731
0.722
0.711
0.715
0.72
0.714
0.709
0.712
0.721
0.73
0.742
0.75
0.755
0.741
0.749
0.752
0.755
0.745
0.745
0.741
0.734
0.74
0.741
0.743
0.749
0.73
0.734
0.742
0.743
0.725
0.737
0.738
0.74
0.731
0.723
0.727
0.728
0.727
0.725
0.71
0.72
0.722
0.727
0.728
0.731
0.717
0.726
0.716
0.713
0.708
0.705
0.699
0.715
0.724
0.715
0.706
0.683
0.676
0.668
0.65
0.653
0.653
0.656
0.651
0.646
0.632
0.625
0.617
0.613
0.604
0.61
0.622
0.626
0.63
0.633
0.638
0.641
0.648
0.653
0.656
0.667
0.666
0.667
0.672
0.672
0.67
0.663
0.659
0.662
0.645
0.628
0.625
0.618
0.618
0.605
0.607
0.61
0.617
0.616
0.615
0.619
0.621
0.625
0.636
0.64
0.66
0.666
0.687
0.693
0.7
0.69
0.681
0.696
0.701
0.693
0.693
0.709
0.721
0.719
0.719
0.726
0.712
0.708
0.696
0.689
0.694
0.691
0.694
0.695
0.688
0.697
0.699
0.697
0.709
0.712
0.712
0.706
0.694
0.698
0.684
0.677
0.665
0.655
0.664
0.661
0.651
0.654
0.656
0.667
0.681
0.695
0.698
0.708
0.713
0.702
0.697
0.688
0.685
0.678
0.671
0.68
0.685
0.684
0.694
0.701
0.704
0.696
0.702
0.696
0.697
0.688
0.692
0.689
0.687
0.692
0.696
0.699
0.706
0.704
0.703
0.691
0.686
0.684
0.672
0.657
0.655
0.656
0.657
0.661
0.662
0.663
0.668
0.673
0.674
0.673
0.671
0.658
0.652
0.625
0.628
0.621
0.618
0.625
0.633
0.644
0.655
0.644
0.634
0.632
0.63
0.62
0.613
0.611
0.608
0.598
0.598
0.601
0.603
0.605
0.613
0.61
0.606
0.603
0.605
0.604
0.607
0.609
0.617
0.624
0.633
0.643
0.656
0.669
0.668
0.675
0.684
0.691
0.666
0.681
0.681
0.695
0.704
0.697
0.693
0.686
0.69
0.695
0.697
0.706
0.699
0.723
0.738
0.737
0.735
0.742
0.751
0.753
0.746
0.747
0.754
0.753
0.747
0.748
0.75
0.749
0.752
0.747
0.755
0.755
0.752
0.75
0.745
0.747
0.741
0.735
0.721
0.73
0.726
0.72
0.711
0.724
0.719
0.719
0.717
0.719
0.717
0.716
0.707
0.721
0.719
0.718
0.706
0.709
0.704
0.699
0.683
0.685
0.688
0.679
0.673
0.674
0.687
0.689
0.669
0.658
0.654
0.647
0.645
0.654
0.652
0.645
0.661
0.672
0.669
0.676
0.673
0.68
0.669
0.671
0.654
0.645
0.648
0.652
0.646
0.65
0.659
0.666
0.663
0.66
0.664
0.664
0.668
0.69
0.664
0.684
0.681
0.686
0.68
0.684
0.687
0.684
0.695
0.7
0.709
0.701
0.704
0.71
0.702
0.709
0.704
0.714
0.722
0.724
0.717
0.716
0.692
0.708
0.716
0.708
0.727
0.729
0.732
0.729
0.705
0.683
0.684
0.678
0.677
0.668
0.671
0.676
0.678
0.684
0.689
0.686
0.667
0.653
0.651
0.648
0.646
0.64
0.634
0.637
0.638
0.634
0.631
0.628
0.623
0.624
0.63
0.643
0.653
0.655
0.671
0.683
0.701
0.708
0.729
0.735
0.748
0.746
0.745
0.755
0.764
0.767
0.76
0.77
0.773
0.765
0.75
0.748
0.737
0.737
0.722
0.71
0.692
0.683
0.731
0.731
0.74
0.759
0.774
0.777
0.79
0.802
0.802
0.778
0.79
0.778
0.775
0.773
0.761
0.761
0.762
0.761
0.75
0.748
0.741
0.75
0.744
0.745
0.748
0.757
0.763
0.751
0.761
0.762
0.774
0.765
0.772
0.77
0.764
0.753
0.756
0.761
0.758
0.745
0.748
0.744
0.735
0.735
0.723
0.711
0.703
0.697
0.694
0.699
0.708
0.715
0.719
0.73
0.723
0.704
0.706
0.702
0.686
0.687
0.675
0.692
0.726
0.759
0.779
0.811
0.82
0.818
0.802
0.791
0.782
0.763
0.743
0.74
0.748
0.747
0.735
0.736
0.745
0.744
0.74
0.756
0.765
0.775
0.779
0.801
0.807
0.803
0.806
0.802
0.792
0.772
0.761
0.747
0.736
0.723
0.73
0.739
0.746
0.716
0.717
0.702
0.699
0.711
0.698
0.715
0.726
0.742
0.75
0.76
0.755
0.773
0.768
0.753
0.771
0.774
0.774
0.755
0.757
0.767
0.771
0.768
0.767
0.773
0.787
0.783
0.783
0.799
0.804
0.803
0.799
0.814
0.808
0.805
0.781
0.784
0.771
0.757
0.764
0.779
0.772
0.775
0.794
0.802
0.793
0.79
0.796
0.793
0.779
0.77
0.764
0.719
0.694
0.701
0.683
0.666
0.669
0.681
0.686
0.691
0.682
0.694
0.694
0.689
0.69
0.688
0.691
0.709
0.726
0.741
0.74
0.758
0.772
0.756
0.759
0.758
0.752
0.745
0.757
0.765
0.766
0.764
0.769
0.75
0.734
0.739
0.752
0.776
0.755
0.767
0.774
0.753
0.754
0.773
0.767
0.762
0.763
0.759
0.741
0.735
0.738
0.73
0.727
0.706
0.684
0.704
0.703
0.711
0.733
0.781
0.817
0.83
0.847
0.834
0.833
0.823
0.818
0.816
0.795
0.777
0.778
0.762
0.735
0.712
0.702
0.714
0.725
0.744
0.736
0.75
0.755
0.753
0.772
0.782
0.788
0.769
0.771
0.773
0.754
0.768
0.77
0.75
0.765
0.765
0.759
0.758
0.781
0.787
0.771
0.783
0.804
0.805
0.788
0.805
0.813
0.81
0.795
0.815
0.817
0.804
0.804
0.816
0.811
0.816
0.833
0.85
0.833
0.823
0.833
0.816
0.802
0.809
0.797
0.778
0.769
0.77
0.75
0.72
0.725
0.811
0.789
0.758
0.769
0.763
0.743
0.752
0.756
0.753
0.761
0.775
0.778
0.781
0.768
0.785
0.78
0.777
0.76
0.773
0.773
0.777
0.775
0.784
0.786
0.788
0.793
0.778
0.788
0.803
0.814
0.8
0.814
0.812
0.801
0.787
0.798
0.787
0.784
0.772
0.758
0.773
0.761
0.765
0.749
0.757
0.761
0.755
0.747
0.753
0.759
0.753
0.747
0.739
0.748
0.742
0.729
0.722
0.728
0.727
0.722
0.708
0.688
0.682
0.666
0.68
0.692
0.716
0.75
0.788
0.814
0.823
0.839
0.837
0.828
0.833
0.827
0.815
0.816
0.801
0.804
0.797
0.79
0.778
0.789
0.781
0.781
0.786
0.783
0.773
0.772
0.765
0.754
0.756
0.762
0.773
0.777
0.791
0.791
0.786
0.786
0.795
0.8
0.784
0.78
0.774
0.758
0.751
0.757
0.75
0.759
0.764
0.762
0.776
0.779
0.778
0.772
0.776
0.784
0.782
0.788
0.795
0.789
0.781
0.784
0.784
0.781
0.791
0.792
0.794
0.797
0.795
0.79
0.783
0.781
0.773
0.767
0.77
0.76
0.755
0.759
0.767
0.76
0.748
0.755
0.755
0.751
0.755
0.748
0.747
0.75
0.746
0.738
0.746
0.746
0.75
0.757
0.771
0.773
0.776
0.783
0.77
0.758
0.739
0.737
0.727
0.714
0.723
0.735
0.741
0.725
0.717
0.694
0.701
0.694
0.699
0.715
0.72
0.722
0.739
0.754
0.742
0.742
0.758
0.768
0.764
0.774
0.771
0.761
0.764
0.764
0.758
0.757
0.763
0.762
0.76
0.773
0.776
0.784
0.785
0.791
0.783
0.766
0.774
0.771
0.764
0.766
0.773
0.769
0.764
0.757
0.751
0.736
0.73
0.731
0.725
0.72
0.738
0.745
0.746
0.757
0.773
0.774
0.767
0.77
0.765
0.752
0.749
0.746
0.736
0.72
0.731
0.728
0.732
0.722
0.71
0.705
0.703
0.703
0.705
0.703
0.708
0.73
0.748
0.75
0.769
0.783
0.783
0.773
0.781
0.774
0.757
0.759
0.751
0.738
0.743
0.739
0.727
0.739
0.74
0.734
0.735
0.744
0.746
0.742
0.754
0.76
0.754
0.753
0.766
0.758
0.768
0.768
0.754
0.757
0.752
0.741
0.746
0.747
0.746
0.75
0.752
0.748
0.75
0.75
0.743
0.748
0.742
0.75
0.742
0.722
0.718
0.71
0.716
0.711
0.713
0.717
0.715
0.726
0.711
0.721
0.714
0.719
0.72
0.727
0.725
0.726
0.724
0.72
0.714
0.686
0.685
0.686
0.685
0.682
0.699
0.717
0.734
0.752
0.774
0.778
0.79
0.789
0.782
0.785
0.774
0.759
0.756
0.742
0.737
0.738
0.746
0.756
0.753
0.759
0.766
0.754
0.766
0.762
0.768
0.768
0.78
0.781
0.787
0.79
0.79
0.784
0.785
0.774
0.744
0.742
0.722
0.681
0.684
0.673
0.667
0.676
0.677
0.669
0.69
0.681
0.682
0.707
0.751
0.764
0.771
0.768
0.767
0.778
0.784
0.775
0.773
0.773
0.764
0.76
0.763
0.759
0.76
0.762
0.764
0.759
0.756
0.752
0.745
0.741
0.736
0.732
0.721
0.712
0.702
0.692
0.69
0.679
0.677
0.679
0.7
0.71
0.721
0.722
0.729
0.729
0.725
0.726
0.717
0.712
0.699
0.694
0.683
0.672
0.674
0.666
0.671
0.672
0.673
0.673
0.689
0.704
0.713
0.726
0.736
0.746
0.74
0.747
0.748
0.749
0.747
0.737
0.734
0.729
0.726
0.73
0.72
0.721
0.726
0.729
0.729
0.729
0.739
0.749
0.756
0.763
0.762
0.754
0.755
0.761
0.762
0.778
0.776
0.771
0.758
0.759
0.753
0.73
0.71
0.697
0.691
0.695
0.691
0.704
0.727
0.738
0.75
0.762
0.777
0.777
0.768
0.777
0.782
0.775
0.795
0.8
0.793
0.78
0.756
0.764
0.749
0.744
0.73
0.734
0.749
0.755
0.758
0.75
0.765
0.77
0.771
0.77
0.759
0.764
0.746
0.727
0.734
0.733
0.731
0.724
0.738
0.74
0.74
0.732
0.721
0.722
0.702
0.7
0.699
0.718
0.722
0.741
0.741
0.772
0.782
0.795
0.777
0.789
0.79
0.786
0.765
0.765
0.771
0.761
0.75
0.749
0.75
0.75
0.743
0.744
0.75
0.744
0.743
0.751
0.766
0.765
0.772
0.758
0.77
0.772
0.764
0.754
0.758
0.762
0.769
0.78
0.771
0.775
0.77
0.759
0.75
0.758
0.757
0.753
0.741
0.753
0.757
0.76
0.755
0.764
0.76
0.753
0.747
0.748
0.749
0.737
0.738
0.737
0.734
0.735
0.73
0.741
0.742
0.741
0.739
0.755
0.757
0.755
0.75
0.758
0.747
0.739
0.721
0.725
0.726
0.727
0.72
0.729
0.737
0.743
0.752
0.752
0.762
0.767
0.764
0.757
0.766
0.764
0.759
0.736
0.727
0.716
0.709
0.697
0.707
0.704
0.698
0.696
0.715
0.757
0.755
0.752
0.758
0.761
0.746
0.749
0.758
0.761
0.775
0.787
0.77
0.79
0.804
0.817
0.822
0.826
0.817
0.816
0.788
0.774
0.755
0.742
0.739
0.746
0.751
0.742
0.746
0.736
0.735
0.726
0.719
0.705
0.694
0.696
0.691
0.691
0.682
0.689
0.702
0.708
0.711
0.713
0.733
0.738
0.726
0.722
0.719
0.714
0.709
0.7
0.718
0.718
0.719
0.716
0.709
0.716
0.718
0.719
0.709
0.715
0.72
0.727
0.72
0.733
0.747
0.747
0.745
0.735
0.745
0.731
0.717
0.707
0.706
0.703
0.705
0.706
0.718
0.734
0.732
0.743
0.756
0.759
0.75
0.75
0.75
0.748
0.738
0.739
0.745
0.743
0.732
0.733
0.725
0.714
0.718
0.703
0.714
0.719
0.721
0.722
0.718
0.723
0.716
0.704
0.715
0.723
0.724
0.72
0.73
0.749
0.75
0.743
0.747
0.752
0.761
0.755
0.745
0.744
0.748
0.751
0.737
0.749
0.748
0.75
0.742
0.744
0.74
0.73
0.734
0.738
0.736
0.724
0.728
0.731
0.733
0.717
0.724
0.727
0.726
0.707
0.709
0.69
0.678
0.661
0.658
0.658
0.677
0.685
0.697
0.706
0.699
0.712
0.716
0.712
0.704
0.703
0.71
0.717
0.721
0.724
0.726
0.737
0.748
0.75
0.753
0.759
0.746
0.75
0.744
0.741
0.743
0.741
0.735
0.725
0.735
0.739
0.726
0.733
0.733
0.739
0.73
0.74
0.734
0.733
0.719
0.729
0.729
0.729
0.727
0.722
0.723
0.725
0.715
0.711
0.721
0.731
0.738
0.74
0.727
0.741
0.743
0.74
0.74
0.725
0.735
0.731
0.73
0.721
0.731
0.735
0.742
0.745
0.74
0.75
0.75
0.754
0.756
0.749
0.752
0.75
0.75
0.735
0.739
0.736
0.733
0.733
0.723
0.725
0.712
0.713
0.7
0.708
0.714
0.72
0.709
0.719
0.704
0.693
0.655
0.653
0.641
0.626
0.621
0.623
0.626
0.615
0.611
0.609
0.639
0.63
0.628
0.631
0.624
0.606
0.606
0.598
0.592
0.592
0.586
0.582
0.581
0.583
0.58
0.579
0.584
0.584
0.585
0.582
0.577
0.579
0.576
0.577
0.571
0.566
0.563
0.558
0.554
0.549
0.549
0.54
0.537
0.538
0.533
0.525
0.526
0.523
0.524
0.516
0.519
0.513
0.515
0.517
0.513
0.515
0.508
0.513
0.507
0.508
0.508
0.501
0.506
0.503
0.502
0.5
0.5
0.503
0.501
0.5
0.5
0.5
0.504
0.5
0.502
0.5
0.496
0.501
0.5
0.5
0.5
0.501
0.498
0.5
0.496
0.498
0.499
0.496
0.502
0.499
0.497
0.502
0.497
0.498
0.497
0.495
0.499
0.497
0.494
0.497
0.494
0.495
0.496
0.489
0.491
0.492
0.491
0.492
0.49
0.49
0.493
0.487
0.486
0.488
0.49
0.484
0.486
0.489
0.485
0.483
0.487
0.489
0.482
0.486
0.484
0.482
0.48
0.484
0.48
0.482
0.48
0.482
0.478
0.479
0.479
0.477
0.478
0.475
0.476
0.475
0.476
0.471
0.474
0.473
0.472
0.471
0.467
0.472
0.47
0.462
0.466
0.468
0.466
0.463
0.469
0.464
0.465
0.465
0.467
0.464
0.463
0.461
0.462
0.467
0.463
0.459
0.462
0.464
0.463
0.461
0.461
0.462
0.458
0.459
0.461
0.458
0.465
0.458
0.458
0.46
0.459
0.455
0.459
0.458
0.5751758
0.456
0.457
0.457
0.458
0.5872609
0.6878279
0.458
0.5689058
0.6115174
0.529
0.6043923
0.473
0.5550991
0.5978787
0.6705517
0.6232977
0.6039038
0.5819568
0.5042268
0.6566795
0.5330057
0.638426
0.6945443
0.5344985
0.6372998
0.5914563
0.5290768
0.5320638
0.5281524
0.5795726
0.5353204
0.6383232
0.7060744
0.5444112
0.6438368
0.6431924
0.6225609
0.55873
0.6014736
0.5940325
0.6346003
0.5901386
0.6548962
0.5905436
0.6590244
0.558805
0.5489741
0.7643925
0.5897933
0.6242293
0.6406561
0.5873548
0.6354398
0.6286222
0.6009412
0.6146087
0.6101093
0.7137303
0.5767983
0.5600923
0.6145352
0.6278153
0.6340841
0.5915494
0.5628724
0.6743227
0.5974645
0.5730417
0.6033546
0.6054564
0.6681684
0.6193918
0.6516128
0.5919254
0.6262654
0.6007141
0.6209733
0.5738674
0.5542213
0.7125594
0.6460115
0.5576882
0.5884877
0.561233
0.7232028
0.6810239
0.6058032
0.6446289
0.5990396
0.5962593
0.5815036
0.5909482
0.6984558
0.6171215
0.6255647
0.6316697
0.6790878
0.5956532
0.5730226
0.493
0.5
0.503
0.499
0.495
0.49
0.504
0.513
0.517
0.509
0.506
0.499
0.509
0.518
0.519
0.523
0.521
0.514
0.533
0.547
0.543
0.548
0.548
0.557
0.541
0.537
0.532
0.531
0.533
0.53
0.541
0.557
0.559
0.552
0.574
0.572
0.565
0.555
0.559
0.544
0.542
0.539
0.538
0.533
0.533
0.537
0.552
0.552
0.553
0.554
0.546
0.607
0.628
0.6
0.596
0.583
0.639
0.668
0.667
0.645
0.624
0.627
0.73
0.6980778
0.747
0.668
0.624
0.604
0.61
0.638
0.642
0.651
0.682
0.7
0.678
0.674
0.694
0.68
0.656
0.652
0.666
0.668
0.666
0.668
0.687
0.672
0.659
0.682
0.733
0.708
0.678
0.667
0.734
0.735
0.74
0.714
0.711
0.5896662
0.5759581
0.5511922
0.5486417
0.5823803
0.745
0.739
0.719
0.726
0.735
0.744
0.726
0.6374319
0.6606982
0.6412231
0.725
0.675
0.655
0.656
0.693
0.743
0.588262
0.608247
0.5714546
0.5705947
0.6469091
0.5558161
0.6975697
0.5995258
0.6138372
0.5680169
0.5755998
0.5398369
0.5937832
0.6222894
0.6174967
0.564368
0.5637606
0.5771824
0.742
0.6721605
0.5460092
0.591542
0.6907628
0.5947252
0.5342737
0.5672226
0.6219278
0.5804893
0.728
0.571026
0.5811639
0.6016479
0.6734507
0.739
0.737
0.73
0.736
0.734
0.5910939
0.6467032
0.6249015
0.5890286
0.5208952
0.5689689
0.5701706
0.5955485
0.6551525
0.7023195
0.6663886
0.5857513
0.507855
0.5729383
0.595489
0.6313192
0.6366373
0.6230381
0.5233301
0.6303393
0.5680769
0.5974761
0.5923806
0.6089799
0.5893877
0.5081949
0.6228024
0.6057428
0.5742842
0.5923224
0.5927736
0.5966222
0.6641823
0.5749659
0.5931596
0.728
0.726
0.6400397
0.726
0.6339531
0.6379924
0.555328
0.678338
0.5854883
0.6712215
0.5170904
0.5823508
0.6407771
0.5465205
0.544411
0.535207
0.5294382
0.558532
0.5949382
0.4825028
0.5885956
0.6372545
0.6752151
0.63969
0.6133423
0.4943018
0.5477638
0.5593624
0.6094939
0.5704863
0.5150449
0.6554012
0.6181203
0.5855753
0.6321242
0.5095718
0.6048257
0.5479111
0.6052606
0.5693381
0.6021705
0.635422
0.712
0.707
0.698
0.689
0.71
0.5699318
0.6178899
0.5121052
0.5340853
0.6408647
0.5859478
0.696
0.68
0.66
0.631
0.629
0.615
0.622
0.624
0.639
0.658
0.684
0.4657586
0.4983159
0.5535821
0.6042258
0.5576302
0.5919975
0.607662
0.6413585
0.5638163
0.5583127
0.4766486
0.5648624
0.532437
0.5128708
0.5504876
0.6072603
0.4631447
0.537633
0.5632892
0.5146728
0.572986
0.576347
0.5547556
0.4381153
0.6785629
0.5454832
0.5860782
0.5676895
0.6032366
0.5929931
0.5435311
0.5712879
0.5076698
0.5934747
0.5301242
0.6673379
0.4725389
0.5289312
0.5902135
0.5747922
0.5218766
0.5020542
0.5562547
0.5483109
0.4630624
0.5499375
0.5570241
0.5559274
0.4967876
0.5696224
0.6124032
0.5679567
0.4915069
0.5246067
0.5616164
0.5137827
0.4412135
0.5862603
0.5039802
0.5158518
0.6147954
0.5055384
0.5826077
0.683
0.684
0.668
0.676
0.674
0.669
0.675
0.667
0.675
0.664
0.674
0.67
0.668
0.668
0.4763979
0.678
0.5189664
0.5320239
0.4793018
0.5044477
0.5330349
0.5660971
0.4547607
0.5165625
0.5690599
0.5067671
0.5430077
0.5552913
0.67
0.662
0.659
0.666
0.666
0.5422649
0.5603028
0.5228238
0.5085278
0.4015674
0.5230825
0.5477039
0.5523382
0.499811
0.6110254
0.5392612
0.5312143
0.5855984
0.4900432
0.667
0.661
0.648
0.657
0.500873
0.6366021
0.5221314
0.599285
0.4520327
0.5112853
0.5380775
0.5339257
0.4711067
0.5196917
0.4668612
0.5520236
0.5693999
0.410778
0.575793
0.4569891
0.5376389
0.5470309
0.5055169
0.483819
0.5221426
0.5347989
0.5556276
0.4148803
0.4343435
0.5805194
0.5617524
0.5321064
0.5450616
0.5542925
0.3828279
0.5626703
0.4859863
0.647
0.644
0.642
0.642
0.643
0.5176055
0.649
0.641
0.628
0.61
0.604
0.598
0.594
0.4889652
0.5443124
0.4855294
0.526527
0.48262
0.548
0.4481626
0.434
0.5573397
0.5344637
0.5810171
0.539
0.5008001
0.5510064
0.5912003
0.4828585
0.4326151
0.4839521
0.4847002
0.5017193
0.5758554
0.4779491
0.510903
0.4817216
0.493114
0.5066789
0.5546861
0.4965222
0.5243244
0.5270055
0.5330267
0.461366
0.5661138
0.4696588
0.4823347
0.5540288
0.5482934
0.4338514
0.4437406
0.4200759
0.4932057
0.4919111
0.5009545
0.5094604
0.4538116
0.4345987
0.5306965
0.5170313
0.4085032
0.4756092
0.4368428
0.3801978
0.4858709
0.4744197
0.4730625
0.4875594
0.5189197
0.4860732
0.446287
0.4401367
0.4684679
0.4890939
0.424082
0.4644753
0.5190269
0.4671179
0.4384115
0.4581091
0.5240835
0.4965958
0.5289186
0.4759526
0.4884146
0.4416064
0.4967371
0.4430933
0.3988882
0.4724077
0.5587995
0.5035644
0.5204743
0.4814206
0.4346693
0.4535838
0.4496807
0.4398284
0.4953831
0.403976
0.502114
0.5014959
0.402379
0.48973
0.5748155
0.431496
0.4980036
0.4197088
0.5096757
0.468006
0.5345093
0.3852846
0.4520533
0.4287966
0.4440332
0.4228454
0.412558
0.4795569
0.3993803
0.5217818
0.393614
0.4546213
0.4747395
0.4767801
0.4337799
0.4514741
0.4930928
0.3769899
0.4087104
0.4608613
0.4237502
0.509965
0.4761237
0.4468544
0.3707943
0.4435771
0.4266654
0.4363586
0.3842301
0.4640059
0.3899634
0.4282705
0.4567733
0.4005427
0.4653184
0.3739731
0.3020456
0.4580355
0.4754397
0.4210471
0.4582586
0.3783547
0.4269792
0.3396965
0.4884125
0.5203022
0.4821794
0.4289762
0.4281329
0.3566975
0.4663905
0.4179754
0.3960947
0.3594292
0.4120345
0.3852137
0.4062571
0.3664672
0.281
0.5042065
0.281
0.4216352
0.281
0.281
0.4720719
0.281
0.281
0.294602
0.281
0.3961521
0.281
0.281
0.383792
0.281
0.281
0.3558802
0.281
0.4871016
0.281
0.281
0.3437612
0.281
0.281
0.4248673
0.281
0.4489265
0.281
0.281
0.4152025
0.281
0.281
0.3630564
0.281
0.4486861
0.281
0.281
0.4100465
0.281
0.3498471
0.281
0.281
0.257
0.281
0.281
0.257
0.281
0.257
0.281
0.281
0.257
0.281
0.281
0.257
0.281
0.257
0.281
0.281
0.257
0.281
0.257
0.281
0.281
0.257
0.281
0.281
0.257
0.281
0.281
0.257
0.281
0.257
0.281
0.281
0.257
0.281
0.281
0.257
0.281
0.257
0.281
0.281
0.257
0.281
0.281
0.257
0.281
0.281
0.257
0.281
0.257
0.281
0.281
0.257
0.281
0.281
0.257
0.281
0.281
0.257
0.281
0.281
0.257
0.281
0.281
0.257
0.281
0.257
0.281
0.281
0.257
0.281
0.281
0.257
0.281
0.281
0.257
0.281
0.32
0.257
0.281
0.281
0.257
0.281
0.32
0.281
0.257
0.281
0.257
0.281
0.32
0.257
0.281
0.281
0.257
0.281
0.2709074
0.436307
0.32
0.3027231
0.2457551
0.3592418
0.32
0.32
0.32
0.32
0.257
0.281
0.281
0.359
0.257
0.281
0.32
0.32
0.32
0.257
0.281
0.257
0.281
0.281
0.257
0.281
0.257
0.281
0.281
0.257
0.281
0.281
0.257
0.281
0.257
0.281
0.281
0.257
0.281
0.281
0.257
0.281
0.281
0.257
0.281
0.257
0.281
0.281
0.257
0.281
0.281
0.257
0.281
0.281
0.257
0.281
0.32
0.32
0.257
0.281
0.32
0.257
0.281
0.32
0.359
0.32
0.421
0.257
0.32
0.32
0.257
0.32
0.32
0.32
0.359
0.281
0.257
0.32
0.282
0.294215
0.2139053
0.359
0.1842124
0.2707622
0.321
0.32
0.359
0.3277105
0.399
0.281
0.359
0.359
0.281
0.398
0.32
0.2974647
0.2427169
0.336
0.28
0.2240692
0.385
0.276
0.2745602
0.2683424
0.399
0.32
0.281
0.287786
0.282
0.398
0.38
0.277
0.322
0.259
0.267
0.271
0.299
0.261
0.2300814
0.263
0.266
0.26
0.294
0.262
0.2872185
0.2037159
0.2268308
0.277244
0.288354
0.1475674
0.312
