0.8604328
0.8055917
0.7051943
0.688077
0.7075104
0.713481
0.7139465
0.7213594
0.7461715
0.7612723
0.7762733
0.7755177
0.7534404
0.7528723
0.7674098
0.7756426
0.7787656
0.7762287
0.7614886
0.7400912
0.7205221
0.7153887
0.7375859
0.7493366
0.7472835
0.7517887
0.7572388
0.7537947
0.7467965
0.731764
0.7244951
0.7284285
0.7181472
0.7161518
0.7224218
0.7189792
0.7100395
0.7087495
0.7331765
0.7601682
0.7774635
0.7859779
0.7677584
0.7539734
0.7436614
0.7315095
0.7360856
0.743633
0.7472315
0.7497947
0.7420957
0.7294967
0.7258569
0.7362736
0.7611193
0.7731331
0.7599549
0.7413882
0.7255574
0.7150599
0.7188289
0.7233631
0.7206833
0.7071214
0.6952526
0.7068508
0.7235883
0.7354588
0.7531038
0.7591043
0.7467498
0.7422223
0.7311103
0.7116787
0.7003922
0.6895878
0.6862169
0.6964103
0.715949
0.7290075
0.7342062
0.7384827
0.7383645
0.7455606
0.7547218
0.7651272
0.7704917
0.7591228
0.7505587
0.743968
0.7285761
0.7363227
0.7504525
0.7603226
0.7754582
0.7561216
0.7362411
0.7387611
0.7434675
0.741611
0.7414941
0.7369314
0.7248492
0.7167954
0.7174828
0.7372537
0.7525359
0.752005
0.7447435
0.7386292
0.7330552
0.7272343
0.7259557
0.7259932
0.721589
0.7167868
0.7140561
0.7077204
0.7093434
0.717257
0.7161951
0.7153787
0.7139868
0.712654
0.7195767
0.7295104
0.7371615
0.7295558
0.7149922
0.7082896
0.705882
0.7051202
0.708293
0.7101554
0.7068506
0.7008598
0.699968
0.7137536
0.726405
0.7327731
0.7356839
0.7210018
0.7096658
0.7221851
0.7305226
0.7398772
0.7419548
0.7151657
0.699934
0.6950598
0.7145149
0.7350214
0.719655
0.7147756
0.7097816
0.7057643
0.7050371
0.7086161
0.7206202
0.7164343
0.70248
0.7031497
0.7210386
0.7342829
0.7451441
0.7520067
0.7375966
0.7272266
0.7326138
0.7296659
0.721504
0.7133242
0.7148748
0.7393459
0.76227
0.7728063
0.7763827
0.7514148
0.730182
0.7304959
0.728592
0.7273947
0.7333765
0.7343204
0.7416577
0.7549981
0.7482225
0.74716
0.7330835
0.7231057
0.7383699
0.7396814
0.7357095
0.7285646
0.7188947
0.7164039
0.7232871
0.7288863
0.7282857
0.7252892
0.7187631
0.7267128
0.7381831
0.7421265
0.73656
0.7262531
0.738293
0.7479045
0.7501168
0.7562789
0.7477773
0.7290914
0.7245313
0.74331
0.7517581
0.7512256
0.7563922
0.7497424
0.7487168
0.7634922
0.7727124
0.7731565
0.7617203
0.7358825
0.7183965
0.7103176
0.7097626
0.7091513
0.6832666
0.671842
0.6868387
0.6846681
0.6817457
0.6967311
0.7140371
0.7311773
0.7363444
0.7209648
0.720277
0.7306488
0.7291749
0.7336271
0.7319207
0.7171525
0.7128825
0.7236723
0.7370457
0.7446246
0.7505282
0.7518335
0.739349
0.729776
0.7357394
0.7540487
0.767668
0.7749457
0.7813481
0.7750133
0.7652649
0.7442695
0.7187148
0.7145602
0.7224347
0.7306012
0.7327249
0.7237805
0.7258799
0.7464048
0.7651194
0.7698837
0.7628698
0.7430217
0.7342568
0.7478221
0.7498846
0.7368108
0.7178751
0.7117965
0.7267527
0.7517592
0.757718
0.734751
0.727432
0.7327155
0.7392714
0.7479678
0.7389198
0.7212863
0.7079627
0.7093405
0.7192579
0.7213136
0.7107864
0.7012145
0.6996276
0.7030602
0.7106958
0.7152198
0.7187608
0.7110731
0.6918781
0.6877626
0.6936529
0.7066855
0.7200065
0.7098198
0.7127374
0.7246555
0.7224616
0.7271475
0.7378819
0.7279019
0.7071804
0.7068949
0.7081976
0.7086167
0.7118681
0.7045291
0.6981781
0.699975
0.708592
0.7246238
0.7401019
0.7528882
0.7549942
0.7493
0.7534445
0.7667814
0.7833319
0.7805095
0.7687003
0.7727659
0.7666982
0.7474458
0.7440883
0.7503981
0.7526913
0.7552469
0.7634065
0.7719842
0.7571537
0.7416357
0.733337
0.7179409
0.7083992
0.7082526
0.7170387
0.7245337
0.7397042
0.7561976
0.7505648
0.7368161
0.72948
0.7222333
0.710589
0.6996646
0.7014205
0.7124761
0.7247565
0.7459521
0.7606538
0.7545432
0.7448854
0.7446845
0.7581931
0.7663661
0.7583674
0.7531978
0.7460255
0.736503
0.7202589
0.7062111
0.7023996
0.7046273
0.7230562
0.7401157
0.7443594
0.7324613
0.7263263
0.7343844
0.7384873
0.7392928
0.7399068
0.7353474
0.7236442
0.711296
0.7110404
0.7240206
0.7279644
0.7287133
0.7273902
0.7209679
0.7113349
0.7035581
0.715646
0.7203728
0.7189602
0.7233157
0.715079
0.6975447
0.6798104
0.6729863
0.6706956
0.6753564
0.6728332
0.6665839
0.67673
0.6925557
0.7193125
0.7312552
0.7342302
0.7440018
0.7302866
0.7197618
0.7226006
0.7339338
0.7545073
0.7605136
0.7552787
0.7398532
0.7228482
0.7165844
0.7177694
0.7211037
0.7351545
0.7552226
0.7485805
0.7348702
0.7239765
0.7646175
0.7309429
0.6316444
0.7286434
0.7300528
0.6392786
0.7434951
0.7446057
0.6423729
0.6854608
0.7409909
0.7222025
0.7025086
0.7073731
0.7139232
0.7353513
0.7205494
0.6750471
0.7126016
0.7259305
0.7339801
0.7298203
0.6684886
0.6357082
0.634295
0.6993327
0.7458947
0.7378447
0.7360794
0.7395491
0.6488755
0.5919101
0.6386672
0.6492385
0.7090708
0.7299743
0.7051533
0.7254862
0.7324644
0.7250673
0.7307857
0.7285183
0.7161068
0.71328
0.7103191
0.7171116
0.7312314
0.7364902
0.7227862
0.7078022
0.6937028
0.6977031
0.7052673
0.7485312
0.7100391
0.6298924
0.715471
0.7328667
0.6994289
0.7054403
0.7284892
0.7113372
0.6534583
0.7141021
0.7406607
0.6983007
0.7015535
0.6609638
0.6237495
0.7148302
0.7327395
0.6925581
0.6968384
0.6727726
0.6553139
0.6509859
0.646721
0.6369956
0.6239357
0.6189895
0.6163262
0.612204
0.6194678
0.6257576
0.6253053
0.631314
0.6426267
0.6421924
0.6330715
0.6269851
0.6209654
0.6117463
0.6025437
0.6020899
0.6023522
0.6010396
0.6096123
0.6154466
0.6148114
0.6172557
0.6196745
0.6112507
0.6028238
0.6063651
0.6038013
0.6121883
0.6208512
0.613409
0.6186722
0.6198113
0.6150861
0.6256284
0.6244163
0.6123983
0.6131335
0.6121536
0.6127228
0.6111775
0.59654
0.592904
0.5919334
0.5856704
0.5887076
0.5841082
0.581261
0.5839548
0.5801425
0.5835191
0.5868102
0.587596
0.5834804
0.5816886
0.5812894
0.5773598
0.5774112
0.5745055
0.5749292
0.5700794
0.5704647
0.5732439
0.5738143
0.5763332
0.5728899
0.5755292
0.5746838
0.5718984
0.5695673
0.5669351
0.563475
0.5668348
0.5908007
0.5932966
0.5628137
0.5560385
0.5625074
0.5566448
0.557961
0.5560976
0.5571518
0.5586452
0.5583712
0.5597912
0.5532006
0.5501849
0.5508144
0.553392
0.5508624
0.5500662
0.548974
0.545762
0.5436143
0.5465457
0.5481548
0.5412453
0.5444191
0.5434826
0.5426239
0.5412112
0.5399721
0.5422118
0.5412682
0.5413613
0.5376026
0.534503
0.5347439
0.5350119
0.5341085
0.5338378
0.5309383
0.5305508
0.528818
0.5290171
0.5313757
0.532054
0.5324908
0.5284966
0.5267536
0.5294666
0.531211
0.5275397
0.5248088
0.5229328
0.5224753
0.5210103
0.5206173
0.5241719
0.5202496
0.5163292
0.5142907
0.5165422
0.5197229
0.5185527
0.5182649
0.5134382
0.5144779
0.5156164
0.5139983
0.517978
0.517584
0.5179324
0.5185832
0.5166259
0.5141056
0.5111132
0.5132049
0.5143803
0.5116188
0.508326
0.5080475
0.5075566
0.5090486
0.5136773
0.513041
0.5099853
0.5092315
0.5130326
0.5155698
0.5166767
0.5169933
0.5139858
0.5099238
0.5084386
0.5105821
0.5112405
0.5130596
0.5123763
0.5066562
0.5058278
0.5080056
0.5101583
0.509367
0.5069345
0.5059129
0.5030447
0.4999766
0.5014853
0.5008236
0.5031867
0.4946524
0.503325
0.5304244
0.5070616
0.4943592
0.501293
0.4946181
0.4952414
0.4970213
0.499824
0.5011777
0.5017366
0.4990013
0.4962602
0.5001817
0.5021726
0.5000374
0.4988529
0.4960902
0.4962782
0.4974581
0.4988254
0.4987375
0.4953513
0.4903939
0.4948551
0.493256
0.5050465
0.4830881
0.5188736
0.5961155
0.5254259
0.4724799
0.5146567
0.587201
0.5643712
0.4925134
0.4920629
0.492449
0.489709
0.4893885
0.4895667
0.4905646
0.4912735
0.4907592
0.4890858
0.491501
0.4939119
0.4933628
0.4856011
0.4930399
0.4790578
0.5084206
0.6245423
0.6210127
0.5886436
0.6270579
0.6318404
0.6265739
0.6234603
0.6170529
0.5934481
0.5911766
0.5712222
0.4991242
0.4855001
0.4942363
0.4929714
0.4996605
0.5045136
0.5126598
0.5100289
0.5072686
0.505543
0.5114512
0.5209317
0.5217735
0.5213923
0.5248468
0.5200421
0.508341
0.5096494
0.52147
0.5334249
0.5401256
0.5417924
0.5410335
0.5322986
0.5300545
0.5521633
0.5768958
0.5774975
0.5635759
0.558259
0.5529017
0.5412757
0.5373609
0.5463664
0.5559692
0.5556473
0.5513125
0.542226
0.5377189
0.541177
0.5449615
0.5511543
0.5521849
0.5445624
0.5623757
0.6344106
0.6777765
0.6483517
0.6195902
0.6004877
0.5825582
0.5733126
0.5637871
0.5529777
0.5489762
0.5640878
0.5911052
0.6131799
0.6199155
0.6102584
0.5927374
0.5920433
0.6045721
0.6055982
0.6095392
0.6121867
0.5938745
0.5839497
0.5876661
0.5895215
0.5912807
0.5917845
0.5820716
0.5709203
0.5802499
0.5862258
0.5889559
0.5941193
0.5819786
0.5688156
0.5676576
0.5780932
0.5847579
0.5880331
0.5989865
0.5943478
0.5758554
0.5691901
0.5762092
0.5811748
0.5842407
0.6041186
0.6156398
0.5941129
0.5787894
0.5834144
0.582832
0.588591
0.5939431
0.576071
0.5634716
0.57336
0.5872287
0.5844221
0.588672
0.5988609
0.5884292
0.5827862
0.5836894
0.5837455
0.5871758
0.5853478
0.5786103
0.5724975
0.568632
0.5798287
0.5996176
0.6132903
0.6167205
0.6068662
0.6087906
0.6205958
0.6241463
0.6136261
0.602542
0.6069225
0.6138856
0.6224784
0.6278138
0.6160935
0.6073093
0.6139125
0.6209071
0.623845
0.6174137
0.5957158
0.6077118
0.6511836
0.6424047
0.634052
0.6590079
0.6459155
0.6477356
0.610489
0.5963662
0.6793024
0.5994456
0.5600454
0.6747776
0.6876884
0.6751598
0.6909853
0.690106
0.6887527
0.6708809
0.6528315
0.6758084
0.6659809
0.63276
0.622973
0.621133
0.6332327
0.6353475
0.6258459
0.6248597
0.6245009
0.6241381
0.6298659
0.6183048
0.6042624
0.611407
0.6178493
0.6283195
0.6429509
0.6432674
0.6256175
0.6119142
0.6198372
0.6329605
0.6440245
0.6471527
0.650716
0.6510772
0.6354407
0.6256596
0.6218729
0.6264808
0.643473
0.6449336
0.6299207
0.6208526
0.621388
0.6324867
0.6514712
0.6627584
0.6628278
0.654723
0.650093
0.6573455
0.664171
0.6612875
0.6470559
0.6392825
0.6447802
0.654615
0.6684077
0.6714328
0.663578
0.6464301
0.6340669
0.634821
0.64532
0.6644502
0.6715046
0.6673579
0.6604924
0.6570148
0.6601791
0.6670146
0.6737849
0.6692189
0.6502577
0.6390885
0.6409401
0.6464138
0.650037
0.6590849
0.6554548
0.6453186
0.6192231
0.5867929
0.6083428
0.6174325
0.6134076
0.615386
0.6167561
0.6348693
0.6345603
0.6205652
0.6096327
0.6025789
0.6108247
0.6131463
0.6036332
0.6080587
0.6088675
0.6069147
0.6120516
0.6191938
0.6254693
0.6251739
0.6207466
0.6263967
0.6336267
0.6302277
0.6302825
0.6369001
0.6406104
0.6505353
0.6614204
0.6491827
0.6361279
0.6448618
0.6452696
0.6623604
0.69461
0.6760561
0.6606054
0.667044
0.6676957
0.6708263
0.6601992
0.6430911
0.6389919
0.6438731
0.6549121
0.6652263
0.6667022
0.6683919
0.6627389
0.6582536
0.6604605
0.6661982
0.6676953
0.6537844
0.6419556
0.6392695
0.6543847
0.6722516
0.6733408
0.6650797
0.653108
0.6551877
0.6597822
0.6575246
0.6518028
0.6402546
0.6376301
0.6411321
0.6485155
0.6580656
0.6583781
0.6480554
0.6374849
0.6359261
0.6458781
0.6574933
0.6613122
0.665971
0.6729957
0.6699775
0.6592338
0.6597429
0.6625199
0.6584998
0.6544807
0.6483119
0.6396302
0.6326023
0.6273529
0.6283514
0.6411947
0.6576394
0.6667525
0.6646742
0.6517547
0.6499946
0.660557
0.6731006
0.6851944
0.6774122
0.6610783
0.6555746
0.6597995
0.6604488
0.6624451
0.664687
0.6537943
0.6471756
0.6498338
0.6543532
0.659529
0.661221
0.6596887
0.6561946
0.6551843
0.6622939
0.6725611
0.6736106
0.6674571
0.6648494
0.6562069
0.6678817
0.6912659
0.6776839
0.6599254
0.6559169
0.6634603
0.6711812
0.6758557
0.6901198
0.6859595
0.6719179
0.6727779
0.6757493
0.6753698
0.6789266
0.6816935
0.6623523
0.6514978
0.669722
0.6690648
0.6681178
0.6744703
0.6653031
0.6570163
0.6475384
0.6423608
0.6501042
0.6573817
0.6663062
0.6760973
0.6753909
0.6707003
0.6673499
0.6646706
0.6679365
0.6770766
0.6758119
0.6753884
0.6754639
0.6645205
0.6568395
0.6543483
0.6603617
0.6681117
0.6775983
0.6899995
0.6878686
0.6829712
0.6882649
0.6901379
0.6969843
0.6938385
0.6735263
0.6665129
0.661678
0.6594012
0.6642744
0.6656844
0.6606796
0.6537535
0.656874
0.663912
0.6657533
0.6664619
0.668459
0.6628132
0.6580028
0.6632422
0.6707525
0.6704254
0.67155
0.676923
0.6692238
0.6627598
0.6528979
0.6434926
0.6508909
0.6554229
0.6614176
0.6655447
0.6560556
0.6552622
0.6655946
0.6665597
0.676202
0.6849408
0.6704656
0.6650885
0.6660238
0.6657346
0.6643962
0.6556957
0.6483561
0.6450143
0.6460808
0.6523761
0.6625796
0.6634829
0.6588726
0.6581862
0.6600212
0.6606433
0.6572703
0.6616326
0.6654018
0.6606659
0.652952
0.6443346
0.6375748
0.6360707
0.6420767
0.6443855
0.6449702
0.640098
0.6347876
0.6416075
0.6490647
0.6484063
0.6425768
0.6364038
0.6284249
0.6263721
0.6282455
0.6267849
0.6285222
0.625688
0.620895
0.6243978
0.6328297
0.6442592
0.6534115
0.6584875
0.653557
0.6450173
0.6464624
0.6436035
0.6447538
0.647005
0.6402894
0.6378696
0.6360329
0.6374032
0.6380884
0.6361423
0.6335599
0.6318276
0.6364564
0.6435161
0.6482676
0.6518224
0.6550535
0.6613994
0.6670771
0.6746461
0.6826798
0.676493
0.6714555
0.6710891
0.6725602
0.6748801
0.668792
0.6625161
0.6561681
0.6557764
0.6664469
0.6728827
0.6720169
0.6666035
0.6674355
0.6741461
0.6813214
0.6848233
0.675699
0.675747
0.6791625
0.6796152
0.6873789
0.6912119
0.6862709
0.6778823
0.6767283
0.6801435
0.680681
0.6815272
0.6822518
0.6807323
0.6770559
0.6742475
0.6736864
0.6667015
0.6610514
0.6674697
0.6695513
0.6669313
0.6668545
0.6596021
0.6574833
0.6554393
0.6447225
0.6397188
0.644917
0.6560767
0.6657754
0.6764785
0.6816876
0.6793495
0.6754484
0.6773682
0.6832314
0.6791154
0.6733653
0.6659815
0.6620346
0.6624052
0.6598458
0.6613302
0.6591018
0.6608903
0.6698776
0.6760581
0.6752705
0.6732732
0.6700541
0.6688291
0.6739586
0.6792733
0.6833658
0.6791142
0.6732338
0.6663079
0.6758937
0.6881909
0.6806277
0.6792017
0.6779918
0.6734644
0.6769224
0.6796094
0.676217
0.6685
0.661901
0.663571
0.6749857
0.6819921
0.6666731
0.6539341
0.6616145
0.6654288
0.6583813
0.6451566
0.6368218
0.6415823
0.6392666
0.6301686
0.6314971
0.6406649
0.6479772
0.6442111
0.6395009
0.6381408
0.6272068
0.6187021
0.6137657
0.6121131
0.621135
0.6306712
0.6405599
0.6524169
0.6635275
0.6633348
0.6605268
0.6676612
0.6718386
0.6700295
0.6647343
0.6639815
0.6655475
0.6635469
0.6658087
0.665572
0.6739577
0.693713
0.6957452
0.6832645
0.6774272
0.690922
0.6935853
0.6869228
0.6940218
0.6920789
0.6909012
0.6834572
0.6605521
0.6430042
0.639972
0.6448912
0.6570052
0.6612698
0.6442033
0.6497064
0.6665849
0.6719035
0.6765357
0.6765361
0.6853194
0.6904383
0.6812987
0.664115
0.6419448
0.6289656
0.6273205
0.6264782
0.6279695
0.625125
0.6284296
0.6409933
0.6524688
0.6596115
0.6573112
0.6659176
0.6771286
0.6765842
0.6734273
0.6717137
0.6791068
0.6804322
0.6697625
0.6702172
0.6719367
0.6694673
0.6456596
0.6513007
0.6802932
0.6424327
0.6255382
0.6442499
0.6383652
0.6409096
0.6460944
0.6419128
0.6448295
0.655217
0.6679881
0.6696321
0.6595051
0.6638898
0.6721215
0.6764557
0.6798699
0.6726855
0.6680255
0.6643694
0.6668874
0.6687908
0.6526232
0.6392588
0.6370355
0.6413617
0.6463064
0.6498809
0.6606963
0.6706339
0.6844449
0.7018564
0.7020216
0.6998542
0.7016929
0.7037869
0.7001256
0.6869583
0.6773316
0.6673399
0.653592
0.6394327
0.6322826
0.6305769
0.6296454
0.6347719
0.6498627
0.6599773
0.6567771
0.661282
0.6656437
0.6704807
0.6809942
0.6758811
0.6701816
0.6625519
0.6457458
0.6379028
0.6349666
0.6321797
0.6330613
0.6336687
0.6346397
0.6439303
0.6524147
0.6579265
0.6570587
0.6548103
0.6612366
0.6610147
0.6629632
0.6594862
0.6493627
0.6521515
0.6520266
0.6551367
0.6654616
0.6636598
0.652199
0.6420843
0.6349467
0.6336376
0.6361852
0.6367865
0.6327525
0.6264713
0.6359709
0.6478367
0.6570787
0.6682048
0.6683527
0.6758675
0.6806206
0.6747719
0.6744153
0.6666111
0.6504837
0.6433735
0.6379471
0.6361114
0.6427218
0.6416321
0.6399516
0.6485498
0.6613973
0.6713499
0.6707935
0.6666886
0.6628583
0.6585436
0.6596241
0.6534414
0.6508748
0.6499861
0.6402153
0.6305997
0.6205382
0.6147781
0.6100105
0.6018418
0.5988526
0.5976406
0.5902097
0.5840772
0.5843078
0.5887522
0.5987771
0.610917
0.6144838
0.620359
0.6246287
0.6227328
0.6186779
0.6182996
0.6255256
0.6192206
0.6119291
0.6127809
0.6112583
0.6141706
0.6219101
0.6177532
0.613582
0.6280508
0.6355843
0.6416227
0.6493484
0.6499259
0.6631331
0.6690367
0.6591236
0.6609561
0.665221
0.6651434
0.6666604
0.6607517
0.6682517
0.6835703
0.6862762
0.6866289
0.681933
0.6831269
0.6893434
0.688434
0.6788755
0.6665196
0.6630202
0.6717287
0.6805324
0.6780109
0.684385
0.6957456
0.6981816
0.6975694
0.6966469
0.6928313
0.6841798
0.6780782
0.6626826
0.6509425
0.6506399
0.6474756
0.6533647
0.6609768
0.6686925
0.6822554
0.6745515
0.653201
0.6499583
0.6547284
0.654005
0.6510231
0.6524099
0.666498
0.6850673
0.6832111
0.6725846
0.6749962
0.6785428
0.6818979
0.6857096
0.6762855
0.6667025
0.6685122
0.6691494
0.6758268
0.6799247
0.6698248
0.6660985
0.66864
0.6783818
0.6897704
0.6865335
0.6820289
0.6863394
0.683542
0.6738487
0.662596
0.6565041
0.6325054
0.6740134
0.7246573
0.6455906
0.6209025
0.6469621
0.6586569
0.6752403
0.6706245
0.6833405
0.6900616
0.686445
0.6830744
0.6760169
0.675592
0.6781099
0.6767824
0.6730741
0.6667985
0.659188
0.6518547
0.640699
0.6264172
0.6147418
0.6142835
0.6215017
0.6231221
0.6320227
0.6452939
0.6538967
0.6651976
0.6644344
0.6617285
0.6702992
0.6752959
0.6800874
0.6733077
0.6550897
0.6465329
0.6434192
0.642903
0.6361123
0.6299373
0.6307509
0.6371507
0.6495849
0.6560494
0.6567029
0.6497408
0.6595903
0.671272
0.6616126
0.6615119
0.6613579
0.654013
0.653318
0.6634991
0.6714481
0.6673308
0.6673243
0.6625133
0.6498165
0.6390584
0.6313933
0.6253235
0.6166889
0.6161537
0.6227574
0.6338002
0.6412644
0.6419561
0.6540246
0.6715733
0.6798499
0.6776174
0.679332
0.6873881
0.6802921
0.6685357
0.6678
0.6713128
0.6767807
0.676521
0.6716952
0.6782948
0.6936383
0.700537
0.697208
0.695185
0.699043
0.6937645
0.6828309
0.6860699
0.6834062
0.6755719
0.6730062
0.6625865
0.650662
0.634659
0.6246531
0.6195526
0.6063906
0.6048982
0.6161594
0.6255897
0.6435632
0.6724345
0.6915365
0.6892326
0.6870065
0.6959316
0.7006904
0.6945354
0.68375
0.6953254
0.7032096
0.6956219
0.7064955
0.7028548
0.6752668
0.6621382
0.6595718
0.6499759
0.6494319
0.6659629
0.6759516
0.6839208
0.6888902
0.6775801
0.6703838
0.6737694
0.6804223
0.6773604
0.6760409
0.6846007
0.6960642
0.6982964
0.6902589
0.6877719
0.6695346
0.6567329
0.6540701
0.6421495
0.6295603
0.6245277
0.6305517
0.6318725
0.6315275
0.6400038
0.6551713
0.6684547
0.6718784
0.6702558
0.6753155
0.6812003
0.6861892
0.6914498
0.6857544
0.669977
0.6576566
0.6569342
0.6609782
0.6651197
0.6653717
0.6650793
0.6722584
0.68499
0.6944121
0.6874568
0.6840489
0.6927208
0.6992873
0.6978608
0.698175
0.7044149
0.7076812
0.707901
0.6940292
0.6744367
0.6584813
0.6571439
0.6562809
0.6385091
0.6329949
0.6386838
0.6457867
0.6571975
0.6677251
0.671656
0.663709
0.6693618
0.684577
0.6837955
0.6839286
0.6821449
0.6696509
0.6687804
0.6744821
0.6735557
0.6712622
0.66556
0.6651796
0.6718223
0.6781416
0.6692931
0.6669601
0.6748679
0.6822485
0.6941079
0.6931863
0.6891954
0.6798584
0.6689185
0.6561069
0.639463
0.6296928
0.6224146
0.6222266
0.6422679
0.6700554
0.6920049
0.7105783
0.7243294
0.725427
0.7111986
0.7016722
0.6846675
0.6646776
0.6640181
0.6632777
0.6612953
0.6591102
0.6620224
0.6782509
0.6911214
0.7023311
0.6997618
0.6859595
0.691345
0.6963056
0.6864831
0.6722641
0.6635722
0.6612656
0.6566532
0.6513556
0.6489398
0.6546196
0.6564106
0.6630736
0.6772337
0.6702241
0.6555041
0.6463559
0.6423242
0.649141
0.6609173
0.6808896
0.6957655
0.6949197
0.6944331
0.699836
0.7059724
0.7111141
0.7291618
0.7453678
0.7453945
0.7347126
0.726434
0.7318671
0.7267143
0.719485
0.7100866
0.6924746
0.6872745
0.6819648
0.6768126
0.6836789
0.6942174
0.6993116
0.6996582
0.6959432
0.689128
0.6750321
0.6574386
0.649064
0.6437573
0.6484802
0.664472
0.6716447
0.67258
0.6753936
0.6809192
0.6845701
0.6800812
0.6741111
0.6687621
0.6600048
0.6478718
0.6396661
0.6307175
0.6230323
0.6140847
0.6014042
0.5969783
0.5960034
0.6106656
0.6290592
0.6527781
0.6707811
0.6483959
0.6398928
0.6486396
0.6466997
0.6550471
0.6698922
0.6740392
0.678011
0.6886419
0.6807496
0.6773311
0.67914
0.6713786
0.6697503
0.6636485
0.6602368
0.6635925
0.6598265
0.6490103
0.6415021
0.6395746
0.6395495
0.6426571
0.6461802
0.6455433
0.6424766
0.6361604
0.6335991
0.6350668
0.6339997
0.6463504
0.6571341
0.6516657
0.6521645
0.6530456
0.6458964
0.6448006
0.6468327
0.646259
0.6445271
0.63932
0.6371539
0.6320634
0.6289255
0.6305929
0.6284906
0.6309023
0.6303967
0.6325891
0.6343831
0.6266377
0.6272208
0.6312885
0.6307118
0.6280698
0.6307059
0.6447197
0.657751
0.6707777
0.6836804
0.685714
0.6744922
0.656597
0.6483302
0.6464129
0.6471211
0.6439335
0.6388071
0.6468417
0.6533481
0.6582977
0.6697423
0.6678051
0.6533233
0.6508122
0.6536131
0.6592623
0.6637385
0.6593218
0.6646462
0.6659627
0.664092
0.6707541
0.6595092
0.6504591
0.6583624
0.6568188
0.6560856
0.6560877
0.6556977
0.6633679
0.6716289
0.6793135
0.681124
0.6711996
0.6626187
0.6613333
0.6596754
0.6639413
0.6662337
0.667481
0.6710493
0.6699249
0.6635462
0.6524888
0.6470716
0.6458063
0.6454072
0.6443051
0.6485468
0.6581695
0.6681523
0.6729818
0.6723025
0.6803328
0.691347
0.6941012
0.6841045
0.6725224
0.6641942
0.6594697
0.6548808
0.648589
0.6474895
0.6397289
0.6331807
0.6302965
0.6249684
0.628726
0.637063
0.6473542
0.6560612
0.6589042
0.6700019
0.6822092
0.6834186
0.6738118
0.6684009
0.6723775
0.6679576
0.6648453
0.6590708
0.6518617
0.6486253
0.6425926
0.6439721
0.6477124
0.6471486
0.6380939
0.6275012
0.6213752
0.6113351
0.6042686
0.6082994
0.6154635
0.626145
0.6372961
0.6560673
0.6823638
0.6891447
0.6885702
0.6742653
0.6587739
0.6588281
0.6551789
0.66191
0.6656896
0.6697394
0.6794267
0.6827335
0.6849961
0.6716238
0.66217
0.658664
0.6555425
0.6701195
0.6785719
0.6811125
0.6831499
0.6800448
0.6812116
0.6814322
0.676366
0.665191
0.6498077
0.6397565
0.6363845
0.6335291
0.6316617
0.6413696
0.6661951
0.6979743
0.7019177
0.6995211
0.7205089
0.7269225
0.7258565
0.7164879
0.7004651
0.6901884
0.6757149
0.6625163
0.6514809
0.6349409
0.6242555
0.6247259
0.6264221
0.640765
0.6550408
0.6501276
0.650234
0.6615924
0.6624753
0.6634687
0.6769005
0.6907773
0.6989419
0.7040123
0.6933752
0.6877683
0.6932598
0.6797009
0.6753059
0.676251
0.6671292
0.6563115
0.6418646
0.6358494
0.6383339
0.6449154
0.6474032
0.6369075
0.6234713
0.628052
0.6446985
0.6459228
0.6553187
0.6767059
0.6748117
0.6704055
0.6686581
0.6583776
0.6497627
0.6500354
0.656858
0.6676697
0.6788404
0.6840165
0.6835286
0.6739686
0.6679032
0.667861
0.6650864
0.6619253
0.6624523
0.6665468
0.6793763
0.6849327
0.6673114
0.6617139
0.6741663
0.6892291
0.6999133
0.6852704
0.6683002
0.6723482
0.6770751
0.6758759
0.6696414
0.6583023
0.6534374
0.6555606
0.6607669
0.6603075
0.6551188
0.6516349
0.6453118
0.6465387
0.6453565
0.6358718
0.6336686
0.6407738
0.6544809
0.6727456
0.6943842
0.7008883
0.6900034
0.6925196
0.69383
0.6947826
0.6933533
0.6769276
0.6764782
0.6861887
0.6928193
0.6879597
0.6754542
0.6620356
0.6574021
0.6543244
0.6486778
0.6522983
0.6445224
0.6455906
0.6574339
0.6662187
0.6863239
0.7016266
0.7018287
0.6960886
0.6977785
0.6971049
0.6926081
0.689864
0.6843741
0.6749751
0.6600973
0.6582008
0.6565244
0.6513849
0.6579406
0.6580537
0.6556905
0.6569476
0.6472588
0.6330585
0.6241868
0.624542
0.6302995
0.6391898
0.6528215
0.6583071
0.6635372
0.6764271
0.691879
0.7045178
0.7126047
0.714633
0.7115942
0.705898
0.6883596
0.6748032
0.6665991
0.6545977
0.6443955
0.6324247
0.6174366
0.6072042
0.606121
0.6078509
0.6013034
0.5989892
0.6034314
0.6081804
0.6087686
0.6059195
0.6146108
0.6194525
0.6233885
0.6222329
0.6222718
0.6333935
0.6461096
0.66728
0.6849623
0.6949871
0.7028336
0.7035981
0.6994518
0.6921669
0.6718371
0.6499997
0.639344
0.631622
0.6267086
0.6353969
0.6568447
0.6700428
0.6729873
0.6703985
0.6660275
0.6671236
0.6598406
0.6476802
0.63695
0.6297976
0.6302586
0.6250909
0.6262248
0.6352977
0.630741
0.6262246
0.626294
0.6205766
0.6133987
0.6066738
0.6025257
0.5993806
0.5945333
0.5850649
0.5797784
0.5833092
0.5787491
0.573075
0.584954
0.6238715
0.6846064
0.6990262
0.6770508
0.6539249
0.6738125
0.6930048
0.6755838
0.7414026
0.7613639
0.7114978
0.7030088
0.6978345
0.6889282
0.6836971
0.6831746
0.677399
0.670957
0.6613531
0.6445798
0.639748
0.6416334
0.6451583
0.6591556
0.6735751
0.6720063
0.659229
0.6588439
0.664747
0.6751356
0.692744
0.703671
0.7004168
0.6919445
0.6960187
0.7033632
0.7068472
0.7054243
0.6942776
0.6941878
0.6954941
0.6923545
0.6853934
0.6722009
0.6748806
0.6725042
0.6768172
0.6808296
0.6744237
0.6795393
0.678889
0.6742631
0.6729329
0.6774931
0.6731399
0.6715151
0.675413
0.6718738
0.6633088
0.6533627
0.6451485
0.6306799
0.620997
0.6180359
0.6182685
0.6295987
0.6550218
0.6646948
0.6679065
0.6838348
0.703856
0.7234032
0.7176685
0.7078261
0.7054697
0.6853604
0.6669935
0.6665442
0.6647791
0.67071
0.6835279
0.6839225
0.6801914
0.6823124
0.6841542
0.675244
0.6674787
0.6586907
0.6490499
0.6425401
0.6336149
0.630884
0.6286719
0.624573
0.6212657
0.6167702
0.6133024
0.6140725
0.6178726
0.6144163
0.6124523
0.623
0.6324298
0.6421737
0.6466687
0.6369928
0.6374115
0.6527605
0.6658264
0.6774326
0.677042
0.6753457
0.692228
0.6924381
0.6806267
0.677193
0.6728962
0.6668276
0.6525858
0.6446684
0.6382338
0.6363437
0.6418608
0.634584
0.6358757
0.6410773
0.6436971
0.6521436
0.6498856
0.641431
0.6422293
0.6431201
0.6501819
0.6620204
0.6726496
0.6759016
0.6661773
0.6713125
0.6817583
0.6977571
0.7126061
0.7180364
0.7121236
0.7145973
0.7423407
0.7394867
0.7199218
0.7007067
0.669387
0.647517
0.6401054
0.6355766
0.6340595
0.6255683
0.6122997
0.6222877
0.6410514
0.6629393
0.6761544
0.6707904
0.67419
0.6890383
0.7048334
0.7090753
0.6928559
0.6661005
0.6444857
0.631879
0.6298757
0.6295463
0.636836
0.643741
0.6395058
0.648661
0.6649224
0.6748226
0.6832801
0.6804226
0.6656128
0.6603609
0.6590852
0.6585465
0.6611539
0.6597189
0.6550688
0.652347
0.6536635
0.6497767
0.6401804
0.6387216
0.6474521
0.6575149
0.6731012
0.6804087
0.6780623
0.6810275
0.6883419
0.6985995
0.6927596
0.6768144
0.6739976
0.6756636
0.679952
0.6844551
0.6779786
0.6727157
0.6687241
0.6648483
0.6605329
0.6482441
0.6359816
0.6282734
0.6238145
0.616831
0.6106033
0.6083858
0.6156234
0.6323715
0.6552844
0.6679812
0.6651096
0.6807544
0.7042058
0.7189106
0.7205988
0.7073107
0.7049315
0.7151571
0.7213261
0.7260367
0.7216388
0.7188562
0.7245429
0.7110311
0.7007342
0.696098
0.6843153
0.6722406
0.6568539
0.6667174
0.6610742
0.6696336
0.6552349
0.6074273
0.6436887
0.6451542
0.6199776
0.6150259
0.6054863
0.6049522
0.6046319
0.612666
0.6110134
0.6204813
0.6400952
0.648103
0.6444698
0.6454437
0.6567316
0.6647477
0.66942
0.6778041
0.6736478
0.6565321
0.6571614
0.6660131
0.6636258
0.6640299
0.656474
0.6389721
0.6406015
0.6484851
0.6553172
0.6663209
0.6557649
0.6484964
0.6613687
0.6692381
0.6726886
0.6730596
0.6608656
0.6430704
0.6424215
0.6505062
0.6506836
0.6429067
0.6288389
0.6166097
0.6139523
0.6092721
0.5977848
0.591732
0.5902319
0.5921669
0.6011817
0.6060299
0.6118626
0.6239001
0.6386206
0.6606281
0.6865348
0.716758
0.7201126
0.703957
0.7070003
0.7122783
0.7107215
0.703702
0.6946611
0.6882539
0.6840654
0.6784664
0.6707815
0.6663097
0.6537446
0.6456758
0.640175
0.6305376
0.6240863
0.6138951
0.6187076
0.628182
0.6234261
0.6167645
0.6245723
0.6398828
0.6490091
0.6491504
0.6374387
0.6349454
0.6416406
0.645471
0.646077
0.6418664
0.6360171
0.6334453
0.6322361
0.6199088
0.6135795
0.6147208
0.6126386
0.6155268
0.6216492
0.6271043
0.6253848
0.6219444
0.6153984
0.6070706
0.6028992
0.5969424
0.589007
0.5843944
0.5847262
0.5963449
0.627664
0.6470695
0.7019414
0.7123541
0.6252899
0.6015936
0.5952762
0.5822556
0.6444162
0.6891455
0.6768809
0.703162
0.7175382
0.6948483
0.6806629
0.6568046
0.6360561
0.6318271
0.6250172
0.6170123
0.6123065
0.6084662
0.6070132
0.604383
0.6033939
0.6006432
0.6006063
0.597858
0.5946267
0.5919468
0.5872688
0.5847427
0.5822491
0.5819955
0.583998
0.5848914
0.5940968
0.6084596
0.6107048
0.60868
0.6181486
0.6191265
0.6105945
0.6128203
0.6147318
0.6144887
0.6120601
0.6160709
0.6208826
0.617275
0.6157916
0.6152402
0.6102605
0.6007618
0.6012727
0.6106263
0.6138249
0.6077442
0.6083975
0.6117452
0.6028161
0.5947095
0.587902
0.5815328
0.573899
0.5633629
0.5590302
0.5590346
0.5588842
0.5592516
0.565202
0.569131
0.5657659
0.5701559
0.5772028
0.5777525
0.5738189
0.5684592
0.565518
0.5647324
0.5684976
0.5655652
0.557869
0.5597028
0.5684557
0.5762885
0.5817129
0.582831
0.5802328
0.5788295
0.5837787
0.5975437
0.6066411
0.6162255
0.6292736
0.6265637
0.6157427
0.6105446
0.6096192
0.6092787
0.612164
0.6076077
0.5947435
0.5919707
0.5926831
0.5914586
0.5915372
0.5892133
0.5836993
0.5795299
0.5785808
0.5772704
0.5769869
0.5801162
0.5816079
0.5781449
0.5717978
0.5697091
0.5756296
0.5787345
0.5863808
0.6023864
0.6032475
0.6030016
0.6072205
0.6015089
0.5979936
0.595625
0.5938154
0.5973034
0.5949623
0.5927897
0.5960296
0.5913108
0.584084
0.5798357
0.5785584
0.5826102
0.582815
0.5872012
0.6085762
0.6307284
0.6417968
0.6493018
0.6576932
0.6484501
0.6293679
0.6231749
0.6161997
0.6116854
0.6152862
0.6187252
0.615567
0.6087552
0.6108645
0.6124618
0.6075219
0.6002482
0.5929827
0.5936209
0.5959546
0.5973733
0.6027126
0.6093371
0.6222804
0.6406781
0.6526892
0.6515557
0.6401107
0.6326427
0.6290087
0.6208636
0.6144464
0.611623
0.6093676
0.6188846
0.6244456
0.6123614
0.6143134
0.6249261
0.6213348
0.6196004
0.6353056
0.6507621
0.6661645
0.6797133
0.6833641
0.6753244
0.6568896
0.6490108
0.650028
0.6498019
0.6448716
0.6494599
0.6586997
0.6614562
0.6621725
0.649819
0.6315668
0.6186061
0.610761
0.6062207
0.6006933
0.5909473
0.5814369
0.5766807
0.5755885
0.5651563
0.5719137
0.6116207
0.6023538
0.5680048
0.5676535
0.5722059
0.5825456
0.5904452
0.5851735
0.580244
0.5820495
0.5813976
0.5767316
0.57662
0.5782078
0.5777483
0.5784145
0.5805811
0.580149
0.5846407
0.5907391
0.5845878
0.5791619
0.576366
0.5708152
0.5727991
0.5823897
0.5891195
0.5941968
0.5950399
0.5901144
0.5880314
0.586926
0.5883877
0.5948239
0.6009297
0.5995237
0.5924215
0.638493
0.6593097
0.5936903
0.5794207
0.5888719
0.5810075
0.5842899
0.5818037
0.5857856
0.5907264
0.5834744
0.579691
0.5839978
0.5849605
0.5805098
0.5804875
0.5861114
0.584529
0.5839349
0.5836318
0.5760309
0.5671737
0.5620119
0.5623872
0.5520867
0.5570509
0.5338366
0.5321094
0.6038286
0.5595526
0.5508186
0.6211069
0.5784682
0.5381889
0.5356533
0.532432
0.5373409
0.5384892
0.5363317
0.5371629
0.5383837
0.5367706
0.5373016
0.5398381
0.5430988
0.5369735
0.5309668
0.5362889
0.5380828
0.5361522
0.5335409
0.5296287
0.5307312
0.5296817
0.5255835
0.524466
0.5235005
0.5258868
0.5366055
0.5513245
0.5612383
0.5656144
0.5661249
0.5616047
0.5610883
0.565767
0.5681335
0.5788473
0.5868899
0.5764183
0.5685481
0.5738791
0.5831049
0.5907436
0.5883486
0.5843946
0.5954464
0.6067379
0.6091393
0.6008555
0.5887459
0.5889532
0.5927241
0.5932569
0.5881688
0.5834439
0.5912683
0.6012469
0.6123573
0.6185156
0.6123057
0.615909
0.6277455
0.6362481
0.6414052
0.6358059
0.6232483
0.6174065
0.6186911
0.616885
0.6066489
0.6080452
0.628246
0.6507009
0.6610771
0.654338
0.638261
0.6232528
0.6115862
0.6107144
0.6267724
0.6449664
0.6610746
0.6533705
0.629475
0.6235799
0.6285079
0.6300465
0.6224329
0.6184735
0.6235768
0.6249824
0.6298207
0.6309887
0.6288532
0.6217841
0.6223887
0.6380255
0.6300696
0.6229206
0.621717
0.620661
0.6244751
0.6161022
0.6150986
0.6214803
0.6223599
0.6249842
0.6254432
0.6127398
0.6045542
0.6128967
0.619465
0.6228357
0.619115
0.6081719
0.5886339
0.596448
0.6391537
0.6353327
0.6132534
0.6056933
0.5972687
0.6032949
0.6124744
0.60947
0.6010095
0.6036867
0.5999387
0.5886386
0.5834269
0.5785422
0.5745869
0.5758331
0.5867699
0.6076801
0.6233129
0.6420186
0.6628771
0.6641605
0.6647261
0.6665166
0.6514623
0.6332225
0.6285221
0.628195
0.63035
0.6231135
0.6086611
0.6102587
0.6185256
0.6210878
0.6277295
0.635581
0.6240637
0.6189697
0.6318997
0.6374521
0.6353926
0.6304594
0.6279438
0.6245615
0.6186682
0.6131408
0.6069837
0.6053716
0.6076878
0.6058099
0.5980738
0.5944797
0.5943305
0.5904673
0.5856324
0.5936217
0.6044207
0.6077481
0.6032578
0.5931425
0.5958064
0.6004542
0.5985987
0.599656
0.5988976
0.5885348
0.5813704
0.5837297
0.5861796
0.5878262
0.588014
0.583667
0.576337
0.5708539
0.5693781
0.5706834
0.5745227
0.5793786
0.5803053
0.5798667
0.5766702
0.5715945
0.5716863
0.5720629
0.5743942
0.5805528
0.5808851
0.5739049
0.5718221
0.5750071
0.5748063
0.5765898
0.5813259
0.5790145
0.5721662
0.5668108
0.5623015
0.5609159
0.5632606
0.5666761
0.5681861
0.5666277
0.5633802
0.5617866
0.5678556
0.5812787
0.5867473
0.5855197
0.5842039
0.5786222
0.5814384
0.5890023
0.5887296
0.5896661
0.5853877
0.5804936
0.5868085
0.5906256
0.5849366
0.5851213
0.5881177
0.5771714
0.5744028
0.5832492
0.5898632
0.597089
0.5994445
0.5975759
0.6076662
0.606951
0.609809
0.6269375
0.6197488
0.6103294
0.6039089
0.5956596
0.5922866
0.5865137
0.5862696
0.591528
0.5877169
0.590762
0.5959895
0.5923197
0.5928103
0.5986215
0.5971813
0.5871042
0.5843875
0.5832921
0.5820085
0.5795688
0.5745853
0.5736925
0.576411
0.5750554
0.5745701
0.5815976
0.5837166
0.582631
0.5876678
0.5930722
0.5947996
0.5951872
0.5992098
0.59894
0.5967025
0.5991496
0.5986917
0.608557
0.6103413
0.600537
0.6017475
0.5962608
0.5985519
0.603965
0.6005904
0.6079919
0.6154296
0.620946
0.6177596
0.6245926
0.6310115
0.6552675
0.6973338
0.6786514
0.6469934
0.6410796
0.6381639
0.6311611
0.6189657
0.6035696
0.5900982
0.59184
0.5931793
0.5803003
0.5727864
0.5695818
0.5704836
0.5770489
0.5778052
0.5794326
0.5791254
0.5760214
0.57953
0.5829045
0.5855881
0.5889958
0.5857142
0.588183
0.5920696
0.5878188
0.5843784
0.5814819
0.5786664
0.5795789
0.5790206
0.5772522
0.5821822
0.5818252
0.5878401
0.5956881
0.5959867
0.5985808
0.5896331
0.5856802
0.5865115
0.5828192
0.5821716
0.5807566
0.5793121
0.580944
0.5805904
0.5775966
0.577525
0.5806958
0.5785189
0.5740215
0.5750182
0.5804056
0.5806249
0.5746954
0.5824265
0.5904863
0.589663
0.5869926
0.5798832
0.5744143
0.5760369
0.5752584
0.5699702
0.5704054
0.5779719
0.5856641
0.5836782
0.5808953
0.5830527
0.5872105
0.5893089
0.5844357
0.5843223
0.5928299
0.5909178
0.5871371
0.5905694
0.5948093
0.598784
0.5903083
0.5882801
0.5939434
0.5897974
0.5865575
0.5864145
0.5832996
0.5833168
0.5863892
0.589957
0.5903629
0.5846736
0.5893882
0.5979569
0.6033642
0.6104969
0.6165255
0.6235581
0.6247408
0.6237287
0.62393
0.6166182
0.6110138
0.6154099
0.6246811
0.6309064
0.6286061
0.6224772
0.6253945
0.6209573
0.6100029
0.5979176
0.6029713
0.6607009
0.6996435
0.6887508
0.6890349
0.6913991
0.6617916
0.6375882
0.6353509
0.6293081
0.6319496
0.6437607
0.6465796
0.6456884
0.6461908
0.6469581
0.6445588
0.6351883
0.6249756
0.6115179
0.594626
0.5972952
0.6120606
0.6198468
0.6417345
0.6681635
0.6726185
0.6664812
0.6581919
0.6512804
0.645351
0.6356159
0.6275986
0.6180224
0.6083461
0.6027123
0.6006013
0.6025093
0.5987854
0.590431
0.5835032
0.5799151
0.590123
0.6165514
0.6382778
0.6531716
0.6594718
0.6569539
0.6613503
0.6507636
0.638998
0.6406578
0.6438481
0.6499539
0.6484396
0.6460773
0.6456054
0.6368359
0.6321544
0.6334907
0.6315146
0.6317094
0.6309678
0.6270162
0.6207562
0.6167046
0.6139742
0.6147134
0.6189703
0.6177697
0.6164809
0.6163956
0.6167773
0.617037
0.6115411
0.6036254
0.599621
0.5950754
0.5969008
0.601406
0.5985054
0.6022888
0.614843
0.6247453
0.6369047
0.636074
0.6226141
0.6220603
0.6212367
0.6204725
0.6131231
0.6018692
0.5979085
0.5943569
0.6003894
0.6113885
0.6117058
0.6032766
0.6047909
0.6061224
0.6102607
0.6210594
0.61594
0.6066169
0.5978891
0.5885391
0.5846043
0.5913834
0.6076281
0.6199457
0.626916
0.6297898
0.6313675
0.6346557
0.6260672
0.6182962
0.6147907
0.6066311
0.6034754
0.5948396
0.5925114
0.6069027
0.619493
0.6186981
0.6069549
0.6043577
0.6202854
0.6472351
0.6630711
0.6607006
0.6652592
0.6619503
0.6543914
0.6529083
0.646245
0.642958
0.647685
0.6538208
0.656286
0.6597083
0.6543727
0.6451341
0.645358
0.6450988
0.6455157
0.6603969
0.6623228
0.6437984
0.6384739
0.6377383
0.6404091
0.6513127
0.6474015
0.6372226
0.6349925
0.6395041
0.6361711
0.6242466
0.6235176
0.6260639
0.6316784
0.6476754
0.6539438
0.6559915
0.6625495
0.6498797
0.637748
0.6334516
0.6237816
0.6251507
0.6292
0.6278828
0.6248536
0.6269512
0.6382114
0.6474082
0.6458351
0.6360551
0.6327369
0.6339495
0.633152
0.6361469
0.6396028
0.6403629
0.6372641
0.6307482
0.6242404
0.6233657
0.6297998
0.6348932
0.6438183
0.6468477
0.6393778
0.6369265
0.6437481
0.6539323
0.6610653
0.6656703
0.6605694
0.6562762
0.6485118
0.6429307
0.6477217
0.6381047
0.6302556
0.6324439
0.6270569
0.6158252
0.6076113
0.6033718
0.6019417
0.6085986
0.6248769
0.6282894
0.6259355
0.6361684
0.6478844
0.6589995
0.6634087
0.6615181
0.6584286
0.6545404
0.6415273
0.6328642
0.6292805
0.6266784
0.6355768
0.6497219
0.6561664
0.6551585
0.66015
0.6599985
0.6576176
0.6491206
0.6378483
0.6328447
0.6274176
0.6257131
0.6241736
0.6196216
0.6156438
0.6177311
0.618785
0.6241546
0.6321869
0.6304391
0.6289637
0.6265326
0.631782
0.6357703
0.6284874
0.6290871
0.6315334
0.6338303
0.6301779
0.6268479
0.6275521
0.6235511
0.6193215
0.6170081
0.6180126
0.6200789
0.6229105
0.6250244
0.623675
0.628251
0.6462388
0.6620406
0.6642444
0.6564109
0.65233
0.6478914
0.6372303
0.6322475
0.6317481
0.6267851
0.6160749
0.6072657
0.6095666
0.6160418
0.6200941
0.6237257
0.626348
0.62965
0.630045
0.6324747
0.6394896
0.6376066
0.6307746
0.6294227
0.6217083
0.6141805
0.6114358
0.6056242
0.6014932
0.6007466
0.597779
0.5946816
0.5941262
0.5862983
0.5838445
0.5988565
0.6178643
0.6218264
0.6120303
0.6132789
0.6211063
0.62175
0.6246298
0.6258112
0.627837
0.6261196
0.614923
0.6096609
0.6092694
0.6110271
0.6193717
0.627172
0.6252589
0.6311323
0.6352959
0.6269557
0.6277578
0.630761
0.6325969
0.6485338
0.6441948
0.6669354
0.6430075
0.5374296
0.5791986
0.6480514
0.6311553
0.6213909
0.6154684
0.6208675
0.6279772
0.640779
0.6612773
0.6704731
0.6596646
0.649238
0.6511634
0.6568302
0.6587842
0.6505229
0.6455134
0.6460343
0.6396937
0.6436673
0.6547191
0.6536108
0.6564791
0.6672672
0.6645621
0.651517
0.6395139
0.639747
0.6511738
0.6573513
0.6630759
0.665107
0.6688957
0.6720329
0.6560165
0.6443986
0.6466507
0.6459928
0.646485
0.6515163
0.6520026
0.6513593
0.6524632
0.6492595
0.6482493
0.6539503
0.6598735
0.6574182
0.6508566
0.6516446
0.6529041
0.6490024
0.642854
0.6407126
0.6420924
0.6441769
0.6477064
0.6480768
0.6514578
0.6516734
0.6466414
0.6432131
0.6410678
0.6386193
0.6356373
0.6365134
0.6362116
0.6338456
0.625462
0.6183664
0.6185765
0.6173264
0.6168527
0.6125657
0.6057489
0.6089994
0.6111346
0.6093138
0.6139159
0.6110679
0.6079163
0.6140834
0.6265858
0.6476488
0.6635743
0.6691052
0.6663393
0.6531116
0.6360306
0.626639
0.6132718
0.5975712
0.5927326
0.5846177
0.5770944
0.5814473
0.5938622
0.6091295
0.6137554
0.6217113
0.6343124
0.6287458
0.625434
0.6246535
0.6164784
0.6083999
0.5962969
0.5862202
0.5818669
0.5792268
0.5822806
0.5907877
0.5924181
0.5843526
0.5825366
0.578321
0.573788
0.5813835
0.5772016
0.5732362
0.5760407
0.5697188
0.5657725
0.5606076
0.5605516
0.569209
0.5679874
0.5690583
0.5799308
0.5832865
0.5797708
0.5839884
0.5927301
0.5959706
0.6049328
0.6153137
0.6131115
0.6104107
0.6148174
0.6155686
0.612659
0.6112744
0.6075445
0.6036155
0.5969338
0.58943
0.5844753
0.5807491
0.579263
0.5743647
0.5700715
0.5654585
0.558795
0.5564024
0.5689807
0.5760552
0.5828829
0.6103589
0.6295216
0.6407615
0.6385336
0.6372735
0.6414984
0.6379041
0.6313846
0.616437
0.6062433
0.5983157
0.5945665
0.5994642
0.5933416
0.5845732
0.5844217
0.5846203
0.5853989
0.5799215
0.5837395
0.5909585
0.5905368
0.5966586
0.5953628
0.5924446
0.5908923
0.5853495
0.5815978
0.5796447
0.5748083
0.5697111
0.5759682
0.5868397
0.596192
0.6002136
0.601044
0.6061499
0.6049954
0.6005074
0.6004584
0.5916511
0.582168
0.5775237
0.5705374
0.5656199
0.5635202
0.5646842
0.5672606
0.5653176
0.5630724
0.5705657
0.5811192
0.5944937
0.6090143
0.6055823
0.593956
0.5914708
0.5980605
0.6077338
0.6085354
0.6024706
0.5998914
0.5989159
0.5904903
0.5843442
0.5822489
0.5734502
0.5682283
0.5675757
0.5744109
0.5816446
0.5759333
0.5761106
0.5813836
0.5860592
0.5915882
0.5933687
0.5957363
0.5925749
0.5834884
0.577808
0.5819307
0.5964258
0.6090168
0.6069983
0.5993973
0.6045541
0.6105871
0.6139945
0.6140723
0.6015283
0.5955659
0.6004891
0.5987529
0.5936497
0.5867591
0.580946
0.5798467
0.5771971
0.5826105
0.5785856
0.575296
0.5751548
0.5676132
0.5662736
0.5625923
0.5596161
0.5572386
0.5571481
0.5519232
0.5425696
0.5463211
0.5542268
0.55441
0.5527596
0.5454762
0.5483617
0.557456
0.5488585
0.5442478
0.5463551
0.5524645
0.5598508
0.554488
0.554769
0.5650273
0.5718094
0.580562
0.5845653
0.5770962
0.5882034
0.6062272
0.5986381
0.5870772
0.5841153
0.5795197
0.5692458
0.5656989
0.5623804
0.5607146
0.5748594
0.5818066
0.5694941
0.5627983
0.568185
0.5649181
0.5676076
0.5686978
0.5621952
0.5604099
0.5623817
0.5760629
0.5827547
0.5838354
0.5834161
0.5777818
0.5742413
0.5729758
0.5718186
0.5759448
0.5836719
0.5928662
0.5959506
0.5914296
0.5961676
0.6057462
0.6164598
0.6217631
0.6415424
0.6622502
0.7019637
0.7094165
0.6791386
0.7017245
0.742222
0.7023463
0.6438486
0.6994619
0.7124576
0.7010463
0.7106707
0.7083514
0.7234672
0.6962444
0.6489221
0.6231908
0.623439
0.6273142
0.6376106
0.6418223
0.6412385
0.6585946
0.6643473
0.6517764
0.656976
0.6689911
0.6765739
0.6838263
0.6639047
0.6488814
0.6556311
0.6573223
0.6665163
0.6666931
0.6492359
0.6351959
0.6348143
0.6442075
0.6549088
0.6570737
0.6499647
0.6474856
0.6450709
0.633395
0.627779
0.639922
0.6401156
0.6386743
0.6375715
0.6283226
0.6310474
0.6313242
0.626797
0.6187056
0.6208752
0.626957
0.6231687
0.6275702
0.6350118
0.6356923
0.6388668
0.6381648
0.6300176
0.632972
0.6349337
0.633838
0.6424112
0.6446734
0.6360979
0.6259666
0.6249289
0.623091
0.6163739
0.6091027
0.594664
0.5996164
0.6118745
0.6135136
0.6251542
0.6450494
0.6513072
0.6271222
0.6202793
0.6244858
0.6131034
0.6157931
0.6138179
0.6171292
0.6187447
0.6058495
0.6059257
0.6163965
0.6295662
0.6446759
0.6467006
0.6332938
0.6297535
0.6329058
0.6320072
0.6288402
0.6275058
0.6216734
0.6139476
0.6086922
0.6092854
0.6164284
0.6250096
0.6279577
0.6277408
0.6286831
0.6422231
0.6614737
0.648419
0.6368445
0.6371456
0.6334413
0.6333535
0.6328028
0.6342521
0.635692
0.6318011
0.6254457
0.6193333
0.6150846
0.6138117
0.6133808
0.616837
0.6266124
0.6358852
0.6322551
0.6241302
0.6187772
0.6177747
0.6166617
0.6069994
0.5984579
0.5956948
0.5931785
0.5976902
0.6114136
0.6188151
0.6169812
0.6185856
0.6242794
0.6331958
0.6401185
0.6319768
0.6250568
0.6257089
0.6298988
0.6345412
0.6334091
0.6293293
0.6204226
0.6152161
0.6135153
0.6117461
0.6178207
0.6246973
0.6262195
0.6211698
0.6175967
0.6225355
0.6250796
0.6250317
0.6293141
0.6310738
0.6269134
0.6242584
0.62492
0.6203491
0.6097447
0.6069902
0.6020435
0.6013744
0.6079751
0.6135691
0.613264
0.6140144
0.6247627
0.633218
0.6462884
0.6502427
0.6486394
0.6520028
0.6531177
0.6581785
0.6579689
0.6456
0.6439643
0.6469604
0.6445434
0.6475224
0.642575
0.6406464
0.6503615
0.6528697
0.6503704
0.6439785
0.6332105
0.6371535
0.6471182
0.648728
0.6403738
0.6370562
0.6424317
0.6469947
0.6560535
0.6492205
0.6425194
0.6547382
0.6580656
0.6566275
0.6657995
0.6602157
0.6503131
0.6580168
0.6678814
0.6693321
0.6592352
0.6536765
0.6462104
0.6400394
0.6426365
0.640151
0.6448165
0.6536568
0.6539696
0.6454741
0.6415665
0.6451876
0.6524418
0.6722547
0.6786303
0.6665347
0.6643462
0.6740258
0.6802358
0.680919
0.6797283
0.6685723
0.6660373
0.675634
0.6689791
0.6612997
0.6645784
0.6764508
0.6773629
0.6677079
0.679484
0.6935679
0.698404
0.690253
0.6720262
0.6637445
0.6666677
0.6654867
0.6632471
0.6654927
0.6632989
0.6608865
0.6589817
0.6549227
0.6489734
0.6532054
0.6676992
0.6813022
0.6935537
0.702211
0.6987444
0.6818865
0.6744805
0.6693977
0.6614182
0.6605127
0.6517242
0.640815
0.6307331
0.6151366
0.6089915
0.6174189
0.6317992
0.6370152
0.6354549
0.6452765
0.6538615
0.668656
0.6738086
0.6585745
0.6608957
0.6681554
0.6601857
0.6446773
0.6406744
0.649308
0.6565642
0.653471
0.637091
0.6247761
0.6224067
0.6238086
0.6305386
0.6393321
0.6522306
0.6585077
0.6591602
0.6702767
0.6969264
0.7362037
0.7566814
0.751751
0.7278095
0.7203723
0.7190962
0.691675
0.6824778
0.6800881
0.6806585
0.6838742
0.6731181
0.6685421
0.6760761
0.6799155
0.6796606
0.6809236
0.6668758
0.6556195
0.6550092
0.6510037
0.655926
0.652235
0.6407848
0.6448315
0.6451597
0.6447737
0.6476358
0.6487725
0.663225
0.6721991
0.6679844
0.6716656
0.6690159
0.666295
0.6678449
0.6566719
0.6503203
0.6559528
0.6606785
0.661252
0.6640528
0.6610274
0.6534073
0.6540279
0.6556417
0.6588578
0.6582377
0.6487283
0.6460241
0.6488023
0.6468745
0.6421539
0.633391
0.635178
0.6518216
0.6603189
0.6785704
0.6987431
0.6809336
0.6645392
0.6703303
0.6735264
0.6766046
0.6691528
0.6576636
0.6521509
0.6481994
0.6523004
0.6572941
0.6542644
0.64558
0.6443639
0.6504646
0.6522515
0.6573859
0.6518503
0.6346858
0.6289887
0.6300504
0.6331229
0.6389999
0.6437592
0.6507133
0.6667758
0.6860771
0.6860271
0.6802657
0.6867324
0.6753892
0.6600694
0.6556196
0.6428086
0.6308535
0.63297
0.6374567
0.6399009
0.6494965
0.6557537
0.6463418
0.6398734
0.6429155
0.6452175
0.6476648
0.6426668
0.6402769
0.6377668
0.6340637
0.6379021
0.6455325
0.6574897
0.669493
0.6714653
0.6657664
0.6722924
0.684219
0.6906941
0.6918289
0.6847845
0.6731137
0.6654065
0.6648256
0.6650246
0.6584053
0.6533276
0.6546112
0.6475714
0.6346222
0.6323068
0.6375636
0.6402999
0.6495212
0.6552936
0.6496908
0.647707
0.6492697
0.6518624
0.6539525
0.651783
0.6528201
0.6546618
0.6546619
0.65282
0.6394847
0.6340439
0.640705
0.6430952
0.6517679
0.6614787
0.6601046
0.6515547
0.6371701
0.6332051
0.6428573
0.6565018
0.6690202
0.6780941
0.6744489
0.6743865
0.6737137
0.6530785
0.6320921
0.6263463
0.6492388
0.6800077
0.7118603
0.7342755
0.7521047
0.7526953
0.7211076
0.7024552
0.6940655
0.6809107
0.6681552
0.6658859
0.6585367
0.6443151
0.6421007
0.6394359
0.6448839
0.6530871
0.6564286
0.6623255
0.6622946
0.6553561
0.6479431
0.6396664
0.6284093
0.6253839
0.6295858
0.6401121
0.6646715
0.6862279
0.6922306
0.6994381
0.6979783
0.6820812
0.6702931
0.6583123
0.6404628
0.629488
0.6275113
0.6355465
0.6545541
0.6777919
0.7030784
0.7123617
0.7077289
0.7031904
0.6922103
0.6758176
0.6658308
0.6554826
0.6474482
0.6474716
0.6442679
0.6398662
0.634945
0.633624
0.6362206
0.6423028
0.6548571
0.6658145
0.6708934
0.6619147
0.6555536
0.6612513
0.6591171
0.6575773
0.6534558
0.6405878
0.6362714
0.6363314
0.6404995
0.6457878
0.6486709
0.6541438
0.6511474
0.6497278
0.6472893
0.6402028
0.6344454
0.6244601
0.6146533
0.6175774
0.6257456
0.6249892
0.6253992
0.6329683
0.6417973
0.6448247
0.6363378
0.6218682
0.6225226
0.6320203
0.6369551
0.6409727
0.6484665
0.6471658
0.6350613
0.6282729
0.6269723
0.6280316
0.6323037
0.6441619
0.6519419
0.6543915
0.6517362
0.6524968
0.6610979
0.6580807
0.6535845
0.6565367
0.6514985
0.6352866
0.6245013
0.6260087
0.6375395
0.6511296
0.6730843
0.692426
0.6830298
0.6701461
0.662199
0.6488896
0.6383098
0.6274625
0.6223731
0.6234413
0.6202998
0.6225257
0.6302268
0.6324415
0.6349178
0.6455879
0.656983
0.6639821
0.6643532
0.6586727
0.65781
0.655561
0.6519212
0.6519879
0.6487547
0.6477367
0.6456603
0.6417491
0.6490222
0.6550779
0.6719656
0.6912432
0.6893085
0.6938203
0.6946636
0.6903032
0.687941
0.6813706
0.6753789
0.6676927
0.6624989
0.6539559
0.6467281
0.6418343
0.6320913
0.6286482
0.6323686
0.6333225
0.62948
0.631317
0.6406805
0.6548269
0.6809278
0.7107057
0.718321
0.7144384
0.7197756
0.7194082
0.7183333
0.7079415
0.6978112
0.6929973
0.6792511
0.6800343
0.679546
0.6788521
0.6888821
0.684905
0.6768807
0.6660359
0.6527945
0.6550065
0.6560713
0.6601713
0.6690954
0.6753567
0.6755506
0.6811084
0.6940076
0.7012826
0.7072939
0.7041647
0.7148333
0.7228932
0.710188
0.7033502
0.6938283
0.6828382
0.6815159
0.6778864
0.679237
0.6728194
0.6493209
0.6411577
0.6479416
0.669521
0.6910064
0.7012829
0.7080582
0.6855043
0.6752295
0.689643
0.6888824
0.6897657
0.6805165
0.6745476
0.6761921
0.6758595
0.6828635
0.6826517
0.6784074
0.6723412
0.6636311
0.6532167
0.6496594
0.6476253
0.6427947
0.6400002
0.6372048
0.6469099
0.6491917
0.641672
0.6535078
0.6608366
0.6588338
0.6676366
0.6702383
0.6673022
0.6663688
0.6581959
0.6469109
0.6371424
0.6367993
0.6373538
0.6374441
0.6444925
0.6471023
0.6514907
0.6492125
0.6403939
0.6454663
0.6484533
0.6449409
0.6428109
0.6348184
0.6287561
0.6327289
0.6423863
0.6514342
0.6540683
0.6474528
0.6365763
0.6320669
0.6373208
0.6512025
0.6619426
0.6651131
0.6610695
0.6444167
0.6370806
0.6405643
0.6437605
0.655854
0.6652463
0.6690651
0.6692388
0.6649905
0.6652568
0.6621386
0.6584005
0.6506351
0.6433835
0.6467153
0.6446122
0.6442434
0.6427861
0.6478755
0.6613478
0.6553761
0.6611389
0.6729887
0.6703545
0.6638988
0.6534236
0.6533524
0.6584133
0.67057
0.6913578
0.7027191
0.6873857
0.6803897
0.6906576
0.6756241
0.6533275
0.6418647
0.6332431
0.6324786
0.6429902
0.6535458
0.6650148
0.6730636
0.6662935
0.6604468
0.6626641
0.6652654
0.6610896
0.6553951
0.6568779
0.6622609
0.6653592
0.662379
0.6532317
0.6464023
0.6511902
0.6517733
0.6421898
0.6407018
0.6472557
0.6549022
0.659632
0.648119
0.6461361
0.660315
0.6607868
0.6532677
0.6490234
0.6536186
0.6565653
0.6547478
0.6439959
0.6321444
0.6364177
0.641059
0.6510266
0.6597572
0.6550392
0.6512639
0.6496624
0.6495706
0.649163
0.6536167
0.6620208
0.6680959
0.6726241
0.6732432
0.6750108
0.6812023
0.6820169
0.6805198
0.6733441
0.6657477
0.671578
0.6804136
0.6795734
0.676169
0.6910155
0.6990845
0.6911232
0.6736668
0.6610547
0.6627324
0.6633707
0.6735314
0.6790794
0.6730919
0.6711655
0.6640268
0.6545323
0.6482476
0.6397376
0.633519
0.6372776
0.6420308
0.6410562
0.6454205
0.6523763
0.6643573
0.6713862
0.6845141
0.7031691
0.693117
0.6758335
0.6615307
0.658271
0.6638617
0.6689528
0.6776091
0.6723612
0.66438
0.6636437
0.670091
0.6772494
0.6888826
0.6988048
0.6950656
0.6887971
0.6722558
0.6612789
0.6669434
0.6773331
0.6929412
0.6953958
0.6815459
0.6719629
0.6681359
0.6726453
0.6843311
0.690064
0.6910385
0.6806604
0.6684468
0.6777137
0.6804347
0.6879198
0.6991177
0.6807205
0.6658095
0.6629309
0.6525351
0.6486905
0.6540562
0.6636427
0.674827
0.6834307
0.685636
0.6726987
0.6599909
0.6484419
0.641625
0.6420754
0.6500148
0.6612421
0.6725047
0.6848643
0.6855324
0.6905277
0.6976352
0.700784
0.7071348
0.6938762
0.667755
0.6505559
0.6543496
0.6677603
0.6665906
0.6706059
0.6775016
0.6776819
0.6759307
0.6666632
0.6712003
0.7005563
0.7195981
0.7158405
0.707206
0.7032405
0.6981996
0.6777317
0.6517555
0.6447613
0.651133
0.6569099
0.672034
0.6780617
0.669279
0.6782552
0.6894442
0.7008828
0.7161997
0.7160891
0.7088719
0.6988735
0.7006212
0.704063
0.6982788
0.6890116
0.6741023
0.67327
0.6768205
0.6699935
0.6654317
0.6723558
0.6843971
0.6879545
0.6894794
0.6899783
0.6838659
0.6850613
0.6803924
0.6717326
0.676567
0.6788657
0.684001
0.6913678
0.6847914
0.6769119
0.6806068
0.6849421
0.6839461
0.6831911
0.6815815
0.6684271
0.6589529
0.6642238
0.6640217
0.6626046
0.6607198
0.6578521
0.6645902
0.673161
0.6821299
0.6815737
0.6762157
0.6777192
0.6793605
0.6715634
0.673545
0.6563188
0.6292176
0.6583992
0.6607925
0.6410935
0.6484152
0.6617064
0.6651304
0.6556729
0.6566224
0.6536703
0.6510746
0.6425551
0.6304351
0.6264317
0.627206
0.6337673
0.6346612
0.6303622
0.6345057
0.6274433
0.6239886
0.6418276
0.6492574
0.6678346
0.6916237
0.7059153
0.7094053
0.7032565
0.6836623
0.6756407
0.7027669
0.7242273
0.7346089
0.7422675
0.753202
0.7498168
0.7405427
0.743376
0.7389376
0.7191259
0.687571
0.6702332
0.6831576
0.7043216
0.709513
0.6956397
0.6822597
0.6643642
0.6515482
0.6564053
0.6471516
0.6461643
0.6522686
0.6515816
0.662828
0.6603092
0.6496995
0.6460239
0.6321791
0.6264776
0.6365287
0.6442154
0.6431125
0.6403884
0.659406
0.6698997
0.6618355
0.6802219
0.7065603
0.7046783
0.6941728
0.6840126
0.6782682
0.6791507
0.670415
0.6676496
0.6709234
0.6723036
0.67568
0.6737792
0.6650396
0.661713
0.66526
0.6743524
0.688577
0.6912768
0.6905025
0.6841267
0.6760661
0.6777721
0.6614907
0.6430148
0.6367711
0.630433
0.6243945
0.6199459
0.6146212
0.6020463
0.5926185
0.5927231
0.5940661
0.5962316
0.5995975
0.6081176
0.6138758
0.6090091
0.6096918
0.6162249
0.6217523
0.6227974
0.6225126
0.6176994
0.6153486
0.6181471
0.6135796
0.6030659
0.5922574
0.592596
0.5936232
0.5896273
0.5951244
0.597829
0.5901179
0.5952959
0.6047409
0.6142268
0.6294068
0.6394136
0.6464528
0.652585
0.6549829
0.6529851
0.6544081
0.6495339
0.6377998
0.6325511
0.6304279
0.6263911
0.6217233
0.621647
0.6231494
0.6195116
0.615822
0.6174007
0.6115974
0.6053586
0.6064603
0.6043854
0.6140033
0.6236065
0.6338516
0.6503506
0.6485111
0.648858
0.64984
0.6470655
0.6462343
0.6354111
0.6261034
0.6196872
0.6135517
0.608303
0.6050534
0.6082733
0.606917
0.60705
0.6125495
0.6111194
0.6058013
0.5968997
0.5951548
0.5949537
0.5938416
0.6035001
0.6221024
0.6391288
0.6421629
0.6411144
0.6395542
0.6377515
0.634824
0.6304475
0.6240698
0.6196161
0.6168793
0.6113283
0.6087813
0.6183926
0.6419005
0.656909
0.6756784
0.6902957
0.6845839
0.680733
0.6747222
0.6587736
0.6449557
0.6369262
0.6415252
0.6627821
0.6715971
0.6710336
0.6636117
0.647864
0.6461409
0.6471418
0.6419183
0.6460044
0.6567791
0.6618336
0.6698685
0.6695474
0.6634243
0.6777644
0.7132828
0.7441825
0.7396071
0.7233725
0.7144164
0.6980079
0.6860362
0.6884371
0.681057
0.67454
0.6734342
0.6625603
0.6536527
0.640708
0.6301872
0.6355997
0.6495105
0.6700825
0.6992298
0.7239953
0.7364835
0.733393
0.7318989
0.7453912
0.7437175
0.7399531
0.7352804
0.7215274
0.7311306
0.7546842
0.7628796
0.7492528
0.7344954
0.7287028
0.7119409
0.6898531
0.6818387
0.6767818
0.6727008
0.6598955
0.6509115
0.6568577
0.6712666
0.6833652
0.6893584
0.6892767
0.6745413
0.679746
0.692795
0.6933445
0.6990616
0.6977951
0.6940909
0.7033966
0.7109287
0.7154256
0.7258453
0.7291305
0.730714
0.7302224
0.7052574
0.6847313
0.6687608
0.656096
0.6653625
0.6808341
0.7026379
0.7282972
0.7481553
0.7539026
0.7444331
0.7252004
0.7196058
0.7303085
0.7373956
0.7292973
0.7098072
0.7012415
0.702776
0.7030763
0.7007995
0.6904752
0.6780257
0.6744056
0.6723258
0.6754972
0.6753271
0.6725762
0.6817829
0.6886064
0.6837738
0.6765987
0.6723363
0.6643339
0.6604285
0.6713774
0.7029992
0.7335064
0.7427422
0.7531309
0.7495178
0.7189923
0.6996815
0.6918572
0.6902615
0.6986765
0.6962397
0.6837865
0.6868224
0.7007148
0.7047024
0.7033128
0.6982883
0.6930926
0.693073
0.7117336
0.7271135
0.712917
0.7058
0.7006956
0.6857722
0.6696314
0.654021
0.6528511
0.652347
0.6614713
0.6796682
0.6814604
0.6823116
0.6851233
0.6784392
0.6697909
0.6631958
0.651253
0.6415329
0.6361377
0.6278905
0.6335493
0.6378695
0.6394192
0.6536287
0.6538464
0.6525151
0.6656508
0.6624597
0.6505045
0.6474734
0.6479153
0.650972
0.6519178
0.6543493
0.6585728
0.6647067
0.6576178
0.646648
0.6406065
0.6363247
0.6339448
0.6273395
0.6326322
0.6429239
0.6569101
0.6712983
0.6709361
0.6652696
0.6684598
0.6695937
0.6568921
0.645791
0.6412147
0.6312061
0.6258659
0.6222434
0.6108243
0.6225518
0.6497002
0.668127
0.6848678
0.7279147
0.8060023
0.8024633
0.711327
0.7221958
0.7976802
0.7790439
0.7367325
0.7358666
0.7411875
0.7479059
0.7371565
0.7290612
0.7318725
0.7285458
0.7350766
0.7379108
0.7333176
0.7328941
0.7307081
0.7175291
0.7042199
0.712288
0.7179501
0.7294256
0.7524143
0.7366552
0.7246743
0.7331566
0.7308762
0.7269134
0.7121576
0.7034053
0.7185553
0.7301038
0.7378339
0.7463069
0.7399911
0.7314791
0.7308867
0.7308009
0.7271334
0.7206332
0.7168914
0.7270517
0.7380988
0.7364057
0.723954
0.7094719
0.7062957
0.7107413
0.7073996
0.6977987
0.6946883
0.6952081
0.6892072
0.6755715
0.6683242
0.6775156
0.6922275
0.7159844
0.7454013
0.756253
0.7503208
0.744072
0.7375012
0.732043
0.7241564
0.7032721
0.6957055
0.7017544
0.7100198
0.7204327
0.7345006
0.7496839
0.7539825
0.7516512
0.7374633
0.7267935
0.7114569
0.7063753
0.71974
0.715261
0.7118509
0.7068716
0.7024666
0.7060372
0.7083234
0.7136355
0.7138696
0.7046247
0.7026485
0.7067165
0.7019901
0.695072
0.6911861
0.687586
0.6836014
0.6903438
0.6944307
0.7032997
0.7175366
0.7126032
0.7038542
0.7013474
0.7095853
0.7163237
0.7137883
0.7099637
0.7018294
0.7022843
0.7126481
0.7122873
0.7184678
0.7315004
0.7255246
0.7183208
0.726453
0.7325594
0.7249837
0.7230711
0.7241946
0.7210936
0.7142198
0.6974188
0.6932794
0.704661
0.7231489
0.7454431
0.7445131
0.7267541
0.7223932
0.7173919
0.7016937
0.6974276
0.7013115
0.7060384
0.7016494
0.6943563
0.6754075
0.6736429
0.7193148
0.731156
0.7266471
0.7304246
0.7311852
0.747888
0.7427309
0.7365411
0.7379938
0.7238219
0.7126826
0.6984906
0.6843407
0.6787295
0.6765642
0.6808201
0.6892347
0.6910096
0.6916235
0.7006293
0.7101749
0.7133483
0.707138
0.7025467
0.7033367
0.7059751
0.7087249
0.711587
0.7140601
0.7117924
0.7082171
0.7047888
0.7000688
0.6995132
0.6988985
0.6965016
0.7041598
0.7077492
0.70687
0.7166345
0.7146171
0.7020137
0.7016474
0.706212
0.7165366
0.7211073
0.719608
0.7187437
0.7078451
0.7032292
0.7132406
0.7210579
0.7140818
0.714566
0.716991
0.7038038
0.6892579
0.6702044
0.6636531
0.6776597
0.6954243
0.7213537
0.7401111
0.737129
0.7413963
0.7584258
0.7612526
0.7562414
0.7456784
0.7287273
0.7275301
0.7261982
0.7195078
0.7172547
0.7116265
0.7121407
0.7142616
0.7073862
0.7054917
0.7081063
0.7124815
0.7202935
0.7178486
0.7093726
0.7037024
0.699363
0.7101707
0.7280413
0.7334288
0.7380167
0.7268775
0.7051058
0.6918052
0.6816119
0.6865707
0.7001576
0.7074494
0.7116133
0.7152705
0.7165999
0.7264268
0.7388171
0.7363729
0.7400873
0.7445294
0.7354237
0.7300134
0.7234252
0.7149354
0.7056164
0.698013
0.7060041
0.7285114
0.7431415
0.7481945
0.7479056
0.7458028
0.7423458
0.7317521
0.7256211
0.7234207
0.7271651
0.7268171
0.7194609
0.7145157
0.7195627
0.7321556
0.7362263
0.7325766
0.7297023
0.7203331
0.7161823
0.7179243
0.7132966
0.7129326
0.7117519
0.7183888
0.7210507
0.7246037
0.7321649
0.7266902
0.7203649
0.7034635
0.6867254
0.6835137
0.6869488
0.696203
0.7134937
0.7241043
0.7308942
0.7471014
0.7505567
0.7481683
0.7427912
0.7361119
0.7434667
0.7274917
0.7395046
0.7224279
0.6515568
0.6507792
0.6480935
0.6470261
0.6920993
0.7287896
0.7521783
0.7244582
0.6758861
0.7165554
0.7504724
0.7431457
0.748584
0.7424664
0.7297908
0.7236408
0.7246873
0.719306
0.7147923
0.7145615
0.7174098
0.7195436
0.7091842
0.7360143
0.7214132
0.6422544
0.6635004
0.6732765
0.6556585
0.631496
0.6271002
0.7142138
0.7294798
0.7202395
0.7322889
0.7285118
0.7325081
0.734232
0.6674283
0.6277519
0.7032779
0.7302754
0.7247364
0.7148075
0.6749013
0.6224092
0.5842131
0.603792
0.625063
0.6231648
0.5988282
0.6048301
0.5957578
0.629642
0.6709079
0.607582
0.6786945
0.7235429
0.6910551
0.6862717
0.672447
0.6745118
0.6865862
0.660262
0.5690382
0.5957373
0.6641427
0.6588199
0.6498305
0.6460714
0.6319308
0.6180997
0.610531
0.6017057
0.608731
0.6136051
0.6090648
0.6187691
0.6317421
0.6402783
0.6430978
0.6544242
0.6526732
0.6344951
0.6375815
0.6470116
0.658626
0.6819754
0.678602
0.6680641
0.6874263
0.6713409
0.6459046
0.6421375
0.6310473
0.6197456
0.6106997
0.6063509
0.6004327
0.5936973
0.5894336
0.589939
0.5907171
0.5905242
0.5924591
0.5923407
0.5906985
0.5870505
0.5831767
0.5796308
0.574382
0.569661
0.5698101
0.5719264
0.5698996
0.5672036
0.5669511
0.5680354
0.5667254
0.5644075
0.5636214
0.5690006
0.5676689
0.5577557
0.5578794
0.5585424
0.5567796
0.5571204
0.5535686
0.5508281
0.5522104
0.5526516
0.5524147
0.5514412
0.5496127
0.5472803
0.5459305
0.5460096
0.5471638
0.5475855
0.5453889
0.5425712
0.5394351
0.5399434
0.544059
0.5412026
0.5363221
0.5378273
0.5401048
0.5430316
0.5413449
0.5392338
0.5405493
0.5405263
0.5403857
0.5385202
0.5388004
0.5377371
0.5356134
0.5396908
0.5406788
0.539749
0.5399416
0.5359232
0.5356024
0.5381777
0.5410762
0.5380436
0.5325798
0.5357033
0.5379176
0.5393824
0.5424911
0.5501117
0.5561147
0.5537785
0.554669
0.5536856
0.5462819
0.5409715
0.5357885
0.5281973
0.5253139
0.5254987
0.5223351
0.519909
0.5178899
0.5174812
0.5182746
0.5144858
0.5118785
0.5120506
0.5086423
0.5068337
0.509123
0.5086263
0.5053288
0.501679
0.5005829
0.5002342
0.4999562
0.4998741
0.500355
0.4992482
0.4936772
0.4929038
0.4947967
0.4942447
0.4937164
0.4899843
0.4863224
0.4868089
0.4881501
0.4865839
0.4846424
0.4854182
0.4809697
0.4766567
0.4783512
0.4795932
0.4815364
0.4799627
0.4785558
0.4757813
0.4739849
0.4677838
0.480438
0.4620645
0.4959502
0.5830062
0.5881115
0.5737484
0.4915494
0.4624089
0.5254267
0.5740718
0.5982347
0.5924977
0.5797213
0.5605761
0.5418296
0.5515508
0.5699723
0.5574369
0.5476113
0.587455
0.6234296
0.5743639
0.5764301
0.5836657
0.5439903
0.5787798
0.625345
0.5961161
0.5850208
0.5471595
0.5287691
0.5893623
0.5462942
0.6001087
0.6328677
0.5467118
0.5864049
0.5730074
0.5209251
0.5169594
0.5255038
0.5474379
0.5307561
0.6058672
0.6341174
0.5544166
0.5869831
0.6165772
0.5766706
0.5531055
0.5588061
0.5793749
0.5808006
0.5807915
0.5923793
0.580452
0.6010829
0.5369491
0.5510823
0.6617067
0.5859812
0.5754881
0.59877
0.5626385
0.5911241
0.5868532
0.5736291
0.5675003
0.5905473
0.6322035
0.561955
0.5311923
0.5761603
0.5858385
0.5913079
0.5525629
0.5488599
0.6056813
0.569331
0.5436508
0.5599553
0.5774108
0.6009958
0.5923081
0.5869256
0.5698564
0.5707819
0.5702687
0.5726703
0.5385034
0.538693
0.633667
0.5970649
0.537128
0.537359
0.5491735
0.6384224
0.6251887
0.5698881
0.5860297
0.5633025
0.5548831
0.5406626
0.5637228
0.616726
0.5856655
0.5683425
0.5910871
0.6103663
0.5544404
0.5499226
0.6155201
0.5711323
0.5387919
0.5310047
0.526408
0.5496133
0.6027602
0.5963116
0.4968342
0.486498
0.5041215
0.4988409
0.4987439
0.4852578
0.4885073
0.4973144
0.5013615
0.5004379
0.4953199
0.4898892
0.4961342
0.5062511
0.5096548
0.5134841
0.5106762
0.5014901
0.4979383
0.5002525
0.5014376
0.5029019
0.508159
0.5093508
0.5011474
0.4945208
0.5235782
0.6014793
0.6436959
0.6112461
0.59223
0.5833656
0.5482695
0.5209125
0.5051272
0.5223141
0.6085324
0.6577106
0.6198584
0.6027642
0.6068493
0.5926019
0.582371
0.5581826
0.5533022
0.600736
0.6158095
0.6116104
0.6192161
0.6202654
0.6178919
0.6092937
0.5837295
0.5426044
0.5211369
0.5158276
0.5124073
0.5127556
0.5141968
0.5102857
0.5017429
0.5010582
0.5168837
0.5533538
0.5971858
0.6099999
0.5881555
0.5667338
0.5532108
0.5365091
0.5242389
0.5287888
0.5409913
0.5677671
0.6078828
0.6060372
0.5805464
0.5637924
0.5479669
0.5535321
0.5555996
0.5594578
0.5724491
0.5610714
0.5516105
0.56178
0.5706973
0.5764961
0.5722499
0.5601778
0.564081
0.567622
0.5650273
0.5634285
0.552087
0.5459464
0.5467535
0.5508989
0.5554964
0.5466935
0.5414973
0.5508477
0.5653515
0.5794015
0.5894199
0.5807899
0.5652732
0.5653051
0.5650905
0.5689433
0.5652235
0.5504419
0.5560448
0.5636834
0.5570854
0.5556958
0.561257
0.5589608
0.5467776
0.5422971
0.5454321
0.5566969
0.5614909
0.5529092
0.559268
0.5767266
0.5942898
0.5893144
0.580697
0.585733
0.5908449
0.5955323
0.5866588
0.5781931
0.5800441
0.5861699
0.5803555
0.5751874
0.5825976
0.5895712
0.5917541
0.5860923
0.59008
0.5959461
0.5986992
0.6039155
0.6039195
0.5931032
0.5851796
0.5898694
0.6007336
0.6127893
0.6056628
0.5978084
0.6031093
0.6079213
0.6007868
0.5934877
0.598542
0.6034085
0.6075662
0.6047196
0.5975367
0.5980158
0.6028963
0.6004142
0.6027878
0.6094644
0.6107101
0.6132523
0.6079579
0.5972616
0.5988118
0.6012036
0.5937406
0.5941458
0.5994891
0.6082353
0.6092211
0.6025099
0.6046986
0.6048811
0.6055955
0.6025289
0.5993332
0.6080639
0.6098006
0.6001306
0.5954668
0.5987778
0.6053185
0.6059626
0.6034198
0.61018
0.6206075
0.6216101
0.6176483
0.6186136
0.6257792
0.6272241
0.6131324
0.611865
0.6190275
0.6182407
0.6152593
0.6111182
0.6120387
0.6161402
0.6173787
0.6057433
0.6030821
0.6157063
0.6251719
0.6238064
0.6210706
0.6303175
0.6359085
0.6296103
0.6228188
0.6246639
0.6336022
0.6353753
0.6220537
0.6196724
0.6243464
0.6241171
0.6278363
0.6177533
0.6121278
0.6204652
0.62225
0.6184446
0.6025886
0.5885725
0.5787044
0.5779845
0.5974584
0.6227084
0.6291378
0.6114722
0.6062292
0.597725
0.5893326
0.5995774
0.6105941
0.6301342
0.6434839
0.640135
0.6305921
0.6228734
0.6291373
0.6347871
0.6357989
0.6399463
0.6365078
0.6442149
0.648725
0.6399306
0.6381548
0.6412768
0.6509871
0.6518109
0.6434182
0.6398635
0.6425095
0.639523
0.6375518
0.634231
0.6298772
0.638371
0.6317892
0.623914
0.6242496
0.6167608
0.6204041
0.6244762
0.6219464
0.6330726
0.6338118
0.6253304
0.6243157
0.6285974
0.6335616
0.6337781
0.6495213
0.656225
0.647388
0.6479961
0.6452676
0.6424604
0.6443025
0.6392017
0.6331988
0.6296609
0.6265215
0.624404
0.6249519
0.625715
0.6232806
0.6128832
0.6074803
0.6167
0.6294975
0.6389522
0.6307323
0.6404803
0.6592608
0.6533962
0.6513498
0.6533291
0.6527186
0.6377142
0.6306962
0.6350992
0.6312324
0.6263264
0.6188427
0.6187706
0.6208424
0.6280911
0.6271062
0.6178201
0.6194008
0.6191891
0.6214858
0.624964
0.6297211
0.6390794
0.6480825
0.6645429
0.6741032
0.6686674
0.6647189
0.6664996
0.664928
0.6558521
0.6474376
0.631476
0.6189758
0.6222362
0.6199682
0.6223147
0.6366704
0.6502642
0.6548503
0.6545157
0.6563469
0.6599808
0.6704088
0.6745365
0.6706747
0.6738578
0.6765588
0.6734066
0.6796163
0.6785977
0.6681979
0.6625032
0.6534401
0.651353
0.6499233
0.6521908
0.6614312
0.6720972
0.6745022
0.6690712
0.6655579
0.6606676
0.6606178
0.6622771
0.6626971
0.6599995
0.6561861
0.6470683
0.6354089
0.628629
0.6302165
0.6353079
0.6423765
0.6544696
0.6666986
0.6746853
0.6740171
0.6721545
0.6763092
0.675727
0.6685395
0.6634114
0.6609156
0.6587972
0.6396972
0.6275415
0.6297347
0.621934
0.6211366
0.6242004
0.6263679
0.6403065
0.6595826
0.6751352
0.6800208
0.674751
0.6728309
0.6761393
0.6709986
0.6502117
0.6463666
0.6833674
0.7209613
0.7218332
0.7022084
0.7062483
0.7069418
0.684417
0.6767978
0.6700827
0.6607615
0.6715134
0.6810874
0.6790902
0.6744535
0.6621985
0.6557639
0.6515031
0.6449924
0.6362796
0.6263163
0.6205286
0.616849
0.6116086
0.6047645
0.6135081
0.6255697
0.6395557
0.6600008
0.6580817
0.6535613
0.6610652
0.6638053
0.6651799
0.6601597
0.6633696
0.6693988
0.6647002
0.6658144
0.6610503
0.6571792
0.6592149
0.6491093
0.6362789
0.6277914
0.6224728
0.6172759
0.6108452
0.6162872
0.6305072
0.6323966
0.6336303
0.6488157
0.6648254
0.6793799
0.6855272
0.6792545
0.6763158
0.6764369
0.6857844
0.6983322
0.7127486
0.7260533
0.720113
0.7136672
0.7042374
0.6970999
0.699578
0.6994713
0.7017291
0.7096706
0.711259
0.7038628
0.6981981
0.6983556
0.7058671
0.7117369
0.7042488
0.696766
0.70151
0.693911
0.6777658
0.6682581
0.6654223
0.6707602
0.662636
0.6494314
0.64995
0.6506921
0.651693
0.6540668
0.656142
0.6676446
0.6885628
0.7080821
0.7115818
0.6957091
0.6878456
0.6873808
0.6863311
0.7061614
0.7275059
0.7409978
0.7444373
0.7246785
0.7063575
0.695382
0.6793441
0.6561772
0.637808
0.6258877
0.6189418
0.6256725
0.6338677
0.6415364
0.6568685
0.6671986
0.6732866
0.6792111
0.6886638
0.697384
0.7010328
0.7045348
0.6944646
0.6834346
0.6726971
0.65437
0.6388604
0.6306833
0.6272766
0.6315772
0.6433588
0.659126
0.6653855
0.6643308
0.672977
0.6761359
0.6708608
0.6594999
0.6481393
0.6450999
0.6416138
0.6353828
0.6274398
0.6287102
0.6391029
0.6356191
0.6304847
0.6388351
0.652395
0.6619523
0.6694869
0.6849064
0.6918003
0.6850529
0.6747149
0.6656519
0.6626177
0.6624112
0.667074
0.672524
0.6700405
0.668494
0.6714465
0.666812
0.6641363
0.6720314
0.6641336
0.6466941
0.6473932
0.6541601
0.659093
0.6602558
0.6602745
0.6680098
0.6745832
0.6763123
0.6721725
0.6650251
0.6622376
0.6628596
0.6585193
0.6473845
0.6423564
0.6469147
0.6518544
0.6563271
0.6649271
0.6637909
0.6591178
0.6583901
0.6536817
0.6526328
0.6442818
0.6380246
0.6439558
0.655675
0.6654937
0.6652784
0.6705264
0.6756565
0.6756147
0.6817682
0.6967847
0.6959937
0.6806965
0.6734647
0.6652726
0.6614514
0.6589654
0.6588701
0.6515295
0.644057
0.6452739
0.6352036
0.627577
0.6218423
0.6190491
0.6238627
0.6259363
0.6260587
0.6281546
0.628441
0.6256372
0.6199838
0.6144028
0.6193188
0.6205729
0.6226189
0.6118348
0.6308584
0.7066789
0.645823
0.6262699
0.7307297
0.7002654
0.6840133
0.6691241
0.6777854
0.7066468
