0.751
0.767
0.777
0.772
0.77
0.771
0.791
0.803
0.791
0.785
0.788
0.789
0.782
0.771
0.775
0.78
0.783
0.777
0.784
0.796
0.803
0.803
0.79
0.774
0.78
0.788
0.796
0.783
0.78
0.787
0.791
0.791
0.78
0.778
0.782
0.786
0.784
0.781
0.78
0.79
0.796
0.8
0.788
0.784
0.787
0.788
0.779
0.773
0.772
0.775
0.782
0.77
0.759
0.766
0.764
0.759
0.75
0.753
0.758
0.768
0.764
0.765
0.779
0.791
0.787
0.777
0.771
0.769
0.766
0.75
0.757
0.762
0.767
0.758
0.756
0.764
0.764
0.751
0.749
0.751
0.756
0.757
0.747
0.748
0.753
0.761
0.753
0.75
0.739
0.758
0.758
0.766
0.756
0.751
0.754
0.756
0.758
0.752
0.755
0.765
0.774
0.769
0.765
0.76
0.77
0.77
0.764
0.761
0.761
0.763
0.762
0.757
0.754
0.764
0.769
0.766
0.76
0.758
0.765
0.769
0.757
0.758
0.762
0.768
0.759
0.753
0.752
0.753
0.757
0.753
0.754
0.76
0.763
0.768
0.763
0.766
0.779
0.791
0.785
0.78
0.775
0.776
0.768
0.755
0.75
0.759
0.766
0.766
0.765
0.768
0.773
0.781
0.772
0.774
0.772
0.773
0.774
0.768
0.764
0.765
0.765
0.77
0.761
0.763
0.766
0.774
0.783
0.78
0.779
0.785
0.787
0.78
0.772
0.764
0.767
0.774
0.768
0.764
0.762
0.764
0.766
0.763
0.76
0.763
0.771
0.775
0.765
0.764
0.766
0.768
0.768
0.755
0.754
0.755
0.756
0.756
0.752
0.75
0.759
0.766
0.766
0.763
0.762
0.766
0.766
0.756
0.751
0.75
0.75
0.747
0.739
0.741
0.745
0.747
0.733
0.725
0.72
0.747
0.745
0.75
0.758
0.75
0.75
0.753
0.758
0.762
0.756
0.762
0.775
0.788
0.783
0.779
0.784
0.782
0.776
0.756
0.751
0.752
0.752
0.745
0.742
0.742
0.75
0.758
0.752
0.747
0.745
0.743
0.743
0.744
0.744
0.754
0.765
0.764
0.759
0.757
0.762
0.756
0.747
0.739
0.732
0.736
0.741
0.745
0.742
0.746
0.757
0.764
0.761
0.759
0.759
0.763
0.764
0.754
0.75
0.755
0.759
0.764
0.756
0.759
0.765
0.772
0.775
0.764
0.769
0.777
0.779
0.769
0.757
0.763
0.769
0.774
0.765
0.76
0.766
0.77
0.769
0.757
0.761
0.763
0.765
0.752
0.75
0.753
0.76
0.755
0.745
0.745
0.75
0.758
0.749
0.747
0.752
0.756
0.76
0.75
0.744
0.749
0.75
0.756
0.75
0.75
0.756
0.761
0.75
0.747
0.751
0.755
0.752
0.74
0.734
0.739
0.743
0.751
0.75
0.75
0.753
0.752
0.755
0.744
0.745
0.749
0.753
0.758
0.75
0.75
0.757
0.757
0.763
0.752
0.75
0.751
0.752
0.757
0.748
0.743
0.733
0.75
0.751
0.755
0.759
0.749
0.751
0.764
0.77
0.759
0.76
0.771
0.782
0.787
0.776
0.772
0.781
0.784
0.777
0.764
0.763
0.765
0.77
0.766
0.763
0.762
0.769
0.778
0.777
0.77
0.77
0.774
0.782
0.78
0.774
0.769
0.775
0.783
0.77
0.761
0.747
0.744
0.741
0.738
0.734
0.742
0.753
0.766
0.765
0.762
0.763
0.769
0.779
0.776
0.773
0.779
0.783
0.784
0.779
0.778
0.783
0.789
0.783
0.78
0.78
0.783
0.79
0.778
0.768
0.769
0.773
0.78
0.784
0.78
0.779
0.785
0.787
0.783
0.779
0.778
0.79
0.791
0.783
0.788
0.796
0.792
0.783
0.777
0.773
0.774
0.765
0.759
0.763
0.768
0.771
0.759
0.756
0.759
0.76
0.755
0.747
0.737
0.744
0.746
0.75
0.746
0.744
0.744
0.753
0.758
0.752
0.749
0.748
0.75
0.75
0.743
0.739
0.732
0.736
0.74
0.747
0.742
0.752
0.756
0.749
0.716
0.708
0.693
0.691
0.686
0.697
0.686
0.68
0.674
0.683
0.687
0.691
0.689
0.684
0.684
0.686
0.679
0.681
0.69
0.693
0.688
0.707
0.713
0.708
0.717
0.73
0.707
0.704
0.705
0.683
0.68
0.67
0.675
0.67
0.666
0.669
0.674
0.669
0.659
0.658
0.662
0.674
0.663
0.66
0.662
0.654
0.649
0.65
0.659
0.651
0.646
0.649
0.651
0.65
0.654
0.649
0.642
0.639
0.642
0.643
0.641
0.635
0.637
0.633
0.627
0.629
0.631
0.632
0.627
0.619
0.614
0.62
0.623
0.617
0.615
0.616
0.619
0.613
0.618
0.622
0.625
0.616
0.609
0.612
0.622
0.625
0.63
0.625
0.622
0.625
0.628
0.62
0.621
0.625
0.623
0.616
0.615
0.61
0.611
0.615
0.608
0.609
0.606
0.606
0.605
0.603
0.605
0.606
0.602
0.601
0.603
0.607
0.603
0.599
0.599
0.597
0.604
0.597
0.598
0.598
0.606
0.608
0.601
0.603
0.598
0.6
0.601
0.597
0.597
0.606
0.603
0.595
0.596
0.598
0.597
0.592
0.594
0.591
0.602
0.608
0.604
0.598
0.598
0.598
0.6
0.598
0.598
0.592
0.6
0.6
0.598
0.598
0.597
0.599
0.6
0.593
0.594
0.596
0.6
0.592
0.59
0.59
0.592
0.593
0.591
0.589
0.592
0.591
0.594
0.598
0.595
0.594
0.594
0.599
0.595
0.59
0.592
0.591
0.591
0.598
0.598
0.594
0.593
0.594
0.592
0.589
0.583
0.584
0.586
0.596
0.596
0.593
0.595
0.592
0.598
0.602
0.598
0.592
0.592
0.592
0.596
0.588
0.585
0.585
0.584
0.588
0.585
0.586
0.588
0.598
0.599
0.595
0.599
0.602
0.595
0.597
0.594
0.608
0.603
0.604
0.601
0.616394
0.664
0.606
0.608
0.605
0.612
0.615
0.626
0.624
0.597
0.61
0.603
0.598
0.594
0.592
0.596
0.596
0.597
0.601
0.605
0.604
0.607
0.62
0.636
0.638
0.634
0.628
0.639
0.638
0.638
0.635
0.64
0.64
0.64
0.651
0.654
0.649
0.676
0.683
0.686
0.677
0.676
0.692
0.704
0.699
0.69
0.721
0.713
0.684
0.686
0.691
0.694
0.681
0.681
0.685
0.694
0.693
0.702
0.71
0.701
0.69
0.693
0.698
0.689
0.687
0.692
0.681
0.669
0.667
0.667
0.684
0.709
0.706
0.702
0.717
0.734
0.731
0.727
0.736
0.74
0.752
0.74
0.736
0.745
0.713
0.716
0.712
0.726
0.736
0.737
0.731
0.729
0.742
0.752
0.743
0.749
0.769
0.762
0.751
0.759
0.77
0.753
0.761
0.757
0.751
0.738
0.751
0.758
0.749
0.735
0.699
0.7
0.701
0.693
0.69
0.683
0.724
0.736
0.761
0.752
0.748
0.746
0.759
0.761
0.754
0.753
0.764
0.778
0.768
0.761
0.771
0.777
0.766
0.759
0.75
0.753
0.76
0.754
0.752
0.766
0.753
0.748
0.755
0.76
0.763
0.769
0.779
0.775
0.763
0.767
0.766
0.753
0.746
0.755
0.75
0.745
0.751
0.751
0.741
0.738
0.75
0.753
0.748
0.747
0.751
0.744
0.741
0.738
0.749
0.756
0.749
0.748
0.746
0.743
0.729
0.722
0.719
0.726
0.714
0.719
0.732
0.75
0.738
0.734
0.745
0.75
0.745
0.749
0.753
0.756
0.745
0.729
0.725
0.755
0.745
0.741
0.723
0.715
0.712
0.708
0.709
0.717
0.721
0.728
0.729
0.759
0.78
0.777
0.77
0.795
0.811
0.79
0.782
0.786
0.789
0.772
0.757
0.761
0.766
0.753
0.749
0.75
0.757
0.748
0.75
0.756
0.768
0.771
0.784
0.795
0.785
0.792
0.795
0.78
0.772
0.766
0.769
0.754
0.75
0.758
0.759
0.758
0.754
0.767
0.759
0.76
0.752
0.744
0.734
0.725
0.734
0.746
0.737
0.741
0.757
0.77
0.763
0.766
0.773
0.756
0.751
0.753
0.762
0.763
0.768
0.768
0.759
0.76
0.746
0.755
0.744
0.725
0.717
0.71
0.708
0.701
0.706
0.694
0.715
0.718
0.722
0.728
0.733
0.738
0.735
0.728
0.719
0.721
0.711
0.713
0.715
0.724
0.719
0.72
0.724
0.731
0.741
0.737
0.737
0.744
0.755
0.755
0.756
0.757
0.763
0.76
0.76
0.769
0.765
0.759
0.757
0.76
0.761
0.744
0.739
0.731
0.732
0.737
0.741
0.738
0.74
0.75
0.759
0.758
0.749
0.745
0.748
0.749
0.745
0.733
0.736
0.74
0.744
0.737
0.738
0.743
0.75
0.741
0.74
0.738
0.746
0.743
0.745
0.747
0.747
0.734
0.734
0.734
0.735
0.724
0.727
0.726
0.732
0.736
0.737
0.74
0.745
0.755
0.751
0.75
0.741
0.746
0.744
0.732
0.729
0.731
0.731
0.736
0.73
0.733
0.737
0.747
0.751
0.743
0.745
0.746
0.745
0.74
0.743
0.745
0.74
0.725
0.721
0.722
0.726
0.728
0.725
0.726
0.727
0.739
0.745
0.741
0.735
0.739
0.736
0.731
0.721
0.726
0.726
0.726
0.722
0.728
0.732
0.736
0.737
0.746
0.75
0.74
0.74
0.743
0.748
0.739
0.739
0.74
0.742
0.737
0.736
0.738
0.738
0.73
0.723
0.722
0.729
0.74
0.736
0.741
0.748
0.75
0.748
0.746
0.75
0.754
0.754
0.759
0.755
0.749
0.753
0.753
0.75
0.751
0.752
0.753
0.753
0.748
0.746
0.748
0.749
0.739
0.747
0.751
0.755
0.746
0.748
0.75
0.755
0.756
0.753
0.756
0.755
0.759
0.752
0.75
0.75
0.745
0.736
0.736
0.732
0.742
0.755
0.753
0.754
0.752
0.751
0.752
0.744
0.741
0.736
0.734
0.731
0.731
0.722
0.718
0.716
0.713
0.709
0.707
0.709
0.717
0.715
0.718
0.723
0.726
0.714
0.713
0.711
0.714
0.714
0.71
0.71
0.716
0.721
0.713
0.704
0.708
0.704
0.692
0.694
0.7
0.706
0.717
0.727
0.74
0.759
0.773
0.764
0.764
0.765
0.759
0.734
0.723
0.715
0.71
0.71
0.716
0.724
0.725
0.728
0.727
0.731
0.736
0.727
0.733
0.732
0.735
0.745
0.744
0.746
0.75
0.763
0.76
0.762
0.76
0.76
0.753
0.742
0.743
0.741
0.737
0.727
0.728
0.73
0.74
0.749
0.756
0.754
0.766
0.767
0.773
0.766
0.765
0.765
0.761
0.75
0.749
0.755
0.767
0.766
0.77
0.778
0.787
0.786
0.791
0.789
0.79
0.776
0.773
0.768
0.765
0.752
0.753
0.756
0.759
0.755
0.755
0.755
0.762
0.765
0.765
0.748
0.753
0.762
0.759
0.734
0.731
0.718
0.715
0.716
0.712
0.725
0.736
0.75
0.756
0.77
0.783
0.787
0.785
0.791
0.799
0.794
0.79
0.79
0.786
0.774
0.768
0.768
0.767
0.767
0.762
0.764
0.771
0.771
0.772
0.776
0.78
0.771
0.767
0.758
0.768
0.772
0.766
0.76
0.758
0.76
0.761
0.754
0.751
0.753
0.761
0.766
0.759
0.763
0.773
0.778
0.77
0.773
0.774
0.778
0.767
0.765
0.766
0.767
0.755
0.755
0.757
0.759
0.755
0.751
0.75
0.751
0.754
0.75
0.75
0.741
0.737
0.73
0.716
0.708
0.717
0.716
0.715
0.714
0.724
0.741
