0.835
0.846
0.847
0.816
0.833
0.845
0.866
0.839
0.832
0.851
0.862
0.853
0.845
0.867
0.882
0.881
0.851
0.863
0.883
0.876
0.836
0.845
0.855
0.849
0.819
0.839
0.866
0.876
0.846
0.851
0.87
0.865
0.832
0.848
0.873
0.861
0.828
0.841
0.852
0.847
0.828
0.848
0.863
0.873
0.844
0.854
0.874
0.894
0.902
0.875
0.872
0.889
0.89
0.865
0.84
0.868
0.886
0.894
0.863
0.857
0.868
0.875
0.869
0.852
0.86
0.873
0.885
0.868
0.847
0.861
0.87
0.86
0.825
0.842
0.848
0.834
0.823
0.855
0.862
0.847
0.833
0.854
0.868
0.854
0.83
0.846
0.858
0.859
0.833
0.846
0.857
0.849
0.822
0.84
0.854
0.859
0.837
0.813
0.833
0.841
0.853
0.829
0.833
0.854
0.858
0.842
0.828
0.845
0.855
0.859
0.834
0.825
0.838
0.85
0.854
0.829
0.837
0.854
0.86
0.837
0.829
0.849
0.86
0.853
0.83
0.831
0.844
0.857
0.839
0.831
0.849
0.866
0.86
0.833
0.837
0.85
0.864
0.844
0.819
0.83
0.842
0.851
0.831
0.826
0.849
0.866
0.867
0.848
0.851
0.86
0.861
0.843
0.826
0.838
0.848
0.855
0.823
0.82
0.837
0.855
0.826
0.811
0.837
0.853
0.858
0.83
0.829
0.843
0.859
0.851
0.833
0.857
0.876
0.876
0.857
0.866
0.875
0.877
0.861
0.839
0.858
0.866
0.852
0.816
0.82
0.836
0.85
0.838
0.813
0.831
0.845
0.85
0.826
0.826
0.846
0.87
0.875
0.852
0.861
0.875
0.887
0.863
0.85
0.863
0.864
0.841
0.823
0.843
0.86
0.872
0.848
0.843
0.857
0.86
0.83
0.811
0.833
0.848
0.853
0.835
0.833
0.855
0.862
0.862
0.833
0.854
0.875
0.889
0.868
0.845
0.868
0.876
0.864
0.835
0.85
0.854
0.863
0.843
0.833
0.852
0.871
0.874
0.85
0.858
0.866
0.875
0.859
0.838
0.843
0.861
0.873
0.86
0.834
0.85
0.857
0.851
0.826
0.834
0.856
0.876
0.865
0.848
0.866
0.882
0.888
0.856
0.843
0.853
0.862
0.864
0.839
0.85
0.858
0.858
0.831
0.816
0.835
0.838
0.849
0.82
0.819
0.842
0.853
0.838
0.817
0.835
0.845
0.851
0.825
0.826
0.839
0.847
0.825
0.797
0.808
0.819
0.829
0.815
0.801
0.827
0.839
0.846
0.811
0.802
0.812
0.821
0.834
0.809
0.812
0.833
0.851
0.855
0.835
0.853
0.863
0.864
0.835
0.831
0.842
0.843
0.828
0.807
0.814
0.821
0.838
0.845
0.821
0.827
0.845
0.851
0.85
0.824
0.833
0.844
0.866
0.859
0.822
0.833
0.846
0.852
0.819
0.806
0.825
0.842
0.85
0.836
0.84
0.861
0.872
0.85
0.838
0.86
0.875
0.874
0.842
0.852
0.869
0.879
0.854
0.833
0.851
0.852
0.847
0.827
0.831
0.845
0.856
0.837
0.817
0.832
0.85
0.858
0.838
0.822
0.859
0.87
0.856
0.826
0.834
0.843
0.853
0.83
0.824
0.844
0.867
0.878
0.839
0.835
0.852
0.861
0.861
0.831
0.835
0.847
0.865
0.843
0.828
0.849
0.862
0.854
0.822
0.842
0.868
0.871
0.851
0.845
0.872
0.892
0.883
0.855
0.87
0.892
0.896
0.864
0.851
0.871
0.876
0.844
0.829
0.847
0.865
0.856
0.831
0.839
0.847
0.827
0.795
0.809
0.831
0.845
0.817
0.812
0.831
0.843
0.838
0.819
0.828
0.853
0.864
0.835
0.832
0.855
0.875
0.853
0.832
0.801
0.8
0.775
0.791
0.795
0.767
0.766
0.776
0.768
0.75
0.735
0.751
0.761
0.778
0.787
0.74
0.75
0.751
0.734
0.72
0.722
0.733
0.739
0.716
0.735
0.747
0.749
0.748
0.711
0.719
0.715
0.709
0.677
0.682
0.706
0.704
0.695
0.666
0.707
0.697
0.666
0.667
0.688
0.676
0.674
0.649
0.664
0.663
0.659
0.64
0.645
0.644
0.649
0.637
0.631
0.629
0.627
0.642
0.645
0.626
0.633
0.643
0.639
0.615
0.615
0.632
0.631
0.617
0.602
0.608
0.608
0.614
0.614
0.606
0.59
0.601
0.612
0.618
0.594
0.599
0.611
0.61
0.598
0.586
0.583
0.59
0.588
0.597
0.571
0.571
0.585
0.568
0.562
0.573
0.577
0.576
0.572
0.566
0.56
0.578
0.583
0.573
0.559
0.569
0.573
0.576
0.583
0.56
0.558
0.569
0.569
0.576
0.558
0.552
0.565
0.569
0.567
0.558
0.547
0.559
0.562
0.564
0.552
0.549
0.552
0.56
0.562
0.547
0.545
0.552
0.562
0.552
0.538
0.541
0.542
0.553
0.534
0.533
0.537
0.539
0.541
0.521
0.528
0.528
0.532
0.527
0.515
0.525
0.524
0.528
0.514
0.514
0.515
0.517
0.518
0.505
0.513
0.51
0.516
0.502
0.502
0.506
0.506
0.514
0.499
0.505
0.506
0.513
0.508
0.503
0.499
0.507
0.508
0.511
0.501
0.504
0.508
0.509
0.514
0.505
0.509
0.51
0.515
0.511
0.501
0.499
0.505
0.507
0.507
0.495
0.498
0.5
0.505
0.508
0.5
0.5
0.506
0.509
0.501
0.497
0.496
0.495
0.497
0.499
0.5
0.503
0.497
0.497
0.492
0.5
0.499
0.504
0.488
0.495
0.495
0.502
0.497
0.492
0.492
0.5
0.5
0.496
0.494
0.5
0.502
0.503
0.494
0.493
0.5
0.502
0.496
0.492
0.498
0.501
0.5
0.497
0.506
0.518
0.526
0.538
0.524
0.525
0.567
0.57
0.578
0.554
0.59
0.557
0.553
0.564
0.567
0.555
0.562
0.575
0.576
0.56
0.568
0.59
0.596
0.577
0.563
0.598
0.6
0.601
0.586
0.578
0.609
0.622
0.629
0.61
0.602
0.637
0.651
0.664
0.646
0.644
0.669
0.67
0.654
0.634
0.657
0.668
0.681
0.666
0.639
0.666
0.652
0.637
0.599
0.633
0.641
0.617
0.622
0.678
0.693
0.693
0.627
0.634
0.632
0.617
0.584
0.595
0.628
0.632
0.646
0.634
0.604
0.65
0.68
0.681
0.66
0.649
0.667
0.688
0.707
0.689
0.678
0.704
0.714
0.72
0.693
0.695
0.715
0.727
0.726
0.705
0.717
0.727
0.741
0.718
0.71
0.727
0.748
0.739
0.698
0.698
0.676
0.658
0.631
0.642
0.666
0.669
0.65
0.654
0.681
0.684
0.663
0.666
0.692
0.7
0.684
0.664
0.681
0.687
0.677
0.722
0.739
0.722
0.708
0.733
0.751
0.779
0.735
0.748
0.743
0.7
0.713
0.719
0.705
0.736
0.739
0.712
0.745
0.76
0.736
0.727
0.749
0.75
0.757
0.779
0.738
0.715
0.689
0.695
0.709
0.705
0.705
0.692
0.681
0.674
0.68
0.687
0.691
0.677
0.675
0.68
0.675
0.661
0.657
0.661
0.664
0.655
0.645
0.625
0.65
0.654
0.662
0.666
0.657
0.669
0.675
0.672
0.646
0.641
0.653
0.664
0.658
0.656
0.671
0.676
0.682
0.663
0.651
0.668
0.662
0.643
0.625
0.632
0.642
0.654
0.65
0.67
0.699
0.718
0.735
0.724
0.744
0.751
0.751
0.725
0.745
0.768
0.782
0.765
0.782
0.808
0.82
0.785
0.806
0.817
0.798
0.774
0.798
0.804
0.768
0.768
0.794
0.812
0.812
0.786
0.791
0.816
0.833
0.799
0.788
0.806
0.822
0.813
0.794
0.83
0.856
0.835
0.807
0.826
0.834
0.809
0.807
0.827
0.847
0.829
0.825
0.845
0.867
0.849
0.839
0.856
0.849
0.824
0.851
0.862
0.832
0.822
0.841
0.844
0.817
0.828
0.85
0.836
0.818
0.841
0.855
0.83
0.773
0.768
0.75
0.7974066
0.861
0.744
0.744
0.716
0.731
0.763
0.754
0.711
0.757
0.769
0.776
0.725
0.729
0.782
0.789
0.787
0.719
0.761
0.756
0.724
0.71
0.753
0.755
0.764
0.733
0.778
0.791
0.793
0.752
0.791
0.81
0.82
0.767
0.791
0.809
0.824
0.786
0.827
0.848
0.866
0.826
0.833
0.866
0.861
0.818
0.831
0.841
0.815
0.771
0.812
0.812
0.786
0.771
0.783
0.789
0.753
0.741
0.781
0.79
0.773
0.748
0.791
0.813
0.81
0.781
0.81
0.829
0.817
0.791
0.817
0.848
0.856
0.823
0.823
0.852
0.857
0.822
0.816
0.833
0.846
0.811
0.818
0.855
0.874
0.83
0.831
0.854
0.867
0.829
0.835
0.856
0.851
0.811
0.829
0.858
0.884
0.831
0.829
0.851
0.838
0.791
0.813
0.822
0.826
0.801
0.806
0.838
0.866
0.862
0.818
0.839
0.859
0.857
0.823
0.852
0.866
0.846
0.827
0.852
0.873
0.872
0.829
0.857
0.858
0.833
0.794
0.814
0.811
0.788
0.782
0.805
0.812
0.79
0.766
0.785
0.779
0.778
0.758
0.779
0.792
0.809
0.794
0.798
0.802
0.803
0.766
0.77
0.763
0.765
0.746
0.77
0.776
0.764
0.75
0.775
0.791
0.783
0.76
0.777
0.795
0.806
0.781
0.772
0.793
0.807
0.802
0.769
0.763
0.769
0.765
0.754
0.733
0.748
0.756
0.754
0.731
0.742
0.764
0.777
0.759
0.763
0.785
0.795
0.771
0.769
0.793
0.795
0.771
0.771
0.792
0.804
0.806
0.784
0.802
0.815
0.809
0.778
0.794
0.809
0.82
0.785
0.796
0.811
0.822
0.787
0.786
0.781
0.755
0.728
0.757
0.742
0.731
0.705
0.737
0.739
0.744
0.73
0.731
0.726
0.736
0.763
0.752
0.719
0.72
0.709
0.707
0.688
0.709
0.723
0.734
0.729
0.707
0.711
0.709
0.696
0.678
0.67
0.665
0.669
0.666
0.659
0.674
0.684
0.694
0.694
0.676
0.676
0.685
0.697
0.701
0.689
0.687
0.708
0.72
0.724
0.705
0.686
0.679
0.689
0.7
0.712
0.728
0.741
0.724
0.727
0.758
0.777
0.771
0.751
0.78
0.795
0.795
0.777
0.8
0.826
0.852
0.878
0.861
0.859
0.885
0.7510716
0.7512785
0.862
0.845
0.865
0.875
0.883
0.851
0.844
0.862
0.859
0.827
0.828
0.84
0.83
0.799
0.797
0.786
0.777
0.732
0.743
0.732
0.716
0.698
0.71
0.73
0.739
0.75
0.748
0.752
0.768
0.79
0.795
0.789
0.763
0.776
0.775
0.773
0.758
0.745
0.736
0.702
0.733
0.726
0.7
0.696
0.723
0.717
0.726
0.735
0.721
0.717
0.743
0.76
0.778
0.77
0.77
0.792
0.802
0.793
0.761
0.755
0.726
0.714
0.699
0.687
0.701
0.708
0.732
0.743
0.743
0.778
0.796
0.814
0.807
0.793
0.808
0.82
0.83
0.812
0.794
0.806
0.821
0.822
0.804
0.789
0.808
0.816
0.831
0.825
0.783
0.795
0.802
0.805
0.799
0.774
0.8
0.817
0.832
0.814
