0.846
0.837
0.834
0.833
0.809
0.81
0.82
0.821
0.85
0.834
0.834
0.846
0.812
0.822
0.833
0.836
0.852
0.851
0.855
0.849
0.852
0.841
0.825
0.816
0.821
0.824
0.825
0.786
0.779
0.738
0.747
0.749
0.762
0.778
0.809
0.85
0.891
0.925
0.926
0.901
0.876
0.851
0.883
0.916
0.943
0.954
0.953
0.937
0.948
0.942
0.927
0.871
0.852
0.854
0.864
0.89
0.879
0.895
0.915
0.921
0.899
0.933
0.917
0.906
0.917
0.919
0.89
0.902
0.893
0.851
0.865
0.87
0.866
0.847
0.877
0.879
0.848
0.873
0.881
0.878
0.856
0.871
0.888
0.89
0.878
0.865
0.863
0.875
0.892
0.895
0.895
0.902
0.901
0.88
0.834
0.81
0.83
0.838
0.828
0.819
0.843
0.843
0.834
0.837
0.859
0.852
0.843
0.824
0.799
0.801
0.8
0.815
0.801
0.804
0.816
0.822
0.798
0.795
0.829
0.852
0.871
0.869
0.875
0.881
0.865
0.852
0.85
0.833
0.819
0.82
0.822
0.816
0.81
0.818
0.832
0.827
0.829
0.837
0.855
0.844
0.818
0.829
0.841
0.852
0.824
0.809
0.817
0.788
0.845
0.82
0.839
0.854
0.833
0.849
0.872
0.867
0.864
0.884
0.891
0.893
0.873
0.875
0.867
0.844
0.827
0.814
0.803
0.812
0.819
0.821
0.836
0.842
0.85
0.839
0.842
0.853
0.86
0.875
0.856
0.852
0.855
0.859
0.867
0.868
0.858
0.847
0.862
0.86
0.87
0.876
0.856
0.851
0.865
0.871
0.856
0.846
0.858
0.856
0.838
0.822
0.83
0.824
0.816
0.81
0.82
0.827
0.816
0.804
0.816
0.818
0.801
0.818
0.809
0.828
0.841
0.851
0.878
0.882
0.856
0.877
0.873
0.864
0.874
0.872
0.858
0.872
0.877
0.874
0.836
0.857
0.859
0.87
0.851
0.867
0.88
0.887
0.874
0.87
0.876
0.877
0.866
0.848
0.861
0.868
0.884
0.895
0.888
0.884
0.891
0.891
0.881
0.875
0.885
0.879
0.857
0.849
0.86
0.86
0.853
0.869
0.869
0.852
0.83
0.839
0.85
0.847
0.859
0.843
0.85
0.86
0.861
0.852
0.839
0.868
0.876
0.889
0.89
0.898
0.882
0.858
0.847
0.841
0.83
0.82
0.817
0.824
0.827
0.817
0.823
0.846
0.857
0.852
0.856
0.875
0.884
0.875
0.86
0.879
0.879
0.882
0.865
0.851
0.863
0.868
0.876
0.87
0.855
0.876
0.878
0.886
0.865
0.868
0.87
0.88
0.863
0.842
0.857
0.867
0.868
0.86
0.866
0.868
0.873
0.86
0.863
0.869
0.873
0.881
0.86
0.848
0.852
0.853
0.835
0.823
0.837
0.841
0.832
0.82
0.833
0.847
0.848
0.835
0.857
0.87
0.854
0.849
0.864
0.867
0.858
0.853
0.845
0.846
0.836
0.847
0.85
0.843
0.847
0.836
0.822
0.823
0.826
0.841
0.846
0.837
0.847
0.843
0.826
0.844
0.855
0.84
0.832
0.841
0.825
0.84
0.842
0.829
0.838
0.84
0.822
0.826
0.836
0.848
0.829
0.819
0.814
0.803
0.793
0.762
0.728
0.7625924
0.848
0.762
0.738
0.728
0.741
0.735
0.739
0.742
0.735
0.752
0.757
0.752
0.758
0.751
0.737
0.724
0.705
0.69
0.685
0.682
0.686
0.681
0.688
0.678
0.67
0.673
0.669
0.677
0.679
0.684
0.679
0.677
0.667
0.661
0.657
0.657
0.663
0.67
0.667
0.666
0.668
0.659
0.658
0.655
0.648
0.645
0.648
0.648
0.643
0.643
0.64
0.647
0.637
0.632
0.629
0.622
0.592
0.585
0.581
0.578
0.58
0.579
0.575
0.568
0.571
0.578
0.574
0.571
0.565
0.566
0.562
0.562
0.566
0.559
0.557
0.555
0.556
0.562
0.556
0.554
0.55
0.543
0.543
0.543
0.541
0.534
0.534
0.535
0.534
0.535
0.525
0.524
0.525
0.529
0.525
0.521
0.523
0.529
0.523
0.522
0.52
0.519
0.522
0.522
0.519
0.517
0.521
0.515
0.514
0.511
0.513
0.512
0.508
0.502
0.504
0.51
0.508
0.505
0.503
0.5
0.5
0.495
0.493
0.493
0.491
0.488
0.49
0.491
0.492
0.487
0.482
0.486
0.485
0.482
0.486
0.483
0.479
0.48
0.479
0.48
0.478
0.474
0.477
0.473
0.47
0.474
0.475
0.471
0.467
0.465
0.466
0.467
0.467
0.465
0.466
0.461
0.462
0.462
0.465
0.461
0.46
0.459
0.458
0.458
0.46
0.461
0.458
0.457
0.456
0.457
0.458
0.458
0.457
0.457
0.451
0.452
0.454
0.456
0.456
0.458
0.453
0.454
0.45
0.452
0.451
0.452
0.449
0.449
0.447
0.446
0.449
0.447
0.451
0.448
0.444
0.445
0.447
0.446
0.448
0.447
0.446
0.444
0.444
0.445
0.446
0.449
0.445
0.446
0.441
0.444
0.445
0.445
0.444
0.446
0.442
0.439
0.438
0.442
0.442
0.443
0.444
0.442
0.438
0.438
0.44
0.44
0.441
0.44
0.437
0.435
0.436
0.438
0.436
0.438
0.434
0.434
0.431
0.432
0.434
0.436
0.435
0.435
0.431
0.43
0.434
0.435
0.434
0.436
0.434
0.43
0.432
0.435
0.437
0.436
0.435
0.433
0.435
0.434
0.436
0.435
0.431
0.433
0.433
0.435
0.433
0.43
0.43
0.433
0.436
0.438
0.439
0.437
0.438
0.443
0.446
0.448
0.45
0.446
0.45
0.451
0.455
0.455
0.457
0.456
0.458
0.462
0.469
0.472
0.472
0.474
0.472
0.475
0.474
0.471
0.466
0.463
0.464
0.468
0.475
0.479
0.477
0.477
0.479
0.482
0.491
0.485
0.486
0.484
0.486
0.487
0.493
0.492
0.495
0.493
0.499
0.502
0.506
0.504
0.509
0.51
0.53
0.531
0.524
0.528
0.549
0.568
0.566
0.555
0.558
0.566
0.5957304
0.5983273
0.716
0.699
0.665
0.636
0.614
0.616
0.646
0.654
0.635
0.634
0.671
0.676
0.654
0.659
0.694
0.681
0.657
0.673
0.707
0.689
0.667
0.666
0.688
0.687
0.662
0.678
0.699
0.698
0.679
0.72
0.733
0.721
0.702
0.748
0.761
0.732
0.706
0.738
0.747
0.727
0.719
0.75
0.756
0.717
0.744
0.752
0.736
0.716
0.758
0.731
0.736
0.726
0.751
0.737
0.703
0.741
0.739
0.694
0.691
0.769
0.7291267
0.858
0.754
0.72
0.716
0.726
0.728
0.703
0.686
0.74
0.767
0.817
0.78
0.74
0.752
0.773
0.807
0.77
0.763
0.751
0.789
0.824
0.766
0.732
0.781
0.781
0.76
0.725
0.754
0.773
0.776
0.75
0.757
0.789
0.788
0.753
0.748
0.772
0.774
0.7462395
0.758
0.758
0.757
0.748
0.72
0.738
0.758
0.773
0.743
0.748
0.758
0.74
0.717
0.737
0.745
0.737
0.715
0.711
0.706
0.683
0.672
0.668
0.678
0.673
0.658
0.65
0.636
0.641
0.632
0.625
0.627
0.631
0.646
0.634
0.657
0.695
0.692
0.682
0.662
0.668
0.648
0.683
0.785
0.759
0.716
0.732
0.723
0.711
0.698
0.724
0.734
0.713
0.702
0.733
0.745
0.733
0.712
0.733
0.775
0.771
0.744
0.749
0.771
0.778
0.748
0.723
0.749
0.728
0.705
0.709
0.708
0.746
0.775
0.768
0.747
0.77
0.791
0.774
0.759
0.802
0.799
0.772
0.815
0.823
0.786
0.806
0.821
0.79
0.813
0.829
0.794
0.776
0.827
0.815
0.79
0.832
0.821
0.757
0.762
0.741
0.73
0.742
0.744
0.727
0.715
0.731
0.74
0.771
0.799
0.831
0.823
0.793
0.785
0.798
0.791
0.767
0.778
0.794
0.78
0.758
0.787
0.801
0.785
0.809
0.833
0.842
0.8
0.776
0.799
0.814
0.782
0.77
0.803
0.785
0.756
0.781
0.768
0.749
0.775
0.777
0.762
0.785
0.8207831
0.804
0.79
0.801
0.819
0.812
0.783
0.795
0.808
0.811
0.783
0.799
0.828
0.831
0.788
0.815
0.836
0.854
0.821
0.812
0.839
0.806
0.805
0.837
0.8302026
0.791
0.833
0.791
0.779
0.8314039
0.83
0.801
0.776
0.773
0.793
0.804
0.783
0.824
0.851
0.844
0.819
0.837
0.856
0.863
0.834
0.803
0.831
0.824
0.812
0.782
0.801
0.816
0.814
0.789
0.794
0.805
0.772
0.787
0.771
0.758
0.743
0.767
0.782
0.783
0.79
0.817
0.829
0.804
0.804
0.816
0.822
0.853
0.872
0.85
0.858
0.874
0.845
0.839
0.85
0.863
0.839
0.83
0.843
0.836
0.835
0.848
0.831
0.832
0.853
0.841
0.831
0.854
0.847
0.817
0.829
0.843
0.819
0.78
0.814
0.828
0.838
0.83
0.8
0.816
0.801
0.797
0.781
0.794
0.809
0.804
0.788
0.794
0.807
0.825
0.833
0.858
0.86
0.863
0.862
0.86
0.877
0.846
0.821
0.837
0.839
0.812
0.831
0.843
0.832
0.808
0.795
0.792
0.826
0.847
0.851
0.859
0.852
0.851
0.826
0.806
0.827
0.835
0.823
0.835
0.863
0.846
0.856
0.836
0.833
0.832
0.831
0.837
0.838
0.839
0.833
0.833
0.833
0.839
0.844
0.865
0.873
0.875
0.875
0.864
0.863
0.851
0.83
0.816
0.811
0.791
0.797
0.804
0.799
0.811
0.834
0.85
0.848
0.858
0.856
0.85
0.783
0.792
0.79
0.768
0.769
0.767
0.749
0.76
0.752
0.742
0.766
0.757
0.757
0.761
0.767
0.771
0.769
0.777
0.773
0.754
0.752
0.751
0.742
0.727
0.72
0.689
0.679
0.685
0.667
0.67
0.683
0.685
0.716
0.731
0.758
0.774
0.779
0.767
0.791
0.801
0.781
0.807
0.811
0.83
0.831
0.812
0.793
0.796
0.785
0.789
0.795
0.803
0.835
0.846
0.872
0.863
0.861
0.881
0.894
0.874
0.854
0.816
0.791
0.792
0.797
0.801
0.836
0.867
0.876
0.886
0.883
0.883
0.864
0.845
0.823
0.829
0.835
0.83
0.814
0.821
0.824
0.858
0.868
0.877
0.888
0.875
0.84
0.853
0.859
0.866
0.856
0.854
0.852
0.839
0.844
0.848
0.832
0.845
0.837
0.827
0.821
0.842
0.851
0.832
0.817
0.844
0.848
0.83
0.849
0.832
0.842
0.858
0.867
0.859
0.839
0.838
0.844
0.843
0.841
0.839
0.813
0.789
0.789
0.809
0.821
0.838
0.867
0.837
0.85
0.854
0.871
0.875
0.849
0.832
0.843
0.843
0.821
0.829
0.827
0.836
0.818
0.813
0.843
0.852
0.858
0.845
0.838
0.865
0.875
0.881
0.869
0.846
0.816
0.824
0.842
0.855
0.847
0.852
0.865
0.881
0.882
0.856
0.835
0.857
0.861
0.875
0.865
0.838
0.833
0.843
0.839
0.844
0.826
0.83
0.846
0.845
0.843
0.827
0.805
0.791
0.781
0.813
0.844
0.843
0.841
0.874
0.874
0.868
0.857
0.861
0.862
0.848
0.829
0.834
0.848
0.851
0.832
0.833
0.857
0.876
0.874
