1.065
1.123
1.153
1.102
1.15
1.159
1.119
1.144
1.157
1.098
1.129
1.137
1.106
1.114
1.115
1.104
1.075
1.116
1.081
1.096
1.088
1.056
1.082
1.078
1.049
1.084
1.067
1.038
1.083
1.061
1.032
1.077
1.07
1.044
1.087
1.07
1.052
1.077
1.083
1.049
1.068
1.094
1.061
1.078
1.096
1.061
1.079
1.096
1.077
1.077
1.101
1.073
1.078
1.096
1.056
1.089
1.077
1.085
1.075
1.11
1.088
1.058
1.097
1.094
1.055
1.089
1.117
1.079
1.094
1.104
1.079
1.084
1.099
1.07
1.059
1.082
1.071
1.053
1.099
1.103
1.078
1.111
1.099
1.056
1.101
1.073
1.069
1.108
1.087
1.081
1.121
1.065
1.067
1.077
1.062
1.069
1.097
1.083
1.078
1.124
1.117
1.07
1.119
1.114
1.085
1.114
1.113
1.069
1.103
1.114
1.087
1.098
1.133
1.108
1.111
1.12
1.092
1.115
1.118
1.087
1.086
1.118
1.096
1.105
1.121
1.12
1.084
1.112
1.099
1.064
1.107
1.132
1.091
1.106
1.126
1.087
1.111
1.125
1.099
1.104
1.139
1.072
1.076
1.111
1.08
1.083
1.118
1.066
1.117
1.141
1.078
1.111
1.145
1.082
1.13
1.144
1.091
1.142
1.111
1.078
1.137
1.13
1.101
1.154
1.13
1.092
1.165
1.136
1.124
1.151
1.117
1.119
1.137
1.071
1.119
1.145
1.108
1.144
1.159
1.102
1.173
1.16
1.124
1.161
1.12
1.084
1.132
1.079
1.118
1.113
1.059
1.117
1.125
1.075
1.15
1.163
1.136
1.142
1.136
1.125
1.158
1.166
1.117
1.16
1.135
1.124
1.168
1.143
1.094
1.16
1.149
1.09
1.152
1.143
1.089
1.125
1.132
1.07
1.12
1.145
1.085
1.114
1.111
1.075
1.153
1.144
1.102
1.143
1.154
1.115
1.163
1.137
1.121
1.162
1.145
1.11
1.18
1.167
1.103
1.125
1.125
1.096
1.14
1.117
1.098
1.146
1.136
1.09
1.158
1.164
1.126
1.181
1.169
1.123
1.168
1.157
1.126
1.165
1.166
1.119
1.169
1.146
1.125
1.174
1.186
1.172
1.187
1.142
1.132
1.154
1.124
1.14
1.178
1.129
1.12
1.15
1.106
1.179
1.177
1.144
1.114
1.051
1.066
1.021
0.987
1.134
1.038
1
0.989
0.993
0.995
0.992
0.989
1.033
1.011
1.011
1.027
0.993
1.016
1.086
1.132
1.203
1.12
1.038
1.02
1.06
1.142
1.177
1.11
1.074
1.089
1.026
1.031
1.019
0.977
0.964
0.943
0.947
0.96
0.929
0.914
0.908
0.892
0.881
0.882
0.869
0.871
0.891
0.887
0.875
0.88
0.862
0.879
0.854
1.007528
1.028523
0.858
0.865
0.884
0.883
0.887
0.897
0.896
0.904
0.889
0.897
0.886
0.874
0.888
0.875
0.921
0.883
0.894
0.886
0.883
0.879
0.877
0.873
0.875
0.874
0.865
0.876
0.893
0.896
0.906
0.907
0.917
0.902
0.908
0.897
0.89
0.871
0.874
0.858
0.857
1.142047
1.047389
1.051127
1.151993
1.072222
0.9624402
0.9992189
1.014561
1.120769
1.065798
1.068405
1.049956
1.007564
1.15658
1.07459
0.9178383
1.087541
1.012861
0.9750175
1.029077
0.9776874
0.9965922
1.003206
0.9356869
1.096269
1.052747
0.9706118
1.122768
1.070158
1.024279
1.099999
1.098936
1.095358
1.086922
1.078373
1.039225
1.023724
1.019009
0.9990464
1.030035
0.9627999
1.181273
1.120177
0.9719368
1.017778
1.013754
1.093079
1.0382
1.05965
1.041757
1.040882
1.130698
1.029324
1.140181
0.945254
1.08099
1.051725
1.057625
1.068081
1.012027
1.022829
0.9792821
0.9759443
1.063471
1.072722
1.047634
1.102975
1.174762
1.013184
0.8975923
1.108494
0.9994679
1.000871
1.109921
1.026632
0.9671575
1.056393
1.036085
1.045346
1.069546
1.021524
1.086149
1.031201
1.066392
0.868
0.871
1.115248
0.939
0.857
0.906
0.865
0.875
0.876
0.872
0.9
0.888
1.026
1.039
1.125
1.177
1.069
1.036
1.035
0.942
0.969
0.968
1.162
1.206
1.074
1.019
1.022
1.001
0.983
1
0.991
1.045
1.01
1.075
1.022
1.058
1.018
1.026
1.042
1.009
1.073
1.081
1.152
1.092
1.151
1.127
1.203
1.076681
1.028358
1.12225
1.157
1.177
1.156
1.057
1.102
1.092
1.077
0.997
1.239
1.191
1.144
1.088
1.076
1.078
1.048
1.102
1.102
1.183
1.106
1.229
1.162
1.206
1.103
1.109
1.117
1.092
1.071
1.112
1.083
1.138
1.141
1.113
1.145
1.088
1.1
1.108
1.084
1.181
1.112
1.111
1.167
1.098
1.128
1.127
1.106
1.115
1.154
1.11
1.109
1.139
1.08
1.14
1.115
1.094
1.099
1.119
1.062
1.123
1.099
1.064
1.053
1.155
1.098
1.125
1.099
1.126
1.121
1.092
1.114
1.125
1.103
1.117
1.156
1.157
1.099
1.159
1.14
1.156
1.136
1.124
1.143
1.153
1.116
1.122
1.131
1.151
1.114
1.128
1.118
1.113
1.093
1.139
1.153
1.147
1.103
1.153
1.157
1.108
1.068
1.134
1.127
1.115
1.098
1.119
1.106
1.115
1.123
1.139
1.106
1.136
1.127
1.123
1.158
1.139
1.135
1.111
1.12
1.123
1.12
1.103
1.113
1.118
1.126
1.125
1.126
1.123
1.114
1.093
1.126
1.127
1.121
1.078
1.097
1.1
1.112
1.114
1.085
1.11
1.119
1.078
1.097
1.122
1.108
1.09
1.158
1.14
1.106
1.142
1.131
1.134
1.124
1.111
1.115
1.083
1.079
1.107
1.115
1.12
1.085
1.099
1.104
1.11
1.112
1.106
1.095
1.074
1.063
1.091
1.101
1.107
1.106
1.089
1.038
1.077
1.084
1.098
1.067
1.09
1.13
1.124
1.133
1.144
1.109
1.065
1.13
1.12
1.127
1.074
1.085
1.114
1.105
1.13
1.094
1.117
1.143
1.133
1.141
1.092
1.113
1.145
1.157
1.16
1.112
1.123
1.144
1.153
1.167
1.159
1.135
1.144
1.162
1.185
1.187
1.136
1.142
1.13
1.142
1.143
1.151
1.152
1.152
1.161
1.15
1.096
1.141
1.121
1.139
1.11
1.141
1.131
1.132
1.086
1.124
1.139
1.127
1.125
1.147
1.13
1.091
1.128
1.14
1.117
1.117
1.132
1.161
1.096
1.117
1.121
1.117
1.095
1.116
1.119
1.118
1.153
1.148
1.108
1.151
1.127
1.168914
1.140836
1.121369
1.066473
1.226
1.247
1.25
1.206
1.225
1.183
1.096
1.107
1.094
1.099
1.139
1.126
1.105
1.151
1.123
1.104
1.131
1.147
1.107
1.15
1.16
1.102
1.134
1.135
1.104
1.18
1.149
1.116
1.148
1.118
1.131
1.21
1.179
1.168
1.144
1.114
1.164
1.121
1.125
1.153
1.091
1.112
1.17
1.103
1.108
1.114
1.078
1.09
1.051
1.06
1.081
1.058
1.087
1.121
1.082
1.102
1.094
1.103
1.138
1.121
1.169
1.181
1.174
1.156
1.125
1.112
1.081
1.099
1.122
1.086
1.116
1.044
1.022
1.06
1.048
1.048
1.11
1.144
1.103
1.149
1.149
1.115
1.149
1.178
1.123
1.105
1.158
1.139
1.148
1.176
1.115
1.104
1.135
1.091
1.055
1.036
1.111
1.116
1.071
1.129
1.159
1.137
1.132
1.179
1.142
1.105
1.153
1.165
1.097
1.106
1.145
1.148
1.074
1.155
1.139
1.083
1.137
1.126
1.083
1.14
1.14
1.104
1.142
1.108
1.155
1.146
1.098
1.119
1.135
1.125
1.05
1.11
1.126
1.129
1.121
1.07
1.118
1.096
1.087
1.125
1.121
1.079
1.14
1.155
1.119
1.173
1.181
1.138
1.167
1.17
1.153
1.111
1.118
1.17
1.116
1.164
1.153
1.138
1.185
1.136
1.173
1.198
1.145
1.187
1.121
1.188
1.188
1.157
1.203
1.178
1.131
1.147
1.147
1.124
1.152
1.143
1.109
1.083
1.139
1.078
1.125
1.105
1.083
1.142
1.17
1.102
1.124
1.166
1.128
1.132
1.187
1.171
1.135
1.182
1.187
1.153
1.143
1.103
1.156
1.127
1.167
1.212
1.094
1.138
1.11
1.107
1.135
1.133
1.057
1.117
1.159
1.133
1.105
1.174
1.157
1.166
1.192
1.131
1.156
1.157
1.098
1.147
1.165
1.109
1.144
1.149
1.139
1.169
1.124
1.164
1.15
1.157
1.134
1.126
1.078
1.085
1.017
1.027
1.082
1.054
1.132
1.127
1.144
1.168
1.12
1.198
1.206
1.147
1.18
1.166
1.155
1.18
1.121
1.085
1.114
1.136
1.088
1.104
1.157
1.109
1.123
1.166
1.165
1.182
1.211
1.129
1.156
1.174
1.112
1.136
1.172
1.197
1.158
1.148
1.083
1.109
1.096
1.087
1.117
1.089
1.119
1.138
1.095
1.153
1.129
1.09
1.153
1.183
1.125
1.152
1.196
1.171
1.127
1.19
1.168
1.116
1.136
1.166
1.144
1.187
1.168
1.106
1.109
1.124
1.118
1.079
1.122
1.129
1.099
1.167
1.17
1.162
1.195
1.173
1.131
1.16
1.139
1.122
1.163
1.157
1.133
1.168
1.13
1.193
1.168
1.155
1.204
1.157
1.186
1.17
1.173
1.2
1.166
1.179
1.168
1.176
1.139
1.19
1.159
1.125
1.144
1.16
1.123
1.141
1.163
1.121
1.159
1.142
1.143
1.085
1.095
1.162
1.162
1.146
1.123
1.15
1.163
1.126
1.13
1.115
1.09
1.143
1.144
1.096
1.125
1.113
1.129
1.154
1.158
1.164
1.122
1.086
1.127
1.104
1.118
1.133
1.093
1.147
1.108
1.092
1.132
1.134
1.124
1.161
1.127
1.142
1.165
1.153
1.113
1.082
1.078
1.088
1.077
1.083
1.11
1.115
1.082
1.137
1.157
1.132
1.167
1.19
1.152
1.128
1.146
1.142
1.117
1.13
1.128
1.107
1.148
1.141
1.175
1.142
1.083
1.103
1.113
1.068
1.082
1.08
1.036
1.077
1.103
1.063
1.102
1.128
1.085
1.126
1.15
1.138
1.138
1.109
1.05
1.098
1.117
1.085
1.124
1.09
1.089
1.119
1.149
1.097
1.102
1.117
1.1
1.112
1.161
1.143
1.12
1.118
1.085
1.102
1.108
1.089
1.048
1.096
1.077
1.052
1.096
1.088
1.075
1.13
1.124
1.117
1.186
1.172
1.115
1.171
1.125
1.142
1.166
1.128
1.162
1.119
1.098
1.12
1.11
1.13
1.07
1.115
1.129
1.077
1.146
1.129
1.166
1.174
1.103
1.118
1.153
1.124
1.177
1.208
1.141
1.137
1.164
1.116
1.134
1.174
1.143
1.112
1.133
1.163
1.168
1.097
1.129
1.145
1.115
1.121
1.105
1.115
1.107
1.06
1.114
1.129
1.114
1.098
1.121
1.112
1.064
1.053
1.103
1.072
1.091
1.121
1.108
1.148
1.151
1.171
1.111
1.123
1.135
1.13
1.166
1.162
1.159
1.118
1.039
1.064
1.083
1.086
1.114
1.082
1.134
1.151
1.176
1.099
1.136
1.162
1.122
1.128
1.078
1.035
1.075
1.079
1.122
1.086
1.142
1.173
1.143
1.13
1.141
1.142
1.09
1.118
1.108
1.094
1.136
1.102
1.14
1.117
1.11
1.083
1.148
1.086
1.125
1.131
1.08
1.117
1.166
1.222
1.232
1.157
1.155
1.187
1.173
1.119
1.172
1.229
1.169
1.16
1.176
1.191
1.164
1.144
1.148
1.17
1.107
1.163
1.135
1.092
1.132
1.153
1.14
1.137
1.128
1.141
1.145
1.149
1.125
1.101
1.108
1.064
1.056
1.041
1.074
1.094
1.069
1.087
1.111
1.098
1.128
1.142
1.127
1.121
1.08
1.062
1.085
1.09
1.107
1.089
1.125
1.093
1.157
1.131
1.168
1.167
1.12
1.066
1.105
1.111
1.08
1.097
1.125
1.089
1.103
1.138
1.096
1.031
1.103
1.109
1.096
1.118
1.094
1.067
1.077
1.066
1.068
1.05
1.093
1.069
1.083
1.088
1.113
1.102
1.116
1.139
1.127
1.131
1.112
1.139
1.144
1.155
1.126
1.057
1.083
1.085
1.055
1.082
1.067
1.095
1.067
1.046
1.068
1.081
1.084
1.111
1.123
1.152
1.111
1.132
1.134
1.097
1.127
1.136
1.148
1.135
1.13
1.114
1.101
1.112
1.144
1.169
0.995
1.153853
1.082
1.121
1.126
1.098
1.134
1.145
1.116
1.103
1.126
1.127
1.095
1.125
1.115
1.075
1.097
1.109
1.079
1.064
1.126
1.148
1.116
1.161
1.08
1.023709
1.2008
1.158939
1.046249
1.114
1.08
1.11
1.129
1.116
1.102
1.067
1.09
1.115
1.126
1.136
1.132
0.9932643
1.013167
1.074496
1.115
1.103
1.129
1.151
1.138
1.087
1.131
1.089
1.06
1.114
1.040404
1.033812
0.9952138
1.12
1.052533
1.005302
0.9489674
1.125
1.135
1.148
1.131
1.07
1.017
1.211
1.143
1.128
1.146
1.11
1.111
1.028874
1.111374
1.016189
1.091321
0.9496118
1.144
1.105
1.087
1.123
1.056
1.048248
1.163
1.094
1.115
1.117
1.124
1.121
1.084078
1.0701
1.057575
1.087
1.078
1.099
1.11
1.152
1.127
1.148
1.199
1.194
1.027
1.00927
1.223
0.99585
0.9846939
1.057257
1.204
1.141
1.176
1.149
1.152
1.142
1.091
1.147
1.164
1.127
1.183
1.228
1.177
1.164
1.168
1.038
0.98862
1.017639
1.032509
1.166036
1.007245
1.059
1.055
1.061
1.014
1.026
0.973
0.968
0.968
0.977
1
0.964
0.977
0.988
1.004
1.022
1.054
1.036
1.024
1.024
1.08
1.046
1.095
1.058
1.035
1.031
0.973
0.941
0.92
0.921
0.925
0.936
0.93
0.982
0.995
0.986
0.969
0.951
0.928
0.91
0.885
1.06263
1.052605
0.889
0.889
0.873
0.9864246
1.04306
1.13947
1.076298
1.050195
1.020692
0.863
0.9169545
0.895
0.933
1.031
1.211
1.105
1.139
1.069
1.166
1.176
1.054
1.149
1.209
1.103
1.147
1.117
1.136
1.12
1.091
1.069
1.082
1.01
1.007
0.99
1.037
1.033
1.014
1.045
1.016
0.993
1.036
1.015
1.022
1.016
1.009
1.073
1.049
1.027
1.073
1.074
1.066
1.095
1.053
1.062
1.093
1.036
1.11
1.078
1.061
1.085
1.05
1.039
1.076
1.04
1.039
1.069
1.064
1.061
1.116
1.103
1.106
1.114
1.076
1.121
1.098
1.096
1.149
1.139
1.135
1.171
1.153
1.107
1.097
1.067
1.085
1.097
1.084
1.066
1.084
1.049
1.067
1.089
1.125
1.168
1.128
1.153
1.15
1.102
1.149
1.165
1.065
1.111
1.117
1.088
1.093
1.118
1.106
1.103
1.117
1.124
1.096
1.159
1.166
1.148
1.142
1.177
1.161
1.119
1.166
1.156
1.15
1.184
1.147
1.118
1.096
1.081
1.079
1.123
1.083
1.114
1.133
1.123
1.103
1.089
1.105
1.142
1.052
1.063
1.075
1.047
1.059
1.099
1.085
1.062
1.077
1.05
1.075
1.11
1.075
1.096
1.072
1.097
1.107
1.059
1.128
1.156
1.164
1.136
1.171
1.108
1.113
1.132
1.108
1.06
1.094
1.101
1.069
1.083
1.103
1.097
1.098
1.138
1.118
1.091
1.132
1.134
1.081
1.105
1.079
1.033
1.049
1.062
1.05
1.083
1.083
1.041
1.082
1.126
1.076
1.125
1.091
1.103
1.056
1.002
1.036
1.015
0.987
0.998
1.014
1.037
1.089
1.062
1.025
1.059
1.061
1.084
1.093
1.059
1.044
1.041
1.022
1.084
1.062
1.101
1.026
1.127214
1.201
1.045
1
1.024
0.995
0.995
0.982
0.992
0.938
0.915
0.875
0.963758
1.103849
1.178334
0.9651835
1.101782
1.040588
0.9573886
0.868
0.9612873
0.896
0.876
0.868
0.9562498
0.872
1.024593
0.965508
1.102363
1.19231
0.9769896
1.10908
1.108014
1.080351
0.9952048
1.051869
1.041754
0.892
0.875
1.095766
1.03639
0.875
1.122465
0.897
0.892
0.886
0.915
0.929
0.891
0.885
0.923
0.919
0.964
0.938
1.038
0.971
0.933
0.937
0.96
1.011
0.98
0.995
1.215
1.107
1.087
1.088
1.066
1.057
0.974
0.906
0.931
0.905
1.014
1.068
1.051
1.215
1.175
1.137
1.164
1.138
1.16
1.194
1.174
1.153
1.194
1.223
1.214
1.169
1.189
1.115
1.032
1.092
1
1.154
1.131
1.139
1.148
1.165
1.121
1.155
1.171
1.092
1.073
1.139
1.115
1.145
1.119
1.176
1.163
1.113
1.087
1.139
1.106
1.16
1.152
1.169
1.192
1.133
1.18
1.186
1.13
1.188
1.133
1.139
1.132
1.19
1.176
1.153
1.15
1.147
1.11
1.099
1.107
1.046
1.111
1.089
1.074
1.112
1.083
1.107
1.109
1.118
1.167
1.119
1.135
1.111
1.161
1.121
1.168
1.087
1.146
1.086
1.079
1.106
1.083
1.111
1.195
1.142
1.204
1.16
1.172
1.182
1.157
1.139
1.161
1.175
1.16
1.095
1.059
1.115
1.102
1.071
1.115
1.144
1.117
1.113
1.131
1.084
1.122
1.171
1.191
1.195
1.159
1.1
1.101
1.167
1.152
1.13
1.159
1.154
1.143
1.178
1.191
1.132
1.165
1.197
1.207
1.148
1.19
1.216
1.156
1.166
1.165
1.124
1.074
1.088
1.086
1.084
1.089
1.046
1.101
1.14
1.127
1.096
1.045
1.028
1.056
1.071
1.012
1.024
1.01
0.958
0.912
0.929
0.957
0.922
0.907
0.946
0.906
0.981
1.099
1.097
1.254
1.14
1.263
1.232
1.22
1.059151
1.24
1.105
1.248
1.26
1.1
1.155
1.149
1.184
1.09
1.229
1.188
1.056
1.085
1.1
1.062
1.056
1.09
1.136
1.067
1.052
1.082
1.091
1.075
1.118
1.093
1.02
1.038
1.051
1.051
1.084
1.086
1.095
1.052
1.056
1.052
1.094
1.106
1.094
1.104
1.093
1.112
1.154
1.191
1.158
1.118
1.142
1.14
1.128
1.088
1.109
1.08
1.126
1.132
1.1
1.142
1.154
1.094
1.07
1.125
1.152
1.093
1.14
1.179
1.097
1.129
1.132
1.101
1.072
1.117
1.129
1.091
1.105
1.137
1.111
1.126
1.093
1.086
1.144
1.143
1.084
1.099
1.138
1.158
1.127
1.125
1.103
1.067
1.112
1.131
1.138
1.118
1.172
1.17
1.173
1.161
1.092
1.113
1.109
1.049
1.095
1.115
1.084
1.118
1.139
1.132
1.13
1.141
1.164
1.153
1.135
1.174
1.156
1.15
1.171
1.132
1.158
1.152
1.12
1.142
1.102
1.06
1.092
1.097
1.073
1.116
1.103
1.101
1.143
1.121
1.112
1.145
1.132
1.109
1.077
1.103
1.093
1.124
1.14
1.171
1.174
1.188
1.238
1.158
1.201
1.192
1.106
1.139
1.09
1.092
1.074
1.118
1.076
1.117
1.113
1.086
1.12
1.118
1.128
1.114
1.089
1.12
1.068
1.077
1.097
1.058
1.079
1.106
1.063
1.103
1.125
1.108
1.088
1.106
1.092
1.107
1.127
1.125
1.148
1.104
1.125
1.114
1.071
1.102
1.077
1.018
1.02
1.027
0.988
1.029
1.016
1.017
0.987
1.005
1.02
0.996
1.019
1.006
1.007
1.01
1.038
1.04
1.071
1.022
1.015
1.002
0.971
1.003
1.022
1.045
1.067
1.029
1.036
1.035
1.025
1.012
1.03
1.071
1.035
1.061
1.058
1.013
0.989
0.998
0.998
0.972
0.965
0.966
1.022
1.02
1.041
0.997
1.008
0.996
0.984
0.996
0.989
0.958
0.923
0.932
0.923
0.929
1.176519
1.042927
1.029608
1.316012
0.926
1.083548
1.129132
1.150753
1.079592
1.143339
1.134031
1.096963
1.114916
1.108695
0.931
0.944
0.96
0.942
1
0.98
0.98
1.009
1.051
1.01
1.019
1.001
0.985
0.959
0.96
0.976
1.007
1.142
1.217
1.091
1.134
1.021
1.027
1.079
1.133
0.998
1.186
1.16
1.11
1.111
1.147
1.078
1.073
1.068
1.082
1.154
1.176
1.162
1.144
1.086
1.116
1.043
1.05
1.145
1.138
1.177
1.165
1.099
1.136
1.145
1.079
1.125
1.088
1.071
1.116
1.076
1.106
1.082
1.119
1.057
1.119
1.106
1.088
1.107
1.138
1.158
1.104
1.141
1.14
1.137
1.169
1.129
1.163
1.132
1.115
1.211
1.138
1.159
1.191
1.142
1.141
1.108
1.149
1.089
1.048
1.042
1.076
1.071
1.14
1.167
1.156
1.213
1.162
1.17
1.205
1.143
1.138
1.179
1.166
1.098
1.182
1.155
1.2
1.211
1.145
1.206
1.144
1.174
1.175
1.155
1.188
1.13
1.149
1.182
1.121
1.154
1.174
1.092
1.126
1.111
1.144
1.147
1.059
1.11
1.081
1.012
1.058
1.107
1.157
1.15
1.225
1.191
1.119
1.113
1.212
1.261
1.281
1.259464
1.077022
1.302
1.054649
1.126857
1.303
1.144388
1.271
1.226
1.238
1.138
1.146
1.131
1.152
1.221
1.22
1.107
1.132
1.213
1.224
1.244
1.189
1.205
1.132
1.016
1.222
1.175
1.21
1.215
1.208
1.207
1.198
1.181
1.173
1.205
1.218
1.232
1.168
1.185
1.111
1.084
1.116
1.097
1.082
1.112
1.136
1.143
1.172
1.241
1.228
1.226
1.259
1.245
1.265
1.192
1.208
1.217
1.154
1.13
1.14
1.106
1.17
1.269
1.217
1.231
1.249
1.177
1.213
1.206
1.208
1.176
1.18
1.167
1.115
1.143
1.196
1.217
1.182
1.195
1.217
1.181
1.213
1.221
1.22
1.166
1.132
1.018
1.14
1.278
1.160325
1.215
1.181
1.223
1.214
1.232
1.21
1.159
1.219
1.235
1.205
1.151
1.114
1.085
1.065
1.079
1.104
1.131
1.061
1.047
1.011
1.07
1.051
1.083
1.106
1.074
1.128
1.126
1.109
1.088
1.119
1.143
1.124
1.09
1.129
1.099
1.142
1.137
1.146
1.126
1.149
1.154
1.141
1.144
1.139
1.133
1.15
1.14
1.118
1.148
1.118
1.096
1.121
1.171
1.142
1.125
1.186
1.137
1.179
1.188
1.177
1.162
1.126
1.092
1.154
1.125
1.103
1.113
1.137
1.137
1.14
1.15
1.121
1.168
1.175
1.162
1.118
1.155
1.172
1.173
1.162
1.133
1.167
1.175
1.157
1.154
1.185
1.174
1.096
1.173
1.196
1.197
1.206
1.19
1.162
1.122
1.149
1.153
1.104
1.103
1.133
1.113
1.137
1.151
1.107
1.125
1.167
1.166
1.118
1.141
1.151
1.102
1.149
1.16
1.129
1.121
1.088
1.1
1.105
1.098
1.057
1.069
1.083
1.081
1.049
1.059
1.115
1.111
1.085
1.092
1.137
1.111
1.118
1.14
1.132
1.107
1.127
1.102
1.152
1.174
1.165
1.133
1.109
1.075
1.11
1.105
1.126
1.13
1.127
1.14
1.14
1.172
1.108
1.152
1.178
1.178
1.132
1.174
1.155
1.136
1.196
1.159
1.137
1.096
1.126
1.154
1.117
1.163
1.184
1.144
1.14
1.177
1.163
1.173
1.12
1.121
1.098
1.079
1.045
1.061
1.095
1.127
1.115
1.143
1.158
1.135
1.08
1.129
1.13
1.136
1.158
1.173
1.1
1.13
1.165
1.113
1.119
1.12
1.076
1.081
1.113
1.123
1.12
1.128
1.077
1.093
1.125
1.127
1.139
1.144
1.136
1.174
1.183
1.112
1.14
1.208
1.184
1.168
1.19
1.212
1.216
1.199
1.129117
1.090669
1.238679
1.136122
1.348
1.309
1.2
1.195
1.17
1.142
1.222
1.285
1.182
1.19
1.201
1.189
1.116
1.159
1.181
1.172
1.138
1.169
1.131
1.157
1.196
1.159
1.209
1.168
1.22
1.197
1.216
1.204
1.194
1.168
1.166
1.122
1.187
1.194
1.16
1.184
1.125
1.142
1.181
1.16
1.18
1.223
1.157
1.224
1.194
1.25
1.22
1.262
1.263
1.201
1.198
1.188
1.141
1.184
1.176
1.21
1.159
1.233
1.216
1.187
1.235
1.2
1.241
1.201
1.22
1.219
1.153
1.178
1.163
1.156
1.205
1.15
1.224
1.177
1.207
1.197
1.175
1.224
1.208
1.189
1.166
1.212
1.185
1.169
1.158
1.103
1.164
1.166
1.146
1.173
1.153
1.166
1.167
1.165
1.218
1.202
1.179
1.099
1.108
1.141
1.111
1.133
1.171
1.145
1.203
1.214
1.177
1.208
1.206
1.147
1.167
1.183
1.116
1.172
1.199
1.175
1.204
1.225
1.175
1.203
1.212
1.166
1.195
1.169
1.141
1.225
1.228
1.164
1.175
1.205
1.164
1.175
1.201
1.146
1.17
1.182
1.125
1.139
1.182
1.163
1.18
1.165
1.109
1.107
1.126
1.075
1.123
1.12
1.06
1.098
1.092
1.073
1.126
1.116
1.079
1.109
1.099
1.064
1.115
1.151
1.176
1.157
1.125
1.129
1.172
1.166
1.133
1.152
1.125
1.127
1.124
1.137
1.167
1.178
1.135
1.143
1.136
1.088
1.148
1.167
1.12
1.181
1.156
1.113
1.187
1.209
1.159
1.219
1.162
1.175
1.188
1.17
1.173
1.139
1.201
1.214
1.134
1.16
1.197
1.175
1.21
1.225
1.134
1.136
1.168
1.126
1.18
1.185
1.115
1.13
1.173
1.224
1.173
1.191
1.134
1.14
1.148
1.167
1.138
1.215
1.19
1.177
1.197
1.174
1.144
1.042
1.067
1.102
1.116
1.182
1.181
1.134
1.173
1.183
1.142
1.161
1.196
1.156
1.147
1.195
1.181
1.119
1.149
1.194
1.163
1.196
1.137
1.191
1.195
1.168
1.176
1.186
1.185
1.062
1.264
1.134
1.092
1.116
1.12
1.161
1.125
1.162
1.131
1.133
1.134
1.132
1.131
1.096
1.144
1.171
1.12
1.17
1.195
1.102719
1.142712
1.283
1.198
1.176
1.22
1.214
1.211
1.198
1.158
1.192
1.211
1.166
1.111
1.167
1.161
1.139
1.181
1.159
1.21
1.205
1.2
1.213
1.25
1.199
1.227
1.187
1.231
1.285
1.309
1.246
1.261
1.288
1.195
1.242
1.314
1.248
1.226
1.197
1.204
1.178
1.167
1.118
1.166
1.172
1.146
1.181
1.199
1.194
1.163
1.192
1.165
1.186
1.208
1.166
1.241
1.181
1.171
1.183
1.145
1.161
1.178
1.186
1.233
1.223
1.189
1.235
1.192
1.231
1.251
1.137
1.179
1.154
1.191
1.213
1.143
1.165
1.175
1.141
1.193
1.242
1.188
1.194
1.203
1.173
1.179
1.128
1.125
1.129
1.125
1.129
1.189
1.205
1.216
1.151
1.152
1.215
1.218
1.168
1.213
1.208
1.232
1.207
1.206
1.232
1.155
1.201
1.216
1.206
1.191
1.138
1.166
1.129
1.159
1.133
1.119
1.098
1.152
1.181
1.16
1.184
1.238
1.14
1.173
1.208
1.205
1.185
1.22
1.212
1.204
1.236
1.218
1.209
1.137
1.179
1.143
1.181
1.157
1.127
1.183
1.208
1.149
1.174
1.175
1.101
1.13
1.125
1.153
1.159
1.107
1.159
1.198
1.168
1.186
1.132
1.14
1.184
1.166
1.115
1.154138
1.237384
1.172283
1.214963
1.091
1.073
1.131
1.124
1.139
1.108
1.162
1.154
1.135
1.182
1.15
1.172
1.287
1.172
1.25
1.27
1.148
1.145
1.104
1.11
1.185
1.141
1.197
1.163
1.227
1.128
1.178
1.188
1.16
1.13
1.092
1.105
1.072
1.072
1.13
1.165
1.106
1.163
1.177
1.141
1.172
1.149
1.166
1.213
1.213
1.237
1.279
1.169
1.193
1.172
1.12
1.114
1.159
1.091
1.16
1.177
1.104
1.147
1.158
1.121
1.176
1.196
1.169
1.217
1.172
1.229
1.182
1.195
1.202
1.123
1.158
1.143
1.1
1.174
1.138
1.125
1.098
1.16
1.105
1.11
1.058
1.059
1.048
1.108
1.087
1.047
1.027
1.033
1.125
1.186
1.113
1.207
1.197
1.219
1.193
1.193
1.24
1.266
1.259
1.235
1.233
1.204
1.249
1.275
1.261
1.178
1.125
1.137
1.126
1.151
1.082
1.161
1.151
1.182
1.163
1.14
1.184
1.206
1.229
1.165
1.206
1.243
1.245
1.198
1.205
1.233
1.187
1.192
1.216
1.105
1.142
1.146
1.09
1.139
1.161
1.193
1.09
1.16
1.184
1.169
1.192
1.214
1.211
1.208
1.176
1.193
1.203
1.178
1.174
1.18
1.173
1.08
1.094
1.128
1.078
1.125
1.14
1.124
1.17
1.203
1.156
1.201
1.222
1.162
1.204
1.201
1.199
1.185
1.219
1.137
1.141
1.101
1.171
1.15
1.159
1.148
1.114
1.173
1.177
1.168
1.211
1.155
1.213
1.231
1.179
1.121
1.163
1.192
1.231
1.229
1.226
1.154
1.19
1.132
1.12
1.13
1.107
1.079
1.076
1.025
1.074
1.135
1.096
1.177
1.176
1.135
1.199
1.212
1.21
1.252
1.214
1.219
1.182
1.131
1.184
1.168
1.179
1.213
1.157
1.141
1.146
1.217
1.22
1.138
1.168
1.141
1.152
1.166
1.098
1.113
1.16
1.133
1.138
1.157
1.166
1.194
1.161
1.146
1.159
1.125
1.165
1.149
1.06
1.107
1.168
1.173
1.142
1.157
1.149
1.097
1.153
1.161
1.172
1.091
1.152
1.184
1.185
1.111
1.153
1.165
1.204
1.123
1.166
1.198
1.2
1.166
1.207
1.166
1.119
1.142
1.193
1.215
1.169
1.19
1.155
1.162
1.25
1.223
1.174167
1.2197
1.361
1.375
1.324
1.353
1.239
1.297
1.281
1.228
1.204
1.224
1.269
1.201
1.187
1.255
1.209
1.221
1.242
1.243
1.266
1.286
1.239
1.307
1.363
1.348
1.363
1.268
1.297
1.232
1.265
1.269
1.272
1.287
1.232
1.269
1.26
1.194
1.244
1.258
1.212
1.195
1.152
1.163
1.129
1.119
1.238
1.259
1.211
1.251
1.226
1.278
1.301
1.304
1.164
1.192371
1.256
1.286
1.25
1.352
1.306
1.384
1.308
1.301
1.31
1.233
1.274
1.212
1.26
1.289
1.227
1.25
1.275
1.256
1.257
1.313
1.266
1.283
1.299
1.289
1.235
1.282
1.274
1.233
1.282
1.297
1.216
1.306
1.332
1.247
1.276
1.225239
1.35
1.28
1.269
1.232
1.266
1.309
1.264
1.288
1.224
1.293
1.342
1.271
1.275
1.331
1.26
1.267
1.256
1.242
1.299
1.338
1.282
1.324
1.314
1.227
1.236
1.245
1.229
1.255
1.276
1.278
1.268
1.224
1.266
1.37
1.281
1.306
1.301
1.269
1.289
1.263
1.272
1.245
1.259
1.277
1.229
1.214
1.248
1.288
1.27
1.235
1.302
1.276
1.242
1.259
1.273
1.252
1.268
1.272
1.234
1.267
1.262
1.199
1.214
1.272
1.185
1.205
1.166
1.231
1.244
1.204
1.253
1.214
1.235
1.244
1.248
1.202
1.265
1.291
1.206
1.29
1.301
1.232
1.24
1.212
1.264
1.337
1.237
1.255
1.316
1.291
1.217
1.264
1.313
1.219
1.254
1.277
1.233
1.296
1.243
1.287
1.306
1.257
1.212
1.276
1.229
1.184
1.222
1.287
1.389
1.25
1.228
1.245
1.244
1.198
1.25
1.234
1.254
1.3
1.235
1.266
1.221
1.262
1.275
1.242
1.284
1.237
1.275
1.235
1.2
1.157
1.229
1.248
1.178
1.195
1.213
1.194
1.179
1.135
1.142
1.104
1.145
1.2
1.156
1.079
1.145
1.157
1.159
1.134
1.162
1.232
1.283
1.303
1.215
1.255
1.315
1.355
1.337
1.331
1.304
1.337
1.268
1.31
1.266
1.257
1.197
1.186
1.24
1.231
1.16
1.252
1.333
1.391
1.307
1.327
1.341
1.232
1.205
1.227
1.137
1.185165
1.263
1.134
1.28
1.242
1.194
1.166
1.188
1.189
1.248
1.239
1.161
1.157
1.178
1.249
1.29
1.263
1.271
1.311
1.337
1.406
1.334
1.352
1.273
1.305
1.371
1.323
1.285
1.291
1.224
1.264
1.318
1.252
1.279
1.291
1.28
1.287
1.213
1.273
1.251
1.222
1.26
1.256
1.249
1.267
1.297
1.225
1.153
1.191
1.195
1.165
1.195
1.239
1.172
1.202
1.124
1.141
1.221
1.224
1.242
1.279
1.337
1.354
1.241
1.241
1.295
1.305
1.26
1.247
1.244
1.232
1.28
1.284
1.321
1.317
1.304
1.183
1.199
1.238
1.21
1.208
1.229
1.166
1.23
1.198
1.142
1.149
1.213
1.177
1.216
1.255
1.228
1.187
1.224
1.213
1.218
1.144
1.195
1.149
1.205
1.162
1.246
1.361
1.268
1.269
1.225
1.264
1.349
1.433
1.323
1.352
1.261
1.257
1.305
1.258
1.317
1.288
1.248
1.25
1.187
1.209
1.269
1.162393
1.372793
1.283957
1.233
1.267
1.264
1.221
1.234
1.241
1.195
1.167
1.212
1.187
1.097
1.125
1.135
1.232
1.337
1.279
1.31
1.263
1.181
1.232
1.274
1.294
1.284
1.258
1.227
1.218
1.268
1.243
1.286
1.365
1.247
1.274
1.302
1.238
1.307
1.285
1.329
1.359
1.335
1.265
1.276
1.225
1.299
1.216
1.27
1.325
1.305
1.312
1.248
1.211
1.272
1.242
1.223
1.294
1.29
1.294
1.257
1.18
1.231
1.25
1.192
1.263
1.288
1.226
1.285
1.337
1.202
1.23
1.161
1.188
1.197
1.245
1.311
1.243
1.253
1.281
1.185
1.196
1.236
1.216
1.259
1.276
1.231
1.312
1.327
1.303
1.199
1.174
1.219
1.204
1.249
1.261
1.22
1.215
1.17
1.189
1.18
1.229
1.273
1.174
1.24
1.26
1.171
1.23
1.177
1.198
1.243
1.21
1.195
1.143
1.198
1.212
1.19
1.23
1.218
1.228
1.252
1.157
1.221
1.25
1.223
1.261
1.252
1.199
1.207
1.148
1.195
1.222
1.193
1.203
1.22
1.182
1.242
1.282
1.303
1.252
1.173
1.221
1.224
1.175
1.268
1.26
1.206
1.25
1.207
1.259
1.235
1.257
1.297
1.3
1.27
1.26
1.206
1.215
1.217
1.18
1.178
1.181
1.191
1.232
1.219
1.203
1.249
1.281
1.194
1.238
1.25
1.216
1.296
1.373
1.307
1.308
1.268
1.183
1.261
1.266
1.198
1.276
1.343
1.201
1.252
1.325
1.333
1.294
1.269
1.225
1.303
1.396
1.284
1.314
1.255
1.258
1.298
1.281
1.285
1.219
1.228
1.238
1.218
1.173
1.217
1.265
1.218
1.258
1.208
1.136
1.186
1.224
1.242
1.231
1.224
1.271
1.287
1.287
1.32
1.328
1.302
1.219
1.159
1.209
1.246
1.208
1.266
1.262
1.286
1.307
1.205
1.206
1.18
1.159
1.232
1.215
1.144
1.18
1.229
1.271
1.254
1.255
1.181
1.213
1.254
1.245
1.291
1.313
1.229
1.273
1.218
1.161
1.178
1.144
1.156
1.207
1.221
1.209
1.147
1.182
1.245
1.239
1.253
1.285
1.269
1.247
1.216
1.217
1.253
1.251
1.236
1.182
1.119
1.174
1.217
1.168
1.204
1.243
1.189
1.179
1.188
1.136
1.194
1.229
1.171
1.237
1.233
1.175
1.221
1.199
1.247
1.226
1.252
1.301
1.242
1.208
1.164
1.197
1.198
1.2
1.214
1.197
1.251
1.332
1.233
1.252
1.224
1.271
1.245
1.197
1.235
1.2
1.267
1.269
1.191
1.238
1.203
1.231
1.251
1.204
1.227
1.253
1.149
1.165
1.141
1.141
1.194
1.18
1.166
1.262
1.252
1.192
1.247
1.302
1.201
1.225
1.156
1.159
1.2
1.213
1.162
1.211
1.256
1.172
1.162
1.182
1.214
1.251
1.228
1.236
1.185
1.156
1.209
1.209
1.261
1.197
1.181
1.171
1.133
1.185
1.145
1.153
1.225
1.22
1.251
1.236
1.179
1.208
1.191
1.132
1.204
1.165
1.181
1.216
1.281
1.21
1.247
1.2
1.214
1.156
1.177
1.219
1.183
1.186
1.188
1.138
1.195
1.198
1.147
1.245
1.181
1.198
1.223
1.141
1.201
1.146
1.204
1.19
1.114
1.081
1.169
1.199
1.251
1.237
1.207
1.221
1.188
1.176
1.219
1.242
1.199
1.214
1.243
1.25
1.199
1.264
1.304
1.218
1.21
1.179
1.168
1.2
1.137
1.125
1.154
1.166
1.137
1.198
1.254
1.166
1.163
1.226
1.271
1.251
1.167
1.208
1.203
1.203
1.142
1.164
1.185
1.18
1.17
1.195
1.204
1.177
1.179
1.159
1.218
1.181
1.235
1.249
1.2
1.198
1.213
1.166
1.191
1.208
1.15
1.188
1.227
1.166
1.177
1.215
1.167
1.186
1.203
1.202
1.195
1.156
1.193
1.203
1.157
1.153
1.208
1.312
1.207
1.229
1.238
1.207
1.21
1.25
1.248
1.245
1.238
1.202
1.154
1.165
1.119
1.1
1.149
1.115
1.123
1.2
1.199
1.177
1.216
1.225
1.213
1.225
1.25
1.166
1.138
1.182
1.225
1.212
1.219
1.219
1.212
1.227
1.165
1.121
1.132
1.1
1.047
1.093
1.119
1.05
1.1
1.157
1.164
1.089
1.11
1.126
1.075
1.117
1.119
1.066
1.119
1.163
1.157
1.117
1.158
1.097
1.13
1.202
1.21
1.106
1.073
1.042
1.102
1.105
1.044
1.144
1.161
1.101
1.083
1.147
1.173
1.115
1.144
1.165
1.069
1.113
1.142
1.112
1.093
1.133
1.113
1.1
1.144
1.166
1.125
1.157
1.182
1.126
1.164
1.182
1.207
1.118
1.147
1.146
1.088
1.077
1.138
1.182
1.114
1.136
1.183
1.13
1.13
1.169
1.127
1.148
1.153
1.158
1.107
1.148
1.121
1.083
1.114
1.101
1.051
1.102
1.129
1.078
1.107
1.139
1.092
1.106
1.155
1.116
1.084
1.164
1.161
1.148
1.139
1.119
1.099
1.118
1.106
1.13
1.087
1.041
1.087
1.106
1.074
1.129
1.152
1.083
1.16
1.174
1.11
1.175
1.156
1.083
1.078
1.139
1.108
1.08
1.15
1.152
1.096
1.165
1.204
1.193
1.222
1.161
1.168
1.226
1.24
1.21
1.282
1.289
1.286
1.301
1.218
1.179
1.142
1.153
1.164
1.116
1.203
1.204
1.198
1.226
1.25
1.207
1.308
1.246
1.264
1.292
1.237
1.255
1.247
1.229
1.177
1.228
1.236
1.161
1.219
1.223
1.17
1.232
1.257
1.222
1.228
1.254
1.243
1.222
1.192
1.156
1.173
1.121
1.192
1.13
1.167
1.14
1.12
1.084
1.104264
1.181
1.175
1.18
1.195
1.248
1.291
1.261
1.288
1.334
1.262
1.296
1.244
1.267
1.313
1.309
1.213
1.276
1.278
1.296
1.225
1.267
1.294
1.311
1.236
1.26
1.243
1.239
1.267
1.229
1.205
1.235
1.244
1.178
1.253
1.282
1.258
1.22
1.235
1.278
1.217
1.231
1.259
1.163
1.192
1.232
1.185
1.231
1.233
1.208
1.241
1.279
1.26
1.206
1.25
1.193
1.197
1.27
1.299
1.231
1.221
1.248
1.295
1.267
1.245
1.26
1.269
1.227
1.257
1.275
1.232
1.235
1.192
1.25
1.176
1.121
1.14
1.145
1.099
1.104
1.15
1.104
1.151
1.233
1.237
1.208
1.225
1.271
1.303
1.26
1.308
1.342
1.32
1.311
1.343
1.314
1.293
1.235
1.286
1.302
1.304
1.25
1.301
1.326
1.276
1.3
1.311
1.338
1.3
1.292
1.213
1.152
1.196
1.195
1.166
1.136
1.164
1.197
1.145
1.214
1.174
1.154
1.213
1.266
1.285
1.221
1.2
1.254
1.261
1.276
1.302
1.325
1.231
1.275
1.32
1.224
1.22
1.201
1.187
1.234
1.207
1.207
1.235
1.23
1.131
1.133
1.259
1.353
1.363
1.37
1.363
1.144556
1.108078
1.323392
1.294
1.202
1.153
1.136
1.226
1.183
1.222
1.236
1.213
1.252
1.172
1.072
1.071
1.069
1.098
1.096
1.099
1.124
1.081
1.101
1.13
1.127
1.092
1.132
1.188
1.127
1.162
1.21
1.182
1.148
1.199
1.217
1.229
1.214
1.157
1.21
1.196
1.139
1.151
1.148
1.175
1.172
1.202
1.191
1.161
1.151
1.096
1.149
1.1
1.085
1.128
1.139
1.108
1.175
1.161
1.161
1.131
1.108
1.172
1.202
1.207
1.166
1.221
1.164
1.139
1.122
1.141
1.085
1.139
1.168
1.155
1.106
1.075
1.088
1.127
1.111
1.17
1.17
1.148
1.127
1.155
1.149
1.163
1.197
1.199
1.214
1.241
1.132
1.149
1.183
1.216
1.183
1.149
1.184
1.208
1.183
1.187
1.189
1.199
1.193
1.162
1.182
1.169
1.176
1.128
1.177
1.229
1.143
1.206
1.211
1.145
1.161
1.166
1.15
1.094
1.136
1.177
1.157
1.175
1.217
1.185
1.175
1.201
1.191
1.196
1.231
1.207
1.183
1.221
1.241
1.169
1.231
1.222
1.181
1.15
1.105
1.106
1.155
1.092
1.142
1.161
1.154
1.236
1.137
1.187
1.167
1.186
1.201
1.192
1.162
1.217
1.146
1.102
1.127
1.128
1.094
1.174
1.184
1.135
1.202
1.165
1.11
1.076
1.132
1.102
1.162
1.189
1.259
1.254
1.212
1.212
1.152
1.231
1.233
1.189
1.237
1.219
1.208
1.135
1.183
1.183
1.212
1.172
1.254
1.282
1.216
1.252
1.256
1.198
1.214
1.2
1.175
1.237
1.259
1.185
1.242
1.24
1.178
1.132
1.166
1.128
1.093
1.15
1.165
1.125
1.153
1.173
1.116
1.101
1.119
1.165
1.149
1.116
1.111
1.099
1.139
1.171
1.2
1.139
1.185
1.209
1.142
1.19
1.195
1.161
1.166
1.197
1.177
1.166
1.198
1.127
1.166
1.202
1.17
1.191
1.125
1.166
1.206
1.167
1.188
1.205
1.159
1.179
1.224
1.184
1.179
1.207
1.189
1.208
1.227
1.24
1.176
1.171
1.203
1.148
1.201
1.187
1.202
1.232
1.203
1.219
1.229
1.179
1.204
1.213
1.15
1.18
1.204
1.199
1.167
1.091
1.173
1.193
1.143
1.146
1.17
1.132
1.169
1.179
1.162
1.164
1.244
1.219
1.187
1.218
1.237
1.17
1.206
1.202
1.199
1.242
1.265
1.281
1.21
1.102
1.08
1.088
1.303791
1.057
1.203802
1.293
1.301
1.299
1.31
1.248
1.284
1.291
1.238
1.153
1.143
1.238
1.232
1.285
1.28
1.281
1.261
1.214
1.264
1.314
1.319
1.293
1.322
1.222
1.27
1.293
1.291
1.297
1.293
1.284
1.261
1.253
1.222
1.259698
1.198882
1.195029
1.226
1.224
1.211
1.154
1.128
1.104
1.122
1.089
1.089
1.066
1.043
1.175915
1.188293
1.331157
1.222744
1.233793
1.241732
1.304645
1.193443
1.039
1.048
1.086
1.177
1.23
1.106
1.163135
1.33284
1.198187
1.180251
1.043
1.233
1.294
1.207
1.197
1.203
1.186
1.223
1.242
1.272
1.278
1.286
1.246
1.235
1.216
1.241
1.232
1.268
1.309
1.252
1.277
1.278
1.267
1.253
1.281
1.308
1.279
1.269
1.309
1.33
1.359
1.306
1.312
1.296
1.327
1.254
1.263
1.297
1.247
1.273
1.23
1.302
1.282
1.26
1.302
1.257
1.271
1.274
1.244
1.249
1.283
1.23
1.262
1.312
1.26
1.303
1.315
1.279
1.315
1.3
1.264
1.26
1.269
1.211
1.254
1.215
1.171
1.175
1.267
1.227
1.204
1.263
1.176
1.123
1.145
1.119
1.316
1.239
1.255
1.244
1.182
1.261
1.322
1.287
1.281
1.354
1.314
1.282
1.279
1.308
1.305
1.292
1.308
1.297
1.304
1.289
1.32
1.334
1.367
1.309
1.279
1.274
1.214
1.193
1.309
1.384
1.383
1.361
1.276
1.25
1.252
1.218
1.189
1.272
1.343
1.35
1.284
1.274
1.256
1.197
1.2
1.315
1.359
1.351
1.281
1.284
1.24
1.211
1.221
1.375
1.4
1.150637
1.147535
1.327
1.304
1.166
1.215
1.262
1.362
1.289
1.224
1.161
1.186
1.145
1.154
1.356
1.192271
1.268038
1.353
1.31
1.332
1.238
1.201
1.371
1.356
1.302
1.24
1.202
1.228
1.221
1.188
1.223
1.207
1.293
1.375
1.298072
1.272393
1.369
1.418
1.203964
1.377
1.305
1.216
1.237
1.225
1.237
1.236
1.254
1.23
1.247
1.29
1.333
1.234
1.176
1.164
1.152
1.138
1.137
1.127
1.127
1.108
1.109
1.076
1.075
1.064
1.227287
1.178477
1.177474
1.279156
1.116
1.108
1.209
1.175
1.101
1.133
1.178
1.208
1.208
1.23
1.218
1.206
1.204
1.227
1.212
1.22
1.207
1.211
1.252
1.301
1.303
1.26
1.258
1.222
1.212
1.262
1.266
1.269
1.28
1.283
1.244
1.228
1.26
1.331
1.308
1.25
1.219
1.247
1.25
1.225
1.212
1.243
1.274
1.28
1.227
1.305
1.28
1.193
1.181
1.193
1.138
1.143
1.141
1.151
1.165
1.166
1.166
1.16
1.183
1.212
1.143
1.078
1.094
1.133947
1.322412
1.175
1.247
1.205
1.273
1.345
1.356
1.188737
1.207612
1.146474
1.381
1.35
1.364
1.154832
1.344
1.309
1.32
1.351
1.372
1.361
1.278
1.249
1.269
1.269
1.259
1.267
1.25
1.287
1.268
1.263
1.266
1.262
1.257
1.254
1.228
1.168
1.197
1.1
1.138
1.119
1.108
1.092
1.141
1.154
1.141
1.184
1.218
1.25
1.25
1.237
1.223
1.23
1.236
1.221
1.226
1.225
1.205
1.222
1.253
1.212
1.201
1.243
1.209
1.233
1.228
1.174
1.221
1.244
1.229
1.217
1.266
1.292
1.244
1.242
1.195
1.213
1.236
1.215
1.208
1.238
1.221
1.157
1.182
1.201
1.16
1.213
1.211
1.184
1.217
1.237
1.211
1.265
1.235
1.261
1.276
1.338
1.292
1.305
1.34
1.317
1.065871
1.137665
1.273
1.277
1.282
1.26
1.232
1.273
1.278
1.232
1.263
1.243
1.199
1.243
1.228
1.247
1.243
1.252
1.218
1.263
1.233
1.217
1.248
1.22
1.2
1.25
1.22
1.23
1.243
1.206
1.223
1.245
1.214
1.227
1.251
1.206
1.267
1.27
1.238
1.264
1.243
1.218
1.252
1.212
1.223
1.256
1.259
1.248
1.224
1.219
1.227
1.259
1.209
1.24
1.269
1.219
1.263
1.273
1.233
1.261
1.227
1.189
1.229
1.214
1.192
1.237
1.197
1.21
1.224
1.211
1.234
1.239
1.211
1.244
1.258
1.208
1.249
1.21
1.214
1.249
1.22
1.213
1.232
1.182
1.198
1.233
1.19
1.206
1.248
1.231
1.243
1.264
1.25
1.282
1.254
1.212
1.27
1.314
1.252
1.269
1.249
1.242
1.25
1.215
1.247
1.249
1.217
1.25
1.223
1.208
1.235
1.253
1.232
1.269
1.243
1.234
1.277
1.222
1.247
1.255
1.22
1.263
1.25
1.25
1.26
1.236
1.232
1.233
1.198
1.235
1.251
1.217
1.265
1.256
1.224
1.26
1.286
1.209
1.199
1.097
1.125
1.127
1.088
1.118
1.067
1.091
1.082
1.053
1.081
1.083
1.076
1.064
1.105
1.151
1.104
1.109
1.111
1.167
1.14
1.192
1.181
1.2
1.124
1.11
1.093
1.057
1.058
0.982
1.007
1.136322
0.939
0.958
0.965
0.937
0.936
1.129352
0.966
0.972
1.058574
0.939
0.928
0.919
1.057575
0.948
0.953
1.075411
0.964
1.202272
1.034658
1.095496
1.227777
1.100245
1.02007
1.064181
1.137245
0.95
1.082291
1.070355
0.946
1.084053
0.924
0.915
1.11146
0.952
0.93
0.917
0.928
0.926
1.207025
1.099671
1.174007
1.145342
0.923
1.097926
0.931
0.927
1.00758
0.921
0.929
1.071898
1.073881
1.108038
1.187742
1.250901
1.203488
1.096588
0.993336
1.080338
1.110745
1.158824
1.166303
1.148611
1.016341
1.159136
1.076694
1.116221
1.109849
1.132345
1.106685
0.9990587
1.15197
1.129683
1.088237
1.112654
1.11367
1.119207
1.209522
1.091227
1.115855
1.179487
1.172229
1.178028
1.068459
1.232566
1.109445
1.223952
1.019291
1.106558
1.184734
1.059746
1.057372
1.04556
1.038319
1.077469
1.126349
0.9771784
1.118788
1.183976
1.234929
1.188101
1.153486
0.9955322
1.067116
1.082997
1.150151
1.098696
1.025374
1.212587
1.163433
1.120581
1.182975
1.020359
1.147563
1.072289
1.149059
1.10172
1.145869
1.190577
1.106115
1.170397
1.030105
1.059822
1.202376
1.129774
0.9752614
1.019061
1.093078
1.160945
1.099425
1.145637
1.166963
1.212285
1.10959
1.102754
0.9945769
1.112446
1.06979
1.044246
1.094792
1.17083
0.979561
1.079174
1.113811
1.04962
1.127714
1.132688
1.124
0.932
1.104553
0.916
0.949904
1.27036
0.952
0.983
1.149
1.206
1.087
1.112
1.077
1.114
1.077
1.102
1.084
1.069
1.052
1.058
1.011
1.039
1.011
1.058
1.034
1.011
1.069
1.025
0.989
1.02
1.013
1.021
1.01
0.983
1.019
1.021
1.022
1.058
1.018
1.065
1.125
1.031
1.103
1.118
1.093
1.119
1.109
1.087
1.131
1.074
1.12
1.164
1.094
1.114
1.152
1.085
1.11
1.2
1.175
1.134
1.183
1.15
1.2
1.139
1.149
1.138
1.082
1.128
1.104
1.135
1.093
1.114
1.151
1.107
1.16
1.125
1.126
1.171
1.118
1.123
1.129
1.083
1.125
1.12
1.079
1.129
1.124
1.092
1.15
1.126
1.108
1.185
1.169
1.096
1.126
1.135
1.084
1.116
1.169
1.172
1.122
1.18
1.201
1.159
1.137
1.197
1.185
1.108
1.131
1.213
1.211
1.194
1.153
1.158
1.184
1.194
1.191
1.145
1.149
1.178
1.185
1.187
1.131
1.159
1.197
1.159
1.152
1.183
1.208
1.13
1.145
1.183
1.176
1.14
1.151
1.182
1.179
1.173
1.12
1.145
1.168
1.19
1.204
1.219
1.201
1.22
1.201
1.138
1.164
1.187
1.155
1.149
1.183
1.184
1.17
1.183
1.169
1.159
1.191
1.205
1.14
1.17
1.194
1.155
1.186
1.171
1.125
1.187
1.188
1.164
1.203
1.228
1.156
1.192
1.186
1.129
1.173
1.212
1.192
1.171
1.226
1.176
1.157
1.2
1.139
1.138
1.179
1.142
1.168
1.197
1.147
1.163
1.172
1.141
1.173
1.194
1.12
1.185
1.198
1.155
1.215
1.194
1.145
1.212
1.159
1.152
1.197
1.179
1.151
1.23
1.188
1.162
1.212
1.204
1.173
1.241
1.216
1.186
1.254
1.253
1.223
1.314
1.231
1.259
1.274
1.21
1.262
1.287
1.261
1.302
1.296
1.276
1.29
1.241
1.279
1.285
1.256
1.299
1.268
1.263
1.299
1.241
1.269
1.278
1.236
1.295
1.288
1.203
1.259
1.216
1.17
1.254
1.25
1.26
1.272
1.274
1.33
1.286
1.294
1.317
1.262
1.332
1.314
1.262
1.291
1.304
1.268
1.321
1.296
1.272
1.321
1.296
1.285
1.312
1.251
1.276
1.317
1.271
1.287
1.286
1.249
1.257
1.24
1.2
1.276
1.266
1.249
1.286
1.258
1.258
1.29
1.255
1.254
1.292
1.272
1.246
1.286
1.268
1.25
1.272
1.221
1.247
1.258
1.243
1.269
1.28
1.23
1.282
1.266
1.208
1.278
1.248
1.22
1.271
1.223
1.263
1.229
1.23
1.267
1.229
1.234
1.262
1.223
1.22
1.254
1.195
1.222
1.237
1.207
1.112
1.312
1.166
1.233
1.214
1.184
1.24
1.219
1.192
1.254
1.238
1.259
1.28
1.24
1.264
1.293
1.201
1.207
1.168
1.156
1.15
1.138
1.186
1.147
1.155
1.152
1.179
1.17
1.16
1.235
1.215
1.22
1.185
1.179
1.165
1.192
1.17
1.203
1.265
1.292
1.26
1.167
1.134
1.161
1.145
1.179
1.211
1.209
1.208
1.172
1.147
1.189
1.233
1.271
1.287
1.223
1.273
1.278
1.292
1.24
1.208
1.221
1.234
1.252
1.179
1.211
1.252
1.264
1.205
1.243
1.246
1.237
1.287
1.23
1.182
1.228
1.248
1.195
1.165
1.162
1.206
1.233
1.176
1.183
1.17
1.148
1.133
1.081
1.231332
1.093
1.103
1.287727
1.137
1.073
1.155
1.138
1.126
1.16
1.137
1.125
1.19
1.179
1.219
1.227
1.201
1.22
1.241
1.314
1.294
1.251
1.28
1.263
1.213
1.21
1.202
1.18
1.242
1.279
1.256
1.263
1.276
1.296
1.179
1.299
1.337
1.364
1.321
1.212
1.246
1.287
1.292
1.277
1.291
1.313
1.25
1.318
1.334
1.322
1.284
1.342
1.423
1.325
1.311
1.306
1.261
1.25
1.288
1.241
1.208
1.273
1.24
1.25
1.298
1.239
1.283
1.254
1.195
1.285
1.237
1.224
1.315
1.337
1.26
1.265
1.241
1.197
1.202
