0.772
0.777
0.781
0.791
0.787
0.784
0.795
0.796
0.796
0.791
0.8
0.794
0.793
0.793
0.799
0.8
0.8
0.795
0.797
0.795
0.791
0.795
0.792
0.79
0.799
0.797
0.795
0.791
0.8
0.802
0.801
0.797
0.804
0.803
0.802
0.797
0.81
0.812
0.806
0.802
0.807
0.808
0.804
0.804
0.807
0.812
0.81
0.812
0.821
0.822
0.82
0.819
0.826
0.822
0.819
0.815
0.817
0.814
0.814
0.815
0.823
0.82
0.818
0.826
0.828
0.833
0.828
0.838
0.833
0.834
0.837
0.839
0.837
0.829
0.833
0.837
0.832
0.831
0.834
0.84
0.842
0.834
0.848
0.843
0.849
0.841
0.85
0.846
0.845
0.834
0.844
0.838
0.833
0.834
0.84
0.836
0.832
0.841
0.842
0.84
0.842
0.846
0.842
0.833
0.835
0.833
0.833
0.826
0.833
0.841
0.839
0.842
0.833
0.852
0.848
0.841
0.856
0.855
0.859
0.85
0.862
0.855
0.844
0.834
0.828
0.822
0.814
0.815
0.81
0.816
0.819
0.825
0.825
0.82
0.816
0.82
0.82
0.817
0.824
0.822
0.812
0.826
0.83
0.824
0.83
0.823
0.836
0.833
0.832
0.827
0.837
0.836
0.84
0.84
0.851
0.849
0.844
0.855
0.852
0.85
0.845
0.854
0.847
0.849
0.839
0.849
0.849
0.852
0.845
0.855
0.85
0.852
0.842
0.855
0.847
0.831
0.842
0.836
0.833
0.841
0.845
0.844
0.834
0.848
0.846
0.847
0.844
0.86
0.862
0.869
0.862
0.87
0.875
0.874
0.868
0.87
0.866
0.863
0.851
0.86
0.853
0.849
0.843
0.85
0.843
0.841
0.829
0.835
0.826
0.824
0.828
0.831
0.825
0.825
0.824
0.83
0.828
0.82
0.827
0.829
0.823
0.818
0.825
0.83
0.829
0.823
0.832
0.825
0.821
0.814
0.815
0.808
0.807
0.798
0.804
0.809
0.809
0.824
0.824
0.828
0.835
0.845
0.853
0.854
0.868
0.87
0.876
0.869
0.881
0.873
0.869
0.858
0.87
0.859
0.855
0.845
0.855
0.852
0.85
0.856
0.857
0.855
0.843
0.849
0.841
0.833
0.823
0.835
0.83
0.837
0.833
0.851
0.845
0.85
0.846
0.863
0.852
0.848
0.848
0.858
0.847
0.851
0.852
0.865
0.861
0.86
0.862
0.873
0.864
0.859
0.867
0.868
0.869
0.862
0.875
0.871
0.873
0.871
0.879
0.873
0.868
0.867
0.871
0.862
0.861
0.867
0.858
0.859
0.851
0.86
0.858
0.853
0.857
0.863
0.857
0.854
0.871
0.868
0.863
0.862
0.863
0.857
0.857
0.853
0.86
0.858
0.846
0.858
0.85
0.851
0.843
0.858
0.857
0.848
0.852
0.857
0.854
0.859
0.858
0.868
0.865
0.856
0.868
0.866
0.867
0.861
0.876
0.874
0.868
0.877
0.879
0.884
0.881
0.889
0.888
0.888
0.882
0.889
0.884
0.879
0.875
0.88
0.874
0.868
0.875
0.875
0.876
0.869
0.875
0.871
0.87
0.872
0.875
0.869
0.862
0.873
0.87
0.861
0.863
0.866
0.859
0.849
0.864
0.85
0.842
0.849
0.84
0.834
0.832
0.842
0.84
0.834
0.842
0.848
0.856
0.859
0.851
0.865
0.854
0.871
0.858
0.862
0.854
0.867
0.859
0.859
0.858
0.861
0.862
0.853
0.863
0.863
0.862
0.859
0.868
0.865
0.857
0.874
0.869
0.863
0.875
0.871
0.866
0.875
0.873
0.863
0.868
0.821
0.834
0.811
0.798
0.795
0.782
0.781
0.784
0.783
0.771
0.769
0.765
0.761
0.757
0.76
0.754
0.743
0.749
0.751
0.751
0.765
0.771
0.772
0.781
0.791
0.792
0.806
0.804
0.789
0.792
0.789
0.787
0.781
0.775
0.764
0.753
0.753
0.748
0.742
0.74
0.738
0.734
0.733
0.73
0.732
0.736
0.731
0.733
0.729
0.73
0.726
0.723
0.723
0.718
0.718
0.714
0.708
0.708
0.708
0.7
0.706
0.708
0.704
0.708
0.703
0.708
0.701
0.701
0.694
0.702
0.7
0.699
0.697
0.688
0.688
0.685
0.685
0.678
0.678
0.675
0.678
0.673
0.672
0.668
0.671
0.665
0.665
0.66
0.664
0.656
0.658
0.653
0.657
0.65
0.649
0.652
0.651
0.646
0.648
0.643
0.649
0.643
0.645
0.645
0.646
0.641
0.643
0.639
0.646
0.639
0.636
0.64
0.64
0.638
0.638
0.638
0.642
0.636
0.64
0.636
0.643
0.639
0.643
0.637
0.644
0.639
0.641
0.636
0.636
0.636
0.631
0.644
0.632
0.635
0.628
0.633
0.625
0.63
0.627
0.629
0.622
0.628
0.635
0.632
0.634
0.633
0.634
0.638
0.637
0.632
0.638
0.636
0.632
0.63
0.632
0.629
0.628
0.623
0.625
0.624
0.618
0.624
0.619
0.613
0.612
0.617
0.613
0.613
0.61
0.615
0.613
0.608
0.613
0.615
0.609
0.611
0.609
0.604
0.607
0.603
0.606
0.602
0.608
0.604
0.604
0.609
0.603
0.602
0.598
0.606
0.603
0.603
0.605
0.606
0.603
0.605
0.602
0.599
0.604
0.603
0.604
0.6
0.607
0.604
0.601
0.602
0.598
0.596
0.594
0.602
0.605
0.607
0.619
0.619
0.619
0.623
0.625
0.617
0.627
0.618
0.614
0.624
0.614
0.62
0.622
0.616
0.618
0.629
0.626
0.621
0.63
0.628
0.627
0.631
0.626
0.628
0.633
0.637
0.632
0.639
0.644
0.647
0.643
0.658
0.661
0.659
0.668
0.668
0.66
0.664
0.671
0.664
0.668
0.675
0.663
0.6811965
0.6833816
0.6855683
0.677
0.682
0.683
0.682
0.69
0.702
0.694
0.695
0.704
0.708
0.712
0.705
0.705
0.709
0.708
0.707
0.72
0.728
0.73
0.739
0.755
0.756
0.741
0.75
0.749
0.732
0.732
0.736
0.727
0.719
0.749
0.766
0.783
0.777
0.78
0.8
0.796
0.774
0.779
0.763
0.79
0.78
0.791
0.815
0.817
0.789
0.814
0.826
0.802
0.806
0.811
0.797
0.793
0.817
0.812
0.788
0.806
0.814
0.795
0.805
0.819
0.811
0.8
0.82
0.809
0.803
0.828
0.83
0.808
0.819
0.8
0.791
0.808
0.812
0.791
0.808
0.821
0.81
0.801
0.829
0.833
0.812
0.828
0.839
0.824
0.819
0.841
0.842
0.834
0.819
0.847
0.831
0.836
0.855
0.846
0.844
0.874
0.877
0.893
0.901
0.86
0.865
0.866
0.841
0.823
0.841
0.828
0.819
0.838
0.85
0.832
0.839
0.831
0.834
0.838
0.833
0.831
0.839
0.837
0.84
0.844
0.853
0.833
0.83
0.838
0.822
0.831
0.838
0.831
0.828
0.82
0.83
0.83
0.819
0.823
0.795
0.778
0.777
0.785
0.794
0.812
0.828
0.824
0.851
0.867
0.858
0.881
0.884
0.887
0.903
0.903
0.88
0.891
0.881
0.86
0.884
0.89
0.876
0.869
0.884
0.879
0.862
0.856
0.884
0.881
0.87
0.873
0.899
0.896
0.908
0.923
0.935
0.94
0.934
0.905
0.93
0.936
0.935
0.924
0.886
0.893
0.892
0.886
0.859
0.851
0.858
0.838
0.839
0.845
0.83
0.817
0.826
0.82
0.808
0.823
0.826
0.823
0.833
0.838
0.844
0.862
0.854
0.862
0.849
0.833
0.822
0.828
0.834
0.834
0.813
0.806
0.814
0.815
0.805
0.798
0.789
0.796
0.792
0.807
0.805
0.82
0.813
0.818
0.829
0.841
0.832
0.848
0.853
0.848
0.845
0.82
0.832
0.838
0.833
0.842
0.85
0.856
0.841
0.833
0.821
0.832
0.84
0.856
0.861
0.864
0.88
0.879
0.888
0.877
0.859
0.85
0.828
0.828
0.822
0.813
0.817
0.818
0.838
0.847
0.863
0.855
0.852
0.839
0.84
0.835
0.841
0.835
0.855
0.849
0.86
0.869
0.867
0.865
0.849
0.823
0.826
0.816
0.828
0.83
0.847
0.858
0.845
0.846
0.856
0.85
0.835
0.837
0.837
0.822
0.817
0.824
0.833
0.842
0.841
0.835
0.837
0.84
0.849
0.839
0.852
0.85
0.841
0.853
0.865
0.858
0.839
0.845
0.829
0.82
0.817
0.817
0.823
0.835
0.858
0.858
0.869
0.874
0.875
0.885
0.898
0.885
0.866
0.869
0.86
0.829
0.821
0.827
0.818
0.818
0.807
0.799
0.808
0.802
0.82
0.837
0.847
0.836
0.825
0.837
0.851
0.855
0.853
0.868
0.873
0.87
0.884
0.873
0.883
0.873
0.855
0.851
0.841
0.834
0.826
0.824
0.833
0.846
0.855
0.856
0.856
0.851
0.86
0.85
0.849
0.85
0.834
0.837
0.842
0.849
0.837
0.833
0.843
0.832
0.834
0.841
0.84
0.826
0.815
0.816
0.828
0.825
0.824
0.823
0.828
0.828
0.833
0.84
0.848
0.86
0.865
0.866
0.874
0.875
0.86
0.848
0.847
0.844
0.844
0.846
0.841
0.854
0.875
0.892
0.878
0.881
0.878
0.875
0.87
0.868
0.854
0.858
0.872
0.887
0.881
0.892
0.913
0.919
0.907
0.914
0.919
0.8353057
0.8340502
0.8327786
0.901
0.917
0.897
0.876
0.885
0.88
0.861
0.864
0.863
0.849
0.851
0.852
0.856
0.866
0.88
0.881
0.877
0.884
0.881
0.8034328
0.8017438
0.8000311
0.7982946
0.7965337
0.7947483
0.7929378
0.7911021
0.7892408
0.7873534
0.7854398
0.7834995
0.7815323
0.7795377
0.837
0.819
0.82
0.79
0.791
0.777
0.778
0.775
0.779
0.782
0.79
0.786
0.788
0.791
0.794
0.7433962
0.7408798
0.7383356
0.7357641
0.7331657
0.7305409
0.7278901
0.793
0.7225124
0.7197863
0.717036
0.714262
0.7114646
0.7086444
0.7058017
0.7029371
0.787
0.6971435
0.6942155
0.6912673
0.6882993
0.6853119
0.6823057
