0.651
0.654
0.648
0.659
0.666
0.679
0.695
0.687
0.674
0.659
0.652
0.652
0.665
0.673
0.677
0.673
0.665
0.667
0.667
0.67
0.666
0.657
0.66
0.658
0.663
0.66
0.66
0.654
0.654
0.646
0.653
0.653
0.654
0.663
0.667
0.667
0.675
0.664
0.666
0.674
0.677
0.673
0.676
0.664
0.657
0.657
0.66
0.658
0.666
0.666
0.666
0.661
0.657
0.666
0.661
0.667
0.665
0.666
0.662
0.667
0.665
0.669
0.671
0.664
0.664
0.659
0.652
0.657
0.665
0.666
0.666
0.665
0.662
0.652
0.673
0.673
0.672
0.67
0.671
0.673
0.666
0.663
0.666
0.666
0.674
0.672
0.685
0.68
0.678
0.679
0.687
0.678
0.681
0.683
0.683
0.681
0.669
0.664
0.668
0.67
0.672
0.667
0.672
0.669
0.667
0.666
0.67
0.668
0.669
0.661
0.653
0.662
0.656
0.663
0.665
0.669
0.666
0.669
0.665
0.669
0.67
0.666
0.664
0.658
0.661
0.659
0.671
0.676
0.68
0.679
0.685
0.676
0.674
0.679
0.681
0.685
0.682
0.676
0.679
0.665
0.669
0.672
0.673
0.686
0.691
0.685
0.684
0.683
0.685
0.679
0.68
0.68
0.679
0.676
0.666
0.665
0.67
0.671
0.683
0.682
0.675
0.675
0.671
0.671
0.673
0.67
0.669
0.661
0.663
0.657
0.662
0.665
0.669
0.664
0.664
0.666
0.669
0.675
0.68
0.684
0.686
0.684
0.681
0.677
0.675
0.682
0.683
0.682
0.685
0.677
0.674
0.67
0.671
0.671
0.674
0.67
0.662
0.665
0.669
0.669
0.669
0.669
0.666
0.664
0.664
0.666
0.667
0.667
0.671
0.665
0.665
0.665
0.666
0.667
0.669
0.667
0.664
0.663
0.664
0.666
0.669
0.677
0.671
0.668
0.666
0.666
0.664
0.656
0.64
0.645
0.647
0.647
0.653
0.652
0.654
0.663
0.668
0.674
0.681
0.682
0.683
0.684
0.684
0.684
0.684
0.693
0.685
0.681
0.68
0.67
0.669
0.67
0.673
0.677
0.681
0.683
0.682
0.683
0.68
0.682
0.691
0.696
0.7
0.703
0.702
0.699
0.703
0.706
0.705
0.695
0.689
0.686
0.686
0.686
0.69
0.694
0.693
0.69
0.682
0.683
0.689
0.694
0.698
0.699
0.699
0.691
0.679
0.682
0.678
0.676
0.68
0.675
0.675
0.678
0.685
0.688
0.689
0.69
0.69
0.687
0.684
0.685
0.686
0.691
0.69
0.697
0.696
0.693
0.686
0.684
0.686
0.689
0.692
0.698
0.704
0.707
0.699
0.692
0.695
0.696
0.698
0.699
0.705
0.707
0.703
0.708
0.703
0.708
0.711
0.716
0.717
0.708
0.708
0.712
0.717
0.717
0.71
0.715
0.712
0.706
0.699
0.698
0.694
0.694
0.691
0.691
0.69
0.683
0.68
0.68
0.677
0.678
0.685
0.682
0.682
0.684
0.685
0.686
0.692
0.689
0.686
0.686
0.688
0.689
0.694
0.694
0.694
0.694
0.69
0.689
0.696
0.699
0.706
0.709
0.703
0.697
0.692
0.692
0.693
0.693
0.696
0.695
0.691
0.691
0.689
0.688
0.685
0.687
0.69
0.69
0.687
0.686
0.685
0.67
0.663
0.658
0.653
0.654
0.656
0.663
0.666
0.669
0.664
0.662
0.662
0.666
0.675
0.678
0.684
0.686
0.683
0.681
0.686
0.694
0.689
0.688
0.684
0.68
0.676
0.672
0.674
0.68
0.681
0.684
0.689
0.685
0.68
0.684
0.684
0.691
0.687
0.682
0.685
0.69
0.694
0.695
0.695
0.684
0.674
0.674
0.673
0.671
0.671
0.675
0.677
0.674
0.676
0.683
0.684
0.684
0.688
0.685
0.686
0.689
0.688
0.692
0.699
0.697
0.695
0.697
0.697
0.7
0.708
0.708
0.709
0.706
0.708
0.702
0.699
0.699
0.701
0.703
0.705
0.705
0.702
0.694
0.693
0.69
0.698
0.704
0.703
0.698
0.692
0.68
0.678
0.678
0.681
0.68
0.679
0.671
0.672
0.673
0.675
0.674
0.674
0.666
0.668
0.667
0.666
0.666
0.668
0.662
0.664
0.663
0.666
0.672
0.669
0.663
0.659
0.661
0.661
0.653
0.654
0.658
0.666
0.66
0.653
0.659
0.664
0.669
0.664
0.658
0.647
0.65
0.653
0.654
0.661
0.664
0.667
0.659
0.666
0.669
0.668
0.676
0.678
0.681
0.68
0.685
0.679
0.671
0.673
0.67
0.671
0.667
0.652
0.646
0.649
0.629
0.624
0.622
0.615
0.612
0.612
0.605
0.603
0.606
0.608
0.609
0.608
0.603
0.598
0.599
0.602
0.602
0.601
0.601
0.603
0.602
0.593
0.595
0.596
0.596
0.592
0.586
0.574
0.581
0.58
0.58
0.582
0.58
0.577
0.586
0.587
0.584
0.591
0.596
0.593
0.596
0.598
0.593
0.597
0.594
0.594
0.587
0.582
0.576
0.577
0.565
0.567
0.562
0.568
0.565
0.563
0.563
0.567
0.564
0.566
0.558
0.563
0.56
0.565
0.564
0.566
0.561
0.561
0.562
0.561
0.557
0.555
0.557
0.557
0.555
0.565
0.56
0.567
0.564
0.566
0.567
0.566
0.571
0.563
0.571
0.565
0.565
0.565
0.561
0.561
0.556
0.558
0.551
0.555
0.553
0.552
0.555
0.553
0.554
0.553
0.553
0.551
0.555
0.552
0.553
0.559
0.556
0.559
0.558
0.561
0.56
0.564
0.561
0.559
0.56
0.554
0.547
0.544
0.542
0.538
0.542
0.54
0.541
0.542
0.541
0.541
0.54
0.542
0.542
0.543
0.542
0.542
0.541
0.541
0.541
0.539
0.537
0.536
0.537
0.535
0.537
0.542
0.54
0.541
0.539
0.54
0.54
0.536
0.538
0.539
0.54
0.539
0.539
0.538
0.537
0.533
0.53
0.528
0.529
0.53
0.527
0.53
0.531
0.533
0.534
0.533
0.53
0.528
0.529
0.527
0.528
0.528
0.53
0.528
0.531
0.526
0.526
0.525
0.52
0.522
0.525
0.53
0.531
0.536
0.533
0.531
0.531
0.528
0.529
0.529
0.529
0.526
0.527
0.523
0.523
0.514
0.517
0.518
0.519
0.522
0.519
0.519
0.517
0.522
0.52
0.521
0.521
0.517
0.519
0.519
0.518
0.518
0.519
0.52
0.52
0.518
0.518
0.514
0.514
0.513
0.515
0.512
0.516
0.517
0.518
0.515
0.515
0.515
0.521
0.518
0.522
0.519
0.515
0.518
0.517
0.515
0.516
0.514
0.509
0.502
0.505
0.504
0.504
0.502
0.501
0.5
0.499
0.5
0.499
0.499
0.497
0.499
0.498
0.496
0.495
0.494
0.491
0.494
0.493
0.492
0.489
0.488
0.487
0.488
0.487
0.487
0.484
0.48
0.48
0.481
0.482
0.482
0.481
0.479
0.479
0.476
0.48
0.48
0.48
0.48
0.482
0.483
0.486
0.487
0.486
0.482
0.481
0.485
0.488
0.491
0.493
0.495
0.487
0.489
0.491
0.497
0.493
0.494
0.498
0.497
0.493
0.488
0.5714503
0.5853237
0.574
0.502
0.496
0.495
0.494
0.497
0.494
0.495
0.498
0.501
0.508
0.505
0.506
0.507
0.507
0.511
0.512
0.513
0.511
0.51
0.51
0.512
0.512
0.513
0.513
0.511
0.506
0.506
0.508
0.507
0.508
0.504
0.505
0.503
0.507
0.511
0.512
0.516
0.516
0.519
0.519
0.514
0.514
0.518
0.515
0.513
0.514
0.518
0.516
0.514
0.51
0.508
0.509
0.512
0.514
0.521
0.519
0.52
0.523
0.525
0.53
0.524
0.533
0.531
0.527
0.524
0.521
0.52
0.522
0.519
0.516
0.516
0.511
0.515
0.52
0.528
0.529
0.528
0.529
0.53
0.526
0.524
0.526
0.527
0.519
0.517
0.522
0.525
0.524
0.524
0.522
0.52
0.518
0.517
0.518
0.519
0.518
0.517
0.514
0.508
0.508
0.506
0.512
0.52
0.526
0.537
0.54
0.544
0.547
0.552
0.569
0.571
0.568
0.565
0.554
0.549
0.546
0.55
0.545
0.54
0.541
0.541
0.538
0.541
0.541
0.54
0.544
0.542
0.546
0.541
0.538
0.541
0.542
0.539
0.541
0.544
0.546
0.546
0.549
0.548
0.55
0.549
0.553
0.551
0.541
0.535
0.532
0.532
0.53
0.525
0.521
0.522
0.517
0.514
0.513
0.512
0.51
0.52
0.521
0.525
0.524
0.531
0.536
0.532
0.53
0.532
0.534
0.536
0.533
0.539
0.541
0.543
0.542
0.545
0.555
0.546
0.546
0.546
0.541
0.54
0.536
0.528
0.526
0.529
0.53
0.53
0.524
0.523
0.519
0.516
0.513
0.512
0.51
0.511
0.514
0.516
0.52
0.52
0.517
0.518
0.516
0.514
0.509
0.509
0.507
0.51
0.509
0.505
0.502
0.503
0.508
0.514
0.518
0.522
0.521
0.523
0.524
0.523
0.523
0.526
0.525
0.524
0.526
0.529
0.529
0.526
0.524
0.516
0.515
0.519
0.522
0.527
0.523
0.521
0.524
0.525
0.53
0.53
0.532
0.541
0.548
0.553
0.552
0.552
0.553
0.544
0.551
0.547
0.544
0.537
0.529
0.529
0.535
0.535
0.532
0.534
0.537
0.53
0.522
0.526
0.524
0.523
0.523
0.526
0.53
0.537
0.535
0.538
0.539
0.537
0.535
0.541
0.542
0.552
0.563
0.569
0.57
0.574
0.553
0.557
0.552
0.552
0.549
0.55
0.548
0.552
0.556
0.572
0.574
0.573
0.573
0.564
0.568
0.574
0.568
0.576
0.585
0.594
0.598
0.59
0.583
0.58
0.585
0.587
0.577
0.581
0.587
0.59
0.595
0.581
0.59
0.587
0.593
0.603
0.605
0.598
0.585
0.579
0.59
0.596
0.606
0.604
0.606
0.592
0.611
0.61
0.615
0.609
0.605
0.588
0.583
0.579
0.594
0.6
0.621
0.621
0.623
0.604
0.611
0.617
0.63
0.631
0.612
0.601
0.593
0.608
0.608
0.614
0.606
0.605
0.608
0.607
0.603
0.606
0.597
0.591
0.59
0.59
0.595
0.591
0.6
0.599
0.596
0.602
0.609
0.624
0.62
0.627
0.625
0.625
0.619
0.633
0.629
0.623
0.619
0.619
0.617
0.609
0.602
0.607
0.61
0.616
0.617
0.611
0.623
0.626
0.63
0.625
0.623
0.626
0.627
0.63
0.632
0.629
0.619
0.623
0.623
0.62
0.631
0.621
0.627
0.633
0.639
0.653
0.638
0.633
0.641
0.65
0.649
0.651
0.635
0.636
0.63
0.637
0.644
0.644
0.644
0.633
0.646
0.651
0.662
0.659
0.645
0.651
0.654
0.65
0.636
0.633
0.637
0.651
0.665
0.672
0.66
0.652
0.662
0.665
0.661
0.67
0.653
0.655
0.652
0.667
0.661
0.655
0.633
0.63
0.627
0.625
0.617
0.616
0.613
0.609
0.611
0.617
0.616
0.621
0.616
0.614
0.615
0.625
0.619
0.617
0.606
0.605
0.606
0.606
0.616
0.618
0.618
0.612
0.613
0.616
0.616
0.611
0.611
0.604
0.608
0.606
0.601
0.604
0.606
0.606
0.608
0.607
0.608
0.603
0.6
0.589
0.587
0.592
0.588
0.589
0.589
0.6
0.6
0.605
0.607
0.604
0.612
0.612
0.617
0.615
0.611
0.614
0.619
0.623
0.62
0.622
0.618
0.619
0.621
0.622
0.625
0.614
0.608
0.607
0.602
0.6
0.605
0.596
0.603
0.614
0.625
0.626
0.636
0.636
0.638
0.633
0.632
0.628
0.627
0.625
0.627
0.629
0.635
0.639
0.639
0.639
0.643
0.645
0.639
0.644
0.64
0.651
0.641
0.632
0.628
0.629
0.634
0.65
0.66
0.646
0.65
0.641
0.647
0.649
0.647
0.642
0.637
0.644
0.643
0.643
0.646
0.652
0.635
0.64
0.656
0.655
0.664
0.658
0.651
0.648
0.642
0.645
0.649
0.639
0.636
0.641
0.644
0.652
0.651
0.661
0.656
0.641
0.632
0.626
0.639
0.642
0.646
0.636
0.635
0.63
0.632
0.635
0.639
0.64
0.642
0.636
0.651
0.657
0.665
0.663
0.663
0.661
0.642
0.637
0.625
0.619
0.641
0.64
0.637
0.628
0.617
0.617
0.622
0.619
0.622
0.62
0.624
0.627
0.629
0.628
0.634
0.636
0.636
0.639
0.636
0.635
0.635
0.633
0.633
0.634
0.632
0.63
0.625
0.625
0.627
0.634
0.636
0.649
0.647
0.643
0.636
0.633
0.63
0.626
0.626
0.624
0.626
0.618
0.622
0.623
0.633
0.625
0.635
0.64
0.633
0.625
0.627
0.618
0.618
0.618
0.624
0.62
0.611
0.613
0.609
0.612
0.61
0.61
0.611
0.616
0.609
0.607
0.605
0.609
0.609
0.616
0.616
0.617
0.615
0.61
0.621
0.625
0.63
0.635
0.64
0.645
0.649
0.655
0.65
0.644
0.637
0.642
0.64
0.646
0.64
0.635
0.63
0.635
0.631
0.626
0.613
0.608
0.611
0.615
0.611
0.615
0.621
0.614
0.617
0.617
0.61
0.607
0.61
0.612
0.613
0.615
0.609
0.606
0.614
0.612
0.613
0.612
0.601
0.6
0.6
0.602
0.602
0.602
0.603
0.601
0.605
0.599
0.597
0.588
0.594
0.588
0.591
0.594
0.605
0.604
0.607
0.612
0.622
0.626
0.634
0.639
0.64
0.649
0.65
0.637
0.648
0.647
0.645
0.65
0.647
0.649
0.652
0.648
0.649
0.651
0.64
0.628
0.628
0.622
0.623
0.633
0.642
0.643
0.656
0.659
0.65
0.656
0.654
0.648
0.64
0.64
0.645
0.648
0.647
0.643
0.637
0.639
0.646
0.642
0.65
0.642
0.64
0.63
0.63
0.624
0.612
0.609
0.603
0.604
0.608
0.61
0.609
0.606
0.609
0.613
0.612
0.62
0.618
0.625
0.616
0.616
0.617
0.625
0.625
0.63
0.627
0.637
0.628
0.622
0.618
0.617
0.6
0.602
0.597
0.601
0.598
0.603
0.605
0.603
0.606
0.601
0.601
0.6
0.593
0.598
0.602
0.604
0.603
0.6761878
0.6135285
0.594
0.592
0.597
0.604
0.604
0.611
0.625
0.627
0.63
0.629
0.64
0.635
0.627
0.633
0.622
0.615
0.597
0.595
0.595
0.597
0.596
0.597
0.599
0.6
0.604
0.61
0.619
0.624
0.628
0.633
0.643
0.635
0.64
0.624
0.625
0.62
0.615
0.621
0.618
0.62
0.615
0.611
0.605
0.598
0.6
0.604
0.606
0.61
0.618
0.621
0.626
0.639
0.645
0.66
0.662
0.652
0.64
0.642
0.64
0.634
0.622
0.622
0.618
0.614
0.609
0.61
0.604
0.612
0.611
0.615
0.618
0.617
0.608
0.609
0.596
0.598
0.595
0.606
0.616
0.623
0.635
0.645
0.654
0.661
0.672
0.656
0.645
0.633
0.632
0.64
0.65
0.662
0.669
0.666
0.667
0.665
0.661
0.665
0.668
0.669
0.656
0.654
0.663
0.67
0.679
0.667
0.666
0.688
0.687
0.694
0.68
0.675
0.678
0.683
0.701
0.695
0.691
0.688
0.67
0.676
0.672
0.672
0.647
0.6243702
0.6912715
0.6384837
0.685
0.669
0.656
0.662
0.661
0.661
0.659
0.657
0.66
0.655
0.654
0.65
0.64
0.64
0.629
0.636
0.631
0.637
0.639
0.631
0.646
0.643
0.643
0.644
0.648
0.641
0.646
0.645
0.639
0.612
0.606
0.603
0.594
0.591
0.586
0.575
0.572
0.572
0.573
0.575
0.571
0.57
0.569
0.567
0.567
0.569
0.57
0.571
0.581
0.592
0.606
0.614
0.629
0.639
0.655
0.665
0.663
0.641
0.646
0.643
0.631
0.633
0.631
0.634
0.623
0.631
0.628
0.626
0.621
0.613
0.621
0.627
0.616
0.608
0.593
0.586
0.583
0.575
0.57
0.568
0.571
0.573
0.575
0.585
0.591
0.596
0.598
0.597
0.601
0.592
0.602
0.586
0.582
0.578
0.573
0.579
0.577
0.571
0.571
0.573
0.576
0.583
0.591
0.588
0.5721331
0.5965512
0.596
0.597
0.598
0.598
0.594
0.59
0.591
0.594
0.6
0.606
0.606
0.609
0.607
0.601
0.595
0.595
0.588
0.59
0.584
0.587
0.596
0.607
0.616
0.625
0.633
0.624
0.615
0.61
0.617
0.615
0.617
0.621
0.619
0.62
0.616
0.617
0.611
0.609
0.607
0.608
0.603
0.601
0.595
0.591
0.585
0.589
0.59
0.59
0.592
0.588
0.596
0.602
0.608
0.6089025
0.721
0.616
0.626
0.628
0.649
0.655
0.662
0.662
0.661
0.656
0.652
0.651
0.646
0.631
0.626
0.631
0.636
0.648
0.654
0.647
0.634
0.633
0.63
0.648
0.639
0.633
0.632
0.632
0.632
0.631
0.629
0.632
0.625
0.627
0.62
0.615
0.602
0.594
0.593
0.596
0.601
0.604
0.612
0.606
0.605
0.605
0.608
0.608
0.618
0.621
0.632
0.629
0.625
0.616
0.611
0.616
0.616
0.61
0.611
0.608
0.609
0.599
0.603
0.597
0.599
0.599
0.604
0.606
0.607
0.613
0.62
0.624
0.617
0.618
0.603
0.603
0.6
0.6
0.603
0.613
0.615
0.619
0.607
0.609
0.612
0.612
0.603
0.604
0.61
0.613
0.617
0.615
0.598
0.608
0.614
0.613
0.625
0.617
0.629
0.63
0.633
0.636
0.634
0.617
0.615
0.615
0.616
0.61
0.611
0.615
0.617
0.631
0.644
0.642
0.655
0.662
0.71
0.685
0.72
0.691
0.688
0.667
0.652
0.646
0.645
0.644
0.646
0.647
0.656
0.65
0.634
0.642
0.647
0.651
0.655
0.656
0.649
0.647
0.637
0.632
0.626
0.616
0.609
0.608
0.604
0.607
0.603
0.606
0.6
0.589
0.597
0.595
0.611
0.624
0.625
0.628
0.629
0.637
0.642
0.647
0.646
0.643
0.642
0.625
0.622
0.607
0.626
0.628
0.632
0.633
0.619
0.617
0.621
0.621
0.626
0.638
0.636
0.64
0.641
0.64
0.625
0.612
0.603
0.604
0.615
0.624
0.632
0.631
0.632
0.643
0.655
0.645
0.634
0.632
0.63
0.624
0.625
0.627
0.622
0.619
0.616
0.607
0.617
0.613
0.608
0.593
0.594
0.598
0.6
0.604
0.601
0.612
0.616
0.608
0.607
0.604
0.614
0.613
0.612
0.611
0.605
0.6
0.596
0.593
0.592
0.594
0.593
0.601
0.608
0.616
0.6778899
0.6414397
0.6431403
0.605
0.608
0.606
0.61
0.616
0.628
0.627
0.637
0.631
0.628
0.625
0.632
0.644
0.648
0.656
0.662
0.655
0.655
0.639
0.626
0.617
0.616
0.607
0.604
0.605
0.612
0.625
0.639
0.635
0.641
0.636
0.628
0.612
0.619
0.625
0.636
0.64
0.632
0.631
0.631
0.625
0.624
0.611
0.604
0.599
0.598
0.597
0.608
0.614
0.607
0.614
0.618
0.633
0.647
0.654
0.672
0.67
0.665
0.649
0.655
0.642
0.635
0.617
0.616
0.615
0.624
0.625
0.625
0.618
0.633
0.639
0.638
0.631
0.63
0.632
0.626
0.627
0.635
0.629
0.638
0.624
0.628
0.625
0.635
0.645
0.64
0.638
0.65
0.648
0.656
0.657
0.663
0.671
0.674
0.676
0.674
0.67
0.66
0.659
0.655
0.654
0.643
0.625
0.631
0.624
0.622
0.613
0.607
0.611
0.612
0.623
0.625
0.612
0.625
0.612
0.603
0.591
0.594
0.593
0.603
0.614
0.629
0.648
0.652
0.657
0.663
0.664
0.63
0.631
0.638
0.633
0.64
0.64
0.634
0.633
0.639
0.65
0.657
0.662
0.678
0.688
0.674
0.66
0.662
0.646
0.633
0.625
0.634
0.637
0.636
0.633
0.632
0.639
0.643
0.636
0.643
0.639
0.64
0.63
0.632
0.633
0.639
0.641
0.632
0.637
0.636
0.635
0.646
0.652
0.649
0.65
0.64
0.638
0.639
0.642
0.649
0.651
0.653
0.645
0.642
0.647
0.647
0.648
0.646
0.642
0.631
0.637
0.642
0.643
0.642
0.645
0.635
0.633
0.628
0.625
0.624
0.62
0.615
0.614
0.615
0.618
0.612
0.611
0.601
0.614
0.61
0.604
0.594
0.593
0.59
0.591
0.592
0.589
0.587
0.584
0.583
0.588
0.59
0.592
0.592
0.597
0.589
0.586
0.589
0.582
0.576
0.578
0.577
0.575
0.578
0.584
0.595
0.604
0.62
0.642
0.65
0.649
0.627
0.638
0.621
0.618
0.609
0.614
0.601
0.593
0.593
0.583
0.582
0.587
0.584
0.585
0.583
0.585
0.579
0.583
0.581
0.584
0.581
0.573
0.582
0.585
0.592
0.592
0.592
0.603
0.603
0.608
0.6
0.6
0.592
0.593
0.595
0.593
0.597
0.598
0.603
0.606
0.614
0.613
0.609
0.608
0.605
0.617
0.625
0.625
0.639
0.635
0.639
0.626
0.627
0.636
0.646
0.639
0.64
0.635
0.631
0.636
0.648
0.65
0.66
0.651
0.639
0.637
0.642
0.644
0.651
0.66
0.657
0.646
0.639
0.647
0.656
0.667
0.672
0.667
0.657
0.648
0.658
0.659
0.666
0.661
0.649
0.65
0.635
0.626
0.623
0.624
0.639
0.649
0.646
0.638
0.629
0.614
0.615
0.613
0.618
0.631
0.656
0.678
0.669
0.679
0.671
0.67
0.667
0.666
0.659
0.633
0.642
0.623
0.609
0.604
0.606
0.604
0.616
0.623
0.633
0.632
0.64
0.648
0.654
0.65
0.642
0.629
0.634
0.628
0.625
0.62
0.609
0.609
0.618
0.608
0.612
0.617
0.606
0.624
0.619
0.625
0.625
0.623
0.601
0.613
0.607
0.6
0.603
0.607
0.616
0.618
0.601
0.61
0.603
0.604
0.613
0.624
0.62
0.626
0.627
0.63
0.623
0.634
0.633
0.633
0.632
0.623
0.611
0.615
0.604
0.607
0.602
0.6
0.6
0.61
0.61
0.618
0.616
0.625
0.634
0.644
0.639
0.627
0.625
0.616
0.611
0.605
0.616
0.612
0.611
0.62
0.627
0.63
0.624
0.613
0.597
0.597
0.601
0.605
0.607
0.607
0.618
0.616
0.616
0.612
0.611
0.596
0.595
0.593
0.594
0.6
0.615
0.627
0.637
0.627
0.623
0.619
0.611
0.591
0.606
0.599
0.603
0.598
0.595
0.589
0.583
0.592
0.589
0.598
0.605
0.599
0.595
0.603
0.61
0.619
0.633
0.64
0.646
0.637
0.625
0.634
0.619
0.62
0.625
0.621
0.601
0.614
0.611
0.61
0.598
0.606
0.602
0.603
0.592
0.599
0.598
0.602
0.589
0.605
0.607
0.609
0.6306586
0.6025735
0.61
0.603
0.61
0.607
0.603
0.595
0.595
0.602
0.606
0.622
0.619
0.623
0.623
0.633
0.642
0.646
0.658
0.666
0.666
0.66
0.657
0.642
0.643
0.639
0.629
0.627
0.634
0.645
0.648
0.64
0.635
0.635
0.624
0.633
0.627
0.637
0.637
0.635
0.628
0.613
0.609
0.607
0.601
0.597
0.589
0.592
0.594
0.603
0.609
0.618
0.607
0.617
0.621
0.623
0.625
0.619
0.614
0.611
0.604
0.612
0.62
0.627
0.631
0.63
0.625
0.607
0.616
0.601
0.6
0.601
0.599
0.598
0.602
0.614
0.624
0.644
0.657
0.663
0.668
0.662
0.657
0.671
0.662
0.655
0.658
0.651
0.633
0.633
0.634
0.638
0.638
0.641
0.643
0.65
0.638
0.639
0.633
0.627
0.619
0.613
0.62
0.625
0.619
0.625
0.627
0.641
0.623
0.628
0.626
0.624
0.632
0.638
0.639
0.637
0.634
0.627
0.621
0.606
0.602
0.601
0.585
0.594
0.591
0.598
0.596
0.588
0.593
0.596
0.595
0.593
0.591
0.589
0.605
0.613
0.619
0.616
0.626
0.64
0.641
0.64
0.633
0.625
0.627
0.618
0.616
0.609
0.608
0.604
0.591
0.593
0.59
0.594
0.601
0.609
0.611
0.611
0.629
0.629
0.621
0.633
0.623
0.63
0.622
0.624
0.608
0.61
0.615
0.603
0.593
0.587
0.59
0.591
0.595
0.592
0.597
0.599
0.604
0.608
0.615
0.626
0.623
0.625
0.641
0.636
0.625
0.628
0.641
0.646
0.65
0.652
0.641
0.626
0.623
0.608
0.62
0.622
0.643
0.663
0.7
0.681
0.713
0.701
0.703
0.697
0.689
0.68
0.665
0.659
0.658
0.656
0.655
0.655
0.634
0.641
0.646
0.651
0.653
0.658
0.65
0.645
0.639
0.632
0.632
0.633
0.644
0.655
0.653
0.646
0.64
0.642
0.639
0.638
0.638
0.643
0.646
0.64
0.624
0.612
0.619
0.616
0.611
0.614
0.62
0.612
0.609
0.606
0.601
0.606
0.598
0.582
0.591
0.594
0.602
0.607
0.606
0.605
0.595
0.608
0.606
0.611
0.609
0.609
0.601
0.601
0.605
0.608
0.603
0.605
0.594
0.589
0.594
0.593
0.594
0.601
0.605
0.608
0.613
0.612
0.595
0.601
0.602
0.611
0.61
0.6
0.594
0.597
0.597
0.598
0.607
0.621
0.615
0.625
0.624
0.625
0.624
0.61
0.625
0.624
0.638
0.636
0.636
0.644
0.645
0.635
0.633
0.631
0.623
0.619
0.618
0.621
0.62
0.616
0.622
0.626
0.631
0.619
0.629
0.64
0.641
0.642
0.645
0.644
0.646
0.632
0.639
0.625
0.621
0.62
0.616
0.611
0.606
0.606
0.592
0.603
0.6
0.602
0.592
0.592
0.591
0.6
0.602
0.606
0.611
0.618
0.622
0.621
0.622
0.608
0.614
0.611
0.617
0.607
0.605
0.617
0.619
0.629
0.634
0.629
0.631
0.636
0.646
0.633
0.639
0.632
0.624
0.62
0.607
0.608
0.607
0.607
0.596
0.596
0.595
0.597
0.599
0.606
0.603
0.601
0.604
0.593
0.59
0.591
0.581
0.582
0.579
0.582
0.58
0.592
0.595
0.597
0.603
0.608
0.611
0.609
0.618
0.619
0.622
0.62
0.612
0.601
0.599
0.603
0.604
0.606
0.604
0.594
0.609
0.602
0.615
0.611
0.609
0.607
0.611
0.623
0.63
0.635
0.646
0.656
0.663
0.672
0.679
0.668
0.668
0.645
0.628
0.607
0.617
0.614
0.613
0.616
0.619
0.626
0.637
0.66
0.663
0.662
0.665
0.655
0.642
0.635
0.652
0.655
0.655
0.638
0.632
0.612
0.621
0.614
0.614
0.614
0.606
0.618
0.608
0.61
0.614
0.617
0.621
0.616
0.614
0.606
0.598
0.605
0.603
0.602
0.603
0.612
0.61
0.611
0.616
0.621
0.624
0.625
0.617
0.624
0.621
0.61
0.618
0.618
0.611
0.609
0.613
0.624
0.625
0.629
0.636
0.646
0.653
0.653
0.647
0.637
0.619
0.623
0.616
0.607
0.598
0.595
0.599
0.601
0.604
0.615
0.61
0.63
0.634
0.65
0.666
0.682
0.694
0.689
0.69
0.704
0.699
0.694
0.69
0.681
0.679
0.673
0.664
0.656
0.649
0.653
0.652
0.652
0.647
0.653
0.655
0.652
0.652
0.65
0.639
0.639
0.641
0.648
0.648
0.641
0.652
0.653
0.655
0.66
0.665
0.667
0.665
0.666
0.676
0.681
0.685
0.692
0.689
0.692
0.685
0.679
0.686
0.684
0.682
0.677
0.676
0.675
0.667
0.669
0.668
0.666
0.664
0.656
0.65
0.65
0.649
0.657
0.655
0.656
0.653
0.655
0.638
0.632
0.64
0.632
0.635
0.632
0.638
0.64
0.638
0.631
0.633
0.637
0.639
0.639
0.639
0.638
0.635
0.631
0.63
0.626
0.62
0.616
0.62
0.623
0.63
0.63
0.635
0.642
0.654
0.672
0.673
0.665
0.659
0.664
0.679
0.68
0.675
0.669
0.659
0.669
0.661
0.658
0.636
0.646
0.626
0.639
0.636
0.632
0.626
0.627
0.634
0.632
0.629
0.64
0.633
0.636
0.626
0.62
0.626
0.626
0.62
0.62
0.618
0.609
0.604
0.602
0.607
0.618
0.631
0.641
0.646
0.657
0.669
0.667
0.678
0.684
0.681
0.685
0.662
0.646
0.642
0.627
0.642
0.636
0.643
0.641
0.632
0.631
0.625
0.621
0.628
0.623
0.631
0.631
0.63
0.622
0.617
0.606
0.612
0.609
0.609
0.604
0.598
0.605
0.614
0.615
0.626
0.634
0.635
0.633
0.64
0.65
0.66
0.667
0.663
0.632
0.645
0.628
0.622
0.613
0.624
0.631
0.632
0.636
0.637
0.623
0.626
0.638
0.64
0.647
0.648
0.643
0.641
0.648
0.643
0.642
0.637
0.613
0.627
0.63
0.627
0.622
0.625
0.626
0.625
0.623
0.625
0.622
0.624
0.625
0.622
0.609
0.617
0.616
0.627
0.624
0.62
0.616
0.62
0.627
0.633
0.626
0.63
0.623
0.624
0.615
0.615
0.615
0.616
0.609
0.616
0.619
0.613
0.616
0.63
0.643
0.661
0.649
0.654
0.669
0.653
0.662
0.66
0.659
0.649
0.649
0.663
0.665
0.679
0.668
0.664
0.667
0.66
0.666
0.666
0.679
0.688
0.697
0.681
0.667
0.657
0.656
0.665
0.663
0.655
0.645
0.65
0.653
0.658
0.656
0.644
0.638
0.639
0.652
0.645
0.64
0.646
0.635
0.634
0.63
0.625
0.612
0.614
0.6
0.602
0.612
0.618
0.625
0.63
0.637
0.624
0.641
0.644
0.648
0.632
0.643
0.625
0.616
0.61
0.609
0.6
0.604
0.611
0.62
0.623
0.623
0.626
0.62
0.627
0.61
0.621
0.614
0.616
0.623
0.623
0.606
0.608
0.611
0.63
0.635
0.641
0.653
0.649
0.632
0.637
0.639
0.646
0.657
0.65
0.656
0.656
0.653
0.645
0.634
0.63
0.628
0.637
0.643
0.652
0.654
0.653
0.651
0.639
0.642
0.64
0.649
0.63
0.64
0.635
0.628
0.619
0.624
0.629
0.638
0.644
0.65
0.638
0.638
0.64
0.642
0.634
0.614
0.618
0.624
0.624
0.62
0.616
0.602
0.614
0.616
0.618
0.606
0.616
0.605
0.589
0.593
0.604
0.611
0.621
0.617
0.618
0.631
0.628
0.625
0.626
0.621
0.628
0.634
0.64
0.641
0.637
0.636
0.62
0.618
0.619
0.628
0.636
0.638
0.638
0.641
0.639
0.647
0.638
0.646
0.654
0.654
0.647
0.644
0.635
0.635
0.642
0.643
0.644
0.643
0.633
0.632
0.619
0.614
0.593
0.588
0.591
0.581
0.579
0.579
0.583
0.591
0.603
0.607
0.606
0.619
0.635
0.646
0.67
0.684
0.682
0.702
0.706
0.696
0.674
0.654
0.649
0.644
0.63
0.632
0.624
0.625
0.625
0.619
0.628
0.629
0.638
0.625
0.611
0.606
0.592
0.582
0.569
0.564
0.556
0.551
0.549
0.55
0.552
0.553
0.551
0.549
0.556
0.552
0.557
0.552
0.555
0.547
0.553
0.561
0.566
0.564
0.574
0.577
0.589
0.6
0.601
0.596
0.592
0.578
0.566
0.56
0.567
0.57
0.579
0.581
0.587
0.588
0.599
0.602
0.603
0.589
0.604
0.605
0.61
0.609
0.61
0.592
0.599
0.595
0.601
0.608
0.599
0.593
0.592
0.575
0.575
0.572
0.573
0.581
0.581
0.607
0.664
0.661
0.688
0.6944766
0.6401626
0.536311
0.662
0.697
0.698
0.682
0.672
0.678
0.687
0.692
0.697
0.699
0.701
0.694
0.687
0.682
0.673
0.669
0.672
0.671
0.676
0.673
0.672
0.661
0.656
0.656
0.663
0.664
0.668
0.664
0.666
0.674
0.678
0.674
0.674
0.672
0.667
0.663
0.649
0.643
0.642
0.64
0.634
0.631
0.61
0.605
0.591
0.598
0.59
0.581
0.591
0.591
0.605
0.597
0.591
0.587
0.597
0.598
0.596
0.6
0.601
0.593
0.582
0.583
0.585
0.591
0.593
0.585
0.589
0.599
0.609
0.606
0.607
0.608
0.61
0.614
0.618
0.612
0.617
0.627
0.631
0.631
0.625
0.626
0.629
0.634
0.645
0.638
0.631
0.626
0.628
0.629
0.639
0.64
0.644
0.627
0.63
0.644
0.648
0.637
0.636
0.645
0.653
0.636
0.639
0.625
0.634
0.635
0.629
0.62
0.613
0.593
0.603
0.6
0.589
0.583
0.582
0.57
0.579
0.572
0.571
0.565
0.562
0.557
0.549
0.547
0.553
0.56
0.568
0.57
0.571
0.579
0.582
0.603
0.599
0.604
0.598
0.591
0.585
0.585
0.596
0.593
0.596
0.599
0.594
0.591
0.586
0.583
0.581
0.575
0.57
0.562
0.559
0.556
0.561
0.562
0.564
0.571
0.578
0.586
0.592
0.601
0.59
0.596
0.596
0.593
0.585
0.587
0.597
0.596
0.59
0.599
0.591
0.594
0.594
0.596
0.595
0.588
0.592
0.584
0.579
0.579
0.572
0.56
0.55
0.56
0.562
0.567
0.571
0.575
0.579
0.584
0.578
0.583
0.588
0.599
0.597
0.593
0.6
0.596
0.598
0.591
0.587
0.594
0.59
0.595
0.592
0.596
0.597
0.601
0.601
0.602
0.601
0.597
0.586
0.581
0.573
0.577
0.584
0.595
0.6
0.599
0.596
0.599
0.592
0.59
0.582
0.579
0.577
0.584
0.594
0.601
0.612
0.61
0.612
0.614
0.613
0.615
0.607
0.606
0.603
0.611
0.613
0.608
0.605
0.6
0.601
0.595
0.592
0.59
0.587
0.591
0.591
0.595
0.602
0.609
0.603
0.598
0.603
0.604
0.612
0.618
0.62
0.623
0.611
0.608
0.616
0.614
0.607
0.607
0.599
0.592
0.586
0.582
0.588
0.59
0.594
0.598
0.606
0.602
0.622
0.628
0.636
0.642
0.636
0.633
0.63
0.623
0.617
0.609
0.595
0.608
0.606
0.605
0.602
0.607
0.609
0.611
0.604
0.589
0.585
0.595
0.597
0.606
0.605
0.614
0.613
0.621
0.62
0.61
0.608
0.611
0.621
0.618
0.621
0.622
0.624
0.64
0.626
0.625
0.615
0.609
0.595
0.593
0.584
0.589
0.588
0.588
0.638
0.638
0.635
0.618
0.609
0.6
0.601
0.604
0.606
0.608
0.609
0.6
0.604
0.603
0.605
0.61
0.613
0.616
0.612
0.617
0.623
0.631
0.626
0.626
0.623
0.617
0.611
0.605
0.605
0.602
0.597
0.605
0.605
0.61
0.618
0.615
0.617
0.615
0.62
0.619
0.615
0.62
0.63
0.626
0.625
0.615
0.626
0.625
0.624
0.618
0.626
0.625
0.641
0.641
0.659
0.664
0.666
0.658
0.653
0.639
0.631
0.625
0.612
0.613
0.608
0.593
0.595
0.592
0.592
0.586
0.586
0.59
0.594
0.596
0.595
0.599
0.603
0.611
0.613
0.62
0.612
0.613
0.6
0.612
0.617
0.622
0.638
0.646
0.651
0.656
0.664
0.67
0.663
0.656
0.66
0.646
0.634
0.627
0.604
0.603
0.611
0.625
0.632
0.63
0.632
0.636
0.636
0.624
0.625
0.617
0.611
0.608
0.602
0.596
0.595
0.595
0.594
0.577
0.586
0.589
0.592
0.59
0.585
0.596
0.607
0.618
0.623
0.635
0.652
0.656
0.657
0.667
0.666
0.654
0.622
0.644
0.638
0.63
0.625
0.626
0.625
0.629
0.623
0.612
0.623
0.618
0.621
0.61
0.612
0.601
0.608
0.614
0.614
0.606
0.615
0.611
0.607
0.608
0.603
0.594
0.585
0.591
0.589
0.593
0.588
0.594
0.594
0.596
0.586
0.59
0.583
0.573
0.589
0.599
0.602
0.619
0.619
0.629
0.636
0.629
0.623
0.645
0.65
0.649
0.634
0.635
0.624
0.624
0.629
0.63
0.618
0.622
0.624
0.624
0.625
0.625
0.623
0.624
0.613
0.606
0.61
0.61
0.625
0.627
0.632
0.632
0.63
0.621
0.617
0.614
0.616
0.621
0.625
0.619
0.621
0.616
0.613
0.608
0.611
0.611
0.613
0.614
0.613
0.611
0.614
0.609
0.604
0.601
0.605
0.599
0.596
0.602
0.607
0.614
0.604
0.604
0.603
0.609
0.608
0.61
0.604
0.603
0.608
0.618
0.617
0.611
0.617
0.63
0.636
0.638
0.647
0.645
0.648
0.648
0.631
0.643
0.631
0.638
0.65
0.653
0.654
0.653
0.638
0.643
0.643
0.648
0.656
0.646
0.637
0.647
0.653
0.657
0.662
0.656
0.65
0.623
0.641
0.636
0.638
0.63
0.625
0.617
0.625
0.617
0.627
0.624
0.626
0.624
0.62
0.617
0.603
0.606
0.6
0.591
0.595
0.593
0.59
0.579
0.573
0.57
0.575
0.585
0.596
0.582
0.593
0.593
0.587
0.589
0.594
0.6
0.607
0.595
0.585
0.588
0.587
0.594
0.6
0.609
0.61
0.611
0.619
0.635
0.631
0.64
0.623
0.626
0.624
0.634
0.648
0.656
0.666
0.664
0.671
0.661
0.646
0.655
0.647
0.659
0.663
0.699
0.71
0.698
0.726
0.704
0.688
0.684
0.703
0.718
0.744
0.723
0.743
0.716
0.703
0.708
0.698
0.67
0.665
0.649
0.679
0.67
0.678
0.665
0.657
0.665
0.678
0.686
0.688
0.672
0.672
0.677
0.703
0.742
0.71
0.718
0.708
0.708
0.702
0.695
0.701
0.682
0.674
0.661
0.646
0.627
0.632
0.617
0.619
0.611
0.612
0.611
0.626
0.629
0.63
0.636
0.628
0.634
0.63
0.633
0.655
0.676
0.681
0.673
0.67
0.694
0.683
0.681
0.67
0.659
0.658
0.664
0.67
0.678
0.655
0.66
0.656
0.647
0.648
0.621
0.628
0.631
0.632
0.625
0.623
0.621
0.632
0.644
0.651
0.65
0.652
0.669
0.685
0.704
0.701
0.694
0.692
0.692
0.707
0.703
0.72
0.719
0.708
0.72
0.703
0.682
0.664
0.663
0.676
0.68
0.688
0.685
0.678
0.682
0.671
0.68
0.693
0.685
0.664
0.678
0.67
0.675
0.683
0.689
0.682
0.674
0.661
0.658
0.639
0.633
0.633
0.648
0.676
0.7
0.701
0.703
0.717
0.709
0.713
0.678
0.668
0.682
0.686
0.687
0.703
0.708
0.714
0.712
0.702
0.684
0.685
0.675
0.671
0.646
0.639
0.647
0.661
0.658
0.672
0.669
0.67
0.668
0.666
0.687
0.708
0.714
0.734
0.749
0.753
0.755
0.744
0.739
0.756
0.764
0.755
0.749
0.749
0.747
0.735
0.732
0.724
0.732
0.748
0.758
0.756
0.75
0.741
0.752
0.751
0.744
0.735
0.732
0.737
0.73
0.735
0.74
0.734
0.742
0.741
0.735
0.741
0.748
0.747
0.733
0.73
0.741
0.739
0.74
0.725
0.727
0.726
0.726
0.719
0.72
0.727
0.722
0.718
0.715
0.711
0.715
0.717
0.708
0.717
0.71
0.709
0.704
0.704
0.706
0.707
0.7
0.692
0.693
0.693
0.686
0.68
0.674
0.666
0.665
0.661
0.649
0.644
0.645
0.646
0.642
0.651
0.65
0.656
0.665
0.663
0.642
0.658
0.642
0.653
0.639
0.633
0.629
0.639
0.636
0.626
0.631
0.633
0.645
0.651
0.663
0.676
0.681
0.685
0.677
0.673
0.665
0.681
0.686
0.698
0.709
0.702
0.708
0.719
0.71
0.712
0.71
0.692
0.684
0.678
0.686
0.68
0.677
0.667
0.661
0.666
0.677
0.683
0.695
0.696
0.691
0.687
0.68
0.668
0.647
0.657
0.662
0.672
0.677
0.666
0.687
0.678
0.667
0.663
0.653
0.646
0.642
0.638
0.642
0.651
0.658
0.661
0.665
0.657
0.646
0.65
0.65
0.682
0.725
0.724
0.728
0.736
0.75
0.759
0.759
0.754
0.75
0.745
0.738
0.744
0.73
0.731
0.729
0.725
0.732
0.737
0.743
0.75
0.747
0.742
0.736
0.737
0.734
0.736
0.738
0.735
0.728
0.718
0.719
0.723
0.725
0.73
0.74
0.738
0.736
0.735
0.726
0.724
0.719
0.709
0.699
0.706
0.699
0.697
0.697
0.693
0.689
0.666
0.665
0.666
0.669
0.67
0.687
0.691
0.696
0.695
0.666
0.681
0.695
0.685
0.676
0.685
0.68
0.666
0.652
0.661
0.665
0.672
0.675
0.665
0.659
0.653
0.638
0.634
0.637
0.648
0.642
0.655
0.677
0.689
0.701
0.686
0.672
0.688
0.724
0.729
0.729
0.732
0.731
0.725
0.727
0.727
0.727
0.736
0.74
0.74
0.75
0.752
0.758
0.758
0.751
0.743
0.746
0.745
0.747
0.747
0.736
0.733
0.726
0.713
0.694
0.693
0.696
0.685
0.692
0.708
0.716
0.719
0.715
0.714
0.711
0.703
0.688
0.694
0.67
0.681
0.686
0.695
0.697
0.709
0.7
0.684
0.678
0.699
0.701
0.726
0.739
0.716
0.703
0.683
0.701
0.695
0.683
0.681
0.667
0.662
0.655
0.656
0.677
0.7
0.711
0.723
0.732
0.726
0.717
0.707
0.693
0.674
0.706
0.702
0.715
0.711
0.681
0.685
0.699
0.697
0.728
0.73
0.728
0.718
0.711
0.716
0.708
0.708
0.673
0.654
0.656
0.659
0.667
0.681
0.693
0.675
0.673
0.672
0.684
0.701
0.722
0.744
0.715
0.703
0.673
0.664
0.681
0.691
0.684
0.682
0.676
0.709
0.721
0.728
0.711
0.714
0.697
0.683
0.676
0.685
0.687
0.689
0.708
0.719
0.708
0.727
0.723
0.739
0.748
0.721
0.702
0.694
0.68
0.68
0.692
0.702
0.725
0.73
0.727
0.749
0.738
0.767
0.749
0.773
0.749
0.765
0.75
0.714
0.705
0.731
0.753
0.711
0.735
0.749
0.727
0.725
0.737
0.694
0.701
0.695
0.703
0.708
0.701
0.712
0.714
0.756
0.761
0.734
0.71
0.702
0.702
0.717
0.717
0.717
0.728
0.715
0.704
0.707
0.692
0.705
0.716
0.736
0.753
0.736
0.726
0.728
0.738
0.728
0.725
0.69
0.686
0.658
0.661
0.65
0.653
0.663
0.647
0.651
0.644
0.639
0.636
0.629
0.638
0.645
0.659
0.662
0.666
0.677
0.682
0.715
0.705
0.719
0.673
0.674
0.66
0.643
0.621
0.615
0.606
0.605
0.611
0.608
0.621
0.635
0.64
0.653
0.667
0.668
0.668
0.671
0.686
0.701
0.722
0.734
0.712
0.698
0.708
0.708
0.711
0.688
0.71
0.706
0.692
0.666
0.681
0.673
0.686
0.694
0.699
0.699
0.691
0.664
0.672
0.651
0.648
0.666
0.678
0.702
0.728
0.722
0.747
0.724
0.763
0.714
0.722
0.711
0.709
0.734
0.708
0.715
0.721
0.723
0.687
0.678
0.67
0.673
0.675
0.679
0.696
0.698
0.726
0.736
0.718
0.723
0.735
0.745
0.766
0.752
0.76
0.723
0.709
0.713
0.737
0.735
0.718
0.705
0.702
0.699
0.675
0.674
0.692
0.684
0.685
0.665
0.666
0.666
0.671
0.673
0.666
0.651
0.671
0.672
0.676
0.695
0.695
0.673
0.683
0.697
0.703
0.735
0.708
0.714
0.699
0.687
0.688
0.68
0.66
0.648
0.65
0.658
0.674
0.692
0.708
0.742
0.74
0.75
0.75
0.745
0.759
0.753
0.758
0.752
0.743
0.744
0.749
0.744
0.727
0.716
0.697
0.69
0.688
0.669
0.683
0.696
0.675
0.686
0.698
0.707
0.689
0.702
0.662
0.656
0.652
0.645
0.627
0.623
0.625
0.62
0.62
0.618
0.612
0.612
0.614
0.617
0.613
0.606
0.595
0.586
0.58
0.583
0.589
0.596
0.609
0.618
0.615
0.613
0.616
0.607
0.609
0.603
0.591
0.592
0.595
0.6
0.606
0.606
0.612
0.606
0.61
0.608
0.613
0.614
0.615
0.615
0.609
0.619
0.624
0.623
0.632
0.631
0.63
0.628
0.623
0.62
0.618
0.616
0.623
0.617
0.631
0.666
0.676
0.712
0.737
0.744
0.763
0.776
0.782
0.794
0.791
0.783
0.761
0.755
0.75
0.745
0.749
0.735
0.723
0.722
0.721
0.714
0.708
0.694
0.68
0.666
0.661
0.641
0.65
0.668
0.687
0.714
0.718
0.725
0.732
0.724
0.715
0.722
0.72
0.716
0.715
0.712
0.708
0.689
0.69
0.686
0.688
0.683
0.682
0.68
0.678
0.672
0.666
0.667
0.668
0.671
0.666
0.666
0.668
0.668
0.67
0.671
0.667
0.666
0.665
0.657
0.664
0.663
0.665
0.663
0.665
0.666
0.671
0.68
0.693
0.699
0.7
0.689
0.684
0.688
0.683
0.691
0.69
0.694
0.707
0.707
0.704
0.696
0.688
0.682
0.671
0.661
0.66
0.655
0.646
0.645
0.619
0.609
0.598
0.594
0.59
0.593
0.592
0.591
0.598
0.604
0.615
0.628
0.636
0.648
0.644
0.652
0.638
0.672
0.675
0.653
0.641
0.655
0.663
0.677
0.68
0.681
0.655
0.669
0.661
0.642
0.641
0.645
0.643
0.642
0.642
0.655
0.657
0.661
0.65
0.652
0.651
0.634
0.622
0.632
0.647
0.658
0.666
0.688
0.681
0.729
0.685
0.698
0.694
0.686
0.685
0.664
0.664
0.666
0.666
0.722
0.706
0.718
0.715
0.713
0.686
0.689
0.702
0.747
0.722
0.741
0.73
0.737
0.738
0.729
0.719
0.702
0.709
0.738
0.747
0.753
0.731
0.734
0.714
0.72
0.72
0.759
0.724
0.727
0.725
0.717
0.719
0.692
0.672
0.689
0.679
0.679
0.657
0.656
0.658
0.667
0.701
0.697
0.695
0.698
0.739
0.709
0.715
0.716
0.72
0.695
0.694
0.697
0.685
0.698
0.731
0.72
0.728
0.748
0.72
0.736
0.691
0.679
0.675
0.689
0.672
0.656
0.652
0.653
0.657
0.66
0.673
0.686
0.7
0.698
0.697
0.679
0.675
0.682
0.688
0.698
0.708
0.744
0.708
0.75
0.719
0.753
0.699
0.703
0.715
0.736
0.717
0.696
0.7
0.714
0.721
0.718
0.738
0.778
0.734
0.77
0.727
0.745
0.713
0.707
0.716
0.725
0.725
0.729
0.713
0.7
0.709
0.747
0.748
0.733
0.72
0.713
0.688
0.687
0.706
0.712
0.727
0.71
0.711
0.704
0.681
0.685
0.695
0.698
0.708
0.708
0.691
0.708
0.696
0.701
0.684
0.699
0.688
0.668
0.666
0.672
0.683
0.681
0.67
0.672
0.669
0.672
0.674
0.682
0.685
0.69
0.693
0.675
0.698
0.675
0.678
0.668
0.657
0.649
0.655
0.655
0.656
0.643
0.647
0.656
0.658
0.644
0.643
0.635
0.637
0.643
0.646
0.657
0.642
0.653
0.654
0.655
0.646
0.651
0.656
0.656
0.689
0.67
0.66
0.653
0.659
0.651
0.653
0.655
0.653
0.665
0.66
0.662
0.682
0.682
0.681
0.67
0.67
0.647
0.656
0.658
0.66
0.65
0.656
0.654
0.65
0.649
0.661
0.666
0.685
0.677
0.68
0.666
0.666
0.661
0.654
0.658
0.66
0.679
0.69
0.686
0.704
0.693
0.692
0.686
0.699
0.708
0.708
0.715
0.699
0.698
0.701
0.709
0.729
0.699
0.699
0.682
0.671
0.663
0.672
0.665
0.673
0.672
0.666
0.666
0.653
0.66
0.66
0.672
0.676
0.675
0.669
0.656
0.648
0.635
0.639
0.634
0.628
0.621
0.616
0.631
0.637
0.65
0.643
0.649
0.642
0.638
0.636
0.629
0.639
0.647
0.641
0.646
0.643
0.639
0.645
0.674
0.686
0.705
0.694
0.689
0.675
0.703
0.706
0.713
0.706
0.707
0.693
0.69
0.669
0.672
0.691
0.691
0.686
0.679
0.683
0.693
0.692
0.679
0.668
0.666
0.678
0.682
0.695
0.69
0.671
0.682
0.685
0.7
0.706
0.701
0.692
0.682
0.672
0.66
0.651
0.645
0.647
0.66
0.668
0.687
0.682
0.684
0.688
0.71
0.742
0.708
0.703
0.684
0.703
0.718
0.724
0.715
0.722
0.709
0.698
0.698
0.694
0.682
0.674
0.676
0.698
0.708
0.704
0.694
0.673
0.67
0.663
0.647
0.638
0.635
0.632
0.633
0.629
0.627
0.629
0.637
0.636
0.649
0.658
0.67
0.673
0.666
0.673
0.672
0.67
0.666
0.659
0.642
0.643
0.646
0.659
0.677
0.668
0.665
0.666
0.686
0.708
0.749
0.718
0.715
0.716
0.728
0.74
0.731
0.723
0.709
0.718
0.745
0.741
0.74
0.694
0.686
0.684
0.66
0.65
0.656
0.665
0.669
0.67
0.668
0.653
0.647
0.637
0.65
0.648
0.644
0.658
0.675
0.687
0.701
0.707
0.699
0.679
0.681
0.671
0.658
0.651
0.655
0.648
0.643
0.659
0.665
0.669
0.646
0.638
0.642
0.643
0.656
0.652
0.647
0.662
0.694
0.702
0.692
0.677
0.684
0.648
0.655
0.654
0.667
0.656
0.655
0.639
0.63
0.619
0.62
0.617
0.611
0.604
0.597
0.609
0.624
0.634
0.633
0.633
0.616
0.611
0.606
0.609
0.616
0.625
0.628
0.652
0.66
0.672
0.704
0.712
0.721
0.705
0.708
0.707
0.7
0.699
0.703
0.711
0.715
0.718
0.721
0.722
0.719
0.711
0.697
0.695
0.691
0.687
0.669
0.667
0.665
0.683
0.69
0.708
0.732
0.725
0.708
0.71
0.717
0.722
0.727
0.722
0.731
0.731
0.717
0.721
0.706
0.698
0.683
0.67
0.657
0.637
0.604
0.598
0.601
0.616
0.62
0.64
0.638
0.653
0.653
0.67
0.701
0.731
0.761
0.774
0.792
0.793
0.793
0.792
0.784
0.787
0.776
0.774
0.766
0.763
0.76
0.742
0.736
0.745
0.749
0.752
0.75
0.732
0.712
0.711
0.719
0.726
0.728
0.736
0.739
0.743
0.735
0.748
0.746
0.751
0.74
0.723
0.724
0.731
0.733
0.733
0.733
0.721
0.71
0.71
0.708
0.712
0.722
0.727
0.729
0.707
0.716
0.708
0.712
0.714
0.702
0.71
0.707
0.707
0.705
0.698
0.692
0.686
0.667
0.667
0.658
0.655
0.652
0.649
0.647
0.645
0.645
0.642
0.641
0.641
0.644
0.647
0.64
0.644
0.651
0.653
0.654
0.656
0.654
0.645
0.632
0.62
0.63
0.632
0.648
0.647
0.649
0.668
0.694
0.721
0.737
0.761
0.764
0.765
0.752
0.743
0.716
0.726
0.718
0.718
0.717
0.716
0.707
0.711
0.722
0.719
0.727
0.73
0.735
0.734
0.729
0.735
0.731
0.73
0.72
0.708
0.714
0.724
0.73
0.731
0.709
0.709
0.708
0.703
0.698
0.705
0.708
0.704
0.708
0.692
0.701
0.694
0.696
0.697
0.688
0.687
0.683
0.68
0.679
0.668
0.672
0.664
0.665
0.667
0.67
0.67
0.661
0.662
0.67
0.676
0.688
0.694
0.691
0.694
0.697
0.687
0.693
0.684
0.663
0.658
0.664
0.666
0.651
0.663
0.67
0.665
0.67
0.659
0.677
0.676
0.675
0.669
0.645
0.647
0.658
0.652
0.648
0.654
0.642
0.637
0.638
0.642
0.654
0.661
0.668
0.672
0.663
0.653
0.665
0.661
0.67
0.663
0.642
0.651
0.655
0.664
0.659
0.646
0.643
0.652
0.674
0.679
0.689
0.664
0.664
0.678
0.695
0.712
0.726
0.734
0.732
0.71
0.753
0.681
0.673
0.68
0.705
0.708
0.719
0.703
0.696
0.692
0.696
0.712
0.748
0.72
0.752
0.702
0.7
0.693
0.719
0.719
0.724
0.727
0.727
0.731
0.707
0.705
0.725
0.732
0.728
0.713
0.683
0.698
0.683
0.694
0.706
0.72
0.713
0.726
0.706
0.701
0.692
0.683
0.674
0.672
0.67
0.657
0.649
0.653
0.643
0.648
0.668
0.674
0.7
0.73
0.727
0.747
0.746
0.741
0.737
0.736
0.735
0.717
0.722
0.721
0.721
0.712
0.708
0.704
0.702
0.694
0.696
0.688
0.685
0.674
0.683
0.682
0.682
0.681
0.674
0.674
0.674
0.685
0.694
0.707
0.716
0.729
0.762
0.76
0.762
0.777
0.805
0.812
0.82
0.819
0.7248774
0.6754029
0.821
0.813
0.81
0.802
0.799
0.79
0.792
0.791
0.789
0.782
0.778
0.773
0.77
0.758
0.745
0.742
0.747
0.75
0.759
0.768
0.765
0.756
0.744
0.719
0.712
0.717
0.715
0.716
0.716
0.712
0.712
0.706
0.7
0.696
0.692
0.684
0.68
0.678
0.675
0.669
0.663
0.667
0.671
0.671
0.683
0.707
0.719
0.737
0.755
0.762
0.753
0.756
0.752
0.735
0.723
0.724
0.731
0.736
0.737
0.742
0.742
0.742
0.736
0.738
0.727
0.73
0.747
0.75
0.745
0.739
0.733
0.731
0.726
0.722
0.719
0.709
0.693
0.698
0.702
0.702
0.705
0.713
0.72
0.726
0.732
0.731
0.72
0.71
0.719
0.726
0.723
0.729
0.732
0.738
0.734
0.751
0.762
0.766
0.771
0.765
0.761
0.747
0.723
0.718
0.727
0.718
0.714
0.708
0.697
0.692
0.683
0.677
0.655
0.655
0.658
0.659
0.66
0.671
0.672
0.679
0.688
0.684
0.668
0.672
0.666
0.674
0.699
0.702
0.704
0.708
0.711
0.704
0.691
0.7
0.693
0.692
0.685
0.665
0.658
0.666
0.667
0.671
0.668
0.65
0.658
0.665
0.661
0.654
0.657
0.655
0.661
0.667
0.664
0.65
0.656
0.654
0.659
0.655
0.652
0.654
0.673
0.678
0.674
0.673
0.676
0.674
0.673
0.678
0.677
0.663
0.674
0.657
0.67
0.672
0.685
0.68
0.673
0.666
0.652
0.666
0.658
0.655
0.665
0.663
0.645
0.645
0.636
0.651
0.661
0.676
0.677
0.68
0.692
0.725
0.725
0.762
0.747
0.71
0.691
0.715
0.734
0.754
0.744
0.765
0.758
0.738
0.722
0.72
0.728
0.731
0.748
0.76
0.749
0.755
0.743
0.743
0.743
0.749
0.754
0.764
0.777
0.778
0.782
0.774
0.767
0.752
0.752
0.755
0.761
0.771
0.774
0.779
0.778
0.766
0.751
0.749
0.752
0.751
0.748
0.732
0.717
0.727
0.73
0.733
0.73
0.718
0.703
0.691
0.693
0.695
0.701
0.699
0.709
0.71
0.712
0.712
0.712
0.714
0.711
0.708
0.703
0.688
0.693
0.691
0.695
0.704
0.707
0.707
0.707
0.704
0.691
0.699
0.704
0.704
0.706
0.707
0.708
0.689
0.696
0.692
0.69
0.696
0.694
0.681
0.685
0.689
0.692
0.703
0.705
0.709
0.714
0.722
0.723
0.718
0.708
0.713
0.715
0.717
0.721
0.708
0.719
0.723
0.721
0.721
0.718
0.715
0.711
0.705
0.685
0.69
0.689
0.685
0.676
0.672
0.666
0.659
0.657
0.671
0.674
0.676
0.662
0.656
0.668
0.681
0.696
0.695
0.711
0.721
0.723
0.721
0.736
0.736
0.736
0.733
0.722
0.728
0.731
0.74
0.743
0.744
0.734
0.725
0.728
0.725
0.718
0.71
0.721
0.723
0.736
0.745
0.733
0.731
0.733
0.736
0.734
0.727
0.724
0.725
0.725
0.724
0.722
0.722
0.715
0.714
0.708
0.702
0.696
0.698
0.697
0.696
0.696
0.694
0.691
0.68
0.661
0.659
0.665
0.678
0.682
0.699
0.697
0.688
0.692
0.708
0.719
0.719
0.709
0.698
0.675
0.673
0.671
0.67
0.67
0.678
0.657
0.664
0.669
0.681
0.685
0.673
0.668
0.677
0.674
0.675
0.675
0.67
0.672
0.67
0.648
0.654
0.654
0.664
0.661
0.666
0.674
0.682
0.687
0.685
0.677
0.668
0.665
0.665
0.67
0.672
0.662
0.689
0.686
0.663
0.683
0.689
0.685
0.674
0.669
0.666
0.673
0.674
0.675
0.687
0.686
0.699
0.69
0.692
0.72
0.709
0.723
0.743
0.72
0.743
0.707
0.723
0.708
0.697
0.681
0.68
0.665
0.683
0.734
0.71
0.719
0.735
0.737
0.734
0.73
0.746
0.712
0.729
0.74
0.717
0.729
0.723
0.716
0.695
0.691
0.68
0.672
0.674
0.661
0.663
0.661
0.66
0.648
0.659
0.657
0.66
0.653
0.645
0.646
0.645
0.647
0.647
0.64
0.625
0.626
0.641
0.64
0.658
0.675
0.696
0.696
0.701
0.71
0.7
0.692
0.7
0.694
0.701
0.694
0.686
0.687
0.686
0.703
0.691
0.681
0.683
0.676
0.67
0.673
0.667
0.666
0.674
0.667
0.663
0.662
0.663
0.66
0.652
0.632
0.642
0.639
0.626
0.613
0.621
0.622
0.623
0.623
0.629
0.612
0.623
0.634
0.641
0.649
0.669
0.678
0.687
0.687
0.687
0.698
0.671
0.66
0.674
0.678
0.678
0.685
0.689
0.687
0.671
0.672
0.666
0.677
0.687
0.692
0.685
0.67
0.656
0.665
0.653
0.641
0.632
0.622
0.627
0.632
0.637
0.654
0.655
0.663
0.656
0.662
0.681
0.69
0.693
0.691
0.684
0.698
0.709
0.7
0.694
0.686
0.666
0.662
0.666
0.668
0.671
0.668
0.682
0.689
0.705
0.695
0.694
0.691
0.681
0.684
0.7
0.709
0.722
0.725
0.723
0.715
0.701
0.686
0.684
0.689
0.694
0.694
0.679
0.681
0.688
0.683
0.652
0.671
0.666
0.653
0.642
0.643
0.643
0.631
0.63
0.623
0.624
0.632
0.637
0.641
0.631
0.652
0.662
0.671
0.675
0.687
0.693
0.691
0.679
0.682
0.663
0.646
0.645
0.646
0.645
0.649
0.653
0.664
0.654
0.645
0.637
0.635
0.636
0.639
0.645
0.639
0.643
0.65
0.658
0.663
0.676
0.675
0.708
0.708
0.714
0.703
0.709
0.706
0.7
0.72
0.752
0.736
0.767
0.753
0.731
0.736
0.747
0.748
0.766
0.725
0.748
0.723
0.757
0.742
0.763
0.732
0.744
0.753
0.711
0.742
0.723
0.724
0.711
0.679
0.667
0.682
0.686
0.694
0.697
0.699
0.695
0.693
0.665
0.677
0.67
0.67
0.657
0.665
0.671
0.68
0.687
0.685
0.688
0.693
0.688
0.689
0.692
0.678
0.673
0.668
0.659
0.654
0.64
0.664
0.659
0.659
0.658
0.66
0.653
0.654
0.645
0.656
0.641
0.643
0.653
0.671
0.691
0.711
0.716
0.707
0.732
0.714
0.694
0.671
0.653
0.653
0.666
0.676
0.694
0.684
0.681
0.716
0.715
0.704
0.698
0.677
0.675
0.685
0.676
0.669
0.661
0.659
0.649
0.647
0.643
0.634
0.632
0.645
0.652
0.67
0.683
0.683
0.693
0.683
0.683
0.679
0.697
0.703
0.708
0.705
0.704
0.678
0.674
0.661
0.643
0.644
0.634
0.624
0.627
0.636
0.638
0.651
0.6360652
0.671842
0.6377472
0.638
0.638
0.634
0.64
0.647
0.648
0.652
0.655
0.647
0.639
0.643
0.651
0.643
0.65
0.664
0.673
0.668
0.666
0.662
0.666
0.671
0.67
0.666
0.666
0.664
0.656
0.639
0.635
0.629
0.633
0.632
0.635
0.645
0.652
0.656
0.653
0.656
0.659
0.647
0.657
0.637
0.637
0.633
0.637
0.641
0.636
0.645
0.641
0.63
0.634
0.63
0.633
0.645
0.653
0.667
0.674
0.682
0.675
0.667
0.67
0.682
0.686
0.679
0.68
0.671
0.657
0.662
0.642
0.636
0.636
0.645
0.649
0.648
0.647
0.655
0.666
0.68
0.689
0.691
0.675
0.677
0.664
0.663
0.67
0.67
0.688
0.674
0.685
0.703
0.696
0.684
0.694
0.711
0.72
0.713
0.701
0.699
0.686
0.67
0.664
0.647
0.663
0.668
0.664
0.64
0.653
0.657
0.657
0.66
0.663
0.662
0.672
0.673
0.669
0.676
0.671
0.65
0.658
0.66
0.67
0.684
0.676
0.682
0.685
0.688
0.679
0.676
0.667
0.675
0.664
0.661
0.658
0.654
0.641
0.638
0.64
0.655
0.658
0.66
0.661
0.667
0.671
0.688
0.7
0.705
0.716
0.717
0.714
0.703
0.707
0.692
0.669
0.657
0.641
0.639
0.624
0.631
0.636
0.648
0.662
0.679
0.691
0.687
0.68
0.696
0.708
0.727
0.749
0.718
0.716
0.718
0.702
0.668
0.665
0.666
0.672
0.683
0.682
0.689
0.691
0.674
0.663
0.653
0.667
0.695
0.704
0.71
0.705
0.708
0.699
0.679
0.666
0.651
0.648
0.678
0.687
0.717
0.731
0.747
0.736
0.759
0.747
0.729
0.708
0.733
0.734
0.755
0.725
0.731
0.719
0.706
0.716
0.722
0.716
0.697
0.703
0.712
0.737
0.712
0.703
0.685
0.688
0.69
0.687
0.705
0.69
0.681
0.668
0.658
0.657
0.666
0.676
0.685
0.695
0.679
0.673
0.658
0.648
0.645
0.639
0.651
0.666
0.679
0.69
0.688
0.69
0.698
0.715
0.71
0.713
0.705
0.709
0.688
0.664
0.643
0.639
0.641
0.636
0.648
0.647
0.642
0.643
0.647
0.648
0.654
0.66
0.654
0.649
0.648
0.655
0.654
0.655
0.654
0.655
0.639
0.654
0.652
0.639
0.649
0.655
0.66
0.653
0.667
0.677
0.685
0.685
0.684
0.681
0.664
0.655
0.648
0.635
0.631
0.627
0.627
0.635
0.643
0.651
0.654
0.648
0.634
0.632
0.635
0.649
0.638
0.646
0.656
0.668
0.672
0.651
0.657
0.669
0.674
0.668
0.699
0.716
0.729
0.715
0.705
0.694
0.697
0.687
0.683
0.674
0.669
0.677
0.681
0.686
0.695
0.711
0.697
0.695
0.707
0.676
0.657
0.669
0.682
0.67
0.683
0.694
0.691
0.685
0.685
0.681
0.669
0.664
0.652
0.638
0.65
0.65
0.653
0.67
0.678
0.673
0.668
0.668
0.67
0.689
0.705
0.712
0.689
0.683
0.691
0.717
0.754
0.759
0.742
0.743
0.749
0.72
0.718
0.699
0.693
0.681
0.693
0.707
0.701
0.7
0.672
0.662
0.66
0.644
0.647
0.626
0.628
0.622
0.617
0.611
0.61
0.606
0.608
0.606
0.606
0.621
0.63
0.642
0.646
0.638
0.632
0.639
0.62
0.609
0.622
0.625
0.623
0.632
0.65
0.659
0.691
0.707
0.715
0.725
0.734
0.73
0.747
0.716
0.715
0.708
0.674
0.661
0.66
0.669
0.675
0.685
0.676
0.674
0.668
0.664
0.669
0.674
0.692
0.7
0.716
0.723
0.711
0.7
0.694
0.696
0.673
0.673
0.666
0.664
0.666
0.673
0.672
0.675
0.677
0.677
0.668
0.673
0.665
0.658
0.658
0.643
0.64
0.634
0.63
0.641
0.647
0.653
0.659
0.662
0.662
0.668
0.667
0.668
0.67
0.665
0.677
0.664
0.662
0.663
0.646
0.636
0.63
0.619
0.629
0.623
0.641
0.641
0.638
0.644
0.645
0.651
0.665
0.665
0.67
0.679
0.669
0.666
0.661
0.656
0.656
0.661
0.674
0.68
0.669
0.655
0.647
0.654
0.663
0.667
0.666
0.655
0.661
0.662
0.681
0.699
0.718
0.698
0.688
0.685
0.676
0.682
0.691
0.692
0.697
0.686
0.687
0.699
0.701
0.711
0.683
0.679
0.674
0.661
0.66
0.652
0.646
0.637
0.634
0.629
0.635
0.64
0.653
0.666
0.693
0.685
0.677
0.683
0.696
0.674
0.663
0.67
0.656
0.659
0.661
0.66
0.663
0.654
0.638
0.659
0.654
0.649
0.636
0.641
0.641
0.644
0.642
0.644
0.639
0.635
0.637
0.63
0.639
0.639
0.649
0.649
0.644
0.652
0.66
0.655
0.661
0.658
0.66
0.655
0.654
0.641
0.625
0.636
0.636
0.632
0.631
0.62
0.62
0.62
0.624
0.632
0.626
0.623
0.635
0.652
0.662
0.67
0.681
0.687
0.665
0.664
0.678
0.681
0.671
0.671
0.67
0.666
0.658
0.66
0.661
0.658
0.653
0.655
0.639
0.633
0.628
0.634
0.649
0.673
0.673
0.666
0.669
0.661
0.646
0.643
0.652
0.661
0.667
0.661
0.676
0.667
0.654
0.659
0.641
0.622
0.614
0.597
0.601
0.595
0.593
0.585
0.583
0.574
0.574
0.578
0.582
0.586
0.586
0.583
0.582
0.577
0.576
0.579
0.573
0.586
0.592
0.598
0.599
0.629
0.639
0.661
0.668
0.688
0.702
0.709
0.692
0.67
0.684
0.672
0.668
0.659
0.644
0.641
0.625
0.612
0.618
0.625
0.647
0.649
0.637
0.656
0.66
0.677
0.67
0.672
0.662
0.652
0.634
0.644
0.648
0.654
0.661
0.65
0.649
0.659
0.673
0.682
0.706
0.722
0.699
0.743
0.706
0.693
0.666
0.665
0.662
0.661
0.693
0.703
0.743
0.724
0.688
0.699
0.692
0.689
0.696
0.699
0.726
0.711
0.721
0.698
0.691
0.691
0.7
0.707
0.688
0.679
0.669
0.671
0.674
0.677
0.695
0.693
0.7
0.723
0.746
0.715
0.728
0.74
0.739
0.705
0.692
0.671
0.659
0.67
0.674
0.675
0.674
0.687
0.693
0.688
0.69
0.685
0.668
0.651
0.661
0.648
0.669
0.671
0.669
0.688
0.692
0.699
0.702
0.697
0.692
0.67
0.67
0.672
0.668
0.671
0.672
0.667
0.661
0.656
0.643
0.646
0.642
0.643
0.656
0.666
0.658
0.67
0.67
0.679
0.666
0.675
0.683
0.744
0.746
0.749
0.743
0.728
0.684
0.653
0.656
0.648
0.666
0.66
0.661
0.667
0.646
0.658
0.656
0.65
0.648
0.654
0.661
0.653
0.643
0.648
0.651
0.663
0.675
0.682
0.666
0.686
0.679
0.679
0.664
0.655
0.661
0.676
0.699
0.707
0.698
0.696
0.69
0.692
0.706
0.689
0.684
0.656
0.644
0.633
0.619
0.599
0.598
0.59
0.595
0.599
0.618
0.638
0.656
0.661
0.679
0.682
0.699
0.695
0.691
0.662
0.634
0.632
0.629
0.639
0.642
0.646
0.656
0.65
0.649
0.644
0.644
0.642
0.661
0.658
0.661
0.654
0.655
0.652
0.633
0.64
0.632
0.645
0.643
0.647
0.636
0.635
0.629
0.626
0.626
0.625
0.639
0.638
0.648
0.655
0.648
0.635
0.627
0.64
0.648
0.651
0.659
0.662
0.636
0.651
0.658
0.659
0.655
0.662
0.671
0.676
0.673
0.679
0.675
0.679
0.67
0.664
0.655
0.646
0.642
0.633
0.634
0.647
0.649
0.652
0.663
0.673
0.676
0.665
0.662
0.649
0.652
0.656
0.66
0.644
0.643
0.649
0.648
0.652
0.649
0.657
0.66
0.658
0.643
0.654
0.651
0.651
0.641
0.629
0.63
0.625
0.608
0.595
0.592
0.593
0.581
0.578
0.583
0.596
0.593
0.591
0.593
0.598
0.598
0.581
0.583
0.583
0.589
0.586
0.581
0.582
0.589
0.586
0.583
0.582
0.583
0.585
0.588
0.588
0.592
0.588
0.586
0.593
0.599
0.594
0.598
0.602
0.6
0.605
0.601
0.595
0.603
0.601
0.599
0.607
0.594
0.594
0.585
0.58
0.583
0.584
0.586
0.588
0.595
0.599
0.604
0.609
0.603
0.593
0.585
0.581
0.586
0.591
0.593
0.597
0.595
0.589
0.589
0.591
0.592
0.595
0.594
0.593
0.595
0.598
0.594
0.595
0.594
0.592
0.598
0.601
0.604
0.6
0.607
0.604
0.602
0.604
0.6
0.6
0.601
0.606
0.604
0.616
0.62
0.62
0.62
0.616
0.608
0.608
0.603
0.606
0.606
0.606
0.609
0.608
0.612
0.609
0.61
0.612
0.61
0.611
0.611
0.613
0.608
0.614
0.607
0.61
0.612
0.615
0.619
0.613
0.611
0.605
0.595
0.588
0.583
0.587
0.595
0.596
0.599
0.598
0.596
0.593
0.59
0.592
0.598
0.603
0.61
0.619
0.62
0.62
0.614
0.6
0.591
0.585
0.586
0.586
0.593
0.594
0.599
0.604
0.606
0.609
0.606
0.621
0.62
0.625
0.63
0.626
0.622
0.619
0.613
0.612
0.612
0.615
0.616
0.628
0.641
0.659
0.65
0.638
0.635
0.631
0.637
0.629
0.623
0.62
0.629
0.627
0.631
0.62
0.616
0.621
0.622
0.631
0.63
0.635
0.638
0.642
0.642
0.642
0.65
0.654
0.631
0.619
0.628
0.619
0.63
0.635
0.641
0.637
0.644
0.643
0.649
0.646
0.642
0.637
0.64
0.636
0.625
0.616
0.624
0.615
0.623
0.613
0.604
0.603
0.589
0.586
0.586
0.581
0.584
0.583
0.581
0.581
0.576
0.573
0.573
0.576
0.581
0.574
0.587
0.596
0.599
0.606
0.612
0.614
0.614
0.619
0.614
0.611
0.606
0.607
0.601
0.597
0.591
0.595
0.599
0.603
0.611
0.617
0.613
0.607
0.603
0.608
0.612
0.609
0.598
0.593
0.588
0.583
0.582
0.574
0.575
0.578
0.587
0.591
0.599
0.6
0.601
0.594
0.597
0.59
0.579
0.585
0.581
0.576
0.571
0.571
0.57
0.563
0.565
0.565
0.568
0.567
0.568
0.57
0.577
0.573
0.577
0.583
0.593
0.595
0.601
0.603
0.599
0.594
0.589
0.586
0.585
0.581
0.58
0.58
0.585
0.588
0.592
0.592
0.589
0.584
0.577
0.579
0.575
0.576
0.573
0.576
0.575
0.574
0.577
0.585
0.583
0.587
0.582
0.588
0.579
0.564
0.568
0.565
0.568
0.565
0.575
0.577
0.583
0.588
0.58
0.574
0.573
0.576
0.581
0.579
0.583
0.589
0.592
0.594
0.606
0.613
0.621
0.614
0.623
0.614
0.611
0.604
0.593
0.595
0.599
0.602
0.594
0.597
0.602
0.606
0.612
0.612
0.618
0.62
0.616
0.621
0.627
0.631
0.633
0.628
0.623
0.618
0.616
0.611
0.611
0.621
0.629
0.635
0.64
0.649
0.64
0.639
0.629
0.63
0.625
0.624
0.625
0.625
0.623
0.622
0.62
0.621
0.621
0.625
0.625
0.633
0.634
0.638
0.633
0.635
0.633
0.629
0.635
0.631
0.629
0.615
0.612
0.606
0.596
0.599
0.597
0.605
0.601
0.61
0.613
0.613
0.611
0.619
0.621
0.62
0.619
0.621
0.623
0.62
0.603
0.595
0.582
0.584
0.583
0.583
0.582
0.583
0.59
0.594
0.6
0.602
0.598
0.608
0.598
0.594
0.595
0.595
0.598
0.595
0.599
0.603
0.604
0.597
0.595
0.591
0.602
0.609
0.616
0.611
0.602
0.601
0.603
0.624
0.631
0.633
0.615
0.61
0.607
0.604
0.601
0.603
0.6
0.594
0.598
0.603
0.589
0.59
0.598
0.586
0.585
0.585
0.588
0.586
0.585
0.588
0.597
0.589
0.588
0.6
0.607
0.623
0.62
0.632
0.632
0.626
0.615
0.619
0.624
0.617
0.615
0.604
0.594
0.588
0.588
0.603
0.611
0.623
0.616
0.619
0.623
0.621
0.613
0.61
0.617
0.625
0.637
0.634
0.627
0.643
0.64
0.648
0.65
0.649
0.645
0.641
0.644
0.654
0.664
0.672
0.658
0.647
0.642
0.65
0.657
0.651
0.652
0.646
0.652
0.648
0.637
0.646
0.622
0.621
0.618
0.613
0.616
0.616
0.612
0.607
0.598
0.597
0.6
0.6
0.601
0.603
0.612
0.616
0.623
0.625
0.619
0.618
0.615
0.618
0.628
0.632
0.635
0.631
0.638
0.648
0.649
0.668
0.683
0.694
0.679
0.684
0.697
0.694
0.711
0.705
0.682
0.675
0.687
0.688
0.695
0.682
0.662
0.662
0.666
0.677
0.678
0.666
0.661
0.642
0.643
0.647
0.653
0.652
0.64
0.633
0.633
0.633
0.641
0.639
0.629
0.636
0.633
0.639
0.638
0.629
0.627
0.615
0.616
0.617
0.619
0.627
0.629
0.642
0.649
0.648
0.65
0.643
0.642
0.642
0.636
0.636
0.633
0.631
0.619
0.629
0.627
0.629
0.619
0.632
0.634
0.65
0.645
0.65
0.642
0.644
0.632
0.63
0.625
0.624
0.614
0.611
0.617
0.617
0.628
0.618
0.593
0.671
0.645
0.649
0.662
0.661
0.676
0.683
0.668
0.667
0.664
0.666
0.675
0.676
0.666
0.676
0.679
0.683
0.668
0.666
0.65
0.654
0.653
0.655
0.666
0.672
0.68
0.686
0.696
0.703
0.705
0.701
0.706
0.713
0.721
0.731
0.735
0.709
0.7
0.718
0.706
0.706
0.707
0.706
0.709
0.712
0.722
0.731
0.73
0.736
0.739
0.735
0.738
0.732
0.733
0.734
0.734
0.732
0.733
0.717
0.708
0.715
0.723
0.731
0.731
0.728
0.719
0.725
0.725
0.731
0.734
0.735
0.731
0.727
0.724
0.721
0.719
0.718
0.724
0.719
0.731
0.726
0.719
0.715
0.705
0.702
0.692
0.694
0.697
0.706
0.712
0.719
0.719
0.724
0.712
0.708
0.701
0.698
0.689
0.696
0.692
0.686
0.683
0.692
0.697
0.702
0.708
0.695
0.696
0.7
0.702
0.707
0.708
0.708
0.707
0.712
0.712
0.716
0.726
0.726
0.718
0.712
0.716
0.724
0.725
0.729
0.73
0.728
0.722
0.729
0.728
0.734
0.73
0.724
0.716
0.717
0.713
0.711
0.704
0.699
0.692
0.699
0.7
0.701
0.702
0.7
0.707
0.708
0.712
0.715
0.712
0.706
0.697
0.688
0.69
0.693
0.691
0.691
0.703
0.711
0.708
0.706
0.704
0.701
0.699
0.702
0.699
0.696
0.703
0.708
0.715
0.716
0.714
0.712
0.706
0.715
0.713
0.713
0.716
0.714
0.712
0.706
0.701
0.708
0.708
0.712
0.714
0.711
0.722
0.729
0.721
0.716
0.715
0.715
0.707
0.712
0.713
0.705
0.703
0.707
0.708
0.708
0.711
0.71
0.71
0.713
0.717
0.72
0.719
0.713
0.721
0.722
0.721
0.718
0.714
0.723
0.72
0.72
0.711
0.708
0.708
0.708
0.712
0.708
0.7
0.706
0.713
0.722
0.725
0.724
0.721
0.712
0.725
0.721
0.721
0.707
0.696
0.689
0.685
0.679
0.679
0.67
0.681
0.681
0.681
0.678
0.688
0.682
0.689
0.68
0.672
0.666
0.654
0.634
0.616
0.609
0.602
0.608
0.606
0.609
0.624
0.648
0.67
0.675
0.694
0.702
0.72
0.735
0.742
0.737
0.721
0.733
0.728
0.727
0.728
0.72
0.729
0.726
0.732
0.727
0.732
0.721
0.712
0.719
0.722
0.717
0.712
0.704
0.708
0.707
0.707
0.706
0.701
0.699
0.703
0.696
0.699
0.691
0.684
0.689
0.691
0.693
0.695
0.701
0.709
0.708
0.711
0.712
0.71
0.709
0.701
0.7
0.702
0.699
0.699
0.692
0.687
0.693
0.692
0.698
0.699
0.702
0.703
0.701
0.701
0.709
0.713
0.713
0.713
0.716
0.715
0.713
0.717
0.718
0.713
0.715
0.717
0.72
0.718
0.713
0.716
0.716
0.712
0.71
0.703
0.7
0.706
0.708
0.711
0.713
0.708
0.703
0.702
0.708
0.712
0.705
0.708
0.705
0.693
0.693
0.693
0.697
0.701
0.708
0.712
0.713
0.714
0.72
0.718
0.725
0.721
0.718
0.718
0.722
0.726
0.724
0.719
0.718
0.719
0.718
0.717
0.723
0.72
0.712
0.713
0.712
0.715
0.711
0.703
0.691
0.688
0.69
0.691
0.687
0.686
0.68
0.683
0.689
0.693
0.693
0.703
0.712
0.721
0.723
0.726
0.721
0.716
0.711
0.708
0.705
0.696
0.698
0.688
0.684
0.686
0.685
0.69
0.695
0.689
0.69
0.687
0.688
0.701
0.713
0.724
0.728
0.726
0.718
0.709
0.702
0.691
0.687
0.676
0.671
0.678
0.682
0.687
0.693
0.699
0.698
0.689
0.687
0.69
0.693
0.694
0.682
0.685
0.688
0.688
0.685
0.702
0.708
0.719
0.727
0.723
0.727
0.731
0.733
0.733
0.728
0.724
0.716
0.718
0.719
0.726
0.729
0.723
0.72
0.727
0.732
0.732
0.737
0.736
0.733
0.736
0.732
0.729
0.729
0.724
0.722
0.711
0.703
0.704
0.698
0.701
0.703
0.705
0.7
0.7
0.706
0.708
0.714
0.715
0.707
0.706
0.71
0.714
0.717
0.72
0.715
0.71
0.715
0.722
0.721
0.723
0.722
0.723
0.721
0.713
0.721
0.721
0.718
0.715
0.716
0.705
0.706
0.708
0.717
0.72
0.721
0.72
0.717
0.712
0.708
0.71
0.71
0.712
0.713
0.71
0.701
0.696
0.702
0.703
0.703
0.708
0.708
0.708
0.71
0.711
0.717
0.712
0.708
0.708
0.709
0.712
0.711
0.717
0.72
0.727
0.725
0.726
0.725
0.715
0.717
0.717
0.723
0.729
0.727
0.72
0.717
0.72
0.728
0.728
0.719
0.723
0.72
0.702
0.704
0.691
0.681
0.676
0.666
0.659
0.637
0.627
0.631
0.634
0.636
0.65
0.649
0.65
0.658
0.67
0.677
0.679
0.69
0.685
0.666
0.669
0.666
0.664
0.668
0.679
0.7
0.702
0.703
0.698
0.705
0.705
0.715
0.716
0.709
0.701
0.7
0.71
0.712
0.71
0.723
0.717
0.708
0.706
0.689
0.695
0.704
0.711
0.71
0.701
0.706
0.712
0.708
0.705
0.714
0.709
0.713
0.71
0.713
0.697
0.686
0.69
0.687
0.679
0.693
0.699
0.688
0.685
0.676
0.674
0.662
0.661
0.666
0.651
0.662
0.649
0.65
0.648
0.663
0.673
0.672
0.683
0.691
0.699
0.7
0.702
0.708
0.711
0.708
0.707
0.7
0.69
0.682
0.671
0.673
0.672
0.673
0.673
0.667
0.643
0.625
0.625
0.622
0.626
0.638
0.647
0.676
0.688
0.697
0.698
0.683
0.692
0.683
0.677
0.681
0.683
0.684
0.678
0.676
0.662
0.664
0.668
0.671
0.689
0.68
0.689
0.69
0.689
0.684
0.679
0.678
0.654
0.656
0.642
0.639
0.662
0.663
0.689
0.701
0.705
0.725
0.74
0.756
0.764
0.762
0.758
0.749
0.743
0.738
0.735
0.725
0.712
0.711
0.71
0.717
0.721
0.716
0.718
0.722
0.719
0.721
0.723
0.728
0.72
0.721
0.722
0.72
0.715
0.714
0.705
0.71
0.709
0.714
0.716
0.719
0.719
0.707
0.699
0.702
0.703
0.706
0.709
0.7
0.7
0.691
0.678
0.682
0.679
0.667
0.666
0.66
0.657
0.643
0.64
0.638
0.64
0.63
0.628
0.626
0.625
0.622
0.635
0.661
0.67
0.667
0.666
0.675
0.689
0.705
0.709
0.711
0.686
0.687
0.69
0.697
0.696
0.707
0.693
0.714
0.708
0.711
0.689
0.682
0.665
0.657
0.648
0.638
0.623
0.615
0.614
0.614
0.632
0.661
0.694
0.711
0.708
0.733
0.795
0.787
0.795
0.783
0.78
0.745
0.732
0.691
0.694
0.693
0.691
0.685
0.682
0.675
0.655
0.645
0.644
0.651
0.66
0.663
0.659
0.682
0.688
0.708
0.72
0.708
0.71
0.701
0.712
0.7
0.698
0.676
0.647
0.648
0.64
0.641
0.637
0.627
0.648
0.649
0.647
0.634
0.629
0.634
0.636
0.629
0.638
0.635
0.638
0.621
0.616
0.624
0.628
0.634
0.639
0.643
0.644
0.627
0.619
0.612
0.611
0.609
0.605
0.604
0.609
0.617
0.625
0.642
0.661
0.647
0.65
0.657
0.659
0.656
0.66
0.652
0.646
0.648
0.663
0.666
0.675
0.663
0.672
0.678
0.676
0.659
0.659
0.666
0.67
0.669
0.663
0.663
0.658
0.672
0.672
0.677
0.658
0.66
0.654
0.647
0.643
0.634
0.635
0.64
0.657
0.663
0.68
0.678
0.666
0.662
0.664
0.665
0.672
0.66
0.657
0.666
0.676
0.678
0.671
0.659
0.657
0.65
0.664
0.675
0.681
0.666
0.664
0.667
0.672
0.666
0.656
0.654
0.664
0.668
0.679
0.673
0.686
0.696
0.711
0.717
0.694
0.681
0.675
0.692
0.703
0.697
0.72
0.699
0.693
0.703
0.703
0.692
0.696
0.696
0.731
0.708
0.699
0.701
0.711
0.7
0.667
0.661
0.651
0.661
0.672
0.685
0.666
0.655
0.65
0.66
0.666
0.681
0.685
0.725
0.733
0.75
0.708
0.681
0.688
0.687
0.681
0.7
0.687
0.669
0.658
0.656
0.67
0.672
0.662
0.66
0.662
0.665
0.693
0.711
0.704
0.693
0.68
0.696
0.681
0.668
0.66
0.652
0.643
0.646
0.65
0.646
0.655
0.636
0.633
0.628
0.637
0.643
0.655
0.651
0.644
0.636
0.646
0.649
0.686
0.686
0.696
0.72
0.715
0.716
0.697
0.684
0.69
0.687
0.682
0.684
0.672
0.666
0.669
0.679
0.671
0.655
0.647
0.64
0.64
0.658
0.664
0.663
0.647
0.639
0.634
0.637
0.644
0.655
0.649
0.636
0.637
0.624
0.622
0.637
0.646
0.658
0.66
0.664
0.666
0.666
0.669
0.667
0.659
0.651
0.653
0.663
0.638
0.625
0.626
0.637
0.638
0.642
0.639
0.639
0.654
0.647
0.656
0.657
0.651
0.667
0.659
0.645
0.647
0.65
0.667
0.688
0.691
0.69
0.668
0.666
0.661
0.658
0.672
0.664
0.657
0.645
0.639
0.643
0.64
0.644
0.654
0.648
0.671
0.68
0.666
0.651
0.643
0.635
0.639
0.637
0.643
0.639
0.637
0.643
0.648
0.643
0.636
0.632
0.631
0.641
0.655
0.666
0.657
0.653
0.647
0.657
0.657
0.664
0.662
0.651
0.644
0.646
0.664
0.663
0.664
0.662
0.64
0.639
0.651
0.666
0.679
0.668
0.649
0.66
0.655
0.656
0.648
0.638
0.653
0.656
0.666
0.66
0.647
0.645
0.651
0.655
0.653
0.647
0.633
0.628
0.628
0.633
0.639
0.637
0.625
0.62
0.624
0.629
0.618
0.614
0.605
0.593
0.592
0.595
0.595
0.602
0.612
0.62
0.625
0.62
0.624
0.625
0.627
0.636
0.638
0.642
0.641
0.632
0.633
0.636
0.641
0.649
0.651
0.646
0.637
0.63
0.635
0.634
0.634
0.641
0.658
0.665
0.663
0.656
0.648
0.648
0.652
0.66
0.659
0.654
0.655
0.658
0.654
0.647
0.646
0.657
0.66
0.66
0.663
0.64
0.634
0.626
0.63
0.645
0.662
0.663
0.666
0.669
0.666
0.673
0.677
0.693
0.713
0.721
0.708
0.707
0.7
0.675
0.666
0.662
0.668
0.672
0.671
0.677
0.668
0.661
0.657
0.648
0.655
0.651
0.658
0.655
0.654
0.666
0.667
0.666
0.676
0.673
0.663
0.657
0.653
0.653
0.659
0.664
0.676
0.668
0.669
0.659
0.653
0.666
0.673
0.68
0.674
0.673
0.67
0.665
0.651
0.636
0.629
0.627
0.635
0.639
0.649
0.637
0.626
0.625
0.612
0.607
0.606
0.611
0.617
0.615
0.621
0.635
0.648
0.654
0.66
0.66
0.663
0.652
0.645
0.648
0.651
0.652
0.653
0.646
0.629
0.625
0.623
0.623
0.634
0.638
0.64
0.63
0.626
0.625
0.626
0.638
0.644
0.647
0.643
0.636
0.634
0.638
0.649
0.662
0.658
0.658
0.652
0.643
0.64
0.64
0.643
0.646
0.653
0.65
0.658
0.645
0.644
0.654
0.656
0.655
0.658
0.657
0.644
0.635
0.63
0.626
0.633
0.632
0.637
0.634
0.632
0.636
0.638
0.647
0.648
0.651
0.64
0.637
0.638
0.641
0.66
0.652
0.654
0.644
0.64
0.636
0.637
0.644
0.645
0.651
0.642
0.636
0.634
0.635
0.636
0.637
0.635
0.623
0.621
0.621
0.617
0.616
0.611
0.607
0.618
0.621
0.619
0.626
0.628
0.629
0.625
0.625
0.626
0.634
0.634
0.638
0.633
0.623
0.613
0.616
0.611
0.613
0.617
0.625
0.62
0.617
0.613
0.612
0.62
0.625
0.626
0.627
0.628
0.629
0.625
0.625
0.628
0.627
0.627
0.621
0.622
0.618
0.625
0.626
0.629
0.62
0.615
0.609
0.603
0.609
0.601
0.605
0.603
0.604
0.602
0.608
0.609
0.612
0.608
0.603
0.601
0.599
0.594
0.59
0.595
0.601
0.608
0.62
0.623
0.632
0.63
0.64
0.64
0.625
0.617
0.61
0.607
0.603
0.6
0.591
0.585
0.581
0.586
0.593
0.597
0.601
0.602
0.603
0.603
0.605
0.608
0.614
0.617
0.62
0.62
0.616
0.615
0.618
0.62
0.622
0.62
0.619
0.623
0.625
0.625
0.63
0.62
0.624
0.618
0.618
0.62
0.621
0.626
0.622
0.619
0.609
0.613
0.607
0.614
0.611
0.612
0.613
0.615
0.613
0.618
0.615
0.62
0.625
0.625
0.633
0.633
0.637
0.639
0.644
0.641
0.632
0.639
0.631
0.632
0.629
0.627
0.62
0.623
0.625
0.626
0.63
0.638
0.637
0.64
0.639
0.636
0.643
0.65
0.657
0.662
0.651
0.659
0.651
0.651
0.651
0.656
0.656
0.653
0.621
0.63
0.616
0.621
0.61
0.608
0.608
0.606
0.615
0.621
0.627
0.621
0.607
0.608
0.606
0.613
0.62
0.625
0.63
0.628
0.624
0.615
0.608
0.606
0.615
0.617
0.62
0.623
0.627
0.629
0.631
0.628
0.629
0.63
0.637
0.639
0.651
0.654
0.656
0.66
0.649
0.643
0.63
0.629
0.636
0.652
0.666
0.671
0.697
0.701
0.692
0.705
0.704
0.703
0.705
0.705
0.701
0.695
0.687
0.68
0.671
0.669
0.647
0.656
0.652
0.65
0.656
0.655
0.658
0.66
0.666
0.661
0.646
0.643
0.63
0.623
0.616
0.623
0.627
0.645
0.657
0.664
0.673
0.681
0.672
0.676
0.686
0.676
0.655
0.646
0.646
0.651
0.663
0.666
0.661
0.647
0.632
0.631
0.625
0.625
0.616
0.608
0.6
0.603
0.616
0.62
0.635
0.651
0.664
0.68
0.679
0.666
0.664
0.654
0.642
0.635
0.65
0.647
0.657
0.655
0.648
0.644
0.631
0.618
0.609
0.603
0.602
0.605
0.617
0.619
0.624
0.627
0.635
0.638
0.637
0.637
0.631
0.623
0.622
0.624
0.625
0.629
0.64
0.647
0.645
0.626
0.618
0.606
0.601
0.601
0.604
0.619
0.62
0.642
0.654
0.654
0.665
0.648
0.649
0.634
0.63
0.643
0.644
0.641
0.637
0.638
0.64
0.629
0.617
0.611
0.605
0.606
0.617
0.625
0.627
0.646
0.652
0.666
0.657
0.661
0.658
0.65
0.632
0.627
0.622
0.626
0.629
0.625
0.626
0.619
0.611
0.604
0.597
0.598
0.598
0.602
0.614
0.618
0.617
0.621
0.618
0.625
0.621
0.623
0.617
0.61
0.609
0.616
0.622
0.627
0.625
0.611
0.607
0.6
0.6
0.607
0.615
0.63
0.639
0.648
0.651
0.654
0.653
0.653
0.648
0.636
0.642
0.67
0.692
0.694
0.692
0.663
0.635
0.625
0.617
0.613
0.62
0.623
0.632
0.631
0.635
0.633
0.639
0.637
0.641
0.637
0.629
0.613
0.621
0.632
0.638
0.638
0.634
0.632
0.616
0.605
0.599
0.601
0.616
0.617
0.627
0.625
0.624
0.621
0.629
0.629
0.631
0.628
0.633
0.63
0.634
0.632
0.64
0.642
0.641
0.638
0.626
0.618
0.613
0.606
0.608
0.616
0.625
0.631
0.64
0.647
0.64
0.653
0.649
0.652
0.653
0.648
0.656
0.659
0.655
0.638
0.615
0.616
0.613
0.605
0.609
0.61
0.625
0.621
0.627
0.623
0.613
0.609
0.604
0.609
0.615
0.614
0.625
0.63
0.627
0.627
0.625
0.628
0.627
0.625
0.628
0.626
0.625
0.614
0.619
0.624
0.629
0.625
0.629
0.621
0.623
0.623
0.625
0.624
0.63
0.625
0.625
0.62
0.624
0.619
0.619
0.617
0.617
0.624
0.625
0.627
0.626
0.622
0.625
0.622
0.619
0.612
0.61
0.602
0.602
0.6
0.604
0.603
0.602
0.598
0.603
0.608
0.615
0.616
0.618
0.617
0.615
0.615
0.613
0.616
0.616
0.617
0.614
0.611
0.604
0.606
0.607
0.613
0.616
0.619
0.623
0.619
0.614
0.612
0.608
0.607
0.605
0.599
0.602
0.614
0.622
0.636
0.636
0.631
0.631
0.625
0.625
0.624
0.624
0.624
0.622
0.62
0.62
0.616
0.618
0.612
0.612
0.613
0.606
0.605
0.606
0.601
0.605
0.599
0.598
0.599
0.605
0.604
0.609
0.607
0.608
0.609
0.606
0.614
0.612
0.604
0.61
0.614
0.608
0.605
0.6
0.602
0.607
0.613
0.605
0.616
0.616
0.624
0.62
0.617
0.626
0.616
0.624
0.612
0.619
0.616
0.617
0.624
0.631
0.625
0.622
0.623
0.625
0.626
0.625
0.626
0.624
0.633
0.648
0.64
0.643
0.64
0.649
0.646
0.643
0.641
0.637
0.633
0.618
0.615
0.607
0.599
0.608
0.625
0.626
0.639
0.642
0.661
0.679
0.71
0.749
0.699
0.706
0.723
0.701
0.675
0.652
0.655
0.649
0.662
0.682
0.695
0.712
0.733
0.718
0.708
0.693
0.704
0.736
0.725
0.726
0.727
0.72
0.727
0.733
0.74
0.742
0.728
0.72
0.723
0.729
0.732
0.737
0.73
0.717
0.718
0.726
0.73
0.737
0.735
0.737
0.737
0.726
0.714
0.722
0.728
0.735
0.742
0.742
0.724
0.725
0.722
0.73
0.729
0.708
0.708
0.713
0.718
0.714
0.713
0.713
0.723
0.731
0.739
0.741
0.727
0.72
0.725
0.724
0.724
0.726
0.715
0.72
0.72
0.726
0.722
0.708
0.707
0.709
0.71
0.71
0.709
0.705
0.702
0.706
0.7
0.696
0.699
0.699
0.701
0.704
0.702
0.704
0.704
0.708
0.709
0.706
0.703
0.706
0.707
0.708
0.711
0.707
0.703
0.705
0.706
0.709
0.706
0.699
0.692
0.698
0.702
0.708
0.715
0.72
0.732
0.731
0.73
0.741
0.746
0.75
0.753
0.747
0.742
0.727
0.718
0.722
0.73
0.739
0.748
0.75
0.742
0.718
0.727
0.738
0.742
0.744
0.743
0.745
0.732
0.727
0.717
0.71
0.67
0.654
0.649
0.645
0.664
0.655
0.641
0.646
0.646
0.635
0.627
0.626
0.628
0.611
0.613
0.615
0.606
0.608
0.611
0.614
0.617
0.61
0.609
0.617
0.62
0.617
0.625
0.638
0.64
0.655
0.653
0.647
0.654
0.662
0.666
0.658
0.664
0.663
0.681
0.692
0.703
0.695
0.694
0.675
0.686
0.685
0.687
0.679
0.669
0.676
0.675
0.673
0.675
0.668
0.673
0.674
0.663
0.664
0.671
0.672
0.663
0.647
0.634
0.627
0.626
0.628
0.627
0.633
0.64
0.651
0.651
0.646
0.645
0.635
0.635
0.623
0.623
0.621
0.627
0.643
0.666
0.679
0.675
0.669
0.671
0.682
0.688
0.687
0.693
0.681
0.681
0.678
0.671
0.668
0.671
0.671
0.663
0.666
0.658
0.666
0.679
0.685
0.69
0.69
0.691
0.689
0.697
0.689
0.705
0.706
0.686
0.693
0.708
0.718
0.744
0.748
0.746
0.724
0.717
0.721
0.728
0.72
0.721
0.715
0.704
0.695
0.716
0.714
0.725
0.739
0.734
0.711
0.715
0.71
0.731
0.73
0.75
0.732
0.73
0.708
0.705
0.705
0.711
0.728
0.723
0.734
0.712
0.697
0.701
0.708
0.723
0.717
0.703
0.702
0.709
0.718
0.708
0.715
0.708
0.698
0.701
0.701
0.707
0.71
0.723
0.702
0.7
0.696
0.699
0.706
0.694
0.698
0.715
0.714
0.72
0.712
0.702
0.706
0.708
0.711
0.706
0.712
0.704
0.709
0.72
0.723
0.726
0.721
0.723
0.707
0.699
0.697
0.698
0.726
0.725
0.734
0.708
0.708
0.701
0.703
0.697
0.696
0.702
0.691
0.698
0.698
0.702
0.705
0.71
0.7
0.694
0.691
0.678
0.691
0.705
0.712
0.73
0.733
0.719
0.707
0.713
0.716
0.717
0.726
0.719
0.724
0.709
0.712
0.706
0.709
0.72
0.728
0.72
0.711
0.72
0.722
0.723
0.721
0.712
0.702
0.703
0.695
0.701
0.706
0.694
0.701
0.682
0.682
0.68
0.689
0.688
0.69
0.693
0.687
0.677
0.674
0.686
0.679
0.699
0.698
0.698
0.708
0.718
0.717
0.725
0.729
0.72
0.708
0.724
0.713
0.721
0.705
0.719
0.701
0.708
0.71
0.715
0.708
0.695
0.689
0.679
0.68
0.68
0.689
0.703
0.702
0.692
0.689
0.687
0.689
0.694
0.695
0.702
0.693
0.689
0.694
0.7
0.707
0.711
0.709
0.704
0.704
0.709
0.715
0.718
0.721
0.714
0.703
0.695
0.697
0.705
0.699
0.7
0.69
0.677
0.684
0.688
0.696
0.71
0.717
0.704
0.694
0.699
0.706
0.707
0.711
0.709
0.702
0.687
0.69
0.676
0.68
0.685
0.681
0.691
0.69
0.697
0.694
0.718
0.732
0.735
0.74
0.72
0.733
0.728
0.732
0.734
0.5892879
0.723
0.718
0.719
0.725
0.724
0.715
0.699
0.702
0.7
0.715
0.711
0.727
0.722
0.712
0.711
0.72
0.72
0.744
0.5923914
0.729
0.717
0.72
0.722
0.715
0.74
0.735
0.715
0.712
0.72
0.709
0.717
0.714
0.707
0.713
0.719
0.72
0.723
0.719
0.71
0.703
0.692
0.69
0.705
0.705
0.716
0.71
0.721
0.725
0.733
0.729
0.72
0.716
0.728
0.724
0.733
0.719
0.71
0.711
0.722
0.719
0.713
0.699
0.69
0.694
0.706
0.706
0.713
0.7
0.691
0.694
0.695
0.704
0.703
0.693
0.692
0.695
0.697
0.692
0.695
0.689
0.693
0.681
0.684
0.691
0.69
0.69
0.698
0.713
0.73
0.725
0.719
0.702
0.705
0.696
0.7
0.702
0.697
0.692
0.686
0.69
0.687
0.7
0.702
0.699
0.713
0.707
0.711
0.708
0.698
0.684
0.69
0.691
0.698
0.686
0.672
0.667
0.664
0.673
0.688
0.685
0.681
0.678
0.67
0.685
0.681
0.684
0.672
0.682
0.67
0.664
0.672
0.672
0.659
0.638
0.648
0.655
0.648
0.659
0.673
0.658
0.639
0.646
0.629
0.648
0.648
0.645
0.635
0.632
0.624
0.614
0.612
0.615
0.613
0.616
0.617
0.623
0.622
0.617
0.61
0.615
0.609
0.606
0.609
0.608
0.612
0.606
0.596
0.599
0.601
0.598
0.598
0.614
0.607
0.606
0.611
0.599
0.602
0.611
0.602
0.605
0.614
0.602
0.603
0.605
0.601
0.611
0.601
0.597
0.598
0.6
0.593
0.598
0.594
0.587
0.593
0.589
0.59
0.588
0.586
0.577
0.583
0.577
0.575
0.578
0.574
0.568
0.572
0.569
0.565
0.572
0.569
0.563
0.572
0.566
0.561
0.564
0.566
0.557
0.562
0.562
0.554
0.558
0.557
0.547
0.552
0.55
0.544
0.551
0.548
0.541
0.547
0.541
0.541
0.542
0.541
0.534
0.54
0.536
0.532
0.537
0.533
0.53
0.536
0.531
0.525
0.531
0.523
0.524
0.529
0.524
0.521
0.525
0.523
0.523
0.52
0.522
0.522
0.52
0.516
0.521
0.514
0.518
0.515
0.512
0.516
0.513
0.509
0.515
0.508
0.509
0.507
0.505
0.507
0.506
0.507
0.508
0.504
0.505
0.505
0.498
0.501
0.5
0.497
0.501
0.499
0.499
0.5
0.496
0.497
0.496
0.497
0.495
0.494
0.496
0.494
0.495
0.495
0.491
0.491
0.48
0.49
0.492
0.484
0.49
0.492
0.487
0.495
0.49
0.489
0.493
0.491
0.489
0.494
0.489
0.49
0.492
0.49
0.49
0.488
0.489
0.491
0.487
0.492
0.493
0.488
0.49
0.49
0.485
0.489
0.485
0.487
0.488
0.486
0.489
0.489
0.488
0.492
0.486
0.491
0.491
0.485
0.491
0.486
0.486
0.488
0.487
0.489
0.486
0.486
0.485
0.477
0.48
0.478
0.48
0.481
0.479
0.478
0.475
0.476
0.475
0.5287292
0.476
0.475
0.6350019
0.6061169
0.5516459
0.6524153
0.6175068
0.5870581
0.6371798
0.6364246
0.6340024
0.6283609
0.6226445
0.5966521
0.5863284
0.5831504
0.5698693
0.5903477
0.5457428
0.6904471
0.6499091
0.5516292
0.5819467
0.5792229
0.631726
0.5953049
0.6094591
0.5975446
0.5969058
0.6563577
0.589128
0.6625206
0.5333021
0.6231791
0.6037266
0.6075741
0.6144399
0.5772363
0.5843309
0.5554134
0.5531382
0.6110691
0.6171348
0.6004471
0.6370508
0.6845516
0.5774249
0.5007685
0.6404452
0.5681386
0.5690017
0.641191
0.5859368
0.5464619
0.6055212
0.5919977
0.5980657
0.6140321
0.5821448
0.6248958
0.5884184
0.6116665
0.6438828
0.6159703
0.5838665
0.6459933
0.6394219
0.620637
0.6075604
0.57101
0.6547923
0.5721235
0.6895811
0.6619618
0.58741
0.554059
0.5673514
0.6080919
0.5868424
0.5825659
0.5570808
0.5952629
0.5640544
0.5268123
0.5810568
0.6357864
0.5727806
0.6226249
0.5287897
0.5946074
0.618813
0.609588
0.6013229
0.5698398
0.5610048
0.5536269
0.6017204
0.5568039
0.5760339
0.5858886
0.6743646
0.5691513
0.6065212
0.5998595
0.5560092
0.5935145
0.6573735
0.6154943
0.5981763
0.5786052
0.5098498
0.6440374
0.5347709
0.6274878
0.6767348
0.535395
0.6257976
0.5851431
0.5299079
0.473
0.471
0.472
0.47
0.5321933
0.5285048
0.5735992
0.47
0.5343134
0.6248842
0.6843738
0.5415947
0.6290087
0.6281932
0.6097549
0.5532285
0.5906647
0.5838542
0.6193712
0.5799198
0.6367634
0.5797743
0.6399001
0.5512881
0.5423687
0.7320446
0.5778544
0.6079641
0.6221959
0.5749509
0.6170955
0.6108347
0.469
0.472
0.471
0.473
0.472
0.474
0.476
0.476
0.478
0.48
0.477
0.477
0.477
0.474
0.469
0.474
0.474
0.471
0.471
0.473
0.478
0.48
0.48
0.483
0.49
0.492
0.496
0.497
0.5
0.5
0.496
0.493
0.49
0.486
0.481
0.478
0.477
0.473
0.472
0.475
0.474
0.479
0.483
0.491
0.499
0.495
0.498
0.498
0.495
0.495
0.49
0.489
0.486
0.485
0.487
0.487
0.484
0.484
0.488
0.492
0.497
0.499
0.501
0.503
0.497
0.495
0.493
0.491
0.491
0.487
0.49
0.489
0.495
0.499
0.5
0.5
0.499
0.497
0.499
0.505
0.507
0.511
0.511
0.522
0.527
0.533
0.531
0.532
0.534
0.535
0.543
0.544
0.542
0.543
0.535
0.524
0.518
0.511
0.511
0.51
0.518
0.521
0.527
0.518
0.5833983
0.5952025
0.5909901
0.607
0.548
0.546
0.542
0.544
0.544
0.535
0.537
0.54
0.53
0.524
0.519
0.513
0.518
0.523
0.531
0.538
0.539
0.54
0.541
0.543
0.544
0.544
0.541
0.534
0.528
0.53
0.526
0.526
0.522
0.514
0.519
0.523
0.532
0.539
0.54
0.53
0.531
0.532
0.533
0.534
0.539
0.547
0.563
0.569
0.568
0.564
0.571
0.585
0.588
0.581
0.576
0.571
0.576
0.585
0.594
0.595
0.589
0.589
0.595
0.596
0.593
0.592
0.592
0.601
0.61
0.61
0.602
0.603
0.601
0.611
0.623
0.615
0.617
0.609
0.594
0.581
0.574
0.583
0.583
0.584
0.58
0.566
0.552
0.555
0.558
0.568
0.579
0.591
0.589
0.582
0.574
0.57
0.587
0.595
0.603
0.603
0.601
0.591
0.591
0.6
0.606
0.608
0.608
0.594
0.589
0.583
0.589
0.59
0.595
0.603
0.595
0.598
0.6
0.605
0.607
0.612
0.606
0.606
0.603
0.589
0.588
0.571
0.566
0.571
0.576
0.58
0.578
0.583
0.583
0.594
0.601
0.598
0.596
0.593
0.595
0.605
0.61
0.619
0.624
0.613
0.619
0.63
0.633
0.641
0.649
0.638
0.634
0.643
0.646
0.647
0.636
0.637
0.645
0.636
0.626
0.616
0.606
0.616
0.618
0.627
0.625
0.622
0.622
0.632
0.644
0.643
0.641
0.632
0.635
0.631
0.612
0.596
0.593
0.588
0.591
0.585
0.593
0.59
0.588
0.583
0.575
0.577
0.581
0.578
0.581
0.583
0.587
0.592
0.596
0.591
0.586
0.592
0.595
0.601
0.603
0.601
0.615
0.624
0.625
0.632
0.622
0.622
0.625
0.631
0.64
0.644
0.6789868
0.5580375
0.5430887
0.648
0.5908692
0.668
0.661
0.661
0.661
0.658
0.658
0.655
0.652
0.644
0.64
0.643
0.646
0.646
0.642
0.634
0.631
0.636
0.639
0.627
0.625
0.625
0.622
0.62
0.621
0.621
0.616
0.611
0.606
0.601
0.595
0.598
0.598
0.598
0.601
0.605
0.604
0.611
0.613
0.62
0.623
0.62
0.62
0.613
0.602
0.597
0.59
0.592
0.585
0.594
0.602
0.6
0.591
0.598
0.601
0.608
0.607
0.609
0.619
0.629
0.625
0.621
0.622
0.626
0.631
0.634
0.629
0.63
0.632
0.619
0.621
0.606
0.601
0.605
0.611
0.617
0.621
0.62
0.619
0.623
0.626
0.628
0.633
0.626
0.628
0.635
0.641
0.645
0.643
0.646
0.639
0.643
0.635
0.644
0.649
0.653
0.652
0.65
0.645
0.638
0.641
0.647
0.651
0.654
0.652
0.646
0.625
0.636
0.631
0.635
0.634
0.632
0.625
0.626
0.616
0.625
0.624
0.618
0.609
0.599
0.616
0.616
0.626
0.625
0.629
0.627
0.625
0.637
0.642
0.64
0.641
0.632
0.634
0.636
0.637
0.636
0.639
0.634
0.638
0.634
0.633
0.636
0.634
0.634
0.642
0.642
0.649
0.647
0.651
0.641
0.646
0.65
0.65
0.65
0.643
0.638
0.645
0.641
0.644
0.644
0.636
0.638
0.645
0.647
0.653
0.661
0.657
0.67
0.678
0.681
0.684
0.677
0.672
0.662
0.673
0.666
0.668
0.665
0.661
0.656
0.656
0.662
0.662
0.661
0.659
0.657
0.655
0.649
0.649
0.648
0.654
0.652
0.659
0.651
0.649
0.662
0.66
0.662
0.661
0.671
0.661
0.662
0.648
0.644
0.64
0.638
0.643
0.645
0.651
0.647
0.653
0.655
0.662
0.659
0.657
0.654
0.658
0.661
0.657
0.655
0.651
0.654
0.657
0.658
0.663
0.659
0.656
0.656
0.661
0.659
0.666
0.66
0.656
0.662
0.664
0.66
0.669
0.665
0.668
0.666
0.665
0.67
0.659
0.636
0.637
0.639
0.648
0.654
0.652
0.653
0.653
0.644
0.651
0.656
0.656
0.659
0.656
0.649
0.655
0.662
0.66
0.657
0.649
0.657
0.661
0.662
0.665
0.661
0.649
0.653
0.658
0.652
0.658
0.649
0.65
0.66
0.665
0.662
0.664
0.652
0.65
0.658
0.658
0.663
0.664
0.66
0.657
0.662
0.645
0.635
0.633
0.641
0.653
0.652
0.65
0.653
0.662
0.658
0.664
0.657
0.658
0.657
0.656
0.649
0.651
0.652
0.65
0.653
0.639
0.644
0.643
0.643
0.647
0.638
0.642
0.638
0.625
0.62
0.619
0.618
0.625
0.625
0.625
0.62
0.615
0.619
0.62
0.616
0.615
0.612
0.607
0.61
0.609
0.613
0.606
0.599
0.606
0.6
0.601
0.607
0.614
0.621
0.626
0.621
0.629
0.626
0.63
0.629
0.628
0.637
0.629
0.627
0.619
0.618
0.617
0.617
0.621
0.625
0.624
0.62
0.625
0.625
0.624
0.625
0.618
0.624
0.625
0.625
0.625
0.624
0.622
0.627
0.625
0.625
0.625
0.622
0.619
0.624
0.621
0.626
0.628
0.627
0.629
0.625
0.627
0.626
0.625
0.629
0.622
0.616
0.622
0.622
0.619
0.62
0.619
0.617
0.621
0.622
0.623
0.618
0.618
0.622
0.619
0.618
0.62
0.624
0.616
0.614
0.616
0.616
0.613
0.613
0.606
0.599
0.598
0.597
0.593
0.597
0.589
0.584
0.582
0.587
0.583
0.566
0.571
0.565
0.568
0.568
0.575
0.583
0.592
0.602
0.613
0.619
0.62
0.625
0.629
0.635
0.633
0.636
0.626
0.625
0.634
0.632
0.634
0.635
0.629
0.624
0.624
0.622
0.621
0.621
0.623
0.615
0.62
0.619
0.62
0.618
0.615
0.616
0.615
0.613
0.616
0.61
0.611
0.611
0.609
0.605
0.593
0.593
0.583
0.585
0.584
0.58
0.582
0.581
0.581
0.581
0.579
0.579
0.583
0.588
0.586
0.583
0.583
0.587
0.587
0.591
0.592
0.595
0.599
0.603
0.61
0.613
0.614
0.615
0.612
0.617
0.622
0.625
0.624
0.621
0.62
0.621
0.624
0.625
0.626
0.617
0.625
0.633
0.628
0.626
0.624
0.617
0.611
0.605
0.606
0.599
0.599
0.608
0.619
0.625
0.628
0.632
0.63
0.638
0.641
0.639
0.635
0.632
0.631
0.629
0.632
0.631
0.636
0.637
0.64
0.642
0.634
0.634
0.63
0.625
0.62
0.621
0.623
0.623
0.623
0.625
0.622
0.621
0.616
0.619
0.624
0.625
0.628
0.623
0.631
0.627
0.629
0.623
0.619
0.622
0.624
0.617
0.612
0.611
0.611
0.614
0.616
0.614
0.618
0.621
0.618
0.623
0.625
0.63
0.63
0.633
0.632
0.629
0.629
0.632
0.63
0.626
0.625
0.625
0.628
0.632
0.629
0.626
0.625
0.628
0.627
0.624
0.626
0.624
0.625
0.624
0.625
0.632
0.626
0.625
0.631
0.632
0.63
0.633
0.63
0.632
0.631
0.633
0.63
0.636
0.633
0.638
0.641
0.644
0.637
0.647
0.646
0.645
0.641
0.634
0.631
0.63
0.633
0.634
0.633
0.636
0.641
0.632
0.63
0.627
0.63
0.629
0.628
0.63
0.629
0.635
0.64
0.645
0.637
0.635
0.635
0.633
0.637
0.633
0.631
0.626
0.631
0.624
0.608
0.608
0.605
0.607
0.605
0.602
0.607
0.606
0.605
0.599
0.599
0.597
0.594
0.593
0.595
0.6194889
0.624862
0.588
0.589
0.591
0.594
0.589
0.587
0.586
0.583
0.584
0.583
0.578
0.575
0.576
0.576
0.578
0.582
0.583
0.589
0.589
0.592
0.592
0.588
0.587
0.584
0.584
0.587
0.586
0.588
0.586
0.583
0.5890769
0.5636442
0.579
0.583
0.589
0.593
0.592
0.592
0.594
0.591
0.593
0.596
0.6
0.601
0.602
0.598
0.597
0.598
0.601
0.601
0.602
0.595
0.598
0.593
0.594
0.598
0.602
0.605
0.605
0.606
0.606
0.605
0.606
0.605
0.6
0.602
0.592
0.592
0.59
0.59
0.589
0.583
0.581
0.587
0.591
0.592
0.59
0.59
0.595
0.595
0.602
0.599
0.599
0.599
0.596
0.59
0.6652969
0.597391
0.5757173
0.586
0.583
0.574
0.575
0.572
0.57
0.566
0.571
0.572
0.575
0.574
0.574
0.579
0.583
0.588
0.589
0.6033917
0.6051083
0.6602646
0.6171267
0.6454038
0.5926501
0.6227994
0.6001465
0.6178856
0.576233
0.5587934
0.6982792
0.6394924
0.5615096
0.5885562
0.575
0.5644903
0.7071911
0.6699032
0.6034863
