0.785
0.791
0.811
0.839
0.833
0.831
0.809
0.791
0.808
0.824
0.798
0.813
0.811
0.822
0.799
0.791
0.804
0.831
0.824
0.8
0.805
0.814
0.82
0.801
0.769
0.791
0.801
0.838
0.846
0.864
0.874
0.868
0.843
0.845
0.882
0.879
0.885
0.883
0.864
0.851
0.843
0.883
0.865
0.868
0.874
0.84
0.844
0.842
0.877
0.861
0.852
0.831
0.823
0.81
0.829
0.83
0.826
0.843
0.813
0.816
0.81
0.841
0.833
0.831
0.802
0.794
0.796
0.789
0.789
0.785
0.77
0.758
0.745
0.743
0.758
0.753
0.755
0.736
0.724
0.705
0.701
0.697
0.705
0.713
0.719
0.721
0.727
0.738
0.768
0.77
0.783
0.8
0.811
0.799
0.776
0.769
0.796
0.795
0.799
0.803
0.803
0.781
0.781
0.793
0.791
0.795
0.795
0.792
0.774
0.772
0.785
0.78
0.789
0.794
0.795
0.793
0.778
0.771
0.791
0.791
0.798
0.799
0.796
0.786
0.773
0.79
0.787
0.791
0.791
0.769
0.758
0.756
0.772
0.76
0.74
0.734
0.735
0.732
0.726
0.733
0.766
0.771
0.791
0.791
0.789
0.767
0.796
0.798
0.806
0.806
0.8
0.775
0.768
0.789
0.791
0.796
0.8
0.788
0.771
0.776
0.802
0.808
0.811
0.809
0.794
0.767
0.781
0.788
0.793
0.8
0.796
0.775
0.777
0.792
0.801
0.808
0.805
0.782
0.766
0.768
0.783
0.791
0.798
0.79
0.77
0.764
0.787
0.787
0.792
0.781
0.76
0.756
0.777
0.78
0.792
0.788
0.768
0.757
0.776
0.78
0.791
0.787
0.763
0.752
0.778
0.773
0.784
0.766
0.76
0.752
0.776
0.781
0.796
0.781
0.761
0.768
0.782
0.786
0.788
0.764
0.753
0.761
0.787
0.79
0.787
0.768
0.766
0.777
0.785
0.798
0.8
0.778
0.776
0.796
0.807
0.818
0.81
0.801
0.783
0.819
0.834
0.827
0.81
0.785
0.795
0.805
0.821
0.837
0.817
0.805
0.781
0.796
0.804
0.834
0.82
0.801
0.779
0.774
0.789
0.795
0.814
0.79
0.778
0.786
0.789
0.797
0.779
0.752
0.738
0.744
0.766
0.766
0.749
0.742
0.737
0.757
0.77
0.787
0.75
0.746
0.749
0.771
0.78
0.779
0.754
0.75
0.771
0.783
0.791
0.774
0.752
0.755
0.777
0.782
0.783
0.758
0.75
0.776
0.782
0.797
0.8
0.776
0.761
0.781
0.79
0.821
0.808
0.796
0.781
0.809
0.825
0.846
0.818
0.805
0.781
0.795
0.803
0.822
0.821
0.805
0.783
0.813
0.812
0.82
0.804
0.785
0.778
0.807
0.791
0.758
0.755
0.771
0.741
0.739
0.757
0.76
0.763
0.753
0.743
0.762
0.767
0.787
0.788
0.78
0.753
0.776
0.78
0.791
0.814
0.801
0.792
0.773
0.801
0.82
0.833
0.812
0.801
0.791
0.791
0.798
0.813
0.805
0.795
0.787
0.805
0.825
0.825
0.819
0.804
0.794
0.809
0.824
0.819
0.805
0.794
0.788
0.8
0.815
0.822
0.812
0.801
0.791
0.804
0.824
0.824
0.812
0.805
0.783
0.804
0.811
0.824
0.815
0.801
0.778
0.79
0.794
0.808
0.811
0.81
0.796
0.773
0.789
0.787
0.807
0.815
0.806
0.795
0.783
0.788
0.804
0.809
0.815
0.808
0.795
0.772
0.796
0.806
0.823
0.82
0.8
0.791
0.77
0.797
0.813
0.818
0.809
0.798
0.778
0.791
0.793
0.803
0.811
0.798
0.787
0.776
0.791
0.798
0.806
0.8
0.791
0.78
0.779
0.783
0.801
0.81
0.791
0.781
0.762
0.786
0.791
0.798
0.792
0.783
0.777
0.787
0.793
0.805
0.795
0.794
0.8
0.826
0.856
0.846
0.842
0.813
0.81
0.823
0.817
0.815
0.799
0.773
0.795
0.801
0.813
0.795
0.773
0.791
0.799
0.808
0.805
0.797
0.778
0.793
0.804
0.814
0.796
0.783
0.786
0.79
0.796
0.789
0.78
0.766
0.779
0.786
0.78
0.766
0.746
0.764
0.77
0.781
0.787
0.78
0.768
0.774
0.782
0.791
0.78
0.761
0.762
0.772
0.785
0.805
0.788
0.782
0.757
0.78
0.786
0.8
0.794
0.789
0.776
0.78
0.794
0.811
0.805
0.803
0.788
0.779
0.793
0.806
0.815
0.818
0.8
0.794
0.79
0.808
0.821
0.83
0.825
0.804
0.794
0.812
0.809
0.819
0.803
0.791
0.78
0.791
0.812
0.796
0.786
0.779
0.785
0.791
0.777
0.752
0.746
0.766
0.781
0.787
0.789
0.773
0.752
0.783
0.799
0.811
0.795
0.777
0.771
0.773
0.79
0.794
0.78
0.772
0.771
0.792
0.819
0.809
0.791
0.768
0.749
0.727
0.745
0.75
0.764
0.769
0.772
0.766
0.737
0.744
0.736
0.731
0.721
0.711
0.709
0.705
0.704
0.69
0.679
0.675
0.684
0.692
0.694
0.706
0.696
0.697
0.708
0.726
0.73
0.711
0.704
0.697
0.699
0.709
0.722
0.72
0.707
0.699
0.695
0.702
0.713
0.731
0.711
0.708
0.698
0.701
0.698
0.697
0.689
0.689
0.693
0.694
0.686
0.678
0.679
0.683
0.678
0.689
0.708
0.712
0.7
0.695
0.694
0.71
0.724
0.73
0.721
0.717
0.732
0.739
0.756
0.75
0.721
0.712
0.705
0.695
0.662
0.656
0.649
0.653
0.65
0.641
0.634
0.636
0.635
0.639
0.635
0.633
0.629
0.64
0.654
0.662
0.666
0.666
0.655
0.655
0.664
0.679
0.687
0.696
0.689
0.68
0.668
0.675
0.694
0.702
0.698
0.703
0.706
0.709
0.696
0.688
0.702
0.706
0.707
0.697
0.685
0.69
0.712
0.715
0.723
0.709
0.711
0.725
0.732
0.732
0.703
0.691
0.7
0.717
0.72
0.71
0.717
0.717
0.72
0.743
0.75
0.753
0.753
0.758
0.767
0.793
0.812
0.804
0.799
0.776
0.753
0.774
0.781
0.784
0.762
0.738
0.739
0.758
0.769
0.781
0.786
0.778
0.768
0.766
0.793
0.6305107
0.803
0.809
0.772
0.708
0.696
0.681
0.671
0.666
0.662
0.652
0.643
0.626
0.622
0.621
0.623
0.624
0.619
0.615
0.605
0.601
0.601
0.598
0.599
0.603
0.604
0.605
0.607
0.607
0.617
0.62
0.619
0.616
0.604
0.599
0.598
0.6
0.597
0.596
0.602
0.603
0.602
0.602
0.6
0.604
0.611
0.612
0.606
0.608
0.616
0.617
0.616
0.612
0.611
0.613
0.618
0.617
0.612
0.61
0.615
0.617
0.617
0.613
0.609
0.604
0.609
0.608
0.606
0.604
0.599
0.602
0.607
0.606
0.6
0.6
0.6
0.603
0.602
0.597
0.588
0.594
0.597
0.599
0.599
0.597
0.589
0.596
0.599
0.602
0.6
0.593
0.585
0.591
0.595
0.597
0.594
0.588
0.586
0.589
0.592
0.594
0.586
0.583
0.583
0.584
0.583
0.579
0.575
0.575
0.573
0.577
0.575
0.571
0.566
0.562
0.565
0.568
0.564
0.561
0.557
0.556
0.561
0.563
0.561
0.554
0.551
0.556
0.556
0.556
0.549
0.55
0.549
0.551
0.553
0.549
0.544
0.543
0.543
0.545
0.547
0.544
0.541
0.536
0.538
0.539
0.536
0.533
0.526
0.526
0.524
0.526
0.526
0.527
0.522
0.6295865
0.603
0.523
0.521
0.521
0.516
0.516
0.516
0.518
0.519
0.521
0.518
0.513
0.513
0.514
0.517
0.515
0.517
0.512
0.513
0.512
0.512
0.51
0.512
0.509
0.503
0.504
0.506
0.504
0.504
0.502
0.502
0.5
0.502
0.502
0.501
0.499
0.498
0.498
0.499
0.5
0.501
0.497
0.496
0.497
0.5
0.5
0.499
0.497
0.494
0.495
0.5
0.498
0.5
0.5
0.494
0.495
0.495
0.498
0.499
0.495
0.493
0.488
0.491
0.49
0.491
0.491
0.489
0.485
0.485
0.487
0.49
0.49
0.484
0.482
0.486
0.484
0.487
0.488
0.483
0.482
0.481
0.485
0.485
0.486
0.484
0.7122976
0.6365261
0.482
0.483
0.485
0.484
0.482
0.48
0.6390147
0.482
0.482
0.481
0.482
0.48
0.7192733
0.48
0.486
0.484
0.485
0.486
0.485
0.488
0.483
0.488
0.486
0.485
0.485
0.481
0.489
0.493
0.498
0.499
0.495
0.495
0.498
0.502
0.506
0.508
0.507
0.508
0.511
0.518
0.524
0.525
0.524
0.519
0.527
0.531
0.541
0.544
0.543
0.539
0.54
0.546
0.554
0.562
0.563
0.555
0.549
0.553
0.557
0.563
0.571
0.581
0.577
0.566
0.564
0.57
0.578
0.577
0.568
0.558
0.556
0.558
0.565
0.565
0.559
0.557
0.556
0.565
0.571
0.567
0.562
0.565
0.571
0.58
0.588
0.592
0.584
0.579
0.577
0.58
0.592
0.6
0.595
0.583
0.591
0.6
0.612
0.607
0.594
0.6
0.616
0.621
0.616
0.628
0.65
0.658
0.633
0.61
0.594
0.605
0.625
0.644
0.638
0.627
0.636
0.659
0.666
0.643
0.63
0.632
0.636
0.623
0.597
0.584
0.594
0.613
0.634
0.653
0.667
0.653
0.64
0.657
0.666
0.676
0.676
0.66
0.653
0.665
0.674
0.665
0.641
0.63
0.632
0.633
0.624
0.642
0.641
0.631
0.628
0.638
0.649
0.628
0.625
0.63
0.635
0.632
0.617
0.619
0.63
0.645
0.641
0.625
0.628
0.637
0.647
0.64
0.628
0.64
0.644
0.635
0.636
0.651
0.671
0.692
0.702
0.692
0.678
0.685
0.7
0.7
0.687
0.672
0.679
0.689
0.686
0.667
0.664
0.677
0.692
0.685
0.668
0.663
0.667
0.681
0.683
0.667
0.658
0.667
0.693
0.7
0.685
0.673
0.681
0.692
0.69
0.663
0.66
0.658
0.664
0.667
0.662
0.648
0.64
0.634
0.623
0.623
0.635
0.662
0.67
0.678
0.667
0.654
0.658
0.672
0.679
0.675
0.667
0.67
0.693
0.718
0.723
0.711
0.697
0.697
0.709
0.71
0.706
0.693
0.686
0.697
0.727
0.752
0.744
0.72
0.711
0.708
0.691
0.682
0.669
0.676
0.693
0.706
0.702
0.686
0.687
0.703
0.717
0.717
0.7
0.684
0.687
0.708
0.723
0.732
0.736
0.731
0.716
0.713
0.718
0.721
0.713
0.706
0.696
0.703
0.692
0.682
0.679
0.676
0.678
0.692
0.708
0.736
0.736
0.758
0.762
0.757
0.742
0.729
0.726
0.727
0.712
0.706
0.733
0.757
0.767
0.775
0.76
0.745
0.743
0.75
0.762
0.762
0.745
0.735
0.73
0.749
0.754
0.745
0.726
0.709
0.711
0.728
0.738
0.725
0.712
0.719
0.738
0.754
0.75
0.731
0.724
0.725
0.735
0.744
0.731
0.72
0.718
0.72
0.735
0.747
0.732
0.724
0.726
0.738
0.738
0.738
0.734
0.734
0.745
0.756
0.749
0.731
0.726
0.736
0.744
0.745
0.725
0.71
0.709
0.722
0.735
0.743
0.75
0.739
0.731
0.732
0.742
0.75
0.754
0.76
0.753
0.758
0.769
0.763
0.74
0.72
0.722
0.727
0.726
0.714
0.707
0.698
0.708
0.714
0.707
0.713
0.714
0.713
0.724
0.734
0.733
0.72
0.706
0.708
0.715
0.718
0.711
0.705
0.72
0.711
0.701
0.689
0.684
0.687
0.695
0.684
0.666
0.671
0.682
0.699
0.704
0.709
0.711
0.724
0.748
0.769
0.75
0.748
0.764
0.765
0.755
0.753
0.737
0.732
0.727
0.729
0.73
0.718
0.698
0.693
0.694
0.703
0.687
0.67
0.673
0.666
0.665
0.668
0.666
0.682
0.685
0.684
0.676
0.662
0.666
0.673
0.686
0.685
0.687
0.683
0.687
0.692
0.706
0.708
0.704
0.698
0.703
0.716
0.735
0.733
0.716
0.713
0.722
0.726
0.728
0.715
0.71
0.721
0.738
0.746
0.743
0.735
0.723
0.721
0.734
0.761
0.758
0.757
0.752
0.735
0.728
0.735
0.757
0.77
0.764
0.748
0.743
0.73
0.729
0.759
0.76
0.741
0.738
0.732
0.739
0.761
0.765
0.746
0.739
0.735
0.735
0.722
0.729
0.736
0.741
0.72
0.729
0.762
0.756
0.768
0.779
0.758
0.75
0.77
0.762
0.762
0.744
0.746
0.775
0.774
0.785
0.787
0.752
0.739
0.734
0.731
0.719
0.732
0.751
0.747
0.746
0.774
0.793
0.798
0.8
0.799
0.778
0.775
0.791
0.792
0.772
0.792
0.795
0.803
0.784
0.779
0.799
0.804
0.822
0.807
0.809
0.862
0.816
0.814
0.806
0.8
0.745
0.726
0.718
0.711
0.727
0.752
0.754
0.754
0.758
0.75
0.749
0.75
0.771
0.76
0.754
0.74
0.727
0.713
0.728
0.75
0.753
0.763
0.76
0.763
0.762
0.776
0.781
0.786
0.791
0.773
0.766
0.781
0.78
0.791
0.788
0.765
0.762
0.769
0.771
0.776
0.763
0.76
0.755
0.741
0.735
0.744
0.736
0.728
0.736
0.764
0.74
0.773
0.784
0.79
0.792
0.772
0.768
0.789
0.792
0.799
0.799
0.77
0.762
0.756
0.765
0.764
0.768
0.746
0.744
0.758
0.748
0.741
0.725
0.726
0.721
0.715
0.699
0.685
0.678
0.666
0.657
0.663
0.673
0.679
0.681
0.677
0.688
0.703
0.712
0.708
0.708
0.717
0.712
0.708
0.695
0.68
0.674
0.665
0.662
0.671
0.685
0.696
0.698
0.689
0.685
0.692
0.697
0.706
0.699
0.686
0.692
0.699
0.71
0.718
0.718
0.706
0.706
0.707
0.718
0.718
0.711
0.703
0.709
0.726
0.731
0.719
0.709
0.717
0.728
0.743
0.733
0.728
0.731
0.725
0.708
0.703
0.71
0.721
0.727
0.717
0.717
0.73
0.752
0.756
0.743
0.734
0.725
0.732
0.75
0.745
0.732
0.725
0.71
0.718
0.733
0.72
0.73
0.753
0.736
0.722
0.719
0.731
0.741
0.741
0.758
0.737
0.715
0.72
0.729
0.734
0.75
0.725
0.708
0.689
0.69
0.708
0.741
0.744
0.759
0.765
0.765
0.756
0.732
0.717
0.714
0.729
0.72
0.729
0.754
0.759
0.733
0.763
0.766
0.746
0.753
0.772
0.776
0.771
0.754
0.749
0.772
0.771
0.776
0.754
0.734
0.739
0.756
0.761
0.745
0.738
0.743
0.76
0.76
0.742
0.736
0.748
0.752
0.766
0.775
0.791
0.791
0.788
0.748
0.737
0.738
0.755
0.744
0.738
0.725
0.725
0.736
0.767
0.771
0.773
0.752
0.757
0.737
0.721
0.718
0.731
0.759
0.749
0.739
0.748
0.769
0.77
0.775
0.751
0.784
0.791
0.793
0.768
0.79
0.773
0.768
0.743
0.711
0.716
0.715
0.73
0.747
0.728
0.727
0.726
0.746
0.748
0.758
0.766
0.737
0.759
0.769
0.76
0.737
0.731
0.733
0.751
0.758
0.755
0.779
0.778
0.775
0.773
0.729
0.737
0.752
0.744
0.727
0.716
0.704
0.688
0.684
0.681
0.667
0.661
0.655
0.651
0.661
0.666
0.67
0.672
0.669
0.673
0.688
0.706
0.714
0.739
0.723
0.719
0.718
0.748
0.728
0.731
0.712
0.696
0.695
0.7
0.708
0.708
0.701
0.711
0.734
0.725
0.714
0.724
0.744
0.744
0.752
0.752
0.731
0.707
0.689
0.692
0.701
0.731
0.746
0.74
0.733
0.745
0.767
0.742
0.739
0.763
0.772
0.777
0.778
0.749
0.745
0.765
0.766
0.779
0.779
0.771
0.724
0.71
0.709
0.73
0.74
0.75
0.756
0.74
0.714
0.712
0.704
0.713
0.733
0.733
0.732
0.723
0.716
0.71
0.72
0.742
0.744
0.716
0.721
0.725
0.745
0.746
0.737
0.729
0.726
0.743
0.745
0.748
0.726
0.722
0.73
0.747
0.748
0.722
0.712
0.716
0.727
0.748
0.755
0.751
0.752
0.731
0.727
0.711
0.686
0.671
0.664
0.667
0.681
0.704
0.703
0.702
0.701
0.708
0.728
0.722
0.73
0.723
0.718
0.723
0.736
0.737
0.716
0.717
0.738
0.752
0.753
0.751
0.714
0.715
0.725
0.733
0.737
0.733
0.713
0.717
0.716
0.703
0.692
0.698
0.734
0.744
0.755
0.756
0.728
0.731
0.729
0.752
0.759
0.747
0.74
0.76
0.773
0.799
0.812
0.804
0.787
0.745
0.732
0.732
0.748
0.753
0.758
0.744
0.739
0.737
0.761
0.771
0.776
0.775
0.749
0.777
0.783
0.783
0.788
0.759
0.788
0.788
0.771
0.738
0.759
0.758
0.739
0.717
0.698
0.692
0.693
0.703
0.723
0.735
0.726
0.76
0.774
0.793
0.781
0.781
0.746
0.734
0.744
0.764
0.771
0.785
0.764
0.787
0.784
0.792
0.792
0.788
0.75
0.75
0.765
0.771
0.779
0.777
0.753
0.779
0.784
0.777
0.743
0.732
0.739
0.76
0.774
0.787
0.773
0.774
0.755
0.72
0.719
0.73
0.74
0.74
0.742
0.736
0.732
0.73
0.715
0.694
0.679
0.672
0.674
0.683
0.691
0.705
0.704
0.698
0.707
0.719
0.731
0.736
0.722
0.708
0.727
0.733
0.751
0.75
0.743
0.745
0.737
0.758
0.76
0.763
0.759
0.733
0.721
0.714
0.716
0.72
0.732
0.717
0.713
0.708
0.713
0.711
0.703
0.694
0.694
0.701
0.698
0.698
0.694
0.685
0.681
0.69
0.714
0.724
0.731
0.716
0.713
0.719
0.739
0.725
0.721
0.716
0.719
0.74
0.737
0.733
0.728
0.705
0.686
0.674
0.674
0.686
0.709
0.705
0.713
0.717
0.748
0.758
0.778
0.756
0.729
0.732
0.751
0.749
0.726
0.72
0.727
0.739
0.727
0.708
0.699
0.69
0.701
0.722
0.721
0.732
0.718
0.703
0.694
0.693
0.715
0.714
0.712
0.702
0.691
0.691
0.698
0.697
0.685
0.685
0.7
0.706
0.711
0.709
0.708
0.699
0.698
0.679
0.671
0.654
0.643
0.647
0.648
0.639
0.639
0.645
0.652
0.645
0.648
0.662
0.677
0.68
0.675
0.674
0.677
0.673
0.672
0.671
0.663
0.651
0.644
0.644
0.65
0.656
0.662
0.655
0.642
0.643
0.649
0.656
0.664
0.666
0.666
0.654
0.648
0.648
0.655
0.667
0.671
0.682
0.676
0.666
0.655
0.649
0.65
0.659
0.661
0.661
0.648
0.65
0.656
0.657
0.655
0.651
0.646
0.633
0.625
0.626
0.63
0.639
0.647
0.644
0.641
0.64
0.649
0.661
0.673
0.665
0.656
0.647
0.646
0.651
0.657
0.658
0.662
0.644
0.638
0.645
0.635
0.633
0.637
0.639
0.64
0.639
0.632
0.619
0.614
0.613
0.615
0.615
0.616
0.619
0.623
0.623
0.623
0.614
0.61
0.615
0.619
0.624
0.624
0.626
0.626
0.629
0.625
0.625
0.619
0.613
0.618
0.624
0.628
0.619
0.622
0.628
0.632
0.63
0.63
0.62
0.603
0.607
0.613
0.623
0.632
0.641
0.647
0.654
0.658
0.653
0.638
0.645
0.656
0.666
0.672
0.676
0.666
0.67
0.679
0.69
0.699
0.681
0.657
0.656
0.664
0.684
0.699
0.692
0.679
0.68
0.681
0.67
0.666
0.678
0.698
0.723
0.726
0.726
0.706
0.684
0.684
0.692
0.708
0.721
0.708
0.701
0.695
0.702
0.707
0.705
0.699
0.681
0.671
0.663
0.67
0.68
0.689
0.702
0.714
0.697
0.689
0.686
0.7
0.721
0.724
0.724
0.707
0.694
0.686
0.693
0.715
0.732
0.742
0.757
0.736
0.723
0.72
0.73
0.749
0.75
0.756
0.733
0.732
0.74
0.758
0.756
0.736
0.74
0.739
0.731
0.732
0.733
0.74
0.72
0.711
0.713
0.723
0.746
0.743
0.725
0.718
0.729
0.754
0.755
0.76
0.746
0.735
0.738
0.759
0.759
0.773
0.742
0.731
0.733
0.757
0.763
0.774
0.775
0.748
0.737
0.754
0.75
0.75
0.733
0.724
0.729
0.75
0.75
0.75
0.738
0.735
0.747
0.761
0.76
0.761
0.747
0.735
0.722
0.727
0.746
0.744
0.747
0.746
0.735
0.723
0.716
0.709
0.692
0.687
0.689
0.692
0.693
0.686
0.674
0.671
0.677
0.691
0.709
0.705
0.713
0.713
0.701
0.705
0.694
0.682
0.649
0.645
0.643
0.653
0.661
0.666
0.675
0.673
0.659
0.666
0.679
0.688
0.7
0.697
0.699
0.699
0.697
0.69
0.661
0.653
0.652
0.661
0.67
0.68
0.678
0.693
0.709
0.707
0.714
0.695
0.697
0.694
0.676
0.677
0.688
0.687
0.688
0.683
0.67
0.662
0.668
0.666
0.656
0.647
0.644
0.654
0.672
0.693
0.714
0.696
0.71
0.723
0.745
0.737
0.72
0.731
0.745
0.745
0.746
0.728
0.725
0.702
0.699
0.705
0.729
0.737
0.745
0.729
0.715
0.707
0.713
0.707
0.7
0.707
0.727
0.733
0.737
0.718
0.706
0.684
0.67
0.678
0.691
0.72
0.734
0.737
0.717
0.715
0.725
0.746
0.755
0.769
0.754
0.743
0.749
0.765
0.756
0.75
0.72
0.701
0.693
0.682
0.68
0.68
0.675
0.671
0.663
0.654
0.653
0.662
0.679
0.694
0.698
0.692
0.693
0.702
0.724
0.716
0.719
0.72
0.711
0.705
0.699
0.701
0.704
0.706
0.701
0.705
0.708
0.702
0.69
0.681
0.669
0.665
0.681
0.676
0.656
0.659
0.661
0.654
0.7361792
0.628
0.65
0.668
0.689
0.704
0.703
0.708
0.713
0.728
0.746
0.742
0.725
0.746
0.749
0.749
0.728
0.758
0.774
0.776
0.743
0.774
0.75
0.751
0.727
0.717
0.716
0.738
0.746
0.74
0.724
0.721
0.741
0.756
0.756
0.719
0.751
0.743
0.71
0.726
0.725
0.707
0.688
0.696
0.713
0.726
0.73
0.713
0.744
0.772
0.792
0.734
0.771
0.78
0.787
0.756
0.789
0.808
0.78
0.752
0.788
0.794
0.779
0.752
0.771
0.772
0.777
0.771
0.75
0.751
0.779
0.793
0.786
0.777
0.779
0.777
0.773
0.76
0.722
0.7
0.696
0.701
0.71
0.718
0.715
0.688
0.711
0.714
0.694
0.693
0.68
0.674
0.68
0.703
0.714
0.72
0.712
0.717
0.734
0.746
0.746
0.727
0.727
0.708
0.697
0.714
0.738
0.749
0.75
0.75
0.746
0.712
0.71
0.71
0.704
0.725
0.739
0.742
0.728
0.745
0.75
0.75
0.745
0.743
0.733
0.728
0.719
0.717
0.698
0.68
0.674
0.678
0.68
0.682
0.695
0.723
0.742
0.748
0.745
0.772
0.75
0.75
0.751
0.731
0.718
0.735
0.739
0.752
0.762
0.743
0.74
0.709
0.708
0.725
0.729
0.712
0.733
0.735
0.738
0.742
0.769
0.776
0.743
0.73
0.73
0.721
0.717
0.715
0.74
0.751
0.75
0.744
0.725
0.753
0.762
0.769
0.752
0.735
0.742
0.757
0.755
0.754
0.745
0.714
0.709
0.722
0.723
0.71
0.708
0.713
0.731
0.735
0.713
0.717
0.741
0.749
0.739
0.723
0.746
0.744
0.749
0.754
0.742
0.729
0.702
0.68
0.666
0.668
0.676
0.687
0.697
0.693
0.694
0.721
0.727
0.715
0.712
0.708
0.736
0.751
0.772
0.782
0.744
0.737
0.75
0.754
0.769
0.766
0.748
0.708
0.726
0.735
0.744
0.744
0.727
0.694
0.688
0.68
0.684
0.688
0.686
0.704
0.72
0.73
0.742
0.759
0.756
0.727
0.712
0.702
0.71
0.731
0.745
0.744
0.721
0.747
0.752
0.764
0.777
0.742
0.742
0.757
0.761
0.75
0.728
0.75
0.745
0.745
0.713
0.708
0.729
0.739
0.753
0.759
0.742
0.704
0.729
0.717
0.709
0.712
0.712
0.726
0.729
0.739
0.72
0.711
0.708
0.726
0.738
0.754
0.762
0.77
0.766
0.75
0.716
0.698
0.688
0.693
0.706
0.726
0.736
0.75
0.753
0.765
0.748
0.742
0.711
0.684
0.686
0.698
0.73
0.735
0.747
0.755
0.752
0.726
0.708
0.717
0.739
0.757
0.766
0.739
0.724
0.73
0.72
0.735
0.739
0.747
0.755
0.765
0.762
0.753
0.721
0.697
0.673
0.673
0.676
0.707
0.708
0.701
0.751
0.772
0.772
0.778
0.777
0.779
0.743
0.747
0.752
0.755
0.765
0.762
0.764
0.762
0.787
0.79
0.791
0.773
0.74
0.743
0.76
0.757
0.736
0.798
0.772
0.764
0.76
0.764
0.765
0.771
0.757
0.73
0.72
0.749
0.764
0.764
0.756
0.745
0.718
0.695
0.687
0.69
0.689
0.673
0.68
0.688
0.692
0.692
0.692
0.679
0.689
0.685
0.678
0.684
0.705
0.723
0.733
0.723
0.719
0.748
0.757
0.771
0.776
0.748
0.732
0.761
0.768
0.753
0.729
0.716
0.728
0.733
0.746
0.749
0.742
0.725
0.712
0.702
0.701
0.725
0.745
0.765
0.765
0.764
0.746
0.708
0.708
0.726
0.733
0.731
0.708
0.699
0.678
0.675
0.672
0.681
0.691
0.693
0.695
0.723
0.743
0.755
0.746
0.772
0.769
0.773
0.754
0.733
0.723
0.744
0.742
0.723
0.749
0.758
0.763
0.753
0.729
0.732
0.746
0.755
0.746
0.724
0.755
0.766
0.758
0.763
0.763
0.75
0.743
0.73
0.721
0.723
0.711
0.704
0.683
0.656
0.651
0.661
0.672
0.696
0.706
0.733
0.751
0.734
0.729
0.774
0.77
0.806
0.802
0.8
0.753
0.789
0.763
0.761
0.744
0.722
0.722
0.701
0.694
0.697
0.717
0.72
0.73
0.729
0.708
0.706
0.729
0.732
0.739
0.732
0.751
0.774
0.772
0.757
0.783
0.775
0.791
0.79
0.791
0.764
0.747
0.755
0.75
0.761
0.783
0.796
0.783
0.752
0.729
0.748
0.755
0.785
0.797
0.775
0.777
0.756
0.754
0.741
0.7
0.678
0.677
0.686
0.706
0.72
0.737
0.747
0.745
0.751
0.717
0.726
0.725
0.759
0.784
0.791
0.772
0.738
0.742
0.73
0.728
0.722
0.732
0.763
0.773
0.783
0.784
0.788
0.778
0.779
0.75
0.718
0.716
0.711
0.689
0.685
0.692
0.673
0.668
0.667
0.676
0.685
0.692
0.667
0.682
0.709
0.738
0.775
0.79
0.805
0.772
0.742
0.729
0.751
0.764
0.781
0.782
0.791
0.767
0.771
0.748
0.718
0.704
0.703
0.708
0.728
0.712
0.75
0.777
0.805
0.827
0.824
0.804
0.77
0.79
0.794
0.81
0.818
0.826
0.793
0.797
0.778
0.769
0.75
0.747
0.739
0.713
0.728
0.725
0.7
0.714
0.736
0.766
0.78
0.761
0.796
0.818
0.82
0.816
0.751
0.783
0.791
0.799
0.75
0.757
0.77
0.797
0.805
0.818
0.822
0.817
0.787
0.731
0.741
0.75
0.756
0.757
0.738
0.783
0.799
0.817
0.823
0.807
0.786
0.781
0.757
0.743
0.735
0.723
0.72
0.692
0.711
0.707
0.7
0.693
0.682
0.671
0.655
0.661
0.674
0.695
0.714
0.704
0.709
0.726
0.753
0.767
0.747
0.727
0.724
0.743
0.754
0.757
0.75
0.729
0.722
0.727
0.744
0.745
0.743
0.717
0.732
0.729
0.722
0.702
0.701
0.708
0.713
0.713
0.713
0.71
0.691
0.702
0.708
0.702
0.676
0.658
0.665
0.674
0.686
0.668
0.662
0.668
0.675
0.674
0.684
0.709
0.711
0.725
0.728
0.708
0.69
0.702
0.718
0.729
0.746
0.768
0.779
0.786
0.783
0.787
0.782
0.767
0.758
0.751
0.751
0.743
0.715
0.74
0.744
0.748
0.705
0.72
0.744
0.755
0.765
0.767
0.767
0.727
0.709
0.734
0.75
0.781
0.77
0.795
0.797
0.814
0.812
0.808
0.782
0.767
0.743
0.729
0.718
0.748
0.767
0.788
0.782
0.746
0.725
0.75
0.751
0.763
0.78
0.787
0.794
0.791
0.771
0.773
0.715
0.703
0.697
0.709
0.74
0.753
0.763
0.79
0.786
0.791
0.77
0.757
0.743
0.708
0.706
0.688
0.687
0.681
0.687
0.715
0.74
0.782
0.799
0.804
0.793
0.785
0.731
0.764
0.763
0.75
0.705
0.722
0.729
0.74
0.758
0.761
0.761
0.752
0.749
0.741
0.736
0.729
0.718
0.687
0.674
0.677
0.699
0.71
0.713
0.722
0.74
0.762
0.775
0.777
0.765
0.752
0.737
0.73
0.726
0.705
0.699
0.712
0.708
0.699
0.703
0.701
0.736
0.755
0.789
0.812
0.803
0.78
0.823
0.828
0.781
0.836
0.817
0.81
0.769
0.79
0.791
0.818
0.829
0.834
0.806
0.78
0.811
0.813
0.784
0.797
0.83
0.828
0.783
0.817
0.761
0.792
0.801
0.811
0.821
0.795
0.771
0.792
0.81
0.819
0.813
0.81
0.8
0.741
0.758
0.762
0.769
0.778
0.756
0.728
0.732
0.739
0.743
0.725
0.753
0.771
0.75
0.781
0.804
0.817
0.826
0.826
0.811
0.793
0.807
0.796
0.787
0.778
0.757
0.754
0.75
0.75
0.724
0.709
0.729
0.738
0.736
0.707
0.715
0.748
0.784
0.811
0.817
0.815
0.788
0.783
0.806
0.804
0.804
0.774
0.77
0.789
0.802
0.806
0.812
0.799
0.762
0.729
0.704
0.708
0.722
0.719
0.7
0.731
0.73
0.743
0.735
0.729
0.705
0.71
0.725
0.731
0.731
0.713
0.713
0.734
0.741
0.732
0.731
0.705
0.725
0.711
0.731
0.736
0.74
0.721
0.706
0.717
0.725
0.737
0.752
0.746
0.748
0.757
0.75
0.708
0.712
0.725
0.727
0.723
0.716
0.699
0.692
0.692
0.701
0.676
0.673
0.685
0.712
0.727
0.753
0.741
0.744
0.767
0.743
0.719
0.76
0.774
0.783
0.766
0.732
0.765
0.765
0.748
0.735
0.763
0.778
0.788
0.766
0.745
0.779
0.765
0.751
0.712
0.69
0.685
0.687
0.705
0.712
0.708
0.689
0.691
0.709
0.709
0.716
0.701
0.692
0.682
0.685
0.705
0.741
0.77
0.763
0.77
0.796
0.793
0.8
0.757
0.776
0.773
0.762
0.735
0.749
0.744
0.75
0.732
0.752
0.748
0.773
0.788
0.782
0.785
0.76
0.735
0.749
0.74
0.75
0.756
0.742
0.739
0.755
0.792
0.799
0.79
0.753
0.762
0.771
0.778
0.789
0.786
0.77
0.718
0.734
0.74
0.737
0.713
0.747
0.748
0.771
0.785
0.783
0.784
0.772
0.753
0.717
0.713
0.747
0.768
0.806
0.816
0.823
0.804
0.756
0.789
0.792
0.799
0.807
0.8
0.8
0.801
0.784
0.776
0.764
0.75
0.72
0.75
0.743
0.721
0.751
0.757
0.766
0.758
0.752
0.722
0.743
0.735
0.734
0.723
0.739
0.76
0.77
0.778
0.758
0.763
0.751
0.728
0.75
0.754
0.737
0.755
0.77
0.786
0.784
0.795
0.792
0.756
0.723
0.715
0.71
0.735
0.753
0.776
0.781
0.756
0.791
0.8
0.798
0.781
0.821
0.818
0.784
0.828
0.821
0.814
0.784
0.829
0.826
0.807
0.798
0.813
0.818
0.823
0.808
0.789
0.814
0.829
0.835
0.835
0.829
0.791
0.811
0.83
0.831
0.829
0.79
0.805
0.824
0.822
0.795
0.847
0.846
0.835
0.831
0.861
0.863
0.839
0.864
0.847
0.818
0.858
0.822
0.812
0.835
0.834
0.791
0.829
0.827
0.84
0.839
0.847
0.829
0.803
0.769
0.791
0.752
0.781
0.748
0.75
0.769
0.767
0.784
0.8
0.786
0.796
0.795
0.756
0.751
0.771
0.79
0.796
0.784
0.749
0.779
0.782
0.789
0.782
0.783
0.769
0.764
0.751
0.703
0.709
0.727
0.733
0.741
0.745
0.729
0.736
0.739
0.744
0.705
0.698
0.711
0.727
0.709
0.709
0.729
0.752
0.751
0.756
0.745
0.761
0.777
0.74
0.761
0.768
0.781
0.775
0.739
0.736
0.767
0.755
0.75
0.717
0.728
0.715
0.712
0.704
0.692
0.705
0.689
0.689
0.687
0.691
0.704
0.69
0.683
0.715
0.728
0.72
0.749
0.761
0.771
0.775
0.771
0.757
0.731
0.705
0.711
0.725
0.732
0.738
0.767
0.79
0.807
0.788
0.799
0.821
0.834
0.832
0.792
0.814
0.815
0.8
0.798
0.799
0.803
0.791
0.773
0.808
0.825
0.814
0.816
0.793
0.765
0.797
0.803
0.774
0.8
0.789
0.828
0.836
0.852
0.858
0.857
0.842
0.839
0.82
0.814
0.798
0.767
0.73
0.746
0.744
0.764
0.739
0.779
0.774
0.77
0.8
0.813
0.839
0.847
0.849
0.844
0.84
0.758
0.776
0.771
0.786
0.787
0.808
0.823
0.824
0.8
0.764
0.789
0.795
0.739
0.746
0.767
0.759
0.802
0.83
0.868
0.877
0.884
0.827
0.857
0.834
0.842
0.847
0.845
0.838
0.835
0.829
0.834
0.795
0.752
0.772
0.771
0.79
0.803
0.818
0.812
0.816
0.827
0.824
0.755
0.792
0.781
0.767
0.791
0.787
0.798
0.83
0.833
0.838
0.841
0.777
0.777
0.735
0.752
0.77
0.785
0.769
0.765
0.801
0.816
0.827
0.813
0.829
0.784
0.791
0.767
0.756
0.723
0.745
0.727
0.699
0.696
0.727
0.734
0.728
0.727
0.723
0.733
0.729
0.745
0.758
0.784
0.811
0.83
0.851
0.841
0.828
0.798
0.78
0.812
0.779
0.774
0.757
0.726
0.751
0.747
0.738
0.742
0.755
0.775
0.791
0.771
0.762
0.793
0.801
0.823
0.833
0.833
0.783
0.791
0.781
0.738
0.761
0.761
0.766
0.785
0.778
0.773
0.809
0.815
0.8
0.799
0.811
0.838
0.839
0.834
0.811
0.77
0.791
0.78
0.782
0.791
0.757
0.802
0.803
0.82
0.816
0.772
0.818
0.827
0.829
0.801
0.817
0.804
0.8
0.805
0.795
0.778
0.773
0.775
0.783
0.769
0.733
0.721
0.739
0.749
0.771
0.771
0.777
0.747
0.768
0.787
0.815
0.831
0.841
0.805
0.794
0.782
0.782
0.813
0.824
0.837
0.852
0.858
0.868
0.883
0.87
0.867
0.885
0.891
0.895
0.875
0.896
0.89
0.89
0.865
0.88
0.881
0.875
0.879
0.878
0.834
0.828
0.822
0.781
0.796
0.784
0.82
0.81
0.799
0.786
0.815
0.827
0.783
0.775
0.791
0.78
0.792
0.781
0.752
0.789
0.788
0.786
0.761
0.772
0.779
0.759
0.782
0.759
0.77
0.769
0.777
0.781
0.779
0.752
0.749
0.771
0.791
0.786
0.812
0.825
0.79
0.805
0.833
0.811
0.843
0.828
0.824
0.836
0.822
0.791
0.771
0.791
0.797
0.78
0.744
0.757
0.793
0.812
0.816
0.776
0.774
0.758
0.773
0.798
0.811
0.778
0.789
0.82
0.831
0.839
0.773
0.824
0.81
0.821
0.796
0.773
0.804
0.8
0.787
0.782
0.765
0.737
0.714
0.741
0.757
0.771
0.772
0.754
0.747
0.757
0.785
0.792
0.821
0.829
0.822
0.803
0.751
0.732
0.725
0.746
0.757
0.775
0.743
0.757
0.774
0.787
0.761
0.718
0.746
0.714
0.719
0.723
0.718
0.678
0.694
0.687
0.685
0.666
0.671
0.672
0.662
0.655
0.665
0.659
0.66
0.657
0.657
0.665
0.669
0.674
0.67
0.666
0.676
0.666
0.672
0.67
0.672
0.678
0.684
0.666
0.682
0.689
0.692
0.697
0.69
0.674
0.684
0.669
0.663
0.664
0.667
0.674
0.663
0.67
0.681
0.681
0.672
0.677
0.684
0.701
0.688
0.694
0.687
0.693
0.698
0.693
0.685
0.698
0.686
0.686
0.689
0.687
0.689
0.683
0.703
0.697
0.688
0.688
0.697
0.683
0.685
0.708
0.708
0.712
0.708
0.693
0.694
0.69
0.678
0.684
0.706
0.701
0.686
0.839
0.815
0.789
0.774
0.808
0.84
0.852
0.824
0.6478535
0.67713
0.6892631
0.7740583
0.7299602
0.7319053
0.847
0.821
0.791
0.793
0.789
0.731
0.734
0.733
0.706
0.694
0.701
0.694
0.687
0.696
0.685
0.682
0.679
0.673
0.659
0.654
0.661
0.661
0.664
0.667
0.671
0.671
0.678
0.675
0.701
0.709
0.71
0.681
0.692
0.688
0.688
0.684
0.689
0.705
0.687
0.684
0.688
0.689
0.692
0.683
0.681
0.688
0.695
0.693
0.691
0.691
0.686
0.697
0.708
0.705
0.702
0.71
0.716
0.713
0.7
0.707
0.719
0.699
0.705
0.707
0.711
0.708
0.701
0.7
0.701
0.707
0.696
0.695
0.692
0.695
0.698
0.697
0.695
0.696
0.7
0.693
0.691
0.697
0.705
0.705
0.709
0.708
0.711
0.722
0.725
0.724
0.719
0.72
0.72
0.717
0.719
0.72
0.713
0.711
0.719
0.71
0.706
0.699
0.692
0.691
0.672
0.671
0.687
0.679
0.677
0.677
0.681
0.679
0.69
0.681
0.682
0.69
0.689
0.685
0.687
0.692
0.701
0.7
0.685
0.699
0.714
0.716
0.718
0.716
0.707
0.708
0.718
0.7
0.708
0.693
0.695
0.687
0.7
0.705
0.693
0.709
0.687
0.724
0.726
0.732
0.726
0.705
0.709
0.704
0.716
0.712
0.708
0.719
0.709
0.708
0.719
0.689
0.675
0.684
0.69
0.675
0.672
0.673
0.684
0.666
0.663
0.659
0.66
0.657
0.653
0.644
0.636
0.63
0.63
0.628
0.626
0.626
0.626
0.617
0.617
0.609
0.6
0.588
0.576
0.572
0.58
0.581
0.59
0.607
0.624
0.633
0.639
0.647
0.659
0.653
0.643
0.63
0.629
0.631
0.631
0.63
0.632
0.633
0.635
0.639
0.637
0.636
0.627
0.631
0.634
0.637
0.649
0.652
0.651
0.648
0.64
0.629
0.628
0.62
0.626
0.627
0.633
0.646
0.631
0.631
0.636
0.636
0.633
0.63
0.632
0.637
0.645
0.647
0.65
0.656
0.647
0.64
0.636
0.631
0.623
0.623
0.626
0.616
0.603
0.603
0.607
0.605
0.611
0.61
0.603
0.602
0.602
0.596
0.587
0.586
0.583
0.579
0.6842333
0.767
0.573
0.575
0.571
0.568
0.569
0.565
0.561
0.567
0.573
0.578
0.579
0.58
0.59
0.601
0.602
0.606
0.61
0.612
0.613
0.614
0.621
0.625
0.623
0.619
0.625
0.625
0.624
0.624
0.625
0.628
0.627
0.622
0.62
0.619
0.617
0.61
0.615
0.62
0.611
0.61
0.616
0.615
0.619
0.613
0.617
0.623
0.624
0.622
0.624
0.629
0.63
0.624
0.625
0.621
0.62
0.612
0.62
0.623
0.619
0.62
0.624
0.627
0.631
0.637
0.652
0.64
0.635
0.625
0.624
0.624
0.619
0.615
0.618
0.613
0.606
0.608
0.606
0.603
0.605
0.614
0.613
0.616
0.615
0.613
0.611
0.604
0.605
0.606
0.6
0.606
0.605
0.608
0.611
0.609
0.607
0.612
0.622
0.615
0.61
0.613
0.621
0.628
0.637
0.635
0.652
0.66
0.672
0.666
0.676
0.69
0.683
0.677
0.698
0.692
0.683
0.692
0.707
0.688
0.679
0.684
0.669
0.672
0.67
0.664
0.677
0.681
0.68
0.687
0.695
0.692
0.715
0.733
0.718
0.713
0.75
0.783
0.757
0.774
0.737
0.74
0.735
0.74
0.726
0.713
0.717
0.7
0.698
0.689
0.644
0.629
0.625
0.623
0.616
0.612
0.61
0.611
0.607
0.608
0.616
0.621
0.626
0.622
0.63
0.639
0.642
0.639
0.638
0.649
0.642
0.64
0.64
0.637
0.626
0.628
0.63
0.625
0.618
0.622
0.625
0.626
0.623
0.629
0.636
0.637
0.621
0.628
0.634
0.626
0.625
0.625
0.632
0.625
0.628
0.635
0.625
0.625
0.625
0.62
0.626
0.633
0.632
0.629
0.628
0.618
0.61
0.609
0.613
0.609
0.598
0.598
0.614
0.613
0.608
0.613
0.615
0.617
0.611
0.607
0.605
0.605
0.61
0.623
0.63
0.641
0.64
0.644
0.647
0.641
0.632
0.63
0.632
0.63
0.631
0.643
0.644
0.641
0.655
0.651
0.647
0.643
0.653
0.666
0.661
0.652
0.653
0.654
0.64
0.643
0.643
0.628
0.617
0.618
0.625
0.637
0.647
0.638
0.642
0.645
0.648
0.651
0.665
0.676
0.666
0.666
0.662
0.654
0.656
0.666
0.67
0.674
0.684
0.688
0.677
0.675
0.673
0.665
0.668
0.682
0.671
0.69
0.675
0.669
0.666
0.665
0.666
0.638
0.638
0.632
0.63
0.634
0.627
0.623
0.627
0.629
0.633
0.64
0.649
0.647
0.656
0.661
0.653
0.654
0.67
0.665
0.662
0.659
0.658
0.638
0.622
0.624
0.627
0.632
0.63
0.639
0.66
0.667
0.664
0.666
0.675
0.68
0.668
0.663
0.671
0.68
0.671
0.666
0.669
0.669
0.673
0.669
0.643
0.635
0.65
0.657
0.676
0.679
0.713
0.72
0.708
0.711
0.748
0.769
0.781
0.767
0.779
0.774
0.763
0.739
0.745
0.751
0.76
0.749
0.761
0.804
0.82
0.796
0.81
0.826
0.839
0.831
0.811
0.837
0.833
0.828
0.791
0.829
0.846
0.848
0.831
0.801
0.755
0.779
0.769
0.767
0.754
0.766
0.792
0.781
0.795
0.815
0.82
0.793
0.775
0.791
0.793
0.777
0.802
0.831
0.838
0.829
0.847
0.797
0.801
0.761
0.717
0.713
0.717
0.71
0.701
0.726
0.725
0.745
0.728
0.751
0.768
0.791
0.773
0.752
0.78
0.807
0.814
0.826
0.801
0.794
0.79
0.828
0.825
0.839
0.811
0.832
0.859
0.855
0.82
0.854
0.843
0.842
0.836
0.826
0.816
0.838
0.83
0.823
0.815
0.836
0.846
0.836
0.818
0.856
0.846
0.861
0.855
0.849
0.817
0.795
0.802
0.793
0.767
0.761
0.805
0.81
0.779
0.774
0.782
0.753
0.753
0.771
0.781
0.792
0.801
0.789
0.791
0.803
0.813
0.803
0.791
0.806
0.796
0.782
0.75
0.745
0.772
0.784
0.801
0.799
0.806
0.826
0.84
0.859
0.854
0.873
0.883
0.7071764
0.88
0.869
0.837
0.803
0.765
0.783
0.789
0.786
0.78
0.765
0.794
0.801
0.799
0.807
0.839
0.833
0.764
0.789
0.756
0.743
0.756
0.756
0.74
0.764
0.767
0.766
0.78
0.804
0.804
0.801
0.763
0.74
0.755
0.74
0.718
0.73
0.755
0.75
0.76
0.78
0.81
0.824
0.798
0.812
0.822
0.783
0.759
0.797
0.802
0.819
0.798
0.816
0.81
0.819
0.817
0.782
0.725
0.727
0.717
0.723
0.718
0.729
0.75
0.766
0.768
0.769
0.783
0.806
0.805
0.79
0.812
0.797
0.799
0.795
0.787
0.76
0.745
0.775
0.77
0.789
0.791
0.778
0.775
0.785
0.785
0.768
0.761
0.774
0.782
0.782
0.791
0.787
0.793
0.808
0.793
0.782
0.782
0.773
0.767
0.76
0.76
0.764
0.773
0.794
0.795
0.781
0.774
0.791
0.795
0.797
0.784
0.783
0.795
0.805
0.811
0.808
0.805
0.779
0.762
0.747
0.767
0.776
0.791
0.808
0.806
0.811
0.83
0.825
0.781
0.797
0.819
0.828
0.83
0.807
0.829
0.832
0.829
0.831
0.815
0.803
0.824
0.811
0.792
0.805
0.797
0.801
0.806
0.794
0.783
0.773
0.774
0.765
0.751
0.758
0.757
0.755
0.781
0.805
0.808
0.8
0.804
0.822
0.822
0.806
0.797
0.813
0.815
0.809
0.773
0.772
0.758
0.733
0.745
0.741
0.722
0.737
0.744
0.754
0.736
0.756
0.765
0.781
0.783
0.787
0.774
0.795
0.803
0.799
0.788
0.795
0.818
0.83
0.813
0.796
0.808
0.827
0.83
0.83
0.808
0.81
0.828
0.833
0.837
0.812
0.813
0.833
0.837
0.833
0.838
0.835
0.794
0.832
0.827
0.836
0.795
0.821
0.801
0.841
0.822
0.837
0.809
0.789
0.758
0.767
0.757
0.716
0.716
0.718
0.729
0.709
0.709
0.699
0.702
0.696
0.705
0.717
0.721
0.722
0.703
0.711
0.708
0.699
0.694
0.69
0.699
0.702
0.688
0.68
0.685
0.672
0.672
0.681
0.688
0.686
0.678
0.674
0.685
0.69
0.697
0.685
0.683
0.689
0.708
0.712
0.695
0.689
0.692
0.703
0.711
0.698
0.696
0.696
0.708
0.704
0.698
0.695
0.711
0.712
0.71
0.694
0.695
0.694
0.696
0.697
0.696
0.69
0.695
0.709
0.695
0.684
0.679
0.687
0.695
0.69
0.685
0.675
0.67
0.676
0.687
0.697
0.688
0.684
0.704
0.712
0.705
0.703
0.719
0.718
0.726
0.733
0.736
0.718
0.709
0.732
0.74
0.747
0.731
0.708
0.715
0.71
0.719
0.72
0.722
0.7
0.708
0.732
0.743
0.769
0.779
0.78
0.773
0.773
0.791
0.8
0.804
0.802
0.791
0.787
0.812
0.822
0.831
0.838
0.85
0.841
0.826
0.807
0.796
0.808
0.797
0.805
0.788
0.792
0.793
0.801
0.801
0.796
0.801
0.801
0.79
0.798
0.784
0.78
0.785
0.802
0.803
0.793
0.794
0.792
0.804
0.801
0.808
0.815
0.818
0.832
0.82
0.799
0.745
0.763
0.756
0.751
0.73
0.746
0.754
0.766
0.786
0.797
0.794
0.779
0.796
0.806
0.812
0.819
0.81
0.799
0.787
0.795
0.713
0.715
0.702
0.697
0.681
0.682
0.683
0.693
0.694
0.685
0.703
0.708
0.714
0.712
0.697
0.718
0.711
0.714
0.708
0.694
0.693
0.703
0.71
0.719
0.716
0.714
0.719
0.73
0.725
0.718
0.723
0.73
0.729
0.73
0.726
0.742
0.75
0.739
0.724
0.723
0.717
0.717
0.714
0.715
0.727
0.731
0.746
0.748
0.723
0.726
0.733
0.74
0.752
0.747
0.751
0.755
0.745
0.753
0.747
0.729
0.737
0.734
0.735
0.73
0.744
0.759
0.75
0.716
0.734
0.728
0.737
0.74
0.741
0.743
0.748
0.75
0.76
0.754
0.753
0.75
0.75
0.764
0.755
0.75
0.749
0.755
0.761
0.746
0.75
0.75
0.739
0.732
0.701
0.7
0.712
0.71
0.684
0.672
0.67
0.68
0.688
0.677
0.675
0.685
0.677
0.676
0.679
0.685
0.694
0.674
0.671
0.671
0.659
0.66
0.662
0.649
0.657
0.657
0.661
0.654
0.646
0.648
0.652
0.646
0.632
0.631
0.633
0.629
0.629
0.635
0.639
0.632
0.625
0.627
0.627
0.622
0.611
0.608
0.608
0.616
0.625
0.626
0.63
0.643
0.627
0.62
0.618
0.62
0.615
0.615
0.616
0.62
0.626
0.617
0.625
0.622
0.622
0.618
0.624
0.627
0.629
0.617
0.61
0.613
0.613
0.616
0.625
0.626
0.628
0.639
0.656
0.657
0.656
0.658
0.674
0.669
0.678
0.676
0.678
0.681
0.678
0.669
0.652
0.643
0.636
0.633
0.637
0.635
0.629
0.627
0.63
0.636
0.631
0.632
0.639
0.642
0.636
0.632
0.634
0.636
0.638
0.639
0.65
0.666
0.673
0.671
0.666
0.681
0.678
0.669
0.682
0.664
0.659
0.664
0.672
0.666
0.661
0.68
0.682
0.694
0.697
0.689
0.696
0.698
0.699
0.698
0.674
0.677
0.685
0.692
0.686
0.668
0.673
0.691
0.678
0.667
0.659
0.658
0.661
0.678
0.674
0.666
0.681
0.691
0.704
0.7
0.693
0.703
0.699
0.701
0.694
0.686
0.689
0.695
0.7
0.703
0.691
0.697
0.701
0.677
0.676
0.696
0.701
0.708
0.69
0.708
0.688
0.702
0.681
0.694
0.703
0.676
0.67
0.671
0.666
0.66
0.654
0.666
0.647
0.644
0.645
0.645
0.648
0.648
0.64
0.643
0.658
0.665
0.675
0.681
0.685
0.681
0.692
0.701
0.716
0.725
0.722
0.717
0.719
0.722
0.727
0.72
0.713
0.712
0.717
0.688
0.675
0.673
0.654
0.661
0.67
0.668
0.655
0.663
0.647
0.655
0.658
0.641
0.649
0.649
0.643
0.632
0.646
0.649
0.658
0.665
0.673
0.672
0.678
0.683
0.684
0.7
0.663
0.664
0.646
0.643
0.642
0.632
0.626
0.625
0.614
0.61
0.616
0.621
0.628
0.627
0.628
0.632
0.635
0.637
0.64
0.641
0.648
0.662
0.665
0.666
0.661
0.676
0.674
0.662
0.664
0.661
0.666
0.667
0.657
0.648
0.646
0.655
0.661
0.669
0.67
0.69
0.695
0.693
0.689
0.686
0.682
0.693
0.684
0.689
0.689
0.682
0.687
0.699
0.695
0.687
0.691
0.698
0.703
0.699
0.694
0.681
0.69
0.697
0.693
0.685
0.687
0.652
0.657
0.652
0.641
0.657
0.676
0.665
0.65
0.656
0.67
0.671
0.663
0.66
0.661
0.662
0.657
0.656
0.65
0.642
0.644
0.664
0.652
0.646
0.649
0.649
0.648
0.653
0.669
0.669
0.672
0.689
0.706
0.714
0.715
0.722
0.73
0.73
0.728
0.746
0.745
0.759
0.756
0.757
0.738
0.737
0.746
0.736
0.733
0.744
0.772
0.749
0.734
0.727
0.735
0.743
0.748
0.727
0.717
0.72
0.724
0.725
0.709
0.69
0.704
0.714
0.706
0.703
0.692
0.711
0.717
0.718
0.718
0.722
0.724
0.718
0.718
0.733
0.737
0.738
0.737
0.738
0.754
0.749
0.742
0.731
0.742
0.753
0.762
0.746
0.743
0.746
0.761
0.76
0.759
0.745
0.751
0.762
0.755
0.75
0.772
0.765
0.757
0.734
0.713
0.717
0.694
0.693
0.682
0.67
0.661
0.659
0.651
0.655
0.665
0.653
0.614
0.626
0.634
0.639
0.638
0.622
0.638
0.64
0.646
0.626
0.631
0.634
0.638
0.629
0.621
0.615
0.621
0.629
0.634
0.639
0.641
0.631
0.635
0.633
0.63
0.628
0.631
0.632
0.634
0.627
0.619
0.619
0.619
0.613
0.605
0.604
0.61
0.604
0.599
0.6
0.602
0.609
0.604
0.598
0.595
0.598
0.594
0.593
0.592
0.6
0.609
0.611
0.61
0.615
0.618
0.619
0.615
0.61
0.611
0.618
0.621
0.624
0.632
0.631
0.622
0.617
0.62
0.618
0.617
0.611
0.609
0.614
0.618
0.613
0.612
0.613
0.616
0.613
0.612
0.619
0.617
0.612
0.615
0.625
0.629
0.625
0.622
0.619
0.621
0.621
0.611
0.612
0.613
0.61
0.604
0.599
0.602
0.607
0.607
0.605
0.603
0.6
0.596
0.59
0.586
0.584
0.58
0.581
0.585
0.586
0.584
0.58
0.587
0.586
0.58
0.575
0.577
0.578
0.573
0.573
0.581
0.586
0.587
0.587
0.593
0.599
0.593
0.593
0.588
0.583
0.581
0.584
0.593
0.589
0.583
0.579
0.573
0.565
0.569
0.572
0.569
0.573
0.576
0.576
0.579
0.586
0.599
0.608
0.603
0.598
0.601
0.608
0.614
0.616
0.623
0.622
0.615
0.613
0.614
0.613
0.609
0.616
0.624
0.629
0.633
0.613
0.608
0.612
0.619
0.618
0.61
0.616
0.618
0.608
0.609
0.615
0.612
0.607
0.604
0.604
0.606
0.605
0.605
0.615
0.624
0.62
0.625
0.637
0.629
0.632
0.631
0.629
0.631
0.629
0.613
0.601
0.586
0.579
0.58
0.58
0.58
0.583
0.583
0.587
0.596
0.598
0.598
0.604
0.603
0.603
0.592
0.594
0.597
0.598
0.594
0.594
0.603
0.607
0.604
0.602
0.603
0.608
0.609
0.609
0.614
0.625
0.625
0.623
0.632
0.649
0.649
0.644
0.641
0.632
0.624
0.628
0.625
0.619
0.611
0.616
0.625
0.619
0.62
0.625
0.627
0.628
0.625
0.615
0.622
0.627
0.637
0.633
0.631
0.655
0.672
0.682
0.683
0.67
0.67
0.678
0.704
0.699
0.709
0.687
0.676
0.666
0.668
0.666
0.663
0.659
0.659
0.677
0.669
0.67
0.668
0.675
0.684
0.681
0.675
0.664
0.665
0.666
0.673
0.67
0.663
0.668
0.686
0.687
0.673
0.67
0.662
0.661
0.657
0.663
0.659
0.655
0.643
0.641
0.645
0.648
0.643
0.634
0.632
0.631
0.635
0.634
0.626
0.625
0.622
0.62
0.62
0.624
0.637
0.64
0.649
0.65
0.646
0.641
0.64
0.647
0.644
0.651
0.64
0.642
0.63
0.627
0.623
0.619
0.618
0.621
0.627
0.637
0.639
0.636
0.637
0.628
0.623
0.619
0.616
0.616
0.614
0.613
0.617
0.618
0.616
0.618
0.625
0.64
0.651
0.66
0.657
0.641
0.636
0.628
0.627
0.622
0.619
0.612
0.607
0.603
0.602
0.606
0.614
0.618
0.621
0.617
0.616
0.617
0.625
0.632
0.632
0.628
0.625
0.629
0.636
0.632
0.625
0.626
0.625
0.624
0.626
0.643
0.649
0.643
0.637
0.634
0.644
0.656
0.653
0.648
0.655
0.654
0.661
0.657
0.652
0.655
0.666
0.677
0.677
0.668
0.669
0.671
0.677
0.658
0.642
0.63
0.623
0.624
0.618
0.617
0.616
0.617
0.624
0.623
0.625
0.622
0.619
0.618
0.623
0.618
0.614
0.604
0.603
0.602
0.6
0.6
0.601
0.6
0.596
0.598
0.599
0.596
0.591
0.575
0.57
0.569
0.568
0.567
0.564
0.558
0.561
0.563
0.567
0.57
0.567
0.567
0.565
0.568
0.573
0.582
0.587
0.593
0.594
0.592
0.592
0.592
0.591
0.594
0.597
0.602
0.598
0.593
0.592
0.595
0.6
0.606
0.611
0.614
0.609
0.605
0.607
0.613
0.623
0.625
0.62
0.616
0.611
0.612
0.614
0.617
0.619
0.612
0.609
0.607
0.601
0.577
0.575
0.572
0.573
0.569
0.566
0.566
0.575
0.58
0.579
0.575
0.574
0.574
0.582
0.592
0.601
0.601
0.598
0.599
0.605
0.615
0.622
0.625
0.614
0.608
0.608
0.615
0.619
0.634
0.655
0.661
0.66
0.648
0.634
0.632
0.642
0.643
0.642
0.647
0.642
0.64
0.621
0.61
0.61
0.617
0.628
0.642
0.651
0.655
0.658
0.661
0.642
0.634
0.639
0.645
0.652
0.648
0.644
0.644
0.663
0.698
0.713
0.725
0.721
0.717
0.712
0.691
0.675
0.655
0.649
0.649
0.653
0.655
0.646
0.639
0.645
0.654
0.666
0.678
0.681
0.673
0.661
0.65
0.652
0.664
0.68
0.702
0.702
0.695
0.687
0.691
0.7
0.704
0.721
0.689
0.69
0.696
0.704
0.713
0.718
0.697
0.691
0.689
0.7
0.707
0.705
0.689
0.698
0.702
0.709
0.697
0.694
0.696
0.696
0.699
0.695
0.7
0.688
0.686
0.693
0.712
0.713
0.722
0.712
0.714
0.718
0.738
0.712
0.701
0.709
0.726
0.704
0.709
0.733
0.738
0.745
0.749
0.719
0.725
0.739
0.722
0.735
0.719
0.711
0.7
0.695
0.685
0.679
0.665
0.668
0.674
0.679
0.692
0.689
0.675
0.661
0.664
0.672
0.681
0.714
0.723
0.737
0.736
0.721
0.737
0.74
0.746
0.755
0.751
0.751
0.734
0.745
0.744
0.747
0.74
0.728
0.715
0.706
0.718
0.721
0.719
0.717
0.708
0.691
0.69
0.692
0.693
0.685
0.678
0.683
0.696
0.691
0.688
0.695
0.715
0.726
0.737
0.724
0.713
0.719
0.745
0.755
0.772
0.765
0.756
0.716
0.701
0.699
0.699
0.701
0.7
0.695
0.701
0.726
0.721
0.719
0.71
0.707
0.709
0.737
0.743
0.742
0.743
0.724
0.741
0.723
0.742
0.744
0.747
0.756
0.748
0.741
0.743
0.733
0.716
0.702
0.688
0.675
0.683
0.702
0.708
0.723
0.723
0.715
0.701
0.69
0.684
0.68
0.689
0.711
0.715
0.721
0.722
0.728
0.721
0.733
0.742
0.744
0.745
0.752
0.753
0.746
0.746
0.742
0.742
0.745
0.74
0.72
0.7
0.708
0.704
0.714
0.718
0.73
0.734
0.737
0.726
0.73
0.736
0.738
0.742
0.739
0.72
0.741
0.74
0.738
0.742
0.724
0.725
0.727
0.724
0.718
0.702
0.713
0.694
0.71
0.694
0.699
0.673
0.674
0.68
0.679
0.668
0.667
0.677
0.673
0.69
0.694
0.691
0.705
0.709
0.711
0.721
0.72
0.729
0.709
0.703
0.698
0.679
0.671
0.682
0.697
0.703
0.709
0.703
0.672
0.661
0.658
0.666
0.678
0.688
0.706
0.71
0.707
0.707
0.698
0.697
0.702
0.712
0.722
0.729
0.7
0.713
0.729
0.728
0.714
0.69
0.703
0.715
0.723
0.719
0.7
0.731
0.733
0.723
0.701
0.708
0.8101223
0.7447841
0.6196594
0.726
0.731
0.743
0.75
0.748
0.756
0.756
0.737
0.728
0.739
0.735
0.729
0.737
0.752
0.76
0.764
0.745
0.741
0.724
0.712
0.684
0.676
0.667
0.665
0.669
0.666
0.675
0.699
0.696
0.708
0.701
0.715
0.728
0.743
0.746
0.756
0.759
0.752
0.748
0.76
0.76
0.761
0.75
0.739
0.746
0.745
0.748
0.736
0.729
0.741
0.747
0.754
0.749
0.732
0.731
0.727
0.731
0.739
0.764
0.789
0.795
0.79
0.775
0.774
0.782
0.785
0.777
0.767
0.755
0.769
0.776
0.78
0.779
0.773
0.782
0.786
0.784
0.789
0.784
0.777
0.766
0.761
0.768
0.775
0.778
0.759
0.756
0.765
0.766
0.768
0.764
0.754
0.747
0.738
0.744
0.751
0.754
0.759
0.756
0.746
0.744
0.735
0.74
0.739
0.722
0.716
0.713
0.723
0.726
0.73
0.724
0.712
0.715
0.724
0.727
0.723
0.714
0.692
0.697
0.694
0.706
0.708
0.706
0.692
0.698
0.709
0.716
0.726
0.723
0.733
0.754
0.762
0.755
0.753
0.77
0.775
0.778
0.771
0.758
0.75
0.759
0.761
0.76
0.753
0.747
0.746
0.75
0.762
0.764
0.767
0.762
0.757
0.751
0.759
0.763
0.771
0.759
0.751
0.746
0.751
0.759
0.76
0.75
0.736
0.751
0.758
0.763
0.763
0.758
0.75
0.748
0.757
0.764
0.767
0.777
0.761
0.757
0.771
0.779
0.778
0.773
0.762
0.756
0.761
0.763
0.763
0.751
0.736
0.754
0.741
0.744
0.725
0.733
0.748
0.747
0.757
0.765
0.756
0.74
0.752
0.747
0.75
0.752
0.744
0.741
0.753
0.755
0.762
0.754
0.735
0.755
0.753
0.761
0.756
0.758
0.749
0.759
0.763
0.763
0.756
0.745
0.73
0.737
0.748
0.755
0.765
0.766
0.764
0.752
0.744
0.753
0.77
0.78
0.785
0.777
0.76
0.754
0.758
0.758
0.76
0.748
0.726
0.722
0.714
0.733
0.732
0.743
0.752
0.754
0.75
0.743
0.748
0.745
0.744
0.73
0.739
0.737
0.734
0.734
0.749
0.759
0.764
0.773
0.767
0.752
0.747
0.741
0.747
0.75
0.754
0.751
0.749
0.745
0.758
0.769
0.774
0.775
0.767
0.764
0.773
0.777
0.775
0.773
0.759
0.766
0.766
0.757
0.752
0.754
0.742
0.751
0.774
0.782
0.78
0.771
0.776
0.791
0.78
0.776
0.762
0.77
0.766
0.77
0.77
0.776
0.793
0.806
0.803
0.791
0.791
0.786
0.781
0.759
0.777
0.785
0.784
0.777
0.759
0.76
0.766
0.774
0.771
0.759
0.751
0.761
0.767
0.775
0.776
0.773
0.764
0.761
0.775
0.788
0.784
0.774
0.763
0.775
0.779
0.774
0.755
0.756
0.765
0.769
0.774
0.77
0.76
0.764
0.773
0.764
0.752
0.75
0.752
0.754
0.744
0.748
0.748
0.742
0.746
0.754
0.755
0.745
0.756
0.744
0.717
0.715
0.729
0.731
0.728
0.721
0.726
0.723
0.723
0.716
0.701
0.696
0.698
0.706
0.723
0.734
0.733
0.736
0.74
0.75
0.756
0.746
0.746
0.751
0.761
0.765
0.761
0.755
0.75
0.763
0.779
0.762
0.738
0.751
0.744
0.734
0.727
0.713
0.717
0.736
0.737
0.747
0.752
0.778
0.79
0.795
0.781
0.778
0.789
0.791
0.787
0.764
0.775
0.758
0.749
0.735
0.758
0.767
0.76
0.758
0.748
0.746
0.755
0.764
0.77
0.765
0.763
0.757
0.772
0.78
0.78
0.77
0.766
0.778
0.781
0.784
0.782
0.771
0.765
0.759
0.767
0.779
0.79
0.776
0.768
0.744
0.76
0.751
0.759
0.75
0.75
0.753
0.764
0.766
0.762
0.746
0.738
0.718
0.733
0.729
0.724
0.717
0.746
0.749
0.753
0.746
0.762
0.739
0.74
0.74
0.744
0.748
0.741
0.736
0.73
0.721
0.697
0.691
0.701
0.714
0.717
0.721
0.712
0.716
0.734
0.744
0.757
0.765
0.762
0.751
0.759
0.746
0.728
0.725
0.734
0.728
0.717
0.701
0.696
0.684
0.677
0.666
0.67
0.671
0.678
0.693
0.7
0.709
0.721
0.719
0.707
0.699
0.709
0.713
0.71
0.692
0.695
0.683
0.677
0.671
0.669
0.679
0.687
0.683
0.679
0.675
0.675
0.682
0.676
0.666
0.676
0.68
0.692
0.714
0.722
0.735
0.74
0.731
0.707
0.714
0.73
0.737
0.738
0.727
0.714
0.737
0.739
0.744
0.743
0.744
0.711
0.7
0.692
0.707
0.713
0.724
0.726
0.704
0.703
0.718
0.726
0.737
0.745
0.744
0.711
0.734
0.731
0.736
0.741
0.747
0.725
0.732
0.719
0.687
0.678
0.681
0.683
0.681
0.678
0.684
0.726
0.721
0.742
0.743
0.718
0.722
0.712
0.726
0.695
0.705
0.708
0.704
0.686
0.681
0.692
0.691
0.676
0.673
0.673
0.689
0.689
0.677
0.683
0.698
0.703
0.7
0.696
0.698
0.711
0.713
0.695
0.693
0.706
0.704
0.701
0.694
0.695
0.679
0.67
0.667
0.665
0.665
0.685
0.695
0.707
0.709
0.707
0.702
0.714
0.729
0.736
0.735
0.728
0.715
0.719
0.737
0.75
0.755
0.758
0.748
0.745
0.75
0.761
0.768
0.773
0.772
0.755
0.749
0.749
0.759
0.768
0.767
0.77
0.743
0.732
0.744
0.744
0.756
0.761
0.765
0.764
0.751
0.738
0.75
0.746
0.761
0.755
0.737
0.725
0.732
0.738
0.759
0.771
0.769
0.755
0.754
0.755
0.773
0.797
0.804
0.799
0.778
0.784
0.795
0.8
0.787
0.776
0.765
0.776
0.779
0.794
0.791
0.77
0.758
0.764
0.769
0.783
0.765
0.756
0.736
0.745
0.741
0.731
0.719
0.72
0.736
0.739
0.728
0.723
0.722
0.708
0.703
0.684
0.675
0.677
0.67
0.666
0.664
0.661
0.663
0.667
0.694
0.713
0.727
0.745
0.742
0.737
0.753
0.76
0.765
0.763
0.758
0.748
0.747
0.751
0.76
0.757
0.751
0.736
0.745
0.746
0.757
0.756
0.741
0.736
0.735
0.747
0.774
0.782
0.772
0.764
0.755
0.765
0.771
0.78
0.788
0.778
0.777
0.79
0.787
0.794
0.785
0.773
0.765
0.762
0.765
0.774
0.769
0.757
0.752
0.749
0.76
0.755
0.75
0.739
0.723
0.723
0.685
0.697
0.695
0.695
0.719
0.735
0.75
0.741
0.748
0.759
0.765
0.724
0.723
0.716
0.711
0.707
0.682
0.692
0.699
0.712
0.705
0.708
0.749
0.76
0.763
0.746
0.803
0.6871817
0.6272923
0.776
0.5966931
0.6397542
0.788
0.781
0.77
0.752
0.708
0.705
0.698
0.689
0.708
0.734
0.751
0.754
0.72
0.71
0.664
0.658
0.646
0.641
0.637
0.631
0.63
0.632
0.631
0.625
0.625
0.618
0.621
0.622
0.61
0.607
0.608
0.608
0.599
0.598
0.596
0.598
0.601
0.6
0.603
0.606
0.602
0.602
0.604
0.605
0.605
0.597
0.595
0.598
0.596
0.59
0.586
0.59
0.588
0.585
0.581
0.577
0.576
0.577
0.575
0.574
0.577
0.575
0.566
0.569
0.571
0.572
0.573
0.571
0.571
0.57
0.564
0.569
0.571
0.568
0.565
0.563
0.567
0.566
0.565
0.565
0.563
0.559
0.558
0.562
0.561
0.56
0.556
0.553
0.552
0.55
0.553
0.548
0.543
0.545
0.548
0.546
0.545
0.549
0.543
0.543
0.545
0.547
0.55
0.546
0.548
0.548
0.549
0.549
0.554
0.547
0.547
0.55
0.549
0.547
0.544
0.544
0.543
0.543
0.541
0.54
0.534
0.535
0.534
0.534
0.534
0.532
0.53
0.53
0.526
0.53
0.532
0.529
0.53
0.524
0.52
0.523
0.524
0.524
0.523
0.522
0.517
0.518
0.52
0.518
0.519
0.517
0.513
0.512
0.517
0.514
0.513
0.513
0.507
0.509
0.511
0.51
0.508
0.508
0.505
0.503
0.503
0.503
0.506
0.502
0.502
0.501
0.5
0.501
0.503
0.5
0.502
0.5
0.496
0.499
0.496
0.497
0.497
0.495
0.491
0.495
0.495
0.492
0.493
0.491
0.486
0.489
0.49
0.49
0.488
0.489
0.485
0.485
0.484
0.482
0.486
0.487
0.483
0.482
0.483
0.479
0.482
0.481
0.477
0.478
0.478
0.477
0.478
0.478
0.5759378
0.5910053
0.5962427
0.477
0.476
0.542107
0.6704698
0.6356126
0.5698755
0.6914976
0.6493702
0.6126251
0.6731204
0.6722121
0.6692918
0.6624861
0.6555899
0.6242223
0.6117654
0.6079324
0.5919058
0.6166234
0.5627921
0.7374375
0.6885142
0.5699022
0.6064942
0.6032086
0.666576
0.6226209
0.639705
0.6253267
0.6245569
0.6963104
0.615172
0.7037503
0.5477976
0.6562708
0.6327943
0.6374385
0.6457253
0.6008248
0.6093877
0.5744874
0.5717417
0.6416586
0.6489794
0.6288391
0.6730161
0.7303446
0.6010534
0.5085367
0.6771121
0.589845
0.5908863
0.678011
0.6113243
0.5636816
0.6349596
0.6186375
0.6259603
0.6452294
0.6067439
0.476
0.481
0.478
0.479
0.479
0.483
0.489
0.492
0.496
0.5
0.5
0.499
0.5
0.504
0.51
0.521
0.523
0.519
0.527
0.523
0.515
0.508
0.503
0.503
0.506
0.502
0.502
0.501
0.506
0.507
0.509
0.509
0.505
0.514
0.526
0.537
0.551
0.556
0.562
0.57
0.572
0.561
0.562
0.569
0.568
0.563
0.555
0.547
0.545
0.55
0.556
0.555
0.554
0.547
0.542
0.55
0.556
0.569
0.57
0.558
0.553
0.554
0.558
0.561
0.555
0.552
0.547
0.543
0.544
0.551
0.558
0.565
0.561
0.561
0.574
0.58
0.577
0.576
0.583
0.605
0.617
0.614
0.587
0.581
0.587
0.594
0.605
0.605
0.598
0.61
0.624
0.632
0.633
0.623
0.625
0.632
0.627
0.616
0.618
0.624
0.619
0.615
0.616
0.625
0.624
0.613
0.622
0.62
0.605
0.6
0.604
0.614
0.632
0.636
0.646
0.639
0.629
0.622
0.629
0.64
0.638
0.627
0.639
0.646
0.651
0.642
0.631
0.643
0.656
0.653
0.641
0.666
0.669
0.664
0.648
0.66
0.667
0.668
0.658
0.649
0.668
0.689
0.691
0.692
0.669
0.659
0.67
0.674
0.665
0.664
0.673
0.679
0.684
0.68
0.666
0.66
0.675
0.675
0.66
0.66
0.668
0.673
0.662
0.655
0.664
0.663
0.648
0.652
0.646
0.659
0.665
0.663
0.667
0.66
0.629
0.618
0.622
0.638
0.653
0.661
0.67
0.674
0.669
0.645
0.638
0.644
0.652
0.66
0.67
0.674
0.676
0.659
0.656
0.664
0.66
0.655
0.645
0.642
0.633
0.622
0.62
0.628
0.636
0.629
0.625
0.628
0.649
0.657
0.667
0.67
0.667
0.66
0.659
0.67
0.678
0.675
0.663
0.657
0.668
0.667
0.665
0.652
0.654
0.659
0.655
0.677
0.682
0.682
0.673
0.661
0.667
0.664
0.658
0.65
0.649
0.65
0.642
0.664
0.651
0.647
0.651
0.65
0.667
0.662
0.659
0.652
0.657
0.666
0.664
0.66
0.652
0.651
0.644
0.626
0.631
0.63
0.629
0.629
0.629
0.63
0.629
0.642
0.645
0.638
0.634
0.639
0.645
0.654
0.652
0.639
0.633
0.63
0.625
0.636
0.639
0.638
0.63
0.619
0.627
0.637
0.647
0.655
0.652
0.659
0.671
0.683
0.671
0.656
0.648
0.652
0.664
0.684
0.698
0.689
0.673
0.666
0.674
0.683
0.686
0.678
0.673
0.683
0.691
0.687
0.684
0.664
0.659
0.651
0.657
0.67
0.686
0.695
0.69
0.683
0.694
0.708
0.708
0.701
0.694
0.695
0.698
0.7
0.678
0.673
0.68
0.698
0.702
0.695
0.688
0.692
0.706
0.705
0.696
0.68
0.678
0.69
0.705
0.708
0.702
0.688
0.692
0.704
0.708
0.708
0.695
0.684
0.687
0.696
0.7
0.687
0.675
0.675
0.687
0.693
0.698
0.698
0.695
0.699
0.709
0.713
0.705
0.689
0.675
0.68
0.694
0.705
0.712
0.709
0.699
0.689
0.69
0.686
0.686
0.679
0.67
0.677
0.699
0.716
0.73
0.729
0.717
0.709
0.713
0.727
0.726
0.731
0.726
0.706
0.695
0.703
0.7
0.679
0.668
0.663
0.655
0.645
0.635
0.625
0.63
0.642
0.658
0.673
0.69
0.698
0.706
0.707
0.699
0.703
0.71
0.716
0.721
0.718
0.712
0.72
0.722
0.723
0.711
0.701
0.701
0.705
0.711
0.714
0.702
0.69
0.689
0.697
0.697
0.696
0.687
0.682
0.686
0.694
0.702
0.709
0.711
0.703
0.697
0.7
0.706
0.707
0.698
0.691
0.685
0.689
0.696
0.706
0.704
0.697
0.687
0.691
0.697
0.701
0.693
0.686
0.681
0.685
0.694
0.698
0.689
0.682
0.677
0.678
0.69
0.685
0.672
0.664
0.668
0.678
0.676
0.703
0.701
0.697
0.691
0.688
0.694
0.697
0.702
0.696
0.683
0.673
0.669
0.671
0.665
0.656
0.646
0.647
0.648
0.649
0.647
0.641
0.635
0.634
0.639
0.642
0.65
0.65
0.65
0.646
0.646
0.647
0.648
0.644
0.639
0.639
0.641
0.64
0.639
0.648
0.659
0.668
0.665
0.651
0.646
0.642
0.644
0.643
0.641
0.634
0.633
0.636
0.636
0.629
0.633
0.647
0.646
0.641
0.647
0.658
0.655
0.645
0.649
0.657
0.652
0.645
0.648
0.659
0.656
0.648
0.656
0.664
0.654
0.648
0.651
0.666
0.664
0.655
0.655
0.663
0.673
0.677
0.67
0.666
0.666
0.678
0.682
0.682
0.679
0.671
0.668
0.679
0.689
0.693
0.691
0.692
0.679
0.66
0.652
0.659
0.65
0.639
0.649
0.662
0.683
0.693
0.7
0.695
0.687
0.694
0.707
0.705
0.701
0.694
0.698
0.707
0.717
0.709
0.706
0.708
0.712
0.705
0.693
0.685
0.689
0.698
0.694
0.686
0.675
0.675
0.683
0.693
0.696
0.698
0.688
0.689
0.694
0.698
0.697
0.69
0.68
0.675
0.682
0.688
0.691
0.688
0.682
0.68
0.686
0.687
0.682
0.686
0.69
0.691
0.686
0.683
0.696
0.697
0.689
0.678
0.663
0.665
0.672
0.679
0.679
0.678
0.675
0.69
0.711
0.711
0.709
0.709
0.693
0.671
0.671
0.681
0.679
0.683
0.696
0.686
0.685
0.683
0.688
0.679
0.663
0.662
0.665
0.663
0.66
0.641
0.625
0.639
0.645
0.653
0.662
0.669
0.671
0.68
0.684
0.687
0.685
0.68
0.672
0.669
0.656
0.654
0.661
0.672
0.67
0.678
0.681
0.679
0.678
0.68
0.671
0.672
0.663
0.664
0.669
0.674
0.681
0.677
0.672
0.675
0.679
0.668
0.676
0.691
0.704
0.696
0.671
0.657
0.645
0.633
0.7456585
0.615
0.7022393
0.7306168
0.7698182
