0.798
0.791
0.775
0.78
0.788
0.782
0.776
0.787
0.781
0.762
0.79
0.786
0.791
0.793
0.777
0.781
0.788
0.746
0.783
0.78
0.774
0.764
0.784
0.777
0.762
0.767
0.739
0.78
0.767
0.779
0.781
0.769
0.78
0.743
0.777
0.774
0.776
0.759
0.769
0.772
0.758
0.772
0.736
0.775
0.775
0.78
0.767
0.766
0.762
0.785
0.765
0.782
0.78
0.77
0.777
0.752
0.787
0.768
0.784
0.783
0.766
0.777
0.781
0.753
0.777
0.782
0.786
0.771
0.789
0.765
0.777
0.793
0.792
0.777
0.779
0.791
0.785
0.767
0.724
0.804
0.775
0.793
0.798
0.791
0.781
0.76
0.728
0.751
0.748
0.824
0.801
0.787
0.8
0.759
0.759
0.777
0.694
0.794
0.783
0.791
0.783
0.765
0.748
0.802
0.785
0.778
0.79
0.748
0.793
0.773
0.787
0.791
0.775
0.789
0.793
0.774
0.732
0.801
0.799
0.786
0.777
0.785
0.742
0.791
0.779
0.789
0.787
0.769
0.783
0.751
0.797
0.767
0.785
0.789
0.769
0.732
0.733
0.726
0.79
0.775
0.788
0.793
0.776
0.774
0.731
0.795
0.772
0.784
0.786
0.776
0.771
0.727
0.773
0.792
0.793
0.749
0.801
0.779
0.791
0.792
0.792
0.772
0.785
0.786
0.778
0.727
0.72
0.817
0.795
0.809
0.77
0.826
0.809
0.823
0.812
0.795
0.781
0.779
0.798
0.791
0.798
0.767
0.787
0.794
0.798
0.781
0.776
0.787
0.763
0.786
0.787
0.791
0.784
0.779
0.794
0.743
0.804
0.786
0.802
0.805
0.763
0.791
0.795
0.794
0.773
0.791
0.789
0.78
0.773
0.795
0.753
0.731
0.829
0.818
0.743
0.807
0.825
0.809
0.816
0.804
0.788
0.803
0.727
0.806
0.805
0.809
0.792
0.788
0.799
0.75
0.777
0.784
0.776
0.758
0.775
0.742
0.775
0.778
0.781
0.768
0.776
0.785
0.783
0.76
0.757
0.799
0.792
0.758
0.793
0.786
0.776
0.764
0.78
0.784
0.768
0.749
0.788
0.777
0.761
0.776
0.755
0.787
0.776
0.802
0.805
0.797
0.805
0.809
0.761
0.803
0.805
0.803
0.791
0.805
0.758
0.808
0.793
0.817
0.824
0.799
0.799
0.808
0.77
0.801
0.792
0.805
0.801
0.79
0.801
0.761
0.819
0.795
0.805
0.813
0.773
0.8
0.804
0.8
0.789
0.809
0.807
0.801
0.801
0.817
0.7843733
0.784533
0.7847056
0.7849035
0.817
0.806
0.791
0.781
0.795
0.78
0.806
0.786
0.791
0.793
0.783
0.783
0.799
0.812
0.808
0.833
0.7909261
0.7913662
0.791808
0.7922502
0.844
0.792
0.775
0.818
0.809
0.788
0.796
0.8
0.789
0.778
0.791
0.792
0.775
0.793
0.795
0.799
0.787
0.793
0.77
0.81
0.791
0.805
0.806
0.797
0.802
0.814
0.8011648
0.763
0.817
0.804
0.79
0.779
0.796
0.797
0.785
0.788
0.794
0.778
0.734
0.724
0.83
0.817
0.845
0.841
0.827
0.804
0.826
0.847
0.821
0.841
0.832
0.812
0.798
0.816
0.79
0.791
0.797
0.795
0.784
0.791
0.799
0.793
0.789
0.807
0.807
0.791
0.806
0.824
0.8163614
0.8161746
0.848
0.824
0.808
0.801
0.817
0.775
0.81
0.798
0.819
0.821
0.791
0.81
0.812
0.818
0.811
0.817
0.836
0.833
0.783
0.836
0.866
0.84
0.848
0.844
0.826
0.82
0.829
0.8077996
0.8072871
0.8067528
0.8061962
0.825
0.808
0.79
0.786
0.802
0.807
0.781
0.815
0.838
0.832
0.827
0.85
0.862
0.833
0.84
0.758
0.825
0.826
0.835
0.832
0.816
0.805
0.833
0.822
0.787
0.837
0.833
0.826
0.813
0.834
0.822
0.807
0.826
0.733
0.7641112
0.7625219
0.7609414
0.828
0.757817
0.799
0.821
0.7532608
0.7517872
0.82
0.818
0.831
0.772
0.76
0.763
0.737
0.746
0.725
0.748
0.739
0.722
0.731
0.699
0.714
0.685
0.695
0.686
0.688
0.681
0.675
0.681
0.666
0.668
0.663
0.652
0.657
0.645
0.648
0.64
0.635
0.637
0.619
0.624
0.631
0.634
0.649
0.663
0.672
0.682
0.69
0.705
0.683
0.7
0.656
0.714
0.701
0.702
0.693
0.688
0.679
0.675
0.672
0.666
0.666
0.66
0.663
0.664
0.66
0.658
0.659
0.657
0.655
0.648
0.647
0.647
0.643
0.642
0.642
0.64
0.639
0.628
0.625
0.632
0.627
0.624
0.626
0.619
0.616
0.615
0.618
0.616
0.616
0.617
0.616
0.617
0.61
0.617
0.625
0.621
0.626
0.628
0.624
0.629
0.628
0.624
0.619
0.616
0.613
0.606
0.606
0.604
0.598
0.602
0.599
0.596
0.596
0.593
0.594
0.592
0.598
0.597
0.595
0.609
0.607
0.603
0.604
0.61
0.598
0.596
0.608
0.602
0.595
0.609
0.608
0.606
0.615
0.617
0.608
0.616
0.622
0.615
0.625
0.618
0.61
0.612
0.607
0.606
0.604
0.606
0.602
0.603
0.606
0.606
0.604
0.6
0.612
0.608
0.599
0.611
0.609
0.601
0.611
0.61
0.607
0.62
0.616
0.608
0.61
0.623
0.616
0.61
0.621
0.621
0.611
0.625
0.616
0.611
0.627
0.61
0.603
0.625
0.612
0.603
0.619
0.609
0.606
0.613
0.611
0.608
0.61
0.609
0.609
0.614
0.606
0.614
0.618
0.604
0.605
0.618
0.602
0.599
0.617
0.6013388
0.6012849
0.621
0.609
0.597
0.598
0.608
0.597
0.594
0.607
0.598
0.592
0.605
0.595
0.59
0.599
0.594
0.591
0.598
0.599
0.596
0.594
0.596
0.599
0.595
0.593
0.602
0.595
0.538
0.656
0.601
0.59
0.599
0.602
0.594
0.594
0.593
0.592
0.595
0.593
0.596
0.602
0.597
0.596
0.606
0.6
0.592
0.603
0.602
0.596
0.609
0.602
0.597
0.608
0.608
0.598
0.592
0.608
0.598
0.588
0.601
0.596
0.591
0.597
0.596
0.602
0.6
0.594
0.603
0.606
0.592
0.572
0.625
0.593
0.587
0.602
0.595
0.588
0.596
0.597
0.595
0.603
0.603
0.601
0.601
0.615
0.596
0.595
0.612
0.604
0.596
0.601
0.601
0.594
0.6
0.593
0.592
0.598
0.601
0.592
0.593
0.607
0.595
0.594
0.609
0.607
0.598
0.605
0.609
0.599
0.6
0.606
0.608
0.6
0.604
0.6
0.601
0.611
0.598
0.599
0.611
0.605
0.596
0.603
0.607
0.601
0.598
0.606
0.605
0.595
0.606
0.593
0.589
0.601
0.595
0.59
0.604
0.598
0.591
0.606
0.6
0.588
0.605
0.597
0.592
0.596
0.606
0.6
0.596
0.603
0.617
0.614
0.607
0.625
0.624
0.616
0.633
0.624
0.619
0.631
0.624
0.621
0.627
0.625
0.612
0.627
0.617
0.604
0.618
0.613
0.605
0.614
0.618
0.61
0.609
0.619
0.615
0.617
0.632
0.625
0.621
0.639
0.638
0.626
0.627
0.641
0.636
0.63
0.642
0.641
0.634
0.632
0.643
0.641
0.632
0.647
0.649
0.644
0.638
0.658
0.66
0.647
0.682
0.678
0.667
0.696
0.694
0.676
0.699
0.698
0.691
0.664
0.698
0.7
0.697
0.673
0.705
0.706
0.688
0.718
0.708
0.651
0.756
0.706
0.693
0.71
0.702
0.687
0.711
0.707
0.686
0.715
0.704
0.681
0.708
0.701
0.673
0.703
0.688
0.675
0.698
0.703
0.686
0.708
0.719
0.7
0.7
0.716
0.71
0.69
0.717
0.714
0.693
0.714
0.72
0.7
0.7
0.723
0.728
0.704
0.728
0.733
0.689
0.717
0.73
0.679
0.727
0.734
0.692
0.673
0.707
0.71
0.726
0.715
0.676
0.681
0.709
0.683
0.752
0.681
0.735
0.739
0.673
0.744
0.757
0.745
0.747
0.747
0.719
0.74
0.73
0.742
0.728
0.743
0.743
0.722
0.751
0.752
0.733
0.747
0.729
0.689
0.745
0.731
0.704
0.759
0.771
0.762
0.741
0.723
0.728
0.735
0.71
0.711
0.707
0.706
0.785
0.775
0.759
0.742
0.768
0.725
0.752
0.742
0.757
0.759
0.757
0.73
0.755
0.751
0.733
0.742
0.713
0.712
0.761
0.758
0.755
0.736
0.752
0.756
0.741
0.76
0.698
0.77
0.768
0.778
0.768
0.765
0.731
0.76
0.773
0.758
0.75
0.745
0.75
0.749
0.738
0.748
0.699
0.752
0.748
0.75
0.727
0.748
0.709
0.748
0.75
0.75
0.736
0.737
0.75
0.75
0.732
0.749
0.714
0.712
0.75
0.749
0.735
0.728
0.751
0.743
0.734
0.746
0.685
0.752
0.742
0.757
0.746
0.743
0.695
0.763
0.729
0.74
0.738
0.707
0.72
0.724
0.719
0.703
0.702
0.708
0.752
0.746
0.724
0.738
0.757
0.75
0.741
0.728
0.736
0.696
0.736
0.753
0.734
0.729
0.732
0.74
0.73
0.699
0.67
0.753
0.739
0.75
0.74
0.734
0.736
0.73
0.677
0.746
0.745
0.731
0.727
0.719
0.72
0.713
0.707
0.708
0.71
0.707
0.734
0.772
0.777
0.773
0.774
0.776
0.766
0.759
0.712
0.733
0.748
0.739
0.737
0.741
0.739
0.732
0.718
0.723
0.684
0.666
0.723
0.712
0.709
0.699
0.703
0.699
0.694
0.697
0.692
0.647
0.714
0.708
0.688
0.678
0.673
0.678
0.683
0.691
0.701
0.691
0.653
0.723
0.705
0.705
0.708
0.697
0.698
0.704
0.664
0.704
0.697
0.69
0.692
0.681
0.685
0.683
0.67
0.67
0.67
0.665
0.662
0.669
0.671
0.666
0.7177461
0.68
0.683
0.67
0.683
0.686
0.68
0.683
0.691
0.693
0.691
0.673
0.744
0.713
0.719
0.729
0.723
0.715
0.723
0.686
0.759
0.73
0.735
0.697
0.745
0.747
0.745
0.739
0.75
0.748
0.732
0.701
0.75
0.737
0.739
0.731
0.725
0.694
0.754
0.741
0.75
0.75
0.736
0.742
0.747
0.704
0.756
0.736
0.758
0.753
0.755
0.747
0.749
0.718
0.76
0.74
0.747
0.75
0.743
0.738
0.741
0.744
0.744
0.746
0.751
0.742
0.735
0.749
0.718
0.744
0.737
0.743
0.735
0.727
0.737
0.722
0.731
0.723
0.729
0.728
0.716
0.729
0.734
0.724
0.734
0.736
0.735
0.726
0.734
0.74
0.726
0.68
0.741
0.741
0.741
0.745
0.736
0.735
0.751
0.701
0.745
0.71
0.741
0.747
0.746
0.738
0.725
0.711
0.737
0.756
0.739
0.745
0.748
0.743
0.733
0.718
0.677
0.733
0.714
0.73
0.737
0.739
0.726
0.698
0.756
0.731
0.746
0.749
0.744
0.753
0.72
0.758
0.762
0.764
0.75
0.747
0.761
0.762
0.717
0.769
0.754
0.738
0.754
0.748
0.75
0.74
0.723
0.684
0.751
0.741
0.734
0.725
0.717
0.734
0.736
0.718
0.682
0.739
0.749
0.754
0.758
0.762
0.756
0.748
0.724
0.753
0.766
0.756
0.742
0.738
0.752
0.75
0.71
0.755
0.737
0.74
0.741
0.741
0.746
0.737
0.737
0.699
0.764
0.759
0.755
0.753
0.75
0.745
0.707
0.759
0.75
0.745
0.74
0.741
0.745
0.741
0.686
0.761
0.739
0.733
0.73
0.725
0.725
0.723
0.684
0.749
0.728
0.718
0.715
0.723
0.712
0.711
0.683
0.752
0.727
0.735
0.73
0.727
0.72
0.697
0.661
0.731
0.732
0.714
