0.8095828
0.8170651
0.8242563
0.8168849
0.8234447
0.8235436
0.8212114
0.8324683
0.8304507
0.8208274
0.8332186
0.8323338
0.8254841
0.832122
0.8259161
0.8200856
0.8261708
0.82143
0.8080581
0.812315
0.8106911
0.8026225
0.8107766
0.8087494
0.8022527
0.8080423
0.8069346
0.8050014
0.8164784
0.8157536
0.8105406
0.8207985
0.8218953
0.8201064
0.8279041
0.8249503
0.8166285
0.8133221
0.8074572
0.8029018
0.8110839
0.8166547
0.8125893
0.8204228
0.8263654
0.8262016
0.8318443
0.8381833
0.8369944
0.8335944
0.8420705
0.842405
0.8319839
0.8395232
0.8380143
0.8185527
0.8145077
0.804838
0.7914207
0.7917745
0.7920187
0.8022416
0.809148
0.8086843
0.825285
0.832785
0.8311842
0.8444122
0.8546789
0.844021
0.8310332
0.8346675
0.8431429
0.8543334
0.866269
0.8658212
0.863937
0.8712789
0.8751375
0.8727911
0.8769692
0.8745769
0.8662506
0.8746922
0.8766841
0.8711444
0.8772573
0.8721573
0.8641178
0.8700858
0.8667257
0.8612383
0.8569214
0.851838
0.8519512
0.8444564
0.8416287
0.8494058
0.8430698
0.8353035
0.8418322
0.8379309
0.8343387
0.8448844
0.8391767
0.8326788
0.8432698
0.8381199
0.8290798
0.8319812
0.8327307
0.8324486
0.8368686
0.8340501
0.8298895
0.8396395
0.8409395
0.8358019
0.8438486
0.8413921
0.831592
0.8392691
0.8356805
0.8279305
0.8372617
0.8387143
0.8358545
0.8381176
0.8420908
0.8445399
0.8423385
0.8397414
0.8371827
0.8326888
0.8217604
0.8163757
0.8171371
0.8072231
0.7996654
0.7868959
0.7790642
0.7921881
0.7988807
0.8027528
0.8099665
0.818448
0.8238079
0.8233187
0.8247583
0.8283968
0.8280246
0.8230702
0.822274
0.8168984
0.8142132
0.8262269
0.8249275
0.8161262
0.8168229
0.8149576
0.8110459
0.808047
0.8137822
0.8160193
0.8114619
0.8182553
0.822789
0.8237943
0.8178934
0.8135874
0.8323694
0.833847
0.8248285
0.8288753
0.8323618
0.8297583
0.8248817
0.8339505
0.8320602
0.8265465
0.8409494
0.83769
0.8291087
0.8368117
0.8375306
0.8347587
0.8364202
0.8373207
0.8300789
0.8280744
0.8335634
0.8354148
0.8331751
0.8301524
0.8320384
0.8326346
0.8326289
0.8398731
0.8365045
0.8252895
0.8329045
0.8353565
0.8250338
0.8302124
0.827733
0.8130313
0.8149602
0.8204213
0.8217623
0.8230483
0.8297085
0.828728
0.8222557
0.8314105
0.8286673
0.8218219
0.8314256
0.8335359
0.8254234
0.8210075
0.8277384
0.824459
0.8157729
0.8181648
0.8086393
0.8018448
0.8102787
0.8018137
0.7941819
0.8058613
0.8069806
0.8003603
0.8021909
0.8076399
0.7979289
0.7930081
0.7891691
0.7711574
0.76474
0.7717836
0.7831491
0.7893757
0.7983943
0.8000594
0.8048129
0.8327638
0.8416463
0.837576
0.8499363
0.8502832
0.8448915
0.8444571
0.8375064
0.8405895
0.8376822
0.8261339
0.8329934
0.8309381
0.8235695
0.8371327
0.8355679
0.8281092
0.8425227
0.8423002
0.832909
0.8418133
0.8448443
0.8452175
0.8412639
0.8383661
0.8539557
0.850737
0.8397504
0.8444147
0.8483426
0.8451482
0.842409
0.8467848
0.8476507
0.8467246
0.840322
0.8313613
0.8319651
0.8316069
0.8229443
0.8190028
0.825111
0.8228966
0.8200267
0.8270998
0.8337266
0.8337499
0.8337737
0.8426358
0.8408282
0.8341987
0.8501594
0.8519909
0.8415647
0.8509737
0.8493199
0.8395272
0.8396752
0.8412758
0.8405251
0.8385443
0.8341294
0.8391981
0.8512072
0.8522275
0.8499945
0.8511404
0.8594848
0.861189
0.8553397
0.8468531
0.8367873
0.8254367
0.8076611
0.8115259
0.8253373
0.83205
0.839657
0.8465618
0.8576624
0.8680368
0.8670663
0.8613271
0.8686595
0.8652162
0.8507436
0.8553061
0.8506734
0.8396751
0.8446642
0.8478008
0.8440019
0.8435486
0.8518222
0.8508286
0.8461295
0.8565039
0.8478544
0.83762
0.8514457
0.8543339
0.8467845
0.8435529
0.8501471
0.8415491
0.8338497
0.8536554
0.8559957
0.847175
0.8543423
0.8610969
0.8540017
0.8502529
0.8587895
0.852615
0.839218
0.8427346
0.8485561
0.8407103
0.8386323
0.8493791
0.8461321
0.835586
0.8436618
0.8409517
0.8306314
0.8297858
0.824308
0.826397
0.8311827
0.8317972
0.8288464
0.8310546
0.8341366
0.8332535
0.8345908
0.8366401
0.8402989
0.8403849
0.8365134
0.8281097
0.8214514
0.8127744
0.8051064
0.8126151
0.8106648
0.8090956
0.8216333
0.8268666
0.8282243
0.8330511
0.8376495
0.8415794
0.8406821
0.8367343
0.8429189
0.8438759
0.8364436
0.8337356
0.8400362
0.8372307
0.8278034
0.8337897
0.8317721
0.8263015
0.8340169
0.8315943
0.8276318
0.830906
0.8211841
0.815111
0.8197219
0.8188683
0.8163675
0.8222854
0.8235729
0.8200624
0.8296894
0.8317612
0.8259566
0.8337625
0.8348043
0.825541
0.8317468
0.8334947
0.8240859
0.8265913
0.8342786
0.8284217
0.8206789
0.8300245
0.8258442
0.8212427
0.8211459
0.8125702
0.8170968
0.8234265
0.8166685
0.8058029
0.7969369
0.7905892
0.7950229
0.7971182
0.798685
0.7915982
0.7851903
0.7902298
0.7841793
0.7795631
0.7746648
0.7656754
0.7614918
0.7539909
0.7487668
0.7479396
0.7395562
0.7331574
0.740589
0.7174357
0.6800356
0.6748993
0.6791576
0.681593
0.6836124
0.6907193
0.6957274
0.7019546
0.7039127
0.699553
0.6994285
0.6985058
0.6964391
0.6935266
0.6927311
0.6976103
0.6908159
0.6826087
0.6850956
0.6860369
0.6856952
0.6811265
0.6782281
0.6765456
0.6668329
0.6634576
0.6669801
0.6672375
0.6653148
0.6575121
0.6608356
0.6648944
0.6593632
0.66227
0.6650873
0.6563337
0.6561499
0.6608858
0.653834
0.6564688
0.657007
0.6463336
0.6442307
0.6410961
0.6375317
0.6371797
0.6371422
0.6342328
0.6269283
0.6300068
0.6274646
0.6183724
0.6221493
0.6219045
0.6153785
0.6149859
0.6157743
0.6131
0.6122146
0.6103694
0.6079902
0.610127
0.6083418
0.60391
0.6065889
0.6077523
0.6021973
0.6002321
0.6017011
0.6000347
0.5982132
0.5999105
0.598654
0.5978268
0.5977742
0.5976134
0.5969455
0.5942853
0.5959395
0.5945103
0.5930351
0.5947571
0.5919752
0.5904222
0.5914532
0.5871034
0.5834093
0.584593
0.5842428
0.5816888
0.5805266
0.5814816
0.5780467
0.5766389
0.579082
0.5766863
0.5756936
0.5771893
0.5778385
0.5747379
0.5728094
0.5762053
0.5730929
0.5706831
0.5741626
0.5713247
0.5681526
0.5698881
0.5687699
0.5653266
0.5637768
0.5643433
0.5656107
0.5630291
0.5614355
0.5623664
0.5616587
0.5602413
0.5588629
0.5558616
0.5545972
0.5562521
0.5534254
0.5509324
0.5509779
0.5511223
0.5507197
0.5493345
0.5498075
0.5500233
0.5478988
0.5462268
0.5457765
0.5463257
0.5454183
0.5437582
0.5454156
0.5452145
0.5440541
0.5448877
0.5439874
0.5431435
0.542776
0.5434103
0.5410916
0.5405993
0.5463711
0.5482472
0.5478998
0.5468825
0.5452727
0.5457974
0.54611
0.5448126
0.5443532
0.5456682
0.5451128
0.5462889
0.5484091
0.5475818
0.5475067
0.5451655
0.5454383
0.545987
0.5421217
0.5399483
0.5402423
0.5394528
0.5366383
0.5343234
0.5327984
0.5332931
0.5313589
0.5300556
0.5318578
0.5298239
0.5263414
0.5291582
0.5290313
0.5276463
0.5278431
0.5265055
0.5284974
0.5249108
0.5239593
0.526544
0.5233417
0.5208472
0.521272
0.5215983
0.5214849
0.522557
0.5211381
0.5202197
0.5227909
0.5229431
0.5222318
0.5271921
0.5234671
0.5198893
0.5279869
0.5249626
0.5254595
0.5328457
0.5319777
0.5334454
0.5373932
0.5395824
0.541403
0.5447755
0.5435619
0.5443076
0.5492679
0.54744
0.5537067
0.5635211
0.5609427
0.5575024
0.5674677
0.5786955
0.5767507
0.5770389
0.5872154
0.5886024
0.5817053
0.5861884
0.5909469
0.5858806
0.5891746
0.6017501
0.6053809
0.6084263
0.6263357
0.6483341
0.649832
0.6297207
0.6153306
0.6139964
0.6205046
0.618048
0.6131407
0.6199026
0.6170379
0.6140038
0.6366676
0.6507558
0.6346313
0.6212738
0.6167541
0.6200422
0.6220235
0.6216637
0.6205719
0.6124504
0.6190853
0.6208667
0.6087097
0.6157394
0.6205805
0.6194715
0.6386147
0.6460648
0.6375728
0.6432898
0.6454748
0.6500086
0.6433237
0.6329552
0.6362035
0.6340697
0.6237981
0.6099574
0.6164319
0.6187389
0.6110334
0.6065328
0.6074758
0.6040549
0.6026244
0.619644
0.6248393
0.617337
0.6206261
0.6334136
0.6365251
0.6372882
0.6512968
0.66286
0.6549246
0.6428541
0.633672
0.6237206
0.6183727
0.6292465
0.642372
0.65607
0.667219
0.6550281
0.6650724
0.6692029
0.6523014
0.6765372
0.6570033
0.6765858
0.7337977
0.6756387
0.6638169
0.6975354
0.7053808
0.6902806
0.68846
0.6868182
0.7217664
0.7532871
0.6840188
0.6918107
0.6937409
0.6767052
0.6967649
0.687689
0.6822399
0.6611834
0.6426607
0.6524881
0.6690769
0.695384
0.7188556
0.7206122
0.7006244
0.6767262
0.6954197
0.7290067
0.6921275
0.718406
0.7752918
0.7246594
0.6967929
0.7514691
0.7593262
0.7142951
0.7249641
0.7514461
0.808356
0.7127392
0.6987094
0.8680631
0.8693517
0.8411167
0.8459009
0.8477741
0.8517755
0.8534269
0.8565234
0.8550431
0.856724
0.8495768
0.8465583
0.8533414
0.8418272
0.8277318
0.8316065
0.8271788
0.8208335
0.8264131
0.8279091
0.8309296
0.8465633
0.8507336
0.8460329
0.8590735
0.8673133
0.8652078
0.8666452
0.8651973
0.8706934
0.8809148
0.8803369
0.869308
0.8557835
0.8555255
0.8540355
0.8378523
0.8413361
0.8477888
0.8484777
0.869391
0.8885558
0.87393
0.8517909
0.8406492
0.8232502
0.8315652
0.8485328
0.847465
0.8476717
0.8493467
0.8517073
0.8576129
0.8551874
0.8541599
0.8725419
0.8795562
0.8706667
0.8755662
0.8768156
0.8632372
0.8631324
0.8579634
0.847368
0.8552516
0.8530658
0.8494676
0.8739651
0.8784942
0.8606887
0.8677541
0.8770372
0.8861539
0.8912282
0.8874558
0.8905894
0.8866151
0.8821261
0.8826633
0.8835881
0.8807647
0.8722854
0.8670019
0.8527656
0.8418135
0.8518199
0.8548054
0.8452447
0.8603044
0.8762388
0.8609183
0.8560255
0.8588448
0.8556499
0.8551388
0.852889
0.8500176
0.8448315
0.8392809
0.833592
0.8263736
0.8197205
0.8187895
0.8232719
0.8231841
0.823391
0.8330297
0.8402995
0.8384036
0.8347027
0.8323314
0.8351863
0.8327359
0.8258763
0.8419305
0.8694759
0.8837128
0.8802276
0.8611901
0.8435386
0.8480753
0.8533934
0.8468899
0.8520591
0.8580821
0.8570298
0.8591983
0.8649521
0.868684
0.8592946
0.8508237
0.8576756
0.8514437
0.8376373
0.8433415
0.8475184
0.8370784
0.8363499
0.8329385
0.8342744
0.8656882
0.8761357
0.8636157
0.8639947
0.8610432
0.8523082
0.8634375
0.86143
0.8452012
0.8481973
0.8424849
0.8446663
0.844986
0.8341879
0.8415559
0.8475558
0.847716
0.8558544
0.8657619
0.8655539
0.870695
0.8671379
0.85402
0.8676456
0.873912
0.8615655
0.8690507
0.8830174
0.8879621
0.8953125
0.8878491
0.8721164
0.8648076
0.8617135
0.8498384
0.8330959
0.8338132
0.8320118
0.8290395
0.8337168
0.8262443
0.8243875
0.8297419
0.8172438
0.8148356
0.8288151
0.8391495
0.8521695
0.8644314
0.8770001
0.8962767
0.9087258
0.9000405
0.8900561
0.8943553
0.8959475
0.8933023
0.8893051
0.8805894
0.8658838
0.8572881
0.8574662
0.848851
0.8375479
0.8293846
0.8195012
0.8118485
0.8104636
0.8159497
0.8171886
0.8153481
0.8231313
0.8303273
0.8327054
0.8330469
0.8398868
0.8438788
0.8394686
0.8519693
0.8523088
0.8423229
0.8498994
0.8523355
0.8476809
0.8422172
0.8458445
0.8445771
0.8418469
0.8520997
0.8484901
0.8471607
0.8540568
0.8450464
0.8268843
0.815948
0.8141887
0.8149397
0.8148423
0.8120959
0.8201008
0.8276548
0.8333985
0.835124
0.8295867
0.8359601
0.842512
0.8490103
0.8532265
0.8541937
0.8531767
0.8513695
0.8557361
0.8590469
0.858794
0.8561084
0.8607644
0.862002
0.8542864
0.8598243
0.8661478
0.862866
0.8624196
0.8556247
0.8426821
0.8356334
0.8335782
0.8255831
0.8183345
0.8196523
0.8057546
0.7907184
0.7914761
0.7923407
0.7972718
0.8065775
0.8088283
0.8118468
0.8256126
0.8332846
0.8329756
0.84172
0.8394182
0.8352462
0.8422715
0.8413743
0.8388031
0.8404666
0.8400434
0.834954
0.8367786
0.8418294
0.8420529
0.8453939
0.8469732
0.841964
0.8482961
0.8544221
0.8541883
0.8620566
0.8651995
0.8607419
0.8563205
0.8515839
0.8542984
0.8512063
0.8416015
0.8471952
0.8418535
0.8326948
0.8416716
0.8398188
0.8354223
0.8503799
0.8491041
0.8440086
0.8645894
0.8646458
0.8517518
0.8589744
0.8573673
0.8474094
0.8512731
0.8460893
0.833798
0.8414167
0.8449358
0.8386796
0.8483906
0.8585908
0.8605587
0.8622641
0.8639065
0.8682032
0.8704732
0.8683909
0.8746228
0.8735974
0.8665463
0.8715865
0.8695317
0.8572729
0.853856
0.8589093
0.8487158
0.8409114
0.8402115
0.8296215
0.8207243
0.8197684
0.8198483
0.8161344
0.8062292
0.8064794
0.81353
0.8070301
0.8082219
0.8162475
0.8108678
0.8094334
0.8194771
0.8195609
0.8160183
0.8202202
0.8256735
0.8146984
0.805072
0.810776
0.8051833
0.7976528
0.8017374
0.8025242
0.8054388
0.8019189
0.7987616
0.8044966
0.8013025
0.8034639
0.8046688
0.8073548
0.8062179
0.8041064
0.8115813
0.8119843
0.8135755
0.8204193
0.8164438
0.8116017
0.8186031
0.8161991
0.8073146
0.8048495
0.7997034
0.7902936
0.7806889
0.7803018
0.7830372
0.7800162
0.7847491
0.7939582
0.8044723
0.8106381
0.8161863
0.8231373
0.8283561
0.8319823
0.8300974
0.833367
0.8405856
0.8373592
0.8269362
0.8302149
0.8291784
0.8195177
0.817604
0.8275236
0.8317474
0.8303926
0.8306362
0.8246806
0.8302158
0.8280778
0.828946
0.8401179
0.83511
0.8363184
0.8450471
0.8412668
0.8441196
0.8475555
0.8417989
0.84924
0.8522536
0.8451888
0.8596404
0.87011
0.8644352
0.8702305
0.8794671
0.8787885
0.8757017
0.8828933
0.8816178
0.8753434
0.8686514
0.8724627
0.8786769
0.8740376
0.8770563
0.8675248
0.8578823
0.8532383
0.8430565
0.8404483
0.8391894
0.8393195
0.8436109
0.8507605
0.8578631
0.8555156
0.8553343
0.8614841
0.8621149
0.8532876
0.8510003
0.856538
0.8529616
0.8484389
0.8352451
0.8366076
0.8576136
0.856869
0.8634184
0.8770409
0.8804182
0.8875154
0.8923077
0.8923698
0.8907781
0.8890608
0.8915438
0.894949
0.8896381
0.8881818
0.8903847
0.8886312
0.8840548
0.873643
0.8670638
0.8568453
0.8495548
0.8487274
0.8368208
0.8368961
0.8396722
0.83497
0.8371101
0.8409938
0.8460233
0.8464765
0.8459167
0.8546736
0.8637721
0.8694176
0.8743135
0.8688632
0.8629068
0.8629575
0.8587262
0.8590735
0.8535019
0.8445677
0.8476291
0.8501131
0.8520912
0.8525434
0.8539197
0.8523012
0.8470997
0.8459244
0.8350248
0.8240142
0.8297106
0.8333472
0.8354312
0.8367049
0.8314721
0.8297183
0.8325785
0.8362056
0.833323
0.833468
0.832638
0.834545
0.8429591
0.8381398
0.8394036
0.852279
0.8605527
0.8641186
0.8615639
0.8576054
0.8598838
0.8481475
0.8379877
0.8491257
0.8440492
0.8376346
0.8350901
0.8287885
0.8346132
0.8388138
0.8404932
0.8455573
0.8436571
0.8343463
0.8335492
0.8336501
0.8308438
0.8343264
0.8374674
0.8441083
0.8457928
0.8405778
0.8473133
0.8448215
0.8319477
0.8394325
0.8461012
0.8467273
0.8597535
0.8694101
0.8749966
0.8828343
0.8835868
0.880597
0.8827636
0.8871056
0.8831493
0.8751713
0.8653091
0.8507104
0.8474692
0.8488379
0.8453414
0.8447902
0.8328788
0.8282176
0.8471799
0.8530392
0.850897
0.8548057
0.8551113
0.8605093
0.8613935
0.862754
0.8618605
0.8537645
0.8377773
0.8261401
0.8451813
0.8533494
0.8476566
0.8479717
0.8506494
0.8548951
0.8484297
0.8310984
0.8222713
0.8088767
0.7949154
0.800339
0.8020105
0.804753
0.807482
0.8091734
0.8100893
0.8083697
0.8105868
0.8213599
0.8271694
0.8232772
0.8226176
0.81696
0.8204256
0.8253419
0.8298472
0.8305638
0.8254049
0.8161991
0.8049849
0.816199
0.8153429
0.8062452
0.8105855
0.8067173
0.8018773
0.8054122
0.8126938
0.8235808
0.8296344
0.835087
0.8479767
0.8576164
0.8544372
0.8493028
0.8528765
0.8480583
0.8418614
0.8385203
0.8317342
0.8317269
0.8318229
0.8271208
0.8241145
0.8116518
0.7973922
0.8003852
0.8027735
0.7949943
0.802893
0.8168604
0.8247439
0.8237105
0.8183817
0.8247623
0.8221437
0.8322989
0.8344092
0.8290994
0.8378795
0.832664
0.8378953
0.8503029
0.8535296
0.8555058
0.8473936
0.8386391
0.8393248
0.8374399
0.8235254
0.8139694
0.8123765
0.8090999
0.8098487
0.806802
0.7979325
0.7860108
0.7941655
0.7959899
0.8056858
0.8268493
0.8106737
0.8104918
0.8248811
0.8286219
0.8239914
0.8160454
0.823549
0.8252434
0.8258493
0.8316013
0.8313101
0.8341042
0.8364323
0.8379451
0.8452935
0.8457392
0.8451153
0.8417398
0.8361739
0.8432467
0.8380359
0.8382547
0.8373345
0.8270922
0.8443884
0.8387049
0.8253967
0.8427373
0.8377741
0.8159327
0.8256973
0.8323435
0.8240371
0.8300993
0.8223011
0.8198645
0.8191518
0.813288
0.8150805
0.8176311
0.8173594
0.8132444
0.8158627
0.8135049
0.808889
0.8070054
0.7995074
0.7930944
0.7985576
0.7970549
0.7830082
0.773397
0.7743088
0.7593052
0.7407006
0.7525038
0.7654081
0.7697792
0.7729018
0.7753456
0.7885422
0.7993141
0.8053273
0.8143489
0.8184561
0.8272318
0.8249085
0.8274665
0.8413547
0.8268239
0.8141988
0.8275176
0.8407578
0.8405468
0.8434807
0.8431469
0.836566
0.8386342
0.8456923
0.8541263
0.8429887
0.8374917
0.8398581
0.8428591
0.8397819
0.8298538
0.8451764
0.8462938
0.8427431
0.8425773
0.8331216
0.8309483
0.8267701
0.821384
0.8109264
0.7974437
0.8065733
0.817611
0.8147358
0.8219864
0.8248257
0.8195003
0.8208818
0.8239099
0.8206327
0.8189982
0.8128997
0.7994235
0.7941157
0.7916446
0.790763
0.7853512
0.786195
0.7872847
0.7837471
0.7846947
0.7802996
0.7868632
0.7940387
0.7954509
0.7948465
0.7949285
0.7998025
0.8111501
0.8218266
0.8288066
0.8344156
0.83593
0.8444656
0.8486828
0.8498463
0.8550511
0.8566732
0.8530487
0.8547967
0.8418014
0.824104
0.8294202
0.8328573
0.8291065
0.8271156
0.8380241
0.8354084
0.8365565
0.839688
0.8375065
0.8531844
0.846795
0.8435584
0.8512409
0.8489018
0.8481198
0.8456839
0.8401895
0.8349656
0.846666
0.8442076
0.8218142
0.8282025
0.8225048
0.8123136
0.8119004
0.8096966
0.822266
0.8124031
0.7985014
0.801364
0.7981266
0.7976772
0.8031437
0.8046136
0.8044575
0.8134357
0.8238195
0.8294203
0.8331414
0.8295219
0.8325127
0.8365647
0.8336191
0.833495
0.8289211
0.8191099
0.8088072
0.8071929
0.8125421
0.8143489
0.8190675
0.8290744
0.8320404
0.8269996
0.8297869
0.8335272
0.8293196
0.8303909
0.8308321
0.8331421
0.8404066
0.8391444
0.8417085
0.836632
0.820903
0.8223784
0.8199256
0.8133335
0.8153123
0.8047142
0.8043386
0.8136292
0.8133979
0.8169775
0.8217759
0.8275766
0.8307988
0.837157
0.8551115
0.860269
0.8563973
0.856339
0.8525286
0.8586526
0.8585039
0.8426852
0.8428088
0.8449055
0.8384806
0.8410868
0.8343605
0.82714
0.8282377
0.8238002
0.8247284
0.8268713
0.8307078
0.8313789
0.8359456
0.8407555
0.8388326
0.8443666
0.8460251
0.8408632
0.8374312
0.8309528
0.8190953
0.8168739
0.8140984
0.8052927
0.8085945
0.8114738
0.8077622
0.8095863
0.8031982
0.7992777
0.8097676
0.8134705
0.8128333
0.8095877
0.8148943
0.8284998
0.8275716
0.8285591
0.8415806
0.8430613
0.8420318
0.8509224
0.8422715
0.8402327
0.8550418
0.8551296
0.8568739
0.8614181
0.8596203
0.8561665
0.8564402
0.8592174
0.8565502
0.8525405
0.8494677
0.8443033
0.8400185
0.8311788
0.8181855
0.8166611
0.8188884
0.8216147
0.8115296
0.8024301
0.8070595
0.8047146
0.8092363
0.8194095
0.814335
0.8122345
0.8090852
0.7999646
0.8155991
0.8196101
0.8119483
0.81458
0.8101458
0.8005875
0.7928741
0.7969042
0.7868283
0.7786384
0.7877182
0.7879959
0.7827017
0.7843317
0.7878325
0.7876104
0.8003111
0.8037943
0.8014893
0.8048224
0.815658
0.8179608
0.8059044
0.8121641
0.816572
0.8083597
0.801893
0.7947868
0.7908702
0.7864161
0.7845732
0.7835208
0.7779031
0.7872532
0.7876448
0.7873889
0.7988102
0.7909557
0.7900076
0.7990878
0.8021851
0.8022185
0.7956845
0.7950335
0.8020589
0.7987586
0.7909477
0.7889608
0.7726148
0.7680539
0.7721964
0.7609263
0.7511039
0.7542332
0.7440211
0.7370686
0.7667043
0.7663574
0.7733563
0.8089485
0.8257643
0.8302178
0.8348154
0.8346484
0.8226374
0.8033037
0.8038545
0.8262987
0.8250464
0.8247046
0.8323921
0.8204376
0.8143523
0.8189899
0.8013121
0.8001271
0.8106721
0.8092672
0.8178477
0.8293453
0.8370626
0.8377918
0.8416881
0.841389
0.8382322
0.838509
0.8365094
0.8378219
0.8343407
0.8248638
0.8193502
0.8111523
0.8078633
0.8040676
0.7999697
0.7915353
0.7840611
0.7964382
0.7956753
0.7997187
0.8072563
0.7935232
0.8031651
0.8131867
0.7955405
0.7978377
0.8086869
0.80752
0.8118539
0.8179592
0.8164206
0.816355
0.8169378
0.8189167
0.8235041
0.8168928
0.8163511
0.8175934
0.8105917
0.8110061
0.8069212
0.8009527
0.8019039
0.8088751
0.8208771
0.8256025
0.8242792
0.8138809
0.8051332
0.7957898
0.8019209
0.8229402
0.812922
0.7909543
0.7904337
0.8036261
0.8117824
0.8164397
0.8213668
0.8201815
0.8181845
0.8120083
0.808031
0.8061511
0.7968872
0.7925999
0.7968102
0.8085776
0.8166439
0.8229486
0.8238929
0.8264341
0.8292701
0.8275442
0.8256206
0.8276297
0.8212324
0.8059694
0.8064956
0.8014513
0.7977429
0.7974204
0.7918637
0.7902707
0.7919392
0.7949976
0.7969487
0.7980112
0.8001417
0.7960483
0.7906208
0.8014236
0.8080959
0.7942146
0.797262
0.812554
0.8085979
0.8097941
0.8152653
0.8206682
0.8130205
0.8019269
0.8146389
0.8166675
0.814593
0.8176928
0.8221665
0.8247776
0.818321
0.814901
0.820868
0.8251892
0.820838
0.8261555
0.8363678
0.8371091
0.8351264
0.8404046
0.8528177
0.8526297
0.8462715
0.8588237
0.8632201
0.8576879
0.8624957
0.8606144
0.847041
0.8332842
0.8339089
0.8494755
0.8595614
0.8604283
0.867206
0.8730624
0.8652233
0.8530315
0.8496432
0.8500868
0.8490243
0.8422629
0.8387979
0.8407089
0.8349774
0.8371731
0.8453028
0.8531964
0.8602116
0.8651624
0.8671509
0.8684646
0.8721726
0.8695184
0.8667818
0.8605488
0.8563336
0.8629249
0.8631438
0.8649557
0.8759101
0.8704961
0.8617455
0.8586051
0.8471683
0.8416869
0.8308974
0.8160946
0.8165212
0.8168529
0.8133702
0.8093499
0.8060009
0.804884
0.8031679
0.8029369
0.8018699
0.8025027
0.8053595
0.7987823
0.7931787
0.8024284
0.8064082
0.8096806
0.8188537
0.8085566
0.8114228
0.8302867
0.8288618
0.8336451
0.8478417
0.8526838
0.8611759
0.8711173
0.8704718
0.8665983
0.8656393
0.8718836
0.8752944
0.8695625
0.8680233
0.8641438
0.852913
0.8521335
0.8485208
0.842579
0.8429921
0.8322602
0.8270728
0.8327401
0.8339796
0.8386645
0.8314334
0.8155559
0.8251433
0.8195555
0.8114835
0.8303181
0.8298415
0.8133032
0.8021171
0.8105319
0.8299844
0.8495067
0.8589368
0.8529971
0.8504245
0.8537797
0.85812
0.8630416
0.8700132
0.8746898
0.8740455
0.8765517
0.8765905
0.8728705
0.8708478
0.8661518
0.860777
0.8530454
0.8551732
0.8587626
0.8522333
0.8457787
0.843668
0.8463962
0.8518246
0.8535652
0.8527781
0.8541014
0.8572073
0.8605042
0.8548381
0.8510141
0.8538353
0.8529209
0.8534783
0.8552508
0.8547836
0.8519301
0.8516253
0.8518781
0.8504399
0.8526245
0.8542523
0.8480435
0.8449941
0.8486792
0.8392646
0.835375
0.8421068
0.8394167
0.8382171
0.8349285
0.8330776
0.84206
0.8429479
0.8440688
0.847118
0.8485214
0.8520651
0.8497275
0.8541988
0.856663
0.850572
0.8519852
0.8478744
0.8510336
0.8372722
0.8178215
0.8394184
0.8423737
0.8291233
0.8253838
0.8210459
0.8176207
0.8192458
0.8275979
0.8321581
0.8404834
0.8533551
0.8612846
0.8645873
0.8674997
0.8659414
0.8601731
0.8558667
0.8499203
0.8532746
0.8475747
0.8348326
0.8351376
0.8135847
0.8017154
0.8380764
0.8316104
0.80788
0.8417059
0.8354799
0.8181636
0.8247124
0.823603
0.8477477
0.8484239
0.8404961
0.8538285
0.8589837
0.8630937
0.8567222
0.8549471
0.8578808
0.8524034
0.8484761
0.8413016
0.8383684
0.8404958
0.8325797
0.817599
0.8111198
0.8108131
0.8113423
0.8069866
0.8060449
0.8082565
0.807085
0.8133597
0.8169077
0.8231044
0.8333062
0.8443746
0.8560039
0.8597897
0.8645161
0.8702885
0.8736526
0.8752163
0.8780488
0.8739549
0.8711808
0.8653621
0.8601601
0.8609502
0.8519006
0.8511218
0.8464442
0.8498423
0.8517095
0.8459315
0.8572302
0.8619091
0.8558141
0.8550225
0.8686646
0.8681541
0.8613643
0.8697159
0.8670397
0.8574778
0.8580776
0.8639206
0.8656465
0.8667171
0.8645806
0.8620836
0.8592127
0.8587446
0.8672448
0.8657059
0.858774
0.8595609
0.8656656
0.8654396
0.8610116
0.8598858
0.8615069
0.8619792
0.8591904
0.852196
0.8543873
0.8257776
0.8082248
0.8478045
0.8457733
0.8391657
0.8508235
0.8532082
0.8524257
0.8486214
0.8487464
0.8377072
0.8335677
0.8391878
0.8473221
0.8573699
0.8612912
0.8650281
0.8708753
0.8772801
0.8712518
0.8562711
0.8490222
0.8383198
0.8273051
0.8283422
0.8401472
0.8468218
0.843113
0.8366628
0.8283665
0.8262573
0.8218793
0.8202771
0.8230259
0.8211869
0.8330466
0.8480519
0.8460545
0.8482856
0.8525936
0.8352403
0.8224025
0.8323613
0.8395862
0.8419535
0.854591
0.8578772
0.8572403
0.8499384
0.8395578
0.8423352
0.8413776
0.8320232
0.8259192
0.8313569
0.8296083
0.8273753
0.8234638
0.8275404
0.8470888
0.8539416
0.8565833
0.8577343
0.8556013
0.8574873
0.8549578
0.855971
0.8571139
0.8465671
0.8424285
0.8430819
0.841133
0.8408253
0.8390628
0.8392555
0.8327153
0.8240941
0.8407668
0.8607185
0.8595685
0.8558762
0.8583278
0.8649036
0.8685563
0.8663669
0.8658906
0.8659034
0.861876
0.8595212
0.8525996
0.8452327
0.8457694
0.8451013
0.8495703
0.854843
0.8552278
0.8601841
0.8620811
0.8524352
0.8464333
0.8485561
0.844838
0.8407264
0.8423105
0.8391518
0.8319601
0.8260649
0.8243515
0.821066
0.8152492
0.8183802
0.8220469
0.8232678
0.8288812
0.8271997
0.8324514
0.8401564
0.8348635
0.8391254
0.8417085
0.8601296
0.875735
0.8668108
0.8710312
0.8728761
0.871921
0.8735552
0.8693523
0.8613377
0.8529308
0.8437154
0.8368909
0.8361445
0.8246895
0.814623
0.8185408
0.821158
0.8163603
0.8077151
0.8070521
0.8072741
0.8107424
0.8030643
0.7962166
0.8107608
0.8096042
0.8102177
0.8255101
0.8329311
0.8384241
0.8464925
0.842296
0.8367758
0.8389665
0.8435431
0.8445729
0.8352145
0.8338412
0.83206
0.8300104
0.8290323
0.8223195
0.81865
0.8176639
0.8248892
0.8270199
0.8346517
0.8471951
0.8465675
0.846756
0.8469177
0.8485655
0.8555105
0.8635265
0.8602437
0.8491629
0.8530061
0.8579402
0.8553157
0.8535156
0.8482917
0.8406452
0.8345855
0.8270256
0.807053
0.7879614
0.7869309
0.7839734
0.7721906
0.7718537
0.7732891
0.7678415
0.769811
0.7681536
0.7624551
0.7491311
0.7419289
0.749579
0.7412233
0.7441674
0.7541892
0.7678371
0.7799774
0.7810383
0.787518
0.789445
0.7949719
0.7995063
0.8062486
0.8185873
0.8014667
0.7923212
0.7962736
0.7788777
0.8000418
0.7796517
0.7351045
0.7381655
0.7494306
0.761006
0.7535479
0.7570559
0.7446615
0.7304269
0.741116
0.7546405
0.7630645
0.7656098
0.7598378
0.7603813
0.7480392
0.7545284
0.7709529
0.7451027
0.7579244
0.7498416
0.7245787
0.7235606
0.7222716
0.7309485
0.7331477
0.7302144
0.7252044
0.7237525
0.7211713
0.7144698
0.7112573
0.7180743
0.7279131
0.7258422
0.7334212
0.7458246
0.7310615
0.736148
0.7450449
0.7447969
0.7286868
0.7039152
0.7041197
0.7362119
0.7528221
0.7713461
0.8028569
0.7612175
0.7376119
0.7448107
0.7517381
0.7419483
0.7256815
0.7242555
0.7160966
0.7198039
0.7187979
0.7220497
0.7273152
0.7144006
0.7119928
0.7107352
0.7229603
0.7320089
0.7108307
0.7161243
0.7096816
0.7024268
0.6999715
0.6920535
0.6850142
0.6957999
0.7130707
0.7110187
0.7189454
0.7081098
0.6979012
0.6926065
0.6924256
0.7059938
0.7039373
0.6999252
0.7130181
0.7204399
0.7303666
0.7319457
0.740476
0.7401695
0.7435772
0.7589381
0.7399168
0.7760513
0.7951859
0.7631776
0.7449095
0.7672953
0.7805343
0.7421904
0.7354179
0.7256584
0.7129545
0.7149885
0.7126017
0.7108781
0.6951652
0.6898938
0.6929235
0.687351
0.6869169
0.6801462
0.6738397
0.6805484
0.6903947
0.6940037
0.6998322
0.6985849
0.7092563
0.6997749
0.7080707
0.7451193
0.7212606
0.746548
0.7403159
0.7539138
0.7913759
0.7801994
0.831859
0.8260113
0.8268211
0.8373751
0.8227729
0.8214848
0.8169107
0.8283885
0.8269485
0.8235028
0.830107
0.8339967
0.8356651
0.8500116
0.8609522
0.854218
0.8386825
0.8357471
0.847359
0.8506572
0.8342459
0.8223252
0.8268388
0.8253651
0.8278488
0.8298907
0.8257132
0.8351167
0.8384081
0.8354023
0.8529581
0.860639
0.8542818
0.8511364
0.8373186
0.8366104
0.8331724
0.8256094
0.8209113
0.8076656
0.8070958
0.8027435
0.7861219
0.7823716
0.7881399
0.7932826
0.8105778
0.8219348
0.8257571
0.837374
0.8484365
0.8620191
0.8699261
0.8625111
0.8516923
0.8444856
0.8507596
0.8469283
0.8378276
0.8473866
0.8540987
0.8558972
0.8648635
0.8777942
0.8771107
0.8736959
0.8716409
0.8656016
0.8579899
0.839243
0.8227635
0.8319385
0.8469787
0.8419895
0.8336931
0.8323594
0.8316545
0.8291407
0.8226437
0.8255664
0.8304281
0.8344932
0.8441789
0.8441203
0.8468778
0.8434735
0.8379515
0.8527709
0.8641427
0.863696
0.8579005
0.8525498
0.8436222
0.8430924
0.8455035
0.8378366
0.817484
0.8061472
0.8153948
0.8027522
0.8091062
0.8239294
0.8088814
0.8100162
0.8256129
0.8216981
0.8135433
0.811903
0.8118144
0.8114377
0.8135756
0.8075491
0.7968309
0.8002854
0.8002274
0.7946802
0.8050976
0.8195506
0.8102985
0.8198361
0.8368149
0.8367329
0.8400815
0.853128
0.8566578
0.8550097
0.8689707
0.8730004
0.8714381
0.8600904
0.8606369
0.8739875
0.8683873
0.8688813
0.8743784
0.8770653
0.8738701
0.8712559
0.8719693
0.8683477
0.8620531
0.849931
0.850416
0.8512767
0.8441917
0.8530199
0.8595231
0.8525066
0.8510508
0.8292432
0.8108202
0.812208
0.7947771
0.7906413
0.7903456
0.7829141
0.7602143
0.7801594
0.7870931
0.7533611
0.7638536
0.7325155
0.7391213
0.753011
0.7031236
0.6862244
0.6918003
0.6870889
0.685334
0.6865575
0.6852878
0.6894392
0.6882724
0.6981859
0.6983238
0.6981316
0.7118853
0.7104996
0.7124699
0.7134568
0.7012206
0.7036505
0.7020534
0.6979816
0.7118808
0.7095427
0.7092498
0.7056038
0.7026117
0.7047102
0.7002785
0.7024275
0.7015465
0.6971033
0.7044965
0.7107874
0.7057307
0.7029964
0.7069864
0.705447
0.6929642
0.6918217
0.6847682
0.6809873
0.6817354
0.6825489
0.6764355
0.6627842
0.6702225
0.6610132
0.6506269
0.6575617
0.6496861
0.6476864
0.6515613
0.6462177
0.6399004
0.6429728
0.6428127
0.6323098
0.6316017
0.6326748
0.6307301
0.6299924
0.6248165
0.6249334
0.6275842
0.6242683
0.6219886
0.621996
0.6186672
0.6190629
0.6258856
0.6175674
0.6190101
0.63047
0.6264116
0.6316928
0.6327577
0.6248439
0.6299266
0.6319835
0.626288
0.6260127
0.6267985
0.6240132
0.6256411
0.6344644
0.6289126
0.6271058
0.6315341
0.6291017
0.6340406
0.6376798
0.641633
0.6394014
0.6387289
0.6515672
0.6573968
0.6547436
0.6677715
0.6795852
0.6675392
0.6743246
0.699783
0.7027331
0.6901063
0.6904205
0.6899721
0.6862943
0.703661
0.6934748
0.6834013
0.6972479
0.6842711
0.6533114
0.6287853
0.6197538
0.6129413
0.6164535
0.6190555
0.6068748
0.6120244
0.6193009
0.6062252
0.6066767
0.6085739
0.6101406
0.6121965
0.6111374
0.6172899
0.6087294
0.6114413
0.6110616
0.6081704
0.6224058
0.618056
0.6168099
0.6320665
0.6425537
0.6405024
0.6261419
0.6245631
0.6238201
0.6149374
0.6242231
0.6258027
0.6293826
0.6457858
0.6452583
0.654756
0.6508104
0.6354143
0.63829
0.6275704
0.6310704
0.6320194
0.6272914
0.6302044
0.625495
0.6241621
0.61316
0.6036784
0.6034613
0.6000631
0.5952646
0.5937549
0.5821609
0.5810276
0.5808888
0.5711849
0.5785426
0.5756474
0.5788012
0.5940245
0.5901318
0.6068924
0.6174261
0.6092838
0.6065805
0.6001632
0.6008424
0.5955182
0.602411
0.5996395
0.595126
0.5989932
0.5928286
0.6042012
0.6023757
0.6033421
0.6161949
0.6058154
0.5996156
0.597371
0.5901131
0.5901757
0.5905706
0.5928857
0.6504955
0.7014172
0.6643845
0.6368126
0.6693346
0.6958881
0.6826929
0.7077664
0.7383569
0.721512
0.7157938
0.7132338
0.7085102
0.7171574
0.7228646
0.7224691
0.7345102
0.7465057
0.7472954
0.7590624
0.7638421
0.7547935
0.7533766
0.7536296
0.7700736
0.7716541
0.7624831
0.7757483
0.7778407
0.7784094
0.7816193
0.7876497
0.7963646
0.7956227
0.7932141
0.789848
0.7882798
0.7876965
0.7873525
0.7865501
0.7810514
0.7786768
0.7833377
0.7831342
0.7868027
0.7868815
0.7830181
0.7869
0.783403
0.783694
0.7819994
0.7713632
0.7691651
0.7707008
0.7746926
0.7811773
0.779043
0.7800706
0.7919629
0.7827786
0.7689943
0.7775961
0.7824139
0.7764364
0.7673893
0.7644275
0.7539638
0.7470162
0.7388781
0.6832096
0.6333119
0.6222685
0.6212047
0.6181075
0.6167657
0.6142357
0.6106517
0.6175697
0.6141137
0.6067952
0.6071008
0.6058375
0.6019468
0.599412
0.5983888
0.5956268
0.5934158
0.5938176
0.5927992
0.5859706
0.5837456
0.5793042
0.5746204
0.5761064
0.5704084
0.5651201
0.5637669
0.5623381
0.5605152
0.5552702
0.5532891
0.5522513
0.5489717
0.5502909
0.5480731
0.5444104
0.5467387
0.5446455
0.5419016
0.5440698
0.5425717
0.540753
0.5411571
0.5419768
0.5429003
0.5409156
0.5415444
0.5486828
0.5527675
0.5511837
0.5476604
0.5467739
0.5491347
0.5464211
0.5429424
0.5453115
0.5496415
0.5466303
0.5463904
0.5533489
0.5509208
0.5454927
0.5501595
0.555231
0.5514433
0.5479093
0.5514892
0.5551174
0.5503943
0.5506161
0.5536728
0.5514845
0.5504835
0.5540284
0.5563283
0.553806
0.5532694
0.5548822
0.5559039
0.5517653
0.5497944
0.5532152
0.5567917
0.5545916
0.5497459
0.5538629
0.5597111
0.556789
0.5514564
0.556381
0.5629557
0.5607842
0.5618138
0.5670302
0.5709936
0.5716316
0.5739172
0.5799272
0.5806725
0.573938
0.5730708
0.5797131
0.5809303
0.5768692
0.5745112
0.5810473
0.5817816
0.5745484
0.5771612
0.5857614
0.5864845
0.5783328
0.5787552
0.5813904
0.5755714
0.5694331
0.5725383
0.5799444
0.5719468
0.5731315
0.5837905
0.579734
0.5779852
0.5852469
0.5914044
0.585691
0.5869497
0.5984957
0.5921723
0.5895504
0.6012375
0.600682
0.6015485
0.6133783
0.6112179
0.5980208
0.5925569
0.5969008
0.5960982
0.5948565
0.609909
0.6253684
0.6235278
0.6170908
0.6426707
0.6484807
0.6275443
0.6399509
0.6525771
0.6458519
0.6319628
0.6260664
0.6366436
0.6488147
0.6651686
0.6762963
0.7062235
0.6770135
0.7014088
0.7843496
0.7460972
0.702938
0.7271381
0.7730813
0.7046214
0.6658054
0.7061221
0.6732206
0.7019424
0.7689349
0.7054086
0.6747141
0.6922556
0.6549883
0.6591405
0.6794348
0.6642435
0.674796
0.6840247
0.6741363
0.6781728
0.7205678
0.7581875
0.704408
0.680109
0.6810375
0.6907427
0.6669396
0.6959542
0.7575967
0.6701083
0.6514537
0.6833177
0.6545051
0.7061682
0.7436627
0.6943409
0.7016323
0.7251026
0.7089829
0.7119463
0.7196221
0.6988011
0.6978761
0.7030952
0.6899999
0.676905
0.6776513
0.676603
0.6650319
0.6667347
0.6819225
0.6929849
0.6828723
0.6889833
0.6918149
0.6719955
0.6667306
0.6727327
0.6586874
0.6426859
0.6415055
0.6369464
0.6404533
0.6430511
0.6320041
0.6421815
0.6537833
0.6484656
0.6488918
0.6565101
0.6596111
0.6610971
0.6643848
0.6670697
0.6739152
0.6710778
0.6790729
0.6811518
0.6713715
0.6856445
0.7003892
0.6899146
0.7446678
0.7930803
0.724858
0.7265887
0.7290407
0.6955335
0.7188961
0.7125364
0.7037778
0.7094293
0.7086888
0.6880974
0.6883131
0.7083712
0.6977004
0.7163203
0.7357439
0.7384244
0.706784
0.7420736
0.7882145
0.7473076
0.7899957
0.7477325
0.6898799
0.763344
0.783825
0.7547771
0.7379064
0.7248083
0.7237477
0.711517
0.7170989
0.7177664
0.7138884
0.7384604
0.715134
0.6912083
0.6820036
0.6727828
0.6667694
0.656197
0.6480976
0.6406798
0.635812
0.6306668
0.6415461
0.6365668
0.6268167
0.6491914
0.6517036
0.6398888
0.6442237
0.6632105
0.6734295
0.6817276
0.6945979
0.6992041
0.7006615
0.7416459
0.7931582
0.7712908
0.7391786
0.7252743
0.7235597
0.7495289
0.7440639
0.7662641
0.8062899
0.7667568
0.7506719
0.7964281
0.8022566
0.7487998
0.8005357
0.8616966
0.839564
0.8350338
0.8359426
0.8337541
0.8360195
0.8471419
0.8464493
0.8392751
0.8420508
0.8334189
0.8184415
0.8339126
0.8397122
0.8356186
0.8365848
0.8304635
0.8245053
0.8028708
0.780696
0.7990119
0.8273368
0.8396209
0.7641576
0.6544485
0.7333294
0.8665808
0.8803711
0.8679049
0.8636902
0.8709233
0.8706732
0.8584681
0.8687663
0.8689293
0.8559921
0.866569
0.8757193
0.8693544
0.8669947
0.8702488
0.8757443
0.8801473
0.8783015
0.861691
0.8464624
0.8537626
0.8542982
0.8400839
0.8512093
0.8792872
0.8937822
0.8991888
0.8992788
0.8869415
0.8726297
0.8711543
0.8689889
0.8657551
0.8692067
0.8694978
0.8642085
0.8591047
0.8501786
0.8415719
0.8449421
0.8485713
0.8474094
0.8488886
0.8553381
0.8580395
0.8616823
0.8600377
0.8571064
0.8615255
0.8647126
0.8725391
0.8667743
0.8609008
0.8565889
0.8496433
0.848765
0.8433475
0.8565006
0.8718871
0.872126
0.8628572
0.8542271
0.8568797
0.851126
0.8381007
0.8346875
0.8371441
0.8456645
0.8590395
0.8666478
0.8724771
0.8683465
0.8682565
0.8748457
0.8620004
0.8547435
0.8531058
0.8431687
0.8470116
0.8485665
0.8554141
0.8794163
0.8892585
0.8811743
0.8767828
0.8744808
0.8644385
0.850199
0.8294792
0.8054982
0.7815253
0.7652656
0.7500542
0.7491349
0.7442583
0.721456
0.7256832
0.7067305
0.6643864
0.6683898
0.67065
0.6565869
0.66785
0.6809021
0.6865659
0.693053
0.6791784
0.6734503
0.6880691
0.6911985
0.6766697
0.6882147
0.7155699
0.7146615
0.7141488
0.7196789
0.7277631
0.7257264
0.7070247
0.7251076
0.7270568
0.7220437
0.7548483
0.7257215
0.7123747
0.724185
0.7139253
0.7039997
0.6974296
0.7001187
0.6933327
0.689531
0.6978891
0.6955628
0.6996639
0.7097404
0.71986
0.7484943
0.7044819
0.7276325
0.7803775
0.7185128
0.7214369
0.714581
0.711835
0.7131809
0.7260161
0.7835007
0.7157623
0.7307033
0.7447351
0.7308827
0.7645123
0.7254147
0.7806135
0.7816392
0.7507375
0.7545507
0.7357765
0.7739036
0.7923372
0.8237972
0.8259772
0.7969542
0.799441
0.7921295
0.7943013
0.7872994
0.8013192
0.765836
0.7322043
0.7569148
0.7227506
0.7187707
0.7046359
0.7044278
0.7023065
0.6786899
0.6978274
0.690904
0.6777017
0.6859579
0.6932842
0.6859231
0.6867322
0.6831489
0.6755457
0.6688562
0.6628098
0.6699123
0.678525
0.6836718
0.6958765
0.6996892
0.6959476
0.6846141
0.6873048
0.7020488
0.7020402
0.7096782
0.6986308
0.6814083
0.6791303
0.6706793
0.6703706
0.6672864
0.6606853
0.6633179
0.6723551
0.6507354
0.6739024
0.70086
0.6703059
0.7054657
0.6971755
0.6813923
0.7052221
0.6989899
0.697275
0.6853859
0.672889
0.6653607
0.6562194
0.6572773
0.657095
0.6497796
0.6624564
0.6675019
0.6546503
0.6757856
0.6732829
0.6862854
0.7337885
0.6883225
0.6883716
0.7068835
0.7169722
0.7674345
0.725393
0.7531481
0.7992473
0.7201386
0.7309707
0.717337
0.7424453
0.7991031
0.7379062
0.7743976
0.7733337
0.7595972
0.7935015
0.7346022
0.7412099
0.7681216
0.7374697
0.7516746
0.7002526
0.7214911
0.7517137
0.7150167
0.7375009
0.6984893
0.705365
0.7184347
0.6926654
0.7041697
0.6914364
0.6778695
0.6850109
0.6809233
0.6805329
0.6889397
0.7032064
0.7053697
0.7025256
0.6895048
0.6854069
0.6973779
0.709895
0.6815144
0.7369219
0.7669638
0.7356757
0.7785101
0.7575714
0.7497299
0.731916
0.7938581
0.8061233
0.7686437
0.7875413
0.7704772
0.7892922
0.794502
0.7974667
0.8072885
0.812466
0.8166775
0.8133869
0.8106021
0.8095968
0.8036864
0.8025325
0.8023513
0.7994811
0.7955774
0.7924455
0.7951474
0.8005442
0.7979171
0.7956607
0.7982758
0.7963033
0.7963284
0.7971209
0.7940187
0.7986592
0.8025878
0.8038876
0.8034539
0.7976362
0.7934454
0.797325
0.7885708
0.783972
0.8130393
0.8240422
0.8136136
0.8093851
0.8045525
0.7983671
0.7994842
0.8006719
0.7955006
0.7970349
0.791705
0.7921665
0.7930014
0.7759416
0.7725595
0.7700294
0.7573055
0.7476874
0.7495295
0.7534757
0.7441141
0.7666652
0.7951857
0.7859806
0.7746263
0.7727696
0.7752974
0.7720231
0.7652914
0.7539024
0.7395958
0.7360411
0.7356567
0.7267453
0.7156189
0.7162592
0.7045601
0.6702316
0.6605821
0.6650999
0.6635808
0.6717627
0.6798879
0.6818063
0.6857089
0.6920312
0.6859155
0.6757056
0.6746386
0.6841321
0.6919168
0.6900112
0.7025899
0.697996
0.7519353
0.8885356
0.8289891
0.6607416
0.6494652
0.6797116
0.6754705
0.6702432
0.6661644
0.6613504
0.6583235
0.6516139
0.6555753
0.660318
0.6569305
0.6717425
0.6731716
0.6671249
0.67729
0.6716238
0.6654041
0.6775019
0.6683486
0.6699348
0.681875
0.6686595
0.6715012
0.6687473
0.6581792
0.6702884
0.6609832
0.6562252
0.6649944
0.653664
0.6606067
0.6737803
0.6566314
0.6523113
0.6656057
0.6515946
0.6528129
0.6716385
0.6618939
0.6526238
0.6584526
0.6555492
0.6490717
0.6500998
0.6406193
0.6283691
0.6312386
0.6285688
0.6311814
0.6441631
0.6374089
0.6366523
0.6564572
0.6417945
0.633641
0.6572798
0.6427721
0.6348738
0.6431925
0.6405882
0.6599503
0.6616462
0.6649243
0.6909016
0.6770698
0.6673981
0.6950773
0.6732174
0.6861624
0.730804
0.6857612
0.668619
0.6811315
0.658397
0.7110316
0.79483
0.8000083
0.8275101
0.8627929
0.8922937
0.9048286
0.8667005
0.8612168
0.86818
0.8542137
0.847118
0.8339045
0.8244722
0.8252265
0.8182596
0.8134859
0.8087753
0.8095417
0.8123576
0.8113381
0.8020983
0.8002451
0.7939417
0.7878991
0.7957242
0.7936025
0.7910225
0.7771615
0.7815847
0.7755667
0.7938472
0.808339
0.7855376
0.8028171
0.7638947
0.7545121
0.767436
0.744869
0.7430125
0.7321558
0.7228385
0.7153616
0.7118578
0.7067539
0.7072228
0.6999871
0.6715664
0.6462029
0.6344666
0.6329421
0.6283225
0.6189066
0.6177346
0.6132773
0.6086979
0.6088236
0.606384
0.6078173
0.6055956
0.623071
0.644701
0.658724
0.6829257
0.6828629
0.6699968
0.6649713
0.6611921
0.6610258
0.6562719
0.6547742
0.6419879
0.6437901
0.6655375
0.6535761
0.6379203
0.6349194
0.6367511
0.6352237
0.6248696
0.625161
0.6269686
0.6233266
0.6383486
0.6395131
0.6249664
0.6262223
0.6242479
0.6222828
0.6279971
0.625898
0.624255
0.6360061
0.6432579
0.6392942
0.6373691
0.6393837
0.6352103
0.6356865
0.6398007
0.640334
0.6404917
0.6406867
0.6389289
0.6374892
0.6372159
0.6281508
0.6284736
0.6289144
0.6297379
0.6417958
0.6413505
0.6371016
0.6379885
0.6355728
0.6261234
0.6273025
0.6237747
0.6223725
0.6327209
0.6353732
0.6821959
0.7270246
0.7068974
0.6849929
0.6877168
0.6827628
0.662099
0.6599991
0.6612574
0.6580106
0.6748411
0.6744937
0.6618762
0.6744092
0.6851123
0.6796607
0.6667822
0.6884188
0.6925301
0.7345201
0.7562957
0.7465619
0.7589119
0.7470591
0.7740731
0.7672191
0.782864
0.7901728
0.8022989
0.801908
0.7907483
0.8109012
0.8046631
0.8077578
0.8041093
0.8077982
0.8146257
0.8097108
0.8083253
0.8244915
0.8194531
0.8168606
0.8506686
0.8546537
0.845653
0.8482663
0.8541607
0.8548644
0.8461124
0.8480382
0.8397309
0.8292729
0.8332469
0.8249363
0.8057302
0.8022651
0.7875521
0.7714881
0.7867822
0.794106
0.7830672
0.7884984
0.7939369
0.7963036
0.8073748
0.8178878
0.8277844
0.836409
0.8521488
0.8661052
0.8695289
0.8739414
0.8730257
0.8675228
0.8697441
0.8719918
0.869804
0.8662567
0.8660336
0.8623062
0.8627997
0.8664251
0.8703854
0.8782123
0.8761456
0.8745459
0.8816852
0.8835241
0.8819011
0.8773663
0.8689573
0.8696835
0.8595267
0.8481324
0.8450902
0.8315823
0.8255325
0.8226913
0.8201125
0.8103223
0.8069169
0.8161815
0.8156902
0.8232925
0.8195243
0.8167655
0.831826
0.8342484
0.8377961
0.8422556
0.8422178
0.8557403
0.8693061
0.8703226
0.8743686
0.8734121
0.8717307
0.8768439
0.8692389
0.8706278
0.868091
0.857321
0.863004
0.8552527
0.8530794
0.853905
0.8506832
0.8488781
0.8431461
0.8468231
0.8524093
0.8606373
0.8648973
0.8696166
0.8726964
0.8782519
0.8804447
0.8795307
0.8706531
0.8566186
0.848762
0.8497961
0.8439158
0.8305859
0.851531
0.8544489
0.8497691
0.8651286
0.8530802
0.8440272
0.8538591
0.8643212
0.8722289
0.8768769
0.8798394
0.8745758
0.8712092
0.8736152
0.877742
0.8785504
0.8768973
0.8701134
0.8605864
0.8529091
0.8456383
0.836631
0.832628
0.8392328
0.8336161
0.8319523
0.8349739
0.8179876
0.8200633
0.8129117
0.8262797
0.8473412
0.7964407
0.7905268
0.8191522
0.8292085
0.8014372
0.7795369
0.802193
0.7982712
0.7987267
0.8071126
0.8049325
0.8131165
0.8218976
0.8154843
0.8214397
0.8410813
0.8435889
0.844581
0.8485651
0.8433139
0.8422492
0.8445423
0.8421741
0.8379093
0.8441125
0.8475766
0.8484621
0.8528712
0.8567383
0.8662479
0.8623505
0.8602397
0.8660011
0.8616952
0.8598705
0.855271
0.8516958
0.8505992
0.8401148
0.8358252
0.8390255
0.8398758
0.8345735
0.8378869
0.834998
0.8276459
0.8274675
0.8151361
0.8200846
0.829127
0.8241851
0.8240056
0.8271553
0.8284926
0.8332171
0.8336165
0.837967
0.8502913
0.8523685
0.865096
0.87404
0.8727427
0.8748321
0.8732003
0.8662007
0.8560675
0.8456324
0.8457855
0.850252
0.8334669
0.8302462
0.8337506
0.8283079
0.8349045
0.839692
0.8436208
0.8525996
0.8656052
0.8658421
0.8634312
0.8725084
0.8692496
0.8581663
0.8519294
0.8482443
0.8412307
0.8298314
0.8191861
0.8021183
0.7901115
0.7899043
0.7834169
0.7650029
0.7678187
0.7658552
0.7500048
0.7609657
0.775434
0.7991417
0.7920288
0.7836692
0.8293367
0.860082
0.8636277
0.8643662
0.8645851
0.8700137
0.8742631
0.8717458
0.8781915
0.8860168
0.8814686
0.8792968
0.8847419
0.8868692
0.8918175
0.8841655
0.8746553
0.878985
0.8688474
0.8549202
0.8391139
0.8328606
0.837293
0.8348249
0.8353759
0.8286556
0.8257116
0.8262935
0.8244448
0.8239609
0.8102353
0.7976934
0.7921128
0.7893818
0.7916516
0.8055418
0.8158909
0.8121935
0.8076308
0.7924208
0.7976895
0.8065828
0.7949812
0.8102964
0.8198138
0.8122754
0.8180399
0.8280982
0.8377175
0.8474823
0.8528542
0.8409896
0.8358797
0.839134
0.839553
0.8475612
0.8530596
0.8549374
0.852623
0.8642929
0.8712989
0.8624339
0.8695171
0.8742878
0.8643549
0.861779
0.8680177
0.8585248
0.8522751
0.8570935
0.8536676
0.8450202
0.8452269
0.8421829
0.8316128
0.8339546
0.8219649
0.8168403
0.81243
0.7960345
0.788429
0.7688427
0.7633763
0.753991
0.743528
0.7463563
0.7375289
0.7319264
0.7311253
0.7420623
0.7527207
0.7612742
0.7730737
0.7957239
0.8162547
0.8322924
0.8582029
0.8574913
0.8624088
0.8621439
0.8522911
0.8668513
0.8664241
0.8629823
0.8562657
0.8382987
0.8346485
0.8280982
0.8266989
0.8076396
0.8047264
0.84664
0.83538
0.8235387
0.8394751
0.8454604
0.8505046
0.8376396
0.8196782
0.8143364
0.8074903
0.7950975
0.7923311
0.7892021
0.7840513
0.776435
0.7724634
0.7809537
0.7896509
0.8032633
0.8335866
0.8523422
0.8595051
0.8767075
0.8750934
0.8685894
0.8661577
0.8809094
0.8493672
0.7784772
0.7800325
0.8250413
0.8696638
0.9129785
0.9317925
0.8799802
0.8573253
0.8712287
0.8662206
0.8613438
0.8627556
0.8607881
0.8519419
0.8522998
0.8412546
0.8491953
0.8540265
0.8520311
0.8644311
0.8514244
0.8409919
0.8540744
0.8545259
0.8481534
0.8466849
0.8455074
0.8543591
0.8548966
0.8413621
0.8385067
0.8412116
0.832908
0.798183
0.8006527
0.848279
0.8409921
0.8180882
0.8328031
0.8439264
0.8397264
0.8423401
0.8512589
0.8511935
0.8513808
0.8532192
0.8630215
0.8660195
0.8543959
0.8611263
0.8617016
0.8535491
0.8507673
0.838964
0.835148
0.8407324
0.8329792
0.8297913
0.8409532
0.8389079
0.8417465
0.8557811
0.8540242
0.8543952
0.8563529
0.8533784
0.8531839
0.8465768
0.8463345
0.8412422
0.8395388
0.8477241
0.852671
0.8523809
0.8459151
0.8387109
0.8272095
0.8270696
0.8277365
0.8172835
0.813389
0.8044008
0.8025645
0.80603
0.793709
0.7905157
0.7872521
0.7828609
0.7891539
0.8025847
0.8189907
0.8320842
0.841447
0.8532828
0.8571457
0.859239
0.8647356
0.8613523
0.8563934
0.848557
0.8460558
0.839951
0.8295933
0.8221725
0.8173344
0.8110008
0.8080177
0.8094275
0.8122796
0.8228257
0.8252071
0.8244263
0.8284473
0.8271137
0.8252715
0.8289234
0.8295639
0.8288007
0.8322829
0.8300278
0.8254123
0.818953
0.812704
0.813369
0.8135018
0.8158626
0.8143658
0.8145872
0.8177727
0.8175026
0.8161028
0.8142433
0.8168859
0.8166847
0.8111854
0.8115651
0.8138896
0.8133536
0.8201805
0.8228461
0.8161376
0.8121679
0.8074475
0.7996079
0.8013481
0.8026496
0.7988099
0.8014105
0.7999393
0.7965035
0.8008783
0.8024434
0.8053798
0.8032636
0.7988504
0.8051684
0.8040251
0.8016516
0.7986001
0.7917468
0.7882619
0.7836058
0.7773585
0.7829244
0.7966547
0.8007489
0.80373
0.7989743
0.7932154
0.7965554
0.7873492
0.7832895
0.7879973
0.7837728
0.7816824
0.7754221
0.7762183
0.7872185
0.7871792
0.7952827
0.8032399
0.8078882
0.8141546
0.8119034
0.8112023
0.8073604
0.8097329
0.8121819
0.8104634
0.8178528
0.8236643
0.8287409
0.8316221
0.8361934
0.8354277
0.8282772
0.8288314
0.8256675
0.8262267
0.8268901
0.8224548
0.8260478
0.8271909
0.8230081
0.8199071
0.8149854
0.8101289
0.804696
0.7927965
0.776217
0.7642573
0.752265
0.7558581
0.7656761
0.7713526
0.7821605
0.7833064
0.7864361
0.7898516
0.7861045
0.7852441
0.7922363
0.8015258
0.8073458
0.8183275
0.8211364
0.8088009
0.8107723
0.811526
0.8009831
0.8039323
0.8071844
0.8029037
0.8057619
0.8119211
0.809489
0.8104602
0.8160815
0.810158
0.8080001
0.8214942
0.8215979
0.8235
0.8365825
0.8314074
0.8109938
0.793962
0.7938707
0.7954756
0.8106059
0.8140822
0.8116006
0.8287936
0.827903
0.8352724
0.8481318
0.8503395
0.8622093
0.8686709
0.8631878
0.861337
0.8635692
0.8677279
0.8686314
0.855531
0.8568265
0.8700782
0.8617375
0.860161
0.871281
0.868846
0.8704537
0.8789765
0.8741879
0.8741492
0.8846237
0.8978992
0.9082715
0.896187
0.8910924
0.8945289
0.8877739
0.8909743
0.8920536
0.8895391
0.8823776
0.8757635
0.8836234
0.8864593
0.8861231
0.8919446
0.8946598
0.8966603
0.8923537
0.8898193
0.8981552
0.8934986
0.8966744
0.9001883
0.895034
0.8953179
0.8841178
0.8802172
0.8775813
0.8667554
0.8682036
0.8788036
0.8835737
0.880188
0.8759616
0.8830874
0.8853503
0.8782204
0.8779311
0.8813039
0.8889076
0.8958064
0.8890366
0.8821031
0.8847707
0.8839915
0.8854863
0.8848063
0.8738121
0.8703663
0.8742267
0.862539
0.8618574
0.8662858
0.8582558
0.8580261
0.8532075
0.8564052
0.8589088
0.853994
0.851342
0.8415703
0.8393105
0.8423703
0.8381839
0.8354112
0.8341536
0.828855
0.8309132
0.8355957
0.8364961
0.83965
0.839897
0.8383686
0.8329557
0.8266229
0.8286847
0.8299204
0.8359842
0.8421187
0.8454864
0.8444429
0.8380646
0.8448138
0.8456876
0.8457225
0.8481164
0.8421634
0.8421877
0.8357823
0.8292324
0.8261152
0.8269549
0.8358226
0.8343034
0.8291913
0.8321679
0.8288035
0.8229639
0.8295842
0.8324738
0.8287724
0.8327971
0.8354931
0.8326298
0.8325402
0.8333888
0.8336165
0.8400313
0.839598
0.8364905
0.845724
0.8416575
0.8324146
0.834734
0.8360069
0.8338948
0.8333712
0.8289515
0.8258667
0.824496
0.815317
0.8125466
0.8151579
0.8103548
0.8129093
0.8225776
0.8207184
0.8167644
0.8194543
0.8245848
0.8271001
0.8235775
0.8264164
0.8329831
0.8306809
0.8398679
0.8451735
0.8441131
0.8537274
0.8578527
0.8559286
0.855442
0.856333
0.8523808
0.8467257
0.8378252
0.8375327
0.8404481
0.8290612
0.8207548
0.8247253
0.8265701
0.8258653
0.8313531
0.8319077
0.831757
0.8338111
0.833356
0.8335449
0.8279428
0.8270687
0.8325957
0.8309866
0.8260834
0.8263974
0.8271702
0.8238277
0.8212558
0.818658
0.8119995
0.8098153
0.8185193
0.8193106
0.8175947
0.8176914
0.8113421
0.8045811
0.8097559
0.8216125
0.8139594
0.8154321
0.8060281
0.7920263
0.8036217
0.8046106
0.8140492
0.8165596
0.7908527
0.7993457
0.8297715
0.8254421
0.8269618
0.8364786
0.8449731
0.8479978
0.8487963
0.8594499
0.8546749
0.8479996
0.8525064
0.8502764
0.8412201
0.8356515
0.8260512
0.8251662
0.826892
0.8279828
0.8269146
0.8273465
0.8418814
0.8446483
0.8400437
0.8441879
0.8396655
0.8243406
0.8298533
0.8427304
0.8422787
0.8428166
0.8452926
0.8509321
0.850167
0.8497731
0.8604562
0.8556826
0.8512103
0.8625679
0.8568513
0.85739
0.8707192
0.8662977
0.866135
0.8698408
0.8653144
0.8739164
0.87283
0.8635597
0.868557
0.8610011
0.8612665
0.8659301
0.8597258
0.8592198
0.8554947
0.8618555
0.8666263
0.8674781
0.8851984
0.8964413
0.9034747
0.9061492
0.9014482
0.8969787
0.8803059
0.8801535
0.8837867
0.8749573
0.8763811
0.8794547
0.8771407
0.8753154
0.8698434
0.8628357
0.8722153
0.8772779
0.8766256
0.885474
0.8866125
0.8794216
0.8736993
0.8771479
0.8732267
0.8660555
0.8720525
0.8766967
0.871517
0.8662613
0.8743716
0.8729939
0.8716434
0.8685335
0.8652738
0.8753241
0.8794528
0.8759664
0.8703942
0.8809476
0.8794371
0.8670277
0.8612026
0.8477632
0.8465632
0.8517888
0.8523688
0.8512995
0.8511268
0.8425607
0.8348411
0.8423666
0.8404264
0.8365794
0.8480299
0.8470483
0.8447326
0.8603832
0.8597857
0.8489663
0.8450058
0.8521996
0.8585007
0.8547364
0.853269
0.8550708
0.857674
0.859499
0.8579743
0.8543284
0.8548041
0.8516839
0.8488594
0.8433095
0.8453196
0.8481363
0.840281
0.8457034
0.8490981
0.8475819
0.8434634
0.8462169
0.8468824
0.8391295
0.8386237
0.8330926
0.8349737
0.8302643
0.8232548
0.825168
0.8252119
0.8231902
0.8158458
0.8181353
0.8198198
0.8133659
0.8142199
0.8118545
0.8045497
0.8104391
0.8087746
0.8025279
0.814045
0.8253609
0.8283546
0.8342345
0.8491278
0.8522691
0.854207
0.8518651
0.8389461
0.8475109
0.8459648
0.8266876
0.8199878
0.8111065
0.7983949
0.7984518
0.7998423
0.7997019
0.7997765
0.7974965
0.7885239
0.7794443
0.7862662
0.7896615
0.7945707
0.8036359
0.8120933
0.8313137
0.8379507
0.8358638
0.8533925
0.8568674
0.8441648
0.853086
0.8526785
0.8481188
0.8475001
0.8368188
0.8370103
0.8304476
0.8174111
0.8092443
0.7955127
0.7940226
0.8170281
0.847734
0.8706851
0.8928085
0.8978999
0.8810783
0.8885978
0.8292731
0.671407
0.6877384
0.8202825
0.8339454
0.770604
0.8085429
0.8836953
0.881979
0.9616184
0.9715357
0.9320998
0.9268767
0.9043166
0.9082915
0.9009004
0.8973088
0.8912183
0.8830336
0.8713445
0.8692951
0.8625719
0.8544092
0.8623051
0.8554202
0.8511282
0.8484989
0.8447565
0.8510474
0.8448279
0.8483223
0.8514934
0.8513399
0.8597285
0.8570328
0.8519543
0.8504342
0.8436181
0.8351558
0.8382952
0.8322883
0.822756
0.821023
0.8225412
0.8216391
0.8189969
0.8186046
0.8166264
0.817437
0.8285917
0.8337461
0.8310916
0.8369717
0.831798
0.8308818
0.8316123
0.8228964
0.8325325
0.8386692
0.8317508
0.8281829
0.8293871
0.831096
0.8312574
0.8280316
0.8235464
0.8400963
0.8606877
0.8782037
0.8936907
0.9016166
0.8978407
0.8869509
0.888579
0.8853817
0.8793595
0.8762018
0.8822039
0.8783499
0.8606327
0.8512663
0.8362369
0.8201481
0.8156953
0.8181953
0.8265301
0.8280221
0.8260612
0.8450694
0.8458789
0.84164
0.8546637
0.853539
0.8611841
0.878068
0.8678148
0.8617439
0.8635266
0.8473018
0.8431436
0.8539956
0.8659854
0.8746865
0.8914979
0.8971384
0.8920976
0.9045088
0.9101724
0.915065
0.9185489
0.9128698
0.9155991
0.9078228
0.8941308
0.8943884
0.8895549
0.8755315
0.8580131
0.8449082
0.8445121
0.8395897
0.8387382
0.8524738
0.8551462
0.8493386
0.8565513
0.8478822
0.8397399
0.8517673
0.8447107
0.8523643
0.8583887
0.8537306
0.8681659
0.8695608
0.8762738
0.8828802
0.8877862
0.8902942
0.8858962
0.8875524
0.8789118
0.8807279
0.8815248
0.8788566
0.8779476
0.8728007
0.868545
0.86297
0.8687095
0.8623317
0.8578247
0.859692
0.8551106
0.8578609
0.8578793
0.8606737
0.8571013
0.8564301
0.8549535
0.8548029
0.8510616
0.8436908
0.8488832
0.8355914
0.826363
0.8233375
0.8154486
0.8077896
0.7932452
0.7831943
0.7745105
0.7702518
0.7738113
0.7726246
0.7831791
0.802995
0.8138891
0.8263973
0.8360108
0.8377498
0.8551421
0.8629546
0.8508456
0.8606699
0.8641443
0.8625012
0.8697971
0.8735284
0.8737786
0.8716647
0.8699321
0.8539686
0.8470898
0.8621701
0.8720176
0.8795504
0.8756776
0.8754828
0.8932535
0.8886479
0.8755547
0.8801054
0.8752404
0.8547658
0.8543451
0.8624434
0.8517882
0.8443162
0.8454925
0.8444663
0.8424727
0.8316569
0.8212575
0.8197688
0.8260223
0.8142876
0.8035028
0.8150662
0.8095631
0.7981877
0.8027434
0.7760237
0.7469619
0.7795624
0.7861691
0.7696589
0.7602644
0.7608679
0.754236
0.7644372
0.7749192
0.7566937
0.7778512
0.7750774
0.7741935
0.7813886
0.7857279
0.7901661
0.7849172
0.7889828
0.783063
0.7768615
0.7701613
0.7649757
0.7554266
0.750678
0.7507236
0.7497692
0.7476109
0.7483108
0.7498568
0.7531611
0.7523907
0.7454008
0.7500349
0.7422147
0.7423788
0.740849
0.7332863
0.7333875
0.7228116
0.7086063
0.6749192
0.6606001
0.66484
0.6574972
0.6579932
0.6562835
0.65666
0.6574389
0.6529008
0.6566326
0.6564174
0.6554536
0.6558153
0.6558849
0.6553511
0.6487749
0.6454414
0.641252
0.6404078
0.6388579
0.6379436
0.6350455
0.6274717
0.6300868
0.6289597
0.6280128
0.6281267
0.6209659
0.62402
0.6247487
0.6198932
0.6211056
0.6173737
0.6153247
0.6185317
0.6182428
0.6168682
0.6160832
0.6126902
0.6095648
0.6128579
0.6123143
0.609247
0.6095472
0.6051642
0.6045191
0.6026706
0.6022952
0.6050718
0.599701
0.5956672
0.5942396
0.5939765
0.5938185
0.591118
0.5878897
0.5862726
0.5890264
0.5894259
0.5856845
0.5855901
0.5850928
0.5819444
0.5801627
0.5810075
0.5818188
0.5812044
0.5796759
0.5784789
0.5762583
0.5762366
0.5796289
0.5802086
0.5809733
0.5818573
0.5800253
0.5814342
0.5831374
0.5831082
0.5848312
0.583955
0.582162
0.5818805
0.5810154
0.5800815
0.5810191
0.5785171
0.5792928
0.5821132
0.5810732
0.5808238
0.5768903
0.5779195
0.5793086
0.5748454
0.5744277
0.5732153
0.5721582
0.5737479
0.5731111
0.5686235
0.5680558
0.5694746
0.5665347
0.5679116
0.5685658
0.5655717
0.565611
0.5606817
0.5683562
0.549841
0.5823485
0.589429
0.6038737
0.7362372
0.745643
0.6408536
0.6006725
0.6921863
0.6971716
0.6922948
0.6923524
0.6598347
0.7747656
0.74708
0.6918258
0.7972937
0.7725772
0.7297018
0.7877436
0.7986565
0.7884718
0.7853629
0.7727233
0.7386035
0.7270426
0.7104236
0.7156291
0.7051702
0.6992985
0.8469078
0.8164821
0.6891051
0.7030756
0.731747
0.7717655
0.7505455
0.7536913
0.7356124
0.7612303
0.7908766
0.7745311
0.7833189
0.6988183
0.7467427
0.7632806
0.7630913
0.7397668
0.5984029
0.6949939
0.7180136
0.5760515
0.5623618
0.5727688
0.5707933
0.5786864
0.5857459
0.5950597
0.5951621
0.5945395
0.5903861
0.5979225
0.6002154
0.6082532
0.6118045
0.6072858
0.6316758
0.6373909
0.6245872
0.6169836
0.6195156
0.6230958
0.6184213
0.6230431
0.6185279
0.6094157
0.620805
0.6241221
0.6168309
0.643837
0.6637458
0.6434242
0.6491564
0.6608974
0.6473825
0.6623439
0.6880657
0.6564739
0.6887268
0.7233196
0.6648044
0.6753641
0.7044201
0.68464
0.6955388
0.7219166
0.6882936
0.665656
0.6646814
0.6673677
0.6784719
0.6472165
0.6887832
0.717903
0.7373942
0.7730109
0.7224901
0.7413316
0.7150869
0.6806275
0.7171522
0.6881503
0.7065516
0.7593811
0.7300079
0.6983634
0.7098151
0.72992
0.7224319
0.7186024
0.7053706
0.7117241
0.7058951
0.7050073
0.745454
0.707844
0.713417
0.713771
0.6972605
0.715362
0.6792969
0.6855074
0.7084554
0.6857634
0.7088508
0.721425
0.7052656
0.7035708
0.7295102
0.7352793
0.7342091
0.7679809
0.7537627
0.7260714
0.766261
0.8667754
0.8620811
0.8581421
0.8513314
0.7871368
0.7983566
0.7543159
0.7569379
0.7766081
0.737657
0.7013578
0.7707897
0.8758211
0.8452524
0.8784008
0.8683894
0.8320397
0.8424699
0.825084
0.821857
0.8103253
0.8118732
0.81287
0.8233923
0.8310421
0.8329135
0.845234
0.8285571
0.8149789
0.8417443
0.8495287
0.8381782
0.8428013
0.8494311
0.8463068
0.856345
0.8737847
0.8810069
0.8993785
0.9216476
0.9164239
0.9025963
0.9062265
0.8987814
0.8721893
0.8693473
0.8817226
0.878568
0.8862896
0.893834
0.8819961
0.8880643
0.889373
0.8823055
0.9040586
0.9043069
0.8819401
0.8900282
0.9024624
0.8971762
0.9000464
0.894883
0.8812986
0.8909756
0.8918175
0.8934755
0.9075413
0.9012977
0.8948408
0.9002763
0.9000041
0.8997135
0.8895237
0.8725196
0.8878508
0.8826067
0.8679412
0.8837255
0.8772586
0.8729893
0.8687679
0.8599944
0.847892
0.8362727
0.8334961
0.8229107
0.8384395
0.8419405
0.8356453
0.8398806
0.8446498
0.8565752
0.8525117
0.85175
0.8599327
0.8684165
0.8627393
0.8492837
0.858038
0.8621501
0.8633547
0.8808614
0.8922796
0.892385
0.8874145
0.8906525
0.8842641
0.8666323
0.8640614
0.861216
0.8607587
0.8591444
0.8490581
0.8498923
0.8478541
0.8319339
0.8252535
0.8196754
0.821139
0.8432236
0.8497739
0.8416829
0.8294198
0.8331678
0.8428735
0.8352564
0.8477353
0.8580438
0.8614481
0.8729106
0.8668843
0.8692017
0.8750892
0.8738695
0.8788236
0.864442
0.8547919
0.866197
0.8655407
0.8624663
0.8595427
0.846366
0.842733
0.8291138
0.8161036
0.8451152
0.8601951
0.8531599
0.8711245
0.8784701
0.8803592
0.8817599
0.871936
0.8791689
0.8789384
0.8711573
0.8883876
0.8971764
0.8872879
0.8906465
0.8832878
0.8824683
0.8907348
0.8789447
0.8797003
0.8739699
0.8616658
0.8743349
0.8810342
0.8797545
0.8907532
0.9006196
0.8898266
0.8742189
0.884465
0.8926316
0.8935015
0.8943647
0.8902428
0.9062777
0.9266609
0.9373802
0.940809
0.9294396
0.9149863
0.9151288
0.9079871
0.896431
0.9086623
0.9067514
0.8936538
0.9067011
0.9087867
0.8984097
0.9141513
0.9225082
0.9185302
0.9300697
0.925645
0.9149816
0.9122266
0.9084581
0.9216475
0.9162887
0.8995765
0.9093551
0.9108375
0.9007482
0.9018472
0.8958033
0.8884031
0.8881446
0.8782953
0.8939583
0.9098079
0.9265167
0.8894852
0.7563291
0.7334788
0.823256
0.8808419
0.8883666
0.8841895
0.8858731
0.8802979
0.8800987
0.8828123
0.8796571
0.8813895
0.8757899
0.8688939
0.8747708
0.8738465
0.8803169
0.8741897
0.8705682
0.8711139
0.8588519
0.8718489
0.8698691
0.8606485
0.8720064
0.8699192
0.8693114
0.8628388
0.855969
0.857064
0.8511646
0.8545915
0.8520191
0.842653
0.8348386
0.8366902
0.8443993
0.8436144
0.8568524
0.8573342
0.842905
0.8512612
0.8483868
0.8516087
0.8677609
0.8559136
0.8567511
0.8575837
0.8423896
0.85005
0.8541328
0.8565038
0.8678022
0.8688049
0.8740343
0.8712842
0.8706173
0.8716619
0.8686285
0.877319
0.8700486
0.8603249
0.8614467
0.861689
0.854378
0.8576749
0.8613076
0.8590925
0.8609358
0.859712
0.8631303
0.8603758
0.869357
0.8689153
0.8621442
0.8759709
0.8720392
0.8656962
0.8730103
0.8635078
0.8573245
0.8631065
0.8549959
0.8446676
0.8525963
0.8444418
0.8477278
0.8466409
0.8684026
0.8000391
0.7616877
0.9103266
0.8730293
0.8154764
0.8485898
0.8466425
0.8585924
0.8712471
0.8805606
0.884013
0.8963517
0.8925832
0.8917967
0.8919193
0.8946389
0.8900292
0.8852889
0.8837286
0.8833819
0.8802092
0.8805731
0.8895543
0.8904663
0.896001
0.8937049
0.8860204
0.8815988
0.8733812
0.8612228
0.8570123
0.861691
0.8576893
0.8450149
0.8445723
0.8549867
0.8520442
0.8533763
0.8597338
0.8572194
0.8581959
0.8616504
0.8554881
0.8560874
0.858532
0.8518891
0.8524502
0.8465257
0.8483124
0.8598822
0.8585623
0.863672
0.8713666
0.8606512
0.8626761
0.8695037
0.8573083
0.8582687
0.8569095
0.8425387
0.8481195
0.8509299
0.8473456
0.8478058
0.8401902
0.8395503
0.8420396
0.8409977
0.8455563
0.8398008
0.8405264
0.8433701
0.855739
0.8721829
0.8814372
0.8987177
0.8595201
0.8416182
0.8567287
0.8506919
0.8493871
0.844115
0.8450368
0.8446761
0.8401739
0.8337761
0.8362059
0.842187
0.8417417
0.8435697
0.8439681
0.8500995
0.8490778
0.8387638
0.8496306
0.8643855
0.8718263
0.8800439
0.8858291
0.8890245
0.8943464
0.8880568
0.877041
0.8837304
0.8860354
0.8803559
0.8865011
0.8948774
0.8970938
0.8944186
0.8932255
0.9010863
0.8996168
0.8953888
0.8961303
0.889581
0.8871416
0.889659
0.8881111
0.8871844
0.8876692
0.8896334
0.8798206
0.868574
0.8748851
0.8783561
0.8735265
0.8719325
0.8762305
0.8727895
0.872526
0.8822084
0.8831324
0.8789921
0.8782412
0.8797657
0.878984
0.8760379
0.8762765
0.8741605
0.8702086
0.875386
0.8810731
0.8707807
0.8581149
0.8561157
0.8636615
0.8626588
0.8609459
0.8684193
0.8628373
0.8568649
0.861559
0.8369204
0.8092837
0.803857
0.7957158
0.7765472
0.7717019
0.8073209
0.8001374
0.7722147
0.7914073
0.761821
0.8224779
0.9871422
0.8889977
0.7665689
0.7934011
0.8017532
0.7743139
0.8091986
0.9350294
0.8774997
