0.819
0.82
0.777
0.829
0.851
0.852
0.812
0.822
0.851
0.863
0.803
0.849
0.872
0.817
0.823
0.857
0.843
0.865
0.798
0.816
0.813
0.835
0.835
0.769
0.825
0.842
0.785
0.769
0.812
0.819
0.82
0.786
0.725
0.789
0.788
0.799
0.776
0.766
0.812
0.825
0.844
0.836
0.841
0.84
0.832
0.852
0.758
0.838
0.846
0.854
0.845
0.784
0.833
0.84
0.796
0.849
0.837
0.837
0.872
0.814
0.866
0.876
0.824
0.896
0.903
0.828
0.812
0.841
0.841
0.873
0.897
0.918
0.952
0.963
0.833131
0.964
0.891
0.907
0.916
0.904
0.907
0.906
0.871
0.895
0.897
0.857
0.868
0.875
0.851
0.852
0.865
0.859
0.853
0.811
0.837
0.845
0.829
0.841
0.801
0.817
0.825
0.835
0.858
0.811
0.799
0.815
0.817
0.827
0.829
0.825
0.781
0.75
0.818
0.775
0.802
0.831
0.842
0.84
0.813
0.887
0.842
0.832
0.864
0.8
0.814
0.812
0.821
0.78
0.818
0.814
0.82
0.824
0.762
0.786
0.791
0.809
0.815
0.772
0.807
0.817
0.778
0.774
0.791
0.8
0.811
0.731
0.794
0.785
0.744
0.803
0.819
0.833
0.839
0.767
0.809
0.822
0.84
0.828
0.795
0.82
0.832
0.756
0.816
0.823
0.822
0.786
0.77
0.809
0.85
0.828
0.786
0.854
0.871
0.875
0.811
0.806
0.843
0.856
0.881
0.852
0.812
0.876
0.897
0.874
0.894
0.824
0.814
0.87
0.881
0.898
0.86
0.804
0.833
0.87
0.863
0.835
0.858
0.888
0.903
0.875
0.875
0.894
0.828
0.904
0.902
0.902
0.93
0.914
0.896
0.797
0.845
0.852
0.835
0.765
0.779
0.801
0.832
0.837
0.848
0.832
0.787
0.791
0.82
0.816
0.802
0.768
0.799
0.833
0.857
0.855
0.832
0.785
0.831
0.855
0.86
0.882
0.854
0.866
0.839
0.869
0.875
0.823
0.848
0.811
0.818
0.839
0.857
0.852
0.82
0.828
0.851
0.868
0.864
0.841
0.853
0.834
0.855
0.844
0.843
0.792
0.806
0.82
0.841
0.788
0.818
0.838
0.848
0.858
0.849
0.797
0.82
0.819
0.826
0.831
0.814
0.78
0.819
0.799
0.778
0.758
0.787
0.789
0.784
0.819
0.839
0.813
0.853
0.887
0.898
0.897
0.896
0.867
0.883
0.901
0.844
0.878
0.898
0.842
0.894
0.908
0.816
0.872
0.877
0.874
0.816
0.786
0.801
0.835
0.803
0.814
0.803
0.838
0.861
0.873
0.848
0.882
0.829
0.87
0.839
0.894
0.819
0.869
0.869
0.864
0.81
0.813
0.819
0.799
0.835
0.846
0.803
0.84
0.852
0.795
0.834
0.839
0.799
0.857
0.891
0.873
0.847
0.869
0.871
0.866
0.827
0.878
0.886
0.839
0.879
0.88
0.843
0.848
0.888
0.872
0.828
0.898
0.906
0.889
0.907
0.906
0.851
0.879
0.889
0.874
0.833
0.875
0.858
0.865
0.857
0.814
0.856
0.867
0.849
0.831
0.868
0.841
0.861
0.874
0.836
0.811
0.853
0.862
0.878
0.869
0.853
0.841
0.837
0.828
0.802
0.826
0.828
0.827
0.798
0.829
0.838
0.809
0.795
0.838
0.817
0.773
0.768
0.804
0.805
0.786
0.791
0.811
0.823
0.815
0.832
0.846
0.874
0.853
0.848
0.854
0.843
0.836
0.818
0.834
0.847
0.824
0.841
0.783
0.804
0.822
0.844
0.85
0.827
0.796
0.816
0.824
0.806
0.782
0.817
0.836
0.833
0.82
0.774
0.794
0.778
0.781
0.791
0.777
0.808
0.807
0.797
0.743
0.793
0.798
0.764
0.807
0.809
0.805
0.758
0.811
0.799
0.777
0.73
0.765
0.75
0.745
0.726
0.725
0.727
0.724
0.715
0.706
0.721
0.729
0.74
0.743
0.744
0.726
0.713
0.735
0.734
0.743
0.726
0.718
0.751
0.738
0.726
0.709
0.714
0.739
0.705
0.715
0.738
0.74
0.738
0.711
0.732
0.749
0.745
0.713
0.742
0.747
0.718
0.69
0.713
0.719
0.706
0.716
0.71
0.708
0.704
0.718
0.742
0.733
0.726
0.751
0.729
0.722
0.712
0.706
0.691
0.706
0.702
0.694
0.684
0.691
0.709
0.717
0.705
0.715
0.747
0.715
0.708
0.744
0.745
0.721
0.748
0.768
0.758
0.739
0.771
0.752
0.735
0.75
0.734
0.721
0.722
0.719
0.738
0.735
0.723
0.767
0.761
0.782
0.776
0.74
0.781
0.743
0.767
0.768
0.739
0.718
0.758
0.772
0.707
0.74
0.731
0.727
0.726
0.705
0.694
0.735
0.74
0.737
0.703
0.708
0.734
0.735
0.728
0.716
0.75
0.762
0.76
0.753
0.728
0.768
0.736
0.752
0.773
0.754
0.726
0.761
0.77
0.734
0.755
0.776
0.775
0.737
0.769
0.773
0.778
0.74
0.768
0.767
0.737
0.731
0.754
0.744
0.713
0.646
0.732
0.734
0.728
0.739
0.752
0.748
0.727
0.743
0.759
0.752
0.724
0.762
0.769
0.741
0.757
0.758
0.734
0.756
0.76
0.758
0.739
0.76
0.758
0.745
0.751
0.715
0.74
0.75
0.726
0.726
0.758
0.76
0.768
0.738
0.773
0.801
0.797
0.796
0.74
0.745
0.762
0.666
0.754
0.713
0.705
0.639
0.667
0.694
0.66
0.648
0.642
0.6
0.659
0.635
0.605
0.643
0.627
0.623
0.628
0.64
0.652
0.645
0.652
0.672
0.677
0.662
0.63
0.705
0.663
0.667
0.673
0.682
0.606
0.646
0.701
0.614
0.622
0.705
0.675
0.683
0.666
0.624
0.7
0.681
0.671
0.691
0.685
0.623
0.727
0.697
0.666
0.687
0.698
0.696
0.706
0.627
0.719
0.687
0.689
0.668
0.681
0.685
0.611
0.65
0.681
0.58
0.615
0.628
0.606
0.626
0.614
0.662
0.595
0.654
0.643
0.597
0.661
0.641
0.647
0.637
0.633
0.637
0.631
0.643
0.645
0.633
0.641
0.653
0.598
0.653
0.589
0.59
0.617
0.584
0.576
0.593
0.621
0.568
0.576
0.595
0.566
0.568
0.57
0.558
0.554
0.558
0.555
0.545
0.545
0.547
0.544
0.539
0.54
0.543
0.545
0.538
0.545
0.547
0.538
0.539
0.545
0.542
0.539
0.539
0.542
0.546
0.54
0.54
0.544
0.551
0.542
0.541
0.543
0.545
0.541
0.539
0.546
0.546
0.562764
0.5621708
0.5615897
0.551
0.521
0.559915
0.5593783
0.526
0.532
0.543
0.553
0.548
0.541
0.547
0.579
0.546
0.538
0.553
0.553
0.543
0.541
0.555
0.567
0.55
0.55
0.56
0.569
0.544
0.546
0.554
0.558
0.549
0.546
0.553
0.556
0.543
0.541
0.545
0.552
0.546
0.541
0.542
0.547
0.551
0.54
0.536
0.544
0.546
0.539
0.536
0.545
0.551
0.536
0.531
0.539
0.541
0.541
0.536
0.541
0.551
0.535
0.54
0.555
0.545
0.539
0.55
0.561
0.554
0.59
0.547
0.548
0.555
0.539
0.556
0.545
0.539
0.551
0.56
0.544
0.541
0.551
0.556
0.54
0.541
0.552
0.553
0.535
0.538
0.548
0.541
0.534
0.543
0.549
0.532
0.529
0.539
0.542
0.532
0.526
0.534
0.533
0.539
0.532
0.529
0.535
0.54
0.531
0.532
0.5279887
0.5276939
0.547
0.534
0.533
0.536
0.53
0.525
0.53
0.535
0.53
0.524
0.533
0.541
0.528
0.527
0.538
0.543
0.529
0.53
0.538
0.541
0.536
0.525
0.538
0.542
0.529
0.527
0.536
0.542
0.531
0.525
0.525
0.536
0.54
0.525
0.525
0.534
0.538
0.523
0.522
0.532
0.535
0.525
0.52
0.527
0.529
0.525
0.519
0.525
0.53
0.526
0.523
0.53
0.526
0.525
0.527
0.53
0.527
0.529
0.529
0.529
0.534
0.531
0.525
0.537
0.54
0.532
0.525
0.5404266
0.5411898
0.5419729
0.518
0.524
0.534
0.543
0.541
0.539
0.557
0.565
0.571
0.569
0.576
0.541
0.566
0.561
0.552
0.576
0.576
0.555
0.548
0.569
0.581
0.586
0.574
0.592
0.595
0.583
0.589
0.557
0.556
0.559
0.569
0.582
0.564
0.562
0.592
0.6
0.597
0.572
0.585
0.6
0.579
0.577
0.599
0.601
0.601
0.61
0.615
0.575
0.614
0.618
0.591
0.582
0.619
0.613
0.625
0.631
0.586
0.616
0.631
0.627
0.597
0.605
0.622
0.606
0.598
0.614
0.632
0.61
0.612
0.638
0.624
0.603
0.64
0.654
0.644
0.618
0.621
0.669
0.67
0.675
0.681
0.701
0.64
0.624
0.645
0.666
0.637
0.645
0.669
0.658
0.618
0.662
0.656
0.643
0.664
0.683
0.689
0.665
0.65
0.677
0.672
0.649
0.69
0.675
0.653
0.68
0.691
0.652
0.668
0.677
0.687
0.673
0.662
0.68
0.71
0.671
0.684
0.718
0.714
0.719
0.661
0.666
0.671
0.691
0.715
0.742
0.71
0.731
0.755
0.76
0.728
0.758
0.805
0.793
0.754
0.768
0.806
0.777
0.735
0.755
0.785
0.731
0.718
0.746
0.706
0.745
0.755
0.759
0.708
0.688
0.722
0.715
0.705
0.692
0.721
0.687
0.694
0.73
0.722
0.697
0.73
0.751
0.72
0.714
0.754
0.754
0.712
0.719
0.761
0.74
0.718
0.733
0.762
0.741
0.717
0.781
0.782
0.768
0.712
0.763
0.745
0.707
0.746
0.774
0.732
0.73
0.781
0.811
0.789
0.76
0.735
0.748
0.791
0.776
0.732
0.758
0.809
0.768
0.729
0.736
0.763
0.735
0.718
0.772
0.791
0.714
0.768
0.799
0.697
0.771
0.756
0.716
0.753
0.776
0.757
0.74
0.762
0.826
0.742
0.742
0.8
0.822
0.806
0.757
0.78
0.807
0.74
0.719
0.765
0.778
0.71
0.748
0.75
0.726
0.736
0.739
0.748
0.703
0.74
0.773
0.702
0.713
0.793
0.742
0.785
0.791
0.793
0.719
0.804
0.78
0.727
0.764
0.738
0.781
0.725
0.711
0.756
0.775
0.737
0.746
0.752
0.707
0.773
0.756
0.756
0.718
0.71
0.76
0.735
0.711
0.687
0.729
0.717
0.685
0.691
0.743
0.731
0.7
0.747
0.753
0.731
0.707
0.752
0.747
0.703
0.728
0.754
0.752
0.711
0.719
0.758
0.756
0.732
0.695
0.771
0.766
0.694
0.751
0.747
0.737
0.703
0.768
0.754
0.721
0.742
0.735
0.724
0.75
0.737
0.732
0.766
0.771
0.75
0.757
0.788
0.752
0.755
0.779
0.753
0.741
0.757
0.765
0.743
0.735
0.746
0.737
0.728
0.737
0.736
0.686
0.734
0.729
0.684
0.681
0.739
0.734
0.717
0.714
0.747
0.752
0.731
0.745
0.767
0.736
0.743
0.772
0.739
0.694
0.735
0.733
0.74
0.735
0.748
0.761
0.731
0.681
0.765
0.742
0.684
0.758
0.743
0.715
0.721
0.745
0.731
0.696
0.755
0.747
0.725
0.725
0.756
0.731
0.727
0.762
0.768
0.737
0.744
0.772
0.748
0.733
0.758
0.769
0.73
0.74
0.761
0.74
0.728
0.744
0.745
0.731
0.734
0.758
0.735
0.723
0.75
0.755
0.73
0.745
0.776
0.751
0.737
0.765
0.749
0.702
0.755
0.751
0.724
0.724
0.755
0.747
0.729
0.746
0.759
0.731
0.738
0.747
0.721
0.734
0.742
0.698
0.68
0.736
