1.06604
1.070054
1.081653
1.078033
1.074265
1.069312
1.084207
1.094823
1.09617
1.096758
1.093956
1.119302
1.132117
1.123167
1.12577
1.111514
1.105021
1.120794
1.12519
1.128737
1.120045
1.116743
1.143659
1.141913
1.127141
1.113976
1.099801
1.122294
1.130056
1.121914
1.143224
1.155705
1.148263
1.144117
1.139447
1.100355
1.05744
1.067341
1.090251
1.106448
1.113933
1.103828
1.095609
1.114852
1.136992
1.142396
1.133729
1.120683
1.137006
1.141004
1.137157
1.138198
1.127174
1.131025
1.138119
1.139091
1.134066
1.127628
1.142979
1.158425
1.157436
1.150025
1.133559
1.130247
1.139248
1.13596
1.127261
1.117395
1.119179
1.126872
1.121723
1.124523
1.137284
1.149893
1.147327
1.12541
1.111722
1.107103
1.098669
1.097305
1.091223
1.08079
1.090303
1.096225
1.096668
1.095241
1.092737
1.100354
1.108624
1.102923
1.096448
1.109212
1.118793
1.115884
1.104549
1.103057
1.111372
1.115788
1.109972
1.094219
1.088668
1.084602
1.078961
1.08132
1.088956
1.097907
1.094976
1.089917
1.099764
1.111784
1.109116
1.091393
1.087564
1.099101
1.111304
1.109849
1.093417
1.094127
1.090915
1.082492
1.085284
1.089041
1.09485
1.090149
1.082544
1.088157
1.094185
1.089322
1.086372
1.081758
1.0704
1.070669
1.083598
1.084908
1.078803
1.073579
1.065765
1.073536
1.086736
1.101116
1.11274
1.103165
1.101796
1.121464
1.134584
1.133912
1.126926
1.113562
1.104392
1.108003
1.108247
1.105151
1.094671
1.089015
1.097825
1.101827
1.101012
1.091198
1.086088
1.098473
1.107625
1.111747
1.105821
1.101814
1.122117
1.131833
1.123288
1.119045
1.125782
1.145794
1.14325
1.1217
1.123853
1.132253
1.124986
1.118898
1.121091
1.122877
1.118505
1.105167
1.105617
1.101071
1.097326
1.107776
1.106929
1.10081
1.087715
1.09043
1.087869
1.083658
1.096628
1.100081
1.096465
1.087417
1.097747
1.117034
1.129461
1.124174
1.106928
1.111247
1.105518
1.099709
1.08402
1.049234
1.046942
1.049381
1.051235
1.056511
1.052793
1.056709
1.068635
1.075485
1.064513
1.055719
1.07166
1.088003
1.097625
1.108925
1.114971
1.107731
1.098341
1.112024
1.118892
1.118416
1.114961
1.1005
1.101691
1.106501
1.113544
1.121509
1.108191
1.090664
1.097001
1.112279
1.119601
1.124235
1.125583
1.124325
1.120497
1.123392
1.129007
1.132354
1.125172
1.116101
1.123348
1.130157
1.120611
1.10386
1.10227
1.102828
1.104156
1.112612
1.106033
1.089245
1.088132
1.088664
1.087343
1.088959
1.087404
1.099694
1.11447
1.126026
1.119578
1.09713
1.100934
1.111742
1.115879
1.112732
1.100721
1.108963
1.120723
1.12254
1.119705
1.115952
1.103469
1.126903
1.126176
0.9965354
1.007751
1.129712
1.14488
1.125925
1.096851
1.120208
1.121001
1.098312
1.120068
1.125868
1.109899
1.102209
1.109236
1.114089
1.09842
1.123358
1.10421
1.041663
1.103657
1.096773
1.048418
1.06863
1.075962
1.086818
1.085072
1.07965
1.08921
1.095596
1.094845
1.093668
1.087267
1.084145
1.072549
1.065207
1.081537
1.089876
1.08759
1.088256
1.091132
1.080002
1.073335
1.080822
1.077925
1.064184
1.054092
1.076011
1.101235
1.097457
1.108406
1.096296
1.107458
1.059552
0.9130274
0.983021
1.103834
1.090968
1.077341
1.004528
0.954402
1.020197
1.039409
1.018778
1.018145
1.005682
0.9946411
0.9829693
0.9848512
0.9885166
0.9909898
0.9912726
0.9858641
0.9866535
0.9845204
0.9845322
0.986636
0.9836593
0.9788521
0.9713523
0.9656311
0.9537334
0.94191
0.9304892
0.9157626
0.913278
0.9252027
0.9216866
0.9162181
0.9265448
0.9131924
0.8866811
0.8738943
0.883941
0.8864255
0.8635285
0.8617466
0.8767503
0.8828084
0.8684807
0.878836
0.8619738
0.8720616
0.9241748
0.8733963
0.851966
0.8597566
0.8585734
0.8749504
0.8647163
0.8490427
0.8465946
0.8627301
0.85883
0.8478639
0.8430966
0.8569039
0.9576271
1.030909
1.001794
0.9987959
0.9792135
0.9676405
1.052219
0.9948396
0.9120455
0.9901701
0.966699
0.931672
0.9628748
0.9353697
0.9472588
0.9390088
0.9180959
1.003431
0.9831629
0.9402594
1.020754
1.001546
0.9687032
1.012719
1.020848
1.01286
1.010284
1.000434
0.9742073
0.9651848
0.9523071
0.956075
0.9478981
0.9432212
1.055599
1.032199
0.9348586
0.9453226
0.9669935
0.9973324
0.9809444
0.9831889
0.969153
0.9886303
1.010816
0.9986448
1.004236
0.941443
0.9742267
0.9937119
0.9795652
0.988748
0.955853
0.9536684
0.9280714
0.9283194
0.9829624
0.9938502
0.9773596
1.018335
1.06062
0.944807
0.8905031
0.9924202
0.9541652
0.9415684
1.012674
0.9594189
0.9244563
0.97188
0.969096
0.9749389
0.9808884
0.9675848
0.9880956
0.9714454
0.9833492
1.022061
0.9874177
0.9659079
1.016781
1.017099
1.002204
0.9684343
0.9668227
1.001439
0.9764716
1.047344
1.049517
0.9579814
0.9246788
0.9416742
0.9743843
0.9663789
0.9458979
0.9366682
0.9589061
0.9370857
0.8933551
0.9601312
0.9928868
0.9682887
0.9699474
0.9203206
0.9530337
0.9975779
0.9831875
0.971015
0.9452825
0.9229044
0.9346151
0.9579265
0.9422159
0.9300664
0.9798615
1.02482
0.9636849
0.9661882
0.9755613
0.9255377
0.970112
1.026196
0.9939142
0.9719729
0.940752
0.8864646
0.8206425
0.8712863
0.9716214
0.8770779
0.8777189
1.022835
1.023267
0.9380777
0.9730371
0.9702774
0.8855738
0.8562421
0.8386153
0.8473058
0.8836029
0.879001
0.8731819
0.8810839
0.8897288
0.9174751
0.9039655
0.882784
0.8994637
0.9107157
0.8986425
0.8892862
0.9077189
0.9139924
0.8945851
0.8982758
0.9298018
0.9364993
0.9219573
0.9445014
0.9580949
0.9455491
0.9517902
0.9779762
0.9819081
0.9717167
0.9963334
1.003807
0.9830757
0.9888391
1.010975
1.007509
0.9939413
1.008587
1.017253
0.9979548
0.9911573
1.007135
1.016919
1.00247
0.9926288
0.98333
0.9490767
0.9502574
0.9614673
0.956053
0.9738803
0.9900067
0.9859785
0.9798104
0.9934968
1.016142
1.01132
0.986061
0.979536
0.9862664
0.9862153
0.9784932
0.9808639
0.9950237
0.9923071
0.9792728
0.9817889
0.9919572
0.9944907
0.9914756
0.9930417
1.002248
1.001402
0.9931683
0.9975982
1.010533
1.015494
1.012657
1.034834
1.066698
1.065255
1.040313
1.027389
1.037322
1.054758
1.049796
1.039037
1.051591
1.05703
1.04221
1.042103
1.076195
1.076992
1.062171
1.082361
1.078575
1.066627
1.082063
1.087156
1.071426
1.068324
1.085016
1.078159
1.065001
1.086497
1.104652
1.096413
1.072912
1.088937
1.086237
1.105955
1.057673
0.9521324
1.082975
1.113841
1.100697
1.081083
1.006296
1.040832
0.9592151
0.9871097
1.12213
1.047971
0.9655028
1.080166
1.127456
1.096681
1.090811
1.093612
1.110447
1.101804
1.116398
1.113559
1.092567
1.095872
1.090806
1.084372
1.100871
1.09335
1.082027
1.096298
1.105883
1.104811
1.107938
1.114697
1.097096
1.081301
1.09211
1.085655
1.072915
1.081797
1.090469
1.091454
1.085937
1.090765
1.106706
1.097128
1.083624
1.091927
1.091612
1.08297
1.080052
1.075783
1.06913
1.065249
1.064727
1.058718
1.058441
1.076315
1.093898
1.100757
1.09305
1.086238
1.088425
1.087594
1.078516
1.07272
1.092773
1.113842
1.113258
1.103695
1.114503
1.124179
1.13529
1.116035
1.039742
1.029092
1.00286
0.9638869
0.9721855
1.005649
1.100224
1.127457
1.117988
1.117518
1.094606
1.077927
1.080581
1.087345
1.076914
1.078047
1.093503
1.103355
1.094849
1.101553
1.112492
1.106697
1.104494
1.100082
1.099775
1.106065
1.095294
1.083207
1.090318
1.096007
1.094956
1.088511
1.09096
1.093587
1.08688
1.093008
1.095747
1.083965
1.079047
1.071682
1.059031
1.059659
1.066285
1.070518
1.070198
1.067874
1.061642
1.057012
1.059037
1.060897
1.054273
1.048663
1.060212
1.077521
1.080201
1.061858
1.054213
1.064622
1.071132
1.065872
1.073484
1.064398
1.027817
1.032304
1.044376
1.059238
1.08198
1.090278
1.100687
1.110259
1.103021
1.082274
1.081544
1.082852
1.083703
1.081411
1.069456
1.074468
1.082976
1.078174
1.063649
1.066346
1.075321
1.072798
1.077888
1.076772
1.059905
1.056878
1.06893
1.068997
1.066842
1.064275
1.054888
1.057183
1.062014
1.061193
1.059509
1.056666
1.054198
1.049727
1.048713
1.054572
1.062345
1.066339
1.074406
1.075066
1.063131
1.068498
1.080583
1.082236
1.077245
1.068923
1.054236
1.038492
1.031727
1.037363
1.064855
1.077344
1.06817
1.063826
1.050199
1.039037
1.042244
1.043241
1.042042
1.048482
1.055003
1.049212
1.043591
1.049862
1.063458
1.079478
1.088889
1.087616
1.092532
1.095069
1.070464
1.101921
1.165037
1.115066
1.056972
1.06273
1.052925
1.034511
1.02052
1.017619
1.014185
1.008806
1.008767
1.018714
1.036648
1.046093
1.054004
1.068606
1.051428
1.009974
1.015593
1.04092
1.050953
1.051135
1.044005
1.044679
1.055732
1.071336
1.080964
1.084044
1.102579
1.127469
1.140199
1.141976
1.131562
1.115281
1.102215
1.09266
1.083508
1.092209
1.110037
1.12099
1.123042
1.118197
1.106881
1.092743
1.098761
1.106967
1.114203
1.116059
1.101999
1.101359
1.111411
1.103972
1.10672
1.136436
1.132898
1.114163
1.136066
1.152084
1.130832
1.129339
1.139748
1.123335
1.112134
1.096981
1.080795
1.071116
1.027378
0.997602
0.9539533
0.9462905
1.076052
1.031343
0.9639467
1.0695
1.073464
1.089877
1.014821
1.030159
1.169701
1.074665
1.062052
1.091085
1.046237
1.081835
1.076791
1.06015
1.05313
1.081055
1.135101
1.043759
0.954783
0.9654385
0.975251
0.9772328
0.994944
1.015142
1.020171
1.019963
1.015449
1.0134
1.018507
1.028056
1.02953
1.024163
1.005769
0.976109
0.973912
0.9967053
0.9906296
0.9828563
1.005913
1.032714
1.044024
1.048518
1.049577
1.053645
1.066009
1.058209
1.050592
1.044799
1.037669
1.051025
1.050852
1.044633
1.038938
1.031285
1.042482
1.050405
1.047573
1.041061
1.029803
1.021661
1.030688
1.046701
1.042809
1.042007
1.064652
1.075437
1.070852
1.060221
1.044129
1.024106
1.012554
1.033184
1.048519
1.041409
1.034706
1.036026
1.027168
1.013087
1.023213
1.021206
1.016042
1.024107
1.018276
1.006737
0.9941373
0.9932218
0.9823701
0.9486206
0.9478729
0.9667003
0.9835139
1.001383
1.008594
1.020974
1.025644
1.025198
1.024984
1.011424
0.9914944
0.9771796
0.9821862
0.9908323
0.9812219
0.9896258
0.9974671
0.9819767
0.9744166
0.9616392
0.9650098
0.9906972
1.01103
1.015575
1.004132
1.00328
1.00453
1.002291
0.9875701
0.9714178
0.9869381
0.9993812
1.003411
1.011192
0.994635
0.9674118
0.969652
0.9969273
1.004403
0.9933055
1.018855
1.053998
1.094741
1.094157
1.060447
1.081757
1.08291
1.056514
1.033409
1.035308
1.061545
1.062984
1.072322
1.064569
1.033029
1.059496
1.077035
1.045223
1.033657
1.030334
1.027753
1.031867
1.033222
1.040293
1.027047
1.010237
1.018082
1.028914
1.039013
1.032284
1.024286
1.041843
1.051158
1.038524
1.04479
1.081064
1.066741
1.015564
1.025594
1.044149
1.036323
1.046059
1.047706
1.032781
1.054614
1.075938
1.077414
1.055796
1.020557
1.032022
1.05457
1.049971
1.03432
1.045189
1.057449
1.057639
1.034847
1.00603
1.017327
1.037224
1.028169
1.010532
1.0453
1.077608
1.084835
1.093917
1.091071
1.066664
1.037051
1.042986
1.050101
1.051174
1.04476
1.022648
1.032297
1.061861
1.062978
1.040715
1.043205
1.071611
1.095049
1.085845
1.060564
1.077483
1.090006
1.062253
1.053494
1.070477
1.085326
1.073002
1.057315
1.075997
1.085749
1.070909
1.062065
1.078644
1.09346
1.093919
1.102566
1.09862
1.079603
1.082486
1.089903
1.096635
1.093819
1.07057
1.086138
1.132393
1.147822
1.148394
1.144967
1.130507
1.143967
1.151984
1.13883
1.136499
1.128582
1.101292
1.071577
1.066113
1.06238
1.04465
1.03743
1.050648
1.055378
1.037174
1.038315
1.05258
1.073194
1.077288
1.065561
1.107228
1.143404
1.153177
1.147623
1.115803
1.128467
1.146868
1.131199
1.123584
1.111121
1.096998
1.084002
1.068761
1.072477
1.069587
1.054009
1.050689
1.048761
1.055729
1.041548
1.00591
0.9818547
0.9685114
0.980832
0.9883138
0.9966284
1.005487
1.021112
1.037354
1.055368
1.062793
1.042075
1.063507
1.097206
1.106506
1.106836
1.107901
1.107174
1.106787
1.098409
1.075904
1.07507
1.097401
1.117939
1.123097
1.113287
1.101076
1.088526
1.076978
1.073354
1.065911
1.063339
1.059252
1.040622
1.044925
1.061863
1.076061
1.078807
1.075709
1.091801
1.109901
1.097139
1.07481
1.08687
1.101746
1.117757
1.092369
1.056386
1.073461
1.075059
1.060741
1.06547
1.079278
1.090724
1.086633
1.066294
1.092715
1.141654
1.168663
1.168111
1.139113
1.148742
1.16847
1.171562
1.174377
1.17327
1.150832
1.113494
1.124259
1.142811
1.130904
1.119427
1.110512
1.100425
1.089556
1.081791
1.072724
1.066009
1.0436
1.003972
1.002482
1.015607
1.032726
1.042126
1.027484
1.0431
1.070566
1.069785
1.054313
1.054212
1.064344
1.097535
1.13057
1.129751
1.135637
1.143148
1.135464
1.11788
1.078473
1.047014
1.035617
1.023696
1.001953
0.9770655
0.9954883
1.013963
1.010241
1.015502
1.024107
1.036704
1.041679
1.045853
1.061865
1.079599
1.066703
1.049544
1.057902
1.062227
1.054358
1.052715
1.064646
1.060272
1.050209
1.052628
1.04553
1.041652
1.03374
1.011337
1.016495
1.028384
1.031848
1.028165
1.021508
1.037176
1.054293
1.052212
1.032413
1.034246
1.05175
1.07149
1.08233
1.090576
1.081711
1.055132
1.078275
1.112488
1.121041
1.117112
1.093675
1.068337
1.066089
1.062325
1.051518
1.046222
1.049996
1.039253
1.018433
1.033689
1.051454
1.058244
1.060589
1.061418
1.057024
1.050287
1.057918
1.069268
1.073828
1.074685
1.094839
1.114595
1.113802
1.09936
1.084425
1.072061
1.062779
1.042187
1.021876
1.027833
1.025591
1.027413
1.026269
1.011622
1.021025
1.031435
1.052199
1.075428
1.0755
1.090106
1.104239
1.105006
1.105747
1.100911
1.100945
1.091163
1.067235
1.063498
1.068715
1.067381
1.055399
1.032689
1.025905
1.035198
1.043606
1.042597
1.033329
1.042715
1.032134
1.010893
1.034853
1.05947
1.071922
1.082486
1.068515
1.04665
1.061009
1.087627
1.099143
1.107783
1.124101
1.143322
1.153277
1.14634
1.121112
1.117744
1.146826
1.159917
1.153256
1.143214
1.135568
1.132089
1.127094
1.123915
1.111055
1.078944
1.050439
1.038978
1.034324
1.027103
1.023894
1.036812
1.055042
1.07532
1.063981
1.05161
1.078998
1.094098
1.090871
1.079276
1.068683
1.06398
1.052657
1.048457
1.039977
1.013711
1.017807
1.054071
1.084426
1.093868
1.091602
1.100061
1.094831
1.081412
1.078448
1.058945
1.043042
1.052667
1.067136
1.066463
1.057011
1.06987
1.079957
1.088
1.077035
1.056968
1.079528
1.090781
1.098541
1.103883
1.09857
1.111952
1.112132
1.098304
1.077525
1.054397
1.07086
1.083476
1.079429
1.07011
1.054709
1.07974
1.107051
1.115128
1.13046
1.119138
1.092664
1.104588
1.10941
1.103454
1.102177
1.106818
1.101093
1.087126
1.1039
1.111058
1.104539
1.116851
1.10635
1.078631
1.090575
1.106656
1.113096
1.114635
1.106627
1.109233
1.118625
1.118515
1.114984
1.100344
1.091991
1.100449
1.099074
1.081716
1.0701
1.093814
1.11277
1.113749
1.116969
1.114738
1.11368
1.095047
1.071731
1.083159
1.093876
1.089494
1.07284
1.065847
1.085254
1.085637
1.083172
1.081056
1.071982
1.078641
1.091378
1.096835
1.094086
1.102134
1.101758
1.083458
1.084352
1.101561
1.108435
1.105537
1.103592
1.104589
1.095125
1.085103
1.08692
1.091331
1.097615
1.095558
1.094359
1.101616
1.105
1.084906
1.068586
1.079831
1.082887
1.085331
1.095239
1.085072
1.075702
1.072137
1.050071
1.051166
1.07388
1.080361
1.087464
1.09361
1.09032
1.094544
1.092982
1.09709
1.085142
1.056906
1.069339
1.075783
1.069781
1.072585
1.056003
1.042762
1.051827
1.060547
1.062349
1.057
1.059477
1.057585
1.063139
1.092668
1.106912
1.113724
1.108354
1.105873
1.124084
1.13521
1.136452
1.128965
1.124989
1.114354
1.093192
1.093533
1.0859
1.069769
1.081504
1.086514
1.083636
1.09133
1.088604
1.085413
1.098263
1.104346
1.108882
1.118418
1.110432
1.093806
1.086992
1.091394
1.09627
1.08764
1.081738
1.09266
1.100631
1.097955
1.0843
1.073775
1.067611
1.071014
1.078827
1.073998
1.077004
1.081109
1.081371
1.077736
1.061864
1.049955
1.051665
1.070527
1.072499
1.064414
1.079074
1.088931
1.099098
1.097648
1.095537
1.108912
1.107027
1.092723
1.081894
1.087192
1.094985
1.093901
1.092143
1.090865
1.082365
1.082295
1.085378
1.083416
1.0986
1.103275
1.094423
1.082562
1.070424
1.070924
1.072882
1.056361
1.043815
1.049984
1.046162
1.058386
1.068884
1.057541
1.056078
1.058739
1.058096
1.050316
1.04336
1.032559
1.018141
1.004211
0.9826292
0.9571154
0.9422657
0.9519424
0.9618766
0.9611823
0.9932138
1.05224
1.068826
1.05824
1.061115
1.063475
1.071536
1.078318
1.07138
1.058271
1.042832
1.046032
1.06474
1.087964
1.097932
1.10485
1.08896
1.053124
1.051392
1.043434
1.022354
0.9985725
0.9968274
0.9969723
0.95811
0.9433526
0.9750939
1.004179
1.013456
1.018457
1.024769
1.00081
0.9676387
0.9763323
0.9723593
0.9611892
0.9692976
0.977193
0.9775169
0.9777652
0.9935981
1.001166
1.014699
1.038521
1.037652
1.029396
1.042848
1.053625
1.051544
1.05262
1.043098
1.007424
0.9922151
1.015176
1.016108
1.017675
1.037465
1.041758
1.038188
1.030423
1.027474
1.032468
1.038724
1.019382
1.010631
1.047134
1.056204
1.054299
1.058884
1.052808
1.057653
1.059578
1.030967
1.005858
1.020516
1.032867
1.033514
1.045279
1.041262
1.030483
1.055557
1.070314
1.078077
1.074315
1.0602
1.079849
1.095701
1.093883
1.085879
1.086242
1.092231
1.093833
1.064877
1.030882
1.029839
1.031753
1.021356
0.9970682
1.006016
1.005948
0.9658643
0.9588109
0.9649016
0.95578
0.9431702
0.9532779
0.9733231
0.9729169
0.9717645
0.9783737
0.9989643
1.002944
0.9792231
0.9913995
0.9973171
0.9761019
0.984618
0.9903702
0.9754601
0.9685547
0.9647588
0.945271
0.9245712
0.9147333
0.9697432
1.003534
0.9334005
0.9085722
0.9292605
0.9409577
0.9405458
0.933221
0.9427965
0.9387477
0.931355
0.9246106
0.9173715
0.9308317
0.9461627
0.951822
0.9370349
0.9176197
0.924502
0.9224312
0.915078
0.9152021
0.9144223
0.9285245
0.9302188
0.9264625
0.9340543
0.934695
0.9400537
0.9373459
0.926383
0.9427762
0.952344
0.9402488
0.9538738
0.9591189
0.9548881
0.95563
0.937902
0.9273205
0.9354304
0.9203729
0.8935854
0.902193
0.9065833
0.9038929
0.9184521
0.9354617
0.9448163
0.9471661
0.948773
0.9547491
0.9685555
0.9798776
0.9772126
0.9713607
0.977312
0.9975204
1.012047
1.014064
1.023621
1.024811
1.016783
1.019787
1.012563
1.001704
1.007823
1.003555
0.9889796
0.9923842
0.9862444
0.9600049
0.9639303
0.9569871
0.9400393
0.9586929
0.9608314
0.9961468
1.053166
1.052422
1.065442
1.06754
1.050451
1.043642
1.0116
1.010415
1.008492
0.9954254
1.020706
1.023823
1.010962
1.030694
1.046203
1.049623
1.063674
1.063531
1.061013
1.088624
1.107854
1.133328
1.111497
1.02309
1.007993
0.9717722
0.9584096
1.072185
1.046268
0.9984855
1.098201
1.100577
1.04447
1.04887
1.013603
0.9264467
0.9289716
0.9454363
0.9126671
0.9063797
0.9129286
0.9522199
0.9771115
0.9880881
1.007615
1.01992
1.033702
1.039873
1.04214
1.029247
1.011895
1.012901
1.00876
0.9989841
0.9691546
0.9408699
0.9534164
0.9585106
0.951259
0.9484392
0.9604257
0.9716264
0.9710814
0.9891789
1.002004
0.9980403
1.000604
1.00941
1.018619
1.020589
1.013218
1.021644
1.020483
1.004864
1.011097
1.02137
1.021045
1.011575
1.009596
1.006069
1.006705
1.017605
1.026917
1.022066
0.9912061
0.9761953
0.9793176
0.9754294
0.976329
0.9824654
0.9887566
0.9939003
1.000608
1.016895
1.026943
1.03501
1.03856
1.032896
1.032168
1.039633
1.040913
1.036992
1.047642
1.047596
1.043767
1.049923
1.047478
1.052958
1.054155
1.037889
1.045598
1.047278
1.027589
1.027626
1.031572
1.015071
1.008315
1.028102
1.040724
1.028864
1.003077
1.001543
1.016588
1.008879
0.9983573
1.017543
1.023121
1.009153
1.017981
1.030249
1.024634
1.026247
1.043527
1.039444
1.044556
1.050536
1.039586
1.051732
1.041599
1.029905
0.9929205
0.9339307
0.9591034
0.9681613
0.9574913
0.9770471
0.9807398
0.9554092
0.9371929
0.9449468
0.9115713
0.8890573
0.8908839
0.8742232
0.8867513
0.9003916
0.8865658
0.8746818
0.8865814
0.9687392
0.9629677
0.8646795
0.8639503
0.8947483
0.9087834
0.9338494
0.9607069
0.9609244
0.9625981
0.9660692
0.9669948
0.9578815
0.9168753
0.9021415
0.8912469
0.8792481
0.8840283
0.8819737
0.8878629
0.8988374
0.910539
0.9265382
0.9334222
0.9350639
0.9509542
0.9435705
0.9168649
0.9164783
0.9094806
0.8936255
0.8481404
0.8903522
1.008023
1.007542
1.005374
0.9628473
0.8795997
0.878323
0.881192
0.8932647
0.9119798
0.9106606
0.900797
0.8761888
0.8552083
0.8634831
0.8897221
0.9071417
0.9105113
0.9104763
0.9273177
0.9449743
0.9459753
0.957149
0.9654202
0.9516875
0.9393522
0.9489204
0.9454281
0.9266048
0.9296734
0.9353206
0.9350619
0.9356445
0.9456433
0.9617095
0.9690125
0.9639611
0.9568475
0.9750126
0.9841771
0.9724249
0.976661
0.9935935
1.011226
0.9998974
0.9856738
1.014276
1.042761
1.043245
1.035924
1.016643
1.00343
1.028544
1.063525
1.073799
1.068203
1.042694
1.019672
1.035012
1.033527
1.02633
1.004241
0.9743672
0.9853369
0.9914458
0.9843807
0.9689048
0.9538547
0.9528709
0.9547006
0.9556332
0.9816848
1.008028
1.002941
1.004826
1.036559
1.051259
1.034615
1.034228
1.049593
1.047773
1.031317
1.016799
1.019951
1.014377
0.992582
1.002843
1.02275
1.029241
1.019002
1.010989
1.034329
1.047253
1.042276
1.027121
1.011425
1.010599
0.9981495
0.9984475
1.012397
1.02569
1.03478
1.031438
1.039553
1.057492
1.050869
1.016881
1.021439
1.045277
1.046634
1.038449
1.008133
0.9884029
0.9948218
1.007628
1.028807
1.05085
1.061265
1.069376
1.086986
1.090125
1.091587
1.10943
1.127586
1.120761
1.091527
1.090124
1.081458
1.046146
1.025833
1.015212
0.9980542
0.9940709
1.018839
1.052153
1.073603
1.072232
1.081005
1.088639
1.072173
1.066113
1.077436
1.071156
1.051879
1.054385
1.045106
0.9984572
0.9788325
1.016977
1.045163
1.063676
1.08252
1.083387
1.091469
1.111989
1.125849
1.11355
1.098791
1.096148
1.101788
1.09496
1.076013
1.080487
1.091727
1.085181
1.076707
1.086313
1.094518
1.092579
1.067926
1.033542
1.036984
1.043852
1.032375
1.041582
1.049304
1.037777
1.044017
1.066951
1.073334
1.067043
1.057205
1.041977
1.046975
1.05432
1.047935
1.059729
1.052611
1.018164
1.070191
1.115774
1.06398
1.062586
1.075341
1.040732
1.010676
0.9798339
0.9597974
0.9585554
0.9481213
0.9427348
0.9530686
0.9552692
0.9607379
0.9640246
0.9660832
0.9823042
0.9848665
1.000324
1.025512
1.012633
0.994688
0.9747846
0.9524904
0.9347113
0.9148692
0.9101465
0.8891162
0.887691
0.8731134
0.9116943
0.990307
0.9179154
0.885685
0.9219453
0.9226731
0.929335
0.9389709
0.9431469
0.94443
0.9583245
0.9573513
0.9514529
0.9491193
0.9473703
0.9204865
0.8981351
0.8830057
0.8958017
0.9870821
1.027421
0.966114
0.9762282
1.090145
1.047193
0.971317
0.9725117
0.9871318
1.099037
1.08252
1.014023
1.033839
1.006762
0.9943794
0.9809402
1.001912
1.084073
1.014555
0.8935627
0.8966359
0.9125177
0.9238482
0.9313855
0.911484
0.9073065
0.9263551
0.9438157
0.9498022
0.9421389
0.9416807
0.9549488
0.9572655
0.9539227
0.9531617
0.9404972
0.9233731
0.9370035
0.9528543
0.9604124
0.959418
0.9520822
0.9667395
0.9814437
0.9818653
0.9694729
0.9784442
0.9954911
0.9958072
0.9858052
0.9677301
0.9732227
0.9810734
0.9762974
0.9847259
1.005561
1.014944
1.002217
1.000817
1.012534
1.021864
1.022859
1.011069
1.024685
1.044183
1.046094
1.036405
1.022668
1.031658
1.042178
1.037368
1.029794
1.032086
1.03064
1.035276
1.030852
1.014792
1.038793
1.065956
1.067601
1.054259
1.045349
1.042705
1.044734
1.051306
1.048684
1.056421
1.070103
1.066555
1.053818
1.054194
1.053703
1.044478
1.040942
1.053319
1.066507
1.049478
1.03702
1.05466
1.061522
1.053751
1.051565
1.062504
1.067834
1.051545
1.066359
1.073977
1.05822
1.072785
1.077131
1.084245
1.094736
1.095229
1.092463
1.082036
1.081511
1.082056
1.081233
1.091666
1.09912
1.097093
1.096886
1.096071
1.091584
1.073305
1.060371
1.064785
1.073515
1.07547
1.07756
1.084972
1.077975
1.063265
1.056315
1.06808
1.070542
1.064989
1.077373
1.076909
1.07238
1.076214
1.070146
1.067897
1.057165
1.041224
1.048879
1.051486
1.054156
1.063955
1.070601
1.074558
1.076018
1.089695
1.105854
1.102541
1.083392
1.081496
1.082972
1.075629
1.077771
1.084292
1.087272
1.085682
1.083278
1.089692
1.104191
1.106655
1.098363
1.100745
1.103149
1.097061
1.104117
1.097234
1.080361
1.088706
1.092775
1.082198
1.074091
1.068932
1.075257
1.086023
1.082151
1.083193
1.087845
1.092074
1.097091
1.102818
1.110475
1.107062
1.107843
1.110443
1.109943
1.104107
1.09891
1.09188
1.085387
1.091699
1.093768
1.09352
1.085356
1.073363
1.075399
1.085713
1.098428
1.076806
1.051579
1.071838
1.074934
1.057084
1.051158
1.056825
1.061039
1.053898
1.056158
1.065539
1.068039
1.063658
1.055217
1.062576
1.065123
1.061529
1.089109
1.106139
1.109131
1.118245
1.115083
1.098134
1.087295
1.09079
1.081807
1.074804
1.068678
1.074056
1.085893
1.075848
1.068719
1.065082
1.07114
1.078807
1.071683
1.071566
1.066682
1.048686
1.062282
1.081326
1.086613
1.083568
1.076866
1.089771
1.085812
1.070396
1.078924
1.0945
1.093305
1.090745
1.107213
1.122729
1.123805
1.124635
1.129334
1.114651
1.097056
1.100452
1.10518
1.102394
1.092255
1.104454
1.107915
1.098339
1.106252
1.108565
1.109469
1.097096
1.09212
1.101141
1.112884
1.125144
1.126696
1.11619
1.103716
1.105928
1.099518
1.082966
1.077747
1.091548
1.110724
1.105419
1.096005
1.105576
1.111453
1.098534
1.088817
1.107869
1.124152
1.12522
1.132011
1.120863
1.106973
1.115565
1.112686
1.108974
1.12103
1.121771
1.113473
1.115358
1.131295
1.133614
1.127597
1.135681
1.144074
1.139839
1.117318
1.119089
1.12158
1.106943
1.117158
1.114368
1.10546
1.101203
1.091566
1.087223
1.075173
1.056758
1.046133
1.046094
1.053462
1.050939
1.0431
1.060529
1.068884
1.05428
1.051841
1.066883
1.076858
1.078524
1.083437
1.08416
1.083049
1.094017
1.087021
1.073224
1.085259
1.095018
1.12594
1.160485
1.141431
1.093096
1.10192
1.135308
1.115794
1.119828
1.127986
1.08925
1.048278
1.023951
1.025557
1.032498
1.050629
1.061475
1.056779
1.084375
1.102468
1.102817
1.11293
1.108823
1.089856
1.08495
1.097039
1.107835
1.11266
1.108944
1.097653
1.092386
1.099927
1.102204
1.099096
1.083261
1.064023
1.073751
1.08683
1.085018
1.088715
1.084741
1.081924
1.091744
1.083701
1.091529
1.090284
1.067645
1.086843
1.100036
1.098535
1.09017
1.077691
1.084483
1.09247
1.092765
1.086285
1.071823
1.060389
1.07293
1.083548
1.089479
1.084323
1.072132
1.07612
1.082924
1.080005
1.071473
1.08095
1.095122
1.091978
1.081107
1.089883
1.110363
1.105741
1.093332
1.096208
1.088092
1.078448
1.090281
1.094151
1.086167
1.091972
1.091195
1.08731
1.068622
1.06057
1.093574
1.093825
1.073616
1.065187
1.032444
1.025667
1.010317
1.003612
1.043418
1.003201
0.9956799
1.017541
1.002324
1.028144
1.061147
1.075605
1.064997
1.058874
1.077911
1.087284
1.085325
1.069615
1.057864
1.076908
1.09189
1.095064
1.096833
1.079224
1.078501
1.10796
1.119709
1.109281
1.090888
1.097592
1.103884
1.095043
1.087128
1.07864
1.063935
1.045048
1.04607
1.037834
1.026986
1.043033
1.053342
1.06883
1.079489
1.072309
1.097288
1.119862
1.121811
1.116778
1.106029
1.08956
1.07394
1.091011
1.106915
1.1109
1.100797
1.089365
1.113195
1.133916
1.13936
1.137605
1.126438
1.12114
1.128633
1.137768
1.132289
1.127755
1.11761
1.104738
1.116517
1.127102
1.119343
1.111169
1.107829
1.097427
1.07729
1.063683
1.079445
1.093218
1.107135
1.114859
1.091909
1.09508
1.101246
1.102957
1.098152
1.075897
1.077581
1.08561
1.061842
1.038781
1.060304
1.079351
1.068878
1.05895
1.071605
1.080435
1.067194
1.055322
1.073316
1.104432
1.117964
1.122712
1.127629
1.123025
1.102657
1.100594
1.116
1.115754
1.119962
1.120985
1.108658
1.122457
1.145392
1.154275
1.142921
1.128567
1.140747
1.14176
1.129311
1.149011
1.155244
1.140261
1.146472
1.156162
1.142767
1.122588
1.125495
1.121717
1.106907
1.091396
1.094239
1.10943
1.115991
1.109177
1.0971
1.112527
1.127833
1.123761
1.112931
1.115826
1.134033
1.137557
1.122937
1.126487
1.145748
1.160545
1.153897
1.138765
1.153753
1.163137
1.161846
1.167951
1.167566
1.151233
1.126031
1.12864
1.139567
1.13007
1.119142
1.11876
1.136223
1.148217
1.133526
1.118719
1.132001
1.151986
1.155262
1.150657
1.145349
1.131773
1.131512
1.14685
1.156151
1.16366
1.164864
1.147669
1.127481
1.129738
1.138758
1.142153
1.143745
1.130824
1.122044
1.142136
1.145966
1.141002
1.142736
1.131116
1.146927
1.151883
1.131647
1.142058
1.158918
1.157138
1.139088
1.135178
1.139415
1.125024
1.111642
1.113276
1.119265
1.115125
1.121606
1.120904
1.102743
1.096913
1.095945
1.095222
1.089033
1.093876
1.110453
1.116059
1.120283
1.112061
1.100213
1.122072
1.150316
1.151431
1.146147
1.149151
1.147008
1.135885
1.130867
1.129798
1.127395
1.135523
1.143549
1.141295
1.135486
1.125267
1.127271
1.126946
1.119036
1.135561
1.135043
1.127624
1.11965
1.087527
1.073173
1.078171
1.066752
1.044143
1.048844
1.056477
1.049677
1.044321
1.061007
1.069834
1.052569
1.061827
1.084157
1.093487
1.088341
1.071608
1.051038
1.048187
1.046736
1.030813
1.044795
1.051868
1.043879
1.046494
1.048019
1.039398
1.027879
1.039261
1.039414
1.023182
1.013962
1.013855
1.016632
1.033354
1.036195
1.023629
1.041791
1.041881
1.02685
1.01808
1.01007
1.011809
1.004339
1.021067
1.033022
1.021398
1.046006
1.079532
1.074902
1.036051
1.042812
1.086191
1.098529
1.099558
1.092502
1.087673
1.069771
1.047302
1.063732
1.048938
0.990818
0.9905317
1.030353
1.039527
1.039636
1.063733
1.086787
1.071662
1.065876
1.083006
1.086692
1.076102
1.068409
1.082365
1.085745
1.080203
1.07487
1.074589
1.083971
1.080066
1.081456
1.075217
1.064653
1.064584
1.059666
1.073011
1.086307
1.084815
1.079679
1.081568
1.080916
1.079522
1.085856
1.090598
1.092665
1.098466
1.073114
1.049355
1.154548
1.204601
1.117797
1.082212
1.07922
1.07748
1.079183
1.070005
1.079812
1.077044
1.058426
1.079269
1.093319
1.09588
1.092269
1.082983
1.100606
1.098749
1.081244
1.070473
1.069884
1.083229
1.08884
1.089575
1.094446
1.088378
1.081737
1.085216
1.085493
1.092509
1.07377
1.059414
1.087928
1.098876
1.094726
1.086212
1.083459
1.084243
1.070524
1.062289
1.065061
1.066443
1.061372
1.053519
1.065706
1.068028
1.060162
1.076169
1.079123
1.084881
1.081108
1.076851
1.074377
1.054564
1.066889
1.067414
1.058263
1.049055
1.031776
1.03227
1.042737
1.068915
1.102182
1.113392
1.098252
1.102111
1.112183
1.109138
1.11442
1.135711
1.158293
1.156086
1.162439
1.155648
1.129189
1.142135
1.151124
1.141671
1.1281
1.139796
1.134516
1.103451
1.125154
1.105919
1.063567
1.070108
1.076165
1.064714
1.059015
1.071137
1.078174
1.067663
1.057542
1.069595
1.083459
1.07179
1.057705
1.075126
1.064032
1.057267
1.08285
1.078917
1.077591
1.085921
1.093486
1.103349
1.117242
1.124463
1.124022
1.117891
1.112247
1.118915
1.131554
1.120473
1.061436
1.040697
1.063798
1.071032
1.092658
1.082273
1.053896
1.063997
1.068521
1.075186
1.103379
1.098571
1.064375
1.07434
1.093965
1.064554
1.029312
1.044105
1.059547
1.07478
1.077582
1.048714
1.074792
1.1018
1.108459
1.117537
1.106324
1.112668
1.127205
1.1207
1.099883
1.085179
1.083091
1.085069
1.094565
1.082528
1.058067
1.066847
1.097554
1.088889
1.044945
1.047088
1.054428
1.046437
1.057733
1.051215
1.039263
1.061913
1.080481
1.085718
1.085507
1.095326
1.084681
1.038568
1.049172
1.065716
1.047752
1.044312
1.060718
1.062732
1.062591
1.056454
1.032635
1.039517
1.031789
1.016061
1.040309
1.056467
1.056003
1.040992
1.022663
1.042737
1.067342
1.075884
1.079356
1.082355
1.069232
1.05619
1.074722
1.074372
1.072358
1.064271
1.049383
1.060734
1.073275
1.061108
1.042868
1.04758
1.044109
1.059158
1.069029
1.058646
1.050965
1.042323
1.047888
1.060661
1.054825
1.002814
0.9773493
1.007342
1.031333
1.040419
1.056577
1.070156
1.074094
1.056369
1.025813
1.036343
1.041985
1.042103
1.032815
1.005348
1.034463
1.058153
1.064388
1.070007
1.064416
1.046903
1.017525
1.030519
1.045663
1.04778
1.055354
1.060227
1.047314
1.031879
1.033756
1.02778
1.007135
0.9903573
1.00105
1.013755
1.015258
1.017844
1.0256
1.037381
1.048575
1.056078
1.047579
1.029782
1.045382
1.042503
1.015014
1.03442
1.05642
1.059771
1.063028
1.067277
1.068051
1.064125
1.062994
1.070834
1.064882
1.050513
1.071863
1.090472
1.089081
1.099626
1.101782
1.091497
1.0734
1.041217
1.028189
1.038913
1.038845
1.019345
1.008364
1.019233
1.027942
1.031321
1.038856
1.050391
1.060179
1.069167
1.075172
1.061402
1.035772
1.021223
1.022446
1.030618
1.028199
1.018181
1.027478
1.029047
1.020343
1.04141
1.033811
1.011404
1.034147
1.041699
1.04948
1.052879
1.046757
1.05402
1.015354
0.9952298
1.031098
1.041932
1.040773
1.062991
1.087486
1.107572
1.096032
1.080995
1.072689
1.060185
1.079277
1.093775
1.100334
1.109872
1.11663
1.12169
1.127019
1.131145
1.139094
1.126498
1.090433
1.090446
1.088465
1.066515
1.060149
1.068768
1.067244
1.063511
1.04743
1.023835
1.045699
1.071146
1.086997
1.106217
1.114405
1.11631
1.101177
1.075191
1.079657
1.096838
1.097974
1.089165
1.097506
1.094639
1.065436
1.073415
1.0896
1.089685
1.088942
1.069452
1.047942
1.049054
1.062225
1.052031
1.036109
1.05324
1.052527
1.039395
1.046857
1.04825
1.044052
1.060863
1.071578
1.075236
1.095726
1.082781
1.067461
1.093683
1.103434
1.097828
1.079574
1.057634
1.066399
1.072261
1.072483
1.075018
1.075238
1.095637
1.098652
1.085334
1.1063
1.121452
1.117811
1.11166
1.104793
1.085435
1.059659
1.067831
1.086822
1.080894
1.067613
1.060535
1.065599
1.066866
1.059787
1.063722
1.055483
1.051792
1.073629
1.073647
1.068536
1.086744
1.093799
1.09169
1.103265
1.09353
1.087015
1.109502
1.111855
1.102557
1.103065
1.094337
1.070684
1.077512
1.093231
1.092266
1.075578
1.074194
1.094304
1.090694
1.085098
1.067884
1.055662
1.077375
1.083994
1.062689
1.065136
1.092691
1.110449
1.112783
1.106025
1.083503
1.057614
1.060285
1.077334
1.087299
1.102636
1.087179
1.05527
1.06464
1.064441
1.058916
1.064946
1.073453
1.079935
1.076647
1.080529
1.078692
1.083824
1.085272
1.081032
1.07106
1.048522
1.058308
1.080132
1.091303
1.093293
1.077202
1.06468
1.065887
1.077662
1.088713
1.094339
1.090622
1.075178
1.064527
1.064935
1.06228
1.062845
1.06634
1.062726
1.092762
1.130572
1.136756
1.123907
1.101412
1.094964
1.099857
1.099798
1.099524
1.091317
1.078338
1.072791
1.065941
1.054881
1.044353
1.052372
1.043075
1.026734
1.040652
1.04271
1.04271
1.045124
1.033566
1.037365
1.05742
1.06777
1.074676
1.079677
1.08724
1.080313
1.060806
1.064528
1.078187
1.067531
1.045556
1.055753
1.078235
1.089605
1.089327
1.076408
1.066138
1.078731
1.086938
1.085361
1.091114
1.084059
1.081212
1.08748
1.09272
1.092504
1.0755
1.068558
1.084836
1.09514
1.105935
1.109193
1.101525
1.104925
1.112014
1.120159
1.115295
1.099049
1.096001
1.076179
1.045495
1.05732
1.065479
1.064787
1.075109
1.072645
1.086303
1.096371
1.098073
1.102803
1.094998
1.093911
1.101049
1.107967
1.108323
1.094935
1.076247
1.068753
1.070189
1.073015
1.079128
1.086906
1.071627
1.05578
1.066631
1.07466
1.081974
1.088286
1.089964
1.096275
1.087939
1.060868
1.063456
1.077422
1.07944
1.08061
1.071227
1.0776
1.082409
1.0798
1.08144
1.063225
1.048477
1.058428
1.065346
1.067363
1.071111
1.066537
1.064034
1.053553
1.041716
1.051272
1.050666
1.030311
1.0231
1.038922
1.053976
1.068019
1.070797
1.062186
1.068397
1.069479
1.061711
1.061943
1.045659
1.008539
0.9991955
1.013574
1.041037
1.075043
1.093205
1.091444
1.095523
1.111798
1.118915
1.11635
1.093213
1.073595
1.058025
1.03899
1.049068
1.062195
1.065506
1.072145
1.07031
1.063734
1.059465
1.063178
1.064977
1.064643
1.08044
1.092034
1.076644
1.059492
1.064736
1.078987
1.085469
1.086498
1.075237
1.067388
1.056685
1.046271
1.05924
1.057718
1.082053
1.102797
1.089791
1.110143
1.124265
1.118196
1.100071
1.08722
1.07115
1.051055
1.063138
1.066779
1.05911
1.065483
1.090939
1.103251
1.104378
1.101579
1.090601
1.094824
1.090891
1.082974
1.087471
1.096569
1.104239
1.098541
1.089306
1.105535
1.120488
1.10866
1.099469
1.115013
1.126027
1.124622
1.131615
1.123559
1.108531
1.111253
1.117316
1.105196
1.0922
1.102907
1.107322
1.111415
1.10918
1.093842
1.104925
1.114107
1.111631
1.111925
1.106966
1.114459
1.12549
1.120913
1.122316
1.126778
1.13335
1.133884
1.112576
1.111054
1.118236
1.115418
1.112966
1.09725
1.091596
1.077685
1.058474
1.065095
1.069056
1.064941
1.059972
1.077488
1.110709
1.146348
1.161423
1.153363
1.131381
1.094279
1.088352
1.087558
1.082032
1.081954
1.07202
1.05417
1.052329
1.071376
1.077561
1.084592
1.082267
1.07204
1.077288
1.081249
1.081861
1.073033
1.067412
1.086781
1.099303
1.114943
1.136428
1.142581
1.122656
1.09309
1.107844
1.105407
1.063137
1.04038
1.046112
1.056935
1.063578
1.0654
1.065432
1.081419
1.087705
1.081895
1.087736
1.094757
1.078267
1.059465
1.079951
1.102892
1.108428
1.110932
1.110385
1.119296
1.098933
1.074397
1.089452
1.091305
1.072787
1.064166
1.078281
1.087785
1.088188
1.091104
1.081256
1.070262
1.056977
1.043794
1.052774
1.068354
1.077878
1.072296
1.0721
1.069222
1.041873
1.053104
1.076167
1.079476
1.090718
1.09204
1.082003
1.087606
1.097208
1.096937
1.104775
1.105792
1.090967
1.085233
1.082929
1.092123
1.106357
1.106696
1.092743
1.076587
1.086876
1.085421
1.082082
1.096264
1.098085
1.097291
1.100787
1.104118
1.100213
1.090883
1.09102
1.096657
1.096002
1.103165
1.097292
1.074461
1.090936
1.10658
1.093916
1.083864
1.075539
1.059214
1.00951
0.9910676
1.014809
1.015927
1.028553
1.036471
1.036693
1.060648
1.074997
1.079298
1.092329
1.078174
1.047589
1.05462
1.064469
1.054331
1.050538
1.053283
1.046936
1.054292
1.068168
1.072348
1.078326
1.08061
1.083519
1.075162
1.069435
1.066235
1.046332
1.050659
1.063218
1.068093
1.089323
1.103519
1.101978
1.097181
1.098283
1.092529
1.072111
1.054551
1.051297
1.05454
1.060957
1.060857
1.058042
1.052802
1.045092
1.067156
1.095229
1.109979
1.108053
1.104772
1.087975
1.065699
1.076075
1.077172
1.064084
1.042795
1.040312
1.048733
1.042697
1.034663
1.039317
1.066033
1.072477
1.065607
1.068321
1.072954
1.086737
1.096106
1.094938
1.086221
1.069808
1.035248
1.01635
1.047317
1.071276
1.083938
1.096877
1.109248
1.119391
1.117722
1.112824
1.09865
1.09722
1.085861
1.06618
1.074763
1.072107
1.067854
1.051955
1.027312
1.038168
1.048273
1.057157
1.073165
1.089554
1.102348
1.102406
1.084996
1.072075
1.082297
1.078893
1.069259
1.085299
1.111183
1.113889
1.109265
1.092274
1.063994
1.067046
1.073247
1.068281
1.07212
1.079895
1.085904
1.092342
1.081597
1.051411
1.052928
1.072655
1.070446
1.076304
1.069621
1.05457
1.064921
1.065562
1.06257
1.05032
1.038875
1.050349
1.053554
1.06099
1.068471
1.069374
1.092084
1.109947
1.111277
1.106896
1.089564
1.080891
1.082768
1.084564
1.070422
1.043213
1.04971
1.041851
1.016769
1.024024
1.021109
1.012116
1.012666
1.029244
1.049203
1.060428
1.073093
1.074162
1.082334
1.100194
1.10377
1.098312
1.101521
1.106872
1.09938
1.09019
1.091332
1.092108
1.09911
1.064254
1.00702
1.010071
1.026222
1.032437
1.022163
1.022339
1.048948
1.057899
1.059474
1.058929
1.051993
1.048442
1.044031
1.031654
1.029769
1.05016
1.074307
1.075837
1.076977
1.090519
1.086089
1.086852
1.088277
1.062749
1.047288
1.051781
1.055017
1.057058
1.057721
1.04398
1.032565
1.047693
1.070903
1.084484
1.086956
1.079563
1.066299
1.069587
1.074722
1.076628
1.082434
1.078473
1.060097
1.045758
1.06157
1.065889
1.059524
1.065349
1.067376
1.069957
1.068258
1.053107
1.059838
1.08071
1.074928
1.069468
1.077568
1.083128
1.08029
1.072802
1.062846
1.050224
1.050015
1.050855
1.045634
1.048758
1.04961
1.065623
1.069907
1.046657
1.049538
1.051131
1.053256
1.078832
1.093978
1.096924
1.101327
1.091968
1.078279
1.086821
1.096164
1.094712
1.078896
1.063545
1.051346
1.035363
1.039
1.044874
1.055785
1.063187
1.056338
1.070339
1.078351
1.072494
1.064427
1.048859
1.043983
1.048127
1.051704
1.052134
1.039668
1.029806
1.046527
1.049711
1.047479
1.043104
1.027083
1.040878
1.046275
1.043734
1.036792
1.0196
1.034385
1.038505
1.041485
1.054594
1.050512
1.059793
1.066646
1.072846
1.087562
1.087468
1.083046
1.081772
1.084871
1.081838
1.072822
1.080256
1.0899
1.075394
1.0513
1.052698
1.064392
1.060917
1.064522
1.056849
1.031962
1.034077
1.045911
1.057026
1.073614
1.089691
1.112739
1.120183
1.102212
1.109008
1.12024
1.112509
1.106973
1.092614
1.076627
1.080196
1.073944
1.045581
1.045924
1.055551
1.069422
1.062399
1.044648
1.068721
1.091806
1.100107
1.100104
1.096281
1.081138
1.064259
1.071936
1.069836
1.051698
1.052799
1.048091
1.041859
1.059738
1.069846
1.073936
1.076077
1.076755
1.083001
1.079181
1.079023
1.091059
1.090532
1.089862
1.102108
1.104928
1.092419
1.075801
1.072372
1.085168
1.055844
1.002619
1.01706
1.041294
1.056388
1.087636
1.101504
1.107526
1.112312
1.115702
1.115953
1.099645
1.064801
1.047618
1.061213
1.062675
1.051055
1.054841
1.066046
1.081518
1.087966
1.090094
1.077266
1.059893
1.081011
1.093136
1.095708
1.099585
1.089665
1.080125
1.064437
1.061331
1.06569
1.063608
1.061042
1.058289
1.041947
1.019135
1.022551
1.031327
1.030813
1.027781
1.033554
1.037967
1.045881
1.044264
1.02805
1.033974
1.033306
1.030151
1.027439
1.03059
1.036693
1.013982
1.002532
1.016654
1.030087
1.044248
1.053945
1.053825
1.046662
1.052191
1.042331
1.01422
1.027609
1.041627
1.042778
1.048275
1.032416
1.023639
1.044426
1.061072
1.0528
1.051013
1.042459
1.028497
1.045852
1.058278
1.057163
1.050847
1.044097
1.042504
1.044247
1.040413
1.033615
1.040838
1.048786
1.036448
1.024342
1.049838
1.080531
1.076427
1.059233
1.062239
1.060822
1.060202
1.053089
1.029925
1.031694
1.033715
1.037012
1.029076
1.008501
1.025934
1.045899
1.050664
1.039044
1.029464
1.044642
1.044651
1.041749
1.032144
1.020778
1.036119
1.039746
1.035564
1.037804
1.033095
1.031316
1.032595
1.027858
1.012576
1.007016
1.021509
1.03149
1.034807
1.06023
1.080153
1.068086
1.061223
1.07125
1.064505
1.040966
1.038822
1.036357
1.033413
1.035329
1.022357
1.007789
0.9952836
1.006107
1.024278
1.034497
1.045847
1.035521
1.035164
1.051961
1.057751
1.049003
1.045833
1.052354
1.040521
1.049836
1.083363
1.100732
1.100292
1.096309
1.083117
1.061576
1.066528
1.07918
1.0832
1.091915
1.095419
1.098167
1.111349
1.121853
1.116244
1.109544
1.108237
1.103633
1.104023
1.096483
1.086783
1.10265
1.117845
1.108018
1.091403
1.078577
1.065408
1.054888
1.051578
1.037856
1.013597
1.020209
1.04042
1.041981
1.048098
1.056013
1.05828
1.062649
1.059644
1.042579
1.039696
1.052708
1.06479
1.066631
1.053352
1.067569
1.087069
1.085018
1.084005
1.098623
1.094802
1.08963
1.078286
1.026531
1.017122
1.036237
1.037523
1.03088
1.038189
1.06254
1.068822
1.061365
1.074637
1.091769
1.08981
1.069693
1.063246
1.08365
1.08326
1.082826
1.09435
1.103191
1.106706
1.093647
1.075458
1.073109
1.085925
1.093486
1.097755
1.102002
1.099532
1.093564
1.075012
1.053054
1.052099
1.054057
1.063587
1.079436
1.081036
1.074648
1.070953
1.068587
1.061359
1.052524
1.052525
1.046824
1.035202
1.049509
1.064894
1.076282
1.08641
1.073463
1.062918
1.047149
1.028477
1.042332
1.054704
1.054984
1.066515
1.077978
1.079477
1.085551
1.091397
1.093231
1.101859
1.102175
1.1073
1.095432
1.072688
1.085998
1.103788
1.115817
1.116366
1.10298
1.094155
1.091345
1.08252
1.073605
1.08211
1.089007
1.088048
1.087993
1.109212
1.12613
1.125698
1.138916
1.139093
1.129909
1.123367
1.098413
1.074967
1.075148
1.06684
1.055892
1.042071
1.020105
1.026739
1.040131
1.041757
1.03888
1.038776
1.024022
1.011407
1.019334
1.023532
1.033177
1.045384
1.070408
1.099197
1.102509
1.100192
1.098135
1.085413
1.084261
1.079705
1.06976
1.062007
1.041925
1.049012
1.053809
1.047161
1.058799
1.056801
1.055692
1.052605
1.049048
1.054221
1.057288
1.052359
1.04247
1.049486
1.050974
1.051459
1.066661
1.073317
1.064022
1.059102
1.073852
1.083675
1.081535
1.0893
1.094605
1.098323
1.098361
1.077778
1.059305
1.054001
1.048691
1.040289
1.039537
1.047563
1.051954
1.04649
1.043308
1.052165
1.060284
1.06825
1.075097
1.069212
1.053435
1.04913
1.054307
1.055876
1.04682
1.046395
1.057619
1.050421
1.054756
1.066891
1.069452
1.067755
1.067153
1.051333
1.032906
1.04285
1.05011
1.057996
1.069255
1.079375
1.082229
1.073997
1.057952
1.039885
1.040221
1.047395
1.061747
1.069405
1.061836
1.079598
1.114811
1.136334
1.14071
1.138557
1.126086
1.104285
1.101334
1.099125
1.084058
1.084384
1.084111
1.079987
1.099399
1.119262
1.121182
1.128996
1.123412
1.099216
1.094179
1.091696
1.076039
1.063562
1.044099
1.018604
1.022832
1.036756
1.051772
1.059982
1.05821
1.073387
1.083478
1.083604
1.078793
1.06261
1.043699
1.058556
1.08546
1.089064
1.078965
1.069021
1.079106
1.083126
1.06534
1.060568
1.075617
1.08008
1.079712
1.086222
1.074969
1.060501
1.072862
1.075779
1.070741
1.078042
1.065031
1.04741
1.052552
1.058579
1.058662
1.065846
1.063656
1.052941
1.061495
1.066717
1.067615
1.071352
1.063452
1.061358
1.056546
1.04482
1.03278
1.029549
1.047341
1.053546
1.046129
1.052669
1.072987
1.082183
1.080499
1.091118
1.092266
1.073219
1.059902
1.06603
1.079849
1.086516
1.08752
1.095142
1.097657
1.052512
1.018494
1.019163
1.012395
1.028457
1.03353
1.038468
1.059202
1.066734
1.0721
1.075899
1.063378
1.049166
1.056572
1.06142
1.054327
1.05807
1.058146
1.054215
1.070566
1.079914
1.085174
1.088537
1.082789
1.084692
1.09468
1.079265
1.055956
1.060795
1.065433
1.073725
1.079892
1.083188
1.092352
1.090997
1.093009
1.105042
1.090053
1.071472
1.078731
1.076013
1.069883
1.065394
1.051317
1.042531
1.038079
1.033273
1.035072
1.044376
1.044172
1.028664
1.03702
1.055349
1.056464
1.081218
1.101643
1.09795
1.103425
1.093582
1.091197
1.092402
1.0851
1.081822
1.050271
1.059994
1.107757
1.107414
1.089568
1.084835
1.071896
1.047124
1.050866
1.079803
1.09844
1.096103
1.089951
1.086253
1.076951
1.096938
1.117203
1.107491
1.09782
1.090073
1.088709
1.090884
1.084635
1.084492
1.09333
1.089512
1.090112
1.080149
1.063931
1.068148
1.075059
1.08618
1.090907
1.089342
1.084011
1.081985
1.083381
1.074129
1.054237
1.048937
1.066279
1.071192
1.067419
1.065126
1.053326
1.046777
1.043461
1.047027
1.047118
1.037736
1.050776
1.058109
1.059364
1.067935
1.067852
1.066194
1.064786
1.046447
1.035054
1.05696
1.07569
1.083507
1.09241
1.095007
1.095337
1.087452
1.06972
1.046533
1.037734
1.068138
1.092335
1.098263
1.098542
1.076273
1.06061
1.067934
1.082261
1.071942
1.022751
1.001507
1.026072
1.039135
1.054947
1.100063
1.121417
1.117426
1.110411
1.090377
1.084309
1.086921
1.083178
1.075285
1.05829
1.050059
1.070633
1.088377
1.083192
1.077147
1.059263
1.04691
1.056201
1.053412
1.052134
1.061437
1.058724
1.059482
1.061439
1.054725
1.059303
1.070353
1.085416
1.097501
1.093929
1.098501
1.108658
1.106927
1.097695
1.088708
1.079909
1.073754
1.077644
1.080889
1.075685
1.062946
1.063865
1.084393
1.099808
1.09931
1.097425
1.099228
1.084357
1.075715
1.089591
1.09188
1.08576
1.086302
1.082139
1.075118
1.065332
1.065241
1.085315
1.09839
1.089597
1.08149
1.091318
1.101961
1.104953
1.104802
1.095474
1.086262
1.088176
1.085948
1.085071
1.084995
1.083824
1.081205
1.070962
1.073188
1.084635
1.089887
1.085581
1.075322
1.094928
1.13498
1.130399
1.105026
1.086244
1.065252
1.063258
1.069056
1.069015
1.07338
1.0794
1.073569
1.069665
1.086265
1.100561
1.106758
1.109565
1.109845
1.113055
1.110429
1.093586
1.084185
1.0952
1.101967
1.09882
1.094242
1.08411
1.070131
1.071217
1.069096
1.052012
1.047173
1.056095
1.069064
1.079511
1.086555
1.085527
1.077671
1.081349
1.084584
1.085206
1.084906
1.080555
1.081549
1.076734
1.077582
1.085891
1.086862
1.086215
1.086843
1.079229
1.067236
1.068721
1.073689
1.076694
1.07436
1.061472
1.069951
1.08871
1.090877
1.094713
1.087535
1.076846
1.081379
1.086452
1.092858
1.097664
1.098383
1.096272
1.10189
1.105765
1.091686
1.093547
1.098552
1.091025
1.087858
1.078618
1.052079
1.02854
1.037244
1.0538
1.062305
1.070563
1.059532
1.042768
1.051638
1.063244
1.068168
1.063396
1.051263
1.052488
1.030288
1.010155
1.039641
1.057316
1.057926
1.073402
1.080372
1.078971
1.070992
1.060813
1.070477
1.080244
1.085565
1.085005
1.078833
1.085706
1.095011
1.099794
1.10438
1.105031
1.098835
1.093378
1.090704
1.083763
1.065582
1.057096
1.064952
1.069669
1.074748
1.070891
1.060812
1.071697
1.077228
1.071676
1.064218
1.056902
1.064558
1.07419
1.086326
1.085824
1.076046
1.078359
1.067885
1.052335
1.045349
1.03233
1.03237
1.037464
1.033774
1.025504
1.027278
1.045697
1.057646
1.063353
1.066363
1.059923
1.056064
1.053037
1.047608
1.056229
1.06606
1.070031
1.069391
1.063649
1.04606
1.038264
1.051648
1.057662
1.059597
1.063333
1.071168
1.065952
1.058715
1.078468
1.1006
1.106632
1.100893
1.090042
1.082358
1.08649
1.098493
1.101584
1.096474
1.093716
1.078811
1.07705
1.087364
1.108349
1.094232
0.9582193
0.9503209
1.089939
1.100878
1.069877
1.078556
1.080275
1.077409
1.081658
1.086319
1.085081
1.099133
1.077932
1.051446
1.031909
0.9993611
1.027808
1.036989
1.021622
1.018009
0.9919968
0.9782979
0.9789193
0.9743114
0.9604847
0.9579068
0.966926
0.97404
0.9820931
0.9852576
0.988388
0.984193
0.9724266
0.9643425
0.9614348
0.9621727
0.9610202
0.9642494
0.9574189
0.9531872
0.9570626
0.9561859
0.9500058
0.9315015
0.9241709
0.9239023
0.9184804
0.9232084
0.9247684
0.9284823
0.9378656
0.9344335
0.9346528
0.91071
0.8668214
0.8684528
0.8490525
0.8517779
0.886564
0.8389726
0.8180991
0.9098109
0.9083924
0.8544641
0.961956
1.022692
0.980715
0.9517056
0.9553038
0.9237799
0.9398199
0.973016
0.9409434
1.026314
0.9497748
0.8461799
0.9393726
0.9433926
0.9146357
0.9106216
0.9391418
0.9819412
0.9628905
0.9309305
0.9091343
0.9515009
1.000432
0.9217915
0.9476217
1.032409
0.9574616
0.8932382
0.9291247
0.9703911
0.9422767
0.9310347
0.9341861
0.9726077
1.008055
0.9726799
0.9884036
0.994989
0.9381442
0.8984675
0.9203918
0.938347
0.9548686
1.017456
1.054174
1.029167
0.941512
0.8871781
0.9251351
0.9673795
0.9835981
1.009687
0.9654374
0.9184602
0.9653909
0.9535333
0.9497435
0.9627313
0.9740771
0.9432395
0.8971053
0.9702792
0.9779262
0.9398067
0.9605589
0.9538836
0.975276
1.011844
0.9548104
0.9602341
0.9991682
1.014538
0.9818603
0.9615955
1.004125
0.9964538
0.9988549
0.9201586
0.9436175
1.003009
0.9286812
0.9114304
0.9132691
0.8987148
0.9429964
0.9451024
0.8853787
0.943126
1.021452
1.031799
1.025185
0.9681741
0.8931275
0.9090681
0.9453145
0.9778205
0.9410423
0.9106795
1.013409
0.9939503
0.9764145
0.9801569
0.9227084
0.9506687
0.9521256
0.963639
0.9585407
0.980651
1.000325
0.9691485
0.9776534
0.9094954
0.9178369
1.015165
0.9624755
0.8676274
0.880439
0.9491163
0.9769694
0.9594412
0.9673895
1.007385
1.009174
0.9720237
0.9264037
0.8938954
0.9341734
0.9357405
0.8970243
0.9558682
0.9718497
0.882456
0.9193607
0.9518281
0.9193531
0.9542206
0.9789262
0.9312662
0.8390656
0.8306805
0.8371407
0.8396175
0.8907623
0.9127832
0.914531
0.9250845
0.9028372
0.8924983
0.9089998
0.887489
0.8637914
0.8723317
0.8771524
0.8801734
0.8868911
0.8817975
0.8787276
0.8925284
0.8916678
0.8811125
0.900241
0.9194098
0.9043229
0.8822017
0.8949554
0.9012002
0.8718906
0.8620769
0.8955226
0.922159
0.9089531
0.897075
0.9184025
0.9424021
0.9366526
0.9033878
0.8974575
0.9252583
0.9217172
0.8926082
0.9010286
0.9339179
0.9559941
0.9546181
0.9325894
0.9347577
0.9558982
0.9484251
0.9401689
0.9803508
1.001075
0.9856858
0.9851179
0.9851409
0.9688813
0.9497984
0.9550957
0.9812076
1.004155
1.004049
0.9914267
0.9959032
0.9918683
0.9604716
0.9537987
0.982685
1.009626
1.002463
0.9909938
1.009739
1.019588
1.003328
0.9788927
0.9828879
1.001919
0.9922441
0.9792417
0.9830469
0.9821702
0.9973028
1.027852
1.022168
0.9956071
0.9976356
0.9912314
0.9782021
0.9620328
0.9255921
0.9289887
0.972685
1.005492
1.009267
1.026383
1.04514
1.0465
1.055686
1.056214
1.051312
1.06402
1.06993
1.04932
1.042931
1.043559
1.019326
1.009287
1.029269
1.024568
1.000555
1.005364
1.027552
1.047272
1.026646
1.014313
1.02965
1.061088
1.059711
1.100995
1.031617
0.9142779
1.002883
1.002582
1.04257
1.118129
1.055593
1.017235
1.062792
1.054493
1.033928
1.052818
1.047926
1.054545
1.033013
1.023723
1.039151
1.059493
1.057505
1.027544
1.023102
1.036094
1.049785
1.06891
1.069431
1.040074
1.018213
1.025586
1.048226
1.053084
1.044149
1.035666
1.011907
1.023224
1.059255
1.074021
1.08422
1.07331
1.04089
1.036914
1.042267
1.029655
1.025294
1.037506
1.050809
1.047078
1.044116
1.055169
1.059876
1.058429
1.052827
1.054707
1.060134
1.052663
1.042226
1.034132
1.0411
1.052093
1.060434
1.065717
1.049906
1.026689
1.02946
1.040236
1.046601
1.070401
1.068927
1.045417
1.0547
1.06197
1.051486
1.033238
1.009453
1.009356
1.025555
1.033682
1.038758
1.038207
1.027786
1.040683
1.05947
1.060503
1.065994
1.069275
1.071326
1.05962
1.028371
1.022297
1.032784
1.043119
1.058513
1.060433
1.044763
1.027916
1.041631
1.074884
1.090767
1.088685
1.086894
1.090049
1.091866
1.093164
1.095964
1.092216
1.085265
1.068184
1.044689
1.041591
1.053738
1.034633
0.9858643
0.9913681
1.013114
1.010871
1.025975
1.037836
1.047076
1.049269
1.041316
1.049839
1.052373
1.042057
1.035957
1.030048
1.047402
1.061839
1.069169
1.062328
1.002592
0.9603334
0.9490068
0.9309417
0.9030751
0.8961154
0.932243
0.970638
0.9871733
0.9906353
0.9811938
0.9753577
0.9869285
0.9921108
0.9878532
0.9820159
0.9805795
0.9854956
0.9937853
1.006389
0.9915378
0.9552747
0.9669767
0.9888453
0.9957532
1.029479
1.054353
1.058641
1.061181
1.055086
1.044134
1.048235
1.050168
1.042406
1.036182
1.022436
1.010094
1.008511
1.007996
1.00079
1.005704
1.014178
1.010675
1.018688
1.026979
1.025301
1.030102
1.033328
1.042914
1.050649
1.047655
1.040613
1.021886
1.005906
1.003764
1.020566
1.034836
1.027479
1.024688
1.021056
1.007111
1.013912
1.032287
1.038198
1.042105
1.034363
1.026116
1.040828
1.047365
1.048916
1.05755
1.060369
1.063773
1.062601
1.054269
1.041381
1.023436
1.002424
0.990697
0.9982138
1.008129
1.001816
0.9672576
0.9382554
0.9573044
0.9660477
0.9633972
0.9969834
1.019464
1.025336
1.033059
1.033809
1.03653
1.041351
1.02783
1.006124
1.001751
1.008553
1.021826
1.019106
1.00585
1.006682
1.011173
1.017127
1.016922
1.015947
1.02639
1.033972
1.03609
1.03557
1.039208
1.046386
1.04401
1.047179
1.039485
1.016206
1.018839
1.026664
1.034874
1.053711
1.049244
1.03474
1.04264
1.044324
1.033379
1.020739
1.00703
1.013311
1.017084
1.01601
1.024954
1.030751
1.039899
1.055089
1.062055
1.045297
1.024976
1.026006
1.020302
1.012131
1.014556
1.025676
1.057252
1.07652
1.072219
1.073646
1.071065
1.059249
1.065326
1.071063
1.057511
1.05509
1.060094
1.061325
1.055513
1.045171
1.043008
1.037455
1.036576
1.030885
1.026827
1.039196
1.048453
1.047859
1.044543
1.042154
1.040195
1.039599
1.031851
1.014707
1.0067
1.012334
1.006413
1.006472
1.01672
1.027103
1.025844
1.015219
1.013676
1.002402
0.9982755
1.006334
0.9994832
1.005006
1.031744
1.048912
1.076889
1.067034
