0.6545558
0.6478969
0.6562336
0.6556995
0.6587454
0.6584577
0.6594771
0.6617169
0.6641046
0.6660244
0.6667171
0.666439
0.6630797
0.6537738
0.6465974
0.6412214
0.6460356
0.6495725
0.6449589
0.6505914
0.6491069
0.6493804
0.655779
0.66093
0.6753384
0.6815252
0.6864813
0.6892849
0.6773979
0.6771478
0.6896531
0.6981196
0.6959889
0.699498
0.7119603
0.7078297
0.708933
0.7159262
0.709833
0.7033685
0.6930199
0.6859365
0.6813732
0.679613
0.6874098
0.6821936
0.6817018
0.6981962
0.7104592
0.7161966
0.7165828
0.7266612
0.7382549
0.7397644
0.7490358
0.7626194
0.7745511
0.779546
0.7843351
0.7965699
0.80402
0.8102627
0.8097405
0.8003166
0.797303
0.8007604
0.8086433
0.8158854
0.8180499
0.8177552
0.8185554
0.8123998
0.794394
0.7779803
0.768363
0.7638306
0.7690001
0.7819954
0.7905391
0.7910817
0.7823147
0.7777305
0.7709973
0.7609219
0.7579039
0.7441354
0.7219352
0.7078511
0.7067314
0.7101671
0.7162097
0.7269047
0.744734
0.7581626
0.7552115
0.7378981
0.7143321
0.6982251
0.6867016
0.6899291
0.7147165
0.7530703
0.7899918
0.8079435
0.8082594
0.7951169
0.7825697
0.7741829
0.7672142
0.7648777
0.7630882
0.7530781
0.7315384
0.7243615
0.7356926
0.7405722
0.7440108
0.747401
0.7333454
0.7222172
0.7280061
0.7315317
0.7282075
0.7127752
0.7050566
0.7138554
0.7188287
0.7234501
0.707052
0.680359
0.6788934
0.689085
0.7011326
0.7069969
0.6994585
0.6943417
0.6944049
0.6982475
0.6976293
0.6863707
0.6891068
0.6947194
0.6993508
0.7024133
0.6935652
0.6911338
0.6970482
0.7027469
0.695043
0.6837928
0.6812956
0.6853027
0.6901922
0.6763337
0.6676911
0.6760825
0.6762787
0.6696382
0.6601435
0.6555973
0.6617964
0.6655519
0.6567769
0.6489997
0.6512861
0.6534109
0.6581701
0.6621685
0.6598232
0.6638588
0.6685258
0.6708412
0.6693945
0.6594752
0.657493
0.6622503
0.6670062
0.6661443
0.6601651
0.664628
0.6752267
0.6892836
0.6920098
0.6835118
0.6883774
0.6982634
0.7092075
0.7102793
0.7011577
0.7047473
0.706113
0.7047373
0.7034185
0.6968741
0.6976009
0.6978763
0.6942326
0.6839584
0.6805783
0.6880282
0.6964699
0.7028102
0.696583
0.703401
0.7196059
0.7275109
0.7376033
0.7349355
0.72473
0.7302664
0.7379654
0.7324026
0.7183311
0.7106051
0.7225337
0.7387838
0.7504107
0.7523747
0.7426007
0.7435566
0.7464954
0.7505729
0.7543245
0.7465626
0.744111
0.7512254
0.7629219
0.7626693
0.7515973
0.7501524
0.7569701
0.7605674
0.7549191
0.7473967
0.7503987
0.7616799
0.7587401
0.7390741
0.7380832
0.7456644
0.7480383
0.7480049
0.7345332
0.7343295
0.7460686
0.7485565
0.7384933
0.7306962
0.732084
0.7364502
0.7432751
0.7343351
0.7339586
0.7460655
0.7478171
0.7436784
0.73986
0.7478482
0.7509252
0.7498647
0.7393471
0.7216871
0.7266692
0.7342489
0.7597222
0.7774937
0.7561623
0.7519937
0.769096
0.7857691
0.7855863
0.7794273
0.7500476
0.6818973
0.692814
0.7815268
0.8065069
0.797915
0.7952933
0.7701172
0.7712497
0.7992163
0.809445
0.8020312
0.7832977
0.7889477
0.7914774
0.7706294
0.7670912
0.7530827
0.7498846
0.7639731
0.7770639
0.7921051
0.7831977
0.7700521
0.7644997
0.7589486
0.7614535
0.758576
0.7452961
0.7496984
0.7632756
0.7633218
0.7574567
0.7372507
0.7226316
0.7241944
0.7315961
0.734096
0.7249863
0.7304722
0.7483807
0.7612326
0.7540377
0.7265495
0.7144923
0.7181219
0.7245604
0.7284928
0.7179231
0.7199958
0.7310316
0.743044
0.7447972
0.7295688
0.7285671
0.7339735
0.7272
0.7105877
0.6924651
0.6823248
0.6830303
0.6802462
0.6841873
0.6995892
0.7157103
0.7286548
0.7375528
0.7417425
0.7359034
0.7405586
0.7471877
0.742915
0.7401405
0.7311475
0.7170228
0.7206848
0.7268745
0.7235631
0.7244415
0.7199912
0.7189343
0.7237614
0.7318916
0.7449787
0.7458626
0.7272363
0.7164975
0.7180683
0.7204518
0.7319952
0.7368519
0.7289544
0.731323
0.7400733
0.7462597
0.7591109
0.7647579
0.7580712
0.746594
0.7425227
0.7472942
0.747396
0.750199
0.7577022
0.7486487
0.7478745
0.763314
0.7650508
0.7665604
0.7622098
0.7602751
0.7649363
0.7508758
0.7362528
0.7249715
0.7115816
0.7112431
0.7187616
0.7217561
0.7101889
0.7078392
0.7140348
0.7133665
0.7077049
0.6988907
0.7017455
0.7035023
0.7018947
0.6962859
0.6893985
0.680729
0.6732716
0.6880784
0.7081247
0.7153148
0.7132707
0.7088979
0.7072178
0.7012096
0.692028
0.6972557
0.7002218
0.6910155
0.690684
0.6940016
0.6906037
0.6845059
0.6862079
0.6948063
0.7143333
0.7413141
0.7478836
0.7382031
0.7343225
0.741298
0.7458227
0.7332516
0.7262634
0.7315137
0.7255224
0.7283751
0.7306683
0.7232645
0.7269761
0.7151421
0.7004365
0.6871328
0.6676449
0.6665155
0.6776152
0.6870818
0.6973007
0.7005846
0.6923097
0.69383
0.7117629
0.7251659
0.7545975
0.7601144
0.7309291
0.7477192
0.7617614
0.7623362
0.7669977
0.7481908
0.7262946
0.7209694
0.7247252
0.7274738
0.7437559
0.7477133
0.7328283
0.7354816
0.7404532
0.746752
0.7485696
0.7355415
0.7312721
0.7414383
0.7597067
0.7613983
0.7523644
0.7573532
0.7585262
0.7595819
0.7569172
0.7333802
0.7405659
0.7407486
0.7733605
0.7428683
0.6991141
0.7232985
0.6173507
0.573814
0.6381625
0.6634981
0.6766726
0.7371257
0.7432424
0.7035538
0.703874
0.6980496
0.6886493
0.6741092
0.6769693
0.6743765
0.6510934
0.6363369
0.6323721
0.6289792
0.6200891
0.6096826
0.6062859
0.6027288
0.6015027
0.5980286
0.603371
0.6148805
0.6101538
0.6013851
0.5998384
0.5978963
0.5941818
0.5930082
0.5906797
0.5942556
0.6000425
0.6000492
0.606544
0.6050157
0.5955909
0.5913498
0.5888985
0.5880192
0.5814639
0.5683619
0.5558775
0.5528852
0.5504062
0.5438745
0.5390222
0.5396609
0.5406981
0.5341412
0.532543
0.5374607
0.536964
0.531038
0.529414
0.5304105
0.5306891
0.5267678
0.5250028
0.5310514
0.533516
0.5303189
0.5256957
0.5269056
0.5296558
0.5294732
0.5271744
0.5229776
0.519999
0.5181428
0.5223561
0.5249769
0.5198747
0.5153328
0.5148928
0.5160503
0.5181009
0.5185823
0.5153416
0.5105732
0.5110676
0.5157319
0.5148871
0.5145473
0.5128779
0.5106365
0.5100208
0.5126662
0.5190404
0.5196438
0.5218403
0.522515
0.5208866
0.5220013
0.5253461
0.5327332
0.5334872
0.5287083
0.524116
0.5212411
0.5206422
0.5160534
0.5145799
0.5172211
0.5199915
0.5216819
0.5247949
0.526589
0.5223948
0.5209071
0.522071
0.5229175
0.523015
0.5252814
0.5251712
0.5220592
0.5186824
0.516726
0.5193492
0.5226469
0.5252876
0.5266421
0.5262431
0.5247568
0.5232399
0.521768
0.5213335
0.5216435
0.5201936
0.5134057
0.5103936
0.5123294
0.5161462
0.5204273
0.5160893
0.5147061
0.5168733
0.517371
0.5150914
0.5124029
0.5168568
0.5219512
0.5239098
0.5229177
0.5222937
0.5214744
0.5207697
0.5177408
0.513635
0.5156336
0.5170346
0.5182808
0.5171532
0.5108684
0.5096443
0.5111289
0.5086829
0.507655
0.5070518
0.5050987
0.5060582
0.5045214
0.5006528
0.4983368
0.4967505
0.4962799
0.4990296
0.5005288
0.495191
0.4934711
0.4974706
0.4993656
0.4996257
0.4993238
0.498692
0.4972016
0.4959276
0.4949773
0.4952465
0.4966494
0.4940301
0.4923943
0.4934674
0.4935684
0.4933636
0.4937689
0.4952077
0.4934815
0.4929561
0.4937451
0.49232
0.4894638
0.4878874
0.4912866
0.488932
0.4857636
0.4881246
0.4876923
0.487518
0.4894993
0.4914838
0.4935408
0.4931793
0.4908978
0.4901913
0.4886293
0.4887251
0.4934044
0.4951571
0.4928531
0.487852
0.4846308
0.4875329
0.4880519
0.4905749
0.4882909
0.48247
0.4834915
0.482315
0.483084
0.4834774
0.4817358
0.4811757
0.4798298
0.475891
0.4735578
0.4720843
0.4758241
0.4702883
0.4813518
0.458419
0.4962222
0.5865985
0.4952152
0.4631445
0.4662047
0.4929463
0.5770014
0.4900982
0.5805354
0.6557301
0.5008417
0.4389913
0.5046356
0.5836012
0.4987861
0.4523342
0.4792961
0.4669207
0.4694343
0.4688875
0.4688437
0.4683808
0.4718051
0.4682747
0.4668698
0.4660471
0.4672499
0.4684532
0.4687478
0.4645802
0.5191056
0.6247749
0.5747718
0.4782647
0.5440368
0.5906763
0.5553725
0.5713493
0.5611282
0.5412103
0.6265467
0.606516
0.5633304
0.6443871
0.6251187
0.5921938
0.6365044
0.6447429
0.6367954
0.6342455
0.624469
0.5980565
0.5892769
0.5759525
0.5806715
0.5708068
0.4839814
0.4594424
0.4821184
0.4919664
0.4740137
0.463826
0.4778953
0.4656001
0.4673917
0.4730217
0.4651382
0.468935
0.4741405
0.4775995
0.4862035
0.484953
0.4827946
0.4849089
0.4851946
0.4868461
0.4869497
0.4861601
0.4768283
0.4783267
0.5007247
0.4885769
0.4794394
0.4940516
0.4827182
0.4782352
0.4794086
0.4809907
0.4826144
0.4859627
0.4995402
0.4995215
0.4982887
0.5047092
0.5113122
0.5154009
0.5210508
0.5298276
0.5404935
0.5411262
0.5288962
0.5216027
0.5160861
0.5168926
0.5192974
0.513664
0.503943
0.5067752
0.5307373
0.5223331
0.5146752
0.5375387
0.5423406
0.535557
0.5318726
0.5343481
0.5285586
0.5314513
0.54127
0.5442911
0.5516006
0.5551061
0.5391305
0.5303974
0.5433657
0.5412822
0.5390548
0.5421726
0.5489908
0.545788
0.5401793
0.5494213
0.5422448
0.5373277
0.5454796
0.5570769
0.5683302
0.5691624
0.5748584
0.5722433
0.5562418
0.5324508
0.5413028
0.5577448
0.5406689
0.5630868
0.5772902
0.5935498
0.5816359
0.5545799
0.5797143
0.5871199
0.5660384
0.5649098
0.578719
0.5602438
0.5943439
0.5810666
0.5630193
0.5817808
0.5601553
0.5970911
0.5933703
0.5477443
0.5815242
0.587245
0.5628013
0.6052103
0.5997215
0.5809439
0.6116108
0.5869986
0.5802813
0.5935486
0.5853558
0.6169391
0.6297882
0.596627
0.5908487
0.6092258
0.591934
0.6442554
0.6216444
0.5827352
0.6378071
0.6065351
0.5997029
0.6120878
0.6117815
0.6158063
0.6274054
0.5969422
0.5857441
0.598051
0.5922412
0.5987692
0.591795
0.5879737
0.5764439
0.5830537
0.5927776
0.5934339
0.5843235
0.6106614
0.555779
0.5544326
0.5723942
0.5885928
0.6054944
0.5721095
0.5818383
0.5699296
0.5818145
0.5777585
0.5870808
0.5859793
0.576026
0.5737827
0.5881637
0.5760978
0.5948995
0.5526588
0.5633736
0.6048407
0.5698759
0.5857776
0.5836673
0.5841629
0.5761037
0.5910594
0.5766806
0.5972713
0.5607471
0.5689572
0.5963652
0.5707104
0.587718
0.5791538
0.581082
0.5748172
0.5816682
0.5799407
0.5795965
0.5799389
0.5772005
0.5802736
0.5888314
0.5824908
0.5828995
0.5636331
0.5940831
0.6051549
0.5909372
0.5993611
0.5603308
0.5678966
0.5636265
0.5845055
0.6098321
0.5554112
0.5494629
0.5693952
0.5495469
0.5607939
0.5964415
0.5898656
0.590599
0.6065421
0.6267691
0.6211959
0.6046843
0.6130633
0.5753198
0.5741593
0.5834668
0.5806243
0.5671635
0.5865125
0.6080416
0.5500042
0.5377874
0.5600623
0.5910028
0.5827996
0.5732566
0.5826907
0.5968622
0.5836992
0.556229
0.5936987
0.5822044
0.5731502
0.6014375
0.6076436
0.6132075
0.605545
0.6178058
0.5985122
0.5679838
0.6202623
0.5986955
0.5494217
0.5742884
0.5721505
0.5749297
0.5668429
0.5862914
0.6402138
0.6350423
0.6363898
0.634876
0.6227363
0.6319004
0.645982
0.6489638
0.6398092
0.6382162
0.6423646
0.6493547
0.6514045
0.6527633
0.6451183
0.6369443
0.6379638
0.6436175
0.6565721
0.661378
0.6521949
0.641022
0.640931
0.6500928
0.6610756
0.6683663
0.6650747
0.6502687
0.6487955
0.6616533
0.6659993
0.6703485
0.6798474
0.6799665
0.663465
0.6683627
0.6850547
0.6858495
0.6906715
0.6891365
0.6780469
0.6824001
0.6905542
0.6917578
0.6895725
0.6825909
0.6930914
0.7031831
0.7023935
0.6931358
0.6832708
0.681139
0.6895659
0.7077604
0.6957215
0.68381
0.6906366
0.6968522
0.7026107
0.6944577
0.689848
0.7004526
0.7090332
0.7129932
0.7013311
0.6904243
0.7044528
0.7131022
0.7123503
0.7010876
0.6994954
0.6968056
0.7050474
0.6672379
0.6361908
0.7049136
0.6957605
0.6776162
0.6869031
0.6742626
0.6761001
0.6841981
0.7037085
0.7043979
0.6965997
0.6861197
0.6862849
0.6963565
0.6992437
0.6954508
0.6918778
0.6955594
0.6967392
0.6811968
0.6703645
0.6757906
0.6888613
0.7014343
0.6997668
0.6924341
0.6909862
0.6985442
0.7103767
0.7171704
0.7120217
0.7023038
0.6990534
0.7067444
0.7111063
0.7094027
0.7058983
0.7017308
0.7077116
0.7082741
0.708729
0.7048058
0.6928068
0.6973242
0.7070998
0.7141929
0.6958265
0.676
0.6841243
0.6939286
0.702934
0.7066443
0.701883
0.7009989
0.6967655
0.7036432
0.6651593
0.6315533
0.6882697
0.68117
0.6610116
0.6709881
0.658657
0.6478598
0.6410437
0.6575109
0.6716932
0.6749491
0.6795507
0.6895157
0.6960563
0.6922828
0.6805364
0.6742174
0.6758704
0.676985
0.6815208
0.6893177
0.6867496
0.6819473
0.6818528
0.6891249
0.6991927
0.7005726
0.7061001
0.6988817
0.6899564
0.6946426
0.6919829
0.6893997
0.6872651
0.687299
0.6927038
0.6994332
0.693045
0.6786294
0.6815237
0.6899021
0.688656
0.6822402
0.6781044
0.68021
0.6780224
0.6701444
0.6649747
0.6509738
0.6449162
0.6492957
0.6422906
0.6351041
0.6330424
0.6363814
0.6391329
0.639054
0.6387335
0.6463129
0.6569651
0.6543571
0.6523883
0.6565093
0.6583527
0.664209
0.6635405
0.6559828
0.6596825
0.6636842
0.6657442
0.6633581
0.6604887
0.659906
0.6530354
0.6504785
0.6457817
0.6442973
0.6481916
0.647875
0.6492354
0.648425
0.644596
0.6436918
0.6508741
0.6575014
0.6574142
0.6510025
0.6456976
0.6495713
0.6497721
0.647638
0.6493588
0.6427668
0.6372178
0.6418752
0.6448548
0.6473658
0.6482408
0.6480388
0.6465452
0.6470854
0.6505977
0.650319
0.6430235
0.6345049
0.6360268
0.6385469
0.6375031
0.6353273
0.6350418
0.6379235
0.6422654
0.6431843
0.6376889
0.634703
0.6352815
0.6379552
0.6419474
0.6439389
0.6361413
0.6265937
0.6266895
0.6304101
0.6334147
0.6323287
0.6308909
0.6299411
0.6348448
0.6437966
0.6491859
0.6436816
0.6362471
0.6388878
0.6397942
0.6460931
0.6519757
0.6456686
0.6419615
0.6484888
0.6584203
0.660882
0.6549271
0.6526523
0.6575226
0.6622917
0.6679922
0.6737275
0.665029
0.6573189
0.6660713
0.6700328
0.6682574
0.6698029
0.6632855
0.6543733
0.6560901
0.660758
0.664272
0.6587434
0.6487722
0.6465279
0.651985
0.6608632
0.6658811
0.6613685
0.6529718
0.6592355
0.6644459
0.659836
0.6604317
0.6557426
0.6477325
0.648745
0.6520159
0.6529795
0.6529166
0.6487545
0.6479265
0.6530175
0.6557942
0.6572551
0.654221
0.6524346
0.6542948
0.6559547
0.6600532
0.6594416
0.6479108
0.6434871
0.6491834
0.6495874
0.6473646
0.6334491
0.6208794
0.6177934
0.6156314
0.6095277
0.6133624
0.6334649
0.6347179
0.6316424
0.6413464
0.6472651
0.647526
0.6431985
0.6435736
0.6469738
0.6504912
0.6506938
0.6455574
0.6535806
0.6623615
0.6639357
0.6624434
0.6556141
0.6527467
0.6498941
0.6508693
0.6513111
0.6414175
0.6374831
0.6403325
0.6484032
0.6501986
0.6432796
0.6485267
0.6525364
0.649675
0.6482669
0.6456652
0.6423248
0.642004
0.6461375
0.6507742
0.6485946
0.6392838
0.6398842
0.6432386
0.6410538
0.6453367
0.649232
0.6509717
0.6561919
0.6627898
0.6647375
0.6667411
0.6676664
0.6689655
0.6782451
0.6830745
0.6864526
0.6833344
0.6764847
0.6730576
0.6626648
0.650417
0.6363044
0.6275388
0.625308
0.6272901
0.629093
0.628244
0.6207136
0.6111099
0.614431
0.631477
0.65198
0.6580379
0.6672803
0.6741512
0.6747558
0.6753345
0.6654731
0.6657943
0.6703894
0.6710068
0.6760658
0.6808305
0.6863531
0.6880604
0.6894976
0.6942997
0.6955254
0.6910474
0.6807673
0.6726458
0.6683443
0.6669752
0.6668351
0.6663145
0.6744498
0.6816916
0.6780143
0.6832174
0.6919204
0.6853268
0.6783897
0.6719459
0.66798
0.6719297
0.6728398
0.6699943
0.6660563
0.6685748
0.679703
0.6865691
0.6819457
0.675329
0.667241
0.6625474
0.662114
0.665643
0.6674145
0.6606242
0.6543965
0.6463955
0.64557
0.6455494
0.6330095
0.6237813
0.6278296
0.6393483
0.6459554
0.6382276
0.6428983
0.6636762
0.6724858
0.6657064
0.6635941
0.6823037
0.7030093
0.7024307
0.6809193
0.6631229
0.6593114
0.6641697
0.6671511
0.6694568
0.6630115
0.6498065
0.6520012
0.6586626
0.6578886
0.6542588
0.6539438
0.6549981
0.6560609
0.6512613
0.6441752
0.6385416
0.6327219
0.6337361
0.6348125
0.6311372
0.6246122
0.6131133
0.6033439
0.5965088
0.5907524
0.5894574
0.590589
0.5969127
0.6036268
0.6097738
0.6135784
0.6080882
0.6033215
0.6027071
0.6000485
0.5915827
0.587219
0.5863479
0.5805667
0.5744871
0.5684651
0.5681893
0.568185
0.5774157
0.5982038
0.6035461
0.6008561
0.6021638
0.5982668
0.6077111
0.5938506
0.577304
0.6007651
0.60068
0.5830194
0.5686261
0.5726754
0.5748223
0.5721738
0.5732202
0.5710457
0.5798472
0.5747977
0.5695349
0.5764143
0.5825589
0.5873222
0.5928808
0.6000906
0.6046592
0.6018076
0.5908721
0.5860987
0.5820019
0.5723064
0.571303
0.5722988
0.5686043
0.5677974
0.5667785
0.5645141
0.5644226
0.5657951
0.5669658
0.5682895
0.5750267
0.5794083
0.585318
0.5987499
0.6099462
0.6157929
0.6180936
0.6166217
0.6134876
0.6059368
0.5930785
0.5888134
0.5954451
0.6045583
0.6044664
0.5944624
0.5879806
0.5827035
0.5765162
0.5702564
0.567322
0.5640655
0.560516
0.558013
0.5543338
0.554752
0.5473351
0.5428918
0.5400505
0.5369834
0.5429349
0.5502956
0.5608064
0.575537
0.590102
0.6030928
0.6022523
0.6282344
0.6028567
0.6169205
0.7056454
0.6414535
0.6054787
0.6187927
0.6073189
0.6257237
0.6297115
0.6338713
0.6263082
0.622957
0.6309784
0.629034
0.6269376
0.6329466
0.6369583
0.6366843
0.6355861
0.6318668
0.6276251
0.6306501
0.6318858
0.6313961
0.6280169
0.6290341
0.6343708
0.6358132
0.6392091
0.6405519
0.6416626
0.6398101
0.6365708
0.6307788
0.6215038
0.6155658
0.6115696
0.6184424
0.6266907
0.6318501
0.63768
0.6359968
0.6399181
0.6430876
0.639157
0.6401143
0.6405604
0.6340282
0.6251338
0.6201132
0.6201766
0.6205683
0.6206545
0.6211678
0.6186946
0.6198233
0.6228604
0.6220498
0.6232527
0.6210896
0.6185259
0.6214365
0.6201589
0.6204067
0.6210718
0.6214158
0.6299626
0.6353226
0.6370039
0.6431399
0.644178
0.6410658
0.6376592
0.6313045
0.6247061
0.6250122
0.6308538
0.6362311
0.6450471
0.6491805
0.6491527
0.6551502
0.6504136
0.6471814
0.6543184
0.6499693
0.6446395
0.6409218
0.6375537
0.6372995
0.636824
0.6348995
0.6356604
0.6368219
0.6287175
0.6151682
0.6019847
0.5978139
0.5989475
0.5947258
0.5894943
0.5854062
0.5873276
0.59561
0.5966921
0.595797
0.5958098
0.5933192
0.5927552
0.5921679
0.5975379
0.6049745
0.605817
0.6041238
0.604113
0.605833
0.6038278
0.6048287
0.6110677
0.6136497
0.61109
0.6081279
0.6124201
0.6159515
0.6230538
0.6321515
0.6338634
0.6339501
0.6443223
0.6342466
0.6018255
0.6115521
0.6288719
0.6277579
0.6277266
0.628918
0.6371843
0.6479805
0.6521557
0.6478083
0.6499084
0.6557722
0.6525923
0.6534717
0.662304
0.6641867
0.6663525
0.6602336
0.656424
0.6652525
0.6651254
0.6610833
0.6566686
0.6503818
0.6502138
0.6546798
0.6538696
0.6536426
0.6561319
0.6602674
0.6654432
0.6664009
0.6666838
0.6650268
0.6677222
0.6683059
0.6619314
0.6580997
0.6560582
0.6593467
0.6599668
0.6640895
0.6633397
0.6599526
0.6713119
0.6768042
0.6697556
0.6593277
0.6597326
0.6658054
0.6671582
0.6655674
0.6647932
0.6638258
0.6591653
0.6548835
0.6444144
0.6365642
0.629545
0.6178525
0.6157639
0.6113771
0.6030678
0.6011636
0.6007639
0.5980659
0.592837
0.591691
0.5863366
0.5828309
0.5946158
0.6081189
0.6188542
0.6224153
0.6241191
0.6264083
0.6246354
0.6189027
0.6124869
0.6061295
0.6003109
0.5964561
0.5961518
0.6029948
0.6031527
0.6015095
0.6031778
0.5995788
0.5978635
0.6001127
0.5962676
0.5923437
0.5857647
0.5891824
0.5839583
0.5677404
0.5772802
0.5732686
0.5613477
0.5735867
0.5854379
0.5796782
0.5820658
0.5908672
0.5924361
0.5909365
0.5874847
0.5908096
0.59275
0.5790379
0.5696284
0.573061
0.5829289
0.5987048
0.5956761
0.5918597
0.598733
0.6012103
0.6038653
0.6082408
0.6081853
0.6073012
0.6106603
0.6133024
0.6201822
0.6240111
0.6210822
0.6233758
0.6273427
0.634249
0.6400417
0.6344675
0.6268025
0.6233748
0.6227431
0.6232603
0.6259675
0.6332922
0.6437822
0.6485379
0.653124
0.6627457
0.6679145
0.6645215
0.6543242
0.6449131
0.6392448
0.6436621
0.6473546
0.6405171
0.6403113
0.6409495
0.6395776
0.6412127
0.6396604
0.6351546
0.6355475
0.6446723
0.6463184
0.6353603
0.6283811
0.630878
0.6361567
0.6474429
0.6612205
0.6673038
0.6653202
0.6619046
0.6589157
0.66413
0.6698808
0.6638662
0.6651582
0.673569
0.6783172
0.6850011
0.6972704
0.7072124
0.7039061
0.6931936
0.6927958
0.6977835
0.6936773
0.6887783
0.6826346
0.6904233
0.6952009
0.6823095
0.6803324
0.6757507
0.6834642
0.693574
0.7067071
0.7155599
0.6816594
0.6548721
0.6532534
0.6549736
0.6534578
0.6476585
0.6467404
0.6514553
0.6597242
0.6625183
0.6551683
0.6515378
0.6488563
0.6468174
0.6455951
0.6361212
0.6316954
0.6286319
0.6294508
0.6271357
0.6141515
0.6127882
0.6134901
0.6142363
0.6161619
0.6095373
0.6005099
0.5959105
0.5917115
0.5955111
0.6070875
0.6093285
0.6022743
0.5951115
0.5952764
0.5886151
0.5836751
0.5880143
0.5833453
0.5793681
0.5815709
0.5823386
0.583828
0.5872045
0.5907844
0.5964465
0.607938
0.6252969
0.6368559
0.6412332
0.6512759
0.6623209
0.6641046
0.6587124
0.6557246
0.6506145
0.6438744
0.6399321
0.6307033
0.6261554
0.639919
0.6518088
0.6455472
0.6424287
0.6552815
0.6635212
0.6593677
0.658042
0.6531744
0.650881
0.6446477
0.6366358
0.6470232
0.6550708
0.6538576
0.6532813
0.6570371
0.6561549
0.652344
0.6492308
0.6473215
0.6495646
0.6470467
0.6432019
0.6451625
0.6553408
0.6662311
0.6716158
0.6753647
0.6786007
0.6735602
0.6648965
0.6589318
0.6543901
0.6592842
0.6606712
0.6534662
0.6486483
0.6252786
0.6610368
0.6734218
0.6096875
0.6406881
0.6642746
0.651974
0.6587962
0.6564675
0.6665826
0.6819186
0.6942647
0.6908927
0.6757022
0.6663156
0.67117
0.6864445
0.6941411
0.6866724
0.6873771
0.6931037
0.6883044
0.6799078
0.6808678
0.6846551
0.6799226
0.6788904
0.6895287
0.7011566
0.7154382
0.7154618
0.7011219
0.691827
0.6833058
0.6879515
0.6905779
0.6783213
0.6657458
0.6699597
0.6799441
0.6980048
0.7193981
0.7088241
0.7035088
0.6925639
0.6667988
0.6508777
0.6310313
0.6222252
0.6235923
0.6211925
0.6201678
0.629573
0.64536
0.6550649
0.6566534
0.6609101
0.6711591
0.6728703
0.6673353
0.6781894
0.6926686
0.6885053
0.6843183
0.6876521
0.6925418
0.6905364
0.6682435
0.6459795
0.6394596
0.6398286
0.6454362
0.6490931
0.6467436
0.6589572
0.6858966
0.703236
0.7083395
0.7052165
0.7033614
0.7032441
0.6964449
0.6898921
0.687176
0.6814368
0.6726261
0.6677236
0.6640572
0.660135
0.6623172
0.6664348
0.6663717
0.6758266
0.684939
0.682026
0.681233
0.6816342
0.6825533
0.6843521
0.6868124
0.6856396
0.6838425
0.6849858
0.6929008
0.6990235
0.6916248
0.6959663
0.7060486
0.7069692
0.7180898
0.7332809
0.7438616
0.7427629
0.7192459
0.7013374
0.7009266
0.7008441
0.6958687
0.6925985
0.7011862
0.7089413
0.7024245
0.6995994
0.6974477
0.6955298
0.7024229
0.7007166
0.6980417
0.6907081
0.6813258
0.6794308
0.6811993
0.6876665
0.6877988
0.6854768
0.6854946
0.6888906
0.6927758
0.6954277
0.695049
0.6910972
0.6945371
0.692221
0.6799722
0.6700837
0.666529
0.6695527
0.6622783
0.6504052
0.6479004
0.6503131
0.6602698
0.6723741
0.6850415
0.6941693
0.6969499
0.7100169
0.7095918
0.707638
0.7151293
0.71198
0.7223366
0.7233617
0.7059986
0.6886416
0.6706513
0.669873
0.6853152
0.7004658
0.7146512
0.7315144
0.743841
0.7423442
0.735954
0.7208252
0.7131862
0.725957
0.7288577
0.7223325
0.7210286
0.7285411
0.7291615
0.7245874
0.7330388
0.7368446
0.7268109
0.722095
0.7169543
0.7041918
0.6983978
0.7087133
0.719193
0.7176293
0.7154874
0.7066937
0.703742
0.7075343
0.7022289
0.6914276
0.6854221
0.6875912
0.6893525
0.6962456
0.7020404
0.7009464
0.7101544
0.7164359
0.7218861
0.7323179
0.7122591
0.6820972
0.6738613
0.6662457
0.6519411
0.6468441
0.6402081
0.6259332
0.6164293
0.6094778
0.6015076
0.5890313
0.5864774
0.5873787
0.5742879
0.5699717
0.5758442
0.5768232
0.5841831
0.5918423
0.5812003
0.5763709
0.5799452
0.5781744
0.5800959
0.5838247
0.5872194
0.592987
0.5932226
0.5935807
0.5991681
0.5972955
0.5952193
0.5943983
0.5895599
0.5889257
0.594214
0.5985454
0.5970837
0.5963657
0.5984844
0.6006728
0.6020883
0.5964007
0.5889211
0.5840303
0.5778859
0.5733699
0.57279
0.5720313
0.5711326
0.5674049
0.5652206
0.566522
0.5666071
0.5718034
0.5734067
0.570955
0.5731767
0.5712542
0.5648409
0.5636113
0.5674741
0.5714527
0.5678166
0.5638827
0.5649455
0.5628979
0.5590708
0.5526909
0.5521654
0.5542543
0.5507338
0.5506398
0.5521567
0.5529729
0.5527924
0.5501863
0.5501011
0.5517998
0.5521578
0.5518101
0.5523116
0.5547737
0.5560119
0.556079
0.558029
0.5598493
0.5612254
0.5638295
0.560488
0.5605544
0.5682038
0.5637614
0.5570319
0.5591041
0.5595928
0.5585484
0.5595236
0.5615112
0.5645667
0.5650879
0.5618619
0.5592536
0.5566293
0.5567808
0.5612666
0.5667962
0.5788274
0.5893944
0.5847811
0.5722024
0.5676628
0.5724574
0.5707344
0.5668452
0.5770647
0.5914671
0.58142
0.5616684
0.5590523
0.5550842
0.5518574
0.5537403
0.5478402
0.5437727
0.5463119
0.5485742
0.5516226
0.5518865
0.5515398
0.5566052
0.5567279
0.5547133
0.559571
0.5629931
0.5686821
0.5769108
0.5866565
0.6024105
0.6085025
0.6123474
0.621347
0.6243227
0.6303274
0.6415762
0.6513662
0.6494562
0.6332077
0.6182664
0.6166682
0.6232622
0.6230936
0.6213885
0.6235362
0.6299941
0.6375964
0.6414135
0.6422633
0.6419355
0.6407781
0.6394951
0.6449423
0.6450574
0.6449157
0.648505
0.6408916
0.634881
0.6316386
0.6221861
0.6152554
0.6161268
0.6209033
0.6227582
0.6301666
0.639066
0.6420801
0.6514442
0.6588217
0.6714687
0.6831377
0.6751843
0.6686427
0.6681712
0.6680522
0.6654638
0.6675095
0.6628046
0.6522654
0.666254
0.6723984
0.6689348
0.673589
0.6733731
0.6781968
0.6843763
0.6866368
0.6838135
0.6829424
0.6879191
0.6865495
0.6771324
0.6682413
0.6649792
0.6674002
0.6669135
0.6589875
0.6567075
0.6579715
0.6604809
0.6664299
0.6648663
0.6627827
0.6717332
0.6729327
0.663253
0.6602682
0.6639103
0.6545371
0.6360537
0.6374548
0.63794
0.6297493
0.630506
0.6289999
0.6252583
0.6225976
0.6250905
0.6327687
0.6414812
0.6469237
0.6504714
0.6608553
0.6707683
0.6727731
0.6713204
0.6695529
0.670903
0.6704508
0.6612743
0.6519891
0.6461068
0.6475731
0.6520666
0.6573803
0.6654654
0.6714691
0.679847
0.684437
0.6781283
0.6757179
0.6779233
0.6827079
0.6887988
0.6879632
0.685056
0.6863704
0.6826742
0.6714908
0.6692929
0.6769655
0.6825563
0.677833
0.6760926
0.676174
0.6743591
0.6664662
0.6643147
0.6842345
0.687453
0.6819373
0.6834102
0.6729863
0.6670957
0.6641311
0.6594621
0.665025
0.6704762
0.6782699
0.6859745
0.6859668
0.6883436
0.6891838
0.6936743
0.7029756
0.6944975
0.6782044
0.68224
0.6896746
0.6963285
0.7048674
0.7039369
0.6954623
0.6815661
0.6819087
0.6893679
0.6918278
0.6984119
0.6875014
0.6698763
0.6740469
0.6791257
0.6825244
0.6880502
0.6877614
0.6829495
0.6839536
0.6896373
0.6913529
0.6870182
0.6837201
0.6839098
0.6811487
0.6844307
0.6857865
0.6813889
0.6830784
0.6788272
0.6697586
0.6684777
0.6672965
0.6647894
0.656516
0.6504071
0.6525398
0.6500223
0.6384609
0.6293105
0.6277157
0.619566
0.6144752
0.6206756
0.6305628
0.639051
0.6417208
0.6445211
0.6516992
0.6568684
0.66039
0.6666395
0.6666749
0.6681643
0.6778633
0.6848195
0.6869926
0.6847265
0.6792113
0.6772232
0.677591
0.6797878
0.6795794
0.6723078
0.6681319
0.6689563
0.6710942
0.6716928
0.6703111
0.6697741
0.6747194
0.6798015
0.677945
0.6740984
0.6731659
0.6748455
0.6749798
0.6740862
0.6728069
0.6768631
0.6815314
0.675997
0.6749482
0.6841934
0.6858656
0.6780767
0.6766531
0.680135
0.679659
0.678472
0.6785284
0.6751038
0.6700971
0.6680103
0.6681134
0.6677093
0.6641331
0.6666698
0.6729192
0.6761759
0.677528
0.6709287
0.6691203
0.673482
0.6723341
0.6708102
0.6678991
0.6665572
0.6705496
0.6743202
0.6766589
0.680523
0.6842842
0.6800663
0.6721978
0.6712708
0.6713687
0.6664637
0.6583671
0.651983
0.6501471
0.6521254
0.6524248
0.6508245
0.6522451
0.6492154
0.6519306
0.6538381
0.6497615
0.6534598
0.6595741
0.660885
0.6560019
0.6555823
0.6626209
0.6635288
0.6598359
0.6635851
0.6691897
0.6650015
0.6731048
0.6874475
0.6751922
0.6710217
0.6689902
0.6602944
0.6603444
0.6599722
0.6630784
0.6635978
0.6569715
0.6471185
0.6456799
0.6512631
0.6590238
0.6700322
0.6775425
0.6826267
0.6837903
0.6780656
0.6731657
0.6753511
0.6849107
0.6903976
0.6896343
0.6871524
0.6906972
0.6978322
0.6978913
0.6984364
0.6925576
0.6875391
0.6879358
0.6875015
0.6848243
0.6795786
0.6795715
0.6770087
0.6744071
0.6800472
0.6933025
0.6917886
0.6856299
0.6855984
0.6851268
0.6885603
0.6816618
0.6796298
0.6837255
0.6834586
0.6844948
0.6844361
0.6857811
0.686987
0.688251
0.6917465
0.6941396
0.6947905
0.6907883
0.6843788
0.6829835
0.681662
0.6852062
0.6867103
0.6816837
0.6847797
0.6821526
0.6777249
0.6622291
0.6445908
0.6489072
0.6614649
0.6775338
0.6867434
0.6971005
0.7036541
0.7084006
0.7135917
0.7083103
0.7049952
0.6983475
0.6923819
0.6947708
0.6937126
0.6917036
0.688784
0.679004
0.6736782
0.6742638
0.6736698
0.6745526
0.6774363
0.6727786
0.6657568
0.6642946
0.668223
0.6756262
0.6813469
0.682162
0.6733083
0.6720201
0.672878
0.6731633
0.6783083
0.6753662
0.6774945
0.6852375
0.6885643
0.6871315
0.6851106
0.6837131
0.6824807
0.6835708
0.6809902
0.6750993
0.6698823
0.6730178
0.6783097
0.6810986
0.6834466
0.6759711
0.675333
0.683268
0.6855323
0.680944
0.6754882
0.6767935
0.6812584
0.6868037
0.6876367
0.6811501
0.6751102
0.6641054
0.6526292
0.6506374
0.6502672
0.6509381
0.6530038
0.6550524
0.6669289
0.6735331
0.6688088
0.6627035
0.6545702
0.6472411
0.6354797
0.6215729
0.6151662
0.6180785
0.6116955
0.6089104
0.6132343
0.6120383
0.6173792
0.6221423
0.6195608
0.6234156
0.6276478
0.6267469
0.632568
0.6447931
0.6579435
0.6601662
0.6661177
0.6827232
0.6871503
0.6741348
0.6638706
0.6653655
0.6719341
0.6743254
0.6663173
0.6635984
0.6637935
0.6660301
0.6726043
0.6753581
0.6798646
0.6771504
0.6737636
0.6781423
0.6841208
0.6917951
0.6925594
0.6874679
0.6892283
0.6899679
0.6807889
0.670318
0.6528349
0.6360903
0.6245321
0.6150664
0.61313
0.6083761
0.6008222
0.5985356
0.603916
0.6119081
0.6203112
0.641857
0.652862
0.658894
0.6810524
0.6806156
0.6595371
0.6405287
0.624746
0.6156893
0.6236744
0.6252892
0.6177843
0.6145982
0.612091
0.6237112
0.6355049
0.6606932
0.6939619
0.7016863
0.7074596
0.7212399
0.7339474
0.7491263
0.7525601
0.7311284
0.7147126
0.7141164
0.7074094
0.7145241
0.7114688
0.7051988
0.7237544
0.7244018
0.714308
0.707309
0.7101086
0.7157767
0.707909
0.6993303
0.6993368
0.7112535
0.7153283
0.7089905
0.6982229
0.6920485
0.6990736
0.6979434
0.6981844
0.7031909
0.7084618
0.7172577
0.723783
0.7200983
0.7126198
0.7146678
0.7170834
0.7146538
0.7037101
0.6873547
0.6839474
0.6897195
0.6911559
0.6930132
0.6959295
0.6935709
0.6875412
0.6857994
0.6793646
0.6668272
0.6595346
0.6576773
0.6494369
0.6381245
0.6296094
0.615015
0.6025897
0.5975896
0.596661
0.5950124
0.5877181
0.5816844
0.5871243
0.5886542
0.5906126
0.6032477
0.6013585
0.6034561
0.6158123
0.6144735
0.6188434
0.6373301
0.6644029
0.69191
0.6918688
0.6700536
0.6703594
0.6903007
0.6965989
0.7046908
0.7063392
0.6807559
0.6607364
0.6586662
0.6592068
0.6621766
0.6710649
0.6740729
0.6622204
0.6605625
0.6664513
0.6692038
0.677753
0.6806985
0.6782841
0.672363
0.6670545
0.6704465
0.680786
0.6842563
0.6776362
0.6704071
0.6714197
0.6727914
0.6717419
0.6807909
0.690775
0.6849948
0.6736476
0.6784107
0.6902813
0.6975399
0.69903
0.7015039
0.7073143
0.7094829
0.7094918
0.7061832
0.7054093
0.7139853
0.7058566
0.693897
0.7036406
0.7082833
0.7049508
0.6973662
0.6791997
0.6713205
0.6754243
0.6742763
0.6786007
0.6903009
0.6961832
0.6889477
0.6864182
0.7021431
0.7161099
0.726231
0.7297289
0.7344392
0.7561919
0.7591979
0.7534926
0.7545285
0.7442566
0.7395454
0.7402213
0.7309633
0.7218695
0.7211857
0.7219077
0.7297508
0.729764
0.7263604
0.7369975
0.7454098
0.7430453
0.7404783
0.7402444
0.726619
0.7135793
0.7158373
0.7177048
0.7208925
0.7245611
0.7212484
0.7179429
0.7115386
0.6982535
0.6871888
0.6797518
0.6655985
0.6554769
0.6599931
0.6623041
0.6610191
0.6719471
0.6931741
0.7113866
0.7189261
0.7279143
0.743994
0.7478021
0.7513772
0.7532654
0.7427864
0.7321446
0.7152658
0.7050244
0.7092083
0.7146967
0.7159513
0.726368
0.7295488
0.7157408
0.7232166
0.7308418
0.7313483
0.7381234
0.7253401
0.7155081
0.7235285
0.720241
0.7192297
0.7238993
0.7167208
0.7119089
0.7086224
0.6991983
0.6900055
0.6874964
0.6973017
0.7113478
0.7137761
0.7127335
0.7128826
0.7001403
0.6811805
0.6793021
0.6894891
0.7019609
0.7101354
0.7098781
0.7157561
0.7238429
0.7303963
0.7430037
0.7500044
0.7312707
0.7079724
0.7071583
0.7089904
0.7052752
0.7070375
0.7097502
0.7068718
0.6967405
0.6866518
0.6792384
0.675231
0.6713085
0.6671243
0.6635023
0.6498078
0.6403269
0.6394463
0.6365699
0.6367351
0.6380849
0.6357009
0.6346546
0.6373891
0.6439737
0.6506759
0.6532374
0.6569733
0.6585925
0.657562
0.6517822
0.6503307
0.6574627
0.6591714
0.6623497
0.6706723
0.6737522
0.665642
0.659133
0.6609736
0.6618142
0.6657217
0.6686376
0.6653478
0.6728008
0.6800265
0.6815434
0.6862202
0.6820859
0.6809215
0.6845802
0.681172
0.6803487
0.6779659
0.6667913
0.6610222
0.6640982
0.662263
0.6614877
0.6685937
0.6685725
0.665991
0.6679219
0.6668479
0.666454
0.6662657
0.6570628
0.6453429
0.6410337
0.6410459
0.645325
0.6526228
0.6560173
0.6570984
0.6610936
0.6669063
0.669784
0.6680376
0.6627689
0.6551796
0.6501413
0.6511793
0.6536515
0.6532102
0.6507109
0.6506225
0.6555764
0.6557165
0.6571245
0.6635659
0.6585322
0.6555905
0.6611884
0.6603537
0.6590554
0.6541554
0.6474425
0.6532852
0.6567345
0.6490727
0.6399676
0.6321254
0.6315486
0.6341085
0.6328291
0.6345502
0.6405191
0.6452847
0.6443051
0.6419612
0.644263
0.6498608
0.6504911
0.6478072
0.6515756
0.6561238
0.6590002
0.6562854
0.6522942
0.6604038
0.6689438
0.6654369
0.6610942
0.6663926
0.6732895
0.6777738
0.6855058
0.6876218
0.6768948
0.6744644
0.6844914
0.6889665
0.684647
0.6830241
0.6812933
0.6715425
0.6671918
0.6698096
0.6721609
0.6693206
0.6616925
0.6565576
0.6567553
0.6569294
0.6596554
0.6583323
0.651051
0.6603122
0.6681772
0.6741318
0.6862053
0.6928886
0.7011882
0.70082
0.6911945
0.6728728
0.6640641
0.6605589
0.6523181
0.6415366
0.6305913
0.6460704
0.6522904
0.6482675
0.6575828
0.6687639
0.684355
0.6950044
0.6955718
0.693582
0.6912255
0.6845065
0.6744044
0.6747921
0.6850538
0.6906028
0.6912199
0.6796731
0.6707061
0.6697615
0.6777096
0.7048448
0.7103133
0.7020823
0.7136079
0.724651
0.7204843
0.7063254
0.6907113
0.6909229
0.7116041
0.7206395
0.7178706
0.7167983
0.7032115
0.6886787
0.6901172
0.7133923
0.7304408
0.7142129
0.7171574
0.7361686
0.7253571
0.7084766
0.7062352
0.7074141
0.6977969
0.6846159
0.6798609
0.6936165
0.7135592
0.7086403
0.6963856
0.6969408
0.702233
0.7064833
0.700746
0.6972627
0.707139
0.7152756
0.7143535
0.7163228
0.7134946
0.6983923
0.6949519
0.6961986
0.6842587
0.6823421
0.6934299
0.6970049
0.7027941
0.7005599
0.6857594
0.6798611
0.6745839
0.6689314
0.6680577
0.6669258
0.6594174
0.6556325
0.6635535
0.6667631
0.664324
0.660436
0.6613063
0.6641609
0.666296
0.6749336
0.6939305
0.7020579
0.6853295
0.6715995
0.6686047
0.6629055
0.6542747
0.6522415
0.6513643
0.6555661
0.6639443
0.6770436
0.69442
0.7065639
0.7128317
0.7097898
0.707688
0.7013913
0.6888725
0.67916
0.6799123
0.685529
0.6865439
0.6951886
0.6906914
0.6875744
0.7031314
0.7069205
0.7121832
0.7177446
0.7065596
0.6984622
0.7017141
0.7040084
0.7073831
0.7191069
0.7225265
0.7191194
0.7285948
0.7342922
0.7263844
0.7212296
0.7295825
0.7353304
0.7228302
0.7144436
0.7152536
0.7082212
0.6957273
0.6810988
0.6772089
0.6790931
0.6704987
0.6607921
0.6553694
0.6482947
0.6466103
0.6522589
0.6623399
0.6686647
0.6686626
0.6824676
0.6863551
0.6752382
0.6764726
0.6733575
0.6619354
0.6496841
0.6388456
0.6331698
0.6278526
0.6231945
0.6221387
0.6226987
0.6212521
0.6220321
0.6260225
0.6399745
0.666339
0.7090761
0.7380565
0.7399514
0.7621882
0.7869375
0.7851336
0.7681979
0.7593215
0.7624237
0.7479786
0.728039
0.7291676
0.7384909
0.7377925
0.738022
0.7426253
0.7321339
0.7232799
0.7299448
0.7379747
0.7539441
0.7634554
0.76534
0.7746484
0.7765849
0.7691974
0.7564549
0.7450322
0.7357017
0.7321775
0.7356858
0.7428353
0.738423
0.7287649
0.7380468
0.7448833
0.7421794
0.7364372
0.7309758
0.7334488
0.7383869
0.7337686
0.7201228
0.713754
0.7230199
0.734433
0.7293753
0.7259934
0.7483559
0.7668907
0.7546093
0.7362489
0.7369001
0.7447064
0.7538257
0.7670785
0.7609736
0.7538688
0.7574132
0.8239558
0.8146698
0.7236778
0.7942272
0.8375976
0.8022692
0.7925698
0.7691418
0.790919
0.8365372
0.8428579
0.8319256
0.8134998
0.7861306
0.7660035
0.7626312
0.7676165
0.7787891
0.7942591
0.8029802
0.8084356
0.8052346
0.7931581
0.763604
0.7436472
0.7420388
0.740257
0.7429162
0.7437142
0.736846
0.7250762
0.7163197
0.7161959
0.7241404
0.731457
0.7356117
0.7314405
0.7297714
0.7391869
0.7410583
0.7393148
0.7361634
0.7345173
0.7350299
0.7309367
0.7282447
0.7199863
0.7151433
0.7163676
0.7058856
0.6925612
0.6923796
0.7005627
0.7039933
0.7052178
0.7088224
0.7121033
0.7093322
0.7073116
0.7128417
0.7168436
0.7114826
0.7039633
0.7021983
0.6995464
0.7011591
0.6987063
0.6875048
0.6852262
0.6908802
0.6970698
0.7029472
0.7034707
0.6929451
0.6927275
0.7026729
0.7051368
0.6980446
0.690753
0.6991005
0.7069985
0.7093129
0.7091098
0.7095337
0.7176332
0.7273731
0.7332084
0.7291674
0.7221416
0.7223088
0.7233312
0.7228725
0.7296922
0.7322982
0.7223902
0.7207994
0.7268139
0.7280704
0.7211857
0.7089983
0.7091169
0.7120668
0.7124819
0.718568
0.7209957
0.7167343
0.7147792
0.7171656
0.7154572
0.7139402
0.7071005
0.7009294
0.7040183
0.7014352
0.698024
0.6978597
0.6938507
0.6927454
0.7006048
0.7079954
0.7131705
0.7086388
0.6967781
0.6937361
0.6952285
0.6889907
0.6805583
0.6752193
0.6700176
0.6759175
0.6799503
0.6819694
0.6930697
0.69715
0.6960872
0.6968704
0.692643
0.6799499
0.6652448
0.6572711
0.6570292
0.664483
0.6720128
0.6772492
0.6824891
0.6844236
0.6855818
0.6763119
0.663411
0.6598523
0.6558361
0.6536709
0.6518594
0.6473226
0.6525235
0.6665636
0.6803193
0.687057
0.6957759
0.6987887
0.6982743
0.7110677
0.7235583
0.7369062
0.7350211
0.7207432
0.7187941
0.7211199
0.7206733
0.7194515
0.7184464
0.7187989
0.7189327
0.7182495
0.7209227
0.7217056
0.7226872
0.7205957
0.708014
0.703196
0.7075638
0.7094102
0.706068
0.6901233
0.6780993
0.6801657
0.6859632
0.6941613
0.7016379
0.7040255
0.7085351
0.7173599
0.7167489
0.7049625
0.6944618
0.6986663
0.7077173
0.7102064
0.7173626
0.7173071
0.7136422
0.7182856
0.7149435
0.707382
0.7025844
0.6985274
0.6988199
0.707744
0.7133408
0.7107052
0.7082699
0.7090996
0.7106018
0.7105307
0.7069683
0.6934855
0.6811856
0.6736458
0.666572
0.6658843
0.670186
0.6725378
0.6791927
0.6872218
0.6830786
0.6752298
0.6797697
0.6909297
0.7001679
0.7097731
0.7080946
0.7015209
0.706034
0.7159852
0.7226485
0.7241755
0.7182093
0.7023627
0.6971923
0.7068142
0.7083226
0.7083882
0.7067176
0.6973656
0.6930868
0.696246
0.7038952
0.709777
0.7065938
0.6929287
0.6773463
0.6702776
0.6742659
0.6837732
0.6965308
0.7091507
0.7143884
0.7122989
0.7133448
0.7184389
0.71598
0.7113744
0.7095666
0.7175233
0.7242577
0.7130691
0.7172239
0.7326757
0.7339253
0.7276827
0.7172689
0.7145968
0.7215541
0.7193252
0.7111698
0.7123174
0.7176358
0.7212289
0.7215622
0.7327977
0.74382
0.7455851
0.7492058
0.747434
0.7437213
0.7401371
0.739294
0.7349
0.724245
0.7203206
0.7294969
0.7364511
0.7425061
0.7462978
0.728633
0.7215537
0.7276507
0.7286016
0.7369243
0.7489397
0.7444543
0.7345831
0.7399928
0.7431986
0.7466342
0.7449975
0.7277195
0.7128139
0.7054487
0.7061391
0.7140336
0.7228958
0.731106
0.7410782
0.7473465
0.7431208
0.7338826
0.7341136
0.7405448
0.7434217
0.7354686
0.7209478
0.7167227
0.7137377
0.7186339
0.7262853
0.7281886
0.7281303
0.7151908
0.7058702
0.7049564
0.7053556
0.7119907
0.7197855
0.7274216
0.7298181
0.7184935
0.7183782
0.7299879
0.7394155
0.7492208
0.74015
0.7259363
0.7164797
0.7127041
0.718078
0.7163949
0.7230081
0.7262311
0.7183584
0.7256534
0.7322624
0.7321077
0.7359434
0.7310879
0.7180131
0.7127061
0.7075956
0.7042938
0.7007962
0.699328
0.7064552
0.7003663
0.6948754
0.6988861
0.7011701
0.7015753
0.7049979
0.7039577
0.6963983
0.6971198
0.6872431
0.6673349
0.6571094
0.6463947
0.6406231
0.6376552
0.6284032
0.6240563
0.6216936
0.6151109
0.6080322
0.5996915
0.5916124
0.594211
0.5958661
0.5914119
0.5918239
0.6053219
0.6285608
0.6660624
0.6965769
0.7021509
0.7193485
0.751758
0.794194
0.8156379
0.8118684
0.7997431
0.7820584
0.780883
0.7757587
0.756061
0.7472707
0.7395057
0.7238888
0.7188314
0.7178821
0.718578
0.7211611
0.7174336
0.7106489
0.7054344
0.7061035
0.713018
0.719852
0.7273479
0.731052
0.7334057
0.7317091
0.7212511
0.7186144
0.7221742
0.7204827
0.7233407
0.7280292
0.731469
0.7339293
0.7277615
0.7215424
0.7106617
0.700176
0.6877851
0.6797092
0.7020026
0.7231664
0.7357599
0.7572534
0.7720235
0.7889246
0.7826842
0.7521413
0.7556255
0.7607845
0.7523729
0.7534741
0.7558093
0.7601155
0.753843
0.7449186
0.7441844
0.7459795
0.7456301
0.7435808
0.7434062
0.739179
0.7274431
0.726024
0.736796
0.7372999
0.7342264
0.7357305
0.7350857
0.7295855
0.7304111
0.7428145
0.745985
0.7469864
0.7569929
0.761441
0.7627989
0.7672923
0.7727146
0.7749411
0.7729588
0.7678066
0.7668733
0.7676245
0.7633467
0.7619905
0.7640309
0.7670512
0.7664884
0.7626234
0.7526165
0.7376166
0.7377478
0.740125
0.7307629
0.7224611
0.7143333
0.7203674
0.7359387
0.749548
0.7562343
0.7473382
0.7402836
0.7431409
0.7531942
0.7579069
0.7552098
0.7493384
0.7419535
0.7426026
0.7483829
0.7457426
0.7386632
0.735326
0.7260586
0.7131749
0.7118073
0.7191276
0.7225231
0.7224612
0.729281
0.73149
0.7315077
0.7314911
0.7236882
0.7295782
0.7407087
0.7486699
0.7547534
0.7496415
0.7438968
0.7497939
0.7577308
0.7579274
0.7584487
0.7614355
0.7557664
0.7410796
0.736099
0.7418559
0.7415491
0.7365507
0.7313257
0.7246443
0.7184357
0.7125146
0.7009379
0.6862847
0.6815386
0.683328
0.6937127
0.7053821
0.7119885
0.7287087
0.7377875
0.7344004
0.7281048
0.7224587
0.7237056
0.7285052
0.7321634
0.7373268
0.7455008
0.7503171
0.7492431
0.7426098
0.7399577
0.7442031
0.7453043
0.7461628
0.7530015
0.7553614
0.7471607
0.7415953
0.7411939
0.7511058
0.7616627
0.7446592
0.735888
0.742152
0.7421459
0.7470774
0.7505447
0.7594023
0.7586345
0.7449668
0.744864
0.7509596
0.7561178
0.7495689
0.7393578
0.7443171
0.7467403
0.7302004
0.7217086
0.7391167
0.7526488
0.7476269
0.7431554
0.7469331
0.7454198
0.7453832
0.7402787
0.7205114
0.7085195
0.713211
0.7158408
0.7124744
0.7125767
0.7145721
0.7218353
0.7164187
0.7124837
0.7242741
0.7225404
0.7127998
0.7050726
0.7037291
0.7047153
0.7058567
0.7232914
0.7383049
0.7351843
0.7379476
0.7398271
0.7268273
0.722426
0.7284179
0.7325409
0.736481
0.7382699
0.7321435
0.7287295
0.7321153
0.7282771
0.7265537
0.721236
0.7148628
0.7191655
0.7249642
0.7264509
0.720331
0.7194391
0.7210557
0.7235412
0.7236063
0.723196
0.7252633
0.7172088
0.7126926
0.7117871
0.7095976
0.7125618
0.7197218
0.7236538
0.7145996
0.7162803
0.7278879
0.7276986
0.7255032
0.7255295
0.7265418
0.7240131
0.7169537
0.7156914
0.7225173
0.7203216
0.7155697
0.7205684
0.7219071
0.7247792
0.7230485
0.7143926
0.7185152
0.7214516
0.7156601
0.7080347
0.7013723
0.7031073
0.7099527
0.7158917
0.7088987
0.7001226
0.7053325
0.7101733
0.714239
0.7138817
0.7062273
0.7053827
0.7084168
0.7174132
0.7267978
0.7225522
0.7191912
0.7228013
0.7284179
0.7366376
0.7297074
0.7196135
0.7269005
0.7312784
0.7366474
0.7380031
0.7304006
0.7366591
0.7422062
0.7423591
0.7453783
0.7355254
0.726677
0.7304535
0.7322019
0.7364015
0.7455138
0.7612725
0.761278
0.7421517
0.7368814
0.7243151
0.7103395
0.707144
0.7021864
0.7053393
0.715919
0.7302151
0.7424313
0.7359482
0.7173985
0.7138373
0.717712
0.7273469
0.7376665
0.7382972
0.7498972
0.759721
0.7450778
0.7345587
0.7360753
0.735019
0.7294056
0.7230963
0.7297728
0.7262851
0.7136961
0.7147646
0.7068237
0.6940812
0.6910379
0.6956513
0.7040601
0.7066099
0.7075503
0.7060298
0.7032579
0.6970964
0.6860316
0.6826518
0.6841834
0.6837769
0.6877223
0.6895554
0.6933767
0.7066937
0.7124362
0.7151099
0.7362987
0.7516796
0.7584311
0.7610186
0.7456344
0.7453016
0.7536823
0.7534215
0.7456856
0.7237033
0.6952217
0.678047
0.6819048
0.6917786
0.6936983
0.7070296
0.7269367
0.7303563
0.7455989
0.7447468
0.7260206
0.727327
0.7249349
0.728424
0.7300168
0.7270622
0.7204753
0.7039366
0.6955077
0.6937527
0.6841595
0.6727349
0.6624958
0.6567477
0.6677805
0.6619064
0.6475066
0.6487298
0.6533975
0.6529334
0.648295
0.6579897
0.6632582
0.6550735
0.6577404
0.6705125
0.6843467
0.6988666
0.7106291
0.7162241
0.7308793
0.7494285
0.750409
0.736144
0.7223529
0.7103375
0.7113471
0.7141585
0.7050807
0.7135305
0.726316
0.73098
0.7279071
0.7196595
0.7274691
0.7432432
0.7411592
0.7260648
0.7185067
0.7332792
0.7020817
0.6761089
0.7122589
0.6879952
0.6637529
0.6685666
0.6719645
0.6855834
0.6831768
0.6732714
0.6688605
0.6728996
0.6639712
0.6540535
0.6483687
0.643271
0.6358432
0.6246445
0.6329243
0.6527231
0.667052
0.6677318
0.6684929
0.677112
0.6829941
0.701201
0.7240992
0.7208389
0.7104728
0.7125267
0.711107
0.7237431
0.7475903
0.7755057
0.7922152
0.7788934
0.7649303
0.7736397
0.7761343
0.7456054
0.7302577
0.7350002
0.7296795
0.7179658
0.708641
0.71322
0.7168151
0.7111748
0.7114609
0.7130399
0.7133225
0.7132808
0.7131013
0.720295
0.7172251
0.69526
0.6844306
0.6839739
0.6746897
0.6701474
0.6627099
0.6509796
0.653875
0.6562115
0.6576022
0.665244
0.6617323
0.6594177
0.6664153
0.6715555
0.6719752
0.6691516
0.6723583
0.681789
0.6821011
0.6718987
0.6710936
0.672106
0.6827066
0.6912652
0.6785132
0.6791186
0.6892559
0.6948946
0.6931783
0.6861924
0.6895265
0.6949783
0.6893468
0.6754561
0.66847
0.6716804
0.674084
0.6716398
0.6640983
0.6572352
0.6593826
0.6654092
0.6662518
0.6626143
0.6595838
0.666241
0.6718205
0.6636683
0.6581175
0.6632216
0.6684527
0.6716593
0.6674454
0.6634758
0.6730309
0.6790937
0.6780292
0.6745981
0.6707283
0.6747818
0.6854014
0.6986982
0.7133448
0.7085608
0.6844982
0.676096
0.6795627
0.6805128
0.6836417
0.6760746
0.6637018
0.6593709
0.6578535
0.6569912
0.6449879
0.6352749
0.6355129
0.6368112
0.6389539
0.6401848
0.6372353
0.6365878
0.6456101
0.6429597
0.6348993
0.6362336
0.6421135
0.653076
0.6614626
0.6577181
0.6619426
0.6720141
0.6686062
0.6680775
0.6705564
0.6649569
0.655078
0.6526765
0.6539578
0.6599001
0.656227
0.6493026
0.6566773
0.6509607
0.65101
0.6599589
0.6534392
0.6460734
0.6506777
0.6578414
0.6567701
0.6489006
0.6437116
0.6386943
0.6361622
0.6429671
0.6353847
0.6316721
0.6406064
0.6345306
0.6294361
0.6313355
0.6272622
0.6197801
0.6110453
0.6009899
0.5988059
0.6019621
0.6175862
0.6417691
0.6558043
0.6718328
0.6841369
0.6902386
0.7019815
0.705981
0.6988853
0.6945388
0.6956091
0.7017817
0.7033403
0.6966688
0.6870064
0.6784335
0.6723942
0.6623561
0.6529617
0.6415026
0.6345041
0.6375496
0.6359012
0.6391668
0.6450405
0.6417888
0.6383636
0.6277222
0.613851
0.6151806
0.6168206
0.6103186
0.6057458
0.6078999
0.6037935
0.5983746
0.6125232
0.6086796
0.5906163
0.5854492
0.5849815
0.5901868
0.5967928
0.6099155
0.622298
0.6244035
0.6302946
0.6404583
0.6485724
0.6608349
0.6604193
0.6447121
0.6347646
0.6292239
0.6193278
0.6079657
0.6112913
0.60996
0.5953913
0.5947253
0.5930518
0.5877925
0.5935235
0.6326141
0.6785197
0.6470331
0.5950335
0.5859823
0.5848365
0.5833038
0.5837666
0.5785651
0.5764266
0.5802065
0.5774728
0.5748608
0.5773436
0.580526
0.5813561
0.5850657
0.5862453
0.5785017
0.5729866
0.5619412
0.5690473
0.6593181
0.6790137
0.5874864
0.566456
0.5758092
0.5826616
0.5943815
0.5920969
0.5916151
0.6040351
0.6196524
0.6289981
0.6484146
0.6514425
0.6524915
0.6647589
0.6568619
0.6618809
0.6640785
0.6368562
0.6281656
0.6265606
0.6179762
0.6184423
0.6247565
0.6254515
0.6218913
0.6165812
0.6153801
0.6124792
0.6051993
0.6070905
0.6029868
0.6090044
0.6172384
0.6042817
0.6001275
0.6077015
0.6054301
0.6057074
0.6106473
0.6126924
0.6228214
0.627041
0.6243691
0.632345
0.639896
0.6412038
0.634892
0.621237
0.6199386
0.6289771
0.6314097
0.6275378
0.6380313
0.649503
0.6408368
0.6306644
0.6331731
0.6438519
0.6473668
0.641415
0.6481416
0.6598251
0.6633466
0.660846
0.6512078
0.6529386
0.6638883
0.6608032
0.650772
0.6562948
0.6493188
0.6286187
0.6286305
0.6336489
0.6357653
0.6344592
0.6333356
0.6530719
0.6657785
0.6492887
0.64157
0.6648431
0.6675752
0.6464923
0.6399783
0.6425057
0.6628963
0.6815147
0.6743526
0.6499611
0.6447502
0.656309
0.6709581
0.6768504
0.6778217
0.6840627
0.6810792
0.6978662
0.6940089
0.6789315
0.6909933
0.6930228
0.6860062
0.6778439
0.6625534
0.6481421
0.6465117
0.6470651
0.6383832
0.6324597
0.6334246
0.6336088
0.6400148
0.6452367
0.642692
0.6437609
0.6526073
0.6553837
0.6474999
0.6463248
0.6526415
0.6527352
0.6461868
0.6488653
0.6555003
0.6531896
0.6556211
0.658629
0.6565878
0.65639
0.6499759
0.6470237
0.6450836
0.6427697
0.6481941
0.6471604
0.6442913
0.6468277
0.6501346
0.6472493
0.6477213
0.656148
0.6572047
0.6539919
0.6541694
0.6558255
0.654908
0.6454577
0.6384327
0.6395349
0.638245
0.6369775
0.6346926
0.6337823
0.6383176
0.6425506
0.637613
0.633288
0.6377373
0.6332992
0.6308772
0.6312405
0.6271741
0.6245651
0.6183109
0.6173745
0.6125271
0.6030863
0.6022038
0.5981737
0.5944847
0.5942182
0.5929758
0.5940776
0.5937143
0.5935107
0.6022035
0.6099862
0.6055323
0.604288
0.6073458
0.605503
0.5980565
0.5937113
0.5906571
0.5846641
0.5846453
0.5783865
0.5703992
0.570689
0.5623074
0.5682036
0.5787795
0.5713349
0.5590385
0.5566323
0.5726411
0.5678943
0.5569119
0.5597398
0.554787
0.5451966
0.5492615
0.5555111
0.5449406
0.5379899
0.5445007
0.5454181
0.5366394
0.5328275
0.5398494
0.5386004
0.5447285
0.5554249
0.5429785
0.5351005
0.5312453
0.5318833
0.5419874
0.5487936
0.5431063
0.5335894
0.5437973
0.5560298
0.5457684
0.5398968
0.543431
0.5428017
0.5430592
0.5419339
0.5411042
0.5442806
0.5473202
0.5455737
0.5434976
0.5425503
0.543614
0.5441677
0.5462074
0.5484376
0.5464746
0.5479791
0.5495769
0.5463585
0.549363
0.5496261
0.5459711
0.5502715
0.5533577
0.5537261
0.5486111
0.5474713
0.5509319
0.5446347
0.5433253
0.5450333
0.5398842
0.5419613
0.5475657
0.5461681
0.5440188
0.5451395
0.5467543
0.5472318
0.5466726
0.5408693
0.5390046
0.5460637
0.5472479
0.5327891
0.5438702
0.5711842
0.5585432
0.5524173
0.5556056
0.5549675
0.5555927
0.5602754
0.5436019
0.5723122
0.6432964
0.5934588
0.5461082
0.5541754
0.5502778
0.551846
0.5507489
0.5496568
0.5467455
0.5483266
0.5540374
0.559581
0.5569361
0.5556951
0.5569358
0.5584636
0.5590361
0.556093
0.5594422
0.5641679
0.5703788
0.5737776
0.5669906
0.5658357
0.5710057
0.5727961
0.5766164
0.5776801
0.5701122
0.5709869
0.5763925
0.5789249
0.5806751
0.57717
0.5784947
0.580961
0.5847197
0.5852598
0.5801658
0.5843925
0.5879819
0.584944
0.5843925
0.5832036
0.5878123
0.5921423
0.5835375
0.5803551
0.5789388
0.5755602
0.5797386
0.58285
0.5855142
0.592587
0.5970346
0.6046815
0.6103986
0.6232773
0.6472141
0.659013
0.6707538
0.6847136
0.6843017
0.6769504
0.6776472
0.6776858
0.6813657
0.6822921
0.6707318
0.6681972
0.6781971
0.6929058
0.6923834
0.6845562
0.6831859
0.6876924
0.7002827
0.7026644
0.6931304
0.6863672
0.6980864
0.7105373
0.7094051
0.7064613
0.7036906
0.7090118
0.7142801
0.7082333
0.7112054
0.7300294
0.7341876
0.7285627
0.7148312
0.7007366
0.7124167
0.7233512
0.7215346
0.7050287
0.7018109
0.7273898
0.729983
0.7326523
0.7357585
0.7019316
0.682945
0.6765027
0.661104
0.6597746
0.6661614
0.6751805
0.6688579
0.670997
0.6921561
0.6992006
0.707584
0.7133557
0.7141826
0.7253733
0.7416028
0.7406021
0.7201383
0.7124725
0.7295265
0.746462
0.7389707
0.72043
0.7200908
0.7316439
0.7380813
0.7385649
0.7219878
0.7155276
0.742485
0.7493849
0.7467372
0.7374386
0.7362409
0.7652708
0.7584307
0.7396023
0.7191984
0.7046153
0.7286476
0.7531378
0.7546511
0.7241838
0.7186093
0.749441
0.7525856
0.7531113
0.7430769
0.7405247
0.7658128
0.7651053
0.7505105
0.7202163
0.7280861
0.77023
0.7733321
0.7749489
0.7589056
0.7432844
0.7576963
0.7712303
0.770318
0.7623934
0.7650079
0.7709412
0.762603
0.7515681
0.7592353
0.7524339
0.7459281
0.746452
0.7416004
0.7564244
0.7671144
0.7694666
0.7607878
0.7497039
0.7701311
0.7687293
0.7472953
0.7591996
0.7679752
0.7634453
0.7535699
0.7500901
0.7629779
0.7670202
0.7553196
0.7433077
0.7545164
0.7757141
0.7769479
0.7661165
0.7692986
0.7890338
0.7896112
0.7841011
0.7826109
0.7783885
0.788081
0.7716964
0.7521975
0.7675926
0.7781015
0.7792121
0.777138
0.7699747
0.7629247
0.7573296
0.7558506
0.7617478
0.7754809
0.7680566
0.7547889
0.76818
0.7852382
0.7844606
0.7648526
0.7626742
0.7753692
0.7875312
0.7805471
0.7699983
0.785172
0.7839241
0.7774254
0.76567
0.7565083
0.7752603
0.7928483
0.7753377
0.7574349
0.7733642
0.7764843
0.7673761
0.7498777
0.7474608
0.7642259
0.7609742
0.7444214
0.727102
0.731687
0.7376717
0.7395344
0.7501875
0.7667103
0.7733483
0.7672482
0.7522118
0.731756
0.7403422
0.7585783
0.7641658
0.7723658
0.7778117
0.7673291
0.7564927
0.7602234
0.7707812
0.7744912
0.7692963
0.7650123
0.7707356
0.7798775
0.780623
0.7707561
0.759744
0.7577031
0.7625801
0.7738071
0.7646542
0.7581658
0.7688244
0.7545535
0.7478695
0.7495953
0.750895
0.7537824
0.7386363
0.7396511
0.7500525
0.7479207
0.7450254
0.7375443
0.7455175
0.7578846
0.7539974
0.7579481
0.768839
0.7692695
0.7528424
0.7438285
0.7467621
0.7507597
0.7524778
0.7509411
0.7608482
0.763608
0.7547044
0.7437685
0.7316317
0.7300862
0.7326273
0.727891
0.7113439
0.697731
0.6953835
0.6969112
0.7010721
0.7060286
0.7097392
0.710144
0.7166129
0.7281669
0.7501548
0.7613882
0.7619413
0.7750554
0.7789776
0.7785279
0.7712453
0.7606297
0.7572603
0.7549629
0.7539495
0.75428
0.7500041
0.7378835
0.7419363
0.7518641
0.7568094
0.7681972
0.7798212
0.7933629
0.8030456
0.8192325
0.8321435
0.8242881
0.8117901
0.805821
0.8017705
0.7987464
0.8013286
0.8057953
0.8078233
0.794989
0.7833219
0.7858678
0.7957133
0.803487
0.8023746
0.7962328
0.791286
0.7962406
0.8034734
0.801881
0.7907585
0.77848
0.766291
0.7561546
0.7587431
0.7647166
0.7663674
0.7652572
0.7719411
0.7855966
0.7798135
0.763684
0.76462
0.7739635
0.7588734
0.7566478
0.7515252
0.7216931
0.7211843
0.7343858
0.7469801
0.746247
0.735465
0.7416101
0.7573252
0.7548154
0.7564852
0.7593393
0.7528499
0.7649204
0.7583404
0.7412939
0.7452938
0.7423897
0.7377429
0.7409542
0.7410163
0.7454777
0.7422127
0.7346424
0.7342614
0.7338293
0.7252163
0.7078097
0.6990803
0.7112344
0.7290484
0.7410559
0.7584037
0.77171
0.7673067
0.7615319
0.7656767
0.7701492
0.7739545
0.7801995
0.7866704
0.7912612
0.7868577
0.7730283
0.7736068
0.780416
0.7842469
0.7836196
0.7791034
0.7864232
0.7907324
0.7917662
0.7916096
0.795435
0.799551
0.7889045
0.7775672
0.7592213
0.7421218
0.7479563
0.7562222
0.7612582
0.7752017
0.7837711
0.7687676
0.7581576
0.7624952
0.7556739
0.7570191
0.7582788
0.7459932
0.7449182
0.7497991
0.7578145
0.7644234
0.7624307
0.7641021
0.7764972
0.7911409
0.8018005
0.8111163
0.8199119
0.8257473
0.8237685
0.8205889
0.824838
0.8208673
0.8040737
0.7869506
0.7823468
0.7929626
0.8015096
0.8100137
0.8117483
0.8101364
0.8101506
0.8016651
0.786851
0.7760572
0.7705977
0.7669373
0.7769736
0.7837738
0.7859954
0.8005358
0.8026176
0.7907571
0.7878091
0.792423
0.7996173
0.7973427
0.7935355
0.7873334
0.7818763
0.7859167
0.7746772
0.7984223
0.8605281
0.8923214
0.8902544
0.8602169
0.8370357
0.8226392
0.8087383
0.8038341
0.7951998
0.7934982
0.7850964
0.7762635
0.7718423
0.758064
0.7428815
0.7438814
0.7610642
0.7611894
0.7571134
0.7648285
0.7789007
0.7956531
0.7960684
0.7883517
0.7846524
0.7825076
0.7769747
0.7816173
0.7868534
0.7793287
0.7826323
0.783108
0.7886907
0.7923024
0.7755551
0.7697417
0.7695556
0.7680029
0.7653192
0.7533817
0.7497994
0.7605306
0.7767151
0.7841113
0.7809473
0.7847271
0.7908453
0.788711
0.7778069
0.7700025
0.7711312
0.7672009
0.7545458
0.7539842
0.7635555
0.7706425
0.7793283
0.7787196
0.7849551
0.8036899
0.8092772
0.8069168
0.8026926
0.7953711
0.7953343
0.8005108
0.801167
0.7999584
0.7989359
0.7993181
0.7971596
0.7954053
0.8030188
0.8161385
0.8297569
0.8355182
0.8255455
0.809779
0.8117713
0.8114323
0.8113962
0.8140605
0.8019198
0.799082
0.7936414
0.7864505
0.7828352
0.7877832
0.7937009
0.7819498
0.7804856
0.7992105
0.8315285
0.8514206
0.8548973
0.8655416
0.8715278
0.8617372
0.8430596
0.8151712
0.782045
0.7688421
0.7809421
0.7966551
0.8116745
0.8281497
0.8227128
0.811852
0.8173054
0.8191568
0.821425
0.835209
0.8312878
0.8182533
0.8275647
0.8298785
0.8293815
0.8316505
0.8231841
0.8083042
0.8043623
0.8010363
0.7919578
0.7920123
0.7853036
0.7861814
0.8019004
0.8158288
0.8126344
0.807721
0.8174717
0.8195227
0.8181181
0.8217755
0.8163745
0.8171249
0.8307332
0.8287641
0.83344
0.83503
0.813007
0.7976608
0.8095463
0.8245788
0.7978915
0.7772795
0.7733061
0.773554
0.7970391
0.8002247
0.7789267
0.7501304
0.7397576
0.7561836
0.7594902
0.771785
0.7928677
0.8190143
0.8417428
0.8387886
0.8446059
0.8555396
0.8528797
0.8406956
0.8376992
0.8416382
0.8337788
0.8257907
0.8220928
0.8179799
0.8184291
0.8124872
0.8021304
0.8001347
0.7874743
0.7782829
0.7868328
0.7748877
0.7511464
0.744639
0.7431002
0.7590017
0.7838397
0.7780896
0.7540503
0.7443204
0.7521641
0.7469756
0.73407
0.7253234
0.7140125
0.7160622
0.7323682
0.7414375
0.7384881
0.7478904
0.7656091
0.7873121
0.8065014
0.8279206
0.8385147
0.8244464
0.8251522
0.8296495
0.824534
0.8248566
0.8347647
0.8323087
0.8206459
0.820629
0.8144451
0.8118609
0.8143709
0.809632
0.8020667
0.7930851
0.7971393
0.8072787
0.793811
0.7722442
0.7719459
0.7763616
0.7825142
0.7930754
0.7999452
0.7981157
0.7823523
0.7728396
0.7774606
0.7844937
0.7915548
0.7972527
0.7962302
0.7952961
0.8075721
0.8150535
0.8167056
0.8174384
0.8117386
0.8139161
0.8153509
0.8163346
0.8135859
0.807099
0.8057596
0.8043773
0.8124881
0.8228882
0.8114275
0.7835205
0.7711744
0.777055
0.7826896
0.7897123
0.7991397
0.793408
0.7690813
0.7544534
0.7579224
0.7662105
0.7746752
0.7879465
0.799221
0.7905005
0.7773055
0.7761606
0.7765335
0.7767565
0.7713602
0.7677072
0.7866064
0.8027937
0.8053691
0.8018217
0.7934815
0.7997584
0.8004075
0.7835816
0.7719808
0.770528
0.7756581
0.7901435
0.800633
0.7948752
0.8030919
0.822078
0.8239448
0.8260584
0.8223206
0.8070868
0.8104715
0.82181
0.8172277
0.7982106
0.7927861
0.8017346
0.7962176
0.7785472
0.771846
0.7736596
0.7714052
0.7751649
0.771479
0.7567068
0.7544263
0.7636559
0.7721884
0.769816
0.7705026
0.7790039
0.7684811
0.7535706
0.7539969
0.7589093
0.7564011
0.749863
0.7495278
0.7546585
0.7579623
0.7547265
0.7549499
0.7542792
0.7534778
0.7594838
0.7622081
0.7595297
0.7477743
0.731438
0.7287953
0.7416025
0.7606595
0.7689409
0.75848
0.7548168
0.7609172
0.7562075
0.7393894
0.7320102
0.740238
0.7496376
0.7461234
0.7331129
0.7318957
0.7322629
0.7359265
0.7432729
0.7382186
0.7377769
0.742805
0.7453511
0.7463271
0.7391321
0.7335825
0.7421984
0.751045
0.7518642
0.7421105
0.7240364
0.7080355
0.6963478
0.6853406
0.6728102
0.6633648
0.6567602
0.6579363
0.6649875
0.6631502
0.6550508
0.6545503
0.659415
0.671368
0.676085
0.6714775
0.6815049
0.7093988
0.7321551
0.7430374
0.7638147
0.7921288
0.8053324
0.7946887
0.8033257
0.8261586
0.8281575
0.8093273
0.7957416
0.8146165
0.8262621
0.8154928
0.8058737
0.8068817
0.7894122
0.7566828
0.7410244
0.726375
0.7089306
0.6951507
0.6929952
0.6975693
0.6895351
0.6779899
0.6743161
0.6714646
0.6732434
0.6862319
0.6870028
0.6832889
0.7039977
0.7224808
0.7421679
0.756632
0.7526173
0.7637306
0.7615143
0.7391094
0.7318676
0.733044
0.7340236
0.74496
0.749367
0.732008
0.7302656
0.7452239
0.7524726
0.7542537
0.7549003
0.7459304
0.7417439
0.7532372
0.7714959
0.7830648
0.7675112
0.7608519
0.7772157
0.7780804
0.7595789
0.7496688
0.7568924
0.7679514
0.7579851
0.7503214
0.7669351
0.7838391
0.777984
0.7453677
0.7278776
0.7288236
0.7361488
0.7450447
0.7436785
0.7515764
0.7792573
0.7800728
0.7481398
0.7435325
0.7466061
0.7335527
0.7224997
0.7192742
0.7304748
0.7484962
0.7475279
0.7285462
0.7306005
0.7489759
0.7551608
0.7673348
0.7668311
0.744722
0.7395085
0.7432011
0.7426401
0.7258
0.7132085
0.7186913
0.7300269
0.73677
0.7300072
0.7276844
0.7424255
0.7608538
0.7676374
0.7682162
0.7521756
0.7398219
0.7472713
0.7535073
0.7541204
0.7441328
0.7369055
0.7379271
0.7247403
0.7071247
0.7001318
0.7003758
0.7067655
0.7019056
0.6885236
0.6828622
0.6755809
0.6645837
0.6632745
0.6719181
0.6842822
0.6953843
0.7047677
0.7151899
0.7281168
0.7304589
0.7184502
0.705546
0.6890819
0.683432
0.6870306
0.6904923
0.7040507
0.7151463
0.7222335
0.7282764
0.7364372
0.7314624
0.7087672
0.7050016
0.7135272
0.7241673
0.7318232
0.7257353
0.7197132
0.7339804
0.7483353
0.7623087
0.7793737
0.7623445
0.7448927
0.7502814
0.7611199
0.7758945
0.7911411
0.7856322
0.7661157
0.7729146
0.7912758
0.8061674
0.8091299
0.795859
0.7910449
0.783794
0.7819366
0.7893071
0.788596
0.7885736
0.7759238
0.7624969
0.7636184
0.7675645
0.7790483
0.7869619
0.799518
0.8008132
0.7716388
0.7675584
0.7889316
0.7994304
0.8035323
0.8130799
0.8144439
0.7914621
0.7697679
0.7781806
0.7891398
0.7905295
0.7906692
0.781108
0.7777721
0.7810456
0.7930594
0.7969814
0.7741539
0.7584644
0.7675309
0.7809314
0.7812222
0.7626307
0.753517
0.7655699
0.7739561
0.7825385
0.7909486
0.7872902
0.7767438
0.7751694
0.7862539
0.7872588
0.7647457
0.74896
0.7568319
0.781108
0.7948388
0.8014644
0.8037772
0.7780175
0.7734222
0.7825913
0.7902341
0.7990661
0.7874778
0.7894051
0.797347
0.8037371
0.8023586
0.7904321
0.7899897
0.7884754
0.7982514
0.8147294
0.8178832
0.811497
0.80177
0.8053698
0.8084337
0.8062039
0.8097704
0.7964751
0.776583
0.7775624
0.784971
0.7936274
0.8017142
0.7931908
0.7692798
0.7575338
0.7691152
0.7835355
0.7910889
0.7770021
0.7629058
0.7749454
0.784993
0.7928359
0.809239
0.8122749
0.7883666
0.769527
0.7785176
0.7919017
0.7889548
0.7683214
0.7607852
0.7776885
0.7926309
0.8013977
0.8050317
0.7973435
0.7970633
0.8009721
0.7893531
0.7817451
0.7898115
0.7931308
0.7969832
0.8031468
0.7963555
0.7935645
0.7949573
0.8099576
0.8106131
0.7794578
0.7596715
0.7447084
0.7411118
0.7459596
0.7420438
0.731224
0.7261108
0.7350367
0.7370904
0.743212
0.7360871
0.7129202
0.713589
0.7228042
0.7328951
0.7523994
0.7645274
0.7720607
0.762552
0.7315682
0.7259943
0.7394526
0.7553591
0.7830762
0.8082165
0.8200902
0.8103178
0.7868258
0.7853556
0.8057739
0.8081968
0.8130936
0.8198078
0.7994306
0.7860719
0.7824539
0.7879863
0.7924619
0.7892817
0.7758974
0.7540276
0.7521589
0.7585238
0.7647823
0.7776045
0.7899594
0.7823714
0.7686504
0.7721453
0.7805805
0.7853016
0.7819658
0.7642485
0.753246
0.7534417
0.7617244
0.7678855
0.754434
0.7513399
0.7634963
0.7767874
0.7932655
0.8096744
0.8174772
0.8130837
0.7960175
0.7699286
0.7475129
0.7418099
0.7503735
0.7606208
0.7703277
0.7863952
0.7861609
0.7628464
0.7625795
0.7709014
0.7785462
0.7915745
0.7942073
0.795913
0.7823553
0.7526742
0.7311583
0.7301771
0.733994
0.7344837
0.7451087
0.7485394
0.7394956
0.7394158
0.7497748
0.7611409
0.7696408
0.7719208
0.7611385
0.7609171
0.7756009
0.7775351
0.7793123
0.7763388
0.7640239
0.7549562
0.7583827
0.7735142
0.7695757
0.7574723
0.7600271
0.7591066
0.7510011
0.7440087
0.7358594
0.733929
0.7434965
0.7474896
0.7470572
0.745251
0.731142
0.7219882
0.7285397
0.7405038
0.7502148
0.7477849
0.7373727
0.7454183
0.7661276
0.7896203
0.8002765
0.7795091
0.7709993
0.779263
0.7852324
0.8013429
0.8248642
0.8534648
0.862098
0.8591124
0.8735126
0.8856205
0.8781831
0.8587466
0.8437975
0.8264
0.8005055
0.7846488
0.7804251
0.7743004
0.7634783
0.7516353
0.733597
0.7095346
0.704324
0.7077268
0.7045252
0.7023289
0.7042518
0.6949863
0.6801919
0.6813098
0.6788061
0.6794055
0.6815455
0.6901902
0.7136367
0.7219373
0.7439347
0.759516
0.7437209
0.7582429
0.7873311
0.8059942
0.8168569
0.8205334
0.8173524
0.8137134
0.8158282
0.808649
0.7885051
0.7616302
0.7576517
0.7641751
0.7721514
0.7828047
0.7742069
0.7725101
0.7875386
0.8035125
0.8071321
0.8090429
0.8152341
0.8114342
0.8112827
0.8065128
0.7994496
0.7937298
0.7948085
0.8023338
0.7960679
0.7850261
0.7705134
0.7592949
0.7523478
0.7516716
0.7457559
0.7297516
0.7260385
0.7288613
0.7323043
0.7433306
0.7551144
0.7540883
0.7526674
0.7616782
0.7766003
0.7765395
0.7651218
0.7609856
0.7379071
0.7107718
0.7092538
0.7222533
0.7486545
0.7631845
0.7534107
0.7485085
0.7435684
0.7327323
0.7264476
0.7181612
0.6979735
0.6790223
0.680096
0.6919206
0.7108083
0.7339073
0.7495946
0.7592686
0.7621511
0.7643577
0.7560202
0.7442382
0.7403351
0.7203988
0.7165674
0.7336771
0.7410504
0.7660868
0.7795548
0.7547647
0.7567417
0.7833525
0.781554
0.7638615
0.766913
0.7848881
0.8055998
0.8258653
0.837789
0.8193515
0.7881618
0.7886715
0.7973586
0.79997
0.8004796
0.7932543
0.7837737
0.7864854
0.7993247
0.7939414
0.7776397
0.7674213
0.7765614
0.7809548
0.7687798
0.7765961
0.7873366
0.7898634
0.7974731
0.8052031
0.7986084
0.7859387
0.7746612
0.769371
0.7534774
0.7320946
0.7326493
0.7358904
0.7396216
0.7439269
0.747441
0.7489829
0.7494833
0.739996
0.7193461
0.7250991
0.7438252
0.7476805
0.7440205
0.7514493
0.7714032
0.7794916
0.7864996
0.7845651
0.768923
0.7793401
0.8072429
0.8284693
0.8397707
0.8263828
0.7967486
0.7939536
0.8103728
0.8184166
0.8201252
0.7989132
0.769145
0.7655611
0.7773564
0.79203
0.8054515
0.8202079
0.8172639
0.7863068
0.7741023
0.783801
0.7887994
0.7846325
0.7664566
0.7440026
0.7483698
0.7544373
0.752959
0.7617263
0.7605371
0.7569458
0.7524789
0.7402801
0.742481
0.7414127
0.7239643
0.7279182
0.7389461
0.7468609
0.7520436
0.7570312
0.757407
0.7391921
0.7268264
0.7320076
0.742745
0.7535048
0.7709514
0.7919696
0.8075337
0.7994684
0.775892
0.7650971
0.7706386
0.7777964
0.7847466
0.796184
0.8090346
0.8250847
0.8340479
0.8316165
0.8118936
0.8027089
0.8138327
0.8122883
0.8128086
0.8130668
0.7973738
0.7777731
0.7658953
0.7690201
0.7843533
0.8003426
0.8114457
0.8183194
0.8081121
0.7940493
0.8032447
0.8202901
0.831566
0.8369566
0.8224168
0.8048951
0.7934327
0.7934516
0.8182838
0.844083
0.8572128
0.868273
0.8613418
0.850646
0.8806646
0.8920585
0.88083
0.8882502
0.8844891
0.8617702
0.8400791
0.8493393
0.8682625
0.862533
0.8365313
0.8070355
0.8019776
0.8059641
0.8179374
0.8402529
0.8457849
0.8399805
0.8286731
0.8121194
0.7961498
0.7906906
0.7922052
0.7928021
0.8043464
0.8143416
0.8049206
0.7992088
0.8115698
0.8169104
0.8081172
0.8110982
0.8091679
0.783008
0.7735828
0.7872661
0.7930512
0.7918991
0.7889621
0.7917846
0.7832719
0.7701891
0.7864475
0.7973505
0.7921516
0.7896289
0.7787036
0.7478612
0.7277018
0.7345908
0.7354835
0.7610466
0.8009356
0.8131617
0.8213106
0.8437229
0.855076
0.8291942
0.7990899
0.785354
0.7879235
0.7997794
0.8025595
0.8050735
0.8083768
0.7976966
0.7917273
0.8015119
0.8000629
0.7972146
0.8012329
0.7941474
0.7864026
0.7858014
0.77938
0.766787
0.7629728
0.7682245
0.7791804
0.7971558
0.8166705
0.8063538
0.7799205
0.7717313
0.7692158
0.7780336
0.7956455
0.790246
0.7792742
0.7916729
0.7909999
0.7757928
0.7771647
0.7822722
0.7839264
0.7881458
0.790595
0.787029
0.7732708
0.7571833
0.7469841
0.7413281
0.740913
0.7509493
0.7723928
0.7898437
0.7945772
0.7956114
0.7872032
0.7711782
0.774481
0.7834589
0.7915025
0.8084792
0.8110145
0.8134849
0.820495
0.8118751
0.8060499
0.8011196
0.7811199
0.7549937
0.7356039
0.7246938
0.7240973
0.7286558
0.7392257
0.7599665
0.7808571
0.7945605
0.8012851
0.7922002
0.7732756
0.771007
0.7776514
0.7746745
0.7642091
0.763989
0.7716444
0.7741819
0.7803781
0.7893556
0.7889165
0.7922048
0.7923411
0.7775356
0.7715152
0.7777252
0.7829281
0.7862164
0.794127
0.7947614
0.7841644
0.7817764
0.7893326
0.7942833
0.797967
0.796208
0.7856925
0.7810243
0.7728932
0.7596494
0.7546816
0.7556097
0.7594012
0.7658706
0.7695646
0.7718517
0.774802
0.7685756
0.7575391
0.7463277
0.742595
0.7518538
0.7595303
0.7581269
0.760628
0.7748549
0.7785503
0.7652503
0.7631294
0.7727282
0.7846605
0.8025832
0.8190158
0.8197253
0.8171912
0.8048577
0.7819802
0.7748437
0.7717603
0.7719849
0.7778672
0.7821073
0.7892216
0.7897546
0.7757325
0.7673788
0.7629213
0.7498716
0.7351602
0.7264407
0.7280487
0.7406192
0.7582468
0.7770067
0.7901464
0.7802707
0.7691845
0.7751619
0.7826515
0.7905817
0.8003825
0.7984103
0.7823049
0.7715443
0.7617037
0.7565422
0.7657263
0.7806066
0.7927742
0.7992435
0.7979157
0.7801944
0.7616037
0.7604377
0.7684946
0.7642774
0.7521115
0.7461552
0.7473311
0.7503804
0.7595547
0.7595402
0.7425755
0.7353354
0.7422477
0.7536423
0.7610464
0.7626529
0.7490412
0.7385993
0.7444839
0.7459685
0.7487121
0.7594514
0.770408
0.7862481
0.8009786
0.7979162
0.7918744
0.7875123
0.7763871
0.7657669
0.7651334
0.7739657
0.7717711
0.7694821
0.7762175
0.771918
0.759041
0.756043
0.765151
0.7724656
0.7687536
0.752727
0.7390393
0.7374743
0.7416145
0.7564231
0.7648675
0.7459536
0.7317192
0.738865
0.7488505
0.7539144
0.7604791
0.7727273
0.788431
0.7899088
0.7638435
0.739596
0.7372798
0.7370664
0.736556
0.7458574
0.7502063
0.735744
0.7213084
0.7166738
0.715734
0.7182199
0.7241946
0.7371252
0.7416695
0.7465737
0.7455582
0.7375743
0.7426745
0.7414041
0.7372084
0.7331987
0.7249464
0.7214061
0.7182859
0.7049429
0.6918552
0.6905954
0.6967351
0.6984692
0.696987
0.7078614
0.7283
0.7339807
0.7330396
0.7363935
0.7335154
0.7395127
0.7443352
0.7420685
0.7361414
0.7295819
0.7316003
0.7264619
0.7226118
0.7193796
0.7166858
0.7187513
0.7096306
0.7099881
0.7260513
0.7418851
0.7515245
0.7532281
0.7561476
0.7505807
0.7379447
0.7467987
0.7543169
0.7570638
0.7729419
0.7734275
0.758585
0.7411264
0.7219845
0.7118562
0.7124333
0.7256071
0.743892
0.7682499
0.7836639
0.7692761
0.763716
0.7728425
0.7815553
0.7944928
0.7873378
0.7596655
0.7614399
0.7858437
0.8221269
0.8410722
0.8049111
0.7836821
0.7962978
0.8053457
0.8016673
0.7938866
0.7888491
0.7844865
0.77124
0.7490939
0.7455344
0.7496473
0.7531014
0.756102
0.7463481
0.7372735
0.7314479
0.7269733
0.7282082
0.7229218
0.7224572
0.7165939
0.7013665
0.7035067
0.7044989
0.7054959
0.7098653
0.7126011
0.7204749
0.7195166
0.719602
0.7404739
0.7603446
0.7619038
0.758303
0.7600552
0.7637965
0.7494414
0.7286403
0.7351626
0.7387216
0.7379354
0.7396741
0.7406341
0.7398762
0.7217833
0.7326103
0.746298
0.7351742
0.7366878
0.7373616
0.7274741
0.7255288
0.7201006
0.700806
0.7025036
0.7086572
0.7107536
0.7061257
0.6964636
0.7115611
0.7219132
0.7292993
0.7398189
0.7332598
0.7233028
0.7086375
0.6978294
0.6944925
0.683363
0.7019151
0.721965
0.7052764
0.6929419
0.7121721
0.7518752
0.7999626
0.8348009
0.8615854
0.8712174
0.810559
0.7664072
0.7808081
0.8083655
0.8544129
0.8483022
0.7905285
0.7672864
0.7751864
0.7822527
0.791543
0.7916968
0.7708459
0.7696907
0.7911614
0.7884316
0.7748274
0.789946
0.8097782
0.8071236
0.7782015
0.7673848
0.783916
0.7885244
0.7941417
0.791299
0.7692305
0.7595476
0.7630683
0.7718737
0.7801259
0.7598643
0.7402097
0.7363879
0.7375395
0.7463406
0.7569726
0.7688452
0.7713478
0.7599965
0.7352443
0.7194618
0.7250927
0.7314271
0.7414417
0.7438908
0.7267036
0.7242584
0.7374281
0.7464471
0.7545846
0.7578716
0.7438442
0.7338676
0.7434897
0.7509217
0.7587038
0.7622204
0.7479808
0.7304729
0.7287386
0.7348815
0.7415544
0.7524562
0.7568456
0.7462729
0.7344796
0.7406659
0.7494642
0.7561864
0.7576028
0.7473791
0.7477583
0.7615167
0.7807905
0.7808766
0.7569178
0.7512152
0.7613207
0.7655199
0.7718663
0.7765747
0.7664147
0.74881
0.7510617
0.7742802
0.7917735
0.8046896
0.8011054
0.7881057
0.7880498
0.7900073
0.7796338
0.7496553
0.7357528
0.7509068
0.7620056
0.7753154
0.7883326
0.7808557
0.7773781
0.7632652
0.7300777
0.704369
0.6814822
0.6732094
0.6751805
0.6763444
0.6960928
0.7098361
0.7120141
0.7230734
0.7360406
0.7465903
0.7600904
0.7731864
0.7820948
0.783871
0.7783979
0.7677912
0.7625903
0.7704019
0.7752982
0.7676807
0.7503109
0.7505572
0.7516656
0.7475612
0.7498912
0.7392912
0.7307429
0.7334067
0.7219534
0.7118266
0.7181277
0.7216216
0.7234536
0.7355554
0.7518816
0.7586751
0.7702758
0.7716989
0.7599341
0.7629985
0.7638337
0.7654128
0.7573197
0.7388526
0.7478774
0.7529782
0.7414059
0.7358446
0.7410405
0.7415831
0.7484623
0.7510379
0.7355554
0.7466579
0.7548181
0.7459032
0.7463655
0.7418391
0.7391502
0.7424978
0.7425012
0.7458534
0.7297366
0.7181518
0.7237767
0.7236921
0.7227485
0.7139855
0.7142317
0.7112057
0.7061417
0.7127423
0.7160232
0.7225545
0.7299601
0.7263638
0.7244947
0.7248854
0.7168444
0.7072632
0.703213
0.7082724
0.7143497
0.7177452
0.7256344
0.7284505
0.7281339
0.7227463
0.710667
0.7134934
0.7230576
0.7278922
0.7276188
0.7212239
0.7205358
0.7308679
0.7440269
0.7369411
0.7222925
0.7219882
0.7284449
0.7418563
0.7480841
0.7550538
0.7629009
0.7566567
0.7519478
0.7418822
0.7245173
0.7283178
0.7385233
0.7441525
0.7524539
0.7542533
0.75492
0.7514724
0.7392039
0.7181973
0.7063708
0.7085386
0.7094157
0.7196141
0.7371285
0.7440059
0.7463847
0.7515152
0.7476334
0.7409189
0.7345671
0.7279152
0.7126982
0.6910046
0.686061
0.6875529
0.6921623
0.6993999
0.6981408
0.6984881
0.711187
0.7230497
0.7279821
0.7408209
0.764523
0.7747059
0.7627255
0.7609171
0.779604
0.7888814
0.7808006
0.7803198
0.7705827
0.7358791
0.7117785
0.708793
0.7067331
0.6991585
0.6852849
0.6723732
0.644376
0.6392941
0.6194806
0.6511834
0.7232044
0.648509
0.6182657
0.6740407
0.7028008
0.7123272
0.738279
0.7797537
0.8077956
0.8199812
0.7830573
0.7682378
0.7747156
0.7735211
0.7733504
0.7604324
0.755643
0.7535683
0.7388899
0.7179957
0.7004749
0.6920107
0.6935609
0.703783
0.7239198
0.7488873
0.7642965
0.7772618
0.7879384
0.7720577
0.7492107
0.7399559
0.7308983
0.7245316
0.7247318
0.7283675
0.7236516
0.7182578
0.7284815
0.7331976
0.7347938
0.7406662
0.7435592
0.7350071
0.7141249
0.7150449
0.7213543
0.7137808
0.7071875
0.7053457
0.7131381
0.7225489
0.7306229
0.7336751
0.7325901
0.725512
0.7071998
0.6812857
0.6697463
0.6492792
0.6476881
0.6105967
0.6613975
0.7718651
0.6603523
0.6187707
0.6643032
0.6827649
0.7179305
0.722102
0.7291714
0.7108776
0.7143739
0.7363226
0.742294
0.732416
0.7206775
0.7338599
0.754377
0.7564376
0.7475969
0.743913
0.7316739
0.716421
0.721646
0.7273362
0.7292869
0.7277185
0.724055
0.7234997
0.7151195
0.714031
0.7318103
0.7426116
0.7249628
0.7130704
0.7209877
0.7311961
0.7405276
0.7519718
0.7568339
0.7479045
0.7472286
0.7522387
0.7550633
0.7553687
0.7428449
0.7231886
0.7183414
0.7276198
0.7285361
0.7304089
0.7293349
0.7178188
0.7272376
0.74342
0.7487798
0.7394719
0.7213453
0.7173269
0.7196729
0.7201277
0.7211294
0.7170802
0.7082001
0.7163137
0.7219064
0.7234455
0.7151661
0.6994358
0.7018812
0.6970317
0.6953945
0.7031734
0.6967605
0.6813565
0.6800107
0.6830891
0.684651
0.6866557
0.6846101
0.6943706
0.6980016
0.6848549
0.6813014
0.6786361
0.6720081
0.6776423
0.6837581
0.6797753
0.6678531
0.6554699
0.6488116
0.6508222
0.6648083
0.693068
0.7154333
0.7280346
0.7449534
0.738602
0.7239682
0.7351913
0.751149
0.7485518
0.7278344
0.7123297
0.7121211
0.7303775
0.7536539
0.7650618
0.7739573
0.7752176
0.7855672
0.7877901
0.7607647
0.7482079
0.7593181
0.7745959
0.7793826
0.7846944
0.7779565
0.7602327
0.7638288
0.7704265
0.7583462
0.7357733
0.7242766
0.7271955
0.7381844
0.7349323
0.7353372
0.7543588
0.7773659
0.7920283
0.7696689
0.7543803
0.7653418
0.7758928
0.777979
0.7645067
0.7565947
0.7616756
0.7760334
0.7779434
0.763336
0.7595244
0.764548
0.7749471
0.7732844
0.7647596
0.7718443
0.7818614
0.7768459
0.753513
0.7491286
0.7631757
0.7742009
0.7731472
0.7602549
0.7719375
0.7861357
0.7907827
0.7941653
0.7722118
0.7571372
0.7671637
0.7764581
0.7859398
0.7822742
0.7650839
0.7698791
0.7931035
0.7834421
0.7561512
0.7673154
0.7904856
0.7924776
0.7856255
0.7871565
0.7946959
0.8024772
0.8047703
0.7913201
0.765258
0.7581667
0.7648643
0.7542802
0.7312627
0.7216049
0.7316027
0.7411413
0.7567562
0.7701074
0.7751521
0.7750444
0.7769743
0.7857275
0.7800469
0.7719204
0.7775663
0.7773256
0.7745107
0.7794741
0.7823173
0.7870956
0.7925644
0.792155
0.7899343
0.7902435
0.7905818
0.7838461
0.7666184
0.7544515
0.7559181
0.7678134
0.7850153
0.7876143
0.7751676
0.7686795
0.7692149
0.764317
0.7691817
0.7698798
0.754345
0.7506836
0.7607354
0.7697344
0.7597966
0.7496503
0.7589563
0.7718117
0.7720927
0.7630149
0.7661688
0.7685677
0.7572474
0.754883
0.7541598
0.7549579
0.7604163
0.7539506
0.7510599
0.7613178
0.7600922
0.7439198
0.7348142
0.742192
0.7654818
0.7910892
0.7984092
0.7882468
0.7881611
0.7962993
0.8019809
0.7932134
0.7756653
0.7853288
0.8080564
0.8182335
0.8072418
0.7750441
0.7448852
0.725302
0.7256109
0.7522566
0.7688104
0.7672054
0.7613276
0.7517486
0.7578283
0.7926268
0.8022616
0.7626511
0.7436075
0.7643324
0.8081675
0.8423092
0.8661238
0.8513716
0.817069
0.8338873
0.8411473
0.7985552
0.7680147
0.7921921
0.800976
0.8087493
0.7997553
0.7560785
0.7545358
0.7729576
0.7938052
0.8054617
0.802755
0.7933178
0.7891676
0.7865039
0.7547539
0.740875
0.7633322
0.7708874
0.7509953
0.7423045
0.7378421
0.7240236
0.72128
0.7217564
0.7311484
0.7376406
0.7423859
0.7431693
0.727543
0.7195506
0.713568
0.699455
0.6833071
0.672494
0.6728881
0.6804908
0.6926068
0.7031271
0.7209052
0.732399
0.7264559
0.7330084
0.7417594
0.7549405
0.7717417
0.7628651
0.7534737
0.7486721
0.747573
0.7439114
0.7283476
0.7212915
0.7162859
0.7155919
0.7323755
0.7497159
0.7526743
0.7559713
0.768341
0.7780676
0.7662492
0.7510804
0.7478505
0.740817
0.737956
0.7397639
0.7336834
0.7334909
0.7411653
0.7425102
0.7426914
0.7487248
0.757107
0.7605385
0.7705059
0.7793288
0.778855
0.7801478
0.7796617
0.7784525
0.7729837
0.7720601
0.776458
0.7821617
0.7837881
0.778536
0.7787132
0.7790551
0.7780327
0.771274
0.7621719
0.7534191
0.7495003
0.7355179
0.7102751
0.6983365
0.6960735
0.7057803
0.7142336
0.7238783
0.7396575
0.7435521
0.7360334
0.7250112
0.7295913
0.7359991
0.7379388
0.7468605
0.749698
0.7550042
0.7524654
0.7489633
0.7556877
0.7559826
0.7552373
0.7579029
0.7531766
0.7443066
0.747482
0.7485018
0.7495134
0.7482289
0.7358584
0.7353016
0.7389863
0.7449683
0.7455018
0.7348469
0.7360571
0.7403661
0.7508642
0.7552615
0.7484271
0.7564532
0.7635706
0.76031
0.7500728
0.741746
0.7423814
0.7457834
0.7468001
0.7420026
0.7439016
0.7495947
0.7559823
0.7568588
0.7516585
0.7591658
0.7726398
0.7921967
0.7896312
0.755174
0.7389451
0.7553845
0.7790485
0.7767808
0.764313
0.7627438
0.7645564
0.7582905
0.737309
0.7339522
0.7498157
0.7553229
0.7437334
0.7210377
0.7071176
0.7105601
0.722678
0.7339997
0.7486767
0.7759798
0.7977831
0.80714
0.8080445
0.7953336
0.7811308
0.7730512
0.775923
0.7869655
0.7892181
0.7949675
0.7975081
0.78436
0.771838
0.777929
0.768685
0.798863
0.7726341
0.701738
0.7786657
0.7984865
0.7714103
0.7939287
0.7921692
0.7862989
0.7735017
0.8020642
0.7800281
0.775231
0.766117
0.6449836
0.6680734
0.69242
0.6755238
0.685836
0.6519975
0.6498543
0.6239907
0.6237414
0.6792589
0.688467
0.6748171
0.7097317
0.7640448
0.7983984
0.802045
0.792074
0.7851263
0.780968
0.7657726
0.7560664
0.769542
0.7794757
0.7816918
0.775224
0.7610464
0.7533696
0.7563382
0.7633844
0.749705
0.7339908
0.7339701
0.7620339
0.7821199
0.6349222
0.5841918
0.6703448
0.6676694
0.7546445
0.7940372
0.7762438
0.7942551
0.7943549
0.7951035
0.7786186
0.7671934
0.7537853
0.7569899
0.7624758
0.7680699
0.7521087
0.7759107
0.7553909
0.6564793
0.6847171
0.6501439
0.6108526
0.6493047
0.6729357
0.7525214
0.7905453
0.7601666
0.6718535
0.6724811
0.7921354
0.7806743
0.6539928
0.6859238
0.7727044
0.7831669
0.7626961
0.6583119
0.6728838
0.7741761
0.7731467
0.7580448
0.7494508
0.7410768
0.7446577
0.7643038
0.7747649
0.7027207
0.6866521
0.7717605
0.7700845
0.7635585
0.7701872
0.7938672
0.7611214
0.6754595
0.7625047
0.7949195
0.7840908
0.7806821
0.7171805
0.6848698
0.6947274
0.7644453
0.7795066
0.7744138
0.7898311
0.7892332
0.7820022
0.7702893
0.7729352
0.7747529
0.7597872
0.7267667
0.707088
0.7026682
0.7019683
0.7103544
0.7138015
0.7047199
0.6879467
0.6848283
0.6813596
0.6695744
0.6753451
0.6661562
0.6439705
0.6364512
0.6392125
0.6421416
0.6343752
0.6249309
0.6247399
0.6279483
0.628034
0.6201415
0.6205604
0.6195911
0.5980897
0.5918396
0.591897
0.5857069
0.5841818
0.5807257
0.5740243
0.5694504
0.5662164
0.5631328
0.5639276
0.5628102
0.5603056
0.5564344
0.5562107
0.5595169
0.5582754
0.5558023
0.5530954
0.552198
0.5470611
0.5427691
0.5495721
0.5526986
0.5482287
0.5460902
0.5469025
0.5481509
0.5498426
0.5488842
0.5506798
0.5527894
0.5536049
0.5573055
0.5574039
0.5601682
0.5599442
0.5566156
0.5605962
0.5630285
0.5597432
0.5531343
0.551515
0.5531827
0.5562694
0.5615054
0.5622451
0.5618887
0.5631482
0.5670991
0.5694888
0.5674565
0.5645008
0.5648957
0.565757
0.5654689
0.5675559
0.5615666
0.5563975
0.556159
0.5518554
0.5515526
0.5532507
0.5515915
0.5461689
0.5433451
0.5512764
0.5523815
0.5484264
0.5526267
0.5517883
0.5518967
0.552467
0.5498307
0.5479515
0.540699
0.5403829
0.5461808
0.544462
0.5395591
0.5343918
0.5341804
0.5365164
0.5343071
0.5296065
0.5266657
0.5229838
0.5227284
0.5214516
0.5170372
0.5202827
0.5200279
0.5162942
0.5112447
0.5062189
0.5069224
0.5068548
0.5074364
0.5038302
0.5032195
0.5027453
0.5067643
0.4961849
0.5127294
0.6404323
0.5914858
0.5386185
0.6531459
0.6500539
0.7100683
0.7179586
0.6230245
0.5910218
0.6073386
0.6405928
0.6323378
0.6118382
0.6024972
0.624864
0.6029038
0.5589391
0.6260456
0.6589594
0.6342183
0.6358716
0.5859718
0.6188402
0.663601
0.6491204
0.6368691
0.6109867
0.588477
0.6002312
0.6236501
0.6078365
0.595617
0.6456355
0.6908481
0.6293054
0.6319482
0.6410717
0.5913228
0.6350286
0.6935138
0.6568733
0.6429912
0.595516
0.5724773
0.6485661
0.5945551
0.6621354
0.7032899
0.5952007
0.645057
0.6282819
0.5629553
0.5580169
0.5687786
0.5963446
0.5754456
0.6697502
0.705242
0.6052503
0.6461584
0.6833358
0.6332863
0.6037458
0.6109346
0.6367831
0.6386058
0.6386275
0.6532033
0.6382662
0.6641908
0.5837316
0.6015004
0.7403695
0.645361
0.6322216
0.6614708
0.6161534
0.6519327
0.6466008
0.6300318
0.6223674
0.6513194
0.7036264
0.6154878
0.5769051
0.6333674
0.645539
0.6524279
0.6038256
0.599202
0.6705386
0.6249405
0.5927334
0.6132184
0.6351476
0.6647692
0.6538868
0.6471521
0.6257496
0.626931
0.6263062
0.6293393
0.5864769
0.586733
0.705947
0.6600272
0.5848207
0.5851271
0.5999708
0.7119976
0.695404
0.6260142
0.6462869
0.6177776
0.607224
0.5893906
0.6183434
0.6848799
0.6459039
0.6241853
0.6527204
0.6769692
0.6067076
0.6012093
0.6832285
0.6281527
0.5863484
0.5789861
0.568509
0.6068952
0.6554391
0.6830022
0.6582242
0.6200391
0.6290877
0.5935292
0.6143161
0.640547
0.6218034
0.6818981
0.6555451
0.6182247
0.6128417
0.5888485
0.5825419
0.6123545
0.6552523
0.6356884
0.605123
0.5801721
0.6291104
0.6660198
0.6113412
0.5896974
0.5147281
0.4862701
0.4990894
0.5003286
0.4833278
0.526353
0.6840617
0.641366
0.5642041
0.5668806
0.5215697
0.505016
0.5129875
0.5154247
0.5070183
0.5030023
0.5034483
0.4996534
0.4974085
0.498927
0.5030082
0.5159971
0.5278809
0.5291169
0.5343021
0.5414903
0.5543121
0.5579119
0.5529614
0.5470654
0.5375227
0.5368227
0.5380336
0.5402122
0.5526221
0.5555416
0.5392685
0.5329751
0.5335014
0.5351396
0.5450978
0.5590908
0.5570253
0.5459025
0.5441601
0.5484099
0.5597709
0.5643302
0.5573504
0.5454494
0.5427189
0.5513078
0.5629924
0.5657668
0.5494594
0.5422777
0.5461524
0.5560537
0.572423
0.569012
0.5566031
0.5571495
0.5670896
0.5799831
0.585126
0.5796432
0.571284
0.5683629
0.5727631
0.5771048
0.5955123
0.6060385
0.5895596
0.5784043
0.5777393
0.5838304
0.589562
0.6006065
0.6044665
0.5928239
0.587559
0.5887384
0.5955598
0.6021138
0.6081589
0.603431
0.5923034
0.5932353
0.595351
0.6070774
0.6218119
0.6083189
0.596754
0.6008238
0.61798
0.645288
0.6433572
0.6197044
0.6063179
0.6060441
0.6201075
0.6281001
0.630055
0.632882
0.6149941
0.6016047
0.5978094
0.6026928
0.6279566
0.6556504
0.669255
0.6683027
0.6637606
0.6457547
0.6500885
0.6249577
0.5966619
0.6447863
0.6424368
0.6168913
0.6343173
0.6357898
0.6091334
0.6053592
0.6156312
0.6141361
0.6265667
0.637581
0.6180462
0.6083671
0.621643
0.6253352
0.6431809
0.6602176
0.6416221
0.6269527
0.6370915
0.6401129
0.6459836
0.6474555
0.6334739
0.6352615
0.648178
0.6558264
0.6698414
0.6622051
0.6525336
0.6661906
0.6588706
0.6599555
0.6601213
0.6396199
0.6398249
0.6464032
0.6489423
0.6573296
0.6597707
0.658765
0.6621642
0.6670651
0.6683208
0.6849123
0.6851255
0.6557086
0.662254
0.6665455
0.6616894
0.6682848
0.6668983
0.6614944
0.6281648
0.5762098
0.6127593
0.6638016
0.6329966
0.6268036
0.619253
0.6172792
0.6352993
0.6396824
0.6577842
0.6790872
0.6955281
0.6727121
0.6523017
0.6696732
0.6750897
0.6812231
0.6830047
0.6646407
0.6590638
0.6621457
0.669048
0.6757355
0.6668353
0.673206
0.6719471
0.6452099
0.6477209
0.6637785
0.6707645
0.6911022
0.6774419
0.6584513
0.6698655
0.6707009
0.6795822
0.6679713
0.6374821
0.64285
0.6533609
0.6589038
0.6715852
0.6570528
0.6489925
0.6644446
0.6790266
0.6800733
0.6617856
0.6601092
0.6668888
0.6730478
0.6868193
0.673448
0.6435386
0.6436434
0.6587594
0.6559449
0.6656752
0.6768581
0.6562526
0.6423436
0.6503766
0.6623156
0.6616629
0.6703439
0.6864311
0.6793478
0.6606469
0.6602956
0.6709206
0.6729563
0.6807775
0.6907117
0.6840466
0.6715829
0.6710468
0.6647111
0.6753198
0.6755541
0.6565399
0.6664162
0.6733132
0.6788095
0.6672691
0.6567612
0.6685639
0.6756087
0.6866394
0.7004006
0.6989537
0.6854154
0.6811997
0.6850353
0.6965394
0.7033953
0.6816507
0.6603503
0.6665522
0.6714027
0.6744524
0.676597
0.6648914
0.6682059
0.6873702
0.6925807
0.6996664
0.7026538
0.6859469
0.6784218
0.6857808
0.690766
0.6923256
0.6857209
0.6792464
0.6862044
0.6933662
0.6977721
0.6931348
0.6700062
0.647968
0.6696763
0.6928323
0.6999677
0.7340802
0.7421191
0.7227925
0.7099841
0.701719
0.7025367
0.7076623
0.708708
0.7077055
0.705784
0.7126547
0.7199516
0.7084584
0.7038595
0.7200135
0.732753
0.7197643
0.7089476
0.7084275
0.7093498
0.7098259
0.7077265
0.7046142
0.7065813
0.7093027
0.6961358
0.6957779
0.6986494
0.6986168
0.700298
0.6917022
0.6945005
0.7028867
0.6983632
0.6933334
0.6935208
0.6992054
0.7073255
0.7050455
0.7036799
0.71269
0.7186142
0.7117292
0.7116453
0.7220919
0.7243014
0.7162189
0.7138658
0.7210572
0.7168124
0.7066983
0.7068777
0.7165483
0.7192946
0.708425
0.7079531
0.7143991
0.7089979
0.703606
0.7044483
0.707758
0.7076779
0.6922677
0.6734242
0.6761623
0.6904728
0.6903704
0.6830214
0.6778128
0.6678512
0.6663813
0.6732685
0.6722468
0.6712394
0.6680433
0.6691256
0.6808265
0.6933033
0.7033056
0.6974067
0.6941611
0.7036115
0.7080911
0.7088092
0.7081446
0.7045973
0.7106772
0.7226729
0.722715
0.7184415
0.7133117
0.7157323
0.7271764
0.7232972
0.7169709
0.6973584
0.7018579
0.7438881
0.7439335
0.7174434
0.712449
0.7333974
0.7324438
0.7250332
0.7241824
0.7068635
0.6935091
0.7013566
0.7131996
0.723032
0.7349573
0.7291849
0.7169954
0.7059446
0.7040859
0.704079
0.6891842
0.6801737
0.6905109
0.690737
0.687667
0.6939123
0.6971957
0.6962499
0.6908325
0.6951086
0.7011352
0.7043211
0.7038349
0.6951428
0.7014646
0.7112989
0.703026
0.6946368
0.6968161
0.7076439
0.7088837
0.6972271
0.6912631
0.698657
0.7031127
0.6914118
0.6890495
0.6976461
0.7011171
0.7040644
0.7044877
0.7072021
0.719075
0.7216683
0.7123286
0.7048734
0.7046925
0.7070049
0.7037053
0.6950154
0.697437
0.7046125
0.6978686
0.6950666
0.7031472
0.7150417
0.7144514
0.7096063
0.7154661
0.7203594
0.7236453
0.7173371
0.7139935
0.7229773
0.7287085
0.7335072
0.7304475
0.7231506
0.7241246
0.7245414
0.7169467
0.7129443
0.7181351
0.7137773
0.6969989
0.6835794
0.676513
0.6727426
0.6723594
0.6714869
0.6606106
0.6593019
0.6834759
0.6954593
0.6953263
0.7026783
0.7282395
0.7471394
0.738583
0.7330094
0.7229215
0.7176568
0.7239893
0.7292517
0.7389787
0.7420927
0.7403199
0.7315262
0.7125531
0.7067591
0.7098688
0.7169194
0.7332747
0.7405752
0.734123
0.7315928
0.7252933
0.7154459
0.7203749
0.7336897
0.7383299
0.7403767
0.7385028
0.7198459
0.7074684
0.7142388
0.7210593
0.7220245
0.7228802
0.7265077
0.7245106
0.7124038
0.7096715
0.7128804
0.7188603
0.724347
0.728282
0.7220117
0.7156891
0.7241733
0.7318825
0.7378811
0.7421753
0.7456855
0.7315956
0.7181962
0.7128637
0.7103769
0.7196209
0.7272061
0.7338695
0.725464
0.7105114
0.7044522
0.705315
0.7070051
0.7120265
0.7258737
0.7302234
0.7279838
0.7246986
0.714935
0.7009899
0.6982702
0.7010502
0.7080778
0.7114033
0.7017447
0.6999359
0.7040039
0.7058184
0.6916745
0.672278
0.6605825
0.6596984
0.6601632
0.6543081
0.6336589
0.6190074
0.6490441
0.663231
0.6573782
0.6654865
0.6837175
0.6987397
0.7037456
0.7076532
0.7153479
0.727077
0.7172191
0.6996731
0.6958874
0.7026675
0.7019902
0.6912944
0.6882264
0.6930903
0.6964323
0.6877787
0.6789969
0.6914718
0.6984828
0.6966265
0.6964405
0.6886944
0.6778429
0.6721662
0.6825169
0.6804937
0.6662002
0.6577195
0.6605555
0.6698515
0.6775755
0.6670733
0.6562433
0.6733941
0.6809563
0.6797698
0.6796129
0.6767151
0.6806816
0.68719
0.6861405
0.6900529
0.6970828
0.691444
0.6894098
0.6922511
0.6872612
0.6866933
0.6841428
0.6764814
0.6879097
0.6975058
0.6992498
0.6931685
0.6796254
0.6834099
0.6875972
0.6868777
0.6889413
0.6946215
0.7042305
0.7083365
0.7019933
0.6967981
0.700332
0.7012631
0.6998995
0.691159
0.6828254
0.6853349
0.6885828
0.6903424
0.6872165
0.6797681
0.6912452
0.7072159
0.6953883
0.6851782
0.6898236
0.6963759
0.699011
0.6926525
0.690084
0.7005562
0.7051869
0.7033915
0.7009632
0.6919913
0.6920026
0.6875302
0.6661523
0.6463293
0.6418041
0.6459813
0.64018
0.6414001
0.6542473
0.6581623
0.6535253
0.6487752
0.6495027
0.6558084
0.6618529
0.662965
0.6675877
0.6785264
0.6837569
0.6867204
0.6920523
0.7016225
0.7229433
0.7344554
0.7159801
0.6841775
0.6672336
0.6581892
0.6550068
0.6573841
0.6625157
0.6787574
0.6826676
0.678002
0.6800357
0.6863818
0.6910203
0.6944499
0.7036938
0.7008908
0.6996943
0.7043372
0.7186525
0.7378759
0.7308215
0.7323917
0.7322101
0.7288527
0.7406883
0.7382652
0.7413642
0.7495427
0.7396418
0.7313429
0.7371631
0.7467261
0.7396254
0.7207835
0.7219164
0.7234231
0.7275097
0.7393791
0.7283105
0.7192075
0.722593
0.7300347
0.7216687
0.7080762
0.7109136
0.7174916
0.7274612
0.7219518
0.716658
0.7229561
0.7249785
0.7259791
0.7326634
0.7307908
0.7220276
0.7343836
0.7405519
0.7386619
0.7371659
0.736046
0.7470187
0.7456094
0.7425928
0.7358071
0.7242939
0.7271187
0.7271765
0.7130286
0.707697
0.7126646
0.7180141
0.7221826
0.7154722
0.7167123
0.7214751
0.719641
0.7194124
0.7173395
0.7215745
0.7288305
0.7211921
0.7182848
0.717458
0.7123468
0.7068026
0.6965511
0.7006056
0.7153681
0.720658
0.7140609
0.723962
0.7206166
0.7100415
0.7283496
0.737268
0.7203912
0.7006469
0.7048425
0.7097426
0.7034956
0.6927962
0.6718279
0.6549835
0.6516294
0.6510506
0.6491273
0.6466346
0.6536023
0.6657027
0.6690703
0.6654152
0.6666115
0.7073696
0.7533607
0.7179866
0.6538078
0.6428606
0.6481893
0.6392549
0.6258263
0.6254728
0.629713
0.6363546
0.6358201
0.6461525
0.7089077
0.7205451
0.7584734
