0.881
0.877
0.876
0.887
0.887
0.89
0.883
0.875
0.86
0.861
0.87
0.865
0.866
0.862
0.868
0.881
0.891
0.889
0.889
0.888
0.897
0.895
0.891
0.887
0.889
0.882
0.88
0.875
0.879
0.882
0.88
0.878
0.884
0.89
0.894
0.892
0.892
0.895
0.886
0.883
0.883
0.888
0.884
0.883
0.885
0.895
0.897
0.895
0.896
0.906
0.907
0.903
0.908
0.913
0.916
0.911
0.915
0.917
0.919
0.916
0.919
0.911
0.897
0.914
0.905
0.91
0.895
0.902
0.903
0.906
0.89
0.887
0.897
0.891
0.884
0.88
0.891
0.896
0.891
0.89
0.901
0.903
0.903
0.892
0.9
0.904
0.9
0.895
0.899
0.909
0.911
0.908
0.902
0.909
0.911
0.911
0.897
0.914
0.916
0.913
0.899
0.912
0.912
0.917
0.911
0.9
0.913
0.912
0.901
0.896
0.912
0.914
0.905
0.903
0.908
0.907
0.889
0.881
0.872
0.879
0.873
0.87
0.887
0.881
0.881
0.877
0.885
0.891
0.892
0.897
0.891
0.893
0.895
0.89
0.891
0.875
0.877
0.876
0.873
0.873
0.875
0.881
0.884
0.888
0.884
0.885
0.893
0.887
0.885
0.879
0.882
0.878
0.874
0.871
0.875
0.875
0.875
0.868
0.873
0.88
0.884
0.883
0.887
0.896
0.898
0.903
0.902
0.911
0.919
0.918
0.912
0.913
0.918
0.914
0.914
0.917
0.919
0.916
0.909
0.916
0.915
0.913
0.905
0.902
0.903
0.899
0.891
0.895
0.897
0.899
0.896
0.899
0.899
0.898
0.894
0.892
0.893
0.889
0.888
0.89
0.893
0.898
0.89
0.882
0.889
0.884
0.88
0.884
0.887
0.875
0.885
0.885
0.883
0.879
0.869
0.886
0.889
0.87
0.862
0.882
0.882
0.867
0.844
0.858
0.861
0.863
0.858
0.874
0.881
0.887
0.881
0.883
0.898
0.901
0.901
0.89
0.893
0.899
0.896
0.891
0.88
0.884
0.888
0.889
0.875
0.883
0.893
0.892
0.892
0.897
0.914
0.915
0.916
0.905
0.916
0.919
0.92
0.904
0.905
0.906
0.9
0.891
0.888
0.893
0.891
0.886
0.875
0.884
0.887
0.887
0.875
0.89
0.89
0.884
0.875
0.879
0.886
0.892
0.892
0.898
0.905
0.914
0.915
0.909
0.917
0.907
0.905
0.903
0.905
0.895
0.894
0.906
0.905
0.891
0.898
0.908
0.906
0.894
0.894
0.903
0.903
0.895
0.891
0.9
0.891
0.88
0.876
0.865
0.866
0.875
0.871
0.871
0.867
0.875
0.896
0.9
0.899
0.9
0.908
0.917
0.914
0.914
0.916
0.92
0.916
0.909
0.913
0.916
0.928
0.916
0.917
0.915
0.927
0.921
0.913
0.918
0.925
0.93
0.925
0.932
0.935
0.94
0.935
0.94
0.935
0.936
0.931
0.939
0.94
0.927
0.93
0.944
0.942
0.919
0.927
0.937
0.939
0.921
0.932
0.939
0.935
0.907
0.919
0.932
0.931
0.914
0.919
0.935
0.935
0.915
0.913
0.933
0.935
0.914
0.907
0.921
0.914
0.885
0.875
0.857
0.867
0.886
0.865
0.876
0.873
0.875
0.884
0.898
0.899
0.896
0.905
0.911
0.913
0.909
0.91
0.912
0.917
0.915
0.913
0.914
0.897
0.915
0.907
0.907
0.902
0.891
0.891
0.875
0.874
0.876
0.861
0.849
0.847
0.827
0.825
0.821
0.825
0.785
0.784
0.776
0.763
0.76
0.791
0.763
0.777
0.767
0.765
0.759
0.742
0.751
0.744
0.741
0.744
0.752
0.736
0.747
0.747
0.738
0.743
0.764
0.743
0.728
0.731
0.72
0.732
0.734
0.745
0.733
0.743
0.762
0.743
0.733
0.731
0.731
0.722
0.719
0.735
0.724
0.731
0.73
0.74
0.726
0.722
0.726
0.721
0.726
0.728
0.724
0.716
0.733
0.717
0.716
0.72
0.737
0.723
0.71
0.721
0.714
0.709
0.708
0.719
0.712
0.709
0.709
0.715
0.702
0.702
0.701
0.702
0.692
0.694
0.709
0.701
0.702
0.697
0.7
0.694
0.693
0.694
0.692
0.698
0.697
0.689
0.677
0.679
0.671
0.677
0.673
0.676
0.68
0.679
0.674
0.674
0.682
0.681
0.672
0.675
0.685
0.683
0.675
0.674
0.68
0.674
0.672
0.679
0.686
0.672
0.679
0.678
0.687
0.684
0.674
0.675
0.674
0.666
0.677
0.678
0.687
0.672
0.679
0.681
0.678
0.678
0.687
0.691
0.682
0.677
0.684
0.688
0.678
0.678
0.68
0.684
0.672
0.676
0.679
0.68
0.668
0.669
0.672
0.67
0.666
0.657
0.659
0.657
0.652
0.653
0.644
0.65
0.649
0.652
0.647
0.651
0.654
0.657
0.652
0.651
0.663
0.655
0.659
0.652
0.658
0.655
0.66
0.65
0.657
0.655
0.647
0.655
0.656
0.652
0.666
0.654
0.654
0.655
0.668
0.649
0.659
0.66
0.668
0.653
0.663
0.668
0.673
0.666
0.665
0.666
0.682
0.66
0.669
0.665
0.668
0.661
0.666
0.667
0.68
0.659
0.673
0.671
0.678
0.666
0.667
0.67
0.673
0.668
0.669
0.669
0.677
0.676
0.671
0.666
0.695
0.667
0.667
0.673
0.672
0.666
0.666
0.668
0.658
0.657
0.665
0.655
0.655
0.66
0.653
0.653
0.658
0.658
0.651
0.655
0.662
0.654
0.652
0.654
0.659
0.648
0.657
0.655
0.654
0.647
0.659
0.663
0.649
0.662
0.674
0.685
0.672
0.68
0.668
0.671
0.684
0.684
0.681
0.672
0.684
0.681
0.673
0.669
0.663
0.673
0.674
0.668
0.681
0.693
0.688
0.689
0.678
0.698
0.697
0.684
0.696
0.689
0.684
0.687
0.678
0.712
0.695
0.708
0.722
0.706
0.709
0.727
0.71
0.706
0.714
0.723
0.708
0.708
0.708
0.739
0.712
0.711
0.715
0.749
0.727
0.73
0.721
0.755
0.741
0.736
0.724
0.781
0.741
0.776
0.762
0.749
0.777
0.755
0.75
0.767
0.764
0.766
0.764
0.745
0.74
0.773
0.765
0.768
0.763
0.759
0.8
0.784
0.78
0.773
0.81
0.8
0.792
0.78
0.805
0.799
0.787
0.777
0.766
0.802
0.787
0.781
0.782
0.805
0.794
0.792
0.817
0.813
0.812
0.797
0.794
0.807
0.78
0.784
0.77
0.77
0.8
0.801
0.798
0.811
0.823
0.817
0.804
0.819
0.826
0.827
0.816
0.838
0.844
0.847
0.837
0.851
0.849
0.848
0.828
0.823
0.824
0.821
0.822
0.826278
0.8272166
0.8281234
0.8289969
0.818
0.826
0.834
0.834
0.82
0.841
0.843
0.847
0.835
0.856
0.852
0.853
0.835
0.859
0.857
0.852
0.842
0.843
0.853
0.856
0.853
0.861
0.88
0.875
0.874
0.856
0.849
0.856
0.844
0.859
0.866
0.869
0.85
0.874
0.871
0.871
0.85
0.871
0.873
0.865
0.854
0.874
0.869
0.873
0.859
0.874
0.878
0.873
0.857
0.88
0.88
0.874
0.87
0.878
0.89
0.875
0.872
0.893
0.891
0.886
0.876
0.896
0.89
0.886
0.867
0.884
0.88
0.875
0.857
0.875
0.872
0.868
0.845
0.861
0.862
0.852
0.84
0.859
0.857
0.852
0.839
0.853
0.851
0.844
0.836
0.833
0.838
0.827
0.848
0.848
0.842
0.838
0.849
0.844
0.835
0.836
0.85
0.848
0.841
0.835
0.855
0.845
0.833
0.847
0.842
0.845
0.838
0.839
0.827
0.816
0.816
0.812
0.808
0.823
0.816
0.823
0.829
0.823
0.834
0.838
0.841
0.835
0.853
0.849
0.848
0.849
0.854
0.848
0.849
0.856
0.847
0.857
0.857
0.855
0.861
0.868
0.867
0.875
0.871
0.875
0.875
0.875
0.878
0.864
0.871
0.867
0.874
0.868
0.872
0.866
0.873
0.858
0.866
0.868
0.876
0.871
0.867
0.87
0.872
0.86
0.84
0.834
0.847
0.842
0.848
0.835
0.845
0.852
0.858
0.856
0.849
0.834
0.843
0.833
0.837
0.84
0.848
0.836
0.831
0.824
0.833
0.831
0.83
0.822
0.822
0.827
0.826
0.832
0.821
0.828
0.831
0.836
0.833
0.838
0.847
0.847
0.84
0.842
0.851
0.851
0.844
0.843
0.845
0.851
0.852
0.842
0.849
0.854
0.834
0.844
0.856
0.863
0.846
0.853
0.863
0.863
0.851
0.841
0.845
0.838
0.823
0.828
0.832
0.834
0.831
0.825
0.827
0.834
0.828
0.809
0.823
0.836
0.838
0.852
0.854
0.851
0.856
0.858
0.862
0.852
0.852
0.852
0.848
0.84
0.841
0.847
0.84
0.836
0.841
0.843
0.841
0.827
0.835
0.844
0.85
0.853
0.846
0.85
0.86
0.85
0.845
0.846
0.854
0.856
0.84
0.84
0.847
0.845
0.833
0.822
0.818
0.825
0.829
0.834
0.827
0.825
0.833
0.834
0.832
0.836
0.846
0.842
0.833
0.842
0.842
0.836
0.822
0.823
0.828
0.833
0.828
0.832
0.84
0.85
0.832
0.831
0.838
0.849
0.826
0.82
0.829
0.843
0.83
0.827
0.835
0.847
0.86
0.848
0.846
0.849
0.871
0.861
0.85
0.852
0.865
0.857
0.842
0.847
0.854
0.839
0.857
0.86
0.848
0.82
0.839
0.855
0.849
0.852
0.858
0.845
0.84
0.833
0.835
0.829
0.851
0.83
0.851
0.858
0.832
0.847
0.868
0.852
0.847
0.846
0.844
0.84
0.833
0.828
0.827
0.827
0.829
0.83
0.834
0.836
0.84
0.845
0.84
0.819
0.819
0.822
0.804
0.815
0.816
0.797
0.837
0.842
0.824
0.826
0.83
0.827
0.818
0.814
0.821
0.817
0.804
0.815
0.79
0.796
0.802
0.789
0.791
0.802
0.784
0.785
0.793
0.813
0.806
0.805
0.813
0.833
0.836
0.821
0.833
0.853
0.847
0.852
0.824
0.842
0.849
0.855
0.871
0.853
0.84
0.857
0.85
0.83
0.831
0.818
0.83
0.841
0.842
0.823
0.826
0.833
0.837
0.824
0.827
0.798
0.821
0.827
0.846
0.857
