0.959
0.954
0.96
0.956
0.912
0.921
0.909
0.92
0.923
0.9
0.92
0.897
0.903
0.883
0.907
0.907
0.903
0.91
0.887
0.886
0.901
0.912
0.919
0.945
0.983
0.974
0.981
1.001
0.991
0.969
0.993
0.98
0.95
0.975
0.963
0.933
0.956
0.943
0.897
0.905
0.908
0.908
0.901
0.926
0.94
0.922
0.953
0.946
0.937
0.959
0.958
0.935
0.958
0.971
0.984
0.992
1
1.005
0.989
0.999
0.986
0.94
0.932
0.909
0.867
0.872
0.859
0.848
0.817
0.817
0.796
0.836
0.877
0.886
0.878
0.923
0.931
0.91
0.935
0.938
0.909
0.928
0.936
0.903
0.926
0.933
0.931
0.915
0.944
0.951
0.917
0.941
0.946
0.916
0.941
0.945
0.92
0.928
0.937
0.917
0.882
0.861
0.855
0.846
0.854
0.857
0.859
0.894
0.891
0.881
0.91
0.906
0.902
0.89
0.905
0.91
0.9
0.886
0.896
0.883
0.917
0.933
0.911
0.923
0.947
0.936
0.919
0.953
0.949
0.913
0.967
0.975
0.95
0.989
1.01
0.985
0.992
1.005
0.988
0.94
0.967
0.961
0.931
0.942
0.953
0.906
0.899
0.906
0.872
0.882
0.886
0.871
0.877
0.9
0.913
0.904
0.947
0.944
0.939
0.961
0.969
0.93
0.953
0.954
0.919
0.966
0.958
0.936
0.972
0.976
0.96
0.981
0.976
0.939
0.965
0.962
0.931
0.942
0.947
0.922
0.932
0.951
0.94
0.92
0.941
0.93
0.914
0.945
0.958
0.918
0.95
0.945
0.905
0.923
0.929
0.909
0.922
0.94
0.934
0.921
0.95
0.945
0.906
0.932
0.935
0.902
0.939
0.941
0.912
0.935
0.945
0.923
0.938
0.949
0.937
0.923
0.95
0.945
0.91
0.935
0.944
0.921
0.919
0.929
0.923
0.897
0.932
0.937
0.907
0.927
0.946
0.922
0.932
0.95
0.954
0.928
0.967
0.967
0.932
0.952
0.937
0.906
0.897
0.904
0.877
0.891
0.875
0.85
0.866
0.879
0.892
0.851
0.866
0.869
0.868
0.843
0.837
0.825
0.834
0.821
0.772
0.804
0.783
0.75
0.755
0.9091184
0.792
0.809
0.821
0.819
0.884
0.864
0.875
0.887
0.816
0.834
0.859
0.867
0.886
0.902
0.875
0.929
0.947
0.971
0.968
0.956
0.982
0.986
0.935
0.97
0.956
0.908
0.93
0.925
0.93
0.896
0.941
0.949
0.925
0.956
0.956
0.964
0.929
0.958
0.959
0.963
0.933
0.958
0.958
0.956
0.929
0.958
0.963
0.96
0.921
0.954
0.959
0.953
0.966
0.969
0.981
0.94
0.946
0.955
0.945
0.906
0.927
0.926
0.92
0.889
0.917
0.932
0.91
0.913
0.933
0.938
0.919
0.931
0.944
0.941
0.907
0.935
0.95
0.925
0.932
0.96
0.949
0.915
0.934
0.93
0.891
0.918
0.916
0.894
0.933
0.938
0.913
0.938
0.958
0.933
0.945
0.958
0.926
0.95
0.952
0.954
0.935
0.942
0.93
0.921
0.885
0.891
0.89
0.856
0.863
0.858
0.825
0.849
0.848
0.827
0.787
0.832
0.82
0.78
0.786
0.827
0.831
0.813
0.858
0.887
0.881
0.852
0.904
0.916
0.894
0.939
0.943
0.886
0.875
0.875
0.843
0.856
0.839
0.852
0.7910628
0.7878959
0.7847091
0.7815089
0.811
0.793
0.797
0.752
0.769
0.75
0.727
0.757
0.75
0.733
0.76
0.771
0.782
0.791
0.789
0.78
0.805
0.843
0.842
0.844
0.78
0.786
0.764
0.734
0.76
0.708
0.711
0.706
0.684
0.696
0.668
0.663
0.674
0.672
0.66
0.684
0.644
0.64
0.647
0.64
0.632
0.644
0.637
0.624
0.636
0.633
0.619
0.634
0.629
0.624
0.636
0.617
0.628
0.616
0.633
0.618
0.611
0.615
0.616
0.626
0.643
0.642
0.64
0.642
0.63
0.645
0.625
0.622
0.628
0.616
0.624
0.627
0.62
0.629
0.613
0.625
0.605
0.609
0.608
0.592
0.594
0.603
0.588
0.601
0.583
0.593
0.597
0.575
0.584
0.593
0.595
0.574
0.584
0.59
0.574
0.581
0.595
0.578
0.587
0.583
0.575
0.585
0.592
0.583
0.593
0.602
0.59
0.597
0.599
0.577
0.581
0.577
0.584
0.588
0.582
0.587
0.594
0.578
0.58
0.585
0.573
0.585
0.595
0.587
0.588
0.603
0.583
0.583
0.591
0.596
0.594
0.602
0.608
0.593
0.598
0.592
0.581
0.585
0.569
0.564
0.57
0.57
0.557
0.56
0.56
0.556
0.55
0.554
0.56
0.548
0.546
0.552
0.545
0.545
0.55
0.55
0.538
0.539
0.541
0.548
0.541
0.54
0.542
0.538
0.535
0.539
0.54
0.533
0.535
0.532
0.529
0.529
0.534
0.534
0.531
0.531
0.53
0.53
0.526
0.529
0.527
0.523
0.517
0.516
0.516
0.515
0.513
0.511
0.509
0.5271959
0.5272924
0.512
0.514
0.512
0.517
0.521
0.52
0.52
0.517
0.523
0.522
0.519
0.522
0.515
0.516
0.516
0.518
0.511
0.513
0.51
0.514
0.513
0.513
0.511
0.512
0.508
0.509
0.51
0.508
0.509
0.506
0.508
0.506
0.516
0.51
0.514
0.516
0.52
0.522
0.524
0.528
0.535
0.415
0.666
0.551
0.554
0.56
0.557
0.561
0.563
0.558
0.572
0.573
0.575
0.576
0.588
0.59
0.591
0.591
0.597
0.611
0.643
0.685
0.687
0.664
0.646
0.647
0.662
0.666
0.647
0.639
0.653
0.694
0.71
0.711
0.696
0.705
0.707
0.69
0.7
0.681
0.676
0.698
0.685
0.67
0.674
0.71
0.726
0.717
0.707
0.729
0.737
0.717
0.73
0.741
0.719
0.731
0.727
0.712
0.733
0.721
0.728
0.735
0.716
0.738
0.754
0.741
0.725
0.747
0.718
0.718
0.807
0.936
0.7787499
0.914
0.841
0.803
0.75
0.744
0.861
0.7939918
0.7961095
0.7982036
0.951
0.89
0.875
0.81
0.788
0.841
0.948
0.8137606
0.964
0.953
0.91
0.881
0.828
0.787
0.78
0.828
0.903
0.899
0.924
0.936
0.93
0.925
0.895
0.816
0.818
0.791
0.769
0.762
0.775
0.795
0.792
0.816
0.802
0.778
0.785
0.809
0.8
0.795
0.829
0.858
0.872
0.854
0.875
0.858
0.831
0.845
0.824
0.811
0.812
0.806
0.777
0.794
0.82
0.823
0.808
0.848
0.822
0.808
0.823
0.819
0.799
0.829
0.811
0.821
0.828
0.814
0.84
0.841
0.812
0.837
0.827
0.804
0.815
0.796
0.812
0.834
0.827
0.816
0.821
0.807
0.83
0.825
0.799
0.818
0.82
0.802
0.826
0.832
0.818
0.842
0.842
0.839
0.872
0.891
0.863
0.863
0.861
0.789
0.773
0.776
0.76
0.76
0.794
0.819
0.811
0.796
0.804
0.82
0.797
0.807
0.825
0.828
0.809
0.837
0.85
0.803
0.777
0.776
0.786
0.784
0.806
0.844
0.856
0.848
0.876
0.872
0.845
0.868
0.865
0.845
0.859
0.864
0.84
0.863
0.855
0.833
0.849
0.856
0.841
0.835
0.844
0.857
0.867
0.868
0.851
0.872
0.872
0.846
0.863
0.865
0.851
0.876
0.873
0.85
0.869
0.841
0.829
0.832
0.841
0.863
0.852
0.848
0.877
0.868
0.86
0.879
0.869
0.854
0.868
0.855
0.843
0.834
0.813
0.796
0.787
0.768
0.751
0.785
0.807
0.822
0.852
0.83
0.83
0.803
0.791
0.782
0.788
0.823
0.835
0.832
0.819
0.839
0.834
0.819
0.847
0.85
0.836
0.843
0.85
0.822
0.828
0.837
0.827
0.837
0.857
0.844
0.861
0.88
0.856
0.862
0.879
0.866
0.865
0.881
0.851
0.841
0.863
0.857
0.845
0.862
0.866
0.856
0.881
0.869
0.872
0.873
0.844
0.848
0.839
0.829
0.85
0.843
0.855
0.881
0.869
0.876
0.894
0.87
0.887
0.873
0.852
0.872
0.862
0.849
0.875
0.875
0.86
0.887
0.869
0.85
0.86
0.863
0.834
0.845
0.853
0.837
0.843
0.864
0.842
0.853
0.87
0.856
0.864
0.88
0.864
0.862
0.879
0.861
0.857
0.884
0.859
0.852
0.865
0.842
0.855
0.85
0.837
0.861
0.846
0.794
0.803
0.792
0.776
0.753
0.749
0.777
0.8
0.792
0.795
0.843
0.815
0.792
0.809
0.772
0.778
0.756
0.758
0.77
0.77
0.804
0.868
0.836
0.836
0.901
0.873
0.845
0.894
0.859
0.822
0.821
0.813
0.799
0.838
0.825
0.823
0.854
0.842
0.837
0.875
0.88
0.843
0.895
0.876
0.85
0.881
0.899
0.875
0.84
0.878
0.872
0.833
0.823
0.84
0.829
0.801
0.835
0.852
0.806
0.835
0.851
0.797
0.801
0.827
0.859
0.85
0.824
0.785
0.798
0.768
0.764
0.78
0.771
0.747
0.773
0.772
0.751
0.776
0.763
0.749
0.768
0.774
0.759
0.787
0.788
0.776
0.768
0.759
0.75
0.785
0.804
0.809
0.82
0.81
0.781
0.805
0.816
0.785
0.75
0.801
0.772
0.781
0.842
0.837
0.804
0.853
0.853
0.834
0.801
0.794
0.825
0.817
0.803
0.802
0.848
0.813
0.804
0.854
0.845
0.813
0.864
0.809
0.871
0.864
0.826
0.83
0.808
0.815
0.808
0.828
0.774
0.803
0.831
0.798
0.792
0.838
0.806
0.788
0.837
0.825
0.782
0.836
0.816
0.783
0.847
0.858
0.812
0.858
0.852
0.801
0.861
0.854
0.815
0.862
0.865
0.818
0.854
0.857
0.828
0.82
0.865
0.83
0.814
0.873
0.853
0.813
0.867
0.831
0.787
0.796
0.766
0.75
0.742
0.726
0.731
0.796
0.82
0.833
0.818
0.828
0.79
0.761
0.784
0.808
0.804
0.766
0.812
0.809
0.78
0.827
0.827
0.792
0.836
0.853
0.841
0.824
0.849
0.827
0.791
0.864
0.863
0.817
0.86
0.835
0.783
0.841
0.836
0.802
0.849
0.848
0.82
0.854
0.851
0.825
0.858
0.851
0.8
0.844
0.832
0.796
0.822
0.796
0.787
0.778
0.761
0.813
0.825
0.805
0.833
0.816
0.802
0.833
0.825
0.785
0.815
0.816
0.818
0.803
0.842
0.859
0.838
0.876
