0.89
0.874
0.889
0.89
0.885
0.865
0.884
0.879
0.854
0.866
0.862
0.838
0.808
0.819
0.824
0.824
0.85
0.875
0.87
0.867
0.872
0.87
0.857
0.869
0.878
0.869
0.881
0.891
0.897
0.881
0.891
0.906
0.901
0.88
0.889
0.888
0.868
0.884
0.894
0.878
0.862
0.868
0.883
0.869
0.866
0.869
0.883
0.86
0.863
0.87
0.869
0.859
0.882
0.899
0.888
0.896
0.911
0.905
0.891
0.906
0.918
0.897
0.896
0.917
0.927
0.906
0.905
0.912
0.912
0.895
0.894
0.902
0.908
0.894
0.911
0.915
0.898
0.91
0.916
0.907
0.887
0.898
0.912
0.907
0.895
0.908
0.909
0.885
0.893
0.9
0.887
0.875
0.88
0.886
0.864
0.864
0.87
0.868
0.846
0.852
0.867
0.872
0.866
0.861
0.872
0.872
0.853
0.839
0.847
0.853
0.846
0.843
0.861
0.88
0.889
0.894
0.883
0.896
0.9
0.881
0.866
0.88
0.893
0.903
0.88
0.861
0.868
0.875
0.876
0.865
0.879
0.884
0.865
0.865
0.88
0.882
0.875
0.885
0.891
0.889
0.868
0.872
0.884
0.887
0.884
0.867
0.872
0.876
0.878
0.861
0.865
0.866
0.852
0.859
0.873
0.871
0.865
0.835
0.827
0.833
0.817
0.822
0.836
0.85
0.838
0.851
0.866
0.871
0.858
0.867
0.885
0.885
0.875
0.887
0.888
0.87
0.879
0.889
0.88
0.874
0.88
0.874
0.864
0.86
0.876
0.891
0.889
0.876
0.888
0.897
0.891
0.874
0.867
0.877
0.882
0.89
0.874
0.866
0.87
0.865
0.855
0.873
0.883
0.887
0.876
0.893
0.905
0.9
0.876
0.879
0.894
0.903
0.907
0.887
0.892
0.897
0.903
0.887
0.899
0.904
0.89
0.872
0.873
0.873
0.862
0.869
0.895
0.902
0.912
0.895
0.9
0.906
0.905
0.881
0.883
0.883
0.881
0.871
0.878
0.884
0.889
0.875
0.878
0.888
0.898
0.88
0.882
0.892
0.896
0.881
0.877
0.891
0.894
0.873
0.861
0.875
0.883
0.864
0.858
0.87
0.862
0.849
0.861
0.872
0.861
0.859
0.879
0.894
0.877
0.874
0.88
0.88
0.866
0.872
0.88
0.873
0.864
0.874
0.881
0.874
0.874
0.886
0.898
0.876
0.886
0.895
0.89
0.87
0.88
0.883
0.874
0.865
0.87
0.876
0.867
0.861
0.877
0.884
0.895
0.881
0.89
0.896
0.888
0.881
0.898
0.9
0.882
0.893
0.903
0.899
0.882
0.894
0.908
0.893
0.89
0.909
0.917
0.903
0.885
0.89
0.89
0.87
0.878
0.89
0.887
0.879
0.903
0.914
0.905
0.891
0.905
0.904
0.893
0.875
0.881
0.881
0.876
0.873
0.893
0.9
0.887
0.875
0.879
0.887
0.893
0.875
0.888
0.897
0.893
0.885
0.886
0.894
0.878
0.863
0.864
0.866
0.847
0.842
0.85
0.882
0.894
0.9
0.88
0.886
0.893
0.875
0.886
0.893
0.864
0.845
0.847
0.845
0.864
0.882
0.892
0.884
0.899
0.914
0.92
0.911
0.906
0.912
0.915
0.883
0.89
0.884
0.884
0.869
0.883
0.89
0.884
0.869
0.881
0.888
0.881
0.867
0.874
0.878
0.859
0.862
0.871
0.855
0.85
0.863
0.86
0.84
0.836
0.848
0.82
0.753
0.762
0.726
0.743
0.739
0.751
0.757
0.766
0.772
0.768
0.757
0.748
0.734
0.717
0.684
0.696
0.676
0.673
0.673
0.669
0.662
0.673
0.665
0.655
0.675
0.681
0.678
0.691
0.697
0.717
0.73
0.739
0.752
0.747
0.746
0.751
0.736
0.745
0.746
0.74
0.751
0.75
0.75
0.747
0.74
0.731
0.735
0.739
0.741
0.743
0.73
0.73
0.729
0.719
0.717
0.713
0.702
0.703
0.693
0.691
0.689
0.682
0.68
0.677
0.676
0.68
0.67
0.674
0.679
0.665
0.67
0.681
0.671
0.672
0.678
0.675
0.675
0.671
0.68
0.68
0.684
0.689
0.694
0.696
0.69
0.693
0.689
0.682
0.683
0.682
0.675
0.676
0.675
0.669
0.668
0.666
0.663
0.663
0.664
0.656
0.656
0.658
0.654
0.65
0.653
0.651
0.649
0.655
0.657
0.649
0.648
0.654
0.648
0.647
0.65
0.646
0.643
0.647
0.647
0.648
0.642
0.636
0.641
0.641
0.632
0.634
0.637
0.637
0.635
0.633
0.636
0.639
0.634
0.639
0.636
0.633
0.633
0.632
0.642
0.637
0.634
0.638
0.639
0.63
0.628
0.629
0.622
0.621
0.624
0.623
0.627
0.626
0.622
0.635
0.635
0.629
0.631
0.635
0.631
0.631
0.632
0.64
0.635
0.634
0.636
0.639
0.642
0.645
0.64
0.643
0.639
0.643
0.647
0.646
0.642
0.638
0.651
0.646
0.64
0.645
0.646
0.647
0.642
0.638
0.645
0.644
0.638
0.634
0.638
0.641
0.632
0.632
0.641
0.636
0.629
0.636
0.633
0.629
0.628
0.627
0.635
0.635
0.633
0.644
0.648
0.656
0.666
0.669
0.672
0.685
0.677
0.654
0.643
0.65
0.64
0.639
0.642
0.647
0.643
0.639
0.647
0.652
0.646
0.638
0.641
0.642
0.639
0.636
0.635
0.635
0.642
0.65
0.646
0.659
0.639
0.644
0.639
0.618
0.617
0.603
0.613
0.634
0.6896687
0.723
0.648
0.65
0.673
0.682
0.695
0.688
0.692
0.705
0.716
0.712
0.731
0.741
0.73
0.722
0.732
0.76
0.743
0.727
0.709
0.699
0.694
0.705
0.713
0.719
0.741
0.764
0.754
0.777
0.801
0.802
0.803
0.805
0.811
0.789
0.802
0.813
0.805
0.804
0.792
0.786
0.762
0.757
0.764
0.749
0.755
0.775
0.768
0.772
0.776
0.807
0.793
0.803
0.812
0.803
0.799
0.804
0.813
0.808
0.82
0.829
0.817
0.801
0.788
0.78
0.768
0.749
0.765
0.789
0.811
0.812
0.82
0.828
0.828
0.807
0.8
0.85
0.925
0.8297381
0.8311345
0.8325314
0.924
0.902
0.902
0.899
0.899
0.904
0.904
0.881
0.89
0.899
0.89
0.852
0.86
0.859
0.85
0.837
0.804
0.812
0.796
0.799
0.792
0.797
0.785
0.782
0.786
0.809
0.792
0.802
0.817
0.817
0.827
0.842
0.86
0.842
0.855
0.875
0.893
0.887
0.893
0.893
0.866
0.872
0.876
0.878
0.848
0.865
0.884
0.874
0.879
0.883
0.882
0.86
0.875
0.875
0.86
0.87
0.864
0.878
0.863
0.867
0.872
0.89
0.902
0.888
0.891
0.897
0.904
0.905
0.921
0.923
0.934
0.939
0.92
0.897
0.891
0.864
0.873
0.872
0.858
0.863
0.874
0.869
0.85
0.86
0.87
0.85
0.865
0.878
0.87
0.884
0.886
0.88
0.883
0.872
0.877
0.889
0.896
0.894
0.916
0.916
0.911
0.921
0.919
0.924
0.934
0.927
0.924
0.914
0.911
0.862
0.871
0.869
0.862
0.855
0.87
0.896
0.904
0.882
0.892
0.881
0.863
0.883
0.871
0.878
0.885
0.875
0.885
0.882
0.874
0.853
0.829
0.818
0.792
0.799
0.798
0.834
0.829
0.828
0.82
0.818
0.803
0.787
0.777
0.777
0.79
0.827
0.848
0.843
0.847
0.848
0.852
0.845
0.838
0.847
0.836
0.837
0.846
0.833
0.842
0.857
0.853
0.8349041
0.8338697
0.81
0.811
0.805
0.799
0.811
0.823
0.838
0.842
0.822
0.828
0.832
0.845
0.833
0.852
0.875
0.891
0.911
0.902
0.9
0.906
0.909
0.907
0.903
0.876
0.877
0.887
0.866
0.844
0.833
0.818
0.804
0.748
0.774
0.748
0.743
0.727
0.734
0.751
0.772
0.8
0.825
0.854
0.865
0.846
0.825
0.811
0.805
0.8
0.779
0.795
0.782
0.79
0.782
0.771
0.768
0.774
0.788
0.774
0.774
0.79
0.782
0.776
0.764
0.752
0.747
0.772
0.763
0.775
0.791
0.801
0.819
0.83
0.83
0.836
0.83
0.813
0.813
0.807
0.795
0.791
0.806
0.79
0.801
0.808
0.818
0.829
0.833
0.832
0.848
0.847
0.839
0.829
0.828
0.844
0.897
0.909
0.912
0.901
0.882
0.884
0.872
0.869
0.879
0.892
0.908
0.916
0.931
0.927
0.917
0.903
0.875
0.865
0.879
0.88
0.889
0.911
0.919
0.922
0.922
0.899
0.903
0.878
0.845
0.842
0.842
0.833
0.833
0.842
0.862
0.852
0.856
0.864
0.853
0.864
0.868
0.84
0.844
0.84
0.827
0.834
0.832
0.828
0.848
0.855
0.875
0.883
0.887
0.875
0.88
0.867
0.865
0.875
0.871
0.869
0.84
0.824
0.83
0.828
0.819
0.83
0.835
0.83
0.839
0.831
0.838
0.856
0.851
0.833
0.832
0.8
0.813
0.806
0.819
0.82
0.826
0.845
0.853
0.831
0.835
0.807
0.841
0.852
0.855
0.843
0.878
0.89
0.896
0.898
0.91
0.889
0.869
0.881
0.883
0.882
0.878
0.883
0.895
0.88
0.892
0.889
0.886
0.866
0.856
0.867
0.872
0.87
0.877
0.88
0.865
0.868
0.868
0.867
0.86
0.86
0.867
0.869
0.854
0.861
0.856
0.846
0.838
0.837
0.843
0.851
0.86
0.881
0.899
0.897
0.916
0.918
0.893
0.901
0.904
0.897
0.887
0.899
0.903
0.886
0.905
0.909
0.887
0.898
0.876
0.861
0.869
0.873
0.858
0.875
0.874
0.858
0.854
0.855
0.86
0.848
0.854
0.862
0.846
0.858
0.866
0.857
0.875
0.871
0.886
0.898
0.895
0.882
0.867
0.875
0.878
0.866
0.865
0.868
0.873
0.876
0.887
0.88
0.892
0.885
0.906
0.915
0.911
0.902
0.911
0.916
0.902
0.902
0.912
0.899
0.897
0.892
0.907
0.895
0.891
0.884
0.868
0.863
0.843
0.824
0.827
0.829
0.843
0.851
0.863
0.876
0.885
0.884
0.901
0.911
0.917
0.917
0.913
0.917
0.902
0.906
0.922
0.926
0.914
0.914
0.915
0.9
