1.038
0.977
1.008
1.219
1.069
1.051
1.056
1.027
0.98
1.041
1.062
0.874
1.155
1.116
1.043
1.052
1.071
0.832
0.965
1.058
1.268
0.9939001
0.866
1.009
1.089
1.029
1.011
1.06
1.041
0.925
0.9
0.9883999
1.148
1.108
1.046
1.059
1.051
0.865
0.925
1.136
0.901
1.2
0.983773
0.848
1.036
1.025
1.105
0.938
0.923
0.962
1.021
1.069
1.087
0.938
1.088
0.905
1.142
0.9792832
0.836
0.968
1.179
0.9783799
0.875
0.937
0.985
1.164
0.9773995
0.825
0.989
1.208
0.9767232
0.886
0.939
1.161
0.976186
0.896
0.958
0.926
1.182
1.077
1.001
1.014
1.093
1.054
0.916
1.141
0.904
1.012
0.984
1.249
1.125
1.057
1.02
1.021
1.057
0.866
1.102
1.056
1.085
0.841
0.986
1.038
1.242
0.976511
0.856
0.949
1.008
1.208
1.032
0.997
1.032
1.054
1
0.997
1.04
1.078
1.067
1.05
1.082
1.103
1.022
0.986
1.003
1.004
0.829
1.1
1.07
0.987
0.995
1.036
1.049
1.001
1.01
0.913
1.121
1.028
1.042
1.019
0.963
0.944
0.981
1.007
0.84
1.078
1.008
1.032
0.821
0.9
1.146
1.084
0.984
0.985
1.011
1
0.942
0.894
1.022
0.86
1.033
0.97
1.021
0.882
0.959
0.929
1.191
1.098
1.039
0.975
0.981
1.017
0.87
0.947
1.232
1.147
1.036
1.004
1.044
0.959
0.972
1.011
1.042
0.96
1.011
0.955
0.813
0.818
0.846
0.836
1.098
1.07
1.005
0.968
0.998
1.001
0.86
1.001
0.868
0.914
0.898
1.116
1.063
0.976
0.949
1.007
1.076
1.063
1.002
1.028
1.041
0.989
0.995
0.876
1.145
0.997
1.008
1.007
1.015
0.97
0.999
0.864
0.913
0.878
0.915
1.139
1.031
0.967
0.991
1.029
0.964
0.843
1.063
1
0.985
1.042
1.072
1.032
1.001
1.008
1.043
0.891
1.062
0.972
1.341
1.279
1.245
1.133
1.061
1.09
1.125
1.123
1.052
1.057
1.083
1.039056
1.243
1.059
1.054
1.077
0.985
1.166
1.079
1.112
1.115
1.091
1.086
1.055
1.047
1.055
1.035
1.03
1.083
1.152
1.056
1.005
1.008
1.009
1.005
1.005
1.01
1.022
1.049
1.067
1.034
0.989
0.996
1.016
1.015
1.027
1.048
1.051
1.055
1.031
0.924
1.126
0.914
1.147
0.991
1.014
0.896
1.109
1.000132
0.852
1.153
1.036
0.877
0.928
1.13
1.035
0.989
0.988
0.875
1.138
1.046
1.075
1.021
1.026
1.002
0.963
0.863
1.073
1.011
0.991
1.003
0.847
0.891
0.877
1.083
1.005
0.974
0.972
0.951
0.923
0.824
0.939
0.852
0.957
0.824
1.002
0.837
1.043
0.946
0.944
0.933
0.886
0.892
0.927
0.929
0.815
0.941
0.828
0.915
0.803
0.951
0.825
0.96
0.822
1.022
0.838
1.096
0.94
0.937
0.929
0.905
0.889
0.927
0.954
0.923
0.879
1.096
0.868
1.08
1
1.001
0.851
1.086
0.953
0.959
0.861
0.957
0.815
0.842
0.807
0.995
0.972
0.942
0.958
0.983
0.836
0.875
0.869
1.005
0.935
0.979
0.858
1.094
1.031
1.041
1.025
0.986
0.842
1.062
0.975
0.952
0.926
0.889
0.881
0.927
0.827
0.994
0.852
1.056
0.94
0.943
1.006
1.059
0.998
0.832
1.05
0.988
0.941
0.959
0.99
0.826
1.073
1.03
0.984
0.99
1.078
0.859
1.069
0.99
0.995
0.929
0.9
0.844
1.014
0.976
1.004
1.005
0.99
1.005
0.96
0.921
0.868
1.043
1.006
1.032
0.971
0.979
0.966
0.998
0.989
0.944
0.975
0.984
0.95
0.964
0.992
0.963
0.971
0.98
0.84
1.045
0.935
0.921
0.875
0.812
0.996
0.993
1.012
1.023
1.023
0.972
1.009
0.97
0.847
1.079
0.988
0.958
0.99
0.851
1.057
1.008
1.03
0.992
1.013
1.003
0.966
0.962
0.967
1.005
0.806
1.088
1.035
0.985
1.021
0.987
1.013
1.055
0.994
1.008
1.056
0.986
0.815
1.083
0.984
0.942
0.979
0.981
1.008
1.023
1.006
1.007
1.008
1.052
1.038
0.839
0.869
1.113
0.954
0.954
0.984
0.947
0.95
0.958
0.793
0.991
0.953
0.8
0.807
0.828
0.903
0.765
0.793
0.79
0.991
0.984
0.971
0.963
0.961
0.893
0.874
0.799
0.95
0.939
0.797
0.819
0.806
1.147
1.063
1.117
1.072
0.99
1
0.988
0.905
0.74
1.019
0.894
0.899
0.957
0.953
0.814
1.056
1.031
0.997
0.92
0.94
0.813
0.821
1.039
0.979
0.949
0.946
0.961
0.969
0.931
0.828
1.105
1.059
0.985
1.004
1.024
0.958
0.841
1.125
1.02
1.063
1.012
0.99
1.04
0.874
1.101
1.039
1.002
0.952
0.994
1.001
0.846
1.107
1.072
0.982
1.01
1.052
0.983
0.988
1.008
0.945
0.983
1.027
0.972
0.987
1.033
0.991
1.033
1.083
0.987
1.008
1.068
0.979
1.022
1.062
0.979
1.003
1.074
0.843
1.139
0.913
0.834
0.805
0.718
0.776
0.688
0.758
0.712
0.721
0.732
0.748
0.757
0.767
0.75
0.757
0.758
0.753
0.756
0.748
0.761
0.77
0.768
0.741
0.733
0.717
0.734
0.726
0.663
0.661
0.654
0.684
0.628
0.665
0.66
0.66
0.624
0.708
0.698
0.625
0.695
0.691
0.686
0.688
0.684
0.674
0.673
0.664
0.645
0.667
0.606
0.666
0.666
0.657
0.659
0.665
0.663
0.663
0.663
0.655
0.668
0.664
0.651
0.659
0.653
0.651
0.587
0.654
0.652
0.634
0.638
0.643
0.636
0.63
0.641
0.637
0.636
0.632
0.632
0.635
0.632
0.626
0.633
0.62
0.632
0.624
0.617
0.626
0.632
0.625
0.62
0.582
0.628
0.617
0.613
0.622
0.623
0.613
0.617
0.625
0.623
0.576
0.618
0.619
0.621
0.579
0.622
0.623
0.63
0.594
0.63
0.631
0.592
0.604
0.6
0.632
0.6
0.604
0.599
0.596
0.606
0.604
0.596
0.597
0.605
0.604
0.599
0.595
0.597
0.598
0.601
0.602
0.636
0.602
0.622
0.624
0.622
0.658
0.641
0.681
0.683
0.636
0.636
0.682
0.646
0.642
0.63
0.625
0.676
0.626
0.621
0.623
0.624
0.623
0.618
0.61
0.618
0.676
0.609
0.612
0.598
0.604
0.595
0.588
0.587
0.591
0.587
0.587
0.584
0.623
0.622
0.581
0.58
0.578
0.58
0.625
0.592
0.588
0.582
0.578
0.579
0.616
0.573
0.583
0.622
0.582
0.593
0.586
0.613
0.587
0.589
0.585
0.587
0.588
0.601
0.589
0.588
0.62
0.586
0.588
0.58
0.576
0.583
0.585
0.581
0.578
0.581
0.584
0.592
0.584
0.586
0.622
0.584
0.588
0.589
0.593
0.615
0.595
0.6
0.607
0.598
0.6
0.599
0.644
0.639
0.69
0.657
0.651
0.649
0.645
0.643
0.632
0.625
0.666
0.649
0.934
0.796
0.792
0.714
0.679
0.701
0.702
0.681
0.675
0.701
0.71
0.719
0.687
0.695
0.702
0.698
0.67
0.63
0.631
0.635
0.694
0.874
0.757
0.763
0.803
0.757
0.719
0.768
0.818
0.778
0.783
0.738
0.692
0.698
0.694
0.985
0.916
0.837
0.795
0.83
0.689
0.68
0.898
0.812
0.776
0.826
0.858
0.686
0.946
0.882
0.949
0.841
0.766
0.757
0.76
0.755
0.791
1.046
0.887
0.872
0.891
0.795
0.77
0.786
0.786
0.763
0.773
0.766
0.746
0.735
0.722
0.734
0.774
0.765
0.75
0.778
0.801
0.762
0.778
0.795
0.813
0.761
0.78
0.826
0.826
0.801
0.827
0.865
0.816
0.834
0.882
0.832
0.847
0.894
1.12
1.007
0.986
0.892
0.937
0.795
1.051
0.926
0.963
0.897
0.9
0.931
0.809
0.934
0.788
1.105
0.934
0.923
0.96
0.907
0.911
0.958
0.97
0.77
1.102
0.997
0.948
0.979
0.967
0.853
0.991
0.786
0.803
0.76
0.711
0.731
0.728
0.752
0.818
0.773
0.813
0.847
0.82
0.835
0.839
0.793
0.819
0.811
0.833
0.86
0.811
0.815
0.835
0.841
0.835
0.845
1.203
1.044
1.002
0.958
0.845
1.02
0.785
0.889
1.092
0.914
0.904
0.946
0.892
0.874
0.999
0.758
1.079
1.006
0.937
0.916
0.957
0.831
1.009
0.933
0.91
0.895
0.931
0.899
0.801
1.057
0.947
0.952
0.928
0.784
0.78
1.041
0.913
0.903
0.949
0.81
0.775
0.768
0.754
0.805
0.815
0.802
0.851
1.168
1.011
0.971
0.96
0.759
0.848
1.154
1.068
1.079
1.04
0.796
0.799
0.802
0.774
0.825
0.858
0.844
0.877
0.906
0.911
0.855
0.875
0.878
0.809
0.829
0.852
0.82
0.816
0.85
0.835
0.82
0.862
0.849
0.849
0.907
0.86
0.874
1.188
1.029
0.993
0.929
0.837
1.045
0.934
0.913
0.948
0.809
0.831
0.79
0.779
0.785
0.799
0.826
0.843
0.847
0.878
0.876
0.849
0.875
0.847
0.845
0.872
0.826
0.853
0.891
0.847
0.855
0.897
0.907
0.868
0.903
0.913
0.868
0.901
0.935
0.87
0.897
0.931
