0.989
0.987
0.987
1.071556
1.084334
1.157166
1.095078
1.096682
1.161155
1.108707
1.036835
1.059829
1.06895
1.136886
1.100496
1.101377
1.088629
1.060384
1.156035
1.102163
0.9998994
1.108944
1.059806
1.034513
1.068708
0.957
0.961
1.033065
1.044509
1.047997
1.003501
1.106651
0.972
0.993
0.982
0.973
0.996
1
0.982
0.994
0.978
1.070695
0.96
0.961
0.94
0.975
0.987
0.973
1.01
1.028
1.014
1.04
1.034
1.024
1.038
1.04
1.03
1.028
1.016
1.022
0.995
1.006
1.006
0.992
1.021
1.033
1.007
1.012
1.001
0.947
0.976
0.984
1.008
0.997
1.014
1.02
1.03
0.999
1.021
1.038
1.014
1.018
1.02
1.019
1.043
1.05
1.035
1.041
1.054
1.055
1.03
1.046
1.055
1.067
1.068
1.052
1.008
1.027
1.036
1.041
1.044
1.05
1.061
1.062
1.03
1.056
1.064
1.07
1.08
1.078
1.081
1.023
1.042
1.049
1.063
1.077
1.039
1.053
1.071
1.079
1.06
1.057
1.003
0.999
0.995
1.018
1.042
1.025
1.059
1.075
1.045
1.057
1.059
1.03
1.054
1.06
1.037
1.046
1.061
1.04
1.049
1.065
1.041
1.053
1.072
1.075
1.064
1.063
1.077
1.083
1.041
1.067
1.087
1.072
1.068
1.075
1.043
1.052
1.063
1.069
1.054
1.078
1.08
1.088
1.059
1.048
1.056
1.045
0.986
1.007
1.025
1.036
1.047
1.052
1.016
1.042
1.052
1.06
1.029
1.044
1.047
1.046
1.055
1.065
1.058
1.06
1.025
1.043
1.048
1.059
1.064
1.038
1.045
1.03
1.022
1.043
1.066
1.043
1.07
1.074
1.047
1.053
1.065
1.053
1.045
1.057
1.067
1.052
1.032
1.041
1.041
1.054
1.04
1.013
1.021
1.02
1.018
0.999
0.993
1.021
1.034
1.031
1.017
1.044
1.05
1.045
1.01
1.039
1.03
1.025
0.998
1.02
1.025
1.027
1.004
1.032
1.01
0.964
1.007
1.025
1.027
1.041
1.062
0.8915506
0.989561
0.9550316
1.055
0.9243963
0.9729352
0.9717746
1.042
1.051
0.9680717
1.028
1.038
1.039
1.036
1.034
1.018
1.034
1.04
1.027
1
1.025
1.032
1.04
1.032
1.03
1.045
1.039
1.041
1.043
1.018
1.028
1.048
0.9524731
0.9465024
0.9207255
1.027
0.9098363
0.9063499
1.041
0.8925789
0.9122056
0.8682548
1.029
1.008826
0.9688518
1.027
0.8720643
0.9013105
0.8982804
0.9492014
0.9132552
0.9267161
0.9147119
0.9137239
0.9714382
0.9054008
0.9767357
0.8501448
0.937585
0.9182243
0.9216259
0.9279771
0.8912788
0.8978555
0.8692536
1.001
0.8662968
0.9225386
0.9281153
1.026
0.9110881
0.9464999
0.9925578
0.8875642
0.8123373
0.9484429
0.877467
0.8779702
0.9481515
0.8938366
0.8549373
0.9122949
0.8987487
0.9043419
0.9196057
0.888123
0.9295538
0.893589
0.9159696
0.947112
0.9195166
0.8878277
0.9481917
0.9414466
0.9227712
1.02
0.9093254
0.8732986
0.9548235
0.8737468
0.9881707
0.9608729
0.8877293
0.8548356
0.8675088
0.9069972
0.8859307
0.8814464
0.958
0.799
0.837
0.848
0.861
0.838
0.844
0.886
0.879
0.888
0.894
0.892
0.89
0.878
0.888
0.892
0.893
0.858
0.863
0.875
0.879
0.881
0.851
0.851
0.851
0.85
0.849
0.821
0.828
0.819
0.836
0.831
0.819
0.805
0.81
0.815
0.81
0.822
0.814
0.805
0.813
0.818
0.817
0.818
0.827
0.811
0.823
0.819
0.819
0.828
0.812
0.823
0.818
0.825
0.833
0.833
0.829
0.827
0.831
0.821
0.828
0.825
0.827
0.812
0.808
0.81
0.805
0.799
0.798
0.79
0.781
0.77
0.769
0.765
0.767
0.779
0.779
0.781
0.776
0.772
0.772
0.757
0.751
0.8342539
0.8713726
0.75
0.8405025
0.8039446
0.8567594
0.9100492
0.848327
0.8968471
0.8050107
0.8691373
0.892615
0.8834363
0.8751966
0.8442768
0.8354826
0.8281131
0.8749336
0.8308957
0.8495224
0.8589917
0.9452658
0.8423297
0.8786816
0.8720209
0.8290326
0.8655201
0.9277531
0.8866936
0.8696286
0.8503637
0.7830527
0.9139938
0.8071105
0.8975418
0.9455093
0.8072974
0.8954712
0.8556189
0.801524
0.803728
0.7999901
0.8439084
0.8054253
0.8937706
0.9517542
0.8121467
0.8974111
0.8964869
0.8783484
0.8230032
0.8594493
0.8526725
0.8872456
0.8485846
0.9039931
0.8482017
0.9068184
0.820137
0.8113067
0.9964811
0.8457403
0.8750394
0.8888286
0.8425633
0.8836216
0.8773946
0.8531996
0.8646189
0.8603928
0.9492907
0.8310057
0.8162712
0.8628179
0.8739136
0.8789725
0.8419996
0.8169641
0.9126203
0.8460915
0.8247266
0.8505069
0.851992
0.9056823
0.8633522
0.8907872
0.839066
0.8683325
0.8460186
0.8631642
0.8222926
0.8050752
0.9411565
0.8835504
0.8071934
0.8334388
0.8096868
0.948915
0.9123169
0.8472646
0.8804428
0.84092
0.8382721
0.8253143
0.8332044
0.9255591
0.8552718
0.862313
0.8673451
0.9079644
0.8358871
0.8161843
0.9259503
0.838713
0.8270235
0.8058124
0.8037373
0.8329198
0.8819157
0.9020893
0.8854527
0.8412747
0.858634
0.827094
0.8265043
0.8923858
0.814084
0.9363317
0.8520476
0.8645356
0.8252352
0.8319323
0.8012985
0.8479319
0.8726564
0.8687032
0.823121
0.8227768
0.8345179
0.9167379
0.745
0.735
0.747
0.754
0.771
0.784
0.792
0.774
0.78
0.773
0.75
0.762
0.763
0.758
0.771
0.773
0.774
0.773
0.779
0.768
0.759
0.76
0.756
0.743
0.749
0.75
0.758
0.759
0.753
0.738
0.739
0.8074481
0.8468955
0.9325858
0.8501052
0.7982764
0.8268941
0.8742524
0.8388057
0.831142
0.751
0.742
0.755
0.746
0.757
0.795
0.82
0.8
0.814
0.824
0.811
0.813
0.828
0.83
0.825
0.827
0.815
0.796
0.816
0.838
0.838
0.875
0.894
0.858
0.885
0.896
0.875
0.89
0.903
0.872
0.894
0.903
0.881
0.904
0.92
0.9
0.915
0.917
0.885
0.908
0.92
0.894
0.912
0.923
0.903
0.89
0.885
0.872
0.888
0.866
0.85
0.844
0.876
0.914
0.907
0.956
0.949
0.969
0.967
0.96
0.963
0.968
0.933
0.953
0.931
0.951
0.958
0.948
0.965
0.8440322
0.8620249
0.92422
0.936
0.968
0.965
0.964
0.978
0.978
0.958
0.972
0.8559786
0.961
0.969
0.969
0.946
0.962
0.973
0.935
0.953
0.963
0.968
0.95
0.971
0.966
0.961
0.97
0.977
0.965
0.976
0.978
0.956
0.981
0.966
0.974
0.981
0.972
0.974
0.9123048
0.99
0.98
0.976
0.969
0.969
0.983
0.981
0.974
0.943
0.926
0.903
0.897
0.916
0.928
0.914
0.939
0.953
0.93
0.953
0.969
0.975
0.949
0.962
0.968
0.933
0.951
0.962
0.951
0.958
0.969
0.977
0.947
0.97
0.978
0.954
0.972
0.975
0.939
0.968
0.971
0.946
0.965
0.98
0.948
0.965
0.977
0.952
0.977
0.981
0.944
0.967
0.967
0.936
0.961
0.976
0.969
0.945
0.962
0.971
0.94
0.969
0.968
0.971
0.923
0.903
0.92
0.9
0.925
0.946
0.918
0.955
0.961
0.951
0.969
0.974
0.947
0.969
0.98
0.987
0.95
0.979
0.983
0.97
0.971
0.977
0.987
0.949
0.967
0.979
0.948
0.905
0.956
0.958
0.961
0.984
0.993
0.967
0.992
1.002
1.01
0.991
1.002
1.006
1.004
0.968
0.977
0.989
0.965
0.969
0.987
0.984
0.97
0.988
0.97
0.97
0.977
0.979
0.962
0.979
0.986
0.98
1.002
1.006
0.993
0.991
1.002
1.011
0.976
0.993
0.991
0.98
0.958
0.972
0.988
0.986
0.959
0.98
0.988
0.991
0.956
0.973
0.976
0.969
0.969
0.975
0.991
0.95
0.982
0.988
0.971
0.986
0.996
0.966
0.972
0.971
0.97
0.936
0.956
0.962
0.961
0.93
0.943
0.953
0.954
0.944
0.965
0.962
0.956
0.973
0.977
0.96
0.98
0.987
0.998
0.974
0.983
0.996
0.991
0.958
0.973
0.993
0.961
0.967
0.977
0.976
0.952
0.97
0.978
0.971
0.956
0.982
0.994
0.957
0.977
0.978
0.964
0.969
0.978
0.979
0.942
0.966
0.973
0.949
0.96
0.968
0.96
0.962
0.953
0.936
0.909
0.919
0.931
0.944
0.929
0.958
0.969
0.975
0.954
0.976
0.988
0.969
0.978
0.988
0.991
0.971
0.979
0.985
0.99
0.952
0.975
0.984
1
0.967
0.987
1.003
0.972
0.986
1
1.002
0.97
0.985
0.997
0.993
0.953
0.977
0.991
1.003
0.989
0.997
1.008
1.012
0.987
1
1.001
1.016
0.993
1.006
1.031
0.971
1.004
1.002
0.966
0.97
0.914
0.974
0.982
0.947
0.978
0.987
0.977
0.966
0.957
0.942
0.932
0.927
0.924
0.919
0.885
0.895
0.893
0.895
0.898
0.9
0.902
0.902
0.891
0.876
0.888
0.876
0.868
0.891
0.859
0.883
0.904
0.892
0.914
0.927
0.903
0.928
0.94
0.941
0.954
0.951
0.954
0.91
0.938
0.951
0.96
0.946
0.908
0.921
0.93
0.934
0.95
0.962
0.955
0.95
0.959
0.96
0.942
0.954
0.957
0.95
0.962
0.958
0.916
0.948
0.958
0.957
0.959
0.958
0.907
0.915
0.977
0.975
0.986
0.997
0.998
1
0.993
0.998
0.969
0.987
0.994
0.988
0.974
0.938
0.954
0.948
0.926
0.927
0.894
0.903
0.933
0.953
0.971
0.994
0.981
0.979
0.978
0.974
0.96
0.976
0.973
0.975
0.976
0.978
0.978
0.977
0.98
0.96
0.962
0.957
0.957
0.946
0.937
0.947
0.907
0.922
0.929
0.927
0.932
0.938
0.937
0.927
0.917
0.913
0.915
0.92
0.918
0.891
0.895
0.909
0.923
0.937
0.952
0.962
0.956
0.968
0.958
0.966
0.975
0.987
0.986
0.945
0.967
0.98
0.971
0.97
0.958
0.912
0.931
0.938
0.926
0.911
0.936
0.939
0.949
0.943
0.93
0.942
0.944
0.927
0.951
0.958
0.973
0.981
0.986
0.975
0.985
0.978
0.975
0.943
0.935
0.948
0.946
0.922
0.937
0.938
0.937
0.934
0.929
0.928
0.922
0.882
0.895
0.907
0.917
0.894
0.921
0.933
0.94
0.949
0.952
0.945
0.948
0.934
0.944
0.94
0.933
0.933
0.934
0.932
0.943
0.95
0.957
0.951
0.955
0.949
0.947
0.95
0.949
0.952
0.937
0.942
0.945
0.91
0.922
0.927
0.928
0.923
0.908
0.932
0.923
0.899
0.93
0.925
0.941
0.956
0.961
0.963
0.968
0.952
0.936
0.926
0.938
0.907
0.924
0.936
0.946
0.955
0.956
0.953
0.958
0.96
0.971
0.975
0.976
0.944
0.961
0.955
0.959
0.963
0.963
0.973
0.979
0.981
0.946
0.958
0.965
0.973
0.942
0.922
0.953
0.971
0.975
0.978
0.981
0.994
0.994
0.991
0.992
0.964
0.978
0.974
0.972
0.958
0.969
0.969
0.971
0.971
0.975
0.941
0.922
0.945
0.956
0.97
0.988
0.947
0.955
0.967
0.972
0.971
0.964
0.955
0.951
0.937
0.913
0.922
0.921
0.919
0.918
0.904
0.898
0.892
0.868
0.883
0.893
0.896
0.914
0.922
0.932
0.893
0.9
0.912
0.915
0.924
0.927
0.905
0.917
0.925
0.893
0.906
0.912
0.922
0.934
0.945
0.944
0.929
0.938
0.944
0.945
0.93
0.94
0.941
0.94
0.936
0.937
0.934
0.889
0.902
0.912
0.918
0.93
0.924
0.919
0.923
0.915
0.906
0.869
0.882
0.875
0.879
0.899
0.908
0.909
0.895
0.908
0.915
0.923
0.925
0.927
0.902
0.917
0.923
0.924
0.921
0.901
0.921
0.912
0.882
0.893
0.9
0.904
0.917
0.918
0.922
0.927
0.923
0.927
0.937
0.937
0.926
0.877
0.91
0.916
0.931
0.949
0.957
0.966
0.971
0.957
0.958
0.943
0.934
0.944
0.946
0.931
0.936
0.943
0.94
0.944
0.932
0.934
0.936
0.925
0.887
0.903
0.911
0.919
0.924
0.928
0.929
0.94
0.936
0.907
0.899
0.911
0.919
0.931
0.934
0.934
0.944
0.941
0.942
0.95
0.952
0.955
0.93
0.941
0.917
0.892
0.891
0.903
0.919
0.937
0.945
0.909
0.928
0.939
0.908
0.903
0.919
0.934
0.914
0.934
0.949
0.944
0.955
0.949
0.947
0.946
0.945
0.932
0.931
0.923
0.883
0.904
0.909
0.915
0.919
0.922
0.924
0.931
0.947
0.947
0.953
0.925
0.916
0.934
0.94
0.949
0.94
0.958
0.958
0.956
0.949
0.913
0.922
0.925
0.928
0.933
0.935
0.945
0.944
0.927
0.941
0.908
0.922
0.941
0.945
0.936
0.909
0.928
0.935
0.944
0.949
0.951
0.934
0.948
0.954
0.936
0.946
0.952
0.949
0.947
0.943
0.944
0.945
0.899
0.889
0.909
0.908
0.917
0.877
0.901
0.922
0.939
0.954
0.935
0.946
0.965
0.96
0.958
0.915
0.928
0.937
0.947
0.939
0.952
0.984
0.962
0.958
0.949
0.926
0.927
0.936
0.923
0.933
0.935
0.935
0.891
0.903
0.913
0.92
0.924
0.913
0.929
0.929
0.939
0.944
0.947
0.95
0.954
0.952
0.956
0.957
0.952
0.936
0.949
0.946
0.921
0.929
0.93
0.914
0.93
0.942
0.953
0.96
0.958
0.958
0.963
0.963
0.957
0.931
0.949
0.958
0.96
0.963
0.93
0.899
0.917
0.922
0.938
0.943
0.953
0.922
0.954
0.967
0.944
0.965
0.976
0.972
0.959
0.955
0.95
0.941
0.922
0.92
0.907
0.875
0.871
0.873
0.88
0.903
0.916
0.922
0.891
0.917
0.918
0.917
0.925
0.939
0.922
0.931
0.944
0.932
0.944
0.952
0.951
0.934
0.94
0.944
0.939
0.93
0.942
0.95
0.92
0.943
0.945
0.952
0.96
0.947
0.957
0.958
0.952
0.959
0.965
0.928
0.912
0.926
0.929
0.941
0.954
0.955
0.941
0.954
0.946
0.956
0.953
0.914
0.933
0.939
0.955
0.946
0.955
0.954
0.943
0.951
0.954
0.952
0.914
0.929
0.934
0.937
0.92
0.933
0.946
0.943
0.958
0.94
0.943
0.952
0.96
0.966
0.958
0.963
0.956
0.958
0.961
0.909
0.93
0.942
0.945
0.938
0.952
0.964
0.958
0.965
0.972
0.961
0.962
0.959
0.958
0.964
0.958
0.962
0.955
0.93
0.944
0.948
0.904
0.922
0.927
0.932
0.929
0.937
0.95
0.956
0.961
0.957
0.963
0.961
0.965
0.966
0.974
0.918
0.912
0.95
0.956
0.958
0.969
0.98
0.963
0.971
0.983
0.984
0.977
0.92
0.943
0.955
0.96
0.921
0.929
0.91
0.926
0.929
0.931
0.939
0.937
0.932
0.948
0.95
0.951
0.948
0.937
0.938
0.928
0.928
0.934
0.941
0.94
0.916
0.926
0.93
0.922
0.896
0.918
0.928
0.926
0.931
0.942
0.915
0.903
0.922
0.935
0.943
0.946
0.918
0.918
0.93
0.936
0.906
0.89
0.928
0.944
0.949
0.951
0.955
0.961
0.954
0.955
0.949
0.945
0.943
0.944
0.924
0.921
0.924
0.924
0.92
0.923
0.935
0.928
0.929
0.91
0.888
0.897
0.874
0.898
0.914
0.925
0.936
0.932
0.937
0.944
0.943
0.943
0.94
0.935
0.939
0.943
0.909
0.926
0.937
0.939
0.941
0.94
0.936
0.883
0.913
0.914
0.926
0.932
0.948
0.957
0.969
0.968
0.96
0.964
0.97
0.974
0.976
0.981
0.976
0.977
0.967
0.961
0.961
0.926
0.94
0.944
0.917
0.888
0.909
0.916
0.927
0.936
0.903
0.935
0.937
0.94
0.944
0.957
0.961
0.959
0.963
0.965
0.963
0.946
0.955
0.958
0.956
0.954
0.94
0.945
0.952
0.953
0.948
0.942
0.899
0.921
0.935
0.942
0.923
0.904
0.927
0.924
0.909
0.924
0.933
0.945
0.947
0.935
0.945
0.955
0.959
0.96
0.951
0.956
0.952
0.945
0.954
0.916
0.942
0.949
0.95
0.947
0.933
0.925
0.885
0.897
0.903
0.905
0.893
0.917
0.933
0.943
0.958
0.959
0.96
0.958
0.922
0.948
0.955
0.956
0.957
0.952
0.952
0.898
0.929
0.93
0.905
0.898
0.908
0.917
0.925
0.913
0.934
0.938
0.938
0.942
0.946
0.94
0.93
0.938
0.942
0.95
0.913
0.916
0.93
0.934
0.915
0.924
0.944
0.928
0.91
0.924
0.933
0.907
0.929
0.937
0.943
0.931
0.921
0.941
0.935
0.948
0.955
0.964
0.967
0.97
0.967
0.969
0.971
0.957
0.958
0.931
0.884
0.909
0.943
0.958
0.96
0.965
0.971
0.972
0.963
0.959
0.96
0.963
0.974
0.97
0.97
0.967
0.933
0.934
0.934
0.916
0.917
0.921
0.92
0.912
0.908
0.906
0.91
0.896
0.901
0.905
0.913
0.916
0.918
0.915
0.907
0.925
0.882
0.901
0.914
0.906
0.912
0.914
0.911
0.907
0.9
0.903
0.891
0.888
0.884
0.89
0.87
0.874
0.874
0.874
0.863
0.85
0.862
0.868
0.886
0.902
0.915
0.915
0.94
0.936
0.922
0.945
0.945
0.942
0.897
0.918
0.924
0.913
0.921
0.923
0.923
0.901
0.911
0.928
0.939
0.916
0.937
0.945
0.948
0.958
0.924
0.936
0.945
0.939
0.952
0.964
0.97
0.976
0.95
0.962
0.969
0.95
0.959
0.962
0.969
0.966
0.958
0.962
0.965
0.966
0.959
0.961
0.962
0.906
0.914
0.934
0.941
0.926
0.951
0.951
0.925
0.935
0.939
0.93
0.924
0.933
0.931
0.932
0.935
0.94
0.936
0.935
0.941
0.947
0.946
0.934
0.946
0.945
0.943
0.937
0.938
0.945
0.901
0.916
0.929
0.931
0.915
0.927
0.909
0.886
0.907
0.896
0.897
0.912
0.922
0.921
0.92
0.928
0.935
0.933
0.934
0.939
0.946
0.941
0.935
0.916
0.937
0.916
0.924
0.932
0.937
0.916
0.926
0.938
0.939
0.943
0.947
0.952
0.95
0.926
0.945
0.949
0.946
0.947
0.953
0.951
0.906
0.906
0.922
0.919
0.913
0.926
0.936
0.92
0.933
0.941
0.937
0.935
0.939
0.94
0.945
0.942
0.943
0.933
0.943
0.945
0.946
0.945
0.932
0.946
0.949
0.898
0.907
0.921
0.931
0.937
0.919
0.915
0.925
0.919
0.916
0.916
0.875
0.878
0.893
0.898
0.92
0.89
0.895
0.919
0.934
0.921
0.922
0.938
0.94
0.942
0.947
0.953
0.962
0.957
0.941
0.946
0.946
0.946
0.946
0.929
0.947
0.952
0.944
0.947
0.953
0.957
0.949
0.934
0.941
0.948
0.958
0.959
0.939
0.952
0.92
0.93
0.94
0.943
0.921
0.904
0.91
0.906
0.896
0.906
0.905
0.909
0.921
0.927
0.929
0.939
0.94
0.947
0.938
0.943
0.946
0.94
0.909
0.925
0.93
0.911
0.884
0.913
0.917
0.932
0.936
0.933
0.938
0.942
0.941
0.938
0.943
0.945
0.952
0.934
0.947
0.954
0.947
0.953
0.952
0.95
0.952
0.939
0.937
0.933
0.936
0.949
0.952
0.942
0.924
0.877
0.894
0.9
0.91
0.907
0.913
0.921
0.932
0.925
0.937
0.939
0.948
0.949
0.947
0.947
0.936
0.942
0.927
0.933
0.938
0.93
0.888
0.872
0.894
0.91
0.918
0.875
0.905
0.922
0.937
0.949
0.95
0.939
0.953
0.956
0.954
0.953
0.955
0.951
0.94
0.942
0.945
0.943
0.914
0.924
0.924
0.892
0.916
0.927
0.917
0.913
0.925
0.932
0.932
0.933
0.939
0.945
0.944
0.95
0.955
0.941
0.951
0.942
0.916
0.945
0.947
0.946
0.939
0.876
0.895
0.907
0.916
0.931
0.945
0.922
0.953
0.962
0.954
0.959
0.958
0.958
0.953
0.924
0.912
0.929
0.933
0.922
0.938
0.949
0.955
0.916
0.938
0.954
0.922
0.937
0.958
0.963
0.97
0.977
0.939
0.947
0.942
0.937
0.928
0.954
0.922
0.89
0.896
0.922
0.934
0.951
0.941
0.959
0.971
0.939
0.942
0.95
0.957
0.931
0.941
0.948
0.943
0.887
0.906
0.911
0.927
0.95
0.967
0.945
0.97
0.975
0.968
0.957
0.911
0.915
0.927
0.935
0.926
0.926
0.919
0.923
0.922
0.909
0.899
0.879
0.884
0.873
0.879
0.87
0.874
0.893
0.899
0.917
0.912
0.911
0.931
0.94
0.951
0.957
0.96
0.964
0.969
0.977
0.98
0.94
0.942
0.943
0.957
0.969
0.976
0.969
0.975
0.981
0.969
0.977
0.971
0.981
0.982
0.961
0.978
0.983
0.99
0.983
0.928
0.956
0.961
0.967
0.97
0.967
0.977
0.972
0.943
0.958
0.961
0.964
0.954
0.953
0.958
0.967
0.966
0.968
0.978
0.942
0.96
0.958
0.942
0.931
0.941
0.943
0.945
0.926
0.938
0.936
0.934
0.938
0.938
0.914
0.932
0.931
0.93
0.922
0.915
0.885
0.893
0.9
0.91
0.876
0.9
0.913
0.922
0.945
0.948
0.942
0.944
0.946
0.922
0.926
0.937
0.941
0.938
0.907
0.934
0.944
0.902
0.88
0.92
0.927
0.944
0.956
0.972
0.971
0.978
0.971
0.941
0.96
0.966
0.965
0.96
0.965
0.964
0.962
0.946
0.933
0.944
0.944
0.941
0.925
0.918
0.933
0.934
0.937
0.911
0.91
0.929
0.949
0.958
0.967
0.972
0.97
0.946
0.948
0.949
0.952
0.947
0.939
0.947
0.956
0.956
0.94
0.924
0.927
0.93
0.937
0.93
0.939
0.945
0.936
0.953
0.951
0.92
0.942
0.954
0.944
0.951
0.946
0.944
0.916
0.938
0.942
0.947
0.954
0.951
0.955
0.962
0.958
0.964
0.96
0.952
0.958
0.959
0.954
0.953
0.96
0.921
0.933
0.935
0.932
0.92
0.931
0.938
0.946
0.928
0.935
0.938
0.934
0.931
0.938
0.936
0.939
0.938
0.932
0.931
0.924
0.921
0.917
0.901
0.867
0.881
0.891
0.905
0.917
0.94
0.955
0.962
0.946
0.957
0.939
0.943
0.938
0.953
0.95
0.954
0.959
0.95
0.914
0.935
0.933
0.936
0.903
0.916
0.928
0.917
0.909
0.943
0.963
0.963
0.947
0.926
0.947
0.959
0.917
0.941
0.948
0.941
0.943
0.945
0.944
0.944
0.929
0.898
0.91
0.919
0.928
0.892
0.911
0.915
0.92
0.901
0.904
0.898
0.872
0.878
0.882
0.875
0.883
0.873
0.851
0.871
0.868
0.862
0.854
0.851
0.829
0.837
0.841
0.798
0.9372099
0.9065299
0.8480654
0.8896894
0.8909443
0.9130229
0.964581
0.813
0.807
0.83
0.838
0.842
0.829
0.836
0.825
0.809
0.812
0.823
0.826
0.842
0.859
0.875
0.872
0.895
0.902
0.911
0.919
0.921
0.914
0.874
0.884
0.874
0.87
0.863
0.852
0.835
0.832
0.839
0.834
0.83
0.825
0.837
0.821
0.821
0.839
0.836
0.839
0.85
0.858
0.867
0.874
0.848
0.867
0.877
0.88
0.875
0.881
0.874
0.86
0.877
0.89
0.892
0.911
0.916
0.924
0.926
0.924
0.916
0.89
0.888
0.888
0.886
0.887
0.878
0.875
0.858
0.847
0.863
0.869
0.864
0.856
0.87
0.869
0.852
0.838
0.845
0.853
0.858
0.858
0.869
0.88
0.873
0.87
0.883
0.866
0.868
0.859
0.854
0.872
0.85
0.875
0.883
0.89
0.897
0.904
0.916
0.901
0.914
0.907
0.868
0.884
0.896
0.905
0.91
0.919
0.892
0.914
0.917
0.926
0.901
0.891
0.886
0.884
0.873
0.842
0.852
0.852
0.827
0.837
0.84
0.862
0.866
0.879
0.893
0.883
0.882
0.853
0.818
0.821
0.803
0.814
0.819
0.828
0.809
0.833
0.849
0.859
0.873
0.892
0.903
0.915
0.92
0.92
0.924
0.886
0.874
0.874
0.865
0.879
0.89
0.896
0.916
0.924
0.931
0.937
0.933
0.946
0.927
0.925
0.921
0.91
0.921
0.925
0.905
0.908
0.875
0.883
0.87
0.893
0.903
0.904
0.927
0.932
0.934
0.941
0.926
0.934
0.932
0.922
0.926
0.927
0.939
0.957
0.949
0.97
0.972
0.976
0.986
0.954
0.957
0.937
0.945
0.956
0.96
0.959
0.966
0.964
0.963
0.982
0.988
0.956
0.977
0.993
0.991
0.998
0.99
0.989
1.001
0.984
0.966
0.993
1.003
0.966
0.989
0.995
0.995
0.996
1.007
0.995
0.979
0.996
0.992
0.996
0.981
0.998
1.003
1.004
0.991
0.995
0.973
0.991
1
0.982
0.993
0.983
0.994
1.003
1
1.015
1.002
0.933
0.937
0.959
0.96
0.98
0.964
0.941
0.92
0.902
0.895
0.884
0.879
0.888
0.878
0.87
0.86
0.878
0.882
0.889
0.891
0.897
0.873
0.871
0.891
0.887
0.896
0.906
0.917
0.914
0.915
0.92
0.907
0.928
0.936
0.94
0.938
0.935
0.936
0.941
0.915
0.934
0.94
0.948
0.924
0.941
0.946
0.944
0.927
0.942
0.942
0.932
0.944
0.951
0.948
0.947
0.955
0.917
0.942
0.951
0.941
0.951
0.96
0.936
0.95
0.958
0.961
0.952
0.954
0.945
0.958
0.962
0.967
0.937
0.958
0.97
0.977
0.973
0.973
0.961
0.963
0.967
0.959
0.947
0.958
0.961
0.958
0.962
0.966
0.958
0.963
0.977
0.982
0.966
0.979
0.946
0.96
0.958
0.932
0.916
0.931
0.938
0.947
0.945
0.955
0.958
0.955
0.969
0.967
0.915
0.914
0.932
0.935
0.941
0.951
0.952
0.948
0.965
0.946
0.95
0.949
0.916
0.941
0.95
0.955
0.965
0.974
0.917
0.957
0.97
0.968
0.96
0.963
0.959
0.927
0.954
0.962
0.92
0.948
0.965
0.974
0.976
0.952
0.978
0.979
0.975
0.964
0.972
0.977
0.97
0.955
0.965
0.956
0.962
0.962
0.949
0.964
0.972
0.973
0.928
0.95
0.955
0.955
0.929
0.95
0.957
0.968
0.958
0.974
0.98
0.982
0.926
0.939
0.954
0.965
0.97
0.967
0.976
0.982
0.989
0.954
0.969
0.965
0.967
0.969
0.977
0.99
0.985
0.985
0.992
0.996
0.969
0.963
0.966
0.961
0.968
0.955
0.927
0.93
0.923
0.934
0.94
0.948
0.952
0.962
0.932
0.95
0.953
0.917
0.943
0.943
0.95
0.948
0.958
0.963
0.949
0.939
0.953
0.956
0.945
0.963
0.964
0.944
0.95
0.928
0.934
0.941
0.949
0.962
0.959
0.958
0.958
0.959
0.968
0.965
0.952
0.954
0.946
0.936
0.927
0.931
0.912
0.911
0.885
0.911
0.934
0.925
0.94
0.958
0.939
0.954
0.948
0.953
0.926
0.946
0.959
0.916
0.951
0.96
0.946
0.963
0.966
0.974
0.976
0.963
0.972
0.978
0.958
0.974
0.974
0.955
0.962
0.962
0.96
0.96
0.936
0.942
0.959
0.969
0.979
0.985
0.964
0.964
0.979
0.969
0.975
0.971
0.93
0.948
0.955
0.971
0.965
0.966
0.924
0.94
0.951
0.942
0.921
0.939
0.943
0.951
0.959
0.96
0.964
0.967
0.975
0.982
0.962
0.97
0.972
0.981
0.976
0.981
0.999
1
0.961
0.938
0.959
0.958
0.941
0.936
0.945
0.957
0.937
0.951
0.964
0.977
0.989
0.974
0.994
0.986
0.988
1.001
1.008
1.014
1.015
1
1.009
0.946
0.976
0.989
0.997
0.997
0.997
0.998
1.004
0.991
1
1.001
0.956
0.989
1.005
1.005
0.995
0.995
0.953
0.977
0.979
0.985
0.979
0.972
0.99
1
0.998
0.983
0.953
0.957
0.964
0.971
0.983
1.003
0.996
0.996
0.974
0.979
0.968
0.936
0.962
0.969
0.975
0.985
0.99
0.993
0.969
0.99
0.991
0.97
0.992
1.008
1.011
1.005
1.002
0.994
0.982
0.984
0.959
0.96
0.969
0.975
0.976
0.974
0.982
0.974
0.968
0.924
0.932
0.908
0.884
0.914
0.931
0.933
0.919
0.94
0.951
0.946
0.937
0.91
0.915
0.915
0.913
0.886
0.913
0.926
0.941
0.959
0.975
0.98
0.99
0.966
0.977
0.985
0.982
0.975
0.973
0.974
0.964
0.969
0.963
0.968
0.971
0.969
0.958
0.972
0.976
0.979
0.975
0.953
0.966
0.966
0.929
0.94
0.953
0.947
0.954
0.953
0.936
0.903
0.922
0.925
0.938
0.945
0.958
0.951
0.946
0.962
0.966
0.972
0.966
0.905
0.93
0.935
0.902
0.921
0.938
0.952
0.958
0.951
0.946
0.933
0.936
0.952
0.957
0.934
0.947
0.957
0.945
0.927
0.9
0.918
0.926
0.932
0.945
0.954
0.961
0.961
0.968
0.983
0.986
0.967
0.97
0.975
0.942
0.967
0.967
0.965
0.974
0.954
0.966
0.957
0.908
0.958
0.966
0.971
0.967
0.959
0.955
0.948
0.938
0.906
0.91
0.904
0.916
0.919
0.931
0.915
0.887
0.908
0.882
0.906
0.917
0.925
0.919
0.933
0.941
0.949
0.947
0.909
0.928
0.927
0.931
0.924
0.936
0.944
0.944
0.94
0.949
0.945
0.94
0.951
0.932
0.946
0.944
0.95
0.939
0.938
0.944
0.928
0.946
0.943
0.947
0.951
0.945
0.922
0.944
0.945
0.941
0.931
0.954
0.921
0.945
0.966
0.964
0.966
0.922
0.93
0.938
0.945
0.956
0.926
0.938
0.952
0.963
0.951
0.961
0.94
0.937
0.936
0.954
0.966
0.962
0.948
0.958
0.956
0.952
0.95
0.924
0.919
0.916
0.903
0.9
0.898
0.899
0.906
0.909
0.914
0.918
0.898
0.916
0.911
0.887
0.901
0.899
0.904
0.908
0.911
0.892
0.897
0.891
0.903
0.901
0.909
0.92
0.922
0.916
0.907
0.852
0.823
0.861
0.873
0.894
0.909
0.884
0.901
0.916
0.919
0.91
0.887
0.912
0.908
0.9
0.918
0.927
0.925
0.912
0.926
0.931
0.922
0.913
0.918
0.916
0.915
0.915
0.914
0.916
0.915
0.916
0.916
0.92
0.911
0.916
0.909
0.876
0.872
0.876
0.887
0.9
0.906
0.933
0.941
0.955
0.918
0.943
0.945
0.953
0.963
0.966
0.961
0.922
0.903
0.91
0.888
0.908
0.904
0.925
0.93
0.934
0.929
0.94
0.932
0.927
0.89
0.89
0.896
0.911
0.925
0.945
0.962
0.978
0.977
0.968
0.958
0.952
0.949
0.911
0.915
0.924
0.93
0.941
0.904
0.899
0.912
0.919
0.936
0.962
0.941
0.965
0.989
0.986
0.984
0.983
0.927
0.939
0.949
0.937
0.934
0.934
0.889
0.889
0.897
0.922
0.951
0.972
0.992
0.997
0.993
0.992
0.983
0.97
0.952
0.923
0.923
0.924
0.901
0.908
0.913
0.889
0.899
0.909
0.904
0.9
0.898
0.916
0.926
0.929
0.899
0.923
0.929
0.932
0.936
0.934
0.923
0.879
0.898
0.897
0.911
0.923
0.905
0.923
0.931
0.942
0.926
0.945
0.952
0.961
0.94
0.927
0.937
0.943
0.928
0.943
0.952
0.937
0.949
0.936
0.944
0.945
0.951
0.949
0.944
0.901
0.912
0.921
0.924
0.907
0.925
0.942
0.94
0.924
0.897
0.889
0.911
0.92
0.935
0.944
0.938
0.94
0.925
0.924
0.926
0.898
0.916
0.922
0.924
0.931
0.929
0.887
0.896
0.917
0.934
0.931
0.943
0.915
0.905
0.92
0.929
0.928
0.917
0.933
0.933
0.918
0.915
0.916
0.916
0.903
0.894
0.904
0.905
0.897
0.901
0.875
0.88
0.894
0.904
0.913
0.907
0.886
0.869
0.882
0.885
0.896
0.867
0.898
0.914
0.924
0.934
0.937
0.935
0.893
0.909
0.912
0.91
0.867
0.875
0.896
0.925
0.945
0.96
0.962
0.958
0.948
0.958
0.954
0.947
0.944
0.921
0.928
0.932
0.928
0.929
0.921
0.916
0.909
0.875
0.882
0.892
0.909
0.924
0.927
0.931
0.932
0.92
0.881
0.89
0.9
0.908
0.921
0.923
0.919
0.885
0.907
0.879
0.873
0.891
0.875
0.905
0.915
0.921
0.921
0.891
0.913
0.921
0.926
0.929
0.93
0.929
0.907
0.898
0.903
0.904
0.912
0.916
0.916
0.888
0.905
0.91
0.912
0.909
0.906
0.879
0.885
0.888
0.888
0.886
0.873
0.885
0.888
0.883
0.875
0.867
0.879
0.894
0.906
0.912
0.892
0.908
0.912
0.907
0.909
0.894
0.882
0.89
0.898
0.902
0.907
0.916
0.92
0.929
0.903
0.922
0.926
0.901
0.889
0.9
0.911
0.923
0.912
0.879
0.899
0.913
0.921
0.937
0.933
0.916
0.932
0.936
0.934
0.915
0.931
0.927
0.909
0.922
0.927
0.927
0.925
0.907
0.897
0.898
0.899
0.916
0.916
0.884
0.898
0.912
0.916
0.926
0.928
0.931
0.918
0.907
0.874
0.884
0.87
0.875
0.883
0.89
0.901
0.904
0.903
0.898
0.9
0.91
0.903
0.909
0.899
0.867
0.873
0.851
0.859
0.871
0.879
0.892
0.896
0.894
0.867
0.887
0.89
0.859
0.875
0.88
0.891
0.893
0.9
0.901
0.898
0.896
0.866
0.859
0.864
0.871
0.878
0.881
0.858
0.854
0.875
0.879
0.896
0.906
0.912
0.901
0.909
0.887
0.899
0.897
0.899
0.895
0.881
0.876
0.867
0.867
0.865
0.87
0.869
0.855
0.872
0.877
0.878
0.864
0.881
0.891
0.892
0.882
0.897
0.907
0.918
0.921
0.875
0.875
0.884
0.89
0.898
0.9
0.897
0.866
0.864
0.874
0.881
0.89
0.882
0.9
0.895
0.9
0.909
0.915
0.922
0.916
0.905
0.872
0.89
0.876
0.892
0.902
0.912
0.913
0.883
0.86
0.863
0.865
0.874
0.882
0.892
0.874
0.892
0.902
0.893
0.896
0.905
0.886
0.854
0.86
0.867
0.879
0.893
0.903
0.909
0.889
0.894
0.903
0.907
0.901
0.903
0.9
0.886
0.861
0.858
0.86
0.842
0.858
0.872
0.866
0.889
0.906
0.92
0.925
0.932
0.893
0.907
0.908
0.906
0.9
0.894
0.894
0.892
0.895
0.881
0.888
0.862
0.878
0.883
0.895
0.861
0.883
0.895
0.908
0.915
0.913
0.902
0.907
0.906
0.883
0.873
0.875
0.845
0.844
0.854
0.843
0.849
0.855
0.866
0.875
0.879
0.883
0.864
0.871
0.875
0.874
0.866
0.831
0.841
0.844
0.862
0.885
0.9
0.899
0.88
0.902
0.894
0.893
0.909
0.912
0.912
0.912
0.905
0.885
0.876
0.875
0.868
0.856
0.856
0.861
0.873
0.856
0.872
0.893
0.912
0.921
0.92
0.92
0.885
0.887
0.892
0.896
0.897
0.9
0.883
0.882
0.887
0.887
0.886
0.897
0.9
0.901
0.905
0.901
0.896
0.878
0.874
0.842
0.845
0.852
0.868
0.875
0.895
0.908
0.914
0.898
0.882
0.893
0.91
0.908
0.902
0.878
0.894
0.902
0.916
0.914
0.895
0.901
0.917
0.921
0.93
0.928
0.926
0.915
0.89
0.886
0.889
0.885
0.878
0.875
0.885
0.888
0.897
0.889
0.904
0.909
0.897
0.882
0.892
0.891
0.883
0.88
0.861
0.89
0.892
0.896
0.91
0.927
0.938
0.933
0.912
0.916
0.885
0.881
0.891
0.893
0.886
0.852
0.868
0.877
0.89
0.848
0.921
0.939
0.95
0.954
0.963
0.958
0.955
0.946
0.933
0.89
0.911
0.916
0.92
0.885
0.866
0.879
0.894
0.894
0.895
0.894
0.873
0.895
0.903
0.904
0.917
0.923
0.915
0.935
0.948
0.928
0.943
0.947
0.928
0.937
0.943
0.947
0.898
0.923
0.936
0.95
0.949
0.943
0.961
0.926
0.943
0.953
0.953
0.955
0.961
0.958
0.963
0.962
0.968
0.97
0.973
0.957
0.973
0.987
0.987
0.96
0.975
0.966
0.976
0.978
0.972
0.965
0.974
0.962
0.972
0.98
0.975
0.966
0.955
0.949
0.925
0.937
0.951
0.925
0.914
0.924
0.92
0.915
0.929
0.939
0.945
0.941
0.962
0.96
0.941
0.947
0.953
0.961
0.971
0.961
0.967
0.983
0.98
0.967
0.984
0.981
0.96
0.976
0.977
0.978
0.991
0.968
0.979
0.991
0.973
0.991
0.991
0.979
0.972
0.974
0.959
0.96
0.97
0.955
0.969
0.973
0.977
0.967
0.981
0.963
0.905
0.937
0.938
0.954
0.972
0.976
0.955
0.958
0.958
0.952
0.912
0.922
0.892
0.911
0.916
0.931
0.943
0.95
0.946
0.956
0.958
0.947
0.955
0.957
0.946
0.953
0.955
0.943
0.953
0.948
0.946
0.955
0.948
0.961
0.965
0.963
0.971
0.958
0.97
0.978
0.986
0.986
0.987
0.979
0.975
0.967
0.954
0.964
0.961
0.969
0.974
0.981
0.986
0.99
0.988
0.997
1
0.998
1
1.008
1.005
1.01
0.984
0.975
0.981
0.983
0.975
0.967
0.967
0.968
0.968
0.955
0.929
0.937
0.944
0.948
0.969
0.973
0.986
0.991
0.99
0.983
0.988
0.983
0.951
0.962
0.962
0.94
0.952
0.956
0.952
0.954
0.96
0.945
0.953
0.953
0.953
0.947
0.956
0.965
0.974
0.98
0.98
0.958
0.963
0.966
0.958
0.956
0.954
0.966
0.961
0.961
0.967
0.974
0.955
0.973
0.965
0.969
0.971
0.973
0.971
0.971
0.98
0.981
0.993
0.984
0.991
0.968
0.967
0.968
0.958
0.93
0.951
0.946
0.948
0.92
0.93
0.903
0.9
0.928
0.937
0.952
0.963
0.973
0.954
0.974
0.979
0.976
0.974
0.98
0.981
0.984
0.986
0.992
0.967
0.984
0.989
0.977
0.978
0.986
0.99
0.964
0.972
0.975
0.976
0.981
0.964
0.969
0.972
0.962
0.943
0.969
0.966
0.979
0.969
0.935
0.968
0.982
0.98
0.981
0.995
0.992
1.002
0.998
0.998
0.994
0.997
0.988
0.984
0.987
0.982
0.983
0.962
0.979
0.982
0.986
0.982
0.979
0.982
0.981
0.989
0.979
0.973
0.979
0.981
0.975
0.983
0.984
0.98
0.985
0.982
0.976
0.982
0.975
0.928
0.929
0.934
0.896
0.919
0.946
0.931
0.958
0.974
0.967
0.983
0.968
0.982
0.984
0.981
0.969
0.973
0.98
0.989
0.963377
0.9321933
0.8625083
0.7951879
0.972
0.989
0.8500647
0.8692728
0.8999225
0.947
0.971
0.981
0.9029308
0.986
0.971
0.8901483
0.8040967
0.8960927
0.982
0.8418839
0.8670517
0.8625153
0.8766702
0.8596599
0.7896
0.888186
0.8733754
0.8461696
0.861601
0.8618917
0.8651152
0.9232192
0.8463009
0.8619002
0.9027522
0.8977252
0.9011568
0.8299192
0.9358333
0.8558384
0.934
0.785
0.801
0.837
0.869
0.844
0.868
0.886
0.887
0.874
0.881
0.881
0.879
0.871
0.867
0.861
0.845
0.848
0.845
0.846
0.851
0.844
0.856
0.863
0.857
0.863
0.843
0.862
0.877
0.887
0.891
0.862
0.846
0.832
0.833
0.816
0.801
0.792
0.81
0.813
0.815
0.816
0.824
0.816
0.819
0.824
0.809
0.815
0.809
0.796
0.802
0.794
0.786
0.791
0.791
0.768
0.773
0.77
0.784
0.782
0.779
0.779
0.779
0.776
0.778
0.766
0.774
0.775
0.764
0.764
0.769
0.764
0.767
0.768
0.768
0.767
0.763
0.759
0.753
0.748
0.734
0.739
0.733
0.722
0.727
0.727
0.723
0.726
0.726
0.722
0.729
0.9173304
0.723
0.719
0.7844837
0.8408431
0.8913175
0.8102895
0.8086272
0.8008558
0.7960441
0.8212601
0.8527753
0.7560966
0.8476341
0.8897059
0.9225647
0.8921326
0.869606
0.7672459
0.8134608
0.8236208
0.86697
0.8335463
0.7859699
0.9070325
0.8751004
0.8472487
0.8875208
0.7821501
0.8643742
0.8155395
0.8651202
0.8343688
0.8628367
0.8916671
0.83689
0.8783918
0.7874792
0.8066102
0.8987792
0.8516834
0.7515702
0.7798205
0.8276315
0.871463
0.8315457
0.8613623
0.8750724
0.9043152
0.8377517
0.833236
0.7631264
0.8393322
0.8116355
0.7950163
0.82765
0.8767847
0.7528996
0.817297
0.8396383
0.7980121
0.8484851
0.8516311
0.8332883
0.7330839
0.9404362
0.8260777
0.8613052
0.8457335
0.8766185
0.8680675
0.8257408
0.8499242
0.7954106
0.8695955
0.815318
0.9337861
0.7662998
0.8151635
0.8682418
0.8552596
0.809987
0.7932201
0.8402112
0.8336814
0.7605733
0.835716
0.8421411
0.8415213
0.7909132
0.8539761
0.8911573
0.8532142
0.7877107
0.8165639
0.8487882
0.8079416
0.7457943
0.8710798
0.8005758
0.8111667
0.8967551
0.8030272
0.869783
0.7831279
0.820507
0.8321549
0.7871553
0.8092294
0.8342747
0.8631814
0.7677267
0.8214004
0.8670673
0.8138739
0.8455526
0.8566042
0.8475156
0.8635396
0.8317542
0.8199423
0.7283265
0.8334993
0.8552252
0.8597427
0.8150339
0.9113592
0.8500938
0.843713
0.8911087
0.721
0.723
0.8098265
0.8211012
0.726
0.727
0.736
0.741
0.747
0.754
0.76
0.764
0.766
0.774
0.775
0.77
0.78
0.802
0.822
0.821
0.814
0.802
0.798
0.802
0.794
0.782
0.796
0.797
0.789
0.814
0.819
0.815
0.835
0.831
0.823
0.83
0.802
0.793
0.787
0.801
0.805
0.806
0.828
0.838
0.831
0.829
0.841
0.847
0.839
0.861
0.858
0.859
0.874
0.876
0.86
0.873
0.879
0.858
0.877
0.883
0.868
0.882
0.895
0.881
0.894
0.899
0.89
0.889
0.903
0.893
0.907
0.915
0.916
0.895
0.911
0.911
0.904
0.923
0.925
0.931
0.945
0.934
0.931
0.933
0.936
0.922
0.933
0.944
0.92
0.939
0.945
0.953
0.965
0.956
0.973
0.976
0.957
0.972
0.979
0.967
0.981
0.963
0.98
0.99
0.964
0.978
0.992
0.967
0.992
0.9745608
0.98
0.8769071
0.9439952
0.99
0.8180863
0.995
0.967
0.952
0.951
0.948
0.92
0.939
0.947
0.951
0.904
0.926
0.935
0.947
0.941
0.95
0.946
0.97
0.977
0.972
0.966
0.976
0.973
0.954
0.974
0.962
0.979
0.992
0.97
0.999
0.991
0.996
1.005
1.006
0.876287
0.8998322
0.8967285
0.8430981
0.885421
0.8403988
0.994
0.9143629
0.996
0.9299517
0.793824
0.991
0.9365834
0.834757
0.9047193
0.9133108
0.87806
0.8598789
0.996
0.8935479
1.004
0.9051166
0.9235729
0.8028683
0.8201528
0.9465752
0.9309369
0.9059309
0.9176188
1.008
0.9262681
1.004
0.989
0.979
0.991
0.983
0.928
0.975
0.992
0.998
0.946
0.92
1.011
0.997
0.99
0.988
0.983
0.989
0.978
0.973
0.976
0.933
0.93
0.925
0.916
0.894
0.917
0.935
0.952
0.967
0.98
0.99
0.975
0.994
0.997
0.987
0.981
0.991
0.999
0.985
1
0.997
0.999
1.002
1.016
1.004
1.014
1.009
1.004
1.009
1.003
1.008
0.982
1
1.005
0.989
1
0.975
0.994
1
0.991
0.984
0.981
0.985
0.991
0.962
0.991
0.999
0.965
0.987
0.99
0.971
0.977
0.981
0.987
0.973
0.982
0.983
0.972
0.989
0.978
0.985
1
1
1
1.007
1.015
0.999
1.017
1.02
1.004
1.022
1.02
0.959
0.999
1.003
1.008
1.013
1.015
1.026
1.017
1.025
0.999
1.017
1.021
1.022
1
1.008
1.007
0.975
0.981
0.98
0.992
0.968
0.985
1
1.027
1.033
1.026
0.8010547
0.9564659
0.971
0.994
0.987
0.972
0.985
0.997
0.987
1.002
1.009
0.994
1.021
1.021
1.017
0.8926855
0.9222696
0.9007433
0.9489129
1.024
1.017
1.021
1.013
0.996
0.997
1.004
1.01
1.012
1.002
1.011
1.016
1.014
0.982
0.998
1.005
1.017
1.006
0.99
1.009
1.016
1.002
0.996
1.009
1.017
0.999
1.016
1.021
1.007
1.01
1.015
0.985
0.982
0.999
1.001
0.99
0.979
0.992
0.948
0.968
0.978
0.973
0.995
1.003
0.996
0.992
0.994
0.995
0.991
0.978
0.984
0.987
0.941
0.915
0.971
0.991
1
1.013
1.008
1.012
1.01
1.014
1.008
1.015
0.989
1.006
1.007
0.986
1.002
0.981
0.907
0.923
0.923
0.934
0.937
0.924
0.918
0.916
0.896
0.871
0.885
0.891
0.898
0.914
0.914
0.924
0.936
0.937
0.92
0.935
0.953
0.944
0.91
0.928
0.944
0.945
0.953
0.948
0.936
0.945
0.937
0.906
0.936
0.938
0.916
0.936
0.942
0.946
0.96
0.964
0.97
0.967
0.955
0.901
0.937
0.936
0.932
0.949
0.964
0.953
0.933
0.95
0.966
0.966
0.975
0.983
0.968
0.987
1.003
0.979
0.986
0.989
0.979
0.94
0.942
0.937
0.927
0.921
0.889
0.865
0.866
0.848
0.871
0.887
0.892
0.9
0.917
0.932
0.92
0.938
0.947
0.939
0.913
0.929
0.944
0.942
0.935
0.926
0.929
0.923
0.912
0.915
0.907
0.909
0.91
0.91
0.877
0.86
0.89
0.909
0.926
0.925
0.946
0.965
0.963
0.973
0.986
0.981
0.966
0.971
0.977
0.981
0.961
0.978
0.988
0.96
0.976
0.974
0.988
0.987
0.968
0.979
0.986
0.978
0.987
0.985
0.986
0.986
0.991
0.968
0.986
0.99
0.971
0.996
0.989
0.988
1.012
1.013
1.003
1.001
1.013
0.982
0.995
0.981
0.983
0.979
0.979
0.979
0.974
0.931
0.903
0.935
0.944
0.961
0.971
0.962
0.961
0.958
0.943
0.93
0.93
0.936
0.943
0.941
0.93
0.935
0.94
0.935
0.928
0.939
0.952
0.959
0.945
0.942
0.951
0.952
0.959
0.93
0.94
0.947
0.955
0.936
0.935
0.949
0.947
0.95
0.959
0.966
0.915
0.949
0.96
0.976
0.99
0.984
0.947
0.966
0.969
0.973
0.974
0.956
0.905
0.932
0.937
0.948
0.925
0.877
0.915
0.964
0.994
1
0.998
1
0.987
0.943
0.952
0.953
0.953
0.945
0.95
0.958
0.944
0.943
0.903
0.917
0.929
0.942
0.947
0.955
0.941
0.883
0.906
0.911
0.929
0.935
0.928
0.941
0.942
0.946
0.931
0.907
0.92
0.918
0.926
0.912
0.899
0.887
0.869
0.85
0.848
0.841
0.829
0.828
0.832
0.833
0.834
0.829
0.837
0.842
0.838
0.834
0.833
0.9135765
0.96
0.832
0.9490791
0.9115833
0.8826135
0.9773577
0.9579804
0.9984026
0.9300324
0.9736037
1.008553
0.9155711
0.87263
0.9171796
0.856
