0.708
0.707
0.7750977
0.7844949
0.8375126
0.715
0.71
0.725
0.725
0.744
0.739
0.742
0.746
0.763
0.757
0.742
0.754
0.755
0.756
0.759
0.75
0.756
0.759
0.754
0.729
0.742
0.74
0.739
0.73
0.724
0.735
0.733
0.739
0.716
0.705
0.71
0.717
0.724
0.714
0.714
0.708
0.686
0.7751507
0.7764489
0.8234134
0.7854488
0.7333744
0.7502085
0.692
0.693
0.693
0.686
0.698
0.706
0.713
0.717
0.707
0.703
0.704
0.698
0.691
0.682
0.689
0.691
0.699
0.71
0.726
0.745
0.747
0.752
0.748
0.752
0.728
0.719
0.701
0.706
0.71
0.708
0.71
0.706
0.709
0.715
0.722
0.727
0.729
0.745
0.749
0.742
0.744
0.735
0.734
0.733
0.72
0.712
0.728
0.731
0.738
0.722
0.72
0.726
0.724
0.732
0.725
0.714
0.717
0.722
0.72
0.701
0.701
0.711
0.707
0.707
0.708
0.721
0.725
0.742
0.736
0.733
0.742
0.731
0.713
0.705
0.69
0.682
0.68
0.685
0.687
0.697
0.705
0.715
0.72
0.732
0.744
0.738
0.751
0.75
0.734
0.734
0.733
0.734
0.736
0.727
0.732
0.741
0.737
0.719
0.726
0.73
0.728
0.728
0.725
0.731
0.739
0.732
0.72
0.733
0.734
0.738
0.733
0.733
0.739
0.744
0.731
0.711
0.73
0.723
0.718
0.712
0.714
0.717
0.725
0.721
0.708
0.719
0.722
0.725
0.73
0.731
0.739
0.743
0.744
0.738
0.735
0.738
0.731
0.718
0.707
0.723
0.725
0.725
0.73
0.732
0.747
0.756
0.753
0.759
0.762
0.765
0.761
0.752
0.745
0.748
0.75
0.733
0.721
0.733
0.735
0.732
0.74
0.734
0.739
0.74
0.732
0.724
0.735
0.742
0.743
0.739
0.741
0.744
0.739
0.723
0.718
0.719
0.725
0.707
0.703
0.708
0.711
0.712
0.71
0.707
0.715
0.715
0.712
0.705
0.708
0.713
0.716
0.707
0.711
0.72
0.728
0.73
0.727
0.716
0.727
0.719
0.717
0.706
0.709
0.716
0.704
0.701
0.707
0.723
0.729
0.738
0.736
0.734
0.74
0.74
0.732
0.729
0.735
0.735
0.714
0.699
0.689
0.684
0.686
0.698
0.691
0.698
0.708
0.709
0.712
0.699
0.713
0.711
0.716
0.716
0.707
0.713
0.712
0.709
0.71
0.713
0.72
0.734
0.74
0.741
0.741
0.757
0.763
0.75
0.752
0.758
0.76
0.751
0.756
0.75
0.659933
0.709566
0.756
0.746
0.749
0.743
0.741
0.725
0.719
0.725
0.718
0.708
0.713
0.716
0.72
0.717
0.713
0.721
0.726
0.727
0.72
0.725
0.726
0.728
0.725
0.73
0.73
0.737
0.734
0.72
0.732
0.733
0.721
0.731
0.729
0.738
0.74
0.74
0.729
0.742
0.749
0.749
0.744
0.727
0.734
0.726
0.719
0.709
0.707
0.698
0.683
0.667
0.653
0.646
0.653
0.664
0.679
0.697
0.71
0.713
0.697
0.711
0.72
0.717
0.71
0.71
0.722
0.719
0.711
0.706
0.72
0.718
0.727
0.712
0.712
0.723
0.723
0.732
0.725
0.726
0.731
0.723
0.722
0.721
0.725
0.728
0.725
0.727
0.726
0.735
0.738
0.736
0.733
0.6585466
0.6595248
0.6506035
0.6304252
0.7002417
0.6614471
0.5875018
0.6670458
0.6316895
0.6136525
0.638826
0.6144203
0.6230651
0.6259308
0.708
0.708
0.696
0.698
0.705
0.699
0.703
0.715
0.72
0.712
0.72
0.722
0.729
0.73
0.725
0.728
0.590184
0.6654498
0.6447522
0.6058995
0.6772036
0.652233
0.6304274
0.6657938
0.665059
0.6631417
0.6589405
0.6546865
0.6360452
0.6285228
0.6260711
0.6164507
0.630786
0.5989396
0.7014246
0.6724646
0.6025322
0.6238511
0.6217247
0.6587869
0.63275
0.6426011
0.6339545
0.6333094
0.6753041
0.6274077
0.6792953
0.5874132
0.6509987
0.6370057
0.6395464
0.6442292
0.6176414
0.6224873
0.6017798
0.5999777
0.6408973
0.6450144
0.6329864
0.6587736
0.6922935
0.6160922
0.5615125
0.6604402
0.6089477
0.714
0.715
0.6089659
0.6600074
0.620617
0.5924238
0.708
0.6339471
0.6241698
0.6282945
0.6394434
0.6166363
0.6467918
0.6207282
0.6370453
0.6597264
0.6397413
0.6167823
0.6606884
0.714
0.6556516
0.6421449
0.6326892
0.6065773
0.6658524
0.6070165
0.6901881
0.6704156
0.617341
0.5935024
0.6027618
0.6314984
0.705
0.6160587
0.702
0.683
0.671
0.657
0.649
0.646
0.642
0.634
0.632
0.632
0.626
0.625
0.625
0.622
0.619
0.616
0.613
0.608
0.605
0.6
0.599
0.597
0.595
0.593
0.594
0.59
0.589
0.588
0.583
0.583
0.583
0.581
0.584
0.586
0.584
0.587
0.592
0.592
0.593
0.592
0.595
0.593
0.592
0.594
0.591
0.589
0.59
0.585
0.585
0.584
0.582
0.581
0.58
0.579
0.578
0.578
0.573
0.573
0.572
0.569
0.569
0.564
0.565
0.567
0.562
0.563
0.561
0.558
0.56
0.557
0.555
0.555
0.553
0.554
0.551
0.552
0.551
0.549
0.549
0.548
0.547
0.549
0.544
0.545
0.545
0.544
0.544
0.542
0.541
0.542
0.537
0.54
0.538
0.539
0.539
0.54
0.538
0.536
0.539
0.536
0.535
0.534
0.533
0.534
0.53
0.53
0.527
0.527
0.527
0.524
0.522
0.522
0.523
0.522
0.522
0.52
0.52
0.519
0.519
0.518
0.52
0.517
0.518
0.517
0.515
0.515
0.5940122
0.575836
0.6028378
0.5806015
0.5540844
0.5924856
0.6312314
0.5864345
0.6217149
0.555043
0.6016591
0.6187483
0.6121163
0.6061659
0.5837409
0.5773872
0.572068
0.6061111
0.5741561
0.5877191
0.59463
0.6573301
0.5825914
0.6090284
0.6042217
0.573027
0.5995616
0.6447969
0.6150025
0.6026367
0.5886728
0.5398089
0.634951
0.557342
0.6230581
0.6579291
0.5575628
0.6216383
0.5927179
0.5534518
0.5550797
0.5523914
0.5843193
0.5563922
0.6205905
0.6627345
0.5613519
0.6233116
0.6226654
0.6095148
0.5693378
0.5958359
0.5909376
0.6160747
0.5880159
0.628287
0.5877846
0.6303857
0.5674449
0.5610535
0.6955829
0.5861101
0.6074145
0.6174525
0.583868
0.6137135
0.6092116
0.591658
0.5999736
0.5969246
0.6615189
0.5756195
0.5649368
0.5987675
0.6068471
0.6105415
0.5837047
0.5655389
0.6350409
0.5867348
0.5712347
0.5899798
0.5910772
0.6300951
0.5993652
0.6193107
0.5817582
0.603033
0.5868403
0.5993097
0.5696359
0.5571437
0.6560039
0.614173
0.5587212
0.5777972
0.5605556
0.6616989
0.6351251
0.587882
0.6119911
0.583291
0.5813756
0.5719708
0.5777088
0.6447996
0.59375
0.5988697
0.6025295
0.6320384
0.5796862
0.5653773
0.6451113
0.5817454
0.5732554
0.5578484
0.5563409
0.5775376
0.6131258
0.6277775
0.6156903
0.583597
0.5962026
0.5732881
0.5728546
0.6207039
0.5638207
0.6526119
0.591382
0.6004448
0.5718889
0.576744
0.554482
0.5883448
0.6062927
0.6034091
0.5702864
0.5700229
0.5785374
0.6382456
0.5594427
0.5880496
0.6502456
0.590285
0.5525885
0.5733261
0.6076758
0.5818771
0.5762592
0.5827311
0.595677
0.6407303
0.5902335
0.625161
0.61166
0.5893571
0.5468727
0.577091
0.5779866
0.5940086
0.6314445
0.6611008
0.6387706
0.5884725
0.5398905
0.5807607
0.503
0.505
0.51
0.512
0.515
0.52
0.525
0.533
0.541
0.543
0.541
0.542
0.543
0.546
0.547
0.553
0.548
0.545
0.546
0.549
0.544
0.541
0.541
0.546
0.545
0.544
0.55
0.559
0.563
0.569
0.571
0.562
0.566
0.568
0.575
0.573
0.567
0.562
0.557
0.553
0.549
0.543
0.547
0.544
0.546
0.546
0.551
0.558
0.561
0.566
0.567
0.569
0.576
0.58
0.572
0.566
0.557
0.552
0.55
0.553
0.558
0.56
0.564
0.571
0.574
0.575
0.574
0.576
0.58
0.581
0.58
0.583
0.584
0.589
0.592
0.588
0.589
0.592
0.592
0.591
0.587
0.593
0.591
0.597
0.598
0.599
0.605
0.609
0.611
0.613
0.611
0.61
0.607
0.604
0.605
0.594
0.588
0.592
0.595
0.596
0.596
0.595
0.595
0.598
0.597
0.59
0.591
0.589
0.593
0.59
0.597
0.608
0.607
0.61
0.61
0.611
0.605
0.609
0.611
0.618
0.615
0.617
0.612
0.614
0.607
0.614
0.618
0.629
0.63
0.626
0.625
0.618
0.615
0.605
0.604
0.597
0.6
0.6
0.597
0.598
0.591
0.586
0.579
0.579
0.578
0.576
0.571
0.575
0.571
0.567
0.565
0.566
0.566
0.558
0.559
0.557
0.554
0.557
0.557
0.561
0.564
0.565
0.573
0.579
0.58
0.586
0.594
0.599
0.602
0.608
0.615
0.619
0.616
0.611
0.61
0.614
0.61
0.609
0.608
0.609
0.608
0.608
0.606
0.609
0.612
0.615
0.612
0.612
0.618
0.616
0.616
0.615
0.618
0.618
0.617
0.617
0.621
0.625
0.625
0.625
0.626
0.629
0.629
0.625
0.624
0.631
0.632
0.632
0.625
0.624
0.62
0.616
0.617
0.617
0.622
0.625
0.627
0.63
0.63
0.628
0.626
0.624
0.625
0.625
0.626
0.626
0.628
0.626
0.625
0.625
0.625
0.615
0.618
0.616
0.62
0.622
0.613
0.617
0.618
0.622
0.625
0.627
0.632
0.628
0.631
0.633
0.641
0.647
0.647
0.645
0.644
0.644
0.644
0.645
0.643
0.646
0.648
0.645
0.643
0.649
0.652
0.647
0.65
0.652
0.656
0.649
0.65
0.655
0.661
0.658
0.656
0.661
0.665
0.663
0.659
0.659
0.663
0.66
0.655
0.66
0.658
0.653
0.657
0.658
0.663
0.659
0.656
0.655
0.663
0.657
0.658
0.655
0.662
0.659
0.655
0.659
0.66
0.659
0.66
0.658
0.659
0.651
0.651
0.652
0.655
0.655
0.656
0.653
0.657
0.659
0.653
0.648
0.657
0.659
0.657
0.649
0.647
0.652
0.654
0.653
0.647
0.648
0.646
0.642
0.637
0.64
0.645
0.645
0.646
0.64
0.642
0.639
0.635
0.628
0.624
0.624
0.624
0.627
0.631
0.627
0.631
0.632
0.633
0.631
0.635
0.635
0.637
0.639
0.641
0.646
0.654
0.656
0.658
0.651
0.652
0.654
0.651
0.646
0.641
0.646
0.65
0.649
0.653
0.66
0.662
0.656
0.653
0.651
0.656
0.658
0.657
0.656
0.662
0.663
0.666
0.662
0.663
0.663
0.673
0.678
0.676
0.674
0.673
0.673
0.672
0.663
0.653
0.656
0.655
0.652
0.642
0.643
0.644
0.645
0.646
0.651
0.658
0.662
0.663
0.663
0.668
0.667
0.665
0.663
0.665
0.662
0.664
0.657
0.656
0.656
0.657
0.658
0.657
0.659
0.66
0.663
0.665
0.664
0.666
0.669
0.67
0.669
0.667
0.67
0.665
0.663
0.663
0.664
0.667
0.672
0.673
0.673
0.678
0.679
0.679
0.672
0.671
0.674
0.671
0.673
0.665
0.665
0.666
0.671
0.67
0.669
0.666
0.666
0.665
0.665
0.67
0.679
0.685
0.685
0.685
0.69
0.689
0.694
0.693
0.692
0.708
0.707
0.702
0.705
0.698
0.702
0.702
0.708
0.706
0.701
0.703
0.708
0.709
0.704
0.696
0.701
0.698
0.689
0.694
0.69
0.69
0.684
0.675
0.676
0.674
0.673
0.671
0.666
0.669
0.666
0.664
0.664
0.667
0.672
0.669
0.671
0.666
0.659
0.652
0.649
0.647
0.646
0.644
0.653
0.659
0.664
0.666
0.674
0.678
0.684
0.688
0.687
0.688
0.693
0.694
0.689
0.681
0.675
0.673
0.675
0.675
0.675
0.678
0.683
0.688
0.683
0.682
0.683
0.685
0.68
0.679
0.677
0.679
0.68
0.681
0.676
0.674
0.674
0.68
0.688
0.686
0.682
0.686
0.691
0.693
0.69
0.684
0.685
0.686
0.689
0.686
0.683
0.681
0.686
0.692
0.686
0.685
0.689
0.695
0.701
0.694
0.691
0.693
0.696
0.696
0.695
0.685
0.698
0.707
0.71
0.718
0.722
0.726
0.716
0.719
0.712
0.716
0.705
0.695
0.692
0.683
0.678
0.685
0.687
0.688
0.686
0.693
0.696
0.698
0.694
0.691
0.699
0.708
0.708
0.702
0.702
0.705
0.7
0.698
0.707
0.706
0.705
0.712
0.719
0.713
0.708
0.705
0.7
0.694
0.686
0.684
0.691
0.698
0.691
0.681
0.681
0.69
0.697
0.703
0.71
0.704
0.708
0.712
0.711
0.71
0.7
0.708
0.709
0.709
0.711
0.704
0.695
0.692
0.694
0.697
0.693
0.694
0.681
0.691
0.697
0.702
0.696
0.705
0.712
0.714
0.722
0.72
0.708
0.715
0.719
0.72
0.708
0.708
0.712
0.706
0.712
0.712
0.707
0.702
0.702
0.707
0.708
0.702
0.706
0.72
0.722
0.723
0.723
0.729
0.722
0.715
0.715
0.72
0.725
0.722
0.729
0.721
0.709
0.714
0.71
0.71
0.717
0.712
0.702
0.698
0.704
0.699
0.698
0.708
0.71
0.722
0.719
0.711
0.712
0.719
0.713
0.705
0.7
0.705
0.707
0.707
0.698
0.699
0.703
0.7
0.695
0.69
0.694
0.7
0.701
0.698
0.698
0.702
0.709
0.703
0.7
0.698
0.694
0.687
0.687
0.688
0.68
0.69
0.696
0.699
0.712
0.71
0.705
0.691
0.701
0.697
0.7
0.695
0.697
0.707
0.704
0.707
0.72
0.721
0.727
0.72
0.707
0.709
0.709
0.712
0.698
0.692
0.691
0.689
0.689
0.678
0.669
0.665
0.666
0.673
0.67
0.676
0.687
0.707
0.702
0.709
0.712
0.714
0.723
0.713
0.707
0.707
0.704
0.703
0.696
0.699
0.7
0.704
0.701
0.706
0.713
0.705
0.719
0.719
0.708
0.714
0.7
0.691
0.69
0.694
0.687
0.685
0.691
0.699
0.697
0.699
0.71
0.714
0.708
0.702
0.715
0.715
0.698
0.695
0.695
0.694
0.695
0.699
0.686
0.692
0.697
0.7
0.697
0.698
0.708
0.714
0.707
0.708
0.712
0.718
0.712
0.708
0.702
0.706
0.705
0.709
0.708
0.701
0.695
0.697
0.702
0.69
0.692
0.692
0.705
0.701
0.704
0.705
0.717
0.71
0.709
0.715
0.715
0.723
0.713
0.709
0.715
0.71
0.71
0.707
0.711
0.724
0.725
0.713
0.722
0.725
0.728
0.727
0.726
0.711
0.696
0.698
0.696
0.693
0.69
0.7
0.71
0.71
0.706
0.719
0.724
0.74
0.729
0.73
0.736
0.727
0.726
0.71
0.708
0.711
0.715
0.719
0.715
0.704
0.702
0.707
0.695
0.698
0.713
0.708
0.706
0.706
0.703
0.715
0.714
0.715
0.708
0.729
0.713
0.716
0.718
0.724
0.721
0.707
0.706
0.706
0.708
0.702
0.697
0.697
0.705
0.699
0.69
0.69
0.696
0.699
0.698
0.697
0.705
0.705
0.708
0.711
0.716
0.725
0.724
0.725
0.697
0.69
0.682
0.685
0.687
0.678
0.675
0.68
0.691
0.689
0.691
0.7
0.706
0.708
0.7
0.712
0.715
0.719
0.709
0.704
0.709
0.701
0.702
0.707
0.711
0.706
0.699
0.711
0.705
0.709
0.703
0.708
0.711
0.71
0.709
0.703
0.708
0.716
0.718
0.718
0.71
0.713
0.72
0.723
0.709
0.713
0.713
0.707
0.703
0.71
0.717
0.716
0.713
0.719
0.722
0.729
0.722
0.715
0.724
0.711
0.715
0.718
0.716
0.707
0.707
0.696
0.689
0.69
0.699
0.7
0.696
0.696
0.694
0.678
0.682
0.683
0.688
0.699
0.699
0.702
0.703
0.711
0.712
0.717
0.715
0.725
0.724
0.729
0.729
0.721
0.726
0.725
0.727
0.715
0.716
0.722
0.721
0.72
0.71
0.711
0.722
0.728
0.733
0.733
0.73
0.712
0.707
0.707
0.712
0.709
0.7
0.704
0.711
0.712
0.72
0.719
0.704
0.703
0.709
0.712
0.707
0.707
0.707
0.712
0.711
0.691
0.688
0.699
0.699
0.707
0.7
0.708
0.708
0.705
0.702
0.706
0.711
0.712
0.701
0.7
0.704
0.707
0.71
0.703
0.702
0.709
0.707
0.698
0.7
0.71
0.708
0.71
0.691
0.693
0.694
0.698
0.702
0.699
0.708
0.713
0.715
0.715
0.719
0.72
0.728
0.717
0.721
0.718
0.7
0.709
0.708
0.708
0.712
0.71
0.71
0.708
0.706
0.689
0.688
0.688
0.7
0.691
0.7
0.711
0.722
0.721
0.72
0.732
0.741
0.741
0.734
0.722
0.725
0.729
0.729
0.724
0.729
0.732
0.713
0.713
0.719
0.72
0.713
0.708
0.71
0.694
0.687
0.691
0.692
0.686
0.683
0.699
0.704
0.708
0.7
0.711
0.714
0.706
0.703
0.707
0.714
0.709
0.7
0.702
0.703
0.706
0.698
0.7
0.704
0.712
0.711
0.704
0.717
0.72
0.719
0.711
0.725
0.725
0.729
0.719
0.716
0.721
0.72
0.723
0.728
0.727
0.708
0.712
0.716
0.711
0.701
0.706
0.709
0.712
0.708
0.704
0.713
0.715
0.704
0.713
0.718
0.718
0.719
0.708
0.712
0.706
0.702
0.706
0.71
0.716
0.713
0.721
0.727
0.729
0.73
0.716
0.721
0.726
0.717
0.71
0.719
0.708
0.701
0.703
0.704
0.704
0.69
0.693
0.7
0.701
0.691
0.697
0.698
0.705
0.708
0.699
0.691
0.694
0.699
0.7
0.697
0.709
0.718
0.705
0.7
0.704
0.697
0.699
0.697
0.695
0.691
0.688
0.687
0.68
0.674
0.671
0.67
0.664
0.665
0.664
0.672
0.682
0.693
0.706
0.704
0.688
0.699
0.691
0.697
0.698
0.695
0.687
0.697
0.685
0.689
0.701
0.696
0.708
0.72
0.732
0.738
0.725
0.73
0.723
0.729
0.723
0.72
0.717
0.717
0.7
0.697
0.695
0.705
0.702
0.694
0.709
0.714
0.707
0.702
0.712
0.712
0.706
0.712
0.718
0.739
0.735
0.731
0.736
0.741
0.747
0.737
0.74
0.738
0.743
0.735
0.72
0.704
0.707
0.707
0.704
0.696
0.714
0.714
0.716
0.706
0.705
0.719
0.718
0.728
0.735
0.734
0.74
0.735
0.718
0.724
0.735
0.742
0.766
0.758
0.766
0.747
0.754
0.748
0.736
0.71
0.729
0.722
0.733
0.726
0.711
0.715
0.725
0.733
0.739
0.741
0.734
0.732
0.71
0.713
0.725
0.715
0.725
0.723
0.716
0.715
0.712
0.697
0.691
0.697
0.699
0.709
0.703
0.711
0.715
0.723
0.727
0.733
0.731
0.714
0.725
0.722
0.721
0.727
0.719
0.704
0.7
0.704
0.703
0.704
0.711
0.719
0.72
0.715
0.725
0.726
0.73
0.722
0.708
0.713
0.716
0.705
0.698
0.708
0.712
0.719
0.714
0.7
0.708
0.7
0.708
0.716
0.72
0.72
0.714
0.708
0.717
0.716
0.715
0.702
0.706
0.711
0.711
0.715
0.705
0.71
0.707
0.709
0.712
0.71
0.702
0.698
0.701
0.701
0.708
0.713
0.71
0.704
0.697
0.699
0.702
0.702
0.713
0.706
0.707
0.71
0.719
0.711
0.718
0.71
0.706
0.697
0.689
0.689
0.689
0.681
0.676
0.674
0.675
0.677
0.692
0.691
0.7
0.707
0.712
0.719
0.714
0.704
0.718
0.708
0.719
0.722
0.724
0.724
0.705
0.704
0.705
0.705
0.705
0.704
0.692
0.685
0.699
0.702
0.7
0.708
0.721
0.729
0.727
0.734
0.733
0.728
0.721
0.715
0.72
0.713
0.708
0.708
0.701
0.694
0.705
0.708
0.705
0.704
0.712
0.722
0.724
0.721
0.726
0.737
0.734
0.748
0.744
0.728
0.714
0.693
0.686
0.669
0.668
0.664
0.657
0.65
0.649
0.641
0.637
0.634
0.634
0.63
0.629
0.625
0.623
0.625
0.619
0.618
0.619
0.615
0.615
0.61
0.603
0.602
0.597
0.592
0.589
0.588
0.588
0.586
0.587
0.586
0.583
0.586
0.592
0.597
0.602
0.607
0.614
0.614
0.616
0.623
0.617
0.614
0.609
0.609
0.606
0.603
0.6
0.608
0.609
0.61
0.614
0.615
0.609
0.612
0.624
0.631
0.601
0.604
0.607
0.603
0.608
0.604
0.609
0.607
0.608
0.61
0.611
0.613
0.616
0.62
0.622
0.625
0.621
0.623
0.609
0.612
0.613
0.611
0.624
0.625
0.633
0.639
0.634
0.638
0.637
0.631
0.627
0.628
0.622
0.625
0.615
0.619
0.616
0.614
0.619
0.619
0.623
0.623
0.623
0.619
0.612
0.611
0.605
0.599
0.596
0.594
0.594
0.593
0.595
0.593
0.594
0.594
0.597
0.596
0.599
0.593
0.592
0.589
0.588
0.584
0.583
0.583
0.58
0.582
0.578
0.579
0.576
0.576
0.575
0.575
0.574
0.576
0.572
0.571
0.573
0.575
0.57
0.571
0.573
0.573
0.576
0.571
0.568
0.572
0.571
0.568
0.571
0.566
0.57
0.568
0.565
0.568
0.567
0.57
0.572
0.576
0.579
0.582
0.578
0.575
0.584
0.587
0.583
0.582
0.583
0.581
0.582
0.58
0.577
0.583
0.581
0.584
0.587
0.587
0.591
0.594
0.596
0.595
0.592
0.594
0.592
0.584
0.583
0.582
0.581
0.577
0.579
0.577
0.575
0.577
0.583
0.581
0.581
0.583
0.585
0.586
0.583
0.583
0.583
0.583
0.583
0.582
0.581
0.58
0.58
0.583
0.577
0.575
0.573
0.575
0.574
0.571
0.577
0.579
0.583
0.585
0.593
0.597
0.601
0.602
0.596
0.606
0.603
0.604
0.604
0.598
0.604
0.603
0.609
0.604
0.601
0.596
0.591
0.586
0.583
0.589
0.591
0.596
0.596
0.603
0.608
0.615
0.617
0.617
0.62
0.625
0.626
0.625
0.624
0.628
0.63
0.633
0.639
0.633
0.636
0.628
0.634
0.637
0.635
0.644
0.647
0.656
0.666
0.671
0.666
0.659
0.651
0.657
0.659
0.652
0.654
0.649
0.645
0.648
0.645
0.644
0.637
0.638
0.639
0.64
0.642
0.64
0.635
0.639
0.637
0.62
0.616
0.618
0.621
0.62
0.626
0.642
0.645
0.653
0.652
0.654
0.662
0.645
0.646
0.651
0.651
0.653
0.65
0.649
0.651
0.656
0.659
0.641
0.649
0.65
0.658
0.662
0.658
0.672
0.679
0.688
0.689
0.6124543
0.697
0.692
0.685
0.68
0.679
0.679
0.665
0.665
0.669
0.666
0.645
0.64
0.633
0.636
0.631
0.632
0.639
0.645
0.649
0.656
0.658
0.662
0.66
0.667
0.677
0.66
0.67
0.666
0.668
0.665
0.658
0.661
0.646
0.639
0.638
0.637
0.632
0.634
0.639
0.639
0.652
0.647
0.656
0.664
0.666
0.657
0.665
0.664
0.657
0.644
0.647
0.65
0.658
0.653
0.651
0.647
0.65
0.648
0.644
0.646
0.638
0.64
0.632
0.629
0.63
0.627
0.623
0.615
0.613
0.618
0.618
0.628
0.631
0.625
0.635
0.633
0.631
0.642
0.635
0.636
0.635
0.639
0.637
0.631
0.631
0.627
0.631
0.628
0.63
0.626
0.627
0.625
0.633
0.624
0.631
0.631
0.626
0.619
0.621
0.618
0.615
0.618
0.625
0.634
0.637
0.646
0.649
0.639
0.63
0.627
0.62
0.619
0.622
0.619
0.618
0.622
0.625
0.624
0.615
0.621
0.619
0.615
0.622
0.619
0.625
0.632
0.633
0.632
0.639
0.65
0.657
0.663
0.666
0.664
0.66
0.655
0.669
0.665
0.667
0.668
0.668
0.668
0.666
0.663
0.658
0.666
0.665
0.662
0.665
0.665
0.657
0.647
0.639
0.641
0.646
0.642
0.64
0.643
0.642
0.639
0.644
0.644
0.643
0.646
0.638
0.638
0.643
0.642
0.636
0.632
0.63
0.631
0.631
0.623
0.624
0.619
0.624
0.629
0.631
0.63
0.64
0.638
0.648
0.644
0.653
0.657
0.647
0.642
0.638
0.636
0.641
0.628
0.626
0.619
0.617
0.608
0.612
0.611
0.61
0.607
0.61
0.606
0.607
0.602
0.598
0.595
0.594
0.59
0.589
0.591
0.586
0.585
0.583
0.582
0.578
0.577
0.574
0.572
0.571
0.572
0.567
0.568
0.57
0.565
0.563
0.56
0.559
0.56
0.561
0.561
0.556
0.557
0.556
0.556
0.556
0.554
0.554
0.555
0.56
0.558
0.555
0.552
0.552
0.552
0.551
0.548
0.549
0.547
0.549
0.548
0.548
0.546
0.547
0.549
0.55
0.553
0.554
0.557
0.557
0.558
0.56
0.562
0.56
0.56
0.559
0.559
0.566
0.561
0.562
0.566
0.562
0.564
0.565
0.567
0.565
0.564
0.561
0.559
0.563
0.555
0.559
0.554
0.553
0.553
0.551
0.551
0.55
0.552
0.553
0.549
0.548
0.545
0.545
0.544
0.544
0.541
0.543
0.536
0.54
0.538
0.537
0.534
0.538
0.539
0.538
0.533
0.536
0.537
0.537
0.538
0.537
0.538
0.538
0.536
0.537
0.536
0.533
0.536
0.535
0.539
0.537
0.531
0.534
0.537
0.535
0.537
0.541
0.543
0.544
0.548
0.557
0.558
0.558
0.559
0.565
0.565
0.557
0.559
0.555
0.554
0.557
0.558
0.559
0.562
0.561
0.561
0.564
0.568
0.564
0.56
0.553
0.553
0.547
0.549
0.55
0.548
0.551
0.552
0.549
0.553
0.546
0.549
0.549
0.546
0.549
0.551
0.552
0.553
0.554
0.555
0.558
0.549
0.552
0.55
0.548
0.55
0.552
0.549
0.552
0.549
0.552
0.552
0.55
0.552
0.555
0.554
0.553
0.556
0.552
0.554
0.551
0.551
0.548
0.547
0.545
0.545
0.548
0.545
0.545
0.543
0.546
0.546
0.551
0.552
0.552
0.549
0.549
0.544
0.547
0.543
0.543
0.545
0.542
0.544
0.546
0.546
0.549
0.551
0.548
0.548
0.551
0.549
0.546
0.546
0.543
0.54
0.54
0.538
0.536
0.535
0.533
0.531
0.528
0.524
0.531
0.524
0.531
0.528
0.53
0.526
0.523
0.523
0.522
0.52
0.518
0.52
0.518
0.519
0.518
0.517
0.517
0.517
0.517
0.515
0.513
0.512
0.513
0.513
0.51
0.509
0.512
0.51
0.513
0.511
0.51
0.512
0.51
0.514
0.514
0.514
0.515
0.516
0.515
0.518
0.52
0.518
0.519
0.52
0.521
0.516
0.517
0.516
0.518
0.513
0.517
0.517
0.514
0.519
0.52
0.519
0.523
0.524
0.525
0.524
0.526
0.526
0.526
0.526
0.523
0.522
0.524
0.521
0.523
0.525
0.522
0.523
0.525
0.523
0.526
0.528
0.521
0.525
0.524
0.524
0.524
0.526
0.52
0.522
0.522
0.518
0.52
0.519
0.518
0.519
0.524
0.519
0.52
0.52
0.523
0.523
0.519
0.527
0.516
0.526
0.524
0.522
0.521
0.52
0.521
0.519
0.517
0.518
0.52
0.521
0.522
0.526
0.524
0.529
0.528
0.529
0.53
0.53
0.532
0.531
0.532
0.536
0.533
0.532
0.534
0.537
0.535
0.538
0.537
0.54
0.54
0.54
0.543
0.542
0.545
0.549
0.556
0.554
0.558
0.554
0.557
0.556
0.556
0.558
0.556
0.557
0.556
0.556
0.562
0.557
0.563
0.564
0.565
0.557
0.552
0.559
0.558
0.555
0.557
0.56
0.565
0.564
0.564
0.561
0.565
0.568
0.571
0.569
0.57
0.575
0.583
0.58
0.589
0.586
0.587
0.587
0.579
0.583
0.584
0.582
0.583
0.584
0.587
0.586
0.583
0.586
0.591
0.589
0.592
0.589
0.59
0.596
0.596
0.582
0.59
0.582
0.579
0.579
0.583
0.587
0.592
0.591
0.603
0.607
0.612
0.614
0.618
0.619
0.624
0.62
0.625
0.617
0.619
0.611
0.605
0.597
0.613
0.624
0.61
0.625
0.63
0.642
0.639
0.632
0.635
0.632
0.641
0.636
0.634
0.63
0.631
0.63
0.629
0.626
0.63
0.632
0.632
0.631
0.623
0.628
0.622
0.624
0.619
0.614
0.613
0.615
0.614
0.616
0.623
0.634
0.645
0.639
0.64
0.646
0.629
0.628
0.637
0.625
0.62
0.613
0.608
0.599
0.594
0.594
0.587
0.591
0.596
0.596
0.596
0.601
0.61
0.616
0.619
0.629
0.637
0.639
0.628
0.633
0.626
0.627
0.627
0.632
0.636
0.641
0.643
0.637
0.64
0.643
0.632
0.638
0.644
0.654
0.656
0.651
0.662
0.672
0.648
0.642
0.646
0.646
0.643
0.642
0.628
0.628
0.624
0.619
0.623
0.627
0.625
0.628
0.641
0.642
0.646
0.642
0.646
0.649
0.648
0.655
0.645
0.646
0.644
0.64
0.641
0.635
0.639
0.639
0.639
0.63
0.633
0.625
0.624
0.63
0.64
0.638
0.646
0.646
0.645
0.647
0.653
0.658
0.656
0.665
0.663
0.656
0.66
0.661
0.658
0.659
0.663
0.676
0.675
0.661
0.667
0.668
0.657
0.653
0.65
0.656
0.665
0.659
0.66
0.661
0.665
0.666
0.66
0.664
0.657
0.666
0.666
0.664
0.671
0.672
0.677
0.68
0.683
0.68
0.672
0.67
0.669
0.66
0.657
0.647
0.643
0.637
0.636
0.631
0.636
0.642
0.641
0.639
0.648
0.653
0.656
0.654
0.645
0.639
0.639
0.634
0.632
0.635
0.63
0.635
0.633
0.632
0.635
0.642
0.638
0.639
0.642
0.652
0.647
0.65
0.647
0.652
0.651
0.654
0.653
0.656
0.663
0.663
0.671
0.651
0.656
0.632
0.639
0.633
0.632
0.63
0.63
0.625
0.632
0.64
0.639
0.646
0.657
0.654
0.644
0.645
0.641
0.638
0.639
0.634
0.637
0.634
0.635
0.632
0.641
0.647
0.647
0.651
0.663
0.672
0.66
0.661
0.667
0.674
0.684
0.679
0.685
0.691
0.688
0.68
0.673
0.668
0.666
0.665
0.66
0.66
0.656
0.653
0.645
0.647
0.652
0.647
0.643
0.636
0.631
0.627
0.629
0.634
0.632
0.635
0.64
0.646
0.649
0.651
0.654
0.659
0.668
0.674
0.675
0.668
0.678
0.677
0.675
0.673
0.675
0.685
0.676
0.665
0.66
0.667
0.667
0.663
0.659
0.666
0.665
0.67
0.666
0.67
0.679
0.686
0.678
0.683
0.693
0.691
0.696
0.677
0.68
0.674
0.671
0.665
0.667
0.672
0.673
0.665
0.672
0.681
0.681
0.686
0.678
0.684
0.69
0.69
0.682
0.689
0.696
0.692
0.681
0.687
0.686
0.693
0.678
0.681
0.681
0.696
0.696
0.694
0.692
0.701
0.698
0.696
0.677
0.682
0.69
0.689
0.686
0.688
0.69
0.7
0.699
0.693
0.693
0.703
0.697
0.688
0.692
0.687
0.696
0.693
0.681
0.684
0.688
0.69
0.687
0.682
0.68
0.695
0.692
0.685
0.688
0.69
0.692
0.683
0.675
0.666
0.67
0.676
0.669
0.675
0.679
0.691
0.673
0.676
0.677
0.679
0.679
0.673
0.677
0.68
0.693
0.691
0.687
0.689
0.694
0.689
0.697
0.688
0.689
0.695
0.694
0.692
0.678
0.681
0.683
0.692
0.69
0.685
0.68
0.687
0.679
0.682
0.686
0.668
0.67
0.659
0.654
0.648
0.65
0.653
0.651
0.653
0.657
0.664
0.666
0.665
0.668
0.677
0.687
0.678
0.683
0.699
0.694
0.698
0.697
0.691
0.698
0.703
0.7
0.696
0.695
0.699
0.703
0.702
0.699
0.702
0.71
0.709
0.712
0.704
0.703
0.713
0.708
0.703
0.708
0.707
0.711
0.712
0.708
0.704
0.711
0.71
0.705
0.707
0.71
0.706
0.701
0.692
0.701
0.699
0.697
0.695
0.707
0.708
0.715
0.706
0.702
0.711
0.71
0.713
0.706
0.704
0.715
0.715
0.709
0.712
0.716
0.706
0.692
0.697
0.69
0.684
0.692
0.688
0.688
0.679
0.674
0.674
0.673
0.671
0.684
0.688
0.695
0.696
0.705
0.696
0.704
0.706
0.699
0.704
0.691
0.689
0.68
0.684
0.678
0.679
0.677
0.66
0.665
0.659
0.66
0.655
0.653
0.671
0.672
0.683
0.687
0.701
0.705
0.708
0.706
0.704
0.687
0.689
0.687
0.686
0.679
0.676
0.682
0.67
0.673
0.666
0.668
0.679
0.685
0.689
0.696
0.701
0.689
0.685
0.689
0.68
0.674
0.678
0.683
0.687
0.688
0.694
0.704
0.713
0.709
0.715
0.718
0.724
0.726
0.726
0.728
0.731
0.735
0.717
0.714
0.718
0.719
0.723
0.724
0.736
0.726
0.722
0.731
0.734
0.721
0.714
0.719
0.72
0.712
0.708
0.717
0.736
0.748
0.752
0.752
0.751
0.757
0.754
0.749
0.736
0.727
0.726
0.724
0.713
0.704
0.707
0.702
0.708
0.708
0.707
0.713
0.723
0.724
0.724
0.731
0.736
0.733
0.732
0.733
0.728
0.722
0.721
0.72
0.722
0.724
0.72
0.72
0.724
0.722
0.717
0.699
0.703
0.687
0.685
0.693
0.696
0.701
0.708
0.712
0.725
0.722
0.731
0.734
0.741
0.724
0.712
0.708
0.712
0.708
0.704
0.707
0.708
0.708
0.707
0.696
0.708
0.712
0.708
0.713
0.72
0.729
0.743
0.734
0.74
0.744
0.757
0.758
0.743
0.743
0.744
0.746
0.743
0.743
0.746
0.739
0.73
0.726
0.708
0.705
0.713
0.713
0.72
0.715
0.721
0.729
0.733
0.734
0.727
0.738
0.745
0.749
0.742
0.736
0.728
0.73
0.733
0.734
0.73
0.727
0.717
0.708
0.717
0.712
0.719
0.723
0.718
0.714
0.708
0.705
0.688
0.681
0.688
0.693
0.701
0.702
0.713
0.712
0.718
0.729
0.737
0.735
0.734
0.73
0.737
0.732
0.726
0.73
0.735
0.732
0.721
0.715
0.71
0.71
0.71
0.704
0.693
0.696
0.696
0.693
0.685
0.698
0.704
0.714
0.717
0.714
0.718
0.722
0.724
0.718
0.722
0.729
0.738
0.735
0.729
0.728
0.71
0.713
0.718
0.727
0.726
0.724
0.725
0.732
0.743
0.75
0.743
0.739
0.742
0.732
0.735
0.738
0.748
0.744
0.747
0.74
0.75
0.752
0.749
0.742
0.736
0.744
0.738
0.732
0.727
0.721
0.716
0.71
0.712
0.713
0.695
0.677
0.672
0.673
0.687
0.695
0.708
0.714
0.732
0.738
0.741
0.758
0.764
0.759
0.748
0.757
0.754
0.75
0.744
0.741
0.737
0.742
0.738
0.738
0.751
0.761
0.75
0.75
0.747
0.75
0.75
0.747
0.737
0.744
0.749
0.742
0.742
0.742
0.746
0.738
0.733
0.731
0.737
0.748
0.753
0.748
0.743
0.746
0.749
0.741
0.745
0.728
0.719
0.728
0.726
0.722
0.719
0.727
0.728
0.733
0.727
0.727
0.733
0.727
0.73
0.731
0.729
0.727
0.732
0.737
0.734
0.728
0.729
0.733
0.731
0.722
0.723
0.727
0.728
0.729
0.724
0.726
0.73
0.737
0.73
0.727
0.742
0.742
0.74
0.737
0.739
0.739
0.743
0.736
0.737
0.742
0.746
0.74
0.729
0.729
0.732
0.732
0.733
0.735
0.747
0.747
0.749
0.741
0.741
0.743
0.741
0.733
0.74
0.75
0.74
0.74
0.748
0.751
0.764
0.762
0.761
0.768
0.779
0.776
0.766
0.764
0.762
0.766
0.77
0.755
0.753
0.738
0.741
0.734
0.746
0.742
0.743
0.749
0.753
0.753
0.746
0.735
0.736
0.734
0.739
0.747
0.748
0.742
0.739
0.734
0.742
0.744
0.731
0.725
0.729
0.73
0.72
0.714
0.715
0.723
0.731
0.733
0.738
0.745
0.756
0.771
0.775
0.764
0.763
0.765
0.76
0.748
0.749
0.746
0.743
0.741
0.736
0.733
0.726
0.713
0.714
0.713
0.709
0.716
0.722
0.721
0.731
0.739
0.745
0.751
0.747
0.752
0.754
0.764
0.764
0.757
0.749
0.75
0.755
0.755
0.747
0.75
0.756
0.759
0.747
0.74
0.742
0.747
0.74
0.738
0.734
0.747
0.748
0.757
0.76
0.749
0.75
0.754
0.756
0.744
0.741
0.734
0.73
0.737
0.744
0.735
0.729
0.735
0.739
0.734
0.735
0.741
0.747
0.742
0.737
0.733
0.727
0.726
0.709
0.716
0.72
0.729
0.729
0.728
0.729
0.725
0.725
0.718
0.715
0.704
0.704
0.701
0.699
0.703
0.703
0.688
0.686
0.683
0.688
0.692
0.701
0.709
0.719
0.726
0.715
0.707
0.711
0.703
0.719
0.732
0.734
0.742
0.734
0.713
0.712
0.717
0.72
0.706
0.716
0.715
0.726
0.733
0.733
0.734
0.744
0.747
0.749
0.749
0.75
0.758
0.762
0.766
0.758
0.759
0.77
0.761
0.763
0.763
0.751
0.753
0.749
0.754
0.748
0.741
0.75
0.75
0.76
0.749
0.746
0.75
0.748
0.746
0.756
0.77
0.756
0.758
0.757
0.754
0.74
0.747
0.749
0.756
0.752
0.751
0.756
0.762
0.76
0.75
0.742
0.739
0.743
0.742
0.735
0.726
0.722
0.72
0.706
0.701
0.705
0.708
0.71
0.713
0.73
0.744
0.747
0.753
0.749
0.743
0.739
0.74
0.741
0.739
0.734
0.741
0.746
0.752
0.746
0.75
0.753
0.752
0.771
0.769
0.778
0.769
0.77
0.746
0.735
0.72
0.71
0.708
0.716
0.723
0.728
0.726
0.727
0.714
0.703
0.706
0.713
0.72
0.725
0.731
0.718
0.72
0.714
0.72
0.72
0.722
0.711
0.702
0.703
0.712
0.728
0.721
0.713
0.722
0.716
0.712
0.723
0.734
0.742
0.742
0.739
0.733
0.72
0.697
0.695
0.698
0.704
0.707
0.715
0.72
0.709
0.704
0.709
0.719
0.724
0.723
0.714
0.727
0.739
0.735
0.735
0.741
0.742
0.75
0.746
0.75
0.752
0.757
0.757
0.744
0.738
0.741
0.735
0.741
0.734
0.74
0.745
0.739
0.741
0.75
0.768
0.768
0.765
0.765
0.76
0.751
0.757
0.768
0.777
0.766
0.777
0.767
0.779
0.779
0.767
0.766
0.764
0.757
0.744
0.744
0.746
0.762
0.753
0.747
0.756
0.769
0.775
0.786
0.775
0.774
0.779
0.767
0.762
0.767
0.751
0.755
0.752
0.733
0.735
0.747
0.756
0.75
0.748
0.759
0.764
0.768
0.77
0.762
0.751
0.758
0.756
0.747
0.743
0.743
0.751
0.759
0.745
0.736
0.743
0.744
0.742
0.741
0.743
0.748
0.751
0.759
0.744
0.738
0.743
0.746
0.74
0.728
0.731
0.724
0.733
0.733
0.736
0.734
0.727
0.742
0.738
0.745
0.748
0.748
0.75
0.751
0.756
0.75
0.751
0.754
0.75
0.755
0.774
0.776
0.781
0.77
0.76
0.754
0.757
0.748
0.759
0.77
0.784
0.779
0.778
0.761
0.758
0.759
0.765
0.773
0.767
0.772
0.757
0.741
0.743
0.752
0.75
0.748
0.746
0.743
0.749
0.743
0.746
0.723
0.721
0.705
0.706
0.703
0.709
0.715
0.715
0.723
0.716
0.722
0.702
0.695
0.692
0.686
0.688
0.69
0.695
0.705
0.718
0.722
0.734
0.731
0.732
0.727
0.726
0.708
0.698
0.699
0.705
0.708
0.707
0.71
0.727
0.736
0.739
0.736
0.743
0.764
0.756
0.751
0.753
0.776
0.762
0.754
0.76
0.765
0.771
0.756
0.75
0.746
0.755
0.75
0.742
0.732
0.74
0.749
0.756
0.753
0.752
0.757
0.757
0.749
0.748
0.757
0.771
0.763
0.757
0.76
0.759
0.75
0.744
0.749
0.741
0.734
0.729
0.731
0.739
0.749
0.743
0.75
0.75
0.75
0.743
0.737
0.724
0.718
0.709
0.706
0.7
0.699
0.698
0.698
0.708
0.712
0.727
0.721
0.717
0.714
0.724
0.73
0.73
0.729
0.737
0.74
0.746
0.74
0.749
0.765
0.771
0.766
0.759
0.763
0.763
0.757
0.75
0.75
0.75
0.742
0.75
0.76
0.768
0.758
0.752
0.758
0.757
0.76
0.759
0.753
0.758
0.763
0.77
0.762
0.769
0.769
0.776
0.755
0.747
0.741
0.74
0.738
0.74
0.752
0.757
0.752
0.734
0.719
0.714
0.714
0.716
0.721
0.725
0.724
0.725
0.724
0.732
0.728
0.73
0.719
0.714
0.722
0.726
0.732
0.737
0.722
0.725
0.731
0.732
0.719
0.719
0.72
0.714
0.712
0.704
0.701
0.698
0.691
0.685
0.685
0.688
0.691
0.69
0.701
0.717
0.726
0.73
0.744
0.757
0.764
0.752
0.753
0.746
0.727
0.723
0.713
0.713
0.704
0.694
0.7
0.702
0.713
0.719
0.712
0.723
0.746
0.734
0.74
0.743
0.742
0.749
0.731
0.729
0.715
0.707
0.702
0.698
0.683
0.684
0.682
0.694
0.701
0.714
0.72
0.721
0.725
0.71
0.721
0.706
0.714
0.709
0.708
0.705
0.7
0.685
0.69
0.69
0.698
0.693
0.696
0.703
0.713
0.726
0.722
0.733
0.728
0.715
0.712
0.707
0.712
0.715
0.725
0.724
0.723
0.708
0.71
0.715
0.717
0.718
0.707
0.717
0.727
0.722
0.725
0.725
0.725
0.715
0.699
0.701
0.7
0.711
0.713
0.713
0.71
0.715
0.726
0.72
0.741
0.75
0.741
0.759
0.757
0.764
0.752
0.749
0.742
0.733
0.718
0.704
0.694
0.702
0.699
0.707
0.698
0.716
0.711
0.721
0.73
0.749
0.772
0.797
0.774
0.798
0.791
0.766
0.75
0.75
0.738
0.732
0.737
0.746
0.742
0.737
0.75
0.744
0.747
0.757
0.763
0.762
0.762
0.775
0.778
0.775
0.798
0.802
0.784
0.789
0.803
0.814
0.784
0.799
0.791
0.786
0.777
0.761
0.771
0.774
0.769
0.752
0.772
0.764
0.749
0.756
0.754
0.753
0.74
0.745
0.744
0.747
0.736
0.741
0.735
0.732
0.736
0.737
0.743
0.743
0.739
0.741
0.754
0.75
0.741
0.739
0.737
0.733
0.731
0.735
0.735
0.743
0.738
0.736
0.73
0.736
0.736
0.739
0.749
0.755
0.763
0.761
0.752
0.749
0.746
0.743
0.73
0.716
0.718
0.717
0.713
0.712
0.717
0.73
0.732
0.734
0.746
0.737
0.731
0.729
0.736
0.735
0.737
0.737
0.718
0.712
0.711
0.709
0.702
0.701
0.707
0.718
0.727
0.724
0.727
0.731
0.731
0.734
0.725
0.73
0.722
0.736
0.731
0.731
0.729
0.727
0.733
0.733
0.722
0.709
0.7
0.696
0.705
0.706
0.706
0.696
0.695
0.691
0.695
0.69
0.682
0.684
0.687
0.69
0.695
0.7
0.705
0.705
0.702
0.7
0.691
0.679
0.685
0.676
0.672
0.67
0.681
0.683
0.688
0.691
0.699
0.696
0.697
0.697
0.684
0.666
0.666
0.649
0.64
0.637
0.641
0.641
0.645
0.653
0.658
0.657
0.655
0.662
0.666
0.675
0.685
0.703
0.708
0.715
0.719
0.735
0.727
0.717
0.716
0.724
0.729
0.723
0.736
0.731
0.722
0.714
0.719
0.724
0.725
0.722
0.74
0.755
0.749
0.753
0.748
0.747
0.73
0.713
0.718
0.721
0.721
0.726
0.727
0.735
0.738
0.746
0.743
0.749
0.747
0.723
0.734
0.73
0.718
0.698
0.684
0.706
0.719
0.731
0.735
0.751
0.751
0.737
0.723
0.727
0.724
0.712
0.704
0.706
0.715
0.73
0.734
0.729
0.734
0.733
0.735
0.745
0.738
0.738
0.739
0.741
0.734
0.726
0.736
0.745
0.742
0.744
0.728
0.716
0.72
0.725
0.723
0.718
0.723
0.725
0.735
0.735
0.738
0.741
0.743
0.727
0.722
0.716
0.718
0.726
0.737
0.748
0.735
0.742
0.741
0.742
0.741
0.735
0.737
0.743
0.731
0.726
0.732
0.741
0.744
0.729
0.734
0.731
0.71
0.699
0.704
0.713
0.713
0.71
0.716
0.719
0.719
0.714
0.713
0.708
0.696
0.706
0.72
0.717
0.716
0.735
0.737
0.741
0.744
0.738
0.744
0.743
0.739
0.749
0.756
0.743
0.738
0.726
0.734
0.72
0.702
0.69
0.691
0.685
0.684
0.681
0.686
0.688
0.702
0.701
0.699
0.709
0.721
0.722
0.727
0.729
0.729
0.728
0.725
0.726
0.729
0.718
0.715
0.716
0.728
0.723
0.714
0.728
0.726
0.733
0.726
0.72
0.724
0.729
0.729
0.728
0.736
0.75
0.758
0.75
0.736
0.743
0.744
0.75
0.752
0.736
0.736
0.741
0.744
0.75
0.737
0.741
0.746
0.75
0.741
0.746
0.748
0.753
0.752
0.748
0.741
0.736
0.744
0.741
0.746
0.744
0.743
0.739
0.721
0.731
0.73
0.735
0.74
0.731
0.734
0.741
0.749
0.744
0.73
0.721
0.723
0.718
0.7
0.698
0.699
0.704
0.701
0.704
0.705
0.713
0.711
0.711
0.709
0.714
0.715
0.708
0.698
0.7
0.7
0.694
0.703
0.697
0.696
0.703
0.702
0.7
0.692
0.682
0.679
0.678
0.679
0.688
0.683
0.693
0.698
0.697
0.691
0.699
0.711
0.718
0.719
0.724
0.727
0.72
0.73
0.732
0.729
0.727
0.736
0.74
0.734
0.729
0.732
0.728
0.72
0.721
0.706
0.722
0.725
0.736
0.735
0.739
0.738
0.75
0.733
0.729
0.726
0.732
0.732
0.726
0.725
0.729
0.73
0.736
0.735
0.732
0.73
0.732
0.729
0.722
0.727
0.737
0.74
0.745
0.746
0.729
0.733
0.731
0.732
0.734
0.732
0.746
0.75
0.753
0.754
0.764
0.771
0.738
0.75
0.761
0.758
0.748
0.733
0.745
0.75
0.74
0.733
0.729
0.737
0.735
0.726
0.721
0.734
0.74
0.735
0.746
0.743
0.761
0.743
0.741
0.727
0.731
0.733
0.734
0.738
0.733
0.75
0.741
0.743
0.739
0.736
0.736
0.729
0.733
0.729
0.726
0.708
0.712
0.713
0.719
0.711
0.714
0.721
0.725
0.721
0.712
0.714
0.708
0.711
0.707
0.721
0.712
0.716
0.721
0.724
0.723
0.711
0.715
0.72
0.727
0.732
0.725
0.719
0.728
0.719
0.717
0.722
0.715
0.723
0.721
0.718
0.714
0.717
0.719
0.715
0.71
0.716
0.733
0.731
0.724
0.724
0.725
0.721
0.721
0.715
0.729
0.729
0.725
0.73
0.729
0.735
0.745
0.728
0.715
0.717
0.72
0.734
0.734
0.73
0.742
0.743
0.739
0.731
0.739
0.737
0.743
0.737
0.736
0.737
0.747
0.753
0.74
0.715
0.722
0.724
0.724
0.732
0.724
0.73
0.75
0.744
0.733
0.72
0.71
0.718
0.718
0.714
0.707
0.703
0.7
0.701
0.701
0.709
0.713
0.706
0.699
0.699
0.703
0.699
0.691
0.683
0.68
0.67
0.671
0.667
0.673
0.684
0.692
0.694
0.688
0.688
0.689
0.692
0.687
0.703
0.708
0.713
0.716
0.713
0.71
0.711
0.712
0.718
0.721
0.717
0.709
0.708
0.708
0.705
0.698
0.701
0.702
0.71
0.714
0.718
0.716
0.719
0.725
0.723
0.729
0.729
0.707
0.711
0.708
0.719
0.722
0.724
0.722
0.714
0.72
0.725
0.722
0.718
0.701
0.701
0.709
0.715
0.73
0.713
0.706
0.719
0.717
0.729
0.726
0.728
0.733
0.748
0.759
0.762
0.749
0.752
0.749
0.75
0.747
0.737
0.723
0.722
0.721
0.729
0.73
0.716
0.718
0.732
0.748
0.742
0.736
0.73
0.73
0.736
0.735
0.732
0.743
0.741
0.752
0.766
0.761
0.757
0.759
0.753
0.754
0.745
0.75
0.743
0.732
0.722
0.721
0.73
0.73
0.734
0.73
0.72
0.73
0.733
0.734
0.738
0.729
0.719
0.733
0.734
0.741
0.741
0.738
0.739
0.721
0.709
0.705
0.708
0.718
0.709
0.709
0.707
0.72
0.731
0.732
0.726
0.732
0.744
0.747
0.752
0.748
0.76
0.75
0.747
0.748
0.759
0.753
0.752
0.738
0.728
0.739
0.749
0.752
0.75
0.749
0.738
0.733
0.738
0.748
0.746
0.742
0.717
0.703
0.717
0.71
0.719
0.722
0.73
0.746
0.751
0.764
0.77
0.771
0.762
0.752
0.743
0.739
0.751
0.754
0.758
0.757
0.749
0.739
0.725
0.736
0.733
0.746
0.75
0.753
0.748
0.757
0.749
0.744
0.742
0.743
0.743
0.738
0.728
0.746
0.758
0.75
0.75
0.737
0.732
0.734
0.731
0.731
0.716
0.719
0.722
0.724
0.722
0.71
0.704
0.709
0.716
0.713
0.705
0.694
0.702
0.7
0.702
0.701
0.7
0.704
0.714
0.73
0.735
0.744
0.737
0.728
0.721
0.716
0.705
0.714
0.716
0.722
0.73
0.724
0.714
0.721
0.732
0.733
0.73
0.718
0.717
0.712
0.713
0.717
0.717
0.725
0.727
0.727
0.725
0.735
0.738
0.725
0.718
0.718
0.717
0.717
0.715
0.709
0.708
0.706
0.714
0.712
0.709
0.715
0.724
0.737
0.735
0.735
0.726
0.731
0.722
0.717
0.716
0.719
0.721
0.717
0.711
0.715
0.72
0.716
0.707
0.706
0.712
0.712
0.72
0.712
0.712
0.705
0.698
0.695
0.693
0.69
0.681
0.683
0.693
0.702
0.689
0.679
0.676
0.678
0.679
0.685
0.691
0.702
0.715
0.73
0.736
0.742
0.741
0.735
0.736
0.737
0.729
0.724
0.726
0.736
0.747
0.743
0.75
0.746
0.743
0.731
0.711
0.715
0.715
0.731
0.737
0.737
0.739
0.743
0.735
0.746
0.77
0.757
0.754
0.744
0.749
0.751
0.746
0.727
0.726
0.722
0.715
0.714
0.717
0.71
0.713
0.719
0.726
0.73
0.73
0.713
0.72
0.719
0.729
0.73
0.727
0.728
0.717
0.711
0.711
0.724
0.729
0.735
0.727
0.72
0.72
0.722
0.729
0.723
0.723
0.738
0.737
0.741
0.736
0.717
0.718
0.728
0.732
0.741
0.732
0.728
0.728
0.728
0.73
0.729
0.732
0.722
0.718
0.731
0.734
0.736
0.721
0.73
0.734
0.734
0.73
0.729
0.736
0.743
0.739
0.733
0.729
0.737
0.74
0.747
0.737
0.735
0.74
0.743
0.748
0.757
0.751
0.749
0.733
0.72
0.728
0.734
0.746
0.737
0.725
0.729
0.737
0.744
0.742
0.742
0.743
0.742
0.733
0.748
0.746
0.751
0.746
0.725
0.734
0.739
0.74
0.735
0.743
0.74
0.741
0.745
0.743
0.746
0.741
0.728
0.721
0.727
0.723
0.727
0.725
0.739
0.728
0.723
0.723
0.725
0.734
0.735
0.735
0.739
0.727
0.712
0.708
0.712
0.725
0.733
0.729
0.724
0.721
0.716
0.711
0.717
0.728
0.739
0.733
0.725
0.711
0.708
0.706
0.703
0.709
0.712
0.714
0.712
0.706
0.703
0.708
0.713
0.72
0.729
0.73
0.73
0.733
0.73
0.728
0.723
0.713
0.72
0.725
0.718
0.723
0.717
0.726
0.729
0.725
0.717
0.702
0.695
0.708
0.701
0.691
0.69
0.675
0.666
0.657
0.658
0.669
0.68
0.688
0.696
0.713
0.721
0.728
0.727
0.724
0.731
0.733
0.737
0.739
0.738
0.738
0.744
0.737
0.73
0.721
0.738
0.731
0.738
0.743
0.744
0.741
0.738
0.736
0.737
0.718
0.713
0.715
0.712
0.709
0.714
0.699
0.694
0.691
0.695
0.7
0.704
0.712
0.714
0.712
0.726
0.733
0.739
0.744
0.757
0.759
0.745
0.728
0.73
0.736
0.743
0.732
0.732
0.733
0.741
0.75
0.743
0.75
0.747
0.747
0.75
0.762
0.747
0.73
0.733
0.74
0.739
0.733
0.73
0.73
0.738
0.736
0.725
0.73
0.734
0.739
0.739
0.733
0.744
0.734
0.727
0.73
0.733
0.731
0.722
0.711
0.711
0.715
0.718
0.716
0.714
0.706
0.691
0.673
0.674
0.678
0.682
0.692
0.706
0.71
0.711
0.715
0.723
0.728
0.728
0.715
0.73
0.718
0.713
0.721
0.715
0.708
0.708
0.695
0.693
0.703
0.708
0.706
0.711
0.724
0.728
0.724
0.713
0.712
0.708
0.706
0.719
0.732
0.746
0.738
0.742
0.75
0.758
0.762
0.776
0.777
0.765
0.744
0.739
0.736
0.734
0.745
0.744
0.724
0.729
0.737
0.74
0.751
0.75
0.754
0.739
0.735
0.743
0.743
0.747
0.735
0.726
0.729
0.737
0.729
0.732
0.722
0.732
0.738
0.74
0.739
0.728
0.727
0.725
0.734
0.742
0.749
0.742
0.754
0.752
0.75
0.739
0.729
0.73
0.731
0.737
0.737
0.737
0.732
0.739
0.739
0.755
0.747
0.749
0.751
0.751
0.75
0.747
0.738
0.727
0.726
0.736
0.729
0.731
0.719
0.708
0.711
0.717
0.718
0.706
0.708
0.712
0.715
0.725
0.734
0.734
0.729
0.724
0.728
0.733
0.745
0.744
0.741
0.728
0.711
0.704
0.703
0.702
0.698
0.702
0.708
0.713
0.71
0.723
0.726
0.735
0.719
0.724
0.733
0.747
0.749
0.743
0.749
0.742
0.736
0.745
0.744
0.759
0.747
0.75
0.756
0.748
0.752
0.756
0.744
0.742
0.747
0.741
0.728
0.721
0.718
0.717
0.71
0.713
0.731
0.736
0.751
0.755
0.753
0.762
0.759
0.763
0.751
0.748
0.755
0.749
0.738
0.732
0.726
0.738
0.748
0.753
0.761
0.767
0.758
0.752
0.756
0.755
0.736
0.744
0.739
0.75
0.75
0.743
0.748
0.748
0.752
0.75
0.754
0.764
0.748
0.744
0.753
0.756
0.755
0.746
0.729
0.736
0.733
0.727
0.718
0.708
0.702
0.703
0.697
0.697
0.692
0.694
0.702
0.709
0.725
0.737
0.756
0.757
0.756
0.745
0.733
0.721
0.712
0.705
0.703
0.707
0.713
0.714
0.716
0.718
0.717
0.71
0.724
0.724
0.738
0.737
0.741
0.744
0.744
0.743
0.738
0.74
0.736
0.727
0.726
0.724
0.724
0.733
0.732
0.73
0.723
0.721
0.72
0.725
0.722
0.71
0.716
0.721
0.735
0.735
0.734
0.741
0.746
0.749
0.751
0.748
0.743
0.746
0.758
0.755
0.75
0.753
0.754
0.763
0.748
0.761
0.761
0.76
0.757
0.763
0.756
0.755
0.754
0.761
0.751
0.757
0.75
0.743
0.753
0.759
0.758
0.734
0.748
0.748
0.759
0.758
0.753
0.751
0.749
0.752
0.75
0.738
0.737
0.734
0.743
0.737
0.735
0.741
0.747
0.741
0.731
0.733
0.736
0.742
0.739
0.726
0.717
0.702
0.703
0.708
0.711
0.718
0.725
0.728
0.731
0.727
0.725
0.717
0.722
0.741
0.734
0.74
0.755
0.757
0.753
0.764
0.75
0.751
0.736
0.732
0.731
0.719
0.716
0.725
0.727
0.725
0.729
0.738
0.761
0.769
0.77
0.761
0.745
0.742
0.74
0.738
0.755
0.764
0.763
0.752
0.749
0.744
0.735
0.73
0.736
0.741
0.738
0.743
0.745
0.743
0.741
0.733
0.742
0.728
0.734
0.728
0.727
0.737
0.75
0.76
0.765
0.773
0.752
0.744
0.74
0.747
0.736
0.746
0.75
0.749
0.745
0.742
0.728
0.723
0.724
0.719
0.717
0.724
0.746
0.75
0.76
0.759
0.748
0.752
0.754
0.753
0.747
0.747
0.739
0.733
0.735
0.728
0.737
0.731
0.735
0.732
0.713
0.738
0.74
0.738
0.732
0.74
0.74
0.75
0.756
0.745
0.733
0.728
0.734
0.745
0.75
0.745
0.73
0.719
0.721
0.726
0.724
0.721
0.732
0.74
0.749
0.747
0.743
0.748
0.75
0.75
0.741
0.744
0.741
0.74
0.745
0.742
0.73
0.729
0.728
0.723
0.711
0.698
0.698
0.701
0.712
0.726
0.725
0.726
0.737
0.75
0.752
0.75
0.753
0.759
0.762
0.753
0.75
0.757
0.754
0.75
0.738
0.733
0.74
0.74
0.736
0.725
0.729
0.724
0.726
0.723
0.721
0.733
0.734
0.738
0.744
0.734
0.735
0.738
0.749
0.74
0.734
0.733
0.735
0.75
0.749
0.757
0.746
0.748
0.769
0.771
0.764
0.744
0.744
0.755
0.749
0.754
0.746
0.733
0.74
0.742
0.732
0.734
0.742
0.748
0.74
0.735
0.745
0.738
0.734
0.741
0.742
0.745
0.753
0.733
0.742
0.745
0.754
0.752
0.748
0.75
0.752
0.763
0.755
0.745
0.74
0.74
0.739
0.733
0.721
0.728
0.738
0.731
0.722
0.731
0.731
0.732
0.735
0.739
0.733
0.73
0.723
0.726
0.727
0.731
0.723
0.717
0.715
0.711
0.709
0.706
0.708
0.711
0.72
0.726
0.724
0.742
0.757
0.766
0.781
0.754
0.739
0.725
0.756
0.758
0.766
0.77
0.762
0.753
0.744
0.736
0.723
0.716
0.716
0.719
0.719
0.718
0.713
0.708
0.705
0.698
0.694
0.688
0.694
0.694
0.7
0.708
0.722
0.733
0.739
0.746
0.736
0.728
0.73
0.727
0.72
0.708
0.716
0.713
0.71
0.714
0.719
0.721
0.725
0.729
0.74
0.739
0.726
0.726
0.732
0.72
0.718
0.713
0.706
0.702
0.698
0.696
0.697
0.698
0.701
0.71
0.713
0.712
0.717
0.716
0.718
0.72
0.718
0.719
0.719
0.729
0.729
0.735
0.726
0.73
0.723
0.727
0.727
0.715
0.708
0.694
0.69
0.677
0.67
0.673
0.667
0.666
0.666
0.669
0.668
0.666
0.666
0.671
0.677
0.679
0.679
0.677
0.681
0.683
0.686
0.686
0.687
0.688
0.694
0.693
0.69
0.692
0.695
0.701
0.708
0.711
0.715
0.704
0.702
0.704
0.708
0.705
0.71
0.712
0.721
0.721
0.717
0.715
0.717
0.716
0.715
0.712
0.708
0.711
0.715
0.715
0.715
0.719
0.731
0.73
0.729
0.727
0.735
0.742
0.737
0.741
0.744
0.747
0.748
0.748
0.742
0.728
0.717
0.72
0.725
0.724
0.718
0.711
0.725
0.719
0.722
0.719
0.719
0.725
0.721
0.71
0.706
0.706
0.712
0.721
0.716
0.711
0.715
0.724
0.735
0.74
0.731
0.735
0.738
0.742
0.746
0.74
0.728
0.731
0.742
0.745
0.754
0.755
0.744
0.735
0.731
0.734
0.743
0.745
0.729
0.729
0.733
0.745
0.742
0.739
0.735
0.743
0.75
0.747
0.73
0.722
0.726
0.732
0.734
0.735
0.723
0.714
0.721
0.734
0.736
0.729
0.718
0.721
0.726
0.726
0.717
0.708
0.709
0.707
0.694
0.692
0.695
0.7
0.703
0.708
0.708
0.71
0.712
0.716
0.716
0.711
0.711
0.718
0.725
0.735
0.727
0.73
0.737
0.742
0.747
0.742
0.734
0.737
0.739
0.739
0.739
0.729
0.727
0.722
0.73
0.732
0.722
0.721
0.728
0.726
0.731
0.724
0.719
0.726
0.724
0.719
0.711
0.708
0.714
0.717
0.718
0.709
0.707
0.714
0.713
0.718
0.714
0.708
0.704
0.698
0.7
0.692
0.691
0.693
0.696
0.699
0.698
0.697
0.705
0.707
0.712
0.702
0.703
0.713
0.721
0.72
0.717
0.714
0.717
0.724
0.728
0.726
0.72
0.715
0.718
0.723
0.725
0.72
0.719
0.725
0.726
0.727
0.723
0.721
0.716
0.705
0.695
0.694
0.693
0.692
0.7
0.703
0.705
0.712
0.713
0.708
0.708
0.707
0.698
0.69
0.687
0.696
0.698
0.699
0.706
0.708
0.721
0.728
0.727
0.731
0.742
0.752
0.746
0.75
0.759
0.771
0.758
0.755
0.752
0.754
0.756
0.75
0.736
0.735
0.739
0.734
0.736
0.742
0.759
0.754
0.748
0.743
0.743
0.747
0.75
0.732
0.722
0.708
0.708
0.704
0.701
0.701
0.7
0.695
0.695
0.7
0.698
0.696
0.699
0.71
0.717
0.722
0.717
0.729
0.735
0.744
0.746
0.74
0.75
0.753
0.756
0.744
0.748
0.749
0.754
0.742
0.737
0.743
0.741
0.735
0.734
0.741
0.744
0.745
0.741
0.744
0.749
0.75
0.736
0.746
0.75
0.741
0.731
0.734
0.734
0.737
0.734
0.723
0.733
0.732
0.74
0.732
0.729
0.737
0.748
0.753
0.743
0.757
0.758
0.762
0.753
0.747
0.754
0.755
0.759
0.752
0.748
0.75
0.75
0.745
0.736
0.738
0.741
0.737
0.731
0.735
0.739
0.748
0.747
0.735
0.742
0.742
0.74
0.735
0.735
0.741
0.741
0.736
0.733
0.743
0.742
0.741
0.737
0.74
0.742
0.74
0.741
0.737
0.737
0.74
0.735
0.727
0.736
0.739
0.735
0.737
0.735
0.74
0.741
0.733
0.732
0.73
0.727
0.725
0.722
0.727
0.731
0.732
0.734
0.73
0.734
0.732
0.726
0.721
0.727
0.732
0.732
0.727
0.735
0.737
0.734
0.732
0.732
0.735
0.735
0.727
0.725
0.728
0.731
0.734
0.733
0.739
0.745
0.6823478
0.6856804
0.745
0.6770029
0.6146364
0.6815988
0.742
0.743
0.743
0.743
0.737
0.738
0.741
0.6415316
0.6599613
0.742
0.734
0.728
0.724
0.731
0.735
0.731
0.732
0.738
0.655574
0.742
0.737
0.6657822
0.737
0.74
0.738
0.6532504
0.6025291
0.6743046
0.6637066
0.6441006
0.6554609
0.6558187
0.6583021
0.7006449
0.6449054
0.656364
0.733
0.729
0.732
0.732
0.73
0.727
0.729
0.734
0.6852064
0.737
0.736
0.6814308
0.6840343
0.6323946
0.709429
0.6514176
0.7051314
0.6087816
0.6496877
0.6863186
0.6274282
0.6261871
0.725
0.724
0.716
0.708
0.701
0.698
0.688
0.69
0.694
0.703
0.705
0.713
0.718
0.731
0.731
0.728
0.726
0.732
0.73
0.728
0.6180733
0.6145431
0.6328239
0.6556798
0.729
0.732
0.723
0.715
0.713
0.711
0.699
0.685
0.678
0.677
0.666
0.664
0.662
0.656
0.655
0.647
0.646
0.643
0.636
0.63
0.626
0.62
0.62
0.617
0.616
0.609
0.604
0.607
0.604
0.602
0.607
0.602
0.598
0.61
0.607
0.612
0.61
0.617
0.619
0.622
0.619
0.629
0.629
0.64
0.631
0.635
0.637
0.63
0.634
0.631
0.633
0.627
0.625
0.628
0.625
0.617
0.619
0.618
0.615
0.608
0.611
0.608
0.608
0.604
0.603
0.602
0.604
0.603
0.598
0.598
0.599
0.599
0.592
0.597
0.594
0.593
0.595
0.589
0.589
0.591
0.587
0.584
0.583
0.582
0.583
0.578
0.575
0.576
0.577
0.574
0.569
0.573
0.571
0.568
0.569
0.569
0.565
0.567
0.564
0.562
0.563
0.564
0.561
0.56
0.56
0.56
0.557
0.555
0.559
0.554
0.556
0.559
0.558
0.555
0.555
0.558
0.555
0.552
0.551
0.551
0.552
0.548
0.548
0.547
0.545
0.544
0.5720601
0.6385585
0.669126
0.6930014
0.6709036
0.6545484
0.5802037
0.613781
0.6211686
0.6526642
0.6283936
0.5938426
0.6817876
0.6586002
0.6383766
0.6676368
0.5911047
0.6508377
0.615372
0.6513931
0.6290625
0.6497473
0.6706952
0.6309121
0.6610639
0.5950322
0.6089336
0.6758882
0.6416833
0.5689673
0.5894916
0.6242241
0.6560656
0.6270733
0.6487339
0.6586946
0.6799375
0.6315883
0.6283088
0.5773829
0.632737
0.6126178
0.6005447
0.6242473
0.6599354
0.5699449
0.6167183
0.6329425
0.6027013
0.6393586
0.6416377
0.6283073
0.5555135
0.7061221
0.6230457
0.6486249
0.6373038
0.6597272
0.6535042
0.6227465
0.6402997
0.6006881
0.6545597
0.6151179
0.7011543
0.5794782
0.6149535
0.6534894
0.6440392
0.6111331
0.598932
0.6330425
0.6282755
0.5751464
0.6297026
0.6343423
0.6338628
0.5970708
0.6428452
0.6698176
0.6422192
0.5945994
0.6155165
0.6388801
0.6091645
0.5639743
0.6549294
0.6036648
0.6113038
0.6734173
0.6052768
0.6537062
0.5906988
0.6177838
0.6261733
0.5934104
0.6093638
0.6274708
0.6483779
0.578947
0.6178353
0.6509032
0.6121567
0.6350553
0.6429664
0.636244
0.6477586
0.6245414
0.6158286
0.5491437
0.6253983
0.6410349
0.6441679
0.6115401
0.681353
0.6366915
0.6318936
0.6661543
0.6066108
0.6146201
0.699776
0.6284027
0.6769141
0.5850334
0.622347
0.6393536
0.6370016
0.597947
0.6285898
0.5957857
0.6493136
0.6604339
0.5614469
0.6649344
0.59086
0.6415686
0.6476977
0.6219797
0.6086599
0.6328916
0.6410661
0.6543543
0.5665581
0.5789936
0.670704
0.6592236
0.640938
0.6493054
0.6553436
0.548336
0.6611139
0.6134047
0.6348038
0.6190788
0.6539813
0.6174826
0.6434096
0.6162195
0.5952228
0.6640897
0.6500613
0.6794702
0.6298548
0.6615517
0.6869857
0.6194937
0.5883503
0.6207587
0.6215185
0.6324589
0.6791339
0.6181767
0.6390893
0.6211298
0.6285552
0.6373408
0.6676752
0.631588
0.539
0.541
0.541
0.545
0.547
0.551
0.552
0.551
0.552
0.557
0.557
0.564
0.561
0.561
0.568
0.572
0.58
0.576
0.575
0.577
0.58
0.583
0.583
0.581
0.581
0.588
0.59
0.589
0.586
0.595
0.598
0.606
0.604
0.596
0.597
0.605
0.604
0.601
0.601
0.605
0.613
0.609
0.606
0.604
0.613
0.614
0.622
0.614
0.621
0.632
0.632
0.641
0.629
0.627
0.634
0.634
0.626
0.634
0.625
0.62
0.622
0.623
0.619
0.618
0.624
0.621
0.619
0.615
0.608
0.611
0.613
0.619
0.622
0.62
0.62
0.625
0.633
0.636
0.643
0.643
0.646
0.646
0.647
0.644
0.647
0.653
0.653
0.653
0.649
0.656
0.656
0.653
0.651
0.655
0.664
0.669
0.666
0.665
0.662
0.665
0.665
0.657
0.656
0.657
0.657
0.661
0.653
0.658
0.66
0.66
0.654
0.655
0.661
0.666
0.664
0.664
0.661
0.667
0.666
0.664
0.659
0.659
0.662
0.659
0.658
0.657
0.658
0.659
0.653
0.65
0.652
0.654
0.649
0.646
0.645
0.644
0.646
0.639
0.639
0.639
0.643
0.65
0.648
0.647
0.653
0.655
0.653
0.654
0.648
0.654
0.65
0.652
0.654
0.656
0.665
0.656
0.655
0.656
0.657
0.656
0.657
0.654
0.658
0.657
0.655
0.654
0.657
0.655
0.651
0.649
0.653
0.649
0.65
0.646
0.654
0.657
0.655
0.655
0.655
0.662
0.663
0.664
0.664
0.669
0.666
0.662
0.657
0.657
0.661
0.659
0.659
0.656
0.658
0.658
0.657
0.656
0.657
0.661
0.659
0.661
0.661
0.659
0.662
0.659
0.657
0.659
0.663
0.663
0.661
0.664
0.664
0.666
0.666
0.666
0.669
0.667
0.67
0.662
0.666
0.668
0.668
0.666
0.66
0.663
0.663
0.663
0.662
0.661
0.666
0.667
0.666
0.666
0.667
0.669
0.67
0.668
0.67
0.673
0.677
0.675
0.67
0.668
0.673
0.668
0.67
0.666
0.674
0.674
0.675
0.675
0.674
0.676
0.672
0.674
0.667
0.672
0.672
0.669
0.67
0.674
0.672
0.669
0.67
0.665
0.669
0.667
0.668
0.67
0.666
0.667
0.666
0.662
0.655
0.642
0.65
0.651
0.645
0.653
0.655
0.653
0.656
0.659
0.657
0.66
0.659
0.665
0.661
0.66
0.662
0.663
0.666
0.665
0.666
0.666
0.672
0.675
0.682
0.681
0.69
0.694
0.695
0.69
0.692
0.694
0.698
0.694
0.693
0.696
0.705
0.701
0.706
0.698
0.707
0.704
0.696
0.691
0.696
0.697
0.7
0.701
0.699
0.699
0.702
0.692
0.688
0.695
0.695
0.694
0.69
0.689
0.691
0.692
0.684
0.681
0.684
0.687
0.687
0.686
0.687
0.694
0.698
0.694
0.695
0.699
0.703
0.707
0.708
0.705
0.716
0.712
0.708
0.706
0.701
0.709
0.708
0.701
0.697
0.7
0.704
0.696
0.699
0.695
0.701
0.705
0.7
0.695
0.698
0.703
0.698
0.7
0.698
0.706
0.707
0.706
0.703
0.703
0.706
0.708
0.703
0.704
0.712
0.72
0.713
0.713
0.722
0.721
0.719
0.718
0.719
0.728
0.729
0.713
0.715
0.713
0.716
0.711
0.709
0.708
0.71
0.708
0.711
0.708
0.722
0.721
0.713
0.713
0.716
0.719
0.718
0.707
0.708
0.709
0.712
0.704
0.704
0.702
0.709
0.702
0.701
0.697
0.7
0.702
0.702
0.703
0.701
0.708
0.706
0.697
0.694
0.701
0.704
0.706
0.709
0.707
0.714
0.713
0.712
0.708
0.717
0.717
0.719
0.716
0.71
0.713
0.712
0.709
0.707
0.711
0.711
0.711
0.71
0.715
0.714
0.715
0.711
0.709
0.71
0.712
0.709
0.709
0.711
0.712
0.711
0.708
0.707
0.711
0.712
0.709
0.703
0.711
0.709
0.705
0.708
0.708
0.714
0.715
0.714
0.71
0.712
0.71
0.701
0.696
0.685
0.667
0.667
0.661
0.663
0.666
0.666
0.662
0.663
0.663
0.666
0.671
0.667
0.669
0.674
0.671
0.667
0.663
0.667
0.672
0.673
0.675
0.675
0.687
0.686
0.685
0.688
0.695
0.701
0.702
0.705
0.708
0.715
0.726
0.737
0.73
0.73
0.727
0.732
0.724
0.719
0.716
0.715
0.714
0.715
0.719
0.713
0.719
0.727
0.727
0.724
0.719
0.724
0.717
0.702
0.704
0.706
0.703
0.704
0.712
0.718
0.726
0.723
0.736
0.744
0.74
0.736
0.743
0.743
0.733
0.735
0.738
0.736
0.726
0.73
0.725
0.727
0.734
0.735
0.726
0.734
0.736
0.73
0.725
0.737
0.744
0.75
0.739
0.734
0.74
0.728
0.731
0.731
0.743
0.733
0.745
0.742
0.745
0.741
0.732
0.735
0.742
0.735
0.73
0.734
0.74
0.742
0.748
0.745
0.744
0.747
0.743
0.733
0.73
0.733
0.742
0.742
0.74
0.738
0.727
0.722
0.725
0.728
0.717
0.717
0.711
0.715
0.706
0.706
0.714
0.718
0.73
0.725
0.737
0.741
0.741
0.735
0.725
0.72
0.723
0.719
0.73
0.721
0.724
0.709
0.695
0.678
0.675
0.666
0.666
0.668
0.665
0.663
0.66
0.659
0.655
0.655
0.654
0.654
0.65
0.644
0.639
0.64
0.7466227
0.7488983
0.7532646
0.649
0.644
0.643
0.643
0.654
0.664
0.683
0.692
0.701
0.706
0.709
0.712
0.711
0.708
0.709
0.703
0.699
0.699
0.693
0.687
0.679
0.677
0.7157725
0.7819136
0.7221789
0.806
0.7310312
0.708
0.7768081
