0.7170623
0.7303208
0.8043659
0.7418403
0.743785
0.8093674
0.7565975
0.684165
0.7077591
0.7173087
0.7863933
0.7498744
0.7510812
0.7384922
0.7102161
0.807351
0.753132
0.6499289
0.760619
0.617
0.612
0.605
0.608
0.627
0.625
0.632
0.654
0.655
0.646
0.658
0.66
0.647
0.642
0.637
0.652
0.674
0.642
0.641
0.649
0.653
0.646
0.646
0.697
0.658
0.671
0.649
0.644
0.639
0.643
0.672
0.653
0.642
0.737
0.648
0.687
0.676
0.673
0.737
0.725
0.708
0.747
0.76
0.745
0.726
0.738
0.723
0.709
0.711
0.714
0.694
0.684
0.692
0.686
0.672
0.684
0.693
0.701
0.684
0.699
0.714
0.722
0.721
0.738
0.741
0.717
0.721
0.73
0.728
0.711
0.697
0.708
0.704
0.691
0.677
0.68
0.692
0.682
0.679
0.694
0.704
0.713
0.702
0.746
0.704
0.766
0.669
0.666
0.673
0.661
0.653
0.641
0.642
0.664
0.661
0.655
0.702
0.698
0.697
0.736
0.737
0.744
0.734
0.746
0.759
0.741
0.761
0.755
0.741
0.729
0.719
0.723
0.698
0.712
0.715
0.707
0.689
0.67
0.668
0.665
0.646
0.632
0.637
0.643
0.647
0.641
0.637
0.653
0.666
0.704
0.653
0.691
0.677
0.657
0.651
0.657
0.65
0.637
0.633
0.661
0.657
0.639
0.633
0.641
0.647
0.648
0.633
0.646
0.648
0.651
0.644
0.655
0.663
0.666
0.639
0.654
0.645
0.642
0.629
0.628
0.633
0.639
0.638
0.629
0.649
0.64
0.642
0.628
0.628
0.626
0.618
0.61
0.615
0.619
0.61
0.608
0.599
0.599
0.603
0.6
0.6
0.599
0.597
0.612
0.617
0.619
0.625
0.63
0.63
0.63
0.636
0.65
0.661
0.652
0.645
0.662
0.667
0.661
0.648
0.664
0.655
0.655
0.642
0.633
0.641
0.645
0.653
0.645
0.646
0.663
0.661
0.654
0.662
0.668
0.674
0.665
0.663
0.666
0.657
0.647
0.659
0.707
0.655
0.658
0.658
0.636
0.635
0.624
0.611
0.601
0.597
0.592
0.59
0.587
0.585
0.586
0.626
0.648
0.628
0.625
0.624
0.618
0.625
0.636
0.639
0.632
0.661
0.666
0.662
0.66
0.689
0.679
0.67
0.747
0.68
0.681
0.687
0.689
0.688
0.672
0.673
0.66
0.665
0.658
0.648
0.663
0.668
0.673
0.703
0.717
0.716
0.726
0.724
0.716
0.702
0.716
0.705
0.687
0.687
0.681
0.684
0.669
0.683
0.683
0.677
0.667
0.663
0.67
0.662
0.662
0.669
0.675
0.668
0.681
0.682
0.686
0.682
0.692
0.682
0.671
0.67
0.681
0.666
0.648
0.637
0.629
0.625
0.629
0.645
0.634
0.634
0.632
0.627
0.625
0.627
0.618
0.617
0.614
0.622
0.62
0.624
0.636
0.637
0.634
0.644
0.644
0.625
0.625
0.628
0.638
0.646
0.649
0.658
0.665
0.668
0.657
0.678
0.675
0.668
0.663
0.662
0.661
0.648
0.662
0.662
0.66
0.658
0.658
0.652
0.662
0.665
0.671
0.658
0.653
0.649
0.659
0.642
0.645
0.654
0.653
0.662
0.675
0.684
0.68
0.67
0.671
0.673
0.669
0.668
0.669
0.674
0.679
0.66
0.653
0.648
0.661
0.656
0.643
0.65
0.653
0.642
0.638
0.638
0.635
0.625
0.625
0.648
0.651
0.653
0.658
0.666
0.674
0.684
0.679
0.657
0.661
0.679
0.665
0.654
0.652
0.661
0.66
0.65
0.643
0.648
0.651
0.655
0.647
0.657
0.667
0.662
0.666
0.683
0.696
0.696
0.5521728
0.5271076
0.5622578
0.5283171
0.5404334
0.5444963
0.4999876
0.6049304
0.5761442
0.686
0.676
0.656
0.646
0.635
0.618
0.616
0.5202343
0.6196597
0.66
0.635
0.624
0.619
0.625
0.643
0.648
0.652
0.654
0.665
0.67
0.664
0.664
0.684
0.683
0.687
0.673
0.5806309
0.550314
0.5996683
0.5987141
0.5961117
0.5903264
0.5844673
0.5585588
0.683
0.676
0.666
0.654
0.646
0.643
0.633
0.625
0.626
0.622
0.62
0.608
0.605
0.605
0.608
0.604
0.607
0.616
0.63
0.644
0.644
0.639
0.637
0.636
0.642
0.648
0.654
0.643
0.636
0.631
0.629
0.63
0.617
0.614
0.612
0.608
0.606
0.601
0.602
0.597
0.596
0.598
0.622
0.62
0.616
0.618
0.631
0.641
0.641
0.641
0.635
0.654
0.658
0.657
0.643
0.638
0.633
0.626
0.615
0.607
0.611
0.614
0.61
0.626
0.615
0.607
0.609
0.606
0.591
0.585
0.582
0.571
0.573
0.5317994
0.5284904
0.5151914
0.5352754
0.4910032
0.551
0.546
0.541
0.534
0.53
0.527
0.521
0.519
0.509
0.514
0.508
0.504
0.5
0.494
0.494
0.492
0.489
0.487
0.484
0.486
0.486
0.487
0.491
0.489
0.491
0.488
0.486
0.485
0.488
0.487
0.487
0.489
0.486
0.489
0.488
0.491
0.491
0.493
0.49
0.493
0.494
0.492
0.494
0.494
0.494
0.492
0.493
0.492
0.489
0.492
0.492
0.489
0.488
0.487
0.485
0.482
0.484
0.482
0.479
0.481
0.479
0.477
0.476
0.476
0.474
0.475
0.444
0.495
0.472
0.473
0.476
0.472
0.443
0.494
0.445
0.494
0.473
0.441
0.494
0.471
0.473
0.472
0.472
0.44
0.461
0.465
0.462
0.493
0.473
0.443
0.493
0.439
0.461
0.492
0.437
0.461
0.49
0.442
0.491
0.438
0.461
0.49
0.438
0.459
0.49
0.44
0.462
0.491
0.44
0.462
0.459
0.458
0.459
0.461
0.46
0.458
0.458
0.459
0.458
0.458
0.458
0.458
0.458
0.458
0.458
0.457
0.458
0.458
0.456
0.458
0.458
0.458
0.458
0.458
0.458
0.458
0.456
0.458
0.457
0.458
0.457
0.456
0.458
0.455
0.458
0.456
0.49
0.434
0.458
0.454
0.456
0.456
0.455
0.452
0.453
0.451
0.453
0.449
0.45
0.449
0.449
0.449
0.445
0.45
0.448
0.447
0.447
0.448
0.448
0.447
0.447
0.446
0.448
0.449
0.445
0.45
0.448
0.447
0.446
0.445
0.447
0.443
0.447
0.446
0.445
0.447
0.446
0.446
0.444
0.446
0.445
0.442
0.445
0.443
0.44
0.443
0.439
0.443
0.437
0.446
0.444
0.443
0.446
0.442
0.444
0.442
0.442
0.439
0.439
0.444
0.438
0.44
0.441
0.44
0.442
0.439
0.441
0.439
0.441
0.442
0.441
0.443
0.441
0.441
0.439
0.441
0.441
0.44
0.442
0.441
0.441
0.439
0.44
0.437
0.439
0.438
0.44
0.438
0.439
0.439
0.438
0.439
0.436
0.435
0.437
0.434
0.436
0.432
0.433
0.433
0.433
0.431
0.431
0.432
0.433
0.431
0.43
0.431
0.429
0.428
0.432
0.429
0.428
0.427
0.431
0.427
0.428
0.427
0.426
0.429
0.427
0.429
0.429
0.431
0.428
0.427
0.431
0.431
0.435
0.434
0.433
0.432
0.433
0.435
0.433
0.435
0.434
0.436
0.436
0.442
0.439
0.444
0.45
0.448
0.452
0.448
0.45
0.447
0.447
0.449
0.416
0.479
0.448
0.451
0.451
0.45
0.451
0.459
0.46
0.459
0.463
0.463
0.461
0.458
0.46
0.46
0.459
0.459
0.462
0.463
0.461
0.456
0.467
0.476
0.474
0.473
0.472
0.471
0.472
0.471
0.473
0.472
0.476
0.476
0.475
0.476
0.477
0.477
0.476
0.481
0.48
0.488
0.482
0.487
0.487
0.49
0.486
0.485
0.489
0.487
0.49
0.485
0.484
0.486
0.489
0.487
0.488
0.486
0.491
0.496
0.498
0.493
0.494
0.496
0.497
0.498
0.498
0.5
0.505
0.5
0.508
0.511
0.52
0.518
0.513
0.513
0.516
0.519
0.513
0.516
0.583
0.51
0.591
0.501
0.532
0.542
0.54
0.543
0.535
0.537
0.542
0.539
0.53
0.53
0.527
0.523
0.519
0.514
0.514
0.509
0.508
0.512
0.513
0.512
0.511
0.514
0.528
0.532
0.539
0.536
0.532
0.532
0.538
0.545
0.538
0.533
0.539
0.537
0.531
0.529
0.53
0.541
0.541
0.537
0.534
0.545
0.551
0.541
0.539
0.547
0.558
0.553
0.543
0.546
0.551
0.551
0.547
0.543
0.55
0.543
0.544
0.535
0.542
0.541
0.545
0.541
0.536
0.548
0.548
0.55
0.545
0.542
0.556
0.558
0.556
0.558
0.561
0.561
0.555
0.549
0.552
0.553
0.553
0.551
0.545
0.544
0.549
0.556
0.549
0.546
0.551
0.553
0.552
0.549
0.563
0.57
0.56
0.557
0.562
0.559
0.556
0.548
0.557
0.558
0.561
0.554
0.552
0.563
0.57
0.565
0.556
0.562
0.561
0.563
0.566
0.559
0.567
0.57
0.567
0.559
0.567
0.562
0.57
0.564
0.56
0.566
0.573
0.575
0.571
0.564
0.573
0.575
0.572
0.562
0.558
0.555
0.56
0.56
0.554
0.547
0.545
0.544
0.54
0.535
0.534
0.538
0.54
0.541
0.54
0.538
0.542
0.547
0.548
0.545
0.548
0.553
0.555
0.55
0.546
0.551
0.547
0.545
0.54
0.545
0.546
0.551
0.541
0.551
0.601
0.528
0.597
0.534
0.605
0.532
0.597
0.529
0.595
0.525
0.586
0.518
0.544
0.537
0.539
0.546
0.597
0.518
0.593
0.529
0.617
0.529
0.559
0.566
0.619
0.545
0.57
0.565
0.625
0.549
0.626
0.541
0.624
0.547
0.629
0.542
0.608
0.544
0.568
0.566
0.565
0.559
0.606
0.539
0.605
0.533
0.558
0.558
0.598
0.529
0.599
0.536
0.605
0.532
0.598
0.537
0.607
0.539
0.601
0.541
0.625
0.546
0.614
0.541
0.599
0.592
0.591
0.543
0.607
0.537
0.606
0.537
0.593
0.563
0.558
0.581
0.6413361
0.6014463
0.625
0.562
0.612
0.545
0.621
0.548
0.619
0.55
0.634
0.554
0.627
0.552
0.639
0.614
0.615
0.56
0.63
0.56
0.626
0.551
0.614
0.549
0.625
0.547
0.611
0.589
0.588
0.59
0.547
0.609
0.592
0.541
0.602
0.54
0.608
0.577
0.573
0.575
0.581
0.575
0.573
0.572
0.578
0.568
0.566
0.566
0.564
0.56
0.556
0.552
0.552
0.559
0.547
0.547
0.55
0.561
0.554
0.556
0.562
0.562
0.523
0.593
0.572
0.578
0.574
0.586
0.598
0.588
0.582
0.583
0.588
0.541
0.598
0.568
0.572
0.565
0.562
0.562
0.57
0.576
0.571
0.569
0.574
0.578
0.574
0.569
0.573
0.502
0.508
0.542
0.664
0.5270972
0.5574169
0.5550646
0.575
0.577
0.571
0.572
0.578
0.575
0.567
0.569
0.574
0.57
0.565
0.569
0.572
0.571
0.569
0.569
0.57
0.571
0.57
0.569
0.573
0.575
0.571
0.568
0.579
0.578
0.571
0.571
0.58
0.58
0.574
0.574
0.577
0.578
0.575
0.571
0.581
0.583
0.574
0.571
0.574
0.576
0.573
0.573
0.57
0.594
0.583
0.574
0.531
0.624
0.582
0.507
0.655
0.574
0.589
0.59
0.59
0.592
0.6
0.615
0.605
0.6
0.606
0.616
0.616
0.609
0.615
0.608
0.61
0.6
0.597
0.602
0.606
0.599
0.594
0.604
0.598
0.6
0.594
0.607
0.612
0.615
0.609
0.611
0.623
0.611
0.608
0.606
0.6
0.597
0.597
0.59
0.583
0.578
0.583
0.579
0.573
0.573
0.577
0.583
0.588
0.577
0.58
0.579
0.583
0.585
0.58
0.597
0.597
0.594
0.592
0.598
0.599
0.601
0.599
0.592
0.592
0.6
0.596
0.588
0.582
0.579
0.602
0.605
0.593
0.587
0.585
0.581
0.579
0.583
0.587
0.583
0.59
0.601
0.607
0.597
0.608
0.629
0.632
0.627
0.639
0.642
0.634
0.624
0.637
0.64
0.638
0.634
0.642
0.644
0.646
0.637
0.624
0.634
0.633
0.627
0.622
0.625
0.63
0.627
0.617
0.62
0.622
0.625
0.616
0.623
0.634
0.628
0.622
0.629
0.632
0.624
0.6502246
0.614402
0.6285896
0.63
0.635
0.642
0.63
0.632
0.638
0.635
0.618086
0.6176435
0.6766203
0.64
0.647
0.658
0.643
0.651
0.661
0.65
0.646
0.64
0.65
0.646
0.636
0.654
0.665
0.65
0.649
0.665
0.658
0.6130653
0.6858225
0.5582302
0.655
0.666
0.658
0.641
0.659
0.666
0.648
0.643
0.665
0.675
0.664
0.658
0.671
0.67
0.654
0.673
0.668
0.67
0.652
0.666
0.656
0.64
0.6505185
0.6314608
0.6354425
0.631
0.629
0.621
0.614
0.612
0.614
0.614
0.606
0.621
0.624
0.624
0.617
0.624
0.62
0.625
0.617
0.623
0.642
0.653
0.634
0.637
0.64
0.639
0.626
0.633
0.638
0.649
0.646
0.66
0.655
0.643
0.644
0.641
0.644
0.638
0.625
0.638
0.637
0.638
0.643
0.636
0.639
0.632
0.624
0.617
0.61
0.62
0.614
0.609
0.617
0.6492857
0.6126613
0.623
0.615
0.617
0.621
0.623
0.622
0.622
0.613
0.611
0.621
0.619
0.626
0.628
0.625
0.639
0.641
0.636
0.642
0.635
0.64
0.634
0.659
0.665
0.656
0.696
0.68
0.662
0.686
0.666
0.655
0.653
0.658
0.641
0.645
0.654
0.641
0.646
0.655
0.636
0.661
0.652
0.645
0.656
0.665
0.655
0.669
0.683
0.664
0.677
0.68
0.666
0.671
0.678
0.66
0.676
0.658
0.658
0.659
0.65
0.641
0.659
0.646
0.65
0.658
0.653
0.664
0.672
0.666
0.654
0.669
0.657
0.654
0.66
0.658
0.6287507
0.6002978
0.5981892
0.659
0.658
0.648
0.674
0.658
0.663
0.66
0.65
0.661
0.659
0.64
0.644
0.649
0.652
0.648
0.637
0.646
0.647
0.648
0.647
0.671
0.674
0.656
0.664
0.667
0.664
0.679
0.668
0.657
0.665
0.663
0.661
0.665
0.671
0.656
0.662
0.658
0.67
0.683
0.671
0.662
0.68
0.703
0.684
0.693
0.691
0.666
0.697
0.679
0.685
0.666
0.665
0.677
0.666
0.665
0.665
0.677
0.662
0.672
0.683
0.68
0.676
0.7
0.704
0.689
0.702
0.714
0.69
0.704
0.695
0.682
0.706
0.675
0.673
0.684
0.671
0.674
0.665
0.671
0.685
0.663
0.676
0.679
0.659
0.673
0.678
0.668
0.667
0.674
0.661
0.67
0.671
0.67
0.681
0.666
0.665
0.677
0.668
0.654
0.667
0.657
0.663
0.666
0.653
0.661
0.671
0.663
0.662
0.666
0.67
0.653
0.67
0.666
0.666
0.673
0.676
0.668
0.674
0.666
0.655
0.668
0.662
0.655
0.662
0.658
0.661
0.671
0.662
0.655
0.665
0.653
0.665
0.668
0.664
0.663
0.651
0.661
0.663
0.649
0.646
0.661
0.649
0.665
0.659
0.655
0.665
0.665
0.669
0.672
0.661
0.665
0.674
0.669
0.648
0.662
0.756
0.674
0.697
0.686
0.698
0.687
0.675
0.689
0.677
0.689
0.678
0.678
0.677
0.69
0.677
0.667
0.683
0.682
0.663
0.671
0.671
0.661
0.68
0.663
0.674
0.677
0.666
0.66
0.672
0.666
0.665
0.678
0.672
0.678
0.666
0.674
0.666
0.666
0.672
0.667
0.672
0.668
0.669
0.666
0.676
0.68
0.697
0.68
0.667
0.674
0.676
0.661
0.666
0.658
0.651
0.658
0.657
0.648
0.656
0.657
0.643
0.656
0.655
0.646
0.665
0.654
0.655
0.658
0.653
0.655
0.641
0.631
0.628
0.632
0.632
0.65
0.649
0.649
0.666
0.648
0.644
0.648
0.645
0.65
0.642
0.638
0.644
0.647
0.641
0.662
0.65
0.644
0.657
0.66
0.66
0.654
0.652
0.642
0.654
0.646
0.645
0.646
0.64
0.634
0.634
0.628
0.628
0.635
0.633
0.634
0.642
0.645
0.651
0.654
0.649
0.65
0.637
0.641
0.638
0.624
0.626
0.616
0.612
0.623
0.641
0.688
0.691
0.696
0.679
0.697
0.682
0.692
0.687
0.679
0.68
0.693
0.685
0.668
0.671
0.669
0.656
0.652
0.657
0.638
0.641
0.642
0.651
0.642
0.636
0.672
0.657
0.672
0.6769434
0.682984
0.6665244
0.7027605
0.763
0.762
0.747
0.722
0.721
0.686
0.664
0.679
0.668
0.656
0.685
0.666
0.667
0.674
0.667
0.675
0.656
0.653
0.649
0.64
0.635
0.63
0.615
0.607
0.598
0.593
0.591
0.588
0.596
0.598
0.612
0.628
0.643
0.64
0.632
0.652
0.645
0.654
0.652
0.651
0.646
0.636
0.633
0.639
0.644
0.641
0.65
0.647
0.653
0.654
0.647
0.656
0.646
0.642
0.664
0.656
0.666
0.683
0.705
0.697
0.697
0.717
0.702
0.679
0.685
0.677
0.671
0.677
0.663
0.669
0.676
0.663
0.658
0.654
0.642
0.643
0.645
0.639
0.659
0.657
0.655
0.676
0.671
0.666
0.682
0.677
0.675
0.689
0.683
0.671
0.677
0.663
0.674
0.666
0.659
0.666
0.671
0.659
0.661
0.661
0.664
0.652
0.653
0.658
0.666
0.659
0.665
0.672
0.667
0.658
0.654
0.649
0.646
0.653
0.644
0.64
0.657
0.656
0.642
0.64
0.634
0.629
0.645
0.65
0.649
0.647
0.647
0.667
0.669
0.664
0.662
0.652
0.667
0.672
0.676
0.685
0.685
0.673
0.679
0.68
0.666
0.656
0.646
0.637
0.651
0.654
0.65
0.664
0.669
0.656
0.647
0.662
0.66
0.644
0.651
0.659
0.645
0.649
0.644
0.645
0.651
0.653
0.647
0.664
0.673
0.672
0.669
0.677
0.666
0.675
0.666
0.665
0.683
0.673
0.682
0.682
0.684
0.668
0.664
0.666
0.654
0.651
0.654
0.66
0.663
0.651
0.648
0.66
0.662
0.658
0.662
0.651
0.644
0.655
0.683
0.686
0.666
0.663
0.665
0.663
0.659
0.661
0.656
0.662
0.651
0.648
0.636
0.622
0.616
0.619
0.618
0.626
0.623
0.623
0.632
0.625
0.629
0.629
0.631
0.627
0.636
0.647
0.654
0.679
0.673
0.677
0.704
0.7
0.679
0.69
0.665
0.681
0.669
0.673
0.68
0.678
0.657
0.661
0.654
0.652
0.642
0.645
0.64
0.637
0.636
0.649
0.65
0.649
0.646
0.638
0.626
0.622
0.615
0.617
0.62
0.617
0.635
0.646
0.649
0.667
0.651
0.664
0.657
0.684
0.688
0.685
0.673
0.67
0.687
0.663
0.672
0.671
0.656
0.665
0.653
0.657
0.663
0.673
0.675
0.664
0.66
0.663
0.661
0.66
0.657
0.662
0.649
0.661
0.657
0.645
0.644
0.65
0.659
0.65
0.657
0.65
0.648
0.633
0.629
0.626
0.628
0.636
0.635
0.647
0.66
0.666
0.677
0.671
0.675
0.681
0.688
0.676
0.68
0.674
0.664
0.669
0.66
0.663
0.661
0.658
0.666
0.659
0.66
0.68
0.691
0.693
0.696
0.707
0.691
0.679
0.693
0.723
0.726
0.708
0.701
0.684
0.679
0.689
0.68
0.687
0.684
0.687
0.689
0.68
0.707
0.712
0.697
0.716
0.689
0.742
0.701
0.715
0.721
0.708
0.698
0.697
0.663
0.653
0.651
0.656
0.658
0.665
0.652
0.659
0.657
0.649
0.66
0.665
0.669
0.683
0.685
0.673
0.677
0.672
0.667
0.655
0.662
0.655
0.648
0.647
0.642
0.647
0.642
0.638
0.628
0.638
0.641
0.641
0.638
0.634
0.639
0.638
0.649
0.649
0.655
0.669
0.673
0.67
0.672
0.673
0.68
0.673
0.695
0.693
0.675
0.666
0.657
0.64
0.633
0.632
0.626
0.635
0.647
0.651
0.646
0.65
0.651
0.657
0.662
0.66
0.665
0.654
0.649
0.656
0.649
0.678
0.691
0.701
0.694
0.766
0.689
0.724
0.702
0.722
0.714
0.688
0.691
0.705
0.698
0.693
0.69
0.677
0.663
0.648
0.647
0.638
0.634
0.626
0.625
0.627
0.628
0.632
0.639
0.641
0.64
0.631
0.646
0.641
0.64
0.643
0.653
0.641
0.631
0.631
0.637
0.633
0.633
0.628
0.63
0.642
0.632
0.631
0.623
0.637
0.628
0.619
0.628
0.614
0.602
0.596
0.588
0.584
0.583
0.584
0.583
0.586
0.596
0.609
0.603
0.629
0.629
0.618
0.631
0.633
0.643
0.652
0.65
0.65
0.645
0.633
0.623
0.615
0.618
0.616
0.616
0.626
0.625
0.64
0.65
0.655
0.654
0.646
0.65
0.654
0.654
0.643
0.663
0.67
0.659
0.669
0.666
0.667
0.671
0.651
0.658
0.655
0.647
0.641
0.641
0.635
0.626
0.624
0.617
0.616
0.615
0.608
0.609
0.609
0.608
0.621
0.628
0.627
0.651
0.654
0.646
0.664
0.645
0.647
0.666
0.647
0.668
0.666
0.673
0.673
0.669
0.653
0.657
0.656
0.644
0.642
0.638
0.629
0.649
0.648
0.646
0.658
0.645
0.671
0.689
0.676
0.687
0.691
0.695
0.692
0.682
0.667
0.675
0.678
0.66
0.654
0.653
0.645
0.657
0.666
0.676
0.681
0.671
0.669
0.664
0.665
0.653
0.644
0.646
0.64
0.634
0.651
0.654
0.661
0.681
0.669
0.667
0.679
0.674
0.679
0.687
0.689
0.672
0.685
0.673
0.667
0.674
0.686
0.669
0.676
0.69
0.685
0.69
0.683
0.69
0.695
0.7
0.697
0.683
0.675
0.667
0.657
0.658
0.657
0.65
0.646
0.648
0.652
0.646
0.661
0.662
0.65
0.666
0.65
0.65
0.64
0.628
0.625
0.622
0.618
0.607
0.608
0.612
0.615
0.612
0.609
0.619
0.623
0.621
0.64
0.657
0.685
0.676
0.691
0.702
0.712
0.718
0.692
0.677
0.674
0.661
0.65
0.641
0.644
0.644
0.635
0.629
0.64
0.647
0.641
0.65
0.661
0.666
0.663
0.672
0.696
0.687
0.686
0.686
0.672
0.661
0.671
0.667
0.661
0.656
0.656
0.65
0.655
0.654
0.656
0.648
0.638
0.629
0.622
0.617
0.637
0.7447039
0.6388169
0.5630599
0.783
0.782
0.743
0.743
0.735
0.718
0.727
0.741
0.725
0.719
0.716
0.718
0.698
0.706
0.69
0.672
0.663
0.652
0.639
0.645
0.649
0.659
0.653
0.655
0.665
0.654
0.655
0.664
0.662
0.655
0.659
0.669
0.673
0.661
0.666
0.679
0.675
0.676
0.679
0.688
0.679
0.678
0.68
0.672
0.676
0.679
0.671
0.666
0.665
0.659
0.649
0.649
0.635
0.622
0.62
0.611
0.601
0.608
0.616
0.619
0.619
0.632
0.638
0.636
0.644
0.653
0.648
0.647
0.645
0.637
0.623
0.63
0.637
0.628
0.63
0.636
0.645
0.648
0.654
0.662
0.672
0.672
0.681
0.682
0.697
0.69
0.702
0.706
0.7
0.7
0.696
0.677
0.669
0.675
0.662
0.651
0.641
0.641
0.633
0.632
0.646
0.649
0.649
0.663
0.67
0.68
0.676
0.691
0.694
0.693
0.709
0.698
0.698
0.683
0.687
0.685
0.688
0.675
0.67
0.655
0.646
0.652
0.638
0.626
0.629
0.628
0.624
0.632
0.643
0.642
0.638
0.646
0.659
0.656
0.665
0.675
0.669
0.659
0.666
0.661
0.648
0.651
0.633
0.625
0.622
0.629
0.631
0.625
0.628
0.647
0.645
0.64
0.655
0.651
0.649
0.65
0.653
0.656
0.656
0.667
0.683
0.677
0.666
0.692
0.698
0.7
0.689
0.693
0.672
0.661
0.648
0.643
0.638
0.631
0.628
0.625
0.623
0.625
0.617
0.623
0.615
0.614
0.608
0.61
0.61
0.614
0.619
0.623
0.619
0.626
0.629
0.625
0.62
0.616
0.609
0.61
0.614
0.605
0.609
0.62
0.643
0.687
0.708
0.718
0.72
0.719
0.696
0.692
0.677
0.715
0.685
0.69
0.688
0.708
0.703
0.692
0.698
0.695
0.687
0.676
0.678
0.668
0.657
0.664
0.657
0.664
0.659
0.666
0.68
0.675
0.67
0.68
0.683
0.679
0.671
0.677
0.688
0.683
0.679
0.686
0.688
0.676
0.688
0.692
0.686
0.682
0.686
0.686
0.68
0.67
0.667
0.648
0.678
0.655
0.645
0.648
0.636
0.629
0.667
0.738
0.663
0.65
0.644
0.639
0.633
0.647
0.663
0.671
0.672
0.689
0.695
0.704
0.716
0.705
0.701
0.695
0.688
0.673
0.668
0.669
0.65
0.657
0.658
0.663
0.669
0.666
0.666
0.653
0.649
0.651
0.644
0.655
0.667
0.666
0.665
0.672
0.659
0.652
0.649
0.633
0.633
0.632
0.627
0.621
0.632
0.632
0.627
0.636
0.643
0.642
0.649
0.653
0.66
0.648
0.648
0.656
0.644
0.65
0.655
0.67
0.674
0.671
0.669
0.665
0.656
0.661
0.66
0.649
0.639
0.631
0.63
0.632
0.647
0.634
0.636
0.635
0.636
0.634
0.64
0.644
0.648
0.658
0.672
0.661
0.656
0.674
0.67
0.659
0.66
0.667
0.661
0.65
0.66
0.664
0.655
0.659
0.666
0.657
0.647
0.645
0.638
0.635
0.633
0.636
0.649
0.674
0.687
0.708
0.722
0.748
0.748
0.759
0.767
0.764
0.749
0.749
0.734
0.721
0.708
0.694
0.688
0.681
0.669
0.665
0.66
0.656
0.644
0.651
0.657
0.644
0.641
0.643
0.648
0.64
0.633
0.638
0.638
0.636
0.654
0.657
0.656
0.665
0.666
0.668
0.67
0.677
0.672
0.679
0.681
0.686
0.675
0.683
0.668
0.658
0.653
0.644
0.638
0.636
0.627
0.622
0.632
0.642
0.647
0.646
0.666
0.671
0.672
0.684
0.685
0.675
0.678
0.68
0.685
0.688
0.671
0.671
0.663
0.651
0.657
0.66
0.655
0.652
0.651
0.665
0.672
0.659
0.668
0.677
0.667
0.666
0.684
0.681
0.68
0.684
0.689
0.679
0.675
0.676
0.662
0.656
0.657
0.675
0.676
0.67
0.696
0.691
0.684
0.685
0.694
0.69
0.674
0.679
0.68
0.67
0.687
0.694
0.68
0.689
0.692
0.692
0.678
0.681
0.684
0.674
0.68
0.677
0.666
0.662
0.667
0.672
0.659
0.666
0.676
0.666
0.662
0.67
0.679
0.672
0.672
0.679
0.664
0.666
0.667
0.657
0.647
0.643
0.628
0.626
0.627
0.624
0.625
0.635
0.632
0.624
0.636
0.633
0.638
0.636
0.649
0.652
0.653
0.664
0.675
0.669
0.678
0.675
0.667
0.665
0.667
0.668
0.653
0.662
0.666
0.652
0.656
0.666
0.659
0.649
0.654
0.644
0.636
0.653
0.642
0.638
0.642
0.641
0.645
0.637
0.645
0.64
0.633
0.644
0.644
0.647
0.656
0.672
0.671
0.67
0.679
0.673
0.671
0.686
0.685
0.688
0.69
0.71
0.705
0.702
0.717
0.71
0.697
0.683
0.671
0.678
0.68
0.666
0.661
0.664
0.654
0.648
0.68
0.683
0.689
0.678
0.679
0.677
0.678
0.681
0.692
0.69
0.682
0.686
0.693
0.689
0.682
0.69
0.681
0.674
0.677
0.669
0.663
0.663
0.66
0.648
0.649
0.655
0.645
0.654
0.669
0.676
0.674
0.664
0.673
0.663
0.656
0.65
0.644
0.64
0.644
0.64
0.642
0.626
0.62
0.614
0.644
0.7130027
0.641545
0.6424395
0.782
0.748
0.75
0.716
0.686
0.687
0.721
0.685
0.716
0.706
0.692
0.68
0.692
0.692
0.685
0.685
0.672
0.668
0.675
0.667
0.654
0.649
0.64
0.637
0.639
0.635
0.63
0.627
0.628
0.633
0.638
0.65
0.666
0.666
0.665
0.681
0.69
0.691
0.694
0.692
0.69
0.685
0.677
0.67
0.675
0.679
0.677
0.683
0.676
0.672
0.664
0.665
0.68
0.66
0.671
0.671
0.665
0.661
0.665
0.661
0.659
0.665
0.666
0.654
0.649
0.639
0.635
0.637
0.641
0.632
0.643
0.649
0.662
0.668
0.671
0.667
0.682
0.674
0.672
0.666
0.669
0.653
0.646
0.641
0.63
0.63
0.633
0.634
0.642
0.65
0.66
0.667
0.673
0.681
0.674
0.673
0.671
0.671
0.668
0.666
0.656
0.656
0.66
0.659
0.659
0.671
0.661
0.659
0.656
0.652
0.662
0.665
0.653
0.66
0.652
0.649
0.654
0.655
0.657
0.678
0.68
0.674
0.683
0.675
0.678
0.677
0.677
0.68
0.679
0.673
0.668
0.663
0.654
0.648
0.69
0.736
0.726
0.716
0.712
0.692
0.691
0.685
0.71
0.704
0.7
0.702
0.693
0.69
0.684
0.694
0.693
0.689
0.67
0.657
0.631
0.618
0.604
0.589
0.583
0.583
0.576
0.572
0.575
0.574
0.581
0.607
0.65
0.708
0.723
0.708
0.682
0.659
0.662
0.671
0.652
0.663
0.663
0.666
0.66
0.643
0.638
0.635
0.629
0.616
0.607
0.618
0.632
0.635
0.656
0.704
0.7181661
0.6635705
0.684
0.682
0.663
0.651
0.649
0.647
0.647
0.665
0.722
0.743
0.746
0.742
0.736
0.718
0.714
0.716
0.689
0.683
0.679
0.666
0.677
0.677
0.685
0.685
0.688
0.687
0.694
0.696
0.688
0.689
0.688
0.679
0.676
0.666
0.667
0.657
0.651
0.645
0.649
0.656
0.66
0.662
0.655
0.667
0.674
0.675
0.666
0.664
0.652
0.663
0.657
0.651
0.702
0.784
0.741
0.725
0.708
0.693
0.678
0.674
0.68
0.668
0.683
0.676
0.671
0.672
0.681
0.673
0.68
0.675
0.673
0.672
0.663
0.662
0.67
0.671
0.667
0.68
0.678
0.67
0.674
0.677
0.657
0.652
0.644
0.641
0.637
0.64
0.641
0.634
0.626
0.621
0.616
0.609
0.611
0.615
0.622
0.635
0.631
0.641
0.662
0.664
0.656
0.661
0.662
0.666
0.661
0.664
0.659
0.652
0.649
0.647
0.656
0.657
0.668
0.671
0.666
0.668
0.667
0.666
0.669
0.667
0.661
0.66
0.654
0.648
0.65
0.644
0.646
0.65
0.646
0.656
0.649
0.669
0.663
0.669
0.661
0.657
0.652
0.642
0.651
0.641
0.644
0.645
0.652
0.652
0.661
0.662
0.67
0.657
0.647
0.636
0.63
0.632
0.633
0.63
0.632
0.635
0.638
0.648
0.653
0.654
0.651
0.656
0.653
0.654
0.653
0.653
0.644
0.637
0.638
0.65
0.663
0.666
0.68
0.686
0.683
0.671
0.66
0.663
0.673
0.681
0.676
0.677
0.681
0.676
0.681
0.675
0.673
0.694
0.686
0.694
0.706
0.716
0.716
0.708
0.707
0.706
0.699
0.675
0.673
0.665
0.654
0.656
0.676
0.682
0.68
0.686
0.689
0.697
0.695
0.692
0.694
0.682
0.68
0.69
0.68
0.677
0.671
0.669
0.66
0.65
0.641
0.643
0.643
0.669
0.731
0.716
0.704
0.701
0.71
0.709
0.71
0.703
0.712
0.707
0.696
0.707
0.711
0.699
0.708
0.701
0.707
0.689
0.676
0.672
0.673
0.664
0.666
0.673
0.679
0.693
0.681
0.68
0.687
0.677
0.673
0.674
0.674
0.672
0.669
0.674
0.671
0.669
0.676
0.666
0.67
0.673
0.664
0.651
0.645
0.641
0.654
0.667
0.685
0.676
0.703
0.708
0.716
0.741
0.72
0.733
0.727
0.722
0.718
0.705
0.706
0.707
0.702
0.711
0.714
0.713
0.703
0.697
0.683
0.669
0.66
0.645
0.64
0.638
0.632
0.626
0.625
0.629
0.639
0.647
0.648
0.658
0.657
0.662
0.659
0.682
0.676
0.683
0.693
0.686
0.679
0.666
0.653
0.64
0.633
0.628
0.618
0.614
0.622
0.649
0.677
0.679
0.708
0.714
0.746
0.75
0.739
0.746
0.718
0.722
0.731
0.716
0.716
0.712
0.7
0.691
0.69
0.683
0.69
0.68
0.669
0.662
0.643
0.638
0.636
0.631
0.628
0.634
0.63
0.649
0.651
0.661
0.659
0.661
0.651
0.66
0.65
0.666
0.662
0.65
0.641
0.634
0.622
0.614
0.615
0.619
0.619
0.625
0.633
0.645
0.66
0.657
0.676
0.686
0.676
0.677
0.698
0.701
0.711
0.728
0.722
0.713
0.724
0.717
0.716
0.704
0.7
0.696
0.686
0.679
0.671
0.663
0.648
0.648
0.676
0.693
0.722
0.733
0.72
0.72
0.717
0.728
0.716
0.711
0.733
0.725
0.731
0.5744024
0.6326225
0.6190699
0.746
0.6246815
0.749
0.733
0.715
0.699
0.696
0.693
0.673
0.672
0.664
0.661
0.657
0.662
0.666
0.678
0.671
0.671
0.655
0.65
0.673
0.68
0.683
0.706
0.726
0.73
0.733
0.721
0.726
0.717
0.714
0.719
0.708
0.711
0.701
0.695
0.687
0.687
0.681
0.671
0.666
0.667
0.665
0.661
0.659
0.672
0.681
0.685
0.6312051
0.723
0.692
0.673
0.656
0.63
0.621
0.614
0.601
0.594
0.592
0.588
0.59
0.585
0.583
0.583
0.583
0.583
0.577
0.572
0.57
0.569
0.571
0.571
0.569
0.57
0.571
0.57
0.57
0.567
0.566
0.564
0.563
0.558
0.558
0.556
0.558
0.562
0.561
0.56
0.562
0.557
0.563
0.564
0.561
0.564
0.57
0.564
0.573
0.573
0.57
0.57
0.571
0.57
0.568
0.571
0.569
0.56
0.559
0.56
0.568
0.57
0.573
0.571
0.565
0.575
0.572
0.571
0.572
0.574
0.574
0.577
0.583
0.577
0.579
0.575
0.582
0.58
0.58
0.575
0.573
0.575
0.576
0.571
0.573
0.576
0.57
0.562
0.564
0.569
0.56
0.566
0.568
0.569
0.573
0.577
0.583
0.577
0.585
0.5901111
0.729
0.582
0.578
0.573
0.567
0.564
0.557
0.554
0.555
0.558
0.559
0.558
0.555
0.56
0.555
0.556
0.559
0.56
0.558
0.559
0.565
0.567
0.561
0.56
0.565
0.559
0.557
0.561
0.557
0.554
0.558
0.548
0.547
0.549
0.552
0.554
0.553
0.564
0.565
0.562
0.563
0.567
0.482
0.661
0.572
0.57
0.57
0.57
0.566
0.564
0.568
0.571
0.559
0.55
0.559
0.545
0.549
0.552
0.552
0.551
0.544
0.551
0.55
0.548
0.548
0.557
0.551
0.549
0.551
0.546
0.551
0.55
0.546
0.549
0.545
0.544
0.544
0.545
0.542
0.548
0.549
0.541
0.541
0.547
0.555
0.548
0.546
0.551
0.558
0.554
0.555
0.56
0.559
0.558
0.555
0.557
0.56
0.561
0.558
0.556
0.562
0.572
0.57
0.575
0.568
0.568
0.567
0.567
0.565
0.562
0.565
0.57
0.573
0.567
0.563
0.561
0.569
0.574
0.57
0.568
0.569
0.572
0.57
0.569
0.574
0.57
0.572
0.564
0.572
0.569
0.563
0.565
0.565
0.558
0.56
0.561
0.555
0.541
0.553
0.556
0.562
0.564
0.58
0.575
0.57
0.56
0.579
0.574
0.579
0.575
0.572
0.577
0.578
0.593
0.587
0.591
0.587
0.582
0.578
0.573
0.569
0.568
0.563
0.559
0.554
0.547
0.542
0.556
0.555
0.555
0.548
0.548
0.551
0.568
0.558
0.561
0.56
0.564
0.563
0.569
0.571
0.574
0.581
0.572
0.579
0.57
0.565
0.567
0.56
0.555
0.554
0.55
0.55
0.549
0.545
0.544
0.543
0.548
0.549
0.546
0.541
0.541
0.543
0.541
0.541
0.542
0.545
0.541
0.547
0.543
0.545
0.547
0.55
0.555
0.553
0.554
0.556
0.554
0.552
0.553
0.553
0.551
0.55
0.552
0.543
0.541
0.537
0.536
0.536
0.533
0.534
0.543
0.54
0.54
0.541
0.545
0.543
0.545
0.545
0.547
0.545
0.6341532
0.546
0.541
0.541
0.538
0.538
0.535
0.53
0.526
0.526
0.525
0.52
0.516
0.514
0.514
0.514
0.52
0.526
0.526
0.525
0.522
0.521
0.512
0.516
0.518
0.6014123
0.543
0.529
0.536
0.538
0.534
0.538
0.546
0.543
0.543
0.544
0.542
0.541
0.541
0.543
0.533
0.541
0.542
0.545
0.55
0.548
0.55
0.546
0.546
0.547
0.546
0.547
0.551
0.548
0.547
0.551
0.572
0.57
0.576
0.576
0.568
0.581
0.576
0.572
0.576
0.585
0.582
0.579
0.594
0.605
0.592
0.596
0.595
0.584
0.582
0.581
0.577
0.57
0.575
0.6341525
0.722
0.71
0.686
0.663
0.616
0.612
0.62
0.618
0.62
0.622
0.634
0.62
0.623
0.625
0.617
0.635
0.628
0.625
0.631
0.62
0.616
0.623
0.625
0.617
0.627
0.638
0.619
0.62
0.627
0.623
0.618
0.609
0.635
0.622
0.625
0.624
0.606
0.634
0.644
0.656
0.644
0.638
0.634
0.641
0.629
0.638
0.64
0.624
0.664
0.657
0.66
0.638
0.669
0.654
0.643
0.669
0.643
0.651
0.6780281
0.679
0.708
0.671
0.757
0.675
0.673
0.681
0.681
0.674
0.655
0.661
0.689
0.68
0.662
0.668
0.687
0.666
0.676
0.69
0.698
0.687
0.685
0.694
0.702
0.682
0.683
0.694
0.668
0.698
0.699
0.671
0.695
0.691
0.674
0.711
0.682
0.671
0.688
0.674
0.666
0.661
0.652
0.667
0.649
0.661
0.67
0.652
0.687
0.67
0.659
0.678
0.666
0.662
0.676
0.667
0.688
0.675
0.667
0.665
0.673
0.665
0.666
0.679
0.67
0.687
0.692
0.664
0.686
0.687
0.67
0.688
0.68
0.67
0.71
0.698
0.685
0.698
0.681
0.701
0.685
0.673
0.656
0.68
0.667
0.657
0.676
0.665
0.671
0.685
0.671
0.693
0.681
0.672
0.689
0.69
0.683
0.67
0.69
0.682
0.666
0.694
0.693
0.707
0.697
0.715
0.707
0.692
0.6677628
0.729
0.714
0.697
0.677
0.684
0.689
0.674
0.662
0.677
0.661
0.668
0.682
0.684
0.666
0.665
0.68
0.671
0.664
0.678
0.677
0.687
0.674
0.671
0.676
0.664
0.669
0.677
0.666
0.693
0.676
0.68
0.676
0.667
0.69
0.674
0.686
0.695
0.685
0.689
0.686
0.694
0.685
0.668
0.701
0.698
0.681
0.71
0.698
0.689
0.734
0.696
0.707
0.719
0.7
0.693
0.711
0.69
0.678
0.69
0.694
0.683
0.732
0.686
0.717
0.705
0.729
0.702
0.686
0.708
0.694
0.706
0.717
0.698
0.723
0.706
0.707
0.733
0.71
0.729
0.716
0.715
0.729
0.702
0.743
0.711
0.712
0.75
0.71
0.721
0.719
0.7
0.72
0.708
0.711
0.713
0.688
0.712
0.701
0.703
0.73
0.687
0.734
0.703
0.704
0.692
0.718
0.719
0.691
0.74
0.708
0.722
0.708
0.718
0.708
0.697
0.715
0.703
0.704
0.715
0.696
0.733
0.706
0.712
0.733
0.716
0.707
0.708
0.727
0.713
0.734
0.732
0.727
0.732
0.712
0.75
0.721
0.716
0.735
0.725
0.713
0.723
0.711
0.705
0.719
0.71
0.711
0.728
0.724
0.73
0.723
0.722
0.717
0.704
0.705
0.701
0.695
0.695
0.694
0.693
0.707
0.703
0.704
0.706
0.7
0.693
0.698
0.709
0.7
0.712
0.706
0.705
0.714
0.705
0.715
0.708
0.7
0.701
0.691
0.692
0.691
0.69
0.682
0.694
0.684
0.689
0.694
0.688
0.699
0.699
0.702
0.706
0.711
0.711
0.714
0.71
0.711
0.721
0.716
0.698
0.692
0.708
0.699
0.711
0.714
0.71
0.708
0.708
0.707
0.711
0.719
0.725
0.732
0.73
0.728
0.729
0.73
0.727
0.741
0.728
0.72
0.714
0.711
0.708
0.693
0.68
0.692
0.698
0.695
0.708
0.707
0.7
0.719
0.714
0.713
0.722
0.723
0.71
0.711
0.708
0.692
0.685
0.677
0.672
0.671
0.665
0.665
0.666
0.668
0.666
0.681
0.682
0.701
0.693
0.691
0.698
0.691
0.689
0.695
0.684
0.69
0.693
0.681
0.694
0.7
0.701
0.699
0.71
0.708
0.7
0.708
0.705
0.698
0.697
0.689
0.683
0.692
0.689
0.701
0.711
0.701
0.709
0.707
0.705
0.72
0.714
0.712
0.723
0.71
0.695
0.712
0.703
0.697
0.689
0.684
0.683
0.685
0.698
0.694
0.699
0.712
0.704
0.708
0.71
0.71
0.712
0.705
0.697
0.701
0.691
0.68
0.687
0.691
0.681
0.7
0.697
0.711
0.721
0.723
0.728
0.721
0.704
0.711
0.698
0.694
0.697
0.688
0.688
0.69
0.683
0.696
0.69
0.701
0.718
0.72
0.725
0.741
0.748
0.731
0.729
0.718
0.71
0.712
0.704
0.708
0.715
0.701
0.711
0.713
0.705
0.71
0.711
0.704
0.717
0.715
0.706
0.702
0.68
0.668
0.655
0.636
0.625
0.618
0.604
0.607
0.605
0.605
0.612
0.614
0.617
0.621
0.607
0.612
0.616
0.616
0.618
0.631
0.633
0.639
0.66
0.669
0.684
0.687
0.698
0.683
0.682
0.694
0.686
0.682
0.688
0.69
0.676
0.673
0.69
0.677
0.679
0.696
0.708
0.773
0.6879014
0.7493838
0.742935
0.7244092
0.711528
0.811
0.786
0.769
0.747
0.751
0.743
0.726
0.731
0.729
0.728
0.722
0.718
0.708
0.705
0.707
0.699
0.708
0.707
0.696
0.694
0.696
0.692
0.688
0.679
0.671
0.666
0.655
0.657
0.67
0.68
0.696
0.694
0.687
0.694
0.679
0.69
0.69
0.699
0.682
0.689
0.707
0.705
0.694
0.688
0.676
0.665
0.665
0.666
0.667
0.664
0.658
0.656
0.645
0.639
0.645
0.654
0.662
0.673
0.673
0.678
0.677
0.667
0.671
0.666
0.664
0.675
0.673
0.683
0.704
0.705
0.709
0.726
0.717
0.721
0.739
0.735
0.74
0.745
0.734
0.735
0.725
0.715
0.713
0.715
0.726
0.711
0.715
0.718
0.711
0.703
0.695
0.683
0.671
0.662
0.661
0.66
0.659
0.65
0.639
0.634
0.641
0.636
0.653
0.674
0.7
0.709
0.717
0.705
0.698
0.673
0.674
0.686
0.678
0.671
0.668
0.662
0.675
0.668
0.671
0.67
0.661
0.668
0.683
0.682
0.697
0.704
0.713
0.702
0.724
0.733
0.73
0.737
0.724
0.704
0.702
0.697
0.705
0.708
0.705
0.698
0.688
0.671
0.658
0.646
0.649
0.64
0.636
0.642
0.652
0.663
0.688
0.684
0.696
0.703
0.693
0.697
0.708
0.712
0.699
0.698
0.71
0.706
0.713
0.716
0.709
0.716
0.723
0.713
0.717
0.707
0.7
0.696
0.692
0.7
0.695
0.69
0.687
0.694
0.689
0.693
0.698
0.697
0.692
0.71
0.696
0.692
0.697
0.688
0.688
0.683
0.667
0.671
0.691
0.697
0.715
0.712
0.702
0.685
0.684
0.672
0.663
0.664
0.653
0.669
0.677
0.698
0.686
0.696
0.705
0.704
0.702
0.715
0.713
0.72
0.718
0.726
0.71
0.721
0.72
0.703
0.705
0.7
0.686
0.703
0.707
0.702
0.694
0.692
0.688
0.68
0.673
0.671
0.658
0.653
0.662
0.651
0.647
0.709
0.6656463
0.774
0.75
0.716
0.719
0.712
0.71
0.733
0.747
0.761
0.772
0.758
0.799
0.791
0.78
0.781
0.751
0.748
0.749
0.73
0.725
0.708
0.693
0.68
0.67
0.666
0.655
0.663
0.672
0.679
0.717
0.741
0.747
0.797
0.786
0.791
0.792
0.777
0.792
0.784
0.755
0.765
0.75
0.733
0.736
0.719
0.717
0.727
0.727
0.733
0.71
0.693
0.683
0.67
0.655
0.657
0.647
0.64
0.646
0.648
0.639
0.638
0.627
0.618
0.61
0.617
0.617
0.637
0.623
0.629
0.635
0.646
0.643
0.641
0.638
0.652
0.659
0.659
0.666
0.666
0.693
0.695
0.713
0.706
0.684
0.664
0.661
0.652
0.653
0.649
0.651
0.659
0.658
0.646
0.648
0.658
0.668
0.696
0.688
0.697
0.703
0.708
0.702
0.707
0.702
0.702
0.7
0.683
0.686
0.679
0.677
0.681
0.68
0.668
0.665
0.673
0.667
0.666
0.681
0.658
0.652
0.652
0.673
0.665
0.694
0.704
0.705
0.709
0.696
0.687
0.679
0.667
0.653
0.646
0.647
0.641
0.662
0.663
0.666
0.683
0.688
0.707
0.713
0.716
0.731
0.731
0.737
0.731
0.713
0.717
0.701
0.713
0.692
0.694
0.68
0.674
0.678
0.678
0.687
0.702
0.72
0.708
0.705
0.742
0.754
0.739
0.777
0.764
0.751
0.754
0.737
0.734
0.721
0.708
0.711
0.712
0.711
0.728
0.727
0.714
0.725
0.72
0.737
0.752
0.758
0.758
0.772
0.761
0.746
0.728
0.725
0.711
0.717
0.734
0.72
0.74
0.732
0.728
0.724
0.718
0.736
0.734
0.725
0.739
0.734
0.728
0.73
0.731
0.726
0.731
0.734
0.719
0.701
0.706
0.703
0.697
0.719
0.773
0.801
0.773
0.767
0.752
0.75
0.717
0.718
0.722
0.709
0.689
0.699
0.694
0.687
0.682
0.692
0.671
0.671
0.666
0.665
0.666
0.675
0.678
0.674
0.69
0.685
0.711
0.668
0.671
0.661
0.646
0.633
0.62
0.629
0.63
0.631
0.635
0.634
0.651
0.653
0.645
0.641
0.645
0.653
0.652
0.641
0.632
0.623
0.615
0.611
0.614
0.617
0.619
0.626
0.627
0.627
0.638
0.628
0.638
0.631
0.633
0.638
0.648
0.65
0.654
0.662
0.654
0.661
0.66
0.656
0.654
0.654
0.642
0.647
0.637
0.626
0.617
0.625
0.619
0.613
0.613
0.612
0.621
0.624
0.621
0.622
0.63
0.625
0.631
0.627
0.617
0.618
0.612
0.611
0.618
0.619
0.613
0.609
0.603
0.599
0.594
0.6
0.6
0.597
0.597
0.602
0.601
0.6
0.606
0.604
0.6
0.595
0.601
0.607
0.609
0.6
0.604
0.6
0.595
0.583
0.591
0.587
0.595
0.611
0.644
0.599
0.626
0.615
0.615
0.619
0.612
0.618
0.63
0.62
0.629
0.625
0.638
0.631
0.623
0.671
0.727
0.72
0.666
0.684
0.735
0.666
0.686
0.749
0.67
0.717
0.738
0.708
0.757
0.75
0.701
0.809
0.71
0.722
0.782
0.707
0.713
0.736
0.718
0.714
0.714
0.708
0.707
0.706
0.702
0.716
0.708
0.708
0.737
0.716
0.729
0.722
0.708
0.708
0.747
0.696
0.721
0.717
0.711
0.709
0.73
0.73
0.723
0.748
0.764
0.75
0.776
0.755
0.776
0.762
0.746
0.75
0.762
0.742
0.758
0.739
0.724
0.747
0.739
0.743
0.779
0.758
0.771
0.801
0.769
0.784
0.8
0.774
0.801
0.785
0.775
0.786
0.759
0.761
0.77
0.742
0.784
0.768
0.754
0.773
0.763
0.747
0.776
0.782
0.758
0.779
0.789
0.766
0.791
0.795
0.768
0.79
0.788
0.768
0.801
0.782
0.765
0.762
0.745
0.73
0.765
0.787
0.775
0.81
0.832
0.807
0.796
0.817
0.803
0.779
0.796
0.766
0.738
0.76
0.7673132
0.6856332
0.812
0.777
0.765
0.762
0.756
0.781
0.75
0.769
0.77
0.736
0.732
0.732
0.703
0.714
0.716
0.711
0.71
0.703
0.695
0.708
0.698
0.704
0.727
0.72
0.727
0.736
0.732
0.728
0.753
0.741
0.757
0.756
0.756
0.765
0.754
0.769
0.765
0.772
0.765
0.766
0.754
0.742
0.733
0.73
0.712
0.708
0.691
0.694
0.695
0.695
0.709
0.717
0.723
0.709
0.72
0.712
0.708
0.724
0.721
0.717
0.715
0.708
0.713
0.72
0.719
0.73
0.725
0.71
0.721
0.714
0.696
0.699
0.703
0.699
0.71
0.705
0.705
0.723
0.713
0.726
0.719
0.703
0.695
0.684
0.689
0.7
0.72
0.728
0.733
0.747
0.756
0.747
0.731
0.743
0.739
0.735
0.745
0.76
0.746
0.736
0.73
0.716
0.701
0.707
0.718
0.712
0.695
0.711
0.721
0.707
0.716
0.73
0.717
0.722
0.728
0.732
0.733
0.737
0.73
0.729
0.714
0.714
0.707
0.712
0.714
0.708
0.717
0.728
0.722
0.708
0.719
0.706
0.703
0.712
0.713
0.727
0.717
0.71
0.718
0.707
0.709
0.708
0.712
0.718
0.717
0.711
0.717
0.717
0.718
0.706
0.701
0.697
0.698
0.703
0.708
0.709
0.72
0.715
0.709
0.739
0.748
0.74
0.757
0.754
0.774
0.759
0.764
0.763
0.755
0.767
0.749
0.743
0.74
0.725
0.718
0.718
0.702
0.701
0.706
0.704
0.738
0.751
0.787
0.761
0.747
0.75
0.739
0.725
0.747
0.744
0.733
0.742
0.744
0.732
0.748
0.739
0.758
0.757
0.755
0.757
0.766
0.763
0.766
0.754
0.741
0.726
0.723
0.714
0.721
0.722
0.717
0.739
0.744
0.736
0.743
0.749
0.732
0.746
0.755
0.74
0.754
0.762
0.76
0.757
0.747
0.751
0.743
0.737
0.728
0.714
0.733
0.72
0.73
0.719
0.719
0.718
0.703
0.712
0.712
0.721
0.717
0.722
0.72
0.717
0.744
0.73
0.746
0.746
0.734
0.746
0.736
0.736
0.743
0.747
0.74
0.728
0.741
0.727
0.723
0.74
0.726
0.728
0.728
0.72
0.714
0.722
0.713
0.731
0.725
0.715
0.73
0.731
0.73
0.729
0.741
0.747
0.737
0.725
0.732
0.725
0.722
0.732
0.722
0.715
0.71
0.708
0.716
0.723
0.711
0.726
0.733
0.739
0.743
0.74
0.749
0.749
0.73
0.729
0.742
0.735
0.725
0.731
0.731
0.737
0.737
0.751
0.74
0.752
0.746
0.733
0.744
0.735
0.73
0.718
0.708
0.701
0.689
0.687
0.683
0.675
0.665
0.667
0.686
0.682
0.678
0.71
0.692
0.714
0.717
0.719
0.746
0.744
0.735
0.735
0.756
0.743
0.744
0.766
0.751
0.746
0.759
0.751
0.753
0.757
0.756
0.751
0.736
0.717
0.729
0.72
0.715
0.709
0.705
0.703
0.729
0.703
0.694
0.778
0.8263047
0.7991187
0.83
0.788
0.785
0.763
0.769
0.759
0.754
0.76
0.748
0.756
0.767
0.741
0.743
0.742
0.748
0.757
0.75
0.744
0.748
0.747
0.727
0.728
0.729
0.716
0.715
0.713
0.707
0.704
0.722
0.721
0.718
0.729
0.73
0.719
0.735
0.728
0.72
0.72
0.732
0.723
0.745
0.744
0.728
0.722
0.709
0.701
0.702
0.699
0.702
0.71
0.718
0.701
0.71
0.706
0.687
0.679
0.666
0.658
0.658
0.662
0.663
0.658
0.653
0.646
0.645
0.639
0.636
0.626
0.62
0.625
0.63
0.625
0.62
0.7309048
0.621
0.6980093
0.7112052
0.7515411
0.7305774
0.62
0.627
0.63
0.632
0.632
0.627
0.63
0.626
0.633
0.623
0.624
0.7265015
0.7013248
0.7391025
0.7082622
0.6714537
0.7251084
0.7792405
0.7169497
0.7662469
0.617
0.621
0.619
0.624
0.625
0.625
0.623
0.632
0.635
0.625
0.63
0.623
0.621
0.625
0.625
0.64
0.649
0.657
0.66
0.682
0.684
0.726
0.733
0.706
0.728
0.724
0.722
0.76
0.758
0.703
0.701
0.734
0.701
0.715
0.717
0.701
0.717
0.734
0.729
0.74
0.753
0.731
0.736
0.738
0.721
0.713
0.726
0.722
0.723
0.733
0.749
0.732
0.748
0.75
0.749
0.736
0.763
0.768
0.749
0.759
0.765
0.753
0.746
0.745
0.74
0.729
0.723
0.729
0.723
0.723
0.719
0.723
0.715
0.712
0.72
0.724
0.71
0.709
0.719
0.718
0.711
0.715
0.721
0.721
0.712
0.718
0.713
0.708
0.72
0.716
0.706
0.724
0.725
0.709
0.721
0.736
0.723
0.71
0.716
0.715
0.698
0.699
0.707
0.708
0.715
0.726
0.717
0.721
0.744
0.742
0.738
0.736
0.751
0.752
0.739
0.758
0.759
0.735
0.754
0.752
0.734
0.745
0.742
0.733
0.745
0.753
0.74
0.746
0.753
0.737
0.751
0.764
0.762
0.77
0.78
0.762
0.772
0.755
0.75
0.75
0.742
0.73
0.736
0.732
0.727
0.732
0.723
0.715
0.72
0.726
0.708
0.701
0.705
0.701
0.691
0.703
0.732
0.72
0.756
0.748
0.725
0.741
0.738
0.728
0.716
0.747
0.728
0.711
0.704
0.693
0.686
0.678
0.69
0.697
0.689
0.687
0.685
0.714
0.707
0.707
0.723
0.727
0.728
0.751
0.769
0.778
0.771
0.777
0.772
0.761
0.798
0.791
0.766
0.766
0.757
0.749
0.733
0.754
0.735
0.73
0.737
0.736
0.723
0.733
0.749
0.737
0.748
0.751
0.74
0.726
0.74
0.74
0.716
0.716
0.717
0.715
0.715
0.725
0.704
0.701
0.695
0.679
0.687
0.697
0.693
0.698
0.713
0.714
0.723
0.738
0.743
0.733
0.763
0.77
0.752
0.788
0.794
0.772
0.755
0.777
0.77
0.749
0.772
0.774
0.741
0.772
0.75
0.729
0.713
0.6235652
0.781
0.778
0.772
0.748
0.754
0.751
0.75
0.77
0.772
0.768
0.79
0.795
0.795
0.789
0.807
0.6850723
0.791
0.7086024
0.809
0.794
0.798
0.79
0.778
0.763
0.785
0.782
0.767
0.77
0.778
0.753
0.75
0.745
0.732
0.719
0.725
0.734
0.728
0.739
0.744
0.741
0.733
0.748
0.754
0.748
0.772
0.78
0.765
0.767
0.786
0.772
0.781
0.778
0.764
0.756
0.761
0.754
0.739
0.745
0.758
0.742
0.759
0.775
0.75
0.761
0.759
0.751
0.739
0.75
0.755
0.749
0.755
0.757
0.741
0.729
0.741
0.735
0.726
0.733
0.739
0.731
0.744
0.746
0.738
0.736
0.75
0.742
0.739
0.756
0.76
0.747
0.75
0.761
0.755
0.75
0.757
0.761
0.739
0.754
0.738
0.738
0.73
0.739
0.738
0.733
0.741
0.747
0.753
0.744
0.752
0.74
0.74
0.728
0.733
0.733
0.723
0.729
0.737
0.73
0.731
0.746
0.735
0.729
0.738
0.756
0.741
0.725
0.737
0.734
0.725
0.729
0.741
0.739
0.728
0.744
0.741
0.727
0.735
0.745
0.731
0.734
0.75
0.75
0.737
0.756
0.6535429
0.6449632
0.613425
0.6042824
0.5965812
0.6437324
0.5989126
0.753
0.737
0.729
0.72
0.714
0.706
0.716
0.703
0.695
0.709
0.71
0.709
0.713
0.726
0.714
0.708
0.717
0.717
0.718
0.709
0.722
0.721
0.724
0.73
0.732
0.72
0.728
0.732
0.733
0.722
0.717
0.714
0.695
0.677
0.672
0.66
0.65
0.634
0.625
0.628
0.636
0.642
0.651
0.669
0.69
0.703
0.688
0.69
0.71
0.69
0.687
0.726
0.697
0.693
0.694
0.704
0.702
0.715
0.699
0.712
0.713
0.716
0.723
0.734
0.716
0.717
0.732
0.714
0.702
0.708
0.698
0.686
0.685
0.669
0.664
0.658
0.653
0.648
0.641
0.638
0.634
0.638
0.633
0.628
0.625
0.624
0.624
0.622
0.618
0.617
0.611
0.611
0.61
0.605
0.597
0.59
0.582
0.581
0.575
0.567
0.562
0.577
0.586
0.592
0.585
0.577
0.574
0.567
0.562
0.559
0.553
0.554
0.55
0.549
0.548
0.545
0.542
0.536
0.538
0.539
0.536
0.537
0.536
0.534
0.535
0.53
0.523
0.525
0.524
0.523
0.522
0.521
0.519
0.516
0.516
0.518
0.516
0.515
0.513
0.512
0.512
0.511
0.51
0.509
0.509
0.509
0.508
0.508
0.509
0.505
0.507
0.506
0.508
0.505
0.506
0.507
0.504
0.506
0.505
0.507
0.504
0.502
0.503
0.501
0.502
0.502
0.5
0.5
0.5
0.499
0.5
0.5
0.5
0.497
0.498
0.499
0.5
0.5
0.499
0.499
0.497
0.5
0.5
0.497
0.5
0.5
0.502
0.504
0.501
0.505
0.501
0.501
0.504
0.508
0.503
0.501
0.506
0.502
0.507
0.504
0.506
0.504
0.5
0.504
0.506
0.503
0.502
0.504
0.504
0.502
0.505
0.504
0.503
0.501
0.5
0.507
0.505
0.507
0.509
0.5
0.505
0.501
0.502
0.5
0.496
0.498
0.494
0.499
0.497
0.494
0.496
0.496
0.498
0.496
0.493
0.49
0.49
0.489
0.491
0.486
0.485
0.485
0.488
0.485
0.481
0.482
0.483
0.482
0.477
0.476
0.478
0.48
0.478
0.475
0.478
0.476
0.478
0.474
0.452
0.493
0.476
0.475
0.471
0.474
0.472
0.472
0.474
0.469
0.472
0.47
0.472
0.472
0.469
0.471
0.469
0.5509273
0.485
0.467
0.5603057
0.485
0.464
0.468
0.465
0.462
0.465
0.461
0.462
0.465
0.462
0.6464652
0.482
0.5422218
0.483
0.463
0.5788631
0.484
0.5720831
0.459
0.481
0.5284294
0.485
0.464
0.5652344
0.458
0.479
0.464
0.461
0.6279193
0.481
0.5863486
0.458
0.455
0.482
0.5688952
0.482
0.5494
0.455
0.48
0.4811954
0.455
0.454
0.456
0.481
0.6135343
0.453
0.454
0.458
0.455
0.454
0.457
0.483
0.5049875
0.455
0.456
0.484
0.5964693
0.457
0.485
0.6450397
0.458
0.454
0.455
0.458
0.455
0.457
0.455
0.455
0.456
0.454
0.454
0.454
0.455
0.453
0.454
0.454
0.451
0.455
0.454
0.454
0.454
0.451
0.456
0.454
0.45
0.481
0.5041668
0.456
0.457
0.454
0.456
0.458
0.457
0.46
0.459
0.458
0.457
0.46
0.486
0.447
0.462
0.463
0.464
0.465
0.468
0.47
0.47
0.471
0.478
0.478
0.506
0.458
0.48
0.511
0.458
0.52
0.457
0.478
0.492
0.583
0.61
0.509
0.52
0.51
0.504
0.502
0.499
0.498
0.499
0.499
0.497
0.498
0.499
0.498
0.497
0.496
0.495
0.496
0.5
0.534
0.473
0.497
0.493
0.495
0.495
0.496
0.494
0.496
0.549
0.489
0.513
0.512
0.514
0.59
0.506
0.578
0.502
0.526
0.526
0.576
0.507
0.535
0.53
0.53
0.531
0.529
0.525
0.522
0.526
0.522
0.519
0.52
0.521
0.52
0.518
0.518
0.517
0.515
0.514
0.514
0.514
0.515
0.514
0.554
0.491
0.517
0.518
0.518
0.519
0.522
0.522
0.522
0.525
0.528
0.53
0.53
0.531
0.595
0.523
0.605
0.531
0.563
0.561
0.565
0.623
0.544
0.575
0.569
0.574
0.573
0.565
0.562
0.565
0.568
0.562
0.624
0.541
0.567
0.56
0.626
0.539
0.566
0.569
0.567
0.57
0.615
0.55
0.625
0.548
0.624
0.552
0.622
0.542
0.618
0.548
0.573
0.563
0.56
0.559
0.557
0.553
0.557
0.601
0.529
0.554
0.558
0.554
0.553
0.551
0.592
0.533
0.555
0.55
0.55
0.594
0.529
0.586
0.528
0.611
0.541
0.605
0.545
0.619
0.54
0.568
0.564
0.61
0.533
0.6
0.543
0.6
0.534
0.625
0.552
0.623
0.545
0.608
0.543
0.622
0.55
0.612
0.544
0.628
0.612
0.62
0.557
0.623
0.558
0.625
0.553
0.622
0.552
0.621
0.547
0.612
0.546
0.629
0.55
0.618
0.545
0.623
0.55
0.625
0.552
0.615
0.554
0.631
0.552
0.637
0.598
0.602
0.609
0.602
0.558
0.64
0.601
0.606
0.608
0.599
0.559
0.632
0.556
0.617
0.546
0.605
0.584
0.591
0.581
0.589
0.602
0.597
0.595
0.589
0.617
0.602
0.594
0.592
0.607
0.622
0.621
0.61
0.609
0.615
0.627
0.614
0.612
0.62
0.616
0.61
0.602
0.603
0.61
0.596
0.592
0.596
0.601
0.593
0.593
0.607
0.604
0.602
0.592
0.599
0.603
0.597
0.599
0.621
0.61
0.605
0.601
0.606
0.611
0.601
0.596
0.602
0.601
0.595
0.59
0.598
0.6
0.603
0.592
0.599
0.595
0.596
0.587
0.589
0.597
0.6
0.591
0.597
0.601
0.592
0.608
0.61
0.606
0.597
0.596
0.602
0.596
0.592
0.666
0.648
0.644
0.625
0.618
0.625
0.625
0.617
0.612
0.614
0.638
0.641
0.628
0.647
0.655
0.656
0.639
0.645
0.653
0.643
0.638
0.647
0.636
0.638
0.631
0.625
0.658
0.656
0.646
0.634
0.662
0.658
0.645
0.643
0.662
0.646
0.635
0.642
0.645
0.638
0.63
0.641
0.634
0.631
0.635
0.64
0.644
0.627
0.627
0.634
0.632
0.63
0.625
0.64
0.64
0.637
0.628
0.633
0.645
0.642
0.63
0.643
0.65
0.635
0.626
0.632
0.637
0.634
0.623
0.626
0.619
0.613
0.61
0.617
0.607
0.604
0.611
0.617
0.624
0.611
0.626
0.625
0.62
0.62
0.629
0.63
0.625
0.623
0.641
0.649
0.65
0.64
0.65
0.65
0.646
0.643
0.666
0.663
0.664
0.648
0.653
0.655
0.655
0.642
0.647
0.66
0.648
0.641
0.648
0.651
0.641
0.661
0.666
0.66
0.654
0.669
0.66
0.655
0.643
0.649
0.658
0.652
0.641
0.663
0.664
0.658
0.651
0.665
0.668
0.663
0.66
0.689
0.677
0.672
0.669
0.674
0.666
0.654
0.662
0.668
0.655
0.657
0.671
0.66
0.654
0.667
0.655
0.657
0.661
0.66
0.662
0.661
0.657
0.657
0.652
0.649
0.647
0.649
0.64
0.64
0.647
0.646
0.634
0.643
0.64
0.633
0.638
0.639
0.634
0.636
0.657
0.643
0.645
0.661
0.658
0.657
0.672
0.658
0.654
0.661
0.663
0.662
0.653
0.657
0.665
0.654
0.646
0.652
0.657
0.644
0.654
0.653
0.655
0.647
0.65
0.669
0.657
0.644
0.656
0.648
0.636
0.642
0.635
0.644
0.644
0.637
0.635
0.636
0.632
0.626
0.636
0.625
0.635
0.65
0.645
0.639
0.664
0.653
0.649
0.658
0.652
0.657
0.662
0.649
0.658
0.661
0.647
0.666
0.666
0.655
0.673
0.663
0.656
0.663
0.652
0.669
0.673
0.657
0.663
0.667
0.652
0.656
0.663
0.653
0.644
0.64
0.637
0.625
0.621
0.631
0.625
0.62
0.626
0.641
0.631
0.631
0.641
0.634
0.635
0.641
0.627
0.634
0.631
0.62
0.658
0.68
0.664
0.672
0.662
0.673
0.681
0.683
0.681
0.698
0.708
0.687
0.693
0.701
0.702
0.684
0.708
0.712
0.705
0.697
0.714
0.711
0.706
0.691
0.693
0.688
0.669
0.664
0.681
0.666
0.653
0.657
0.673
0.675
0.665
0.664
0.683
0.686
0.67
0.671
0.678
0.679
0.67
0.657
0.661
0.673
0.666
0.655
0.659
0.671
0.677
0.662
0.661
0.68
0.668
0.667
0.663
0.686
0.678
0.68
0.693
0.687
0.672
0.688
0.682
0.674
0.667
0.666
0.652
0.655
0.642
0.649
0.637
0.638
0.633
0.617
0.626
0.614
0.617
0.612
0.608
0.605
0.608
0.604
0.604
0.614
0.583
0.7168685
0.6771274
0.622969
0.625798
0.6226121
0.6676652
0.608
0.6297441
0.7197677
0.58
0.7794957
0.777
0.6392158
0.702
0.7265613
0.7262232
0.7084597
0.6530338
