0.843
0.835
0.827
0.793
0.798
0.791
0.805
0.816
0.821
0.826
0.835
0.82
0.803
0.788
0.802
0.814
0.839
0.862
0.844
0.844
0.83
0.831
0.829
0.823
0.807
0.803
0.803
0.803
0.812
0.812
0.825
0.835
0.827
0.839
0.865
0.881
0.872
0.829
0.832
0.81
0.815
0.806
0.795
0.787
0.781
0.795
0.806
0.824
0.817
0.828
0.827
0.824
0.788
0.772
0.8
0.815
0.814
0.81
0.786
0.811
0.819
0.818
0.817
0.83
0.829
0.84
0.858
0.86
0.873
0.878
0.863
0.863
0.838
0.859
0.875
0.865
0.846
0.858
0.856
0.838
0.819
0.838
0.839
0.828
0.812
0.82
0.832
0.84
0.822
0.858
0.846
0.808
0.79
0.802
0.805
0.817
0.826
0.821
0.803
0.821
0.822
0.82
0.81
0.796
0.79
0.778
0.779
0.778
0.796
0.801
0.815
0.82
0.835
0.835
0.829
0.817
0.853
0.863
0.861
0.854
0.854
0.838
0.797
0.772
0.762
0.762
0.794
0.829
0.866
0.888
0.898
0.89
0.889
0.9
0.906
0.885
0.836
0.803
0.786
0.79
0.798
0.797
0.791
0.779
0.777
0.768
0.761
0.775
0.776
0.757
0.768
0.768
0.774
0.783
0.772
0.785
0.8
0.821
0.83
0.84
0.841
0.843
0.83
0.819
0.836
0.839
0.845
0.7745339
0.7935426
0.8985924
0.821
0.818
0.803
0.797
0.825
0.848
0.867
0.834
0.813
0.835
0.839
0.836
0.81
0.832
0.848
0.857
0.831
0.857
0.865
0.872
0.838
0.863
0.86
0.855
0.848
0.834
0.829
0.826
0.833
0.831
0.843
0.855
0.86
0.848
0.84
0.848
0.856
0.834
0.849
0.847
0.835
0.827
0.856
0.859
0.832
0.861
0.868
0.841
0.839
0.845
0.842
0.807
0.827
0.83
0.833
0.838
0.852
0.862
0.834
0.844
0.841
0.839
0.821
0.845
0.854
0.855
0.863
0.903
0.899
0.882
0.882
0.876
0.874
0.836
0.833
0.818
0.832
0.845
0.875
0.862
0.866
0.855
0.859
0.849
0.83
0.815
0.814
0.812
0.81
0.821
0.826
0.845
0.852
0.849
0.842
0.85
0.833
0.829
0.842
0.849
0.832
0.791
0.816
0.829
0.808
0.793
0.82
0.829
0.839
0.838
0.83
0.822
0.817
0.828
0.838
0.833
0.832
0.857
0.874
0.888
0.882
0.867
0.89
0.888
0.883
0.84
0.843
0.803
0.822
0.825
0.841
0.836
0.833
0.859
0.867
0.866
0.842
0.851
0.839
0.815
0.819
0.844
0.868
0.854
0.852
0.833
0.81
0.809
0.808
0.791
0.788
0.79
0.79
0.789
0.799
0.811
0.822
0.833
0.849
0.835
0.822
0.78
0.759
0.751
0.734
0.738
0.763
0.781
0.799
0.812
0.815
0.82
0.814
0.804
0.813
0.804
0.797
0.796
0.788
0.745
0.761
0.757
0.79
0.852
0.905
0.7418806
0.745072
0.903
0.876
0.854
0.84
0.8
0.811
0.805
0.801
0.794
0.766
0.785
0.792
0.789
0.79
0.778
0.799
0.815
0.839
0.84
0.815
0.79
0.796
0.79
0.778
0.789
0.799
0.802
0.775
0.813
0.817
0.833
0.849
0.819
0.84
0.829
0.814
0.796
0.809
0.814
0.822
0.797
0.827
0.836
0.833
0.847
0.866
0.872
0.851
0.822
0.838
0.837
0.836
0.814
0.832
0.834
0.836
0.836
0.855
0.86
0.849
0.834
0.85
0.859
0.874
0.861
0.838
0.843
0.85
0.833
0.818
0.827
0.833
0.795
0.781
0.783
0.772
0.754
0.72
0.72
0.707
0.688
0.693
0.688
0.683
0.681
0.647
0.669
0.663
0.661
0.654
0.656
0.656
0.637
0.66
0.655
0.657
0.664
0.671
0.662
0.668
0.669
0.668
0.666
0.667
0.667
0.661
0.66
0.666
0.662
0.661
0.666
0.676
0.675
0.679
0.691
0.704
0.697
0.701
0.711
0.714
0.705
0.667
0.661
0.657
0.666
0.656
0.67
0.662
0.677
0.683
0.682
0.679
0.681
0.687
0.691
0.683
0.678
0.657
0.673
0.671
0.655
0.669
0.641
0.661
0.632
0.664
0.667
0.661
0.658
0.644
0.66
0.643
0.661
0.663
0.66
0.641
0.642
0.643
0.635
0.656
0.631
0.628
0.634
0.63
0.639
0.652
0.628
0.631
0.629
0.63
0.632
0.634
0.625
0.625
0.62
0.616
0.618
0.616
0.616
0.612
0.615
0.621
0.62
0.61
0.61
0.609
0.615
0.614
0.604
0.602
0.602
0.6
0.595
0.595
0.598
0.599
0.593
0.594
0.6
0.594
0.591
0.589
0.592
0.592
0.586
0.587
0.591
0.586
0.584
0.585
0.581
0.58
0.583
0.581
0.579
0.584
0.586
0.582
0.58
0.583
0.583
0.582
0.583
0.58
0.583
0.578
0.579
0.578
0.576
0.575
0.575
0.571
0.57
0.568
0.57
0.57
0.568
0.567
0.569
0.568
0.566
0.565
0.567
0.569
0.568
0.57
0.574
0.571
0.572
0.572
0.571
0.572
0.57
0.571
0.571
0.57
0.566
0.587
0.558
0.562
0.565
0.563
0.564
0.566
0.569
0.57
0.566
0.568
0.567
0.566
0.565
0.565
0.568
0.564
0.56
0.557
0.559
0.561
0.562
0.565
0.56
0.563
0.563
0.558
0.563
0.565
0.559
0.558
0.559
0.558
0.558
0.555
0.556
0.571
0.551
0.555
0.559
0.56
0.559
0.562
0.562
0.563
0.563
0.562
0.56
0.556
0.573
0.555
0.557
0.574
0.551
0.553
0.556
0.555
0.555
0.557
0.559
0.566
0.568
0.565
0.564
0.569
0.57
0.57
0.594
0.593
0.589
0.574
0.58
0.582
0.582
0.581
0.599
0.583
0.594
0.594
0.587
0.594
0.6
0.593
0.589
0.587
0.588
0.594
0.621
0.624
0.607
0.625
0.628
0.644
0.66
0.676
0.686
0.672
0.666
0.673
0.645
0.654
0.659
0.68
0.7
0.712
0.718
0.703
0.666
0.652
0.668
0.67
0.677
0.685
0.682
0.685
0.673
0.664
0.672
0.674
0.672
0.658
0.665
0.668
0.67
0.643
0.642
0.632
0.624
0.622
0.621
0.618
0.619
0.627
0.657
0.618
0.625
0.62
0.617
0.616
0.618
0.627
0.607
0.612
0.618
0.611
0.614
0.617
0.611
0.615
0.62
0.625
0.657
0.657
0.628
0.626
0.625
0.624
0.615
0.618
0.626
0.628
0.635
0.668
0.691
0.694
0.692
0.697
0.716
0.72
0.709
0.69
0.708
0.72
0.725
0.71
0.711
0.714
0.703
0.7
0.693
0.681
0.676
0.666
0.661
0.66
0.695
0.729
0.74
0.743
0.76
0.787
0.785
0.762
0.768
0.786
0.796
0.792
0.802
0.823
0.845
0.818
0.809
0.815
0.819
0.827
0.799
0.8
0.79
0.763
0.743
0.772
0.789
0.795
0.778
0.784
0.785
0.769
0.765
0.784
0.791
0.774
0.765
0.769
0.79
0.783
0.78
0.797
0.798
0.782
0.75
0.743
0.737
0.718
0.716
0.727
0.716
0.734
0.765
0.791
0.775
0.767
0.801
0.796
0.761
0.765
0.784
0.784
0.761
0.751
0.78
0.801
0.831
0.833
0.81
0.818
0.826
0.833
0.806
0.791
0.811
0.827
0.82
0.811
0.827
0.826
0.817
0.786
0.774
0.774
0.784
0.779
0.781
0.799
0.819
0.788
0.758
0.763
0.767
0.759
0.75
0.754
0.767
0.779
0.789
0.779
0.779
0.796
0.777
0.741
0.732
0.745
0.751
0.765
0.781
0.8
0.797
0.801
0.79
0.787
0.776
0.769
0.77
0.777
0.791
0.79
0.781
0.778
0.776
0.786
0.782
0.757
0.739
0.737
0.754
0.747
0.758
0.785
0.782
0.791
0.809
0.807
0.789
0.791
0.8
0.818
0.805
0.788
0.801
0.808
0.83
0.814
0.822
0.843
0.858
0.83
0.837
0.841
0.854
0.838
0.833
0.849
0.88
0.897
0.871
0.867
0.86
0.868
0.846
0.833
0.839
0.85
0.844
0.822
0.835
0.85
0.853
0.832
0.836
0.842
0.851
0.832
0.817
0.834
0.844
0.836
0.825
0.848
0.852
0.849
0.827
0.835
0.85
0.866
0.852
0.842
0.848
0.867
0.861
0.831
0.833
0.841
0.851
0.823
0.832
0.845
0.84
0.809
0.788
0.807
0.826
0.828
0.803
0.796
0.799
0.806
0.793
0.806
0.831
0.844
0.834
0.831
0.84
0.859
0.859
0.832
0.835
0.833
0.82
0.807
0.824
0.843
0.835
0.827
0.85
0.867
0.862
0.847
0.842
0.862
0.885
0.87
0.862
0.864
0.885
0.856
0.837
0.838
0.849
0.847
0.831
0.844
0.859
0.86
0.833
0.831
0.847
0.856
0.833
0.835
0.858
0.872
0.858
0.833
0.83
0.827
0.831
0.818
0.836
0.856
0.865
0.852
0.831
0.831
0.821
0.787
0.743
0.789
0.861
0.858
0.859
0.83
0.814
0.814
0.803
0.78
0.752
0.745
0.747
0.763
0.784
0.802
0.821
0.812
0.822
0.67
0.9082447
0.848
0.852
0.842
0.842
0.811
0.795
0.786
0.783
0.789
0.805
0.803
0.811
0.791
0.804
0.819
0.827
0.815
0.823
0.824
0.831
0.831
0.826
0.822
0.834
0.843
0.861
0.858
0.837
0.856
0.863
0.85
0.829
0.84
0.85
0.847
0.833
0.828
0.838
0.85
0.831
0.835
0.869
0.876
0.852
0.85
0.869
0.879
0.857
0.835
0.857
0.864
0.861
0.849
0.868
0.889
0.897
0.87
0.874
0.882
0.881
0.859
0.852
0.867
0.886
0.865
0.86
0.871
0.879
0.858
0.849
0.864
0.877
0.866
0.85
0.861
0.872
0.854
0.84
0.849
0.88
0.858
0.844
0.859
0.875
0.86
0.848
0.851
0.852
0.823
0.793
0.805
0.829
0.865
0.851
0.835
0.815
0.805
0.779
0.789
0.785
0.77
0.763
0.751
0.749
0.752
0.751
0.745
0.739
0.739
0.753
0.763
0.77
0.788
0.791
0.779
0.779
0.778
0.79
0.794
0.794
0.773
0.774
0.779
0.801
0.803
0.793
0.807
0.82
0.827
0.828
0.818
0.842
0.858
0.855
0.828
0.846
0.848
0.839
0.834
0.841
0.818
0.807
0.83
0.847
0.845
0.845
0.866
0.876
0.869
0.853
0.867
0.882
0.883
0.89
0.851
0.86
0.862
0.859
0.833
0.834
0.836
0.851
0.841
0.85
0.841
0.806
0.811
0.806
0.811
0.796
0.814
0.819
0.852
0.871
0.853
0.87
0.878
0.846
0.866
0.858
0.861
0.86
0.828
0.847
0.845
0.836
0.831
0.803
0.815
0.837
0.82
0.804
0.829
0.811
0.792
0.826
0.843
0.829
0.847
0.855
0.852
0.853
0.842
0.846
0.844
0.822
0.782
0.789
0.798
0.806
0.793
0.829
0.851
0.873
0.866
0.831
0.835
0.843
0.852
0.856
0.837
0.843
0.859
0.844
0.827
0.818
0.846
0.836
0.828
0.849
0.852
0.857
0.833
0.804
0.806
0.815
0.835
0.864
0.839
0.884
0.887
0.894
0.864
0.844
0.828
0.818
0.811
0.808
0.784
0.804
0.813
0.821
0.828
0.799
0.802
0.811
0.829
0.846
0.856
0.848
0.835
0.844
0.86
0.875
0.85
0.833
0.812
0.825
0.835
0.858
0.869
0.841
0.858
0.869
0.843
0.851
0.871
0.877
0.862
0.865
0.862
0.855
0.837
0.834
0.843
0.818
0.839
0.857
0.882
0.877
0.882
0.864
0.853
0.845
0.847
0.856
0.855
0.841
0.826
0.805
0.823
0.83
0.842
0.846
0.801
0.806
0.78
0.77
0.769
0.782
0.796
0.791
0.815
0.829
0.842
0.834
0.812
0.83
0.832
0.825
0.818
0.819
0.795
0.778
0.788
0.824
0.841
0.823
0.797
0.816
0.816
0.793
0.787
0.786
0.783
0.799
0.779
0.774
0.78
0.812
0.785
0.806
0.818
0.811
0.793
0.749
0.75
0.732
0.723
0.71
0.702
0.7
0.69
0.685
0.662
0.674
0.673
0.679
0.698
0.705
0.705
0.723
0.741
0.748
0.723
0.741
0.747
0.738
0.739
0.751
0.76
0.763
0.743
0.75
0.751
0.722
0.726
0.727
0.729
0.748
0.768
0.788
0.791
0.78
0.77
0.75
0.738
0.74
0.747
0.758
0.776
0.769
0.757
0.762
0.761
0.757
0.754
0.758
0.765
0.752
0.761
0.765
0.759
0.774
0.805
0.797
0.793
0.78
0.764
0.747
0.727
0.711
0.717
0.717
0.73
0.75
0.737
0.746
0.775
0.808
0.801
0.796
0.79
0.786
0.781
0.756
0.759
0.768
0.757
0.782
0.804
0.827
0.824
0.822
0.804
0.815
0.789
0.805
0.795
0.802
0.793
0.807
0.82
0.816
0.833
0.837
0.817
0.816
0.817
0.81
0.797
0.814
0.837
0.838
0.855
0.869
0.849
0.851
0.844
0.805
0.806
0.808
0.823
0.838
0.811
0.819
0.833
0.836
0.848
0.874
0.885
0.863
0.851
0.841
0.822
0.826
0.789
0.787
0.799
0.82
0.814
0.833
0.85
0.829
0.836
0.839
0.85
0.847
0.814
0.824
0.839
0.843
0.86
0.873
0.875
0.841
0.837
0.843
0.835
0.856
0.86
0.819
0.788
0.752
0.76
0.768
0.797
0.82
0.856
0.901
0.885
0.913
0.908
0.896
0.859
0.79
0.778
0.788
0.818
0.834
0.867
0.88
0.879
0.869
0.829
0.835
0.828
0.814
0.827
0.838
0.842
0.849
0.853
0.854
0.862
0.846
0.839
0.82
0.789
0.792
0.798
0.794
0.789
0.79
0.791
0.783
0.804
0.822
0.842
0.843
0.852
0.834
0.796
0.798
0.805
0.804
0.806
0.807
0.805
0.802
0.775
0.78
0.79
0.818
0.838
0.834
0.805
0.789
0.792
0.796
0.8
0.792
0.797
0.805
0.779
0.791
0.79
0.803
0.81
0.8
0.799
0.796
0.79
0.781
0.778
0.786
0.767
0.785
0.819
0.826
0.833
0.833
0.824
0.815
0.806
0.781
0.781
0.784
0.788
0.775
0.776
0.772
0.75
0.767
0.768
0.771
0.756
0.735
0.732
0.726
0.729
0.718
0.697
0.726
0.765
0.8
0.837
0.859
0.839
0.806
0.79
0.797
0.79
0.778
0.772
0.767
0.768
0.776
0.788
0.797
0.821
0.812
0.81
0.774
0.784
0.782
0.782
0.784
0.774
0.766
0.765
0.772
0.771
0.751
0.768
0.79
0.822
0.818
0.853
0.858
0.851
0.786
0.785
0.782
0.793
0.792
0.808
0.82
0.821
0.826
0.798
0.806
0.835
0.86
0.839
0.849
0.846
0.844
0.838
0.815
0.802
0.79
0.802
0.817
0.824
0.845
0.872
0.86
0.846
0.843
0.846
0.861
0.878
0.891
0.881
0.89
0.906
0.878
0.886
0.896
0.882
0.881
0.872
0.847
0.817
0.811
0.809
0.832
0.848
0.872
0.878
0.858
0.859
0.845
0.847
0.865
0.889
0.892
0.847
0.833
0.834
0.822
0.818
0.848
0.835
0.844
0.877
0.891
0.863
0.864
0.869
0.866
0.867
0.862
0.848
0.846
0.842
0.842
0.849
0.856
0.849
0.828
0.801
0.755
0.775
0.768
0.772
0.814
0.842
0.858
0.85
0.845
0.831
0.833
0.829
0.791
0.796
0.813
0.813
0.833
0.853
0.857
0.868
0.871
0.862
0.826
0.831
0.824
0.82
0.82
0.83
0.847
0.87
0.867
0.859
0.824
0.814
0.817
0.821
0.83
0.839
0.828
0.84
0.851
0.858
0.856
0.861
0.847
0.816
0.821
0.808
0.78
0.791
0.78
0.811
0.826
0.837
0.844
0.82
0.817
0.809
0.785
0.787
0.791
0.807
0.828
0.857
0.871
0.882
0.878
0.863
0.863
0.85
0.826
0.807
0.805
0.813
0.819
0.789
0.806
0.794
0.81
0.817
0.827
0.835
0.803
0.821
0.833
0.827
0.79
0.799
0.804
0.822
0.845
0.837
0.849
0.846
0.819
0.821
0.819
0.815
0.82
0.822
0.841
0.83
0.812
0.808
0.813
0.783
0.777
0.791
0.836
0.873
0.883
0.86
0.853
0.839
0.804
0.801
0.809
0.818
0.812
0.793
0.783
0.759
0.784
0.787
0.8
0.821
0.8
0.821
0.841
0.859
0.874
0.889
0.883
0.879
0.873
0.859
0.883
0.872
0.858
0.88
0.896
0.906
0.901
0.889
0.885
0.868
0.866
0.855
0.843
0.827
0.822
0.826
0.852
0.875
0.896
0.851
0.857
0.853
0.865
0.859
0.824
0.818
0.798
0.788
0.79
0.829
0.882
0.916
0.957
0.955
0.944
0.929
0.904
0.881
0.862
0.839
0.807
0.823
0.84
0.844
0.831
0.827
0.832
0.842
0.854
0.82
0.842
0.824
0.827
0.837
0.825
0.821
0.818
0.797
0.81
0.798
0.795
0.789
0.782
0.778
0.785
0.791
0.773
0.784
0.78
0.786
0.788
0.783
0.786
0.779
0.756
0.741
0.746
0.763
0.781
0.789
0.776
0.762
0.777
0.782
0.783
0.791
0.797
0.785
0.768
0.749
0.747
0.738
0.737
0.762
0.786
0.764
0.777
0.791
0.818
0.842
0.831
0.795
0.791
0.773
0.755
0.74
0.741
0.753
0.764
0.78
0.792
0.805
0.805
0.825
0.823
0.804
0.819
0.814
0.814
0.794
0.804
0.788
0.781
0.795
0.811
0.812
0.824
0.861
0.877
0.888
0.883
0.868
0.861
0.859
0.833
0.851
0.853
0.854
0.833
0.811
0.82
0.817
0.799
0.817
0.84
0.836
0.81
0.814
0.811
0.828
0.845
0.848
0.859
0.859
0.843
0.825
0.836
0.852
0.875
0.894
0.902
0.909
0.883
0.862
0.85
0.822
0.816
0.819
0.827
0.835
0.848
0.849
0.852
0.808
0.791
0.763
0.755
0.766
0.788
0.774
0.819
0.866
0.895
0.903
0.899
0.875
0.858
0.84
0.8
0.793
0.802
0.829
0.84
0.846
0.825
0.822
0.794
0.733
0.723
0.748
0.763
0.811
0.862
0.875
0.848
0.841
0.838
0.819
0.809
0.786
0.792
0.774
0.761
0.751
0.75
0.755
0.758
0.768
0.763
0.766
0.774
0.773
0.772
0.758
0.77
0.791
0.806
0.838
0.833
0.842
0.824
0.801
0.821
0.819
0.8
0.772
0.766
0.766
0.778
0.795
0.806
0.796
0.81
0.81
0.775
0.778
0.787
0.808
0.825
0.807
0.81
0.822
0.838
0.83
0.815
0.828
0.837
0.856
0.822
0.82
0.811
0.813
0.806
0.803
0.794
0.805
0.798
0.811
0.818
0.819
0.815
0.807
0.795
0.802
0.783
0.791
0.801
0.825
0.836
0.851
0.857
0.831
0.806
0.801
0.784
0.777
0.787
0.797
0.82
0.798
0.817
0.831
0.802
0.809
0.823
0.844
0.852
0.834
0.816
0.812
0.814
0.817
0.818
0.804
0.794
0.793
0.814
0.822
0.832
0.829
0.809
0.814
0.817
0.824
0.834
0.832
0.817
0.827
0.842
0.811
0.828
0.835
0.805
0.8
0.802
0.817
0.842
0.851
0.84
0.841
0.826
0.82
0.811
0.788
0.759
0.79
0.811
0.842
0.846
0.855
0.877
0.888
0.881
0.878
0.86
0.846
0.845
0.833
0.831
0.842
0.859
0.859
0.843
0.823
0.789
0.8
0.81
0.841
0.853
0.861
0.864
0.853
0.837
0.82
0.831
0.827
0.828
0.863
0.861
0.862
0.806
0.805
0.804
0.81
0.815
0.793
0.784
0.802
0.824
0.843
0.844
0.866
0.872
0.871
0.86
0.865
0.856
0.842
0.842
0.837
0.833
0.829
0.819
0.789
0.803
0.828
0.841
0.833
0.85
0.873
0.872
0.872
0.83
0.817
0.789
0.789
0.798
0.787
0.754
0.779
0.799
0.845
0.853
0.875
0.862
0.829
0.83
0.822
0.818
0.81
0.805
0.796
0.803
0.814
0.839
0.848
0.858
0.851
0.844
0.816
0.81
0.812
0.791
0.785
0.792
0.792
0.811
0.802
0.769
0.777
0.784
0.793
0.807
0.815
0.823
0.824
0.829
0.802
0.815
0.799
0.784
0.799
0.826
0.851
0.848
0.88
0.884
0.88
0.88
0.878
0.849
0.848
0.85
0.856
0.851
0.846
0.837
0.827
0.808
0.819
0.836
0.848
0.868
0.875
0.889
0.856
0.812
0.788
0.774
0.783
0.791
0.808
0.81
0.815
0.807
0.817
0.822
0.814
0.799
0.811
0.813
0.829
0.834
0.837
0.812
0.795
0.815
0.824
0.842
0.844
0.845
0.832
0.821
0.797
0.771
0.76
0.753
0.766
0.78
0.795
0.815
0.815
0.828
0.802
0.813
0.81
0.814
0.799
0.796
0.803
0.788
0.798
0.826
0.834
0.834
0.835
0.812
0.811
0.81
0.811
0.803
0.797
0.805
0.809
0.826
0.84
0.838
0.809
0.773
0.771
0.768
0.76
0.752
0.772
0.789
0.786
0.793
0.802
0.806
0.816
0.801
0.803
0.807
0.813
0.821
0.805
0.816
0.829
0.836
0.84
0.839
0.842
0.807
0.819
0.836
0.854
0.857
0.834
0.86
0.82
0.809
0.814
0.837
0.836
0.85
0.864
0.869
0.853
0.852
0.83
0.804
0.8
0.802
0.767
0.776
0.785
0.78
0.8
0.816
0.823
0.834
0.805
0.796
0.8
0.807
0.819
0.83
0.843
0.829
0.839
0.845
0.851
0.846
0.822
0.808
0.817
0.833
0.83
0.798
0.797
0.779
0.791
0.8
0.812
0.834
0.853
0.875
0.877
0.875
0.882
0.865
0.867
0.864
0.866
0.837
0.849
0.842
0.843
0.844
0.841
0.791
0.808
0.823
0.851
0.874
0.875
0.881
0.866
0.845
0.818
0.822
0.819
0.822
0.818
0.811
0.792
0.791
0.791
0.766
0.772
0.782
0.808
0.842
0.865
0.874
0.84
0.859
0.857
0.826
0.857
0.844
0.84
0.861
0.871
0.869
0.864
0.832
0.831
0.816
0.808
0.827
0.858
0.877
0.88
0.882
0.882
0.882
0.857
0.813
0.811
0.806
0.808
0.793
0.813
0.791
0.761
0.782
0.805
0.841
0.878
0.885
0.884
0.876
0.866
0.851
0.835
0.834
0.834
0.843
0.845
0.851
0.861
0.885
0.89
0.877
0.858
0.847
0.808
0.813
0.821
0.832
0.844
0.859
0.874
0.87
0.877
0.868
0.87
0.846
0.843
0.846
0.833
0.841
0.838
0.83
0.799
0.747
0.776
0.788
0.826
0.862
0.889
0.876
0.889
0.875
0.854
0.843
0.827
0.828
0.824
0.81
0.797
0.8
0.782
0.786
0.796
0.824
0.846
0.854
0.849
0.801
0.801
0.773
0.738
0.734
0.756
0.77
0.79
0.805
0.797
0.794
0.803
0.795
0.782
0.776
0.781
0.795
0.796
0.773
0.768
0.769
0.767
0.771
0.783
0.794
0.782
0.775
0.787
0.784
0.788
0.789
0.778
0.751
0.75
0.744
0.733
0.725
0.726
0.737
0.759
0.771
0.787
0.799
0.793
0.779
0.785
0.795
0.804
0.821
0.836
0.835
0.839
0.84
0.829
0.798
0.782
0.793
0.817
0.85
0.874
0.883
0.881
0.874
0.862
0.856
0.848
0.843
0.844
0.823
0.829
0.832
0.846
0.864
0.85
0.866
0.86
0.854
0.849
0.839
0.819
0.826
0.846
0.848
0.864
0.863
0.838
0.796
0.76
0.76
0.762
0.798
0.849
0.88
0.871
0.872
0.848
0.833
0.8
0.777
0.756
0.757
0.773
0.792
0.807
0.824
0.839
0.864
0.856
0.835
0.798
0.805
0.807
0.821
0.836
0.839
0.862
0.853
0.832
0.845
0.864
0.865
0.857
0.839
0.84
0.841
0.847
0.839
0.864
0.847
0.875
0.867
0.881
0.88
0.871
0.867
0.896
0.93
0.925
0.898
0.904
0.891
0.87
0.864
0.857
0.835
0.852
0.818
0.834
0.848
0.864
0.869
0.875
0.896
0.903
0.876
0.86
0.811
0.8
0.793
0.794
0.812
0.846
0.869
0.916
0.933
0.929
0.912
0.877
0.859
0.839
0.824
0.806
0.81
0.827
0.847
0.853
0.814
0.777
0.766
0.77
0.795
0.83
0.851
0.862
0.868
0.864
0.835
0.812
0.784
0.792
0.769
0.774
0.786
0.805
0.823
0.844
0.858
0.861
0.849
0.842
0.841
0.839
0.847
0.836
0.808
0.814
0.809
0.828
0.823
0.804
0.806
0.791
0.788
0.766
0.774
0.78
0.793
0.802
0.824
0.833
0.819
0.835
0.829
0.833
0.817
0.811
0.809
0.807
0.814
0.804
0.832
0.839
0.842
0.834
0.835
0.83
0.816
0.817
0.818
0.789
0.752
0.764
0.761
0.773
0.791
0.794
0.783
0.801
0.815
0.835
0.833
0.816
0.827
0.83
0.838
0.829
0.83
0.839
0.842
0.828
0.806
0.767
0.765
0.753
0.76
0.767
0.777
0.787
0.802
0.817
0.818
0.824
0.813
0.81
0.799
0.795
0.774
0.789
0.822
0.853
0.84
0.81
0.803
0.801
0.808
0.805
0.797
0.8
0.801
0.802
0.824
0.843
0.85
0.854
0.861
0.859
0.85
0.837
0.803
0.814
0.826
0.83
0.852
0.886
0.891
0.851
0.858
0.849
0.837
0.814
0.796
0.797
0.818
0.829
0.836
0.824
0.793
0.795
0.805
0.816
0.801
0.786
0.814
0.838
0.874
0.888
0.898
0.889
0.875
0.875
0.874
0.862
0.834
0.847
0.861
0.882
0.884
0.902
0.898
0.89
0.858
0.879
0.847
0.837
0.827
0.835
0.865
0.857
0.855
0.855
0.874
0.838
0.851
0.866
0.842
0.878
0.875
0.84
0.862
0.873
0.853
0.823
0.822
0.818
0.828
0.823
0.836
0.82
0.822
0.813
0.809
0.83
0.818
0.811
0.82
0.831
0.834
0.808
0.811
0.796
0.788
0.774
0.776
0.766
0.754
0.754
0.751
0.756
0.762
0.756
0.755
0.75
0.752
0.769
0.779
0.764
0.775
0.768
0.766
0.758
0.752
0.75
0.733
0.734
0.751
0.769
0.769
0.801
0.81
0.8
0.788
0.79
0.797
0.787
0.766
0.752
0.762
0.761
0.782
0.782
0.783
0.794
0.791
0.786
0.791
0.806
0.82
0.831
0.838
0.847
0.811
0.818
0.839
0.867
0.879
0.875
0.866
0.855
0.853
0.835
0.821
0.816
0.785
0.812
0.819
0.84
0.862
0.842
0.864
0.888
0.878
0.866
0.856
0.828
0.817
0.811
0.833
0.854
0.84
0.86
0.872
0.856
0.859
0.867
0.848
0.864
0.862
0.849
0.83
0.837
0.836
0.835
0.832
0.839
0.835
0.848
0.831
0.794
0.787
0.792
0.797
0.796
0.81
0.825
0.804
0.825
0.851
0.864
0.853
0.797
0.777
0.77
0.771
0.753
0.745
0.75
0.784
0.799
0.822
0.838
0.829
0.829
0.801
0.814
0.85
0.855
0.849
0.844
0.855
0.851
0.826
0.781
0.77
0.809
0.858
0.893
0.901
0.862
0.856
0.849
0.833
0.794
0.808
0.807
0.814
0.796
0.791
0.817
0.841
0.867
0.852
0.822
0.813
0.822
0.826
0.835
0.835
0.828
0.82
0.791
0.801
0.799
0.802
0.796
0.789
0.773
0.773
0.758
0.766
0.786
0.78
0.791
0.779
0.768
0.746
0.736
0.718
0.709
0.703
0.713
0.718
0.729
0.746
0.748
0.75
0.745
0.742
0.735
0.741
0.736
0.731
0.723
0.735
0.759
0.77
0.782
0.801
0.818
0.819
0.808
0.798
0.786
0.782
0.798
0.832
0.856
0.87
0.87
0.826
0.809
0.81
0.832
0.83
0.819
0.808
0.819
0.816
0.805
0.794
0.793
0.803
0.813
0.799
0.781
0.766
0.768
0.764
0.779
0.79
0.8
0.793
0.781
0.797
0.811
0.829
0.818
0.823
0.814
0.806
0.765
0.743
0.773
0.776
0.81
0.819
0.796
0.824
0.838
0.821
0.822
0.804
0.795
0.791
0.8
0.808
0.802
0.796
0.797
0.793
0.791
0.794
0.782
0.787
0.797
0.815
0.811
0.807
0.798
0.791
0.778
0.786
0.793
0.78
0.762
0.767
0.768
0.775
0.78
0.777
0.761
0.765
0.772
0.795
0.8
0.809
0.823
0.821
0.808
0.829
0.852
0.844
0.842
0.855
0.847
0.818
0.818
0.822
0.787
0.775
0.756
0.756
0.777
0.8
0.829
0.831
0.818
0.819
0.838
0.84
0.829
0.822
0.825
0.829
0.825
0.806
0.813
0.82
0.828
0.83
0.83
0.84
0.832
0.843
0.875
0.881
0.845
0.808
0.806
0.801
0.797
0.794
0.777
0.797
0.826
0.857
0.894
0.896
0.885
0.868
0.825
0.82
0.813
0.813
0.809
0.809
0.798
0.786
0.8
0.814
0.842
0.866
0.879
0.891
0.883
0.883
0.87
0.863
0.856
0.848
0.852
0.866
0.878
0.871
0.851
0.847
0.811
0.789
0.79
0.822
0.864
0.846
0.826
0.804
0.781
0.792
0.818
0.814
0.82
0.817
0.807
0.806
0.817
0.826
0.822
0.822
0.829
0.826
0.815
0.784
0.807
0.803
0.807
0.788
0.798
0.809
0.827
0.811
0.783
0.775
0.761
0.768
0.765
0.76
0.794
0.812
0.801
0.802
0.782
0.772
0.759
0.773
0.786
0.801
0.802
0.796
0.826
0.848
0.874
0.875
0.872
0.862
0.862
0.855
0.844
0.836
0.83
0.822
0.831
0.841
0.827
0.842
0.859
0.821
0.817
0.816
0.803
0.788
0.804
0.829
0.82
0.777
0.794
0.811
0.837
0.865
0.866
0.876
0.875
0.865
0.833
0.846
0.84
0.842
0.827
0.806
0.833
0.84
0.845
0.827
0.81
0.803
0.806
0.814
0.817
0.815
0.816
0.811
0.827
0.831
0.832
0.83
0.826
0.813
0.792
0.743
0.763
0.775
0.827
0.868
0.898
0.901
0.899
0.863
0.86
0.847
0.831
0.818
0.815
0.807
0.818
0.828
0.842
0.845
0.821
0.803
0.79
0.79
0.786
0.774
0.764
0.773
0.764
0.776
0.794
0.807
0.825
0.833
0.844
0.837
0.833
0.838
0.841
0.827
0.823
0.836
0.841
0.832
0.813
0.816
0.832
0.837
0.83
0.837
0.827
0.789
0.785
0.782
0.769
0.778
0.797
0.83
0.859
0.875
0.827
0.833
0.847
0.862
0.855
0.821
0.817
0.812
0.82
0.831
0.809
0.827
0.833
0.847
0.865
0.89
0.89
0.893
0.895
0.895
0.901
0.904
0.899
0.884
0.852
0.843
0.85
0.874
0.844
0.856
0.863
0.875
0.864
0.86
0.841
0.851
0.854
0.815
0.814
0.814
0.827
0.832
0.845
0.857
0.869
0.843
0.836
0.847
0.864
0.867
0.856
0.82
0.826
0.849
0.875
0.882
0.853
0.854
0.856
0.857
0.858
0.855
0.838
0.818
0.802
0.804
0.812
0.831
0.835
0.829
0.779
0.777
0.806
0.833
0.884
0.884
0.885
0.877
0.863
0.855
0.835
0.801
0.797
0.798
0.791
0.793
0.824
0.837
0.838
0.806
0.808
0.807
0.804
0.813
0.818
0.825
0.84
0.841
0.848
0.828
0.833
0.812
0.794
0.807
0.825
0.882
0.899
0.93
0.935
0.916
0.892
0.857
0.874
0.887
0.898
0.876
0.866
0.873
0.873
0.867
0.835
0.843
0.834
0.796
0.807
0.833
0.895
0.909
0.858
0.876
0.913
0.918
0.908
0.898
0.892
0.859
0.875
0.914
0.936
0.958
0.937
0.923
0.922
0.9
0.877
0.892
0.908
0.921
0.927
0.921
0.928
0.922
0.919
0.917
0.879
0.895
0.887
0.859
0.838
0.844
0.845
0.828
0.837
0.825
0.833
0.873
0.875
0.902
0.922
0.909
0.93
0.92
0.907
0.897
0.89
0.909
0.878
0.871
0.877
0.884
0.877
0.854
0.88
0.888
0.884
0.871
0.845
0.871
0.878
0.87
0.882
0.899
0.899
0.902
0.895
0.892
0.895
0.883
0.873
0.86
0.887
0.867
0.864
0.878
0.873
0.888
0.899
0.894
0.884
0.899
0.9
0.91
0.891
0.886
0.889
0.902
0.902
0.916
0.901
0.915
0.913
0.899
0.879
0.86
0.817
0.786
0.8
0.862
0.917
0.971
0.976
0.977
0.965
0.961
0.938
0.854
0.821
0.814
0.821
0.841
0.851
0.864
0.852
0.859
0.825
0.831
0.835
0.853
0.874
0.883
0.858
0.858
0.843
0.854
0.861
0.875
0.882
0.84
0.867
0.879
0.907
0.919
0.917
0.898
0.853
0.825
0.811
0.822
0.861
0.887
0.89
0.89
0.903
0.897
0.911
0.92
0.929
0.916
0.894
0.848
0.856
0.857
0.873
0.883
0.887
0.905
0.848
0.829
0.875
0.909
0.928
0.938
0.932
0.933
0.901
0.875
0.871
0.871
0.873
0.883
0.89
0.897
0.911
0.921
0.924
0.927
0.903
0.91
0.881
0.806
0.788
0.789
0.803
0.827
0.858
0.876
0.871
0.87
0.862
0.865
0.862
0.874
0.875
0.881
0.884
0.86
0.822
0.823
0.83
0.85
0.868
0.904
0.925
0.91
0.894
0.9
0.897
0.857
0.874
0.868
0.864
0.854
0.803
0.814
0.836
0.865
0.919
0.942
0.902
0.927
0.929
0.929
0.899
0.877
0.856
0.859
0.863
0.849
0.853
0.878
0.906
0.936
0.943
0.894
0.879
0.843
0.778
0.833
0.844
0.857
0.901
0.907
0.905
0.861
0.834
0.826
0.821
0.817
0.83
0.838
0.862
0.865
0.881
0.912
0.908
0.905
0.918
0.92
0.909
0.906
0.905
0.914
0.918
0.914
0.922
0.909
0.878
0.817
0.815
0.787
0.771
0.762
0.763
0.741
0.745
0.738
0.732
0.723
0.719
0.698
0.703
0.68
0.679
0.687
0.691
0.683
0.672
0.682
0.673
0.68
0.684
0.686
0.7
0.702
0.7
0.699
0.699
0.701
0.712
0.712
0.708
0.703
0.708
0.711
0.71
0.706
0.696
0.697
0.674
0.682
0.693
0.712
0.774
0.779
0.795
0.785
0.784
0.78
0.764
0.739
0.727
0.716
0.715
0.7
0.696
0.692
0.699
0.709
0.716
0.722
0.717
0.7
0.707
0.699
0.689
0.684
0.698
0.689
0.666
0.691
0.692
0.688
0.684
0.677
0.689
0.686
0.681
0.684
0.691
0.702
0.684
0.702
0.711
0.731
0.748
0.747
0.762
0.774
0.773
0.752
0.749
0.727
0.701
0.694
0.681
0.683
0.712
0.758
0.781
0.793
0.767
0.763
0.74
0.733
0.732
0.707
0.712
0.681
0.705
0.697
0.701
0.722
0.722
0.726
0.738
0.742
0.75
0.752
0.743
0.73
0.727
0.731
0.735
0.752
0.75
0.74
0.749
0.746
0.745
0.761
0.77
0.76
0.764
0.793
0.786
0.781
0.813
0.798
0.808
0.799
0.777
0.748
0.74
0.748
0.748
0.772
0.795
0.814
0.82
0.835
0.844
0.81
0.79
0.774
0.764
0.765
0.769
0.791
0.804
0.773
0.788
0.805
0.789
0.8
0.797
0.794
0.788
0.773
0.773
0.787
0.8
0.818
0.851
0.867
0.865
0.879
0.833
0.833
0.829
0.821
0.836
0.847
0.867
0.841
0.857
0.87
0.841
0.864
0.854
0.838
0.855
0.88
0.882
0.873
0.885
0.886
0.864
0.875
0.888
0.876
0.883
0.889
0.876
0.896
0.905
0.909
0.881
0.883
0.878
0.859
0.837
0.86
0.88
0.907
0.89
0.901
0.894
0.866
0.861
0.875
0.875
0.845
0.825
0.848
0.873
0.862
0.867
0.861
0.838
0.849
0.826
0.8107405
0.7088419
0.818
0.759
0.7426991
0.888
0.756
0.727
0.797
0.857
0.911
0.87
0.876
0.859
0.828
0.791
0.797
0.796
0.806
0.798
0.822
0.871
0.882
0.847
0.824
0.801
0.781
0.756
0.754
0.739
0.732
0.731
0.735
0.73
0.735
0.723
0.713
0.733
0.727
0.732
0.731
0.743
0.767
0.754
0.763
0.762
0.782
0.764
0.75
0.766
0.759
0.756
0.747
0.733
0.714
0.711
0.711
0.738
0.76
0.753
0.772
0.768
0.735
0.743
0.733
0.717
0.719
0.717
0.71
0.706
0.697
0.675
0.681
0.682
0.685
0.697
0.722
0.721
0.715
0.722
0.737
0.713
0.738
0.75
0.724
0.75
0.775
0.796
0.823
0.785
0.767
0.76
0.736
0.738
0.761
0.77
0.769
0.783
0.772
0.779
0.787
0.779
0.789
0.784
0.79
0.794
0.769
0.778
0.75
0.744
0.735
0.723
0.705
0.708
0.697
0.697
0.677
0.691
0.694
0.704
0.699
0.72
0.709
0.708
0.699
0.678
0.702
0.705
0.71
0.727
0.729
0.735
0.744
0.742
0.734
0.746
0.745
0.742
0.736
0.723
0.725
0.743
0.772
0.776
0.791
0.799
0.798
0.764
0.757
0.762
0.764
0.753
0.749
0.765
0.781
0.772
0.759
0.768
0.785
0.797
0.802
0.779
0.76
0.752
0.748
0.716
0.711
0.724
0.724
0.727
0.72
0.729
0.725
0.716
0.721
0.715
0.702
0.671
0.669
0.661
0.665
0.693
0.703
0.704
0.686
0.694
0.691
0.704
0.703
0.71
0.733
0.748
0.722
0.712
0.714
0.695
0.692
0.701
0.689
0.674
0.689
0.669
0.669
0.704
0.717
0.737
0.75
0.76
0.78
0.779
0.758
0.753
0.763
0.754
0.763
0.787
0.816
0.804
0.798
0.827
0.874
0.871
0.815
0.824
0.823
0.82
0.822
0.802
0.799
0.78
0.767
0.783
0.779
0.806
0.863
0.874
0.865
0.858
0.862
0.84
0.813
0.807
0.828
0.826
0.86
0.88
0.867
0.888
0.916
0.923
0.888
0.85
0.844
0.852
0.853
0.856
0.836
0.801
0.793
0.788
0.771
0.78
0.796
0.782
0.79
0.835
0.871
0.871
0.89
0.904
0.883
0.881
0.868
0.839
0.861
0.897
0.885
0.894
0.916
0.922
0.915
0.921
0.9
0.899
0.912
0.915
0.901
0.905
0.882
0.832
0.822
0.823
0.852
0.872
0.857
0.865
0.884
0.89
0.854
0.785
0.805
0.791
0.779
0.78
0.796
0.8
0.812
0.809
0.789
0.79
0.806
0.822
0.794
0.765
0.759
0.77
0.799
0.852
0.889
0.908
0.901
0.889
0.904
0.918
0.892
0.855
0.866
0.875
0.878
0.834
0.837
0.841
0.864
0.892
0.917
0.923
0.937
0.947
0.962
0.971
0.968
0.967
0.967
0.959
0.922
0.834
0.815
0.855
0.888
0.904
0.923
0.94
0.924
0.916
0.894
0.892
0.88
0.878
0.853
0.843
0.855
0.866
0.893
0.935
0.942
0.933
0.899
0.892
0.875
0.866
0.864
0.869
0.88
0.881
0.89
0.9
0.912
0.86
0.869
0.882
0.884
0.857
0.843
0.847
0.866
0.857
0.862
0.854
0.841
0.829
0.831
0.829
0.791
0.789
0.829
0.833
0.814
0.811
0.818
0.812
0.811
0.802
0.814
0.821
0.807
0.793
0.784
0.762
0.764
0.777
0.785
0.791
0.786
0.773
0.779
0.79
0.809
0.841
0.851
0.888
0.892
0.894
0.875
0.86
0.854
0.843
0.836
0.81
0.798
0.799
0.823
0.845
0.857
0.855
0.854
0.856
0.812
0.794
0.799
0.799
0.81
0.824
0.816
0.818
0.804
0.828
0.822
0.768
0.78
0.767
0.772
0.762
0.775
0.794
0.81
0.823
0.832
0.836
0.798
0.814
0.825
0.827
0.835
0.841
0.846
0.842
0.803
0.8
0.799
0.814
0.834
0.831
0.815
0.808
0.824
0.81
0.832
0.834
0.834
0.805
0.831
0.839
0.857
0.816
0.835
0.843
0.867
0.87
0.877
0.906
0.939
0.944
0.945
0.903
0.925
0.94
0.904
0.932
0.927
0.918
0.922
0.943
0.964
0.914
0.938
0.92
0.921
0.939
0.934
0.907
0.92
0.927
0.875
0.89
0.9
0.884
0.88
0.901
0.909
0.886
0.891
0.904
0.916
0.88
0.893
0.918
0.934
0.926
0.886
0.882
0.882
0.869
0.885
0.865
0.889
0.894
0.916
0.938
0.932
0.879
0.896
0.894
0.881
0.884
0.891
0.89
0.897
0.904
0.895
0.899
0.85
0.864
0.879
0.883
0.875
0.813
0.818
0.875
0.922
0.956
0.977
0.961
0.954
0.932
0.924
0.909
0.904
0.903
0.884
0.855
0.843
0.851
0.875
0.907
0.928
0.932
0.913
0.915
0.913
0.915
0.901
0.861
0.892
0.904
0.919
0.912
0.918
0.932
0.927
0.903
0.928
0.932
0.908
0.925
0.942
0.949
0.929
0.875
0.888
0.906
0.883
0.905
0.936
0.963
0.969
0.937
0.963
0.961
0.958
0.929
0.89
0.869
0.847
0.846
0.823
0.806
0.825
0.847
0.854
0.894
0.916
0.882
0.909
0.92
0.868
0.859
0.859
0.866
0.853
0.847
0.856
0.857
0.866
0.874
0.899
0.9
0.873
0.868
0.859
0.856
0.857
0.832
0.869
0.901
0.903
0.891
0.914
0.928
0.884
0.893
0.907
0.931
0.908
0.894
0.908
0.917
0.9
0.91
0.923
0.935
0.925
0.902
0.915
0.917
0.865
0.859
0.844
0.84
0.845
0.869
0.899
0.887
0.92
0.932
0.944
0.912
0.908
0.892
0.859
0.813
0.762
0.828
0.856
0.86
0.909
0.921
0.918
0.901
0.888
0.876
0.868
0.861
0.868
0.858
0.852
0.859
0.866
0.846
0.854
0.866
0.894
0.916
0.918
0.897
0.873
0.833
0.847
0.858
0.85
0.882
0.895
0.916
0.892
0.883
0.861
0.846
0.827
0.814
0.812
0.803
0.808
0.832
0.853
0.843
0.868
0.886
0.891
0.871
0.885
0.891
0.9
0.914
0.886
0.887
0.9
0.921
0.882
0.89
0.911
0.927
0.923
0.91
0.933
0.933
0.928
0.896
0.884
0.904
0.903
0.874
0.894
0.925
0.905
0.927
0.928
0.945
0.909
0.928
0.933
0.939
0.928
0.903
0.934
0.951
0.906
0.908
0.93
0.937
0.929
0.949
0.954
0.97
0.977
0.963
0.963
0.952
0.955
0.931
0.926
0.943
0.937
0.911
0.938
0.937
0.936
0.902
0.917
0.92
0.921
0.905
0.929
0.945
0.944
0.889
0.91
0.917
0.897
0.927
0.942
0.947
0.918
0.946
0.941
0.916
0.915
0.916
0.924
0.876
0.914
0.939
0.957
0.893
0.914
0.876
0.9
0.911
0.923
0.929
0.948
0.94
0.922
0.886
0.91
0.904
0.883
0.896
0.913
0.933
0.886
0.915
0.938
0.903
0.916
0.938
0.948
0.91
0.935
0.934
0.94
0.9
0.897
0.892
0.897
0.882
0.926
0.944
0.956
0.921
0.945
0.95
0.95
0.912
0.946
0.922
0.904
0.931
0.945
0.939
0.884
0.912
0.936
0.961
0.922
0.935
0.955
0.952
0.923
0.896
0.93
0.92
0.875
0.908
0.924
0.932
0.897
0.935
0.95
0.938
0.912
0.885
0.871
0.837
0.849
0.875
0.886
0.909
0.916
0.885
0.893
0.916
0.922
0.88
0.884
0.865
0.881
0.905
0.942
0.972
0.933
0.959
0.968
0.967
0.917
0.927
0.922
0.916
0.885
0.891
0.917
0.91
0.91
0.885
0.901
0.916
0.912
0.896
0.897
0.905
0.928
0.915
0.903
0.944
0.948
0.918
0.878
0.847
0.874
0.887
0.912
0.865
0.864
0.882
0.905
0.9
0.885
0.871
0.912
0.881
0.849
0.878
0.887
0.883
0.865
0.81
0.839
0.839
0.876
0.876
0.916
0.932
0.946
0.926
0.938
0.958
0.956
0.923
0.934
0.941
0.93
0.923
0.904
0.888
0.875
0.833
0.831
0.836
0.855
0.873
0.886
0.888
0.889
0.9
0.875
0.871
0.854
0.852
0.814
0.814
0.8
0.787
0.802
0.828
0.866
0.892
0.867
0.834
0.808
0.798
0.781
0.801
0.808
0.813
0.787
0.788
0.792
0.833
0.835
0.834
0.831
0.794
0.786
0.81
0.827
0.833
0.85
0.867
0.866
0.831
0.85
0.845
0.854
0.847
0.833
0.847
0.868
0.881
0.847
0.861
0.864
0.888
0.894
0.903
0.859
0.868
0.873
0.884
0.902
0.91
0.91
0.898
0.873
0.858
0.857
0.838
0.854
0.862
0.851
0.852
0.869
0.868
0.861
0.836
0.827
0.797
0.815
0.819
0.841
0.86
0.889
0.894
0.901
0.875
0.862
0.855
0.844
0.85
0.818
0.848
0.865
0.864
0.869
0.887
0.899
0.89
0.871
0.877
0.88
0.877
0.833
0.85
0.861
0.872
0.842
0.87
0.867
0.881
0.865
0.877
0.888
0.882
0.845
0.858
0.86
0.871
0.841
0.842
0.868
0.886
0.908
0.914
0.905
0.882
0.853
0.823
0.791
0.778
0.77
0.759
0.747
0.737
0.773
0.824
0.87
0.863
0.883
0.906
0.923
0.915
0.935
0.92
0.921
0.921
0.9
0.903
0.884
0.89
0.909
0.89
0.902
0.905
0.904
0.899
0.853
0.875
0.9
0.933
0.928
0.92
0.904
0.834
0.835
0.851
0.881
0.905
0.907
0.906
0.892
0.865
0.868
0.865
0.863
0.846
0.877
0.899
0.91
0.905
0.891
0.875
0.853
0.855
0.856
0.85
0.849
0.835
0.836
0.804
0.817
0.801
0.787
0.772
0.773
0.786
0.781
0.772
0.763
0.759
0.763
0.756
0.746
0.742
0.732
0.736
0.752
0.763
0.784
0.785
0.785
0.796
0.809
0.793
0.782
0.782
0.779
0.774
0.794
0.794
0.782
0.802
0.819
0.826
0.811
0.84
0.847
0.852
0.838
0.842
0.844
0.826
0.784
0.777
0.79
0.793
0.788
0.811
0.856
0.87
0.901
0.923
0.939
0.949
0.953
0.935
0.919
0.924
0.942
0.949
0.941
0.914
0.868
0.877
0.905
0.916
0.907
0.875
0.854
0.871
0.876
0.854
0.841
0.824
0.81
0.822
0.855
0.869
0.852
0.852
0.864
0.873
0.858
0.837
0.858
0.857
0.852
0.839
0.841
0.83
0.85
0.842
0.866
0.9
0.887
0.881
0.88
0.883
0.861
0.847
0.855
0.859
0.868
0.872
0.919
0.941
0.947
0.925
0.912
0.904
0.914
0.929
0.907
0.895
0.873
0.873
0.854
0.833
0.848
0.864
0.871
0.874
0.937
0.975
0.947
0.904
0.91
0.919
0.896
0.859
0.869
0.89
0.918
0.898
0.934
0.968
0.982
0.956
0.958
0.956
0.949
0.907
0.91
0.923
0.907
0.884
0.898
0.906
0.911
0.876
0.889
0.897
0.898
0.871
0.873
0.907
0.93
0.943
0.918
0.922
0.932
0.936
0.918
0.94
0.935
0.909
0.896
0.916
0.935
0.939
0.951
0.967
0.929
0.92
0.931
0.922
0.898
0.916
0.93
0.936
0.901
0.94
0.932
0.872
0.785
0.84
0.839
0.841
0.841
0.826
0.843
0.857
0.829
0.835
0.841
0.84
0.834
0.845
0.849
0.851
0.843
0.863
0.884
0.896
0.885
0.879
0.904
0.909
0.924
0.927
0.928
0.932
0.927
0.896
0.906
0.915
0.907
0.891
0.893
0.903
0.875
0.835
0.831
0.837
0.866
0.868
0.858
0.891
0.913
0.885
0.886
0.9
0.908
0.869
0.875
0.89
0.887
0.877
0.895
0.895
0.889
0.883
0.89
0.864
0.797
0.83
0.832
0.834
0.829
0.822
0.836
0.835
0.83
0.81
0.809
0.806
0.8
0.781
0.788
0.79
0.777
0.791
0.787
0.783
0.787
0.785
0.776
0.778
0.77
0.764
0.766
0.773
0.781
0.78
0.772
0.765
0.77
0.775
0.786
0.812
0.814
0.834
0.849
0.862
0.894
0.863
0.874
0.849
0.831
0.845
0.858
0.855
0.852
0.888
0.905
0.899
0.885
0.903
0.908
0.874
0.867
0.886
0.896
0.862
0.835
0.829
0.816
0.822
0.84
0.824
0.832
0.856
0.857
0.85
0.842
0.863
0.877
0.882
0.866
0.839
0.864
0.873
0.864
0.856
0.913
0.925
0.91
0.897
0.932
0.935
0.937
0.912
0.916
0.925
0.928
0.891
0.889
0.896
0.913
0.895
0.877
0.861
0.886
0.886
0.882
0.915
0.926
0.908
0.888
0.918
0.74136
0.934
0.913
0.937
0.8391062
0.7879368
0.927
0.7899766
0.772676
0.7331697
0.911
0.937
0.8707963
0.937
0.89
0.906
0.929
0.7938026
0.927
0.916
0.6478522
0.8050399
0.898
0.845
0.849
0.866
0.892
0.887
0.865
0.895
0.927
0.7338508
0.924
0.877
0.851
0.858
0.866
0.881
0.871
0.883
0.922
0.929
0.914
0.893
0.92
0.932
0.912
0.887
0.908
0.915
0.919
0.89
0.878
0.896
0.905
0.872
0.89
0.917
0.913
0.876
0.882
0.893
0.881
0.848
0.812
0.751
0.875
0.868
0.821
0.816
0.799
0.78
0.758
0.755
0.749
0.738
0.726
0.725
0.724
0.71
0.687
0.708
0.695
0.688
0.688
0.665
0.662
0.658
0.678
0.681
0.693
0.706
0.708
0.705
0.688
0.694
0.696
0.681
0.677
0.677
0.675
0.682
0.676
0.676
0.667
0.658
0.652
0.648
0.649
0.649
0.644
0.64
0.639
0.634
0.638
0.65
0.668
0.637
0.649
0.654
0.655
0.656
0.66
0.662
0.7
0.662
0.658
0.658
0.651
0.649
0.646
0.649
0.641
0.646
0.641
0.638
0.634
0.64
0.635
0.639
0.637
0.641
0.638
0.634
0.63
0.631
0.628
0.627
0.621
0.617
0.62
0.62
0.624
0.618
0.617
0.618
0.622
0.617
0.619
0.621
0.614
0.616
0.617
0.612
0.614
0.618
0.615
0.612
0.615
0.614
0.614
0.616
0.611
0.613
0.612
0.611
0.607
0.605
0.597
0.596
0.595
0.587
0.585
0.583
0.583
0.584
0.581
0.575
0.578
0.577
0.578
0.574
0.575
0.576
0.573
0.569
0.568
0.568
0.57
0.571
0.57
0.572
0.572
0.57
0.571
0.573
0.576
0.576
0.571
0.573
0.577
0.581
0.582
0.577
0.58
0.58
0.581
0.578
0.578
0.576
0.574
0.573
0.574
0.578
0.578
0.579
0.583
0.581
0.581
0.579
0.578
0.574
0.569
0.569
0.571
0.568
0.566
0.567
0.565
0.6769071
0.7270606
0.6794189
0.6969684
0.7031182
0.6405171
0.7894572
0.74911
0.6729516
0.8140757
0.7652985
0.7227637
0.7929997
0.792026
0.7887193
0.7809071
0.7729905
0.7366946
0.72233
0.717967
0.6994635
0.7282119
0.6658668
0.8684887
0.8118364
0.674366
0.7168874
0.7131629
0.786737
0.7358487
0.7557486
0.7391616
0.7383572
0.8216591
0.7276513
0.8304661
0.6496964
0.578
0.7756292
0.7484951
0.7539733
0.7636765
0.7116984
0.7217226
0.6813429
0.6782535
0.7594322
0.768018
0.7447576
0.796087
0.8626689
0.7128267
0.6056327
0.8012301
0.7001253
0.701433
0.8025729
0.7253369
0.566
0.576
0.58
0.583
0.583
0.582
0.578
0.61
0.578
0.569
0.572
0.576
0.583
0.588
0.586
0.584
0.586
0.586
0.594
0.595
0.592
0.6
0.631
0.626
0.611
0.625
0.608
0.63
0.632
0.631
0.605
0.606
0.629
0.622
0.594
0.594
0.596
0.594
0.595
0.603
0.644
0.652
0.651
0.656
0.664
0.658
0.658
0.667
0.678
0.678
0.673
0.675
0.687
0.697
0.698
0.695
0.702
0.714
0.723
0.713
0.682
0.702
0.706
0.708
0.676
0.669
0.662
0.725
0.813
0.912
0.916
0.831
0.828
0.817
0.796
0.751
0.741
0.755
0.769
0.762
0.75
0.763
0.772
0.757
0.737
0.765
0.774
0.755
0.74
0.755
0.78
0.762
0.747
0.742
0.763
0.75
0.744
0.779
0.817
0.811
0.801
0.794
0.79
0.771
0.757
0.767
0.79
0.794
0.792
0.803
0.821
0.818
0.793
0.791
0.816
0.836
0.816
0.791
0.831
0.822
0.808
0.779
0.791
0.804
0.797
0.775
0.76
0.755
0.77
0.753
0.737
0.744
0.772
0.805
0.774
0.764
0.789
0.79
0.757
0.75
0.78
0.795
0.775
0.767
0.79
0.809
0.793
0.791
0.819
0.835
0.813
0.802
0.811
0.839
0.86
0.836
0.831
0.856
0.863
0.828
0.844
0.876
0.839
0.817
0.835
0.862
0.854
0.884
0.928
0.873
0.847
0.85
0.867
0.844
0.822
0.85
0.841
0.802
0.791
0.818
0.865
0.862
0.834
0.837
0.863
0.859
0.825
0.837
0.853
0.85
0.828
0.821
0.832
0.811
0.793
0.826
0.883
0.932
0.898
0.892
0.909
0.915
0.865
0.849
0.867
0.889
0.877
0.886
0.921
0.944
0.901
0.902
0.927
0.923
0.881
0.894
0.936
0.9
0.849
0.888
0.844
0.835
0.869
0.88
0.85
0.845
0.881
0.859
0.805
0.797
0.815
0.795
0.782
0.792
0.875
0.885
0.881
0.895
0.933
0.912
0.858
0.865
0.831
0.777
0.794
0.8
0.784
0.775
0.798
0.809
0.777
0.771
0.801
0.808
0.814
0.791
0.834
0.855
0.878
0.841
0.842
0.892
0.872
0.838
0.842
0.893
0.859
0.836
0.856
0.851
0.835
0.841
0.876
0.876
0.845
0.855
0.913
0.919
0.869
0.871
0.905
0.899
0.833
0.824
0.86
0.855
0.834
0.791
0.818
0.825
0.849
0.833
0.872
0.887
0.873
0.831
0.801
0.821
0.805
0.79
0.784
0.817
0.831
0.829
0.856
0.881
0.882
0.87
0.863
0.87
0.869
0.872
0.883
0.904
0.907
0.868
0.894
0.916
0.938
0.92
0.961
0.96
0.929
0.93
0.935
0.954
0.911
0.935
0.944
0.958
0.892
0.913
0.911
0.935
0.895
0.944
0.954
0.978
0.935
0.956
0.948
0.883
0.877
0.876
0.896
0.911
0.935
0.871
0.873
0.88
0.908
0.905
0.843
0.846
0.825
0.835
0.84
0.857
0.839
0.848
0.867
0.887
0.885
0.885
0.909
0.94
0.955
0.933
0.934
0.926
0.928
0.893
0.876
0.878
0.899
0.91
0.891
0.915
0.955
0.968
0.929
0.88
0.868
0.868
0.859
0.84
0.845
0.875
0.916
0.922
0.903
0.92
0.928
0.922
0.894
0.889
0.899
0.913
0.878
0.878
0.888
0.904
0.887
0.87
0.901
0.934
0.949
0.917
0.919
0.924
0.941
0.915
0.906
0.926
0.941
0.909
0.89
0.903
0.918
0.908
0.89
0.91
0.926
0.887
0.856
0.855
0.873
0.851
0.844
0.872
0.938
0.969
0.93
0.923
0.932
0.933
0.892
0.89
0.898
0.917
0.898
0.908
0.939
0.972
0.946
0.912
0.917
0.931
0.943
0.93
0.923
0.944
0.948
0.916
0.916
0.915
0.895
0.856
0.785
0.813
0.788
0.794
0.807
0.81
0.791
0.805
0.8
0.8
0.8
0.807
0.798
0.794
0.814
0.822
0.817
0.797
0.8
0.809
0.815
0.791
0.805
0.819
0.853
0.853
0.831
0.851
0.845
0.848
0.85
0.846
0.86
0.865
0.836
0.817
0.816
0.82
0.808
0.827
0.82
0.822
0.793
0.776
0.767
0.756
0.75
0.736
0.746
0.8398898
0.9232122
0.9049446
0.821
0.764
0.763
0.777
0.796
0.824
0.844
0.87
0.894
0.887
0.846
0.852
0.856
0.862
0.85
0.839
0.823
0.833
