0.756
0.765
0.767
0.757
0.762
0.772
0.773
0.768
0.771
0.778
0.781
0.782
0.787
0.793
0.79
0.776
0.777
0.785
0.781
0.766
0.761
0.768
0.773
0.761
0.757
0.764
0.771
0.762
0.761
0.775
0.776
0.763
0.765
0.772
0.769
0.76
0.764
0.776
0.763
0.761
0.775
0.776
0.767
0.773
0.778
0.763
0.762
0.777
0.771
0.763
0.774
0.78
0.763
0.763
0.779
0.776
0.771
0.773
0.782
0.766
0.765
0.774
0.774
0.759
0.762
0.775
0.771
0.76
0.766
0.772
0.755
0.756
0.767
0.768
0.758
0.762
0.773
0.771
0.766
0.779
0.79
0.775
0.774
0.782
0.782
0.77
0.775
0.785
0.778
0.763
0.774
0.779
0.759
0.758
0.768
0.777
0.761
0.765
0.776
0.774
0.761
0.766
0.782
0.769
0.761
0.766
0.779
0.761
0.759
0.767
0.776
0.762
0.761
0.773
0.775
0.762
0.768
0.775
0.755
0.759
0.768
0.771
0.756
0.76
0.769
0.757
0.756
0.762
0.777
0.766
0.759
0.767
0.771
0.752
0.753
0.769
0.769
0.756
0.76
0.772
0.771
0.752
0.757
0.772
0.77
0.753
0.759
0.769
0.77
0.751
0.754
0.767
0.772
0.755
0.762
0.771
0.778
0.767
0.763
0.777
0.777
0.757
0.759
0.767
0.773
0.763
0.769
0.78
0.77
0.765
0.776
0.783
0.772
0.765
0.775
0.78
0.759
0.759
0.768
0.767
0.751
0.757
0.768
0.767
0.76
0.769
0.778
0.762
0.754
0.765
0.77
0.749
0.754
0.767
0.774
0.753
0.757
0.769
0.769
0.754
0.769
0.78
0.771
0.764
0.771
0.779
0.781
0.761
0.771
0.779
0.769
0.76
0.768
0.778
0.775
0.765
0.777
0.787
0.778
0.767
0.781
0.792
0.793
0.772
0.777
0.789
0.785
0.767
0.77
0.783
0.784
0.762
0.766
0.782
0.789
0.767
0.773
0.783
0.791
0.771
0.777
0.784
0.792
0.771
0.771
0.786
0.789
0.776
0.77
0.778
0.787
0.778
0.77
0.777
0.782
0.774
0.759
0.771
0.771
0.775
0.755
0.757
0.769
0.777
0.762
0.772
0.779
0.782
0.765
0.772
0.778
0.778
0.77
0.763
0.768
0.773
0.766
0.754
0.756
0.762
0.763
0.755
0.762
0.772
0.776
0.76
0.76
0.765
0.766
0.753
0.756
0.769
0.77
0.758
0.77
0.775
0.773
0.765
0.773
0.777
0.774
0.765
0.771
0.78
0.776
0.769
0.776
0.783
0.785
0.776
0.779
0.789
0.789
0.779
0.78
0.782
0.78
0.767
0.776
0.783
0.78
0.763
0.775
0.782
0.77
0.761
0.764
0.772
0.77
0.754
0.759
0.768
0.767
0.75
0.755
0.763
0.752
0.747
0.756
0.764
0.751
0.75
0.761
0.768
0.764
0.756
0.764
0.773
0.757
0.754
0.764
0.775
0.757
0.758
0.767
0.772
0.762
0.752
0.76
0.767
0.748
0.748
0.758
0.765
0.748
0.746
0.752
0.763
0.759
0.75
0.753
0.764
0.765
0.75
0.753
0.767
0.765
0.745
0.75
0.762
0.76
0.749
0.756
0.766
0.767
0.751
0.755
0.765
0.765
0.749
0.756
0.764
0.762
0.747
0.755
0.765
0.759
0.746
0.745
0.751
0.764
0.772
0.761
0.766
0.776
0.784
0.764
0.77
0.774
0.776
0.773
0.757
0.763
0.769
0.77
0.763
0.75
0.764
0.773
0.769
0.761
0.77
0.782
0.78
0.762
0.761
0.772
0.772
0.756
0.756
0.767
0.769
0.748
0.755
0.768
0.765
0.753
0.758
0.768
0.771
0.759
0.764
0.775
0.774
0.755
0.764
0.77
0.767
0.747
0.755
0.767
0.769
0.75
0.756
0.766
0.771
0.757
0.758
0.77
0.776
0.771
0.768
0.778
0.788
0.781
0.771
0.778
0.785
0.7277618
0.7270074
0.781
0.767
0.76
0.699
0.699
0.694
0.689
0.663
0.666
0.67
0.678
0.659
0.7169613
0.661
0.661
0.654
0.654
0.653
0.655
0.651
0.651
0.657
0.654
0.646
0.656
0.665
0.666
0.674
0.676
0.665
0.675
0.644
0.658
0.667
0.68
0.683
0.685
0.689
0.703
0.714
0.72
0.722
0.729
0.709
0.698
0.697
0.698
0.698
0.697
0.671
0.674
0.666
0.666
0.664
0.666
0.664
0.663
0.659
0.664
0.666
0.666
0.666
0.674
0.668
0.674
0.675
0.677
0.673
0.674
0.677
0.671
0.676
0.661
0.666
0.661
0.661
0.662
0.657
0.665
0.656
0.663
0.658
0.659
0.666
0.659
0.653
0.649
0.652
0.65
0.654
0.653
0.651
0.659
0.661
0.657
0.649
0.651
0.641
0.639
0.639
0.639
0.627
0.625
0.627
0.63
0.635
0.626
0.624
0.628
0.631
0.622
0.623
0.622
0.619
0.613
0.614
0.608
0.611
0.601
0.602
0.597
0.602
0.597
0.593
0.586
0.594
0.587
0.583
0.58
0.587
0.582
0.577
0.576
0.581
0.571
0.574
0.575
0.581
0.578
0.576
0.569
0.579
0.574
0.573
0.571
0.579
0.578
0.572
0.575
0.58
0.576
0.572
0.574
0.577
0.572
0.568
0.566
0.575
0.569
0.567
0.566
0.574
0.563
0.561
0.561
0.567
0.562
0.56
0.559
0.564
0.559
0.555
0.55
0.559
0.558
0.556
0.552
0.563
0.559
0.555
0.551
0.562
0.556
0.554
0.553
0.559
0.558
0.557
0.553
0.553
0.555
0.558
0.555
0.554
0.558
0.552
0.548
0.552
0.552
0.555
0.547
0.548
0.551
0.555
0.549
0.549
0.554
0.553
0.556
0.545
0.554
0.55
0.554
0.545
0.556
0.555
0.549
0.548
0.552
0.555
0.549
0.543
0.547
0.553
0.547
0.545
0.541
0.552
0.548
0.546
0.544
0.549
0.55
0.551
0.544
0.551
0.552
0.547
0.544
0.55
0.548
0.547
0.545
0.547
0.553
0.558
0.556
0.553
0.562
0.555
0.56
0.564
0.554
0.554
0.572
0.571
0.56
0.562
0.557
0.557
0.557
0.557
0.555
0.553
0.556
0.564
0.571
0.576
0.575
0.575
0.575
0.583
0.573
0.57
0.573
0.562
0.56
0.564
0.56
0.566
0.566
0.556
0.562
0.561
0.561
0.564
0.569
0.57
0.572
0.574
0.58
0.576
0.582
0.582
0.587
0.584
0.589
0.588
0.595
0.59
0.597
0.596
0.606
0.595
0.601
0.605
0.609
0.606
0.609
0.616
0.614
0.611
0.604
0.6
0.586
0.583
0.588
0.588
0.579
0.582
0.584
0.585
0.589
0.591
0.594
0.598
0.601
0.603
0.606
0.618
0.613
0.621
0.625
0.625
0.641
0.644
0.64
0.633
0.634
0.64
0.639
0.618
0.624
0.625
0.625
0.625
0.617
0.615
0.609
0.604
0.614
0.619
0.61
0.614
0.623
0.623
0.624
0.625
0.633
0.636
0.635
0.639
0.647
0.649
0.656
0.66
0.677
0.666
0.67
0.661
0.659
0.657
0.642
0.653
0.657
0.655
0.653
0.665
0.68
0.671
0.672
0.682
0.69
0.681
0.68
0.691
0.693
0.675
0.682
0.696
0.686
0.685
0.687
0.701
0.691
0.69
0.693
0.705
0.683
0.679
0.691
0.697
0.678
0.68
0.694
0.702
0.685
0.688
0.701
0.705
0.69
0.697
0.71
0.71
0.697
0.704
0.711
0.705
0.693
0.703
0.71
0.708
0.696
0.696
0.707
0.692
0.697
0.711
0.709
0.707
0.708
0.723
0.716
0.709
0.708
0.718
0.718
0.711
0.713
0.722
0.718
0.709
0.716
0.724
0.707
0.709
0.719
0.727
0.71
0.714
0.729
0.729
0.719
0.723
0.73
0.731
0.715
0.717
0.727
0.713
0.708
0.72
0.723
0.711
0.71
0.727
0.718
0.714
0.723
0.734
0.718
0.718
0.733
0.732
0.721
0.723
0.737
0.728
0.721
0.727
0.74
0.724
0.719
0.729
0.736
0.723
0.717
0.724
0.731
0.718
0.719
0.74
0.742
0.725
0.723
0.735
0.729
0.717
0.721
0.731
0.718
0.714
0.729
0.725
0.714
0.717
0.728
0.72
0.719
0.727
0.736
0.718
0.725
0.737
0.731
0.718
0.724
0.735
0.724
0.717
0.724
0.732
0.723
0.72
0.718
0.71
0.705
0.704
0.7
0.709
0.721
0.716
0.713
0.719
0.733
0.728
0.718
0.72
0.731
0.729
0.718
0.726
0.739
0.734
0.725
0.732
0.741
0.737
0.728
0.733
0.744
0.745
0.73
0.725
0.74
0.743
0.731
0.733
0.746
0.752
0.733
0.733
0.747
0.75
0.731
0.734
0.743
0.741
0.725
0.73
0.741
0.738
0.719
0.722
0.739
0.745
0.729
0.727
0.736
0.744
0.73
0.726
0.735
0.745
0.736
0.726
0.735
0.743
0.727
0.728
0.731
0.743
0.738
0.729
0.731
0.744
0.75
0.741
0.744
0.75
0.75
0.731
0.737
0.745
0.743
0.727
0.73
0.739
0.741
0.726
0.731
0.744
0.748
0.732
0.731
0.741
0.745
0.737
0.729
0.74
0.744
0.738
0.725
0.731
0.715
0.712
0.712
0.709
0.702
0.699
0.695
0.699
0.72
0.73
0.719
0.724
0.737
0.745
0.73
0.73
0.744
0.743
0.73
0.736
0.749
0.747
0.737
0.749
0.758
0.754
0.742
0.752
0.756
0.739
0.739
0.749
0.755
0.749
0.737
0.736
0.746
0.751
0.752
0.738
0.74
0.75
0.75
0.736
0.745
0.756
0.756
0.752
0.748
0.758
0.763
0.765
0.745
0.745
0.757
0.76
0.74
0.735
0.747
0.75
0.73
0.733
0.744
0.75
0.731
0.73
0.742
0.744
0.731
0.734
0.747
0.751
0.741
0.749
0.759
0.764
0.742
0.744
0.758
0.76
0.751
0.748
0.755
0.762
0.761
0.749
0.757
0.767
0.762
0.747
0.752
0.758
0.756
0.747
0.751
0.757
0.761
0.743
0.746
0.759
0.759
0.748
0.741
0.751
0.756
0.75
0.741
0.743
0.753
0.756
0.74
0.745
0.753
0.752
0.733
0.726
0.714
0.718
0.731
0.743
0.745
0.742
0.75
0.764
0.768
0.753
0.752
0.763
0.765
0.75
0.75
0.763
0.764
0.75
0.752
0.764
0.759
0.748
0.752
0.762
0.754
0.733
0.734
0.745
0.736
0.727
0.735
0.747
0.745
0.732
0.741
0.75
0.731
0.73
0.741
0.739
0.721
0.725
0.735
0.735
0.725
0.732
0.744
0.744
0.723
0.73
0.742
0.745
0.73
0.722
0.73
0.726
0.733
0.716
0.713
0.732
0.72
0.727
0.73
0.71
0.714
0.725
0.729
0.731
0.733
0.734
0.725
0.722
0.735
0.736
0.723
0.718
0.731
0.739
0.74
0.726
0.726
0.74
0.744
0.727
0.715
0.705
0.708
0.706
0.709
0.711
0.718
0.704
0.717
0.722
0.732
0.728
0.728
0.731
0.74
0.742
0.743
0.731
0.756
0.75
0.732
0.746
0.753
0.747
0.72
0.717
0.73
0.734
0.735
0.727
0.727
0.743
0.755
0.757
0.739
0.725
0.751
0.751
0.755
0.758
0.762
0.76
0.753
0.764
0.763
0.766
0.78
0.784
0.778
0.757
0.784
0.78
0.775
0.77
0.773
0.746
0.71
0.713
0.725
0.734
0.749
0.755
0.744
0.736
0.743
0.736
0.751
0.763
0.766
0.77
0.767
0.765
0.755
0.727
0.71
0.726
0.7
0.69
0.697
0.709
0.733
0.742
0.743
0.76
0.731
0.724
0.732
0.733
0.739
0.746
0.75
0.758
0.764
0.758
0.769
0.767
0.769
0.785
0.791
0.778
0.767
0.775
0.776
0.778
0.786
0.792
0.787
0.786
0.771
0.742
0.726
0.724
