0.748
0.752
0.753
0.748
0.745
0.748
0.738
0.746
0.76
0.7470951
0.828
0.7486683
0.832
0.818
0.848
0.835
0.821
0.822
0.811
0.806
0.79
0.788
0.768
0.762
0.726
0.725
0.722
0.699
0.703
0.695
0.706
0.687
0.695
0.692
0.694
0.685
0.68
0.697
0.682
0.687
0.701
0.703
0.709
0.716
0.735
0.755
0.756
0.756
0.782
0.779
0.779
0.776
0.776
0.774
0.753
0.78
0.788
0.779
0.768
0.766
0.736
0.718
0.716
0.725
0.749
0.735
0.76
0.773
0.774
0.775
0.811
0.819
0.828
0.805
0.854
0.835
0.822
0.819
0.829
0.814
0.796
0.82
0.828
0.829
0.81
0.836
0.838
0.818
0.794
0.814
0.8
0.797
0.781
0.78
0.797
0.794
0.8
0.781
0.794
0.801
0.786
0.785
0.829
0.807
0.802
0.836
0.842
0.824
0.82
0.833
0.824
0.829
0.8
0.815
0.819
0.797
0.807
0.817
0.834
0.812
0.806
0.828
0.808
0.8
0.791
0.792
0.786
0.77
0.789
0.791
0.81
0.792
0.81
0.811
0.801
0.834
0.872
0.859
0.842
0.88
0.875
0.847
0.82
0.841
0.829
0.806
0.811
0.859
0.853
0.833
0.812
0.828
0.844
0.819
0.808
0.827
0.82
0.824
0.831
0.834
0.838
0.805
0.796
0.807
0.822
0.803
0.79
0.793
0.808
0.804
0.802
0.813
0.82
0.817
0.821
0.823
0.824
0.828
0.817
0.824
0.828
0.834
0.81
0.823
0.831
0.828
0.828
0.834
0.817
0.808
0.83
0.804
0.796
0.808
0.805
0.804
0.8
0.805
0.818
0.795
0.788
0.809
0.814
0.794
0.802
0.8
0.818
0.821
0.795
0.809
0.818
0.819
0.794
0.827
0.822
0.819
0.807
0.844
0.82
0.831
0.796
0.82
0.839
0.811
0.808
0.823
0.833
0.8
0.805
0.808
0.801
0.788
0.805
0.813
0.826
0.797
0.796
0.812
0.825
0.791
0.822
0.809
0.792
0.784
0.79
0.815
0.803
0.791
0.793
0.805
0.817
0.784
0.796
0.81
0.808
0.795
0.805
0.812
0.814
0.802
0.792
0.812
0.81
0.787
0.802
0.804
0.798
0.798
0.808
0.807
0.816
0.806
0.818
0.828
0.805
0.796
0.81
0.81
0.794
0.8
0.809
0.812
0.802
0.795
0.805
0.812
0.809
0.791
0.794
0.787
0.78
0.772
0.785
0.781
0.786
0.766
0.764
0.766
0.768
0.765
0.756
0.791
0.791
0.79
0.797
0.824
0.831
0.799
0.801
0.798
0.826
0.802
0.797
0.826
0.804
0.817
0.822
0.819
0.814
0.832
0.841
0.796
0.819
0.818
0.793
0.777
0.798
0.79
0.788
0.782
0.787
0.767
0.755
0.824
0.824
0.832
0.796
0.787
0.759
0.774
0.779
0.763
0.802
0.805
0.825
0.829
0.859
0.875
0.847
0.842
0.86
0.875
0.867
0.834
0.848
0.862
0.845
0.833
0.841
0.841
0.824
0.805
0.791
0.79
0.802
0.788
0.774
0.795
0.788
0.783
0.795
0.796
0.795
0.785
0.798
0.795
0.789
0.786
0.801
0.833
0.828
0.807
0.824
0.834
0.825
0.807
0.812
0.822
0.836
0.804
0.82
0.808
0.819
0.798
0.806
0.808
0.822
0.801
0.801
0.837
0.833
0.821
0.819
0.831
0.842
0.839
0.841
0.868
0.848
0.844
0.854
0.852
0.836
0.816
0.82
0.834
0.842
0.842
0.874
0.863
0.863
0.826
0.856
0.852
0.852
0.835
0.851
0.851
0.833
0.806
0.827
0.831
0.818
0.824
0.837
0.83
0.813
0.813
0.826
0.839
0.832
0.814
0.824
0.825
0.814
0.799
0.808
0.807
0.818
0.803
0.819
0.842
0.833
0.805
0.801
0.812
0.806
0.803
0.821
0.811
0.811
0.805
0.827
0.823
0.813
0.818
0.81
0.795
0.793
0.801
0.787
0.776
0.791
0.789
0.782
0.783
0.813
0.814
0.789
0.798
0.803
0.79
0.773
0.773
0.786
0.782
0.78
0.809
0.825
0.8
0.807
0.818
0.822
0.791
0.822
0.795
0.784
0.786
0.773
0.753
0.752
0.768
0.769
0.775
0.77
0.784
0.794
0.787
0.791
0.795
0.797
0.771
0.775
0.777
0.763
0.748
0.746
0.727
0.727
0.714
0.704
0.699
0.686
0.69
0.69
0.674
0.685
0.677
0.673
0.671
0.666
0.666
0.661
0.657
0.651
0.653
0.643
0.647
0.652
0.656
0.666
0.666
0.662
0.698
0.693
0.691
0.686
0.702
0.696
0.689
0.699
0.699
0.692
0.681
0.679
0.667
0.671
0.674
0.682
0.682
0.692
0.676
0.667
0.669
0.668
0.677
0.665
0.685
0.676
0.684
0.689
0.691
0.687
0.678
0.682
0.687
0.7
0.684
0.673
0.7
0.681
0.701
0.696
0.701
0.712
0.718
0.708
0.734
0.714
0.705
0.72
0.718
0.709
0.729
0.722
0.723
0.722
0.744
0.752
0.717
0.728
0.726
0.709
0.717
0.715
0.707
0.719
0.708
0.708
0.705
0.71
0.682
0.708
0.712
0.697
0.711
0.716
0.706
0.714
0.705
0.698
0.712
0.697
0.677
0.669
0.666
0.683
0.672
0.69
0.695
0.686
0.691
0.678
0.697
0.691
0.68
0.692
0.685
0.673
0.682
0.691
0.689
0.689
0.678
0.689
0.688
0.68
0.677
0.682
0.684
0.675
0.67
0.678
0.673
0.659
0.668
0.673
0.663
0.656
0.664
0.666
0.647
0.663
0.667
0.647
0.647
0.647
0.648
0.627
0.646
0.647
0.633
0.638
0.643
0.649
0.632
0.645
0.654
0.65
0.634
0.649
0.653
0.633
0.647
0.657
0.643
0.638
0.63
0.654
0.637
0.643
0.65
0.649
0.635
0.647
0.651
0.638
0.645
0.65
0.65
0.63
0.647
0.652
0.64
0.641
0.653
0.655
0.631
0.658
0.647
0.64
0.637
0.651
0.638
0.633
0.633
0.647
0.633
0.628
0.636
0.641
0.627
0.629
0.629
0.628
0.629
0.615
0.628
0.629
0.626
0.616
0.64
0.633
0.625
0.616
0.642
0.629
0.63
0.614
0.637
0.627
0.611
0.627
0.627
0.616
0.614
0.625
0.632
0.619
0.609
0.634
0.625
0.615
0.65
0.664
0.661
0.642
0.684
0.642
0.667
0.663
0.669
0.656
0.637
0.632
0.641
0.71
0.693
0.689
0.673
0.684
0.678
0.661
0.668
0.679
0.672
0.653
0.701
0.696
0.68
0.682
0.667
0.663
0.673
0.683
0.685
0.671
0.705
0.695
0.694
0.691
0.728
0.734
0.706
0.738
0.726
0.761
0.719
0.708
0.696
0.696
0.701
0.697
0.686
0.694
0.696
0.702
0.698
0.725
0.724
0.714
0.729
0.744
0.751
0.76
0.832
0.798
0.795
0.776
0.754
0.764
0.786
0.775
0.803
0.808
0.799
0.765
0.797
0.782
0.787
0.792
0.791
0.784
0.769
0.77
0.765
0.773
0.757
0.771
0.765
0.76
0.788
0.801
0.769
0.768
0.773
0.776
0.756
0.761
0.784
0.794
0.778
0.78
0.804
0.787
0.814
0.815
0.791
0.793
0.802
0.799
0.784
0.786
0.781
0.781
0.759
0.757
0.749
0.751
0.73
0.725
0.751
0.742
0.749
0.727
0.713
0.733
0.734
0.733
0.733
0.77
0.78
0.781
0.787
0.796
0.781
0.818
0.8
0.798
0.802
0.785
0.781
0.787
0.829
0.843
0.803
0.795
0.791
0.793
0.802
0.781
0.809
0.829
0.817
0.796
0.794
0.793
0.783
0.79
0.804
0.809
0.791
0.824
0.83
0.819
0.795
0.807
0.801
0.782
0.777
0.791
0.796
0.782
0.806
0.812
0.803
0.795
0.804
0.802
0.79
0.811
0.812
0.804
0.802
0.825
0.811
0.791
0.806
0.801
0.851
0.799
0.84
0.825
0.821
0.789
0.813
0.794
0.787
0.773
0.777
0.791
0.76
0.76
0.79
0.793
0.777
0.758
0.762
0.75
0.738
0.739
0.747
0.75
0.74
0.756
0.76
0.758
0.747
0.765
0.769
0.751
0.748
0.752
0.745
0.734
0.737
0.739
0.747
0.729
0.758
0.758
0.755
0.748
0.745
0.742
0.724
0.71
0.724
0.725
0.715
0.719
0.717
0.702
0.682
0.681
0.698
0.71
0.713
0.718
0.742
0.738
0.742
0.734
0.745
0.755
0.766
0.755
0.749
0.764
0.768
0.763
0.749
0.754
0.768
0.756
0.747
0.768
0.791
0.8
0.768
0.776
0.789
0.793
0.787
0.819
0.844
0.814
0.803
0.821
0.811
0.804
0.79
0.801
0.821
0.794
0.787
0.811
0.787
0.772
0.763
0.772
0.781
0.759
0.754
0.77
0.76
0.76
0.758
0.769
0.778
0.768
0.764
0.768
0.765
0.749
0.748
0.756
0.749
0.742
0.767
0.785
0.776
0.77
0.786
0.78
0.786
0.764
0.763
0.808
0.813
0.792
0.788
0.81
0.806
0.791
0.782
0.798
0.795
0.814
0.778
0.793
0.801
0.801
0.787
0.799
0.799
0.816
0.788
0.78
0.788
0.801
0.784
0.783
0.789
0.809
0.784
0.777
0.792
0.797
0.788
0.776
0.791
0.79
0.791
0.771
0.779
0.774
0.781
0.763
0.774
0.785
0.789
0.772
0.763
0.784
0.787
0.769
0.77
0.79
0.782
0.771
0.772
0.776
0.76
0.766
0.774
0.773
0.762
0.758
0.757
0.744
0.741
0.754
0.763
0.753
0.751
0.751
0.762
0.75
0.766
0.77
0.758
0.766
0.782
0.777
0.767
0.77
0.773
0.77
0.761
0.781
0.782
0.764
0.749
0.75
0.754
0.754
0.755
0.769
0.777
0.763
0.768
0.777
0.799
0.788
0.773
0.778
0.785
0.79
0.775
0.801
0.791
0.777
0.768
0.78
0.773
0.761
0.784
0.781
0.77
0.756
0.765
0.763
0.758
0.75
0.763
0.767
0.755
0.751
0.759
0.756
0.744
0.759
0.758
0.756
0.745
0.763
0.752
0.753
0.753
0.741
0.747
0.743
0.738
0.755
0.758
0.743
0.749
0.76
0.76
0.753
0.769
0.79
0.766
0.765
0.763
0.766
0.766
0.749
0.752
0.75
0.747
0.735
0.748
0.75
0.763
0.749
0.748
0.758
0.78
0.785
0.79
0.802
0.8
0.787
0.799
0.788
0.819
0.777
0.772
0.772
0.762
0.759
0.746
0.756
0.75
0.756
0.739
0.761
0.757
0.762
0.758
0.769
0.783
0.771
0.767
0.779
0.794
0.772
0.766
0.776
0.786
0.78
0.771
0.777
0.775
0.775
0.768
0.779
0.78
0.765
0.763
0.788
0.806
0.782
0.782
0.78
0.77
0.758
0.775
0.844
0.782
0.808
0.82
0.795
0.809
0.794
0.795
0.789
0.786
0.769
0.77
0.767
0.765
0.765
0.768
0.761
0.752
0.756
0.751
0.746
0.762
0.76
0.744
0.75
0.753
0.749
0.759
0.774
0.764
0.778
