0.771
0.78
0.79
0.791
0.779
0.776
0.778
0.777
0.766
0.767
0.774
0.774
0.759
0.761
0.746
0.757
0.749
0.769
0.773
0.758
0.765
0.774
0.781
0.781
0.768
0.778
0.781
0.786
0.79
0.795
0.792
0.78
0.784
0.795
0.803
0.804
0.802
0.804
0.812
0.813
0.795
0.792
0.81
0.812
0.791
0.779
0.77
0.791
0.799
0.809
0.796
0.791
0.794
0.79
0.796
0.791
0.784
0.81
0.823
0.832
0.839
0.837
0.837
0.847
0.852
0.854
0.847
0.833
0.823
0.835
0.828
0.826
0.829
0.819
0.823
0.82
0.818
0.805
0.803
0.811
0.802
0.787
0.777
0.783
0.788
0.782
0.779
0.783
0.8
0.807
0.811
0.801
0.815
0.819
0.819
0.819
0.82
0.81
0.812
0.811
0.808
0.81
0.806
0.792
0.799
0.812
0.818
0.808
0.801
0.786
0.783
0.804
0.816
0.815
0.801
0.809
0.815
0.819
0.801
0.799
0.811
0.815
0.814
0.802
0.806
0.81
0.816
0.806
0.825
0.831
0.835
0.834
0.834
0.834
0.833
0.829
0.825
0.812
0.82
0.824
0.824
0.825
0.809
0.802
0.811
0.804
0.791
0.793
0.797
0.8
0.794
0.779
0.771
0.802
0.778
0.789
0.777
0.791
0.781
0.775
0.779
0.777
0.787
0.781
0.789
0.781
0.804
0.791
0.806
0.803
0.795
0.787
0.795
0.793
0.798
0.8
0.798
0.795
0.809
0.813
0.801
0.797
0.802
0.808
0.809
0.798
0.789
0.792
0.791
0.794
0.785
0.789
0.798
0.803
0.807
0.797
0.793
0.802
0.808
0.813
0.814
0.805
0.804
0.809
0.805
0.799
0.788
0.79
0.794
0.797
0.802
0.797
0.825
0.831
0.832
0.809
0.805
0.805
0.8
0.781
0.793
0.792
0.792
0.784
0.791
0.791
0.8
0.803
0.797
0.803
0.808
0.818
0.82
0.811
0.803
0.808
0.814
0.801
0.783
0.79
0.777
0.805
0.787
0.79
0.801
0.812
0.814
0.804
0.8
0.798
0.803
0.804
0.791
0.787
0.791
0.788
0.78
0.772
0.777
0.785
0.791
0.784
0.784
0.791
0.794
0.791
0.779
0.781
0.801
0.784
0.791
0.791
0.797
0.81
0.811
0.797
0.793
0.803
0.812
0.818
0.799
0.802
0.804
0.808
0.808
0.795
0.794
0.801
0.804
0.797
0.791
0.793
0.801
0.806
0.807
0.795
0.795
0.793
0.791
0.774
0.773
0.782
0.796
0.77
0.788
0.772
0.798
0.772
0.769
0.774
0.786
0.795
0.793
0.796
0.811
0.817
0.808
0.801
0.814
0.818
0.817
0.804
0.801
0.81
0.815
0.8
0.798
0.801
0.807
0.792
0.782
0.784
0.792
0.797
0.797
0.792
0.797
0.802
0.806
0.801
0.791
0.798
0.796
0.797
0.796
0.786
0.792
0.796
0.801
0.804
0.801
0.791
0.8
0.8
0.802
0.794
0.792
0.791
0.79
0.792
0.785
0.777
0.78
0.784
0.789
0.782
0.78
0.791
0.791
0.789
0.791
0.792
0.798
0.795
0.787
0.792
0.798
0.796
0.794
0.793
0.792
0.802
0.808
0.798
0.803
0.801
0.808
0.806
0.796
0.803
0.816
0.818
0.822
0.81
0.81
0.817
0.818
0.806
0.806
0.811
0.812
0.809
0.801
0.792
0.79
0.778
0.779
0.783
0.757
0.777
0.789
0.79
0.788
0.784
0.797
0.798
0.798
0.779
0.784
0.789
0.791
0.808
0.801
0.8
0.81
0.822
0.822
0.808
0.804
0.814
0.811
0.803
0.792
0.784
0.779
0.786
0.789
0.745
0.741
0.754
0.761
0.78
0.786
0.799
0.791
0.8
0.804
0.817
0.834
0.846
0.848
0.852
0.856
0.854
0.853
0.846
0.843
0.843
0.841
0.837
0.833
0.831
0.812
0.795
0.798
0.807
0.808
0.805
0.789
0.791
0.797
0.784
0.779
0.761
0.778
0.789
0.775
0.775
0.787
0.794
0.805
0.812
0.805
0.805
0.808
0.81
0.816
0.815
0.815
0.808
0.815
0.812
0.809
0.804
0.789
0.78
0.785
0.791
0.792
0.777
0.764
0.771
0.793
0.804
0.799
0.791
0.791
0.8
0.806
0.789
0.787
0.797
0.799
0.784
0.775
0.791
0.795
0.703
0.7101348
0.7075971
0.669
0.783
0.726
0.734
0.718
0.732
0.736
0.741
0.726
0.724
0.724
0.6793783
0.6773259
0.6753369
0.718
0.708
0.706
0.707
0.707
0.695
0.691
0.687
0.686
0.691
0.695
0.695
0.704
0.708
0.72
0.725
0.711
0.709
0.717
0.721
0.6203119
0.6172258
0.6141362
0.6110482
0.6079668
0.6048972
0.6018445
0.5988137
0.5958101
0.5928387
0.5899046
0.587013
0.5841689
0.5813775
0.5786438
0.575973
0.5733703
0.5708406
0.5683891
0.566021
0.5637413
0.5615551
0.59
0.5574839
0.555609
0.5538481
0.5521343
0.5503983
0.548642
0.5468673
0.466
0.5432699
0.539
0.5396209
0.5377816
0.5359348
0.5340826
0.5322266
0.5303688
0.5285109
0.5266548
0.5248024
0.5229555
0.5211159
0.5192855
0.594
0.5156595
0.5138677
0.5120924
0.558
0.5085988
0.5068842
0.416
0.46
0.5018911
0.5002832
0.594
0.4971629
0.405
0.4941825
0.439
0.4913567
0.4900063
0.58
0.4874399
0.4862275
0.4850649
0.4839537
0.482896
0.4818934
0.4809571
0.4800951
0.4793046
0.478583
0.4779275
0.4773354
0.476804
0.4763305
0.4759123
0.472
0.4752308
0.427
0.4747377
0.474555
0.47
0.4743036
0.385
0.4741863
0.4741711
0.4741812
0.474214
0.4742667
0.4743366
0.474421
0.4745171
0.4746223
0.4747338
0.4748489
0.4749649
0.475079
0.571
0.57
0.528
0.4754629
0.4755271
0.4755732
0.571
0.565
0.4755754
0.4755217
0.4754363
0.555
0.562
0.56
0.438
0.4744985
0.4743462
0.56
0.553
0.448
0.4743969
0.563
0.552
0.429
0.4753532
0.396
0.553
0.549
0.4770149
0.477517
0.41
0.546
0.545
0.546
0.539
0.544
0.54
0.463
0.482941
0.537
0.541
0.458
0.4854946
0.537
0.541
0.532
0.4878524
0.4883878
0.53
0.54
0.535
0.4902193
0.490584
0.538
0.534
0.4914044
0.4915763
0.526
0.536
0.523
0.533
0.516
0.524
0.525
0.4914673
0.491346
0.52
0.52
0.4908805
0.4906959
0.516
0.515
0.399
0.552
0.586
0.511
0.511
0.4888749
0.4886239
0.507
0.504
0.508
0.4876241
0.4873817
0.503
0.505
0.503
0.5
0.501
0.497
0.499
0.495
0.506
0.494
0.502
0.503
0.505
0.4851736
0.4851525
0.502
0.501
0.417
0.579
0.501
0.503
0.501
0.5
0.499
0.505
0.503
0.501
0.5
0.501
0.498
0.407
0.4853377
0.4852204
0.508
0.509
0.463
0.4846801
0.4845355
0.503
0.507
0.509
0.4839694
0.4838392
0.51
0.509
0.503
0.5
0.503
0.505
0.498
0.498
0.5
0.497
0.496
0.502
0.499
0.497
0.503
0.4839646
0.4841955
0.497
0.497
0.494
0.493
0.493
0.494
0.486849
0.56
0.58
0.493
0.492
0.4893249
0.4898497
0.578
0.488
0.488
0.492
0.483
0.4932061
0.4938002
0.4944043
0.485
0.485
0.485
0.4969203
0.569
0.488
0.484
0.481
0.481
0.487
0.489
0.486
0.5031669
0.5039112
0.488
0.492
0.486
0.49
0.498
0.5
0.5094045
0.5102298
0.449
0.5
0.501
0.509
0.501
0.507
0.515
0.52
0.524
0.526
0.533
0.537
0.537
0.55
0.547
0.554
0.558
0.554
0.565
0.557
0.561
0.557
0.565
0.565
0.57
0.562
0.563
0.558
0.562
0.572
0.566
0.571
0.567
0.571
0.581
0.581
0.584
0.582
0.581
0.583
0.58
0.579
0.575
0.575
0.576
0.586
0.586
0.58
0.578
0.583
0.583
0.572
0.574
0.574
0.579
0.583
0.581
0.583
0.582
0.589
0.592
0.589
0.587
0.59
0.607
0.601
0.606
0.602
0.604
0.611
0.604
0.603
0.602
0.601
0.611
0.611
0.608
0.609
0.606
0.622
0.628
0.625
0.626
0.625
0.623
0.632
0.636
0.635
0.642
0.635
0.649
0.66
0.657
0.651
0.647
0.646
0.654
0.659
0.658
0.661
0.65
0.664
0.671
0.666
0.668
0.666
0.678
0.685
0.68
0.68
0.678
0.687
0.679
0.677
0.674
0.686
0.695
0.684
0.68
0.673
0.666
0.651
0.643
0.639
0.631
0.639
0.637
0.653
0.675
0.676
0.677
0.671
0.693
0.711
0.704
0.697
0.686
0.704
0.712
0.71
0.702
0.698
0.707
0.723
0.718
0.711
0.717
0.734
0.741
0.731
0.711
0.69
0.734
0.75
0.779
0.75
0.742
0.742
0.747
0.737
0.721
0.713
0.706
0.689
0.676
0.664
0.669
0.681
0.68
0.688
0.692
0.714
0.728
0.722
0.711
0.709
0.708
0.719
0.726
0.72
0.723
0.736
0.745
0.749
0.741
0.743
0.754
0.762
0.758
0.741
0.746
0.75
0.748
0.731
0.731
0.730059
0.7304636
0.735
0.721
0.728
0.735
0.739
0.728
0.721
0.724
0.723
0.706
0.699
0.707
0.71
0.713
0.705
0.706
0.711
0.721
0.73
0.721
0.733
0.745
0.751
0.737
0.732
0.732
0.739
0.746
0.733
0.732
0.734
0.743
0.742
0.723
0.717
0.715
0.727
0.731
0.73
0.728
0.733
0.745
0.757
0.753
0.745
0.75
0.76
0.766
0.752
0.751
0.766
0.768
0.76
0.749
0.751
0.756
0.758
0.75
0.752
0.762
0.765
0.752
0.752
0.755
0.764
0.766
0.749
0.752
0.752
0.76
0.752
0.745
0.748
0.759
0.764
0.752
0.75
0.759
0.769
0.762
0.752
0.753
0.753
0.755
0.74
0.74
0.738
0.746
0.755
0.754
0.752
0.757
0.759
0.764
0.76
0.751
0.753
0.754
0.761
0.75
0.746
0.75
0.752
0.754
0.748
0.75
0.756
0.758
0.75
0.744
0.767
0.776
0.758
0.76
0.762
0.773
0.777
0.764
0.768
0.773
0.777
0.783
0.781
0.776
0.783
0.791
0.784
0.774
0.779
0.789
0.781
0.783
0.788
0.792
0.791
0.78
0.787
0.79
0.789
0.776
0.782
0.789
0.791
0.777
0.777
0.784
0.766
0.75
0.75
0.76
0.764
0.757
0.754
0.764
0.779
0.785
0.774
0.778
0.786
0.792
0.801
0.788
0.782
0.787
0.788
0.785
0.772
0.768
0.772
0.782
0.788
0.776
0.77
0.78
0.786
0.779
0.77
0.767
0.781
0.782
0.769
0.764
0.768
0.774
0.767
0.76
0.766
0.776
0.778
0.778
0.77
0.778
0.782
0.775
0.75
0.741
0.743
0.752
0.737
0.745
0.751
0.759
0.764
0.751
0.757
0.764
0.769
0.771
0.765
0.771
0.774
0.787
0.79
0.78
0.782
0.788
0.789
0.794
0.779
0.775
0.778
0.78
0.782
0.769
0.773
0.779
0.778
0.77
0.765
0.77
0.774
0.764
0.757
0.771
0.777
0.767
0.773
0.78
0.784
0.779
0.773
0.776
0.78
0.782
0.776
0.77
0.774
0.78
0.791
0.795
0.792
0.795
0.792
0.791
0.78
0.774
0.778
0.773
0.777
0.764
0.76
0.765
0.764
0.752
0.749
0.752
0.759
0.754
0.752
0.763
0.776
0.787
0.776
0.771
0.771
0.762
0.762
0.751
0.737
0.72
0.704
0.698
0.7
0.699
0.703
0.714
0.726
0.733
0.742
0.747
0.759
0.765
0.766
0.762
0.75
0.739
0.718
0.733
0.781
0.798
0.792
0.789
0.8
0.695
0.757584
0.781
0.776
0.773
0.768
0.763
0.755
0.75
0.755
0.759
0.763
0.768
0.772
0.774
0.772
0.764
0.764
0.759
0.757
0.76
0.762
0.765
0.765
0.755
0.749
0.744
0.743
0.742
0.733
0.729
0.725
0.731
0.723
0.727
0.722
0.728
0.726
0.716
0.718
0.721
0.727
0.733
0.742
0.739
0.744
0.75
0.753
0.729
0.733
0.74
0.747
0.751
0.75
0.744
0.755
0.751
0.741
0.75
0.754
0.758
0.742
0.74
0.741
0.737
0.736
0.722
0.716
0.715
0.726
0.736
0.749
0.758
0.761
0.756
0.761
0.768
0.77
0.772
0.772
0.759
0.749
0.749
0.746
0.748
