0.675
0.666
0.666
0.664
0.68
0.676
0.666
0.668
0.666
0.671
0.666
0.644
0.652
0.657
0.651
0.642
0.65
0.652
0.667
0.65
0.654
0.658
0.663
0.665
0.6961735
0.784
0.645
0.661
0.66
0.661
0.641
0.652
0.663
0.653
0.645
0.65
0.664
0.656
0.666
0.663
0.662
0.656
0.657
0.653
0.64
0.636
0.636
0.641
0.663
0.661
0.677
0.666
0.658
0.668
0.689
0.706
0.692
0.668
0.672
0.695
0.689
0.675
0.6936542
0.7445148
0.7016405
0.681
0.69
0.745
0.764
0.717
0.685
0.697
0.706
0.694
0.705
0.682
0.7
0.702
0.697
0.708
0.703
0.708
0.711
0.721
0.701
0.702
0.749
0.72
0.757
0.711
0.696
0.688
0.683
0.693
0.689
0.682
0.665
0.671
0.674
0.689
0.68
0.671
0.669
0.657
0.669
0.654
0.665
0.742
0.737
0.699
0.711
0.691
0.672
0.669
0.67
0.67
0.681
0.658
0.667
0.681
0.69
0.696
0.693
0.685
0.696
0.706
0.718
0.713
0.708
0.687
0.679
0.675
0.666
0.668
0.661
0.657
0.662
0.662
0.663
0.65
0.65
0.655
0.656
0.649
0.652
0.657
0.671
0.66
0.653
0.657
0.666
0.661
0.655
0.664
0.666
0.673
0.67
0.665
0.683
0.691
0.681
0.676
0.68
0.689
0.679
0.676
0.662
0.67
0.667
0.675
0.666
0.66
0.665
0.666
0.673
0.667
0.664
0.678
0.687
0.702
0.69
0.681
0.69
0.703
0.705
0.687
0.682
0.681
0.701
0.698
0.681
0.673
0.68
0.685
0.679
0.669
0.666
0.666
0.674
0.687
0.667
0.655
0.651
0.654
0.674
0.66
0.657
0.651
0.659
0.649
0.655
0.656
0.66
0.66
0.674
0.679
0.695
0.687
0.672
0.68
0.685
0.727
0.696
0.686
0.694
0.704
0.705
0.702
0.718
0.688
0.678
0.685
0.685
0.689
0.674
0.666
0.651
0.654
0.639
0.657
0.689
0.706
0.714
0.698
0.686
0.671
0.682
0.674
0.669
0.662
0.655
0.646
0.644
0.637
0.654
0.648
0.652
0.651
0.657
0.649
0.635
0.642
0.644
0.663
0.678
0.657
0.656
0.661
0.664
0.663
0.651
0.643
0.639
0.651
0.659
0.643
0.638
0.648
0.651
0.66
0.65
0.643
0.647
0.649
0.647
0.639
0.637
0.644
0.657
0.649
0.648
0.655
0.654
0.655
0.65
0.641
0.645
0.644
0.648
0.638
0.635
0.633
0.639
0.639
0.63
0.633
0.634
0.643
0.642
0.631
0.638
0.635
0.626
0.617
0.628
0.628
0.632
0.645
0.635
0.638
0.645
0.646
0.66
0.66
0.676
0.696
0.676
0.67
0.678
0.699
0.683
0.671
0.676
0.674
0.688
0.694
0.679
0.67
0.684
0.675
0.665
0.645
0.644
0.637
0.63
0.634
0.625
0.628
0.633
0.627
0.617
0.615
0.622
0.709
0.667
0.665
0.657
0.651
0.645
0.642
0.641
0.631
0.628
0.628
0.634
0.641
0.641
0.647
0.657
0.661
0.656
0.647
0.666
0.673
0.668
0.662
0.645
0.637
0.651
0.645
0.643
0.641
0.623
0.636
0.641
0.645
0.645
0.649
0.658
0.682
0.685
0.668
0.68
0.703
0.6255422
0.695
0.695
0.705
0.6702463
0.634211
0.692
0.684
0.686
0.5841959
0.692
0.673
0.66
0.675
0.692
0.702
0.668
0.676
0.671
0.667
0.658
0.65
0.654
0.668
0.686
0.674
0.668
0.687
0.5977472
0.698
0.678
0.683
0.694
0.6038825
0.651491
0.684
0.682
0.695
0.698
0.6260178
0.62704
0.683
0.693
0.698
0.6181487
0.5989364
0.6657997
0.6287815
0.5581432
0.695
0.689
0.675
0.66
0.644
0.636
0.665
0.692
0.688
0.68
0.666
0.666
0.668
0.671
0.663
0.649
0.662
0.671
0.682
0.6316029
0.695
0.597741
0.5805829
0.6047535
0.5815037
0.5898649
0.5926986
0.5621954
0.6342677
0.6145554
0.5774786
0.6457612
0.6219615
0.6011889
0.6350983
0.693
0.6343453
0.6325947
0.6286595
0.6246736
0.6069269
0.5998146
0.5975522
0.588433
0.6022262
0.5718486
0.6699523
0.6423351
0.5755297
0.5960019
0.5940498
0.6295797
0.6047585
0.6142625
0.6060743
0.6055393
0.6457872
0.6000587
0.6497688
0.5619702
0.674
0.674
0.684
0.682
0.671
0.679
0.681
0.6220252
0.6087276
0.677
0.672
0.689
0.6108931
0.684
0.674
0.686
0.6151152
0.5897744
0.681
0.68
0.5942735
0.574558
0.5729246
0.6121525
0.681
0.6160709
0.6046575
0.6294125
0.6615635
0.667
0.684
0.5885575
0.5364466
0.676
0.676
0.681
0.6308435
0.665
0.647
0.644
0.63
0.623
0.615
0.618
0.616
0.612
0.612
0.613
0.5805756
0.5810836
0.609
0.6
0.594
0.588
0.587
0.587
0.586
0.575
0.583
0.584
0.57
0.572
0.57
0.578
0.566
0.565
0.571
0.569
0.569
0.566
0.568
0.6280517
0.5904836
0.5636251
0.6036404
0.5943951
0.56
0.562
0.5982754
0.638
0.555
0.553
0.553
0.553
0.556
0.553
0.553
0.553
0.552
0.549
0.548
0.553
0.552
0.549
0.6078209
0.5861201
0.6150755
0.546
0.5901827
0.617
0.605826
0.6276331
0.6086318
0.576
0.556
0.57
0.554
0.561
0.557
0.555
0.552
0.551
0.546
0.546
0.547
0.547
0.545
0.545
0.547
0.543
0.541
0.543
0.538
0.537
0.536
0.533
0.533
0.536
0.533
0.531
0.53
0.531
0.53
0.527
0.526
0.526
0.53
0.524
0.523
0.523
0.523
0.52
0.519
0.522
0.518
0.514
0.512
0.512
0.515
0.517
0.515
0.518
0.516
0.514
0.513
0.514
0.515
0.511
0.509
0.513
0.511
0.508
0.508
0.509
0.513
0.509
0.508
0.51
0.513
0.508
0.512
0.512
0.512
0.511
0.508
0.507
0.51
0.509
0.509
0.511
0.511
0.511
0.509
0.511
0.512
0.513
0.508
0.509
0.511
0.51
0.5815449
0.6236802
0.506
0.6191446
0.6063667
0.5974632
0.505
0.5725832
0.6294171
0.505
0.5732387
0.51
0.513
0.512
0.508
0.507
0.508
0.6526658
0.505
0.505
0.507
0.6337683
0.5831468
0.5604878
0.508
0.51
0.507
0.507
0.505
0.505
0.5692405
0.5968681
0.506
0.5823848
0.5794607
0.562143
0.5880354
0.5668337
0.5415374
0.5783319
0.6154557
0.5726746
0.6064834
0.5427795
0.58743
0.6038395
0.5975607
0.5919339
0.5705499
0.5645373
0.5595141
0.5921391
0.56164
0.5746767
0.581351
0.6413848
0.5699652
0.5953152
0.590782
0.5610101
0.5864533
0.629783
0.6013502
0.5895872
0.5762955
0.5296237
0.6206867
0.5465217
0.60944
0.6428566
0.5469253
0.6082744
0.5806776
0.5431856
0.5448068
0.5422997
0.5729013
0.5462545
0.6077211
0.6480939
0.5511905
0.6105161
0.6099621
0.5974483
0.5590851
0.5844933
0.5798725
0.6039791
0.5772063
0.6157878
0.5771133
0.6179234
0.5577878
0.5517389
0.6804739
0.5758327
0.5962735
0.6059387
0.5738809
0.503
0.502
0.602469
0.5982283
0.5815042
0.5895229
0.5866719
0.6485184
0.5664249
0.5562727
0.5886954
0.5964884
0.505
0.6000812
0.5744788
0.507
0.5571651
0.6237065
0.5775703
0.51
0.506
0.507
0.512
0.507
0.508
0.521
0.519
0.515
0.518
0.527
0.53
0.533
0.532
0.53
0.536
0.555
0.534
0.544
0.542
0.544
0.544
0.534
0.534
0.539
0.545
0.542
0.53
0.555
0.573
0.569
0.553
0.542
0.541
0.544
0.542
0.549
0.549
0.572
0.565
0.552
0.561
0.575
0.56
0.566
0.564
0.571
0.558
0.558
0.596
0.632
0.623
0.591
0.591
0.566
0.565
0.579
0.592
0.581
0.562
0.566
0.554
0.554
0.562
0.561
0.561
0.547
0.568
0.617
0.605
0.581
0.596
0.564
0.566
0.567
0.568
0.571
0.565
0.571
0.588
0.565
0.569
0.561
0.556
0.551
0.549
0.569
0.581
0.59
0.601
0.58
0.57
0.56
0.602
0.63
0.615
0.606
0.582
0.588
0.598
0.585
0.582
0.577
0.583
0.604
0.585
0.595
0.59
0.615
0.592
0.603
0.615
0.62
0.624
0.62
0.599
0.628
0.643
0.635
0.607
0.623
0.618
0.596
0.601
0.596
0.6
0.589
0.578
0.582
0.617
0.63
0.65
0.644
0.616
0.613
0.607
0.623
0.599
0.613
0.597
0.627
0.617
0.612
0.599
0.601
0.635
0.626
0.617
0.612
0.625
0.625
0.625
0.608
0.609
0.633
0.638
0.64
0.608
0.621
0.632
0.63
0.625
0.607
0.623
0.623
0.637
0.612
0.636
0.637
0.652
0.635
0.62
0.638
0.62
0.637
0.607
0.637
0.633
0.62
0.622
0.641
0.645
0.623
0.627
0.638
0.642
0.618
0.622
0.644
0.639
0.648
0.612
0.621
0.622
0.636
0.618
0.616
0.632
0.618
0.645
0.614
0.617
0.633
0.638
0.618
0.625
0.646
0.64
0.626
0.621
0.62
0.634
0.631
0.612
0.623
0.636
0.621
0.613
0.614
0.631
0.607
0.612
0.621
0.649
0.627
0.624
0.618
0.624
0.5747391
0.5929124
0.5942076
0.6317728
0.679
0.663
0.664
0.655
0.626
0.643
0.653
0.648
0.645
0.637
0.666
0.681
0.65
0.64
0.666
0.672
0.667
0.637
0.636
0.653
0.644
0.633
0.63
0.626
0.638
0.642
0.63
0.621
0.624
0.619
0.628
0.614
0.62
0.638
0.642
0.647
0.628
0.651
0.653
0.661
0.64
0.66
0.65
0.633
0.627
0.641
0.639
0.626
0.609
0.605
0.619
0.618
0.595
0.6
0.599
0.654
0.687
0.6144612
0.648
0.639
0.607
0.605
0.601
0.597
0.638
0.604
0.636
0.625
0.63
0.616
0.627
0.65
0.656
0.671
0.664
0.661
0.694
0.694
0.684
0.667
0.664
0.674
0.656
0.653
0.632
0.662
0.654
0.65
0.622
0.639
0.648
0.635
0.62
0.643
0.643
0.655
0.633
0.646
0.641
0.641
0.638
0.628
0.647
0.654
0.673
0.656
0.652
0.661
0.662
0.658
0.63
0.655
0.657
0.651
0.647
0.644
0.651
0.667
0.665
0.656
0.654
0.656
0.654
0.649
0.626
0.629
0.638
0.641
0.646
0.625
0.649
0.647
0.653
0.628
0.631
0.639
0.648
0.65
0.643
0.624
0.637
0.637
0.631
0.627
0.608
0.626
0.625
0.634
0.632
0.63
0.625
0.626
0.628
0.605
0.62
0.674
0.666
0.6537659
0.6180609
0.6386192
0.696
0.684
0.688
0.69
0.698
0.675
0.668
0.681
0.671
0.68
0.661
0.643
0.649
0.646
0.657
0.642
0.644
0.65
0.663
0.671
0.642
0.642
0.637
0.647
0.641
0.625
0.639
0.639
0.655
0.652
0.637
0.644
0.656
0.658
0.65
0.643
0.656
0.675
0.668
0.657
0.664
0.665
0.666
0.653
0.651
0.653
0.665
0.663
0.649
0.645
0.646
0.651
0.647
0.637
0.65
0.653
0.653
0.648
0.665
0.671
0.679
0.658
0.646
0.656
0.665
0.679
0.661
0.646
0.645
0.655
0.647
0.638
0.642
0.654
0.655
0.647
0.656
0.662
0.659
0.656
0.644
0.653
0.658
0.663
0.649
0.65
0.652
0.664
0.655
0.643
0.642
0.649
0.66
0.666
0.648
0.643
0.648
0.667
0.658
0.663
0.679
0.686
0.674
0.662
0.666
0.669
0.661
0.654
0.651
0.661
0.659
0.65
0.645
0.652
0.662
0.643
0.638
0.638
0.652
0.661
0.645
0.645
0.65
0.669
0.66
0.644
0.65
0.656
0.663
0.652
0.64
0.645
0.661
0.656
0.64
0.637
0.648
0.662
0.664
0.648
0.654
0.666
0.666
0.658
0.642
0.647
0.65
0.657
0.642
0.632
0.629
0.664
0.678
0.67
0.668
0.668
0.643
0.644
0.647
0.66
0.647
0.655
0.649
0.662
0.672
0.671
0.67
0.671
0.676
0.669
0.661
0.674
0.666
0.671
0.655
0.655
0.662
0.672
0.66
0.643
0.643
0.647
0.664
0.654
0.644
0.655
0.658
0.647
0.639
0.645
0.647
0.653
0.647
0.632
0.632
0.638
0.631
0.626
0.634
0.646
0.643
0.638
0.641
0.646
0.65
0.655
0.644
0.643
0.655
0.647
0.649
0.636
0.642
0.647
0.65
0.652
0.647
0.645
0.66
0.654
0.643
0.642
0.643
0.643
0.633
0.634
0.637
0.637
0.629
0.633
0.647
0.642
0.631
0.631
0.619
0.615
0.614
0.619
0.612
0.609
0.602
0.6
0.6
0.597
0.597
0.609
0.626
0.623
0.627
0.631
0.633
0.628
0.626
0.622
0.624
0.622
0.622
0.62
0.632
0.636
0.632
0.629
0.629
0.629
0.627
0.623
0.63
0.621
0.62
0.614
0.621
0.628
0.632
0.637
0.66
0.656
0.658
0.662
0.674
0.672
0.681
0.655
0.649
0.659
0.651
0.638
0.637
0.639
0.646
0.649
0.647
0.636
0.64
0.638
0.649
0.646
0.634
0.645
0.646
0.66
0.647
0.654
0.644
0.651
0.66
0.661
0.663
0.655
0.654
0.658
0.663
0.683
0.685
0.665
0.666
0.661
0.684
0.676
0.672
0.679
0.677
0.685
0.676
0.664
0.662
0.664
0.673
0.666
0.654
0.659
0.662
0.668
0.663
0.674
0.668
0.668
0.677
0.676
0.666
0.671
0.677
0.671
0.659
0.646
0.68
0.731
0.714
0.725
0.695
0.685
0.689
0.687
0.674
0.675
0.68
0.681
0.691
0.679
0.675
0.674
0.666
0.664
0.665
0.662
0.67
0.674
0.671
0.656
0.66
0.669
0.661
0.665
0.674
0.673
0.669
0.672
0.67
0.691
0.66
0.664
0.672
0.685
0.676
0.682
0.667
0.667
0.664
0.668
0.656
0.668
0.66
0.669
0.663
0.658
0.654
0.647
0.65
0.65
0.65
0.657
0.681
0.67
0.671
0.655
0.659
0.657
0.655
0.655
0.65
0.655
0.662
0.651
0.639
0.647
0.644
0.652
0.636
0.641
0.65
0.656
0.657
0.658
0.647
0.649
0.649
0.662
0.649
0.648
0.656
0.659
0.644
0.659
0.637
0.649
0.656
0.651
0.663
0.657
0.665
0.651
0.656
0.653
0.662
0.652
0.657
0.65
0.65
0.638
0.64
0.641
0.639
0.634
0.631
0.638
0.643
0.657
0.648
0.657
0.649
0.663
0.667
0.661
0.647
0.651
0.659
0.667
0.665
0.668
0.666
0.678
0.677
0.677
0.683
0.688
0.666
0.666
0.671
0.672
0.664
0.648
0.654
0.657
0.65
0.639
0.652
0.649
0.651
0.656
0.654
0.65
0.637
0.631
0.633
0.638
0.644
0.632
0.634
0.641
0.644
0.636
0.643
0.644
0.65
0.653
0.651
0.649
0.655
0.659
0.669
0.659
0.661
0.659
0.656
0.667
0.66
0.653
0.663
0.663
0.674
0.669
0.664
0.661
0.664
0.666
0.652
0.65
0.658
0.669
0.655
0.657
0.66
0.659
0.659
0.654
0.652
0.647
0.633
0.63
0.623
0.629
0.627
0.63
0.634
0.63
0.63
0.637
0.648
0.66
0.652
0.663
0.668
0.669
0.667
0.652
0.648
0.696
0.723
0.705
0.729
0.692
0.664
0.674
0.667
0.669
0.666
0.664
0.658
0.653
0.654
0.657
0.658
0.665
0.662
0.666
0.674
0.671
0.67
0.683
0.685
0.671
0.67
0.667
0.679
0.668
0.657
0.656
0.667
0.669
0.661
0.66
0.655
0.655
0.655
0.651
0.662
0.667
0.649
0.657
0.665
0.664
0.664
0.649
0.653
0.645
0.641
0.633
0.648
0.653
0.642
0.641
0.649
0.661
0.647
0.656
0.659
0.671
0.663
0.661
0.657
0.66
0.664
0.661
0.662
0.654
0.655
0.648
0.646
0.643
0.642
0.644
0.635
0.642
0.642
0.647
0.638
0.647
0.642
0.646
0.632
0.635
0.633
0.628
0.623
0.633
0.63
0.64
0.647
0.644
0.645
0.647
0.649
0.656
0.647
0.652
0.667
0.664
0.664
0.673
0.683
0.677
0.667
0.661
0.667
0.666
0.665
0.656
0.656
0.65
0.649
0.643
0.636
0.646
0.657
0.654
0.66
0.658
0.655
0.656
0.648
0.648
0.653
0.666
0.667
0.662
0.674
0.657
0.669
0.666
0.676
0.669
0.664
0.667
0.672
0.666
0.667
0.668
0.664
0.658
0.66
0.657
0.658
0.675
0.656
0.66
0.651
0.657
0.653
0.679
0.681
0.668
0.669
0.655
0.649
0.646
0.643
0.649
0.665
0.657
0.654
0.658
0.663
0.661
0.656
0.658
0.669
0.661
0.651
0.636
0.654
0.687
0.679
0.73
0.708
0.709
0.716
0.69
0.686
0.681
0.686
0.672
0.677
0.666
0.663
0.664
0.671
0.673
0.671
0.668
0.666
0.677
0.672
0.655
0.665
0.662
0.671
0.651
0.656
0.665
0.658
0.649
0.659
0.67
0.65
0.656
0.653
0.667
0.653
0.658
0.662
0.67
0.688
0.693
0.684
0.685
0.666
0.679
0.681
0.666
0.673
0.671
0.667
0.658
0.668
0.665
0.648
0.652
0.649
0.649
0.647
0.649
0.653
0.654
0.661
0.666
0.661
0.652
0.646
0.648
0.65
0.661
0.66
0.664
0.667
0.673
0.666
0.666
0.666
0.666
0.662
0.659
0.665
0.646
0.648
0.65
0.666
0.663
0.64
0.649
0.653
0.642
0.635
0.641
0.639
0.635
0.644
0.644
0.645
0.657
0.671
0.645
0.652
0.651
0.666
0.669
0.665
0.668
0.666
0.662
0.646
0.644
0.644
0.637
0.641
0.636
0.641
0.64
0.645
0.644
0.634
0.626
0.639
0.655
0.652
0.658
0.669
0.672
0.666
0.66
0.67
0.666
0.67
0.664
0.656
0.65
0.657
0.661
0.641
0.641
0.653
0.643
0.636
0.647
0.643
0.644
0.64
0.638
0.64
0.645
0.658
0.659
0.662
0.654
0.656
0.65
0.649
0.642
0.658
0.657
0.653
0.648
0.658
0.658
0.665
0.663
0.648
0.655
0.65
0.663
0.65
0.664
0.666
0.657
0.653
0.657
0.657
0.64
0.652
0.651
0.639
0.654
0.659
0.656
0.651
0.663
0.656
0.667
0.664
0.658
0.658
0.667
0.668
0.659
0.66
0.666
0.672
0.68
0.67
0.665
0.67
0.674
0.675
0.665
0.66
0.664
0.669
0.652
0.661
0.642
0.649
0.66
0.642
0.651
0.65
0.671
0.679
0.72
0.692
0.677
0.688
0.68
0.684
0.681
0.686
0.678
0.686
0.667
0.676
0.709
0.69
0.703
0.694
0.696
0.67
0.681
0.679
0.707
0.684
0.673
0.673
0.664
0.685
0.682
0.697
0.694
0.685
0.68
0.68
0.69
0.685
0.67
0.679
0.684
0.683
0.677
0.666
0.68
0.676
0.659
0.66
0.662
0.667
0.672
0.665
0.664
0.654
0.646
0.649
0.654
0.654
0.649
0.657
0.655
0.671
0.656
0.653
0.661
0.647
0.645
0.644
0.737
0.729
0.7
0.694
0.693
0.702
0.693
0.673
0.68
0.666
0.661
0.651
0.64
0.649
0.638
0.633
0.636
0.629
0.636
0.642
0.646
0.649
0.659
0.659
0.647
0.654
0.653
0.653
0.657
0.649
0.653
0.651
0.665
0.664
0.646
0.654
0.666
0.671
0.658
0.653
0.647
0.656
0.652
0.654
0.656
0.669
0.664
0.657
0.669
0.678
0.681
0.665
0.666
0.658
0.683
0.673
0.687
0.677
0.661
0.672
0.657
0.668
0.656
0.659
0.66
0.671
0.664
0.671
0.669
0.679
0.663
0.668
0.67
0.66
0.666
0.663
0.649
0.668
0.666
0.666
0.667
0.666
0.65
0.655
0.653
0.665
0.669
0.655
0.669
0.675
0.673
0.656
0.675
0.672
0.683
0.663
0.684
0.681
0.671
0.657
0.671
0.673
0.67
0.669
0.666
0.665
0.657
0.654
0.657
0.637
0.648
0.642
0.648
0.654
0.66
0.645
0.647
0.642
0.638
0.635
0.636
0.642
0.651
0.651
0.657
0.664
0.666
0.647
0.663
0.659
0.665
0.652
0.662
0.666
0.671
0.67
0.664
0.678
0.665
0.677
0.65
0.667
0.667
0.67
0.665
0.657
0.658
0.664
0.663
0.66
0.661
0.655
0.648
0.64
0.651
0.647
0.654
0.641
0.654
0.647
0.654
0.644
0.649
0.655
0.659
0.656
0.656
0.662
0.665
0.668
0.652
0.647
0.657
0.685
0.68
0.678
0.681
0.668
0.673
0.65
0.664
0.659
0.666
0.656
0.654
0.658
0.67
0.673
0.675
0.674
0.672
0.665
0.676
0.667
0.686
0.664
0.673
0.682
0.687
0.667
0.664
0.674
0.652
0.669
0.669
0.675
0.683
0.667
0.665
0.652
0.647
0.641
0.646
0.647
0.642
0.639
0.647
0.651
0.639
0.649
0.647
0.662
0.656
0.664
0.662
0.662
0.668
0.653
0.661
0.65
0.66
0.666
0.654
0.657
0.653
0.665
0.654
0.656
0.677
0.673
0.675
0.667
0.663
0.667
0.654
0.656
0.649
0.644
0.658
0.664
0.69
0.666
0.663
0.671
0.672
0.656
0.738
0.6527919
0.689
0.696
0.661
0.664
0.655
0.663
0.675
0.669
0.67
0.671
0.683
0.687
0.696
0.66
0.658
0.662
0.669
0.67
0.677
0.68
0.665
0.668
0.666
0.68
0.681
0.666
0.67
0.664
0.669
0.654
0.636
0.647
0.641
0.647
0.663
0.672
0.684
0.675
0.683
0.687
0.681
0.681
0.674
0.67
0.669
0.675
0.666
0.666
0.656
0.662
0.677
0.69
0.669
0.683
0.663
0.666
0.65
0.664
0.654
0.652
0.648
0.652
0.673
0.645
0.665
0.663
0.67
0.654
0.665
0.655
0.662
0.66
0.664
0.643
0.648
0.65
0.654
0.642
0.639
0.639
0.642
0.644
0.634
0.644
0.642
0.641
0.623
0.634
0.633
0.645
0.639
0.633
0.645
0.651
0.635
0.644
0.638
0.636
0.637
0.644
0.657
0.654
0.646
0.645
0.648
0.638
0.637
0.637
0.648
0.646
0.639
0.641
0.641
0.634
0.642
0.65
0.654
0.636
0.639
0.642
0.649
0.656
0.646
0.647
0.64
0.642
0.65
0.659
0.647
0.652
0.652
0.652
0.644
0.647
0.652
0.662
0.65
0.65
0.641
0.649
0.654
0.658
0.651
0.645
0.642
0.659
0.65
0.649
0.648
0.648
0.653
0.666
0.662
0.648
0.658
0.667
0.67
0.66
0.66
0.671
0.66
0.67
0.666
0.659
0.673
0.659
0.661
0.657
0.647
0.649
0.645
0.651
0.642
0.654
0.662
0.657
0.642
0.649
0.711
0.708
0.72
0.698
0.713
0.701
0.677
0.676
0.671
0.674
0.677
0.673
0.682
0.682
0.684
0.672
0.669
0.681
0.696
0.711
0.706
0.706
0.721
0.698
0.675
0.694
0.672
0.688
0.677
0.681
0.711
0.699
0.712
0.679
0.681
0.678
0.678
0.676
0.669
0.654
0.666
0.647
0.652
0.631
0.652
0.65
0.658
0.651
0.657
0.649
0.66
0.679
0.652
0.655
0.657
0.677
0.67
0.672
0.665
0.671
0.674
0.683
0.697
0.676
0.665
0.663
0.655
0.652
0.673
0.676
0.68
0.673
0.677
0.671
0.686
0.674
0.676
0.678
0.672
0.674
0.666
0.662
0.652
0.656
0.666
0.663
0.656
0.659
0.643
0.642
0.633
0.64
0.639
0.644
0.649
0.672
0.682
0.675
0.668
0.657
0.665
0.651
0.642
0.644
0.644
0.653
0.66
0.651
0.659
0.643
0.648
0.655
0.658
0.661
0.659
0.662
0.668
0.651
0.64
0.651
0.639
0.624
0.623
0.625
0.625
0.628
0.638
0.644
0.648
0.643
0.646
0.655
0.664
0.654
0.653
0.664
0.721
0.717
0.698
0.684
0.682
0.682
0.6382733
0.686
0.688
0.687
0.695
0.694
0.674
0.687
0.691
0.703
0.68
0.687
0.677
0.694
0.66
0.668
0.717
0.715
0.6077235
0.5957156
0.71
0.709
0.688
0.681
0.671
0.666
0.695
0.664
0.677
0.681
0.686
0.659
0.674
0.656
0.7
0.677
0.668
0.675
0.662
0.662
0.667
0.659
0.654
0.661
0.674
0.682
0.66
0.66
0.666
0.656
0.642
0.639
0.636
0.634
0.631
0.612
0.617
0.607
0.603
0.605
0.606
0.605
0.606
0.599
0.605
0.609
0.616
0.611
0.598
0.607
0.601
0.598
0.594
0.593
0.592
0.585
0.58
0.585
0.583
0.577
0.581
0.583
0.583
0.581
0.577
0.579
0.581
0.581
0.583
0.589
0.583
0.577
0.58
0.588
0.584
0.58
0.582
0.577
0.572
0.574
0.568
0.561
0.565
0.563
0.564
0.568
0.566
0.566
0.568
0.563
0.572
0.571
0.57
0.579
0.591
0.587
0.608
0.611
0.62
0.612
0.625
0.62
0.634
0.601
0.594
0.604
0.595
0.594
0.591
0.608
0.619
0.644
0.646
0.64
0.639
0.632
0.639
0.618
0.618
0.608
0.608
0.61
0.616
0.622
0.605
0.598
0.594
0.58
0.573
0.571
0.566
0.553
0.553
0.554
0.549
0.542
0.541
0.546
0.541
0.536
0.541
0.546
0.549
0.541
0.561
0.567
0.567
0.562
0.563
0.573
0.573
0.561
0.583
0.576
0.582
0.58
0.585
0.597
0.603
0.599
0.604
0.615
0.617
0.603
0.6
0.606
0.604
0.592
0.59
0.597
0.603
0.598
0.586
0.585
0.615
0.674
0.654
0.636
0.632
0.625
0.623
0.624
0.615
0.616
0.611
0.62
0.614
0.603
0.597
0.607
0.597
0.596
0.603
0.595
0.594
0.603
0.597
0.592
0.585
0.591
0.596
0.607
0.59
0.592
0.603
0.596
0.596
0.604
0.608
0.597
0.6
0.611
0.604
0.601
0.597
0.595
0.592
0.594
0.617
0.6
0.595
0.608
0.6
0.593
0.595
0.601
0.593
0.594
0.601
0.59
0.592
0.584
0.582
0.558
0.621
0.607
0.602
0.632
0.655
0.649
0.622
0.619
0.615
0.625
0.616
0.621
0.604
0.606
0.596
0.594
0.592
0.6705197
0.6305191
0.579
0.581
0.578
0.567
0.567
0.566
0.562
0.553
0.555
0.56
0.565
0.561
0.556
0.569
0.567
0.583
0.587
0.583
0.592
0.606
0.596
0.601
0.601
0.615
0.608
0.619
0.623
0.64
0.644
0.625
0.622
0.625
0.63
0.63
0.62
0.638
0.659
0.635
0.637
0.631
0.658
0.625
0.62
0.626
0.617
0.619
0.612
0.606
0.621
0.621
0.611
0.624
0.633
0.623
0.626
0.632
0.62
0.624
0.63
0.628
0.625
0.625
0.629
0.63
0.606
0.607
0.606
0.607
0.595
0.592
0.587
0.593
0.592
0.598
0.601
0.598
0.604
0.606
0.593
0.599
0.608
0.596
0.612
0.6
0.599
0.612
0.624
0.614
0.611
0.613
0.626
0.622
0.614
0.618
0.616
0.614
0.61
0.619
0.623
0.616
0.615
0.623
0.634
0.639
0.625
0.63
0.63
0.632
0.631
0.625
0.621
0.637
0.634
0.624
0.63
0.644
0.648
0.644
0.645
0.666
0.649
0.647
0.65
0.671
0.657
0.659
0.635
0.635
0.64
0.652
0.635
0.641
0.633
0.639
0.645
0.649
0.632
0.627
0.641
0.626
0.619
0.621
0.622
0.625
0.621
0.613
0.609
0.632
0.683
0.662
0.644
0.651
0.639
0.657
0.646
0.64
0.639
0.632
0.625
0.634
0.649
0.646
0.657
0.664
0.654
0.647
0.629
0.631
0.605
0.667
0.625
0.638
0.611
0.614
0.609
0.602
0.597
0.588
0.587
0.577
0.571
0.573
0.569
0.564
0.563
0.563
0.561
0.564
0.562
0.56
0.553
0.557
0.557
0.558
0.555
0.561
0.563
0.577
0.574
0.572
0.566
0.566
0.563
0.563
0.561
0.555
0.549
0.544
0.544
0.541
0.536
0.535
0.531
0.527
0.527
0.528
0.527
0.574633
0.5929772
0.5765854
0.6734228
0.6481049
0.6030179
0.6261756
0.53
0.532
0.539
0.55
0.549
0.546
0.55
0.557
0.546
0.551
0.544
0.54
0.542
0.541
0.537
0.536
0.541
0.544
0.534
0.543
0.551
0.557
0.564
0.558
0.552
0.562
0.559
0.558
0.552
0.552
0.552
0.563
0.57
0.563
0.571
0.583
0.59
0.582
0.583
0.597
0.609
0.614
0.597
0.593
0.584
0.59
0.583
0.583
0.588
0.591
0.599
0.597
0.594
0.597
0.602
0.59
0.593
0.596
0.595
0.592
0.594
0.597
0.597
0.6
0.596
0.589
0.6
0.631
0.617
0.607
0.603
0.602
0.6
0.601
0.598
0.611
0.611
0.597
0.589
0.606
0.609
0.594
0.594
0.602
0.603
0.6
0.602
0.6
0.607
0.598
0.602
0.611
0.613
0.608
0.611
0.614
0.633
0.616
0.619
0.614
0.622
0.616
0.612
0.61
0.62
0.625
0.612
0.611
0.622
0.616
0.613
0.616
0.619
0.621
0.609
0.61
0.607
0.622
0.609
0.616
0.63
0.604318
0.6025934
0.5937049
0.5992994
0.668
0.668
0.665
0.661
0.653
0.64
0.643
0.658
0.645
0.652
0.66
0.697
0.671
0.66
0.654
0.669
0.665
0.658
0.655
0.665
0.657
0.656
0.626
0.644
0.63
0.644
0.62
0.639
0.64
0.653
0.631
0.639
0.625
0.649
0.652
0.64
0.634
0.646
0.637
0.64
0.654
0.636
0.647
0.637
0.626
0.636
0.624
0.623
0.623
0.624
0.612
0.623
0.62
0.621
0.632
0.628
0.628
0.626
0.642
0.661
0.663
0.633
0.652
0.652
0.649
0.625
0.642
0.639
0.653
0.633
0.647
0.65
0.67
0.651
0.657
0.676
0.678
0.65
0.648
0.648
0.656
0.647
0.661
0.659
0.674
0.667
0.642
0.665
0.662
0.668
0.647
0.664
0.666
0.678
0.652
0.652
0.648
0.667
0.644
0.66
0.658
0.684
0.654
0.65
0.646
0.657
0.652
0.642
0.644
0.656
0.648
0.637
0.659
0.657
0.679
0.647
0.648
0.657
0.67
0.661
0.645
0.645
0.655
0.669
0.662
0.652
0.66
0.66
0.658
0.64
0.65
0.66
0.677
0.656
0.652
0.665
0.697
0.677
0.653
0.642
0.648
0.659
0.643
0.649
0.618
0.625
0.609
0.61
0.599
0.601
0.693
0.66
0.64
0.64
0.637
0.636
0.627
0.638
0.633
0.644
0.628
0.622
0.62
0.623
0.63
0.624
0.625
0.626
0.624
0.625
0.603
0.603
0.606
0.604
0.612
0.623
0.641
0.639
0.638
0.66
0.643
0.627
0.64
0.648
0.639
0.625
0.633
0.634
0.623
0.615
0.625
0.635
0.621
0.629
0.645
0.627
0.622
0.625
0.617
0.623
0.623
0.619
0.611
0.604
0.608
0.604
0.616
0.633
0.632
0.625
0.639
0.663
0.645
0.634
0.646
0.644
0.674
0.629
0.635
0.632
0.647
0.627
0.637
0.637
0.637
0.624
0.628
0.632
0.639
0.63
0.647
0.652
0.672
0.646
0.662
0.652
0.651
0.654
0.669
0.663
0.669
0.664
0.666
0.675
0.658
0.654
0.664
0.673
0.656
0.646
0.658
0.672
0.672
0.668
0.676
0.69
0.67
0.667
0.67
0.656
0.643
0.652
0.672
0.664
0.649
0.666
0.664
0.667
0.671
0.676
0.689
0.657
0.683
0.67
0.689
0.653
0.666
0.665
0.682
0.64
0.645
0.635
0.628
0.643
0.651
0.651
0.639
0.653
0.641
0.635
0.624
0.635
0.651
0.647
0.642
0.655
0.669
0.675
0.651
0.658
0.649
0.688
0.636
0.65
0.655
0.692
0.641
0.651
0.658
0.673
0.653
0.646
0.664
0.667
0.677
0.652
0.635
0.683
0.666
0.651
0.702
0.631
0.642
0.63
0.617
0.617
0.603
0.604
0.601
0.598
0.591
0.592
0.601
0.599
0.598
0.602
0.604
0.605
0.614
0.621
0.619
0.606
0.604
0.598
0.587
0.584
0.586
0.58
0.574
0.573
0.577
0.571
0.572
0.569
0.576
0.59
0.584
0.583
0.572
0.577
0.581
0.583
0.591
0.6
0.61
0.639
0.656
0.656
0.654
0.661
0.684
0.641
0.651
0.629
0.616
0.609
0.601
0.599
0.593
0.595
0.586
0.576
0.57
0.571
0.597
0.595
0.595
0.578
0.582
0.579
0.568
0.569
0.573
0.574
0.575
0.58
0.591
0.599
0.61
0.607
0.611
0.615
0.64
0.637
0.66
0.646
0.636
0.692
0.685
0.646
0.697
0.702
0.665
0.646
0.664
0.669
0.651
0.708
0.706
0.688
0.728
0.692
0.67
0.647
0.637
0.633
0.631
0.628
0.64
0.656
0.657
0.654
0.653
0.653
0.674
0.669
0.652
0.686
0.709
0.716
0.671
0.678
0.665
0.655
0.655
0.643
0.664
0.64
0.659
0.676
0.669
0.673
0.655
0.665
0.686
0.694
0.656
0.676
0.678
0.663
0.67
0.668
0.674
0.659
0.666
0.665
0.663
0.644
0.655
0.668
0.706
0.68
0.676
0.662
0.686
0.668
0.672
0.679
0.662
0.672
0.644
0.66
0.658
0.664
0.647
0.644
0.652
0.677
0.65
0.65
0.647
0.669
0.641
0.659
0.66
0.66
0.645
0.648
0.664
0.639
0.65
0.653
0.644
0.643
0.652
0.675
0.656
0.651
0.661
0.674
0.676
0.657
0.662
0.658
0.655
0.668
0.65
0.662
0.645
0.636
0.648
0.654
0.656
0.646
0.641
0.654
0.655
0.642
0.64
0.658
0.665
0.654
0.649
0.664
0.681
0.645
0.664
0.65
0.67
0.643
0.645
0.65
0.664
0.656
0.65
0.659
0.671
0.67
0.65
0.66
0.676
0.657
0.652
0.666
0.67
0.66
0.659
0.662
0.667
0.652
0.657
0.662
0.673
0.658
0.658
0.665
0.674
0.655
0.664
0.664
0.666
0.654
0.669
0.666
0.666
0.646
0.666
0.668
0.668
0.643
0.659
0.653
0.675
0.649
0.656
0.666
0.69
0.66
0.668
0.684
0.67
0.68
0.66
0.671
0.675
0.716
0.677
0.705
0.666
0.679
0.645
0.647
0.634
0.637
0.638
0.64
0.621
0.625
0.633
0.633
0.655
0.637
0.653
0.642
0.648
0.642
0.641
0.636
0.642
0.635
0.642
0.645
0.661
0.663
0.65
0.676
0.674
0.685
0.672
0.688
0.665
0.692
0.676
0.655
0.648
0.7138229
0.6650801
0.6700601
0.6736431
0.701949
0.75
0.696
0.704
0.71
0.696
0.689
0.699
0.685
0.703
0.707
0.682
0.693
0.729
0.685
0.699
0.675
0.682
0.709
0.681
0.699
0.651
0.663
0.655
0.659
0.643
0.658
0.648
0.658
0.635
0.658
0.662
0.674
0.648
0.676
0.675
0.689
0.662
0.672
0.672
0.675
0.665
0.683
0.669
0.696
0.669
0.682
0.67
0.672
0.656
0.678
0.668
0.658
0.664
0.679
0.67
0.701
0.691
0.684
0.687
0.705
0.708
0.686
0.697
0.71
0.687
0.701
0.683
0.694
0.7
0.688
0.668
0.683
0.684
0.686
0.687
0.665
0.673
0.675
0.676
0.663
0.705
0.677
0.678
0.691
0.664
0.669
0.673
0.681
0.664
0.662
0.674
0.672
0.662
0.649
0.657
0.665
0.666
0.663
0.665
0.66
0.653
0.658
0.671
0.654
0.649
0.651
0.653164
0.684
0.658
0.657
0.665
0.66
0.641
0.654
0.635
0.668
0.663
0.69
0.671
0.664
0.67
0.656
0.665
0.659
0.653
0.64
0.653
0.66
0.666
0.661
0.662
0.643
0.657
0.679
0.708
0.712
0.708
0.696
0.676
0.724
0.686
0.715
0.708
0.7
0.7
0.684
0.695
0.687
0.684
0.717
0.707
0.691
0.697
0.692
0.694
0.72
0.698
0.698
0.715
0.7
0.688
0.709
0.682
0.706
0.712
0.714
0.716
0.703
0.72
0.701
0.708
0.699
0.698
0.708
0.692
0.69
0.686
0.665
0.679
0.68
0.693
0.674
0.684
0.666
0.683
0.675
0.675
0.661
0.668
0.67
0.651
0.656
0.658
0.657
0.653
0.649
0.652
0.661
0.668
0.653
0.715
0.724
0.637324
0.7136024
0.6530121
0.722
0.708
0.694
0.674
0.665
0.648
0.647
0.64
0.619
0.636
0.633
0.651
0.654
0.65
0.65
0.639
0.629
0.64
0.655
0.641
0.661
0.646
0.639
0.652
0.658
0.673
0.659
0.651
0.65
0.657
0.657
0.666
0.666
0.678
0.663
0.673
0.685
0.696
0.705
0.688
0.7
0.679
0.693
0.701
0.683
0.695
0.706
0.6427518
0.6280235
0.626589
0.6468696
0.6809145
0.729
0.717
0.708
0.706
0.707
0.695
0.691
0.674
0.683
0.684
0.691
0.691
0.704
0.681
0.698
0.697
0.693
0.708
0.675
0.708
0.654
0.677
0.666
0.667
0.673
0.673
0.666
0.687
0.666
0.703
0.664
0.685
0.672
0.689
0.687
0.69
0.686
0.666
0.684
0.691
0.677
0.668
0.677
0.687
0.666
0.667
0.679
0.681
0.671
0.68
0.681
0.664
0.677
0.673
0.7
0.679
0.685
0.682
0.682
0.674
0.681
0.665
0.658
0.667
0.657
0.678
0.686
0.689
0.701
0.669
0.669
0.655
0.666
0.659
0.665
0.641
0.655
0.65
0.673
0.663
0.657
0.663
0.664
0.663
0.649
0.66
0.659
0.669
0.66
0.661
0.666
0.66
0.656
0.662
0.676
0.673
0.662
0.666
0.681
0.657
0.653
0.647
0.65
0.649
0.636
0.647
0.645
0.634
0.644
0.642
0.648
0.642
0.65
0.681
0.663
0.66
0.664
0.674
0.66
0.651
0.674
0.67
0.66
0.657
0.682
0.662
0.661
0.663
0.666
0.675
0.643
0.645
0.648
0.65
0.638
0.662
0.664
0.662
0.647
0.662
0.677
0.666
0.657
0.67
0.664
0.651
0.656
0.662
0.66
0.657
0.656
0.661
0.665
0.66
0.649
0.649
0.67
0.668
0.65
0.663
0.65
0.646
0.643
0.639
0.631
0.634
0.645
0.64
0.649
0.627
0.631
0.619
0.615
0.604
0.614
0.645
0.664
0.641
0.646
0.644
0.632
0.637
0.638
0.64
0.625
0.622
0.628
0.637
0.619
0.63
0.628
0.613
0.614
0.62
0.634
0.631
0.644
0.629
0.645
0.64
0.644
0.642
0.636
0.644
0.636
0.635
0.625
0.631
0.634
0.622
0.616
0.625
0.642
0.63
0.628
0.644
0.636
0.629
0.617
0.625
0.623
0.617
0.622
0.614
0.619
0.611
0.602
0.606
0.615
0.605
0.597
0.607
0.592
0.597
0.617
0.633
0.632
0.629
0.636
0.653
0.648
0.625
0.641
0.63
0.635
0.625
0.636
0.634
0.639
0.635
0.639
0.649
0.643
0.636
0.644
0.632
0.628
0.646
0.65
0.641
0.631
0.626
0.639
0.641
0.632
0.628
0.625
0.635
0.641
0.629
0.641
0.652
0.629
0.622
0.628
0.627
0.618
0.616
0.615
0.629
0.614
0.611
0.618
0.621
0.623
0.617
0.625
0.635
0.634
0.645
0.643
0.653
0.643
0.668
0.666
0.664
0.642
0.646
0.645
0.639
0.632
0.636
0.637
0.632
0.62
0.621
0.616
0.629
0.623
0.623
0.625
0.6728274
0.723
0.708
0.708
0.664
0.67
0.666
0.653
0.643
0.648
0.644
0.656
0.64
0.635
0.637
0.647
0.641
0.649
0.648
0.648
0.666
0.639
0.644
0.649
0.638
0.643
0.65
0.649
0.641
0.644
0.653
0.634
0.631
0.636
0.634
0.631
0.629
0.634
0.636
0.624
0.625
0.634
0.629
0.628
0.63
0.629
0.627
0.626
0.63
0.637
0.622
0.631
0.634
0.67
0.632
0.644
0.638
0.643
0.636
0.644
0.666
0.648
0.649
0.665
0.662
0.649
0.646
0.637
0.635
0.63
0.636
0.64
0.634
0.63
0.624
0.625
0.627
0.626
0.625
0.629
0.632
0.625
0.62
0.612
0.608
0.619
0.608
0.625
0.626
0.638
0.621
0.62
0.618
0.616
0.602
0.604
0.602
0.605
0.601
0.608
0.612
0.598
0.598
0.594
0.593
0.592
0.598
0.595
0.585
0.585
0.591
0.593
0.594
0.591
0.602
0.615
0.624
0.618
0.626
0.631
0.623
0.618
0.63
0.638
0.62
0.623
0.627
0.626
0.631
0.628
0.628
0.632
0.63
0.621
0.625
0.618
0.611
0.613
0.623
0.621
0.62
0.617
0.615
0.622
0.612
0.617
0.612
0.611
0.605
0.604
0.601
0.611
0.604
0.601
0.604
0.61
0.613
0.612
0.605
0.609
0.605
0.61
0.616
0.617
0.617
0.619
0.628
0.627
0.667
0.65
0.68
0.648
0.648
0.644
0.64
0.635
0.627
0.619
0.624
0.635
0.627
0.628
0.621
0.62
0.625
0.621
0.625
0.632
0.62
0.62
0.62
0.627
0.621
0.62
0.628
0.636
0.625
0.625
0.626
0.627
0.617
0.615
0.606
0.606
0.605
0.61
0.619
0.617
0.622
0.633
0.634
0.646
0.676
0.662
0.663
0.687
0.6496181
0.688
0.655
0.647
0.642
0.641
0.624
0.628
0.627
0.628
0.614
0.617
0.618
0.61
0.615
0.617
0.624
0.616
0.627
0.628
0.626
0.619
0.623
0.648
0.631
0.645
0.653
0.644
0.625
0.636
0.639
0.62
0.622
0.625
0.634
0.626
0.621
0.618
0.612
0.606
0.603
0.605
0.596
0.617
0.683
0.677
0.669
0.65
0.671
0.647
0.633
0.629
0.622
0.628
0.617
0.625
0.629
0.622
0.626
0.629
0.634
0.631
0.623
0.632
0.626
0.622
0.614
0.62
0.618
0.619
0.618
0.614
0.617
0.617
0.619
0.611
0.608
0.611
0.61
0.614
0.612
0.614
0.625
0.625
0.64
0.627
0.64
0.644
0.642
0.651
0.654
0.64
0.639
0.649
0.688
0.644
0.634
0.621
0.621
0.621
0.619
0.629
0.627
0.628
0.624
0.62
0.619
0.614
0.617
0.615
0.611
0.605
0.605
0.61
0.612
0.613
0.609
0.604
0.597
0.595
0.606
0.607
0.607
0.605
0.603
0.605
0.613
0.609
0.611
0.621
0.624
0.622
0.615
0.619
0.621
0.614
0.611
0.617
0.618
0.606
0.607
0.603
0.608
0.605
0.62
0.63
0.632
0.63
0.626
0.623
0.628
0.618
0.633
0.641
0.648
0.628
0.634
0.652
0.649
0.646
0.658
0.684
0.686
0.672
0.654
0.659
0.666
0.661
0.67
0.684
0.684
0.677
0.666
0.693
0.697
0.709
0.688
0.674
0.691
0.679
0.659
0.647
0.637
0.64
0.624
0.62
0.624
0.627
0.636
0.629
0.625
0.621
0.624
0.607
0.621
0.612
0.618
0.606
0.615
0.625
0.636
0.626
0.629
0.646
0.648
0.647
0.633
0.642
0.637
0.639
0.634
0.643
0.654
0.664
0.67
0.664
0.676
0.654
0.641
0.628
0.642
0.633
0.621
0.61
0.619
0.615
0.615
0.62
0.629
0.642
0.639
0.64
0.642
0.628
0.629
0.624
0.625
0.616
0.609
0.615
0.623
0.618
0.628
0.63
0.62
0.616
0.624
0.63
0.636
0.633
0.638
0.647
0.651
0.654
0.641
0.639
0.627
0.629
0.616
0.618
0.639
0.651
0.671
0.651
0.651
0.653
0.653
0.647
0.64
0.631
0.636
0.63
0.632
0.629
0.637
0.642
0.653
0.659
0.651
0.66
0.647
0.63
0.644
0.648
0.643
0.643
0.634
0.618
0.62
0.63
0.621
0.63
0.632
0.65
0.633
0.625
0.629
0.626
0.616
0.624
0.62
0.618
0.614
0.635
0.657
0.622
0.633
0.622
0.611
0.609
0.602
0.602
0.6
0.593
0.598
0.607
0.608
0.617
0.624
0.617
0.618
0.61
0.613
0.604
0.601
0.606
0.618
0.623
0.614
0.631
0.648
0.624
0.634
0.624
0.631
0.619
0.623
0.615
0.606
0.592
0.593
0.593
0.595
0.605
0.615
0.617
0.613
0.603
0.604
0.597
0.593
0.6
0.606
0.619
0.618
0.618
0.619
0.63
0.619
0.624
0.622
0.621
0.625
0.608
0.601
0.6
0.601
0.605
0.625
0.635
0.642
0.642
0.653
0.637
0.633
0.642
0.637
0.623
0.62
0.625
0.628
0.612
0.619
0.624
0.618
0.61
0.613
0.608
0.614
0.606
0.578
0.607
0.638
0.647
0.664
0.63
0.639
0.642
0.626
0.633
0.624
0.623
0.61
0.602
0.608
0.614
0.607
0.613
0.614
0.608
0.61
0.617
0.623
0.619
0.607
0.617
0.624
0.628
0.631
0.673
0.65
0.646
0.633
0.649
0.655
0.653
0.631
0.629
0.631
0.618
0.624
0.627
0.628
0.634
0.624
0.62
0.62
0.618
0.625
0.659
0.636
0.653
0.65
0.65
0.636
0.64
0.628
0.625
0.617
0.622
0.624
0.631
0.628
0.639
0.637
0.651
0.646
0.648
0.634
0.633
0.632
0.622
0.615
0.624
0.624
0.641
0.63
0.626
0.625
0.62
0.616
0.628
0.637
0.641
0.641
0.637
0.66
0.665
0.691
0.681
0.676
0.65
0.665
0.653
0.657
0.649
0.662
0.687
0.639
0.638
0.633
0.633
0.623
0.631
0.627
0.619
0.628
0.646
0.669
0.664
0.655
0.672
0.641
0.654
0.652
0.679
0.666
0.659
0.645
0.653
0.653
0.64
0.635
0.639
0.653
0.638
0.651
0.647
0.649
0.642
0.638
0.625
0.623
0.62
0.608
0.609
0.602
0.6
0.611
0.636
0.639
0.659
0.662
0.682
0.659
0.671
0.672
0.653
0.656
0.645
0.65
0.635
0.668
0.642
0.645
0.643
0.666
0.691
0.659
0.668
0.65
0.658
0.659
0.655
0.645
0.654
0.661
0.677
0.637
0.661
0.68
0.656
0.64
0.635
0.631
0.627
0.624
0.629
0.641
0.638
0.635
0.626
0.626
0.625
0.633
0.63
0.625
0.626
0.627
0.703
0.666
0.672
0.667
0.654
0.649
0.656
0.636
0.644
0.629
0.621
0.618
0.627
0.63
0.669
0.647
0.651
0.674
0.652
0.646
0.64
0.642
0.64
0.634
0.633
0.632
0.632
0.625
0.64
0.654
0.65
0.659
0.65
0.636
0.645
0.64
0.67
0.647
0.653
0.657
0.665
0.659
0.662
0.658
0.666
0.668
0.65
0.653
0.666
0.67
0.68
0.648
0.677
0.655
0.653
0.668
0.663
0.663
0.659
0.663
0.655
0.644
0.647
0.655
0.644
0.638
0.65
0.647
0.64
0.635
0.629
0.629
0.628
0.637
0.641
0.63
0.626
0.632
0.637
0.64
0.646
0.654
0.637
0.643
0.632
0.634
0.654
0.638
0.638
0.634
0.65
0.647
0.642
0.632
0.625
0.62
0.622
0.613
0.624
0.629
0.625
0.64
0.644
0.642
0.637
0.64
0.63
0.629
0.619
0.627
0.628
0.67
0.659
0.649
0.655
0.633
0.644
0.644
0.65
0.663
0.645
0.639
0.626
0.626
0.619
0.61
0.604
0.612
0.613
0.64
0.641
0.643
0.653
0.649
0.655
0.641
0.641
0.656
0.643
0.641
0.639
0.644
0.647
0.64
0.652
0.651
0.69
0.663
0.653
0.657
0.652
0.649
0.652
0.646
0.658
0.651
0.651
0.654
0.682
0.658
0.687
0.645
0.669
0.666
0.673
0.667
0.666
0.687
0.687
0.67
0.656
0.666
0.668
0.664
0.668
0.66
0.66
0.646
0.638
0.625
0.62
0.613
0.614
0.632
0.687
0.67
0.655
0.645
0.624
0.625
0.626
0.625
0.642
0.628
0.631
0.62
0.625
0.625
0.637
0.655
0.647
0.636
0.637
0.648
0.651
0.654
0.64
0.643
0.653
0.646
0.641
0.652
0.662
0.658
0.655
0.65
0.648
0.645
0.64
0.632
0.623
0.627
0.625
0.64
0.639
0.645
0.64
0.633
0.639
0.622
0.623
0.629
0.625
0.647
0.653
0.673
0.641
0.647
0.652
0.643
0.637
0.643
0.657
0.666
0.638
0.642
0.644
0.655
0.647
0.642
0.648
0.642
0.644
0.643
0.645
0.651
0.657
0.641
0.647
0.64
0.639
0.631
0.633
0.628
0.63
0.656
0.649
0.676
0.647
0.651
0.652
0.648
0.642
0.636
0.626
0.622
0.618
0.62
0.623
0.622
0.613
0.625
0.626
0.634
0.627
0.627
0.624
0.631
0.625
0.612
0.617
0.624
0.627
0.646
0.631
0.639
0.642
0.641
0.627
0.633
0.643
0.634
0.623
0.617
0.619
0.625
0.626
0.631
0.635
0.646
0.633
0.626
0.618
0.615
0.616
0.616
0.631
0.644
0.637
0.636
0.626
0.629
0.627
0.615
0.623
0.614
0.615
0.616
0.618
0.615
0.618
0.627
0.62
0.613
0.612
0.616
0.612
0.613
0.618
0.692
0.666
0.662
0.653
0.64
0.623
0.621
0.617
0.621
0.616
0.627
0.624
0.622
0.625
0.632
0.627
0.624
0.637
0.639
0.649
0.641
0.649
0.64
0.635
0.633
0.633
0.617
0.611
0.615
0.622
0.636
0.629
0.628
0.635
0.635
0.635
0.632
0.626
0.63
0.625
0.624
0.615
0.608
0.606
0.607
0.618
0.627
0.643
0.638
0.626
0.625
0.623
0.614
0.621
0.662
0.625
0.633
0.623
0.626
0.641
0.641
0.635
0.639
0.645
0.651
0.642
0.641
0.641
0.659
0.647
0.647
0.65
0.664
0.638
0.639
0.626
0.629
0.622
0.646
0.649
0.641
0.646
0.638
0.634
0.633
0.621
0.621
0.625
0.64
0.645
0.638
0.667
0.655
0.669
0.653
0.645
0.649
0.638
0.651
0.638
0.641
0.63
0.633
0.638
0.636
0.642
0.647
0.67
0.645
0.644
0.645
0.656
0.647
0.666
0.643
0.637
0.639
0.623
0.625
0.63
0.628
0.633
0.647
0.646
0.649
0.651
0.642
0.64
0.652
0.66
0.65
0.643
0.641
0.632
0.634
0.635
0.629
0.625
0.628
0.631
0.636
0.624
0.619
0.625
0.637
0.636
0.639
0.64
0.64
0.634
0.625
0.619
0.648
0.639
0.644
0.64
0.627
0.645
0.636
0.642
0.654
0.642
0.648
0.639
0.645
0.65
0.637
0.651
0.656
0.672
0.675
0.669
0.671
0.691
0.699
0.699
0.676
0.694
0.666
0.679
0.674
0.65
0.657
0.663
0.676
0.666
0.66
0.674
0.666
0.666
0.664
0.672
0.677
0.695
0.657
0.676
0.661
0.709
0.687
0.688
0.665
0.67
0.66
0.666
0.667
0.691
0.688
0.691
0.69
0.666
0.692
0.672
0.667
0.663
0.671
0.663
0.667
0.698
0.668
0.705
0.671
0.684
0.693
0.674
0.671
0.679
0.687
0.695
0.651
0.65
0.644
0.642
0.651
0.648
0.662
0.669
0.68
0.649
0.666
0.687
0.669
0.684
0.656
0.66
0.6520341
0.6642405
0.742
0.736
0.725
0.6427595
0.721
0.692
0.691
0.695
0.699
0.699
0.701
0.669
0.7
0.664
0.681
0.68
0.693
0.697
0.706
0.708
0.676
0.686
0.676
0.678
0.685
0.689
0.679
0.681
0.71
0.702
0.672
0.673
0.685
0.681
0.694
0.681
0.678
0.703
0.666
0.707
0.676
0.691
0.664
0.659
0.658
0.677
0.67
0.692
0.674
0.703
0.668
0.666
0.683
0.686
0.703
0.685
0.704
0.682
0.699
0.68
0.704
0.678
0.669
0.668
0.659
0.664
0.656
0.656
0.658
0.657
0.666
0.655
0.682
0.691
0.67
0.68
0.668
0.656
0.653
0.638
0.639
0.625
0.63
0.633
0.645
0.628
0.646
0.647
0.643
0.65
0.641
0.645
0.654
0.654
0.664
0.658
0.66
0.664
0.691
0.666
0.709
0.702
0.697
0.666
0.699
0.656
0.692
0.652
0.676
0.66
0.657
0.654
0.645
0.658
0.645
0.641
0.625
0.636
0.641
0.66
0.64
0.657
0.639
0.643
0.657
0.658
0.652
0.65
0.647
0.642
0.64
0.645
0.65
0.671
0.657
0.664
0.651
0.653
0.649
0.648
0.658
0.657
0.66
0.682
0.655
0.66
0.637
0.635
0.635
0.647
0.643
0.653
0.65
0.648
0.638
0.649
0.666
0.659
0.698
0.671
0.692
0.676
0.676
0.674
0.661
0.671
0.653
0.665
0.659
0.655
0.649
0.674
0.694
0.716
0.713
0.708
0.676
0.678
0.666
0.667
0.661
0.651
0.676
0.664
0.674
0.663
0.707
0.693
0.7
0.679
0.701
0.681
0.678
0.68
0.709
0.707
0.691
0.71
0.704
0.692
0.702
0.681
0.666
0.677
0.697
0.683
0.683
0.701
0.697
0.715
0.706
0.693
0.686
0.688
0.66
0.678
0.685
0.672
0.689
0.709
0.718
0.723
0.697
0.698
0.686
0.682
0.697
0.675
0.668
0.681
0.698
0.679
0.673
0.659
0.666
0.66
0.688
0.671
0.669
0.671
0.671
0.676
0.691
0.66
0.666
0.674
0.681
0.67
0.674
0.678
0.679
0.659
0.652
0.646
0.637
0.63
0.62
0.62
0.625
0.619
0.617
0.615
0.616
0.655
0.637
0.637
0.646
0.644
0.642
0.642
0.641
0.638
0.64
0.645
0.639
0.649
0.632
0.662
0.656
0.664
0.644
0.666
0.673
0.687
0.652
0.678
0.68
0.655
0.652
0.643
0.643
0.633
0.624
0.633
0.64
0.662
0.641
0.642
0.657
0.668
0.649
0.643
0.632
0.644
0.632
0.627
0.631
0.642
0.632
0.634
0.635
0.65
0.64
0.655
0.657
0.647
0.66
0.675
0.671
0.665
0.671
0.712
0.707
0.687
0.6656223
0.754
0.734
0.713
0.696
0.685
0.721
0.68
0.715
0.712
0.701
0.706
0.702
0.717
0.704
0.683
0.681
0.701
0.663
0.663
0.689
0.67
0.705
0.683
0.677
0.668
0.698
0.712
0.733
0.735
0.735
0.698
0.713
0.695
0.684
0.672
0.673
0.705
0.655
0.662
0.666
0.679
0.673
0.669
0.684
0.706
0.709
0.692
0.754
0.73
0.72
0.71
0.714
0.731
0.718
0.717
0.708
0.701
0.713
0.666
0.673
0.667
0.671
0.66
0.659
0.655
0.701
0.699
0.659
0.669
0.65
0.663
0.668
0.662
0.676
0.69
0.695
0.713
0.724
0.692
0.705
0.708
0.681
0.708
0.69
0.739
0.705
0.693
0.711
0.671
0.679
0.678
0.674
0.703
0.666
0.711
0.675
0.701
0.661
0.662
0.667
0.69
0.648
0.67
0.661
0.667
0.675
0.651
0.651
0.652
0.665
0.666
0.646
0.659
0.698
0.657
0.662
0.651
0.669
0.682
0.676
0.67
0.67
0.694
0.668
0.697
0.654
0.672
0.671
0.669
0.66
0.652
0.666
0.667
0.666
0.668
0.661
0.666
0.676
0.673
0.657
0.653
0.659
0.664
0.655
0.65
0.641
0.647
0.655
0.644
0.644
0.64
0.653
0.654
0.662
0.687
0.644
0.662
0.65
0.682
0.655
0.662
0.657
0.688
0.67
0.688
0.666
0.697
0.693
0.726
0.728
0.707
0.713
0.716
0.706
0.686
0.693
0.708
0.711
0.687
0.678
0.681
0.68
0.6907991
0.6362484
0.7210278
0.662319
0.725
0.708
0.721
0.709
0.706
0.691
0.688
0.707
0.717
0.724
0.702
0.727
0.7
0.696
0.694
0.68
0.712
0.705
0.719
0.688
0.685
0.68
0.686
0.662
0.656
0.645
0.646
0.63
0.631
0.634
0.676
0.66
0.646
0.646
0.656
0.651
0.656
0.67
0.664
0.69
0.655
0.651
0.643
0.65
0.654
0.671
0.669
0.698
0.71
0.661487
0.732
0.738
0.719
0.72
0.683
0.681
0.67
0.706
0.68
0.701
0.67
0.719
0.684
0.716
0.672
0.689
0.677
0.71
0.685
0.667
0.688
0.685
0.679
0.675
0.666
0.689
0.679
0.704
0.699
0.674
0.722
0.72
0.6288569
0.725
0.697
0.706
0.703
0.706
0.666
0.675
0.674
0.7
0.672
0.675
0.688
0.693
0.675
0.662
0.672
0.679
0.69
0.67
0.67
0.675
0.724
0.715
0.711
0.708
0.688
0.683
0.675
0.688
0.681
0.675
0.67
0.7
0.701
0.669
0.674
0.712
0.704
0.673
0.67
0.657
0.67
0.673
0.666
0.662
0.654
0.714
0.718
0.711
0.706
0.718
0.675
0.709
0.668
0.684
0.69
0.674
0.687
0.722
0.72
0.687
0.681
0.659
0.702
0.717
0.662
0.715
0.687
0.691
0.691
0.67
0.704
0.699
0.664
0.684
0.671
0.698
0.668
0.672
0.671
0.662
0.701
0.66
0.713
0.682
0.672
0.671
0.644
0.659
0.664
0.671
0.685
0.668
0.689
0.685
0.705
0.687
0.703
0.671
0.703
0.6161454
0.5946625
0.712
0.689
0.715
0.7
0.6258822
0.6428527
0.6398978
0.694
0.6077716
0.69
0.711
0.673
0.671
0.672
0.675
0.672
0.662
0.665
0.666
0.692
0.667
0.681
0.673
0.698
0.6035278
0.704
0.678
0.6109519
0.709
0.6675952
0.5920154
0.686
0.7
0.673
0.707
0.67
0.67
0.669
0.666
0.66
0.654
0.649
0.662
0.686
0.675
0.668
0.666
0.679
0.683
0.66
0.676
0.67
0.613771
0.682
0.701
0.687
0.6722887
0.678
0.695
0.674
0.68
0.676
0.68
0.657
0.661
0.662
0.667
0.66
0.645
0.649
0.653
0.664
0.641
0.64
0.65
0.652
0.666
0.648
0.662
0.679
0.689
0.675
0.669
0.692
0.68
0.6078994
0.685
0.5714297
0.691
0.5908534
0.6235266
0.689
0.681
0.5982231
0.5926728
0.5986861
0.610892
0.661
0.655
0.654
0.673
0.685
0.686
0.6525254
0.689
0.6038536
0.686
0.6368912
0.682
0.676
0.6234152
0.6019251
0.5611333
0.589879
0.5905798
0.667
0.6055597
0.679
0.679
0.68
0.666
0.656
0.685
0.6401242
0.6683488
0.6468521
0.5986066
0.658
0.644
0.632
0.621
0.611
0.606
0.6
0.597
0.596
0.592
0.592
0.589
0.59
0.577
0.572
0.568
0.563
0.562
0.559
0.557
0.554
0.548
0.551
0.546
0.543
0.544
0.541
0.538
0.537
0.534
0.528
0.526
0.528
0.533
0.527
0.523
0.526
0.527
0.52
0.515
0.514
0.525
0.537
0.533
0.529
0.525
0.533
0.533
0.519
0.528
0.527
0.522
0.52
0.532
0.524
0.522
0.527
0.531
0.522
0.532
0.531
0.527
0.534
0.532
0.528
0.532
0.529
0.525
0.524
0.531
0.523
0.529
0.526
0.525
0.52
0.526
0.517
0.519
0.521
0.518
0.511
0.517
0.515
0.514
0.5444265
0.509
0.583452
0.5970765
0.618648
0.6219628
0.6139589
0.5544305
0.6185975
0.5814774
0.5992064
0.5962953
0.6063669
0.5947832
0.5463401
0.61506
0.6049944
0.5863136
0.5972514
0.5976663
0.6001151
0.6406881
0.5874507
0.5984858
0.6270608
0.6237574
0.6263263
0.5770147
0.6507742
0.5953695
0.515
0.537
0.526
0.523
0.519
0.521
0.519
0.513
0.51
0.512
0.508
0.508
0.6464451
0.554378
0.59359
0.6287134
0.5724759
0.5713776
0.508
0.5660086
0.5627226
0.5802982
0.60225
0.5351395
0.5987915
0.507
0.6280537
0.6509389
0.511
0.508
0.6298085
0.6142152
0.5431577
0.51
0.5753016
0.5824169
0.61259
0.5894251
0.5564272
0.6405905
0.6184607
0.508
0.599148
0.6271815
0.507
0.51
0.5539972
0.6111765
0.5773026
0.611802
0.5904903
0.6103205
0.630402
0.5923968
0.6212805
0.558169
0.5715093
0.6355919
0.60292
0.5334136
0.5530867
0.5863487
0.6168452
0.5891566
0.6099146
0.6194819
0.6398395
0.5936351
0.5905373
0.5418674
0.5948487
0.507
0.5756356
0.5641253
0.5868323
0.6210023
0.5349662
0.5797377
0.5952898
0.507
0.5663943
0.508
0.516
0.512
0.513
0.51
0.511
0.507
0.6014624
0.6036773
0.5909617
0.5213717
0.6654546
0.5860286
0.508
0.6105246
0.5997281
0.6212058
0.6152841
0.5858955
0.6027132
0.5648549
0.6164081
0.5787109
0.6610267
0.544675
0.5786303
0.6155122
0.606497
0.5750467
0.563399
0.5960453
0.5915064
0.5407108
0.5929102
0.5973666
0.5969269
0.5617561
0.6055561
0.631373
0.6049958
0.5594691
0.5794947
0.6018603
0.5734583
0.5302557
0.6172695
0.5682571
0.5755832
0.6350116
0.5698585
0.6161988
0.5559552
0.5818807
0.5899249
0.5586089
0.5738877
0.5912262
0.611243
0.5448558
0.5820708
0.6137189
0.5766799
0.5986014
0.6061881
0.5997786
0.6108119
0.5886259
0.5803125
0.5165517
0.5895056
0.6044812
0.6074976
0.5763107
0.6431031
0.511
0.53
0.534
0.549
0.539
0.523
0.527
0.546
0.547
0.54
0.544
0.525
0.522
0.511
0.522
0.528
0.517
0.528
0.539
0.537
0.523
0.526
0.532
0.54
0.538
0.541
0.544
0.546
0.532
0.529
0.539
0.533
0.523
0.525
0.537
0.54
0.529
0.543
0.532
0.537
0.529
0.526
0.529
0.559
0.562
0.568
0.563
0.543
0.558
0.561
0.562
0.55
0.561
0.565
0.571
0.558
0.567
0.575
0.587
0.579
0.581
0.586
0.587
0.577
0.568
0.577
0.572
0.563
0.576
0.584
0.579
0.583
0.588
0.589
0.583
0.589
0.594
0.587
0.569
0.585
0.591
0.587
0.58
0.577
0.579
0.591
0.575
0.583
0.606
0.603
0.588
0.588
0.58
0.565
0.572
0.555
0.571
0.565
0.58
0.567
0.569
0.576
0.566
0.553
0.548
0.546
0.54
0.553
0.552
0.551
0.557
0.551
0.568
0.567
0.551
0.553
0.567
0.567
0.561
0.558
0.564
0.564
0.562
0.571
0.582
0.681
0.603543
0.5990067
0.652
0.63
0.629
0.638
0.616
0.607
0.611
0.624
0.616
0.609
0.618
0.649
0.636
0.625
0.625
0.631
0.623
0.634
0.634
0.64
0.637
0.622
0.649
0.666
0.648
0.629
0.64
0.646
0.634
0.609
0.637
0.643
0.6334041
0.5765175
0.5842421
0.6657539
0.5975532
0.6440166
0.666
0.653
0.633
0.64
0.665
0.652
0.638
0.654
0.656
0.644
0.639
0.669
0.681
0.67
0.639
0.643
0.666
0.638
0.626
0.632
0.646
0.649
0.636
0.65
0.659
0.64
0.624
0.64
0.639
0.611
0.635
0.636
0.648
0.617
0.633
0.634
0.632
0.629
0.635
0.649
0.654
0.629
0.623
0.649
0.5590618
0.5948319
0.684
0.662
0.647
0.649
0.66
0.671
0.654
0.644
0.636
0.639
0.645
0.636
0.639
0.654
0.637
0.625
0.63
0.632
0.637
0.607
0.632
0.623
0.621
0.603
0.626
0.619
0.614
0.597
0.617
0.616
0.617
0.608
0.619
0.626
0.63
0.626
0.636
0.637
0.653
0.648
0.648
0.633
0.638
0.654
0.636
0.632
0.634
0.647
0.665
0.649
0.646
0.648
0.669
0.65
0.641
0.641
0.657
0.666
0.645
0.637
0.643
0.649
0.654
0.642
0.652
0.665
0.665
0.651
0.646
0.659
0.674
0.659
0.651
0.651
0.67
0.663
0.653
0.637
0.652
0.6182766
0.6161388
0.5788969
0.6083172
0.683
0.5771595
0.6284688
0.6392176
0.683
0.69
0.689
0.69
0.674
0.679
0.688
0.682
0.675
0.664
0.5457387
0.683
0.691
0.666
0.679
0.674
0.672
0.655
0.668
0.673
0.672
0.656
0.666
0.661
0.679
0.655
0.641
0.638
0.643
0.68
0.666
0.656
0.664
0.664
0.645
0.629
0.62
0.616
0.606
0.598
0.599
0.615
0.619
0.625
0.632
0.645
0.641
0.635
0.643
0.657
0.641
0.634
0.638
0.64
0.633
0.632
0.632
0.647
0.636
0.632
0.63
0.641
0.632
0.623
0.631
0.64
0.638
0.63
0.64
0.638
0.646
0.632
0.64
0.642
0.631
0.627
0.634
0.644
0.627
0.633
0.635
0.638
0.644
0.625
0.632
0.634
0.632
0.626
0.624
0.628
0.6546229
0.664
0.667
0.655
0.634
0.632
0.632
0.643
0.64
0.633
0.646
0.657
0.642
0.639
0.645
0.647
0.638
0.634
0.648
0.651
0.64
0.647
0.644
0.653
0.636
0.644
0.642
0.648
0.639
0.63
0.639
0.636
0.631
0.628
0.64
0.639
0.644
0.631
0.628
0.636
0.642
0.63
0.637
0.651
0.651
0.66
0.646
0.644
0.63
0.622
0.615
0.63
0.648
0.693
0.655
0.668
0.66
0.67
0.65
0.702
0.683
0.685
0.667
0.665
0.691
0.674
0.666
0.655
0.649
0.655
0.664
0.657
0.669
0.658
0.681
0.5950948
0.711
0.711
0.678
0.681
0.687
0.696
0.686
0.667
0.655
0.652
0.647
0.637
0.627
0.636
0.63
0.624
0.618
0.624
0.622
0.621
0.621
0.628
0.633
0.649
0.636
0.629
0.634
0.642
0.643
0.634
0.639
0.638
0.64
0.639
0.653
0.665
0.673
0.67
0.678
0.675
0.711
0.665
0.6510094
0.71
0.6572379
0.716
0.71
0.683
0.693
0.711
0.691
0.693
0.712
0.692
0.6344695
0.716
0.71
0.696
0.685
0.667
0.683
0.673
0.674
0.672
0.662
0.665
0.654
0.671
0.655
0.652
0.669
0.659
0.655
0.644
0.666
0.625672
0.6490442
0.702
0.722
0.712
0.723
0.715
0.707
0.699
0.711
0.708
0.708
0.6589905
0.6718992
0.722
0.717
0.709
0.727
0.71
0.697
0.708
0.717
0.72
0.708
0.697
0.686
0.68
0.684
0.694
0.699
0.69
0.67
0.684
0.669
0.695
0.692
0.668
0.661
0.662
0.687
0.671
0.678
0.65
0.652
0.66
0.674
0.658
0.672
0.679
0.679
0.676
0.672
0.679
0.671
0.656
0.651
0.674
0.671
0.667
0.668
0.68
0.671
0.666
0.646
0.654
0.674
0.662
0.651
0.642
0.653
0.672
0.667
0.654
0.647
0.66
0.645
0.638
0.649
0.653
0.649
0.631
0.633
0.643
0.645
0.625
0.639
0.646
0.655
0.637
0.644
0.644
0.643
0.643
0.626
0.64
0.643
0.638
0.638
0.63
0.62
0.614
0.615
0.614
0.623
0.638
0.629
0.634
0.629
0.628
0.618
0.622
0.613
0.611
0.612
0.611
0.614
0.616
0.615
0.61
0.612
0.61
0.613
0.611
0.616
0.618
0.62
0.628
0.626
0.619
0.626
0.626
0.622
0.619
0.62
0.62
0.628
0.62
0.61
0.617
0.617
0.621
0.609
0.618
0.625
0.638
0.627
0.631
0.636
0.636
0.64
0.628
0.628
0.641
0.633
0.633
0.635
0.647
0.65
0.641
0.645
0.64
0.636
0.639
0.651
0.651
0.639
0.64
0.64
0.642
0.643
0.646
0.64
0.651
0.643
0.651
0.63
0.642
0.642
0.654
0.632
0.656
0.656
0.657
0.669
0.651
0.641
0.627
0.626
0.621
0.615
0.609
0.618
0.616
0.616
0.617
0.613
0.608
0.6294436
0.6415979
0.7295748
0.7188549
0.7016262
0.7098899
0.7159259
0.6138393
0.7219669
0.6765964
0.6973247
0.6825458
0.7161896
0.6815418
