0.839
0.833
0.801
0.797
0.817
0.804
0.838
0.852
0.876
0.877
0.893
0.896
0.894
0.869
0.87
0.881
0.875
0.872
0.866
0.875
0.877
0.884
0.877
0.886
0.895
0.887
0.879
0.879
0.884
0.895
0.884
0.891
0.898
0.913
0.902
0.914
0.929
0.941
0.938
0.934
0.924
0.93
0.932
0.941
0.928
0.939
0.94
0.931
0.915
0.918
0.921
0.918
0.912
0.919
0.923
0.918
0.909
0.908
0.917
0.914
0.917
0.912
0.905
0.902
0.902
0.886
0.872
0.852
0.839
0.829
0.8776863
0.8776761
0.8776658
0.8776553
0.846
0.847
0.846
0.863
0.872
0.877
0.865
0.858
0.869
0.871
0.872
0.873
0.873
0.875
0.881
0.889
0.901
0.884
0.886
0.885
0.883
0.872
0.853
0.871
0.867
0.87
0.864
0.871
0.873
0.873
0.875
0.878
0.888
0.891
0.888
0.8760259
0.898
0.888
0.87
0.874
0.879
0.882
0.88
0.887
0.897
0.8757916
0.875739
0.8756813
0.8756191
0.886
0.878
0.875
0.867
0.879
0.895
0.91
0.906
0.91
0.913
0.912
0.896
0.892
0.877
0.884
0.905
0.902
0.904
0.891
0.868
0.868
0.858
0.852
0.838
0.843
0.84
0.833
0.832
0.831
0.83
0.823
0.834
0.846
0.852
0.86
0.858
0.872
0.875
0.879
0.869
0.882
0.887
0.8779215
0.9
0.867
0.866
0.864
0.867
0.86
0.87
0.88
0.882
0.882
0.878
0.894
0.895
0.896
0.884
0.892
0.899
0.901
0.9
0.887
0.895
0.896
0.89
0.878
0.858
0.858
0.851
0.842
0.834
0.829
0.823
0.817
0.806
0.795
0.798
0.796
0.81
0.819
0.83
0.831
0.84
0.856
0.861
0.866
0.858
0.87
0.872
0.872
0.855
0.874
0.879
0.882
0.875
0.884
0.897
0.905
0.89
0.844
0.964
0.914
0.916
0.899
0.875
0.873
0.861
0.868
0.88
0.893
0.903
0.897
0.917
0.921
0.931
0.925
0.943
0.949
0.952
0.933
0.943
0.942
0.945
0.929
0.929
0.928
0.924
0.912
0.912
0.919
0.924
0.915
0.915
0.92
0.913
0.905
0.909
0.909
0.91
0.89
0.893
0.895
0.893
0.883
0.883
0.884
0.883
0.873
0.868
0.862
0.922
0.949
0.944
0.938
0.921
0.89
0.894
0.884
0.867
0.87
0.8802786
0.8803411
0.8803984
0.8804492
0.863
0.86
0.855
0.862
0.86
0.872
0.875
0.868
0.887
0.885
0.885
0.88
0.892
0.892
0.9
0.889
0.893
0.895
0.889
0.869
0.873
0.877
0.875
0.863
0.86
0.867
0.865
0.855
0.859
0.861
0.857
0.841
0.847
0.842
0.834
0.826
0.813
0.794
0.8
0.806
0.815
0.833
0.836
0.859
0.878
0.947
0.845
0.885
0.897
0.897
0.888
0.891
0.897
0.903
0.887
0.902
0.906
0.916
0.905
0.918
0.929
0.93
0.928
0.911
0.919
0.912
0.91
0.89
0.892
0.89
0.88
0.861
0.863
0.869
0.87
0.866
0.861
0.869
0.873
0.88
0.874
0.882
0.895
0.897
0.882
0.889
0.888
0.891
0.877
0.887
0.898
0.906
0.908
0.911
0.917
0.916
0.884
0.883
0.866
0.846
0.826
0.811
0.812
0.822
0.833
0.859
0.875
0.882
0.883
0.901
0.834844
0.8336534
0.8324589
0.831262
0.881
0.889
0.881
0.853
0.86
0.864
0.877
0.88
0.874
0.878
0.877
0.876
0.862
0.869
0.873
0.845
0.807
0.816
0.812
0.806
0.801
0.789
0.788
0.791
0.78
0.772
0.763
0.751
0.75
0.748
0.738
0.725
0.73
0.73
0.723
0.722
0.726
0.741
0.747
0.753
0.765
0.78
0.786
0.788
0.8
0.792
0.784
0.781
0.77
0.761
0.752
0.759
0.756
0.763
0.745
0.75
0.755
0.743
0.74
0.757
0.758
0.764
0.761
0.749
0.751
0.74
0.736
0.736
0.74
0.735
0.74
0.74
0.741
0.739
0.737
0.741
0.743
0.742
0.742
0.74
0.747
0.75
0.744
0.746
0.735
0.735
0.731
0.731
0.729
0.724
0.727
0.727
0.726
0.719
0.72
0.714
0.713
0.709
0.708
0.697
0.704
0.702
0.702
0.693
0.699
0.696
0.695
0.687
0.686
0.677
0.679
0.677
0.678
0.675
0.671
0.678
0.681
0.687
0.688
0.69
0.689
0.694
0.692
0.692
0.688
0.692
0.693
0.692
0.692
0.695
0.697
0.695
0.695
0.691
0.692
0.688
0.687
0.684
0.683
0.679
0.684
0.678
0.678
0.669
0.677
0.676
0.677
0.677
0.679
0.671
0.678
0.673
0.673
0.674
0.667
0.668
0.667
0.668
0.662
0.666
0.664
0.665
0.664
0.666
0.666
0.666
0.665
0.665
0.666
0.667
0.666
0.668
0.664
0.586
0.731
0.652
0.654
0.65
0.65
0.646
0.655
0.651
0.658
0.658
0.656
0.659
0.662
0.66
0.664
0.66
0.664
0.664
0.664
0.665
0.664
0.665
0.666
0.666
0.666
0.664
0.666
0.668
0.668
0.666
0.666
0.666
0.666
0.663
0.661
0.661
0.666
0.66
0.664
0.656
0.66
0.658
0.658
0.654
0.658
0.658
0.659
0.659
0.663
0.662
0.667
0.669
0.666
0.668
0.667
0.671
0.662
0.667
0.664
0.668
0.674
0.678
0.686
0.687
0.693
0.694
0.691
0.678
0.674
0.688
0.708
0.721
0.715
0.713
0.714
0.717
0.719
0.719
0.716
0.716
0.72
0.723
0.721
0.723
0.728
0.736
0.744
0.74
0.748
0.752
0.753
0.743
0.729
0.721
0.724
0.729
0.731
0.727
0.725
0.786
0.792
0.796
0.801
0.776
0.794
0.794
0.785
0.769
0.774
0.778
0.78
0.78
0.782
0.782
0.784
0.784
0.772
0.7899308
0.7917314
0.764
0.758
0.759
0.775
0.789
0.784
0.787
0.799
0.815
0.812
0.798
0.774
0.915
0.9
0.882
0.867
0.832
0.832
0.848
0.834
0.813
0.813
0.849
0.844
0.858
0.822
0.844
0.852
0.855
0.843
0.845
0.853
0.851
0.832
0.842
0.854
0.833452
0.871
0.809
0.813
0.867
0.834
0.826
0.787
0.786
0.803
0.79
0.773
0.797
0.796
0.804
0.795
0.818
0.814
0.826
0.818
0.829
0.835
0.852
0.846
0.846
0.855
0.863
0.857
0.845
0.836
0.848
0.83
0.801
0.805
0.825
0.8382248
0.819
0.821
0.826
0.844
0.841
0.818
0.833
0.856
0.833
0.839
0.836
0.838
0.831
0.818
0.82
0.819
0.818
0.811
0.829
0.798
0.796
0.796
0.8279746
0.8280658
0.8282434
0.8284613
0.779
0.783
0.753
0.778
0.8294375
0.789
0.803
0.798
0.811
0.841
0.827
0.825
0.831
0.842
0.851
0.844
0.852
0.87
0.869
0.8319132
0.849
0.871
0.8324612
0.832656
0.8328579
0.789
0.833
0.843
0.854
0.8339974
0.8342558
0.8345259
0.8348083
0.858
0.867
0.869
0.867
0.876
0.883
0.884
0.873
0.88
0.875
0.882
0.872
0.871
0.875
0.874
0.858
0.847
0.846
0.849
0.843
0.847
0.849
0.857
0.834
0.831
0.828
0.821
0.811
0.805
0.812
0.813
0.827
0.808
0.82
0.818
0.818
0.826
0.843
0.842
0.841
0.837
0.836
0.836
0.84
0.8664257
0.866933
0.841
0.844
0.848
0.851
0.848
0.865
0.876
0.8718097
0.888
0.893
0.875
0.881
0.882
0.8758406
0.892
0.865
0.87
0.875
0.881
0.877
0.866
0.875
0.877
0.876
0.86
0.866
0.875
0.868
0.856
0.866
0.874
0.881
0.875
0.877
0.881
0.881
0.869
0.88
0.877
0.878
0.867
0.867
0.875
0.875
0.875
0.879
0.885
0.89
0.884
0.891
0.902
0.911
0.915
0.897
0.889
0.885
0.889
0.874
0.854
0.863
0.863
0.855
0.849
0.854
0.854
0.848
0.847
0.846
0.843
0.842
0.836
0.842
0.843
0.842
0.852
0.856
0.855
0.843
0.849
0.853
0.857
0.856
0.866
0.867
0.858
0.862
0.858
0.839
0.832
0.808
0.842
0.939
0.898
0.885
0.86
0.845
0.845
0.839
0.842
0.847
0.852
0.859
0.866
0.875
0.882
0.885
0.882
0.882
0.886
0.894
0.899
0.8418456
0.8417492
0.8416713
0.841611
0.892
0.878
0.878
0.875
0.876
0.865
0.866
0.865
0.849
0.848
0.848
0.845
0.834
0.84
0.839
0.837
0.8423284
0.8424172
0.842505
0.8425908
0.835
0.829
0.833
0.832
0.842
0.847
0.849
0.847
0.858
0.862
0.863
0.861
0.869
0.867
0.87
0.863
0.874
0.87
0.873
0.866
0.864
0.863
0.86
0.853
0.847
0.853
0.849
0.849
0.856
0.862
0.866
0.859
0.868
0.873
0.876
0.875
0.881
0.878
0.875
0.875
0.882
0.869
0.895
0.912
0.927
0.934
0.935
0.934
0.925
0.906
0.909
0.902
0.898
0.89
0.885
0.886
0.879
0.873
0.873
0.875
0.874
0.863
0.868
0.871
0.874
0.866
0.873
0.871
0.859
0.855
0.858
0.853
0.844
0.847
0.848
0.846
0.834
0.844
0.845
0.85
0.843
0.851
0.853
0.853
0.845
0.85
0.855
0.856
0.852
0.853
0.851
0.8608801
0.8612435
0.8616096
0.8619786
0.834
0.821
0.801
0.791
0.796
0.798
0.783
0.778
0.778
0.778
0.787
0.803
0.82
0.827
0.833
0.852
0.874
0.881
0.8695551
0.888
0.874
0.843
0.86
0.864
0.871
0.864
0.851
0.848
0.857
0.855
0.863
0.874
0.888
0.907
0.916
0.911
0.916
0.893
0.896
0.902
0.893
0.892
0.902
0.907
0.903
0.898
0.907
0.914
0.917
0.898
0.904
0.911
0.908
0.901
0.891
0.871
0.872
0.869
0.862
0.88
0.886
0.902
0.883
0.892
0.898
0.888
0.909
0.918
0.918
0.914
0.893
0.899
0.902
0.901
0.896
0.901
0.909
0.911
0.891
0.905
0.908
0.913
0.915
0.916
0.898
0.895
0.893
0.896
0.89
0.899
0.896
0.908
0.922
0.931
0.931
0.911
0.905
0.901
0.894
0.904
0.906
0.902
0.895
