0.731
0.742
0.752
0.76
0.742
0.745
0.753
0.768
0.779
0.75
0.75
0.771
0.776
0.771
0.752
0.753
0.765
0.78
0.788
0.784
0.767
0.764
0.782
0.786
0.786
0.77
0.769
0.783
0.801
0.804
0.791
0.788
0.811
0.814
0.819
0.79
0.782
0.781789
0.7821028
0.794
0.772
0.765
0.783
0.792
0.8
0.782
0.784
0.816
0.82
0.816
0.793
0.787
0.804
0.816
0.812
0.783
0.781
0.805
0.814
0.801
0.78
0.79
0.805
0.813
0.802
0.782
0.788
0.81
0.819
0.797
0.782
0.791
0.797
0.798
0.776
0.769
0.783
0.81
0.799
0.778
0.778
0.8
0.801
0.799
0.78
0.78
0.8
0.809
0.804
0.779
0.782
0.791
0.791
0.763
0.762
0.778
0.778
0.78
0.76
0.765
0.786
0.798
0.786
0.78
0.782
0.802
0.803
0.784
0.776
0.789
0.805
0.7968584
0.7969449
0.768
0.759
0.789
0.788
0.771
0.755
0.784
0.81
0.827
0.793
0.782
0.791
0.806
0.817
0.82
0.793
0.791
0.82
0.826
0.81
0.78
0.782
0.805
0.824
0.794
0.772
0.795
0.825
0.826
0.791
0.779
0.789
0.805
0.81
0.801
0.784
0.791
0.807
0.82
0.803
0.783
0.781
0.801
0.806
0.811
0.781
0.785
0.818
0.827
0.7973305
0.7973083
0.784
0.796
0.81
0.802
0.778
0.773
0.797
0.794
0.798
0.777
0.779
0.808
0.829
0.836
0.81
0.817
0.839
0.851
0.838
0.816
0.819
0.842
0.857
0.848
0.819
0.817
0.833
0.834
0.828
0.794
0.789
0.804
0.81
0.803
0.782
0.781
0.802
0.802
0.813
0.789
0.783
0.801
0.806
0.8
0.775
0.77
0.777
0.776
0.777
0.766
0.752
0.757
0.741
0.744
0.757
0.762
0.764
0.747
0.753
0.767
0.774
0.775
0.759
0.758
0.77
0.779
0.786
0.791
0.776
0.771
0.791
0.804
0.807
0.777
0.774
0.793
0.799
0.792
0.768
0.767
0.785
0.792
0.799
0.785
0.783
0.798
0.816
0.824
0.804
0.792
0.803
0.818
0.818
0.794
0.788
0.794
0.804
0.814
0.81
0.788
0.795
0.814
0.822
0.812
0.786
0.795
0.812
0.817
0.807
0.785
0.784
0.797
0.798
0.802
0.776
0.774
0.8
0.81
0.7965349
0.7966382
0.772
0.781
0.796
0.816
0.7970923
0.7971682
0.777
0.794
0.791
0.798
0.774
0.776
0.795
0.733
0.892
0.775
0.77
0.791
0.802
0.743
0.871
0.781
0.801
0.81
0.809
0.789
0.784
0.799
0.815
0.824
0.802
0.791
0.814
0.828
0.839
0.822
0.806
0.825
0.822
0.831
0.804
0.788
0.804
0.813
0.823
0.821
0.791
0.788
0.808
0.82
0.818
0.792
0.79
0.81
0.823
0.818
0.79
0.796
0.819
0.822
0.817
0.787
0.783
0.796
0.802
0.782
0.764
0.767
0.768
0.776
0.789
0.798
0.808
0.799
0.796
0.811
0.827
0.835
0.814
0.816
0.825
0.832
0.822
0.789
0.79
0.804
0.812
0.806
0.784
0.778
0.79
0.798
0.799
0.78
0.781
0.801
0.814
0.82
0.794
0.787
0.803
0.817
0.821
0.795
0.814
0.802
0.819
0.815
0.798
0.79
0.811
0.818
0.813
0.791
0.784
0.804
0.811
0.814
0.793
0.788
0.812
0.7934562
0.7928123
0.775
0.766
0.778
0.783
0.79
0.765
0.779
0.793
0.81
0.82
0.804
0.792
0.812
0.832
0.826
0.806
0.798
0.813
0.826
0.826
0.8
0.792
0.81
0.814
0.81
0.783
0.784
0.793
0.776
0.767
0.761
0.755
0.741
0.742
0.776
0.783
0.788
0.75
0.742
0.79
0.781
0.784
0.738
0.763
0.791
0.81
0.779
0.766
0.791
0.774
0.764
0.755
0.734
0.718
0.728
0.718
0.708
0.694
0.692
0.682
0.655
0.663
0.692
0.686
0.701
0.701
0.676
0.677
0.685
0.673
0.672
0.676
0.707
0.704
0.682
0.687
0.706
0.713
0.674
0.675
0.708
0.706
0.695
0.681
0.698
0.654
0.66
0.673
0.666
0.635
0.65
0.65
0.643
0.658
0.669
0.673
0.661
0.647
0.647
0.655
0.635
0.613
0.622
0.672
0.649
0.636
0.65
0.649
0.617
0.623
0.629
0.638
0.636
0.599
0.602
0.66
0.652
0.626
0.635
0.651
0.621
0.617
0.641
0.62
0.641
0.613
0.593
0.649
0.647
0.619
0.624
0.63
0.635
0.599
0.618
0.62
0.619
0.581
0.625
0.63
0.626
0.596
0.602
0.613
0.614
0.583
0.585
0.611
0.624
0.586
0.6
0.603
0.605
0.583
0.578
0.584
0.621
0.594
0.589
0.601
0.611
0.573
0.583
0.578
0.617
0.586
0.585
0.597
0.595
0.557
0.566
0.603
0.603
0.587
0.588
0.601
0.587
0.59
0.586
0.57
0.602
0.606
0.597
0.592
0.6
0.568
0.583
0.593
0.592
0.557
0.563
0.608
0.599
0.575
0.583
0.589
0.575
0.55
0.592
0.587
0.58
0.568
0.577
0.581
0.556
0.555
0.59
0.583
0.569
0.56
0.573
0.573
0.543
0.56
0.568
0.561
0.541
0.585
0.586
0.564
0.567
0.569
0.581
0.545
0.547
0.586
0.5633303
0.5631813
0.56
0.567
0.563
0.538
0.549
0.557
0.578
0.56
0.566
0.57
0.567
0.552
0.559
0.559
0.573
0.566
0.573
0.576
0.549
0.562
0.568
0.566
0.54
0.556
0.586
0.576
0.562
0.566
0.568
0.543
0.547
0.555
0.5655119
0.5659559
0.564
0.567
0.564
0.541
0.552
0.564
0.552
0.533
0.569
0.57
0.571
0.548
0.562
0.56
0.544
0.546
0.548
0.548
0.587
0.578
0.581
0.562
0.587
0.581
0.583
0.575
0.556
0.603
0.603
0.583
0.593
0.597
0.558
0.576
0.577
0.606
0.59
0.587
0.595
0.592
0.565
0.573
0.612
0.608
0.592
0.607
0.614
0.605
0.594
0.625
0.619
0.618
0.602
0.62
0.63
0.619
0.611
0.624
0.632
0.627
0.615
0.617
0.633
0.638
0.618
0.632
0.636
0.642
0.624
0.642
0.641
0.649
0.63
0.652
0.644
0.632
0.65
0.649
0.646
0.629
0.646
0.644
0.655
0.65
0.64
0.645
0.665
0.667
0.652
0.661
0.674
0.673
0.653
0.678
0.67
0.679
0.673
0.663
0.6847007
0.6864057
0.657
0.671
0.685
0.69
0.673
0.688
0.7
0.715
0.697
0.709
0.722
0.724
0.706
0.719
0.728
0.735
0.712
0.726
0.741
0.753
0.73
0.744
0.755
0.766
0.739
0.75
0.762
0.77
0.745
0.745
0.754
0.766
0.768
0.745
0.749
0.762
0.782
0.791
0.778
0.765
0.771
0.781
0.769
0.744
0.753
0.754
0.744
0.734
0.728
0.721
0.735
0.745
0.7541144
0.7550912
0.736
0.747
0.759
0.745
0.7597703
0.7606616
0.762
0.76
0.748
0.774
0.789
0.807
0.777
0.777
0.794
0.804
0.798
0.777
0.777
0.78
0.786
0.759
0.756
0.77
0.771
0.749
0.747
0.76
0.773
0.793
0.787
0.777
0.793
0.798
0.8
0.771
0.764
0.783
0.782
0.763
0.764
0.773
0.784
0.787
0.759
0.76
0.775
0.777
0.781
0.759
0.772
0.78
0.789
0.763
0.759
0.774
0.779
0.775
0.763
0.767
0.787
0.794
0.776
0.78
0.794
0.803
0.807
0.782
0.778
0.795
0.8
0.787
0.773
0.784
0.794
0.794
0.772
0.78
0.795
0.801
0.784
0.776
0.793
0.796
0.783
0.778
0.79
0.804
0.804
0.787
0.794
0.811
0.818
0.794
0.796
0.814
0.816
0.789
0.787
0.802
0.807
0.786
0.782
0.799
0.81
0.81
0.791
0.803
0.82
0.827
0.802
0.801
0.82
0.819
0.796
0.791
0.803
0.81
0.794
0.784
0.797
0.803
0.79
0.787
0.802
0.814
0.808
0.797
0.815
0.829
0.82
0.805
0.816
0.83
0.841
0.819
0.807
0.821
0.835
0.83
0.808
0.81
0.824
0.834
0.832
0.81
0.811
0.821
0.811
0.787
0.789
0.798
0.799
0.785
0.779
0.796
0.805
0.796
0.787
0.797
0.808
0.812
0.794
0.788
0.797
0.801
0.802
0.786
0.791
0.805
0.813
0.795
0.801
0.823
0.831
0.8069555
0.8070743
0.81
0.809
0.808
0.787
0.786
0.801
0.807
0.807
0.791
0.795
0.795
0.781
0.774
0.781
0.781
0.773
0.797
0.805
0.812
0.791
0.792
0.807
0.809
0.797
0.791
0.814
0.817
0.813
0.799
0.806
0.818
0.823
0.81
0.802
0.817
0.82
0.82
0.797
0.804
0.816
0.821
0.806
0.798
0.809
0.82
0.825
0.808
0.796
0.811
0.817
0.813
0.794
0.797
0.817
0.811
0.796
0.802
0.817
0.824
0.798
0.801
0.827
0.836
0.825
0.808
0.822
0.833
0.836
0.823
0.808
0.812
0.827
0.829
0.811
0.807
0.833
0.833
0.819
0.814
0.835
0.838
0.831
0.805
0.822
0.825
0.827
0.803
0.804
0.82
0.827
0.821
0.801
0.822
0.833
0.839
0.812
0.826
0.839
0.838
0.82
0.805
0.816
0.823
0.825
0.798
0.807
0.825
0.829
0.805
0.796
0.796
0.803
0.805
0.817
0.827
0.823
0.809
0.823
0.838
0.844
0.833
0.818
0.823
0.833
0.833
0.81
0.805
0.817
0.821
0.812
0.796
0.802
0.816
0.817
0.801
0.808
0.83
0.835
0.83
0.819
0.845
0.85
0.838
0.815
0.815
0.827
0.824
0.804
0.791
0.81
0.814957
0.8148132
0.791
0.802
0.808
0.804
0.797
0.809
0.823
0.833
0.822
0.817
0.834
0.836
0.839
0.815
0.822
0.835
0.835
0.814
0.818
0.837
0.835
0.819
0.818
0.833
0.838
0.819
0.806
0.818
0.823
0.798
0.8
0.817
0.817
0.786
0.799
0.79
0.785
0.781
0.772
0.769
0.766
0.768
0.765
0.741
0.759
0.762
0.766
0.733
0.769
0.776
0.746
0.776
0.797
0.808
0.768
0.797
0.825
0.81
0.785
0.79
0.8
0.806
0.8
0.806
0.794
0.805
0.826
0.825
0.81
0.827
0.84
0.843
0.826
0.824
0.831
0.835
0.824
0.812
0.822
0.823
0.807
0.805
0.824
0.803
0.81
0.823
0.827
0.806
0.82
0.826
0.812
0.813
0.822
0.81
0.801
0.7930792
0.7928666
0.808
0.794
0.793
0.785
0.783
0.764
0.785
0.788
0.781
0.779
0.777
0.775
0.768
0.761
0.763
0.749
0.765
0.763
0.775
0.778
0.75
0.789
0.782
0.796
0.79
0.788
0.789
0.788
0.782
0.755
0.777
0.767
0.759
0.755
0.746
0.76
0.757
0.751
0.738
0.764
0.765
0.77
0.769
0.765
0.766
0.75
0.74
0.745
0.763
0.759
0.747
0.759
0.789
0.769
0.77
0.788
0.805
0.822
0.816
0.819
0.814
0.788
0.807
0.793
0.793
0.798
0.79
0.791
0.789
0.768
0.769
0.784
0.791
0.787
0.768
0.78
0.794
0.777
0.801
0.814
0.813
0.81
