1.078431
1.059386
1.055385
1.074258
1.071851
1.060047
1.071511
1.081807
1.069487
1.073996
1.078523
1.070648
1.08
1.090471
1.072003
1.056876
1.078082
1.079916
1.066473
1.073275
1.087792
1.083116
1.066742
1.071646
1.073661
1.070484
1.08862
1.088329
1.074267
1.083608
1.075696
1.071379
1.083256
1.077219
1.07244
1.074639
1.077336
1.076295
1.088468
1.081776
1.061551
1.076875
1.078223
1.060684
1.064682
1.074575
1.061773
1.071229
1.087487
1.073616
1.080469
1.091933
1.082454
1.07318
1.086579
1.086207
1.075964
1.082653
1.080832
1.073054
1.076214
1.071709
1.053972
1.063193
1.06596
1.047662
1.044291
1.04409
1.039013
1.045057
1.050845
1.043909
1.046324
1.058471
1.043916
1.044272
1.064654
1.050806
1.044533
1.060472
1.066474
1.046878
1.043481
1.058058
1.043307
1.038363
1.050802
1.04512
1.044491
1.056201
1.056951
1.044505
1.04769
1.065678
1.050447
1.044397
1.065641
1.057186
1.043427
1.049002
1.050097
1.040697
1.040479
1.057127
1.06091
1.059505
1.063667
1.057019
1.063702
1.079543
1.07283
1.056815
1.06846
1.073576
1.055993
1.05745
1.062486
1.056404
1.064168
1.071181
1.056141
1.049413
1.064315
1.056564
1.045172
1.055372
1.04602
1.04217
1.048742
1.029637
1.031164
1.04314
1.023187
1.01917
1.030046
1.03289
1.0284
1.036656
1.041978
1.0351
1.033365
1.038941
1.048134
1.0489
1.05682
1.058836
1.048168
1.04681
1.047419
1.047273
1.059323
1.055394
1.042995
1.049625
1.055697
1.045236
1.032601
1.037403
1.049347
1.044087
1.03173
1.037351
1.041402
1.03471
1.037141
1.046768
1.044015
1.04343
1.046513
1.035005
1.035774
1.044262
1.033689
1.026743
1.04219
1.046726
1.030127
1.043147
1.056628
1.043821
1.044111
1.049493
1.053788
1.04338
1.040218
1.045025
1.031831
1.027218
1.026101
1.024531
1.021703
1.016848
1.012672
1.009962
1.011893
1.018774
1.026666
1.027108
1.033775
1.035858
1.028513
1.040116
1.047846
1.032786
1.044398
1.050876
1.029958
1.033825
1.040712
1.028764
1.022344
1.032273
1.038744
1.028471
1.029508
1.047279
1.04256
1.037574
1.0535
1.052655
1.038819
1.041446
1.047668
1.040839
1.038084
1.047253
1.038521
1.026341
1.030524
1.033481
1.032052
1.02033
1.028376
1.030269
1.013071
1.027978
1.039628
1.023871
1.020988
1.031575
1.028411
1.014465
1.010738
1.020482
1.020245
1.009969
0.9998325
1.001626
0.9983845
0.9990138
1.008526
1.001152
0.9975698
1.002619
1.001545
0.9902071
0.9835331
0.9845372
0.988729
0.9829524
0.9751526
0.9856769
0.9935091
0.978492
0.9660817
0.9700764
1.004127
1.025486
1.013738
1.003638
0.9745163
0.9637432
0.9697711
0.9656424
0.9687031
0.9775638
0.9827851
0.9900854
0.9869414
0.9851774
0.9993905
0.9883785
0.9879721
0.9988708
0.9969309
0.994182
0.9939734
0.9994741
0.9961465
1.010052
1.011426
1.000833
1.013348
1.017599
1.021407
1.014449
0.9998913
0.9958816
1.000228
1.005792
0.9999892
0.9964713
0.9953179
0.9938609
0.994144
0.9859569
0.9880248
1.000044
0.9906236
0.9963028
1.0051
1.003388
1.002178
0.9979372
1.00963
1.009561
0.9924493
0.9889811
0.9923056
0.9920274
0.9949809
0.9980199
0.9953798
0.9854511
0.9992198
1.00977
1.003462
0.9962076
1.001442
1.015881
1.002902
1.010486
1.020368
1.015187
1.018113
1.013825
1.0215
1.037002
1.025663
1.020303
1.037066
1.035646
1.0414
1.039775
1.025739
1.028522
1.026735
1.01719
1.009032
1.008556
1.014536
1.014764
1.017166
1.038951
1.039712
1.021636
1.029785
1.033305
1.029871
1.032604
1.033754
1.040476
1.030534
1.026034
1.035924
1.032741
1.032953
1.000874
0.9830714
1.019445
1.034159
1.029155
1.029047
1.026492
1.015028
1.015738
1.022092
1.023561
1.021402
1.006265
0.9988874
0.9998396
1.005981
0.9999082
0.9953636
0.9981372
0.9655842
0.9611394
0.9814091
0.9708334
0.968036
0.9599172
0.9549566
0.9781646
0.9606014
0.9289404
0.9592932
0.9857572
0.9759674
0.9394907
0.9175901
0.9165291
0.9108657
0.9404619
0.9523399
0.9448092
0.9537842
0.9503078
0.9353925
0.9287843
0.9231409
0.9112773
0.9048818
0.899015
0.8830189
0.8781187
0.880514
0.8884369
0.8963719
0.886451
0.8831874
0.8779677
0.8807187
0.8746655
0.8712263
0.8768373
0.8619332
0.8685704
0.8715386
0.8564455
0.8594846
0.8614746
0.8490438
0.8397713
0.8460561
0.8476179
0.8363541
0.8346871
0.8422457
0.8453515
0.8491216
0.8489939
0.8433032
0.8496728
0.8474433
0.834287
0.845562
0.8431434
0.8233131
0.8300335
0.8276599
0.8167451
0.827095
0.8180136
0.8055174
0.81195
0.8040718
0.8048168
0.8074991
0.7945329
0.7925998
0.7958105
0.7842162
0.7805993
0.7921907
0.7917488
0.7812499
0.7864039
0.7931057
0.7836822
0.7902142
0.791316
0.7775882
0.7802365
0.7862993
0.7787252
0.771262
0.7771616
0.7801025
0.7747588
0.776084
0.7803877
0.7717773
0.7786973
0.7836168
0.7678892
0.7794898
0.7844277
0.7684463
0.7705937
0.7767943
0.7716164
0.7670359
0.7723572
0.7649007
0.7657144
0.7700413
0.7551769
0.760764
0.7595802
0.7502114
0.7577856
0.7506661
0.746158
0.7510058
0.7446475
0.7465739
0.7492878
0.7395343
0.7419259
0.745767
0.7394698
0.7433699
0.7422615
0.7399835
0.7478415
0.7418738
0.7387064
0.7480322
0.7415614
0.7392881
0.7491429
0.7427063
0.7375833
0.7455043
0.748934
0.7437145
0.748716
0.7516335
0.7461278
0.7557031
0.7509537
0.7486475
0.753508
0.7471524
0.7568858
0.7458873
0.743219
0.7507517
0.731444
0.7425736
0.7399576
0.7319411
0.7398405
0.7294466
0.7405342
0.7358165
0.7218572
0.7364873
0.7321676
0.7237444
0.7332349
0.7215503
0.7185851
0.7286558
0.7190233
0.7227032
0.7198843
0.7131106
0.7248487
0.7160207
0.7082181
0.7251548
0.7223925
0.7134027
0.7216186
0.7225959
0.7142
0.7149719
0.7248138
0.718718
0.7116472
0.7128623
0.7146932
0.7246043
0.7228686
0.7138944
0.7243991
0.7241747
0.7164608
0.7290469
0.7190626
0.7121523
0.7280395
0.7146812
0.7116929
0.7257305
0.7096683
0.7062697
0.7184354
0.7051752
0.7011938
0.7119981
0.7026863
0.7003677
0.7087032
0.7004776
0.7001785
0.7069074
0.6950439
0.6952824
0.7043203
0.6918013
0.6935875
0.6994547
0.6954623
0.7039369
0.6992773
0.6967317
0.7065663
0.6993339
0.6995526
0.7095984
0.7024337
0.7022737
0.7087158
0.7041304
0.706788
0.7036855
0.7019896
0.7126387
0.7047789
0.7012618
0.7099901
0.700874
0.7023837
0.7122397
0.699781
0.7028361
0.7110963
0.6988011
0.7030478
0.7115529
0.705287
0.7089179
0.715152
0.7061718
0.7053674
0.7129821
0.7083784
0.7076725
0.7140213
0.7068583
0.704801
0.7103418
0.7065278
0.7104156
0.7102086
0.7012425
0.7046084
0.7074895
0.7037093
0.7068192
0.7062654
0.7034067
0.7043194
0.7026856
0.7024578
0.7068908
0.7051039
0.7073244
0.7203925
0.7093446
0.7045818
0.7173418
0.7050946
0.7013685
0.7116467
0.7056162
0.6990659
0.7045191
0.7087687
0.6995182
0.7002486
0.7076935
0.6997386
0.7018969
0.7067523
0.6992991
0.7016886
0.7009985
0.695843
0.6992159
0.6971511
0.6977647
0.7016666
0.6969971
0.7024028
0.7104792
0.7018781
0.6994124
0.7074009
0.7102425
0.7064095
0.6962731
0.6983319
0.7078508
0.6979123
0.6950741
0.7019668
0.6922375
0.6948625
0.7048107
0.695481
0.6951806
0.7041348
0.6968337
0.6936305
0.698788
0.6903591
0.6959766
0.7016987
0.6886437
0.7006608
0.7097227
0.7021362
0.7017668
0.6934961
0.6975413
0.7058739
0.6968818
0.7018346
0.7097631
0.7019805
0.7065834
0.7164034
0.7087668
0.7111174
0.7174151
0.70844
0.7120316
0.7154819
0.7100689
0.7132921
0.7062648
0.7025254
0.7087346
0.7015961
0.7063261
0.7129518
0.7019044
0.7069369
0.7144877
0.704205
0.7086579
0.7168767
0.7088764
0.7148453
0.7237422
0.7125495
0.7134339
0.7224401
0.7138256
0.7126992
0.7207442
0.7131626
0.7149161
0.724871
0.7096879
0.7048448
0.7129942
0.704399
0.7018457
0.7044546
0.6994403
0.7014012
0.7015678
0.6958409
0.6975336
0.7091382
0.7167705
0.7075405
0.7003654
0.6993825
0.7078694
0.7091141
0.6964322
0.7041782
0.7077732
0.6989661
0.7070811
0.7114794
0.7092617
0.7125818
0.7088278
0.709198
0.7153909
0.7097733
0.7085236
0.7138766
0.7074832
0.7089912
0.7127746
0.7041496
0.7127442
0.725837
0.715062
0.7129539
0.7222322
0.7170555
0.7127485
0.7196285
0.7225797
0.7139942
0.7121429
0.7163607
0.7122573
0.7092394
0.7140951
0.7174074
0.7144255
0.7117767
0.7190708
0.7249303
0.716567
0.7213204
0.725759
0.7133868
0.7194094
0.7224832
0.720042
0.7285932
0.7188389
0.7187492
0.7287253
0.7153332
0.7149855
0.723647
0.7126445
0.7155302
0.7238711
0.7137819
0.7169664
0.7214193
0.7094627
0.7133254
0.721323
0.7099875
0.7143603
0.7260661
0.7151157
0.7215365
0.7311482
0.7188544
0.7251002
0.7320159
0.723208
0.7324765
0.7418501
0.7272973
0.7270673
0.7343625
0.7232661
0.7255142
0.732171
0.7257647
0.7204106
0.7255186
0.7283074
0.7185411
0.7231254
0.7237949
0.7119653
0.7192974
0.7252994
0.717664
0.7204755
0.7256326
0.7167802
0.7189731
0.7246404
0.7162633
0.722361
0.7313162
0.7276768
0.7254827
0.7222479
0.7257308
0.7315358
0.7260005
0.7271712
0.7365205
0.7323617
0.7310574
0.7362046
0.7292565
0.7278695
0.7438366
0.7458994
0.7314405
0.7327997
0.7372908
0.7494257
0.7596568
0.7535341
0.755085
0.7596097
0.7535814
0.7505432
0.7584922
0.7575319
0.757547
0.76406
0.7635964
0.7671739
0.7800361
0.7770844
0.7782274
0.7872976
0.7816203
0.7944114
0.8087167
0.8186989
0.8289097
0.8216357
0.8282892
0.8358854
0.8238695
0.8157912
0.8365974
0.8390795
0.8277897
0.8263846
0.8131971
0.8125445
0.8016306
0.8203196
0.8509958
0.8649204
0.8713748
0.8504383
0.8431941
0.8585605
0.8658301
0.8559709
0.8574221
0.8603397
0.856148
0.8602387
0.8688521
0.8680647
0.8714601
0.8850962
0.8804135
0.8749996
0.8807678
0.8853383
0.8861598
0.8829125
0.8789384
0.8819479
0.8896625
0.884352
0.8875296
0.895047
0.8889378
0.8909329
0.894346
0.8962117
0.8971307
0.9075275
0.911093
0.8952359
0.9073926
0.9144393
0.9072229
0.9247243
0.926688
0.9121583
0.9203992
0.9268547
0.9227796
0.9308705
0.9238881
0.9185241
0.9320588
0.9296781
0.9209108
0.9259588
0.9434894
0.9375887
0.9335273
0.9449962
0.9453018
0.9464938
0.9298249
0.9273554
0.9355948
0.940056
0.9453847
0.9344586
0.9393702
0.9437442
0.9436719
0.9562473
0.9677169
0.9648002
0.963895
0.9712855
0.9572746
0.9565701
0.9700866
0.9575011
0.9426746
0.9539
0.9566282
0.9464846
0.9576526
0.9692563
0.9640613
0.9608281
0.97178
0.9725355
0.9675421
0.9735407
0.9737671
0.9672088
0.967543
0.9766292
0.9806655
0.9727813
0.9804095
0.9906785
0.9777886
0.9826146
0.9958723
0.9873403
0.9839945
0.9929716
0.9819512
0.9733853
0.9899292
0.985547
0.9708922
0.9824342
0.9897983
0.9757038
0.9819405
0.9917973
0.9723736
0.9792299
0.9839401
0.9732658
0.9938259
0.9872138
0.9729373
0.985774
0.988441
0.9824275
0.9834464
0.988059
0.9801092
0.9783791
0.9872519
0.9804637
0.9671296
0.9789307
0.9776253
0.9645792
0.9746577
0.9672605
0.9542263
0.9558326
0.9637776
0.9593007
0.9490069
0.959925
0.9566442
0.9504825
0.9589335
0.9576196
0.9524168
0.9587664
0.9739869
0.9724956
0.9631979
0.9697858
0.9806859
0.9818105
0.9770744
0.9764776
0.9782169
0.9834582
0.9866503
0.9735177
0.9770763
0.9836476
0.9716701
0.96564
0.9746363
0.984141
0.9840707
0.979212
0.9823495
1.000695
1.000281
0.9896664
0.9883699
0.9865372
0.9923644
0.9932079
0.9864134
0.9945407
1.001368
0.9897789
0.9836506
0.9992094
1.000415
0.9818753
0.9773094
0.9959566
1.004735
0.9856284
0.9838357
1.00402
1.002871
0.9832914
0.9858871
1.000168
0.9969271
0.9940122
1.004459
1.008381
1.002773
1.004888
1.013094
1.009699
0.9931154
1.008439
1.024036
1.001459
0.9936004
1.006536
1.010367
0.9935503
0.9865708
0.9982811
0.9941997
0.9813989
0.9835846
0.9831559
0.9775578
0.9839995
0.9915615
0.984314
0.9879605
0.9940196
0.9932828
1.001344
0.9978056
1.014144
1.019777
1.011873
1.015717
1.007411
1.010684
1.006427
0.9924353
0.9932678
0.9951388
0.9807366
0.9753386
0.9840788
0.9779322
0.9765609
0.9838615
0.9828372
0.9735967
0.9829304
0.9925754
0.9750504
0.9763066
0.9840179
0.9815869
0.9910657
0.9968965
0.9875376
0.9836007
0.9903938
0.9943078
0.9957272
1.002839
0.9983733
0.9967107
1.020939
1.029788
1.011634
1.008534
1.020936
1.012383
1.004354
1.014867
1.012559
1.005516
1.009582
1.008809
1.005536
1.005456
1.008926
1.004899
0.99126
1.004409
1.024674
1.012857
1.011743
1.009543
1.004915
1.016319
1.021824
1.023645
1.019228
1.026089
1.025843
1.018474
1.025757
1.034127
1.025159
1.019953
1.031728
1.027949
1.016572
1.018289
1.025421
1.016136
1.010715
1.024456
1.02833
1.010603
1.003596
1.017403
1.015993
1.002318
1.006229
1.014707
1.012198
1.008804
1.001815
1.010188
1.016602
1.005789
1.004864
1.012374
1.019331
1.010275
1.002226
1.013291
1.016346
1.010027
1.00806
1.00918
1.015086
1.013899
1.008691
1.013809
1.015309
1.007602
1.01621
1.027232
1.014854
1.006481
1.013844
1.018551
1.008497
1.012992
1.023114
1.005894
0.9980926
1.00553
1.008362
0.9995133
0.9939593
1.003122
1.008386
1.001863
0.9981897
1.009321
1.007837
0.9981377
0.9934127
0.9991405
1.00424
1.004912
1.009332
0.9966158
1.001271
1.013659
1.005211
1.008118
1.014969
1.005188
0.9979214
0.9988331
0.9915469
0.9784607
0.9812028
0.9785659
0.9823424
0.9970687
0.9783122
0.9695225
0.9807568
0.9897247
0.9943336
0.9929784
0.999546
1.01038
1.023987
1.023119
1.01054
1.025734
1.033174
1.017475
1.010832
1.022828
1.027766
1.014744
1.02411
1.030748
1.019507
1.021652
1.030944
1.014772
1.011918
1.029555
1.024585
1.018116
1.022308
1.029595
1.033104
1.008198
0.9779356
1.01728
1.037484
1.013038
