0.9506214
0.9485744
0.9681645
0.949342
0.9464877
0.9817016
0.9757647
0.9703415
0.9600778
0.9746423
0.9896884
0.9703509
0.9919294
1.009351
1.001723
1.009251
0.9875901
0.997579
1.024478
1.005303
1.009624
1.013402
1.019032
1.013338
0.9804169
0.9702279
0.9914427
0.9927892
0.9693636
0.9901513
1.003554
0.9831738
0.9989113
1.019518
0.9897337
0.9678489
0.9891251
0.9785368
0.9644298
0.989768
0.9826028
0.9682698
0.9952157
1.005545
0.9966674
1.009402
1.025929
1.015942
1.001744
1.024469
1.029445
1.010071
1.01274
1.018808
1.00561
0.9930384
1.013836
1.01077
0.9852544
0.9921424
1.016282
1.02798
1.028587
1.035512
1.026859
1.030275
1.053832
1.051306
1.027286
1.022112
1.032089
1.029369
1.029472
1.04759
1.050771
1.028142
1.040654
1.053596
1.034804
1.039249
1.045935
1.036141
1.031307
1.041871
1.044067
1.020248
1.026625
1.03356
1.018983
1.035787
1.043482
1.034487
1.037848
1.047479
1.038197
1.02468
1.061787
1.059597
1.041321
1.051797
1.0249
1.0404
1.071732
1.06066
1.039929
1.051939
1.050805
1.013648
1.023904
1.02788
1.008913
1.033939
1.043587
1.020424
1.031141
1.045698
1.039244
1.035052
1.044043
1.042778
1.023498
1.029942
1.031056
1.010677
1.020811
1.023964
1.00268
1.017485
1.031239
1.022681
1.028966
1.033167
1.022087
1.012855
1.03446
1.040593
1.021715
1.030945
1.02924
1.014163
1.022953
1.028598
1.01927
1.021034
1.029355
1.02379
1.022518
1.039055
1.032987
1.018034
1.033116
1.032026
1.016285
1.029457
1.032759
1.014778
1.02015
1.031559
1.023697
1.007128
1.02241
1.031387
1.006211
1.016986
1.025587
1.018147
1.038001
1.050025
1.038459
1.040494
1.048147
1.037254
1.039759
1.050049
1.03664
1.037139
1.05267
1.035019
1.022873
1.0426
1.03952
1.025171
1.051425
1.050063
1.022704
1.045862
1.05063
1.034692
1.051437
1.056165
1.038912
1.043296
1.038531
1.014621
1.03042
1.044342
1.031021
1.04444
1.053656
1.035341
1.038979
1.058363
1.048172
1.030502
1.057543
1.068739
1.043089
1.055055
1.06454
1.042541
1.044955
1.057633
1.040648
1.027473
1.045724
1.047321
1.034066
1.045113
1.045593
1.033358
1.041882
1.050934
1.034567
1.019018
1.039164
1.049631
1.033797
1.049057
1.060708
1.044596
1.052651
1.051087
1.025656
1.040895
1.046541
1.028525
1.049528
1.054753
1.036486
1.043996
1.061586
1.051958
1.040282
1.051942
1.039265
1.023167
1.038746
1.037573
1.022658
1.041697
1.04644
1.026856
1.039222
1.046123
1.034586
1.046143
1.045879
1.033857
1.043718
1.035834
1.021984
1.035039
1.033386
1.025536
1.047713
1.047695
1.025562
1.041165
1.049322
1.025852
1.043294
1.057186
1.032234
1.045368
1.055739
1.03709
1.048226
1.067296
1.057091
1.042008
1.051487
1.045371
1.028651
1.044796
1.050673
1.033416
1.043367
1.052794
1.032955
1.034559
1.052668
1.053254
1.038169
1.06034
1.065337
1.035286
1.036379
1.02795
1.019744
1.021626
1.028217
1.005253
1.004319
1.029744
1.025796
1.024831
1.019032
1.030979
1.041902
1.044319
1.043073
1.050444
1.060302
1.04645
1.055183
1.063099
1.059393
1.077408
1.080183
1.074315
1.070393
1.059632
1.072778
1.061712
1.050608
1.067672
1.058043
1.072819
1.069398
1.031774
1.053299
1.055598
1.036216
1.051645
1.042592
1.04248
1.058873
1.065771
1.062513
1.05808
1.055527
1.013723
0.9888095
1.009469
1.013497
1.014636
1.003303
0.9856569
1.010444
1.034364
1.033177
1.03008
1.034451
1.042395
1.046337
1.048772
1.028747
1.010971
1.016803
1.007863
1.00848
1.027075
1.016606
1.004691
1.015791
1.010522
1.009627
0.9925111
0.9518665
0.9397697
0.934293
0.9517426
0.9846808
0.9709038
0.9420383
0.9357264
0.9474085
0.9527915
0.9490446
0.9641048
0.9798144
0.9885279
0.9892904
1.005525
0.9847536
0.9537536
0.9839281
0.9717883
0.9605954
0.9579203
0.9466575
0.9604052
0.9488621
0.950234
0.9628577
0.9727636
0.961366
0.9365935
0.9337661
0.9187601
0.9045357
0.9220831
0.9522101
0.9434879
0.9158133
0.897918
0.8882156
0.876431
0.8727813
0.8712277
0.883721
0.9118471
0.9102296
0.8765552
0.8697227
0.9057887
0.8732222
0.859657
0.8917268
0.8645218
0.8567235
0.8546339
0.867598
0.9058386
0.882968
0.8673845
0.8743372
0.8652475
0.860641
0.8643481
0.8564361
0.8577541
0.8937127
0.8793976
0.8406859
0.8401451
0.8434274
0.839208
0.8329402
0.835884
0.8382286
0.8306066
0.8336881
0.8359283
0.8273088
0.8318428
0.8337257
0.8323631
0.8338487
0.8315387
0.8391178
0.8349896
0.8264357
0.8282316
0.8211655
0.8200675
0.826494
0.8195311
0.8146653
0.8157685
0.8089628
0.8079138
0.8139587
0.8090081
0.8096114
0.8063623
0.8160274
0.8434585
0.8318179
0.801733
0.7906047
0.8069589
0.8145525
0.8029047
0.8151617
0.8038738
0.7698677
0.7986023
0.813463
0.7971842
0.8013243
0.7950699
0.791857
0.7926376
0.7894486
0.7909615
0.7848203
0.7817189
0.796742
0.7940082
0.7788406
0.7821766
0.7791327
0.7732593
0.7796427
0.7764437
0.7790868
0.7824599
0.773714
0.7807816
0.7854718
0.7768718
0.7811436
0.780301
0.7769942
0.7770675
0.7723668
0.7839142
0.7790747
0.7683109
0.7706912
0.7721312
0.7616335
0.7325648
0.7669341
0.8071883
0.7750463
0.7661759
0.7509286
0.7270562
0.757716
0.7594589
0.7502052
0.7635124
0.7532853
0.7507265
0.7616891
0.7561535
0.7488134
0.7528592
0.7495685
0.7532157
0.7604645
0.7545028
0.760827
0.7578626
0.7510406
0.7585715
0.7590744
0.7503004
0.7417318
0.7447377
0.7482501
0.7523316
0.745986
0.7397031
0.7492824
0.7441823
0.7427391
0.7480529
0.7385957
0.7421269
0.7417365
0.7436426
0.7404389
0.7576332
0.7686418
0.7416793
0.7583813
0.7462429
0.7358831
0.7428165
0.7304458
0.7406781
0.7411696
0.7341944
0.7297039
0.7377179
0.7492295
0.7440623
0.7397346
0.7444201
0.7461088
0.7372486
0.7395749
0.7415661
0.7320812
0.7345314
0.7301329
0.722904
0.7284028
0.7253919
0.7284545
0.7373107
0.7302429
0.7332691
0.7328559
0.7297332
0.736748
0.7303554
0.7268457
0.7307344
0.7279847
0.7297756
0.729216
0.7254544
0.7319591
0.7285845
0.7237141
0.7268306
0.7206424
0.7205255
0.7247667
0.7199889
0.7174967
0.7194913
0.7159346
0.7171426
0.7177129
0.7128589
0.7209342
0.7214774
0.7131773
0.7186186
0.7235294
0.7148924
0.7167991
0.7196044
0.7107625
0.7175171
0.7163689
0.7102168
0.7187476
0.7172268
0.7213998
0.7237847
0.7170701
0.7245765
0.7205605
0.7118018
0.718464
0.718579
0.7116324
0.715274
0.7143361
0.7074229
0.7120349
0.7120188
0.7074465
0.7087035
0.7101683
0.7064082
0.7030586
0.7083912
0.7086202
0.7049575
0.7093111
0.7089193
0.7066523
0.7115304
0.7106824
0.7112547
0.7241044
0.7208348
0.7149498
0.7249417
0.721778
0.7151351
0.7168324
0.7136891
0.708582
0.7109344
0.706872
0.6977919
0.705295
0.7058888
0.6980358
0.7023212
0.700698
0.6959531
0.7014801
0.7015058
0.7003874
0.7109528
0.7116669
0.7082804
0.7137021
0.7137478
0.7070952
0.7100793
0.7104728
0.7009257
0.7062453
0.7059957
0.699057
0.7041616
0.7051893
0.7042525
0.7122489
0.71466
0.7096473
0.7118021
0.7103699
0.7072835
0.7129915
0.7120292
0.705346
0.7082957
0.708805
0.7023602
0.7021308
0.7046705
0.7008575
0.6976817
0.7004014
0.6990898
0.6962585
0.7012155
0.7007368
0.6991993
0.7023608
0.6983185
0.6995599
0.7027695
0.6991838
0.6992484
0.7015563
0.6980222
0.6977429
0.7042035
0.7019278
0.6988571
0.7042518
0.7040482
0.7013929
0.7059248
0.708557
0.7019901
0.7032937
0.708874
0.7004834
0.6988753
0.7000609
0.6920299
0.6928095
0.695559
0.6913364
0.6911996
0.6957604
0.6924484
0.6904852
0.6986506
0.6971983
0.6926232
0.6975596
0.6966394
0.6917417
0.6947074
0.6933915
0.6858527
0.6923892
0.6960672
0.6927365
0.6995285
0.701721
0.695099
0.6880343
0.6919966
0.7004462
0.7046643
0.7059117
0.7042
0.7083022
0.708817
0.7045602
0.7078606
0.7095485
0.7054294
0.703862
0.7017936
0.7017662
0.7005483
0.6912882
0.6941556
0.6996811
0.6976883
0.7082697
0.7087008
0.708234
0.7223732
0.719191
0.7151547
0.7216069
0.7164007
0.7138747
0.7186174
0.7105368
0.7067637
0.7074014
0.6995359
0.6982182
0.7003969
0.6952106
0.6935548
0.6972442
0.6931333
0.6917804
0.7014718
0.7001088
0.693787
0.6995982
0.7027343
0.6992324
0.7025174
0.7057246
0.698983
0.6979075
0.7005998
0.6961376
0.6944141
0.6986648
0.6943521
0.6951728
0.7052829
0.7018294
0.7024929
0.7076603
0.7009305
0.6956296
0.6986935
0.697538
0.6917405
0.6949298
0.6939608
0.6875768
0.6931476
0.6924681
0.6841051
0.6898066
0.696373
0.690091
0.6901102
0.6996988
0.698336
0.6932345
0.6971465
0.6992852
0.6956763
0.6968691
0.6952931
0.6912883
0.6960566
0.6960997
0.694579
0.7038855
0.7058779
0.7039442
0.7100864
0.7080161
0.6991656
0.6985188
0.6989059
0.6907694
0.6892542
0.6944283
0.6920968
0.6882144
0.6945535
0.6984173
0.6925887
0.6930717
0.692116
0.6872874
0.6901178
0.6913033
0.6877783
0.6852448
0.6860888
0.6854178
0.6806423
0.6864107
0.6858702
0.6792019
0.6884012
0.6924523
0.6911267
0.6981788
0.6999591
0.694096
0.6978659
0.7011175
0.6971353
0.7048463
0.7054184
0.696293
0.7003916
0.7027389
0.7006637
0.6945023
0.6961568
0.7049363
0.6961121
0.6979669
0.7089141
0.7213636
0.7233845
0.698652
0.7042946
0.727886
0.7250855
0.7308469
0.7294667
0.7180945
0.7250429
0.7253129
0.7340467
0.7565005
0.7644175
0.7637591
0.7552337
0.7382095
0.7578887
0.7583136
0.73974
0.7642815
0.764378
0.7784366
0.7793624
0.7515651
0.7710128
0.7711269
0.7695554
0.7822706
0.7691789
0.7720576
0.8003935
0.7967827
0.7840815
0.7933766
0.7913214
0.8020377
0.7850307
0.7755871
0.8124605
0.8057819
0.8015169
0.815705
0.818116
0.8065918
0.7644701
0.7669497
0.7956521
0.8009725
0.7982791
0.7792525
0.7971099
0.8111218
0.8011103
0.8129661
0.8037307
0.8191782
0.8416549
0.8243076
0.8402437
0.8595621
0.8394717
0.8083276
0.8081414
0.84869
0.8582019
0.832644
0.8355285
0.8580866
0.8714642
0.8727034
0.8607346
0.8510708
0.8690412
0.8700568
0.8674642
0.879566
0.8528055
0.8431041
0.8422624
0.842018
0.8639624
0.8704084
0.8650519
0.8736244
0.8803847
0.869772
0.8914839
0.8987335
0.8881685
0.909273
0.8981995
0.9059361
0.90748
0.8947947
0.8972298
0.8733125
0.8926324
0.9259069
0.9238577
0.8981279
0.9215791
0.9281857
0.895781
0.9288665
0.9433748
0.9239751
0.9263119
0.9464517
0.9444468
0.9192011
0.9388955
0.9333425
0.9204191
0.9509638
0.9478809
0.9375045
0.9092196
0.8967233
0.902235
0.8932792
0.9009635
0.9132838
0.9299255
0.9211857
0.9183236
0.9117782
0.8972805
0.9278266
0.9348667
0.9348985
0.938929
0.9364705
0.9413056
0.9230672
0.9305198
0.9356478
0.9266984
0.9481667
0.9700076
0.9616276
0.9582672
0.9693644
0.9514131
0.9740456
0.9902979
0.9633963
0.976299
0.9707621
0.9612503
0.9793056
0.9761762
0.9644325
0.9418104
0.9211544
0.9288769
0.9270877
0.9327325
0.9472795
0.932385
0.9391271
0.950891
0.9452538
0.9608422
0.9782543
0.9732864
0.9558573
0.9658992
0.9708018
0.9564662
0.9657604
0.9571195
0.9378818
0.9437693
0.9495703
0.9338141
0.9222433
0.9174107
0.9375742
0.9710132
0.9511094
0.9342614
0.9285429
0.9438754
0.9608833
0.9459901
0.957974
0.9577759
0.9384554
0.9484032
0.9800265
0.9835803
0.9655322
0.9931794
1.009962
0.9866654
1.002878
1.016281
0.9926494
0.9929462
1.002428
0.9853992
0.9822376
1.000374
0.996713
0.9898633
1.000396
0.9901524
0.9781097
1.003589
1.001836
0.9762187
0.9898724
0.9951525
0.980744
0.9786606
0.9892753
0.9785343
0.9620499
0.9855916
0.9863629
0.975449
0.9860059
0.9920642
0.985537
0.9699001
0.9781886
0.9833975
0.967822
0.9787572
0.98407
0.965591
0.9690657
0.9834269
0.9791084
0.969833
0.9859011
0.9979393
0.9901244
0.9996417
1.010761
1.001705
0.9973208
1.004918
0.9894035
0.9653764
0.9899775
1.003499
0.9846022
0.9954354
1.01103
1.003012
1.003884
1.022045
1.012053
0.9850524
0.9980665
1.000721
0.9755543
0.9836858
1.001049
0.9969511
0.990836
1.005579
0.9998443
0.9769174
0.9979633
1.012465
0.9946997
0.9972837
1.007543
1.000839
0.994855
1.00629
1.003011
0.9873833
1.019234
1.035503
1.010392
1.026014
1.042692
1.022735
1.021853
1.036164
1.022909
1.007826
1.022592
1.01906
0.9873103
1.004485
1.020609
1.000468
1.015129
1.029214
1.012156
1.002227
1.008054
1.003578
1.00099
1.023045
1.018067
1.000491
1.019851
1.011927
0.9897942
1.005476
1.010084
0.9975459
1.003809
1.006454
0.9925352
0.994112
1.013076
1.011574
1.000795
1.017764
1.017899
0.9950063
0.998918
1.008786
0.9983671
0.9851879
0.9980012
1.002983
0.9856804
0.9888137
1.002842
1.001924
0.9890483
0.9994358
1.007874
0.9967501
0.9990417
1.008973
1.012317
1.007536
1.026073
1.029748
0.997654
1.002884
1.00975
0.993137
1.001626
0.9972528
0.9805685
0.9971189
0.9997212
0.9856818
0.9898359
1.003668
1.003332
0.9981567
1.020231
1.020029
1.007399
1.023171
1.038178
1.01773
0.9929001
1.021065
1.025461
1.000963
1.016879
1.024391
1.015619
1.010786
1.012499
1.010862
1.005371
1.017228
1.026948
1.024603
1.011734
1.023532
1.034069
1.012993
1.015427
1.036075
1.023964
1.008659
1.028419
1.02618
1.010837
1.028647
1.033503
1.01375
1.027539
1.040036
1.035601
1.036305
1.023606
1.025485
1.032162
1.045941
1.043213
1.020525
1.031266
1.032991
1.019104
1.024877
1.0312
1.024331
1.024927
1.042619
1.038535
1.013052
1.021996
1.035431
1.021225
1.011604
1.028351
1.031231
1.021899
1.027554
1.005979
1.014374
1.024296
0.9974201
0.9905123
0.9883236
0.9757435
0.9846665
0.9956717
0.9878847
1.008562
1.014929
