0.6962878
0.7018299
0.7305643
0.7071881
0.7084097
0.712
0.7341967
0.731
0.7148217
0.6876589
0.6971346
0.7012504
0.728081
0.719
0.7148949
0.7158232
0.7114867
0.7011635
0.7386907
0.729
0.7187397
0.731
0.6800952
0.735
0.7230595
0.736
0.7049263
0.6957321
0.7095125
0.715
0.6971952
0.7021842
0.7040995
0.6874811
0.7278859
0.696
0.7175259
0.678
0.699
0.697769
0.708
0.7363205
0.705
0.7236788
0.703
0.7127173
0.703
0.7321523
0.718
0.7323894
0.734
0.7319952
0.741
0.7303843
0.7284929
0.731
0.733
0.736
0.727
0.732
0.75
0.755
0.759
0.739
0.753
0.729
0.728
0.733
0.735
0.744
0.732
0.728
0.741
0.744
0.748
0.752
0.746
0.758
0.766
0.751
0.753
0.762
0.737
0.719
0.723
0.719
0.726481
0.7228343
0.714
0.709
0.703
0.706
0.703
0.709
0.689
0.686
0.7237238
0.7189539
0.687
0.699
0.706
0.696
0.708
0.716
0.717
0.713
0.703
0.7289206
0.701
0.696
0.687
0.698
0.705
0.7134019
0.7682254
0.7531566
0.7163011
0.691
0.695
0.712
0.734
0.751
0.764
0.773
0.779
0.7296145
0.776
0.771
0.782
0.7294029
0.772
0.751
0.741
0.754
0.757
0.743
0.749
0.772
0.778
0.761
0.751
0.771
0.778
0.753
0.7520906
0.7385464
0.739
0.733
0.735
0.739
0.763
0.771
0.751
0.757
0.773
0.783
0.779
0.746086
0.7417838
0.789
0.7419142
0.7645366
0.739362
0.767243
0.7186789
0.7527781
0.7456269
0.7472661
0.7500432
0.7361924
0.779
0.766
0.771
0.781
0.774
0.764
0.745
0.7402424
0.7295106
0.7288299
0.7
0.728
0.759
0.767
0.771
0.779
0.749
0.738
0.7521444
0.7546004
0.7484703
0.732
0.7625975
0.7806817
0.7404243
0.766
0.777
0.777
0.793
0.7122416
0.7650943
0.7379649
0.7384407
0.7658261
0.745126
0.7303779
0.7528048
0.7478448
0.750275
0.7564382
0.794
0.74467
0.7609339
0.7473036
0.7562057
0.771
0.732
0.719
0.7688552
0.7584608
0.74
0.74
0.739
0.751
0.778
0.781
0.7473051
0.798
0.788
0.798
0.7713334
0.7690116
0.7620826
0.799
0.78
0.788
0.757762
0.7441338
0.796
0.784
0.802
0.7763671
0.7453397
0.798
0.788
0.798
0.782
0.757
0.758
0.772
0.782
0.786
0.7911764
0.7809119
0.7529386
0.782
0.775
0.773
0.751
0.7410675
0.7462277
0.75
0.756
0.757
0.764
0.771
0.778
0.781
0.775
0.779
0.792
0.794
0.793
0.784
0.7632397
0.7553259
0.7538122
0.7442929
0.7587913
0.7471049
0.801
0.7332083
0.7537506
0.7744715
0.7507669
0.802
0.786
0.794
0.791
0.799
0.783
0.765
0.774
0.7700271
0.7346855
0.7595808
0.752
0.767
0.757
0.747
0.732
0.755
0.767
0.781
0.766
0.776
0.792
0.795
0.787
0.791
0.7695046
0.807
0.791
0.791
0.7662171
0.7631513
0.751324
0.804
0.748078
0.7453406
0.799
0.789
0.789
0.8
0.804
0.7636713
0.746756
0.7540405
0.783
0.775
0.78
0.777
0.754
0.737
0.7578241
0.7912117
0.738
0.728
0.731
0.751
0.757
0.75
0.747
0.764
0.761
0.748
0.743
0.752
0.742
0.7510781
0.7651245
0.7625532
0.745946
0.727
0.744
0.765
0.762
0.798
0.7595645
0.805
0.79
0.808
0.7831429
0.7671906
0.7604938
0.795
0.7527408
0.7266046
0.7770279
0.793
0.7353526
0.805
0.794
0.7695879
0.78791
0.7343168
0.7681517
0.7525323
0.7314048
0.8
0.7317045
0.7300074
0.7467105
0.7315827
0.7654341
0.7875544
0.7333555
0.7660038
0.789
0.781
0.791
0.791
0.782
0.752
0.769
0.778
0.791
0.7621479
0.787
0.757
0.725
0.704
0.701
0.722
0.728
0.745
0.741
0.753
0.79
0.750963
0.7293113
0.788
0.782
0.7424693
0.7395948
0.7526961
0.767
0.766
0.7369307
0.7581048
0.7363376
0.759
0.73
0.7582537
0.74
0.75
0.752
0.744
0.749
0.785
0.7233346
0.7198032
0.772
0.76
0.772
0.7906901
0.78
0.7321918
0.7433983
0.7486155
0.7306392
0.7463906
0.7438801
0.7344308
0.7387374
0.7370022
0.7712346
0.7254482
0.7196562
0.7375331
0.7417183
0.7435723
0.7291929
0.7194242
0.7562699
0.7304757
0.765
0.7219774
0.7318356
0.765
0.734
0.743
0.759
0.776
0.7315736
0.757
0.752
0.772
0.781
0.759
0.755
0.752
0.724
0.725
0.749
0.745
0.764
0.756
0.767
0.7500737
0.733612
0.7440935
0.724001
0.763
0.754
0.69
0.7346834
0.756
0.764
0.756
0.719
0.723
0.707
0.7248731
0.7313549
0.7154261
0.7086303
0.766
0.688
0.707
0.721
0.7602446
0.737833
0.7081863
0.751
0.767
0.7178718
0.708607
0.774
0.77
0.7621108
0.7479395
0.7227905
0.745
0.741
0.743
0.754
0.766
0.75
0.7354977
0.773
0.767
0.759
0.771
0.720413
0.7194737
0.726
0.761
0.769
0.759
0.756
0.762
0.744
0.7149712
0.7181178
0.706
0.683
0.697
0.692
0.696
0.71
0.726
0.738
0.725
0.724
0.749
0.7543158
0.7272071
0.7299555
0.731918
0.7476148
0.7197741
0.775
0.732
0.715
0.719
0.707
0.706
0.705
0.73
0.712
0.724
0.733
0.729
0.732
0.717
0.705
0.7096928
0.7518139
0.75
0.7174759
0.7126213
0.7040658
0.702877
0.7137495
0.7322766
0.7396738
0.7328556
0.7154017
0.689
0.699
0.682
0.678
0.7200587
0.686
0.701
0.698
0.71
0.732
0.7054389
0.759
0.7044154
0.7294745
0.75
0.758
0.6980142
0.7448372
0.71189
0.7163162
0.75
0.717
0.736
0.73
0.724
0.746
0.754
0.736
0.745
0.6967937
0.6989471
0.6866775
0.7042454
0.7133461
0.7113653
0.6933006
0.692702
0.6967649
0.7280423
0.748
0.6851558
0.6998772
0.737
0.711
0.684
0.691
0.744
0.7297328
0.697311
0.6767191
0.6871889
0.7048879
0.6905963
0.6870259
0.713
0.725
0.701
0.683
0.672
0.669
0.686
0.696
0.708
0.714
0.725
0.6824298
0.6885962
0.7118183
0.6842148
0.7020128
0.6940413
0.6813709
0.6579514
0.673171
0.725
0.714
0.709
0.701
0.699
0.701
0.718
0.6661448
0.6736795
0.6925871
0.7073455
0.6944499
0.6666717
0.6397947
0.704
0.708
0.698
0.691
0.703
0.6549637
0.6614387
0.6723245
0.6730541
0.6674851
0.6332666
0.6678078
0.6460364
0.6547524
0.6519903
0.656442
0.6488521
0.6207688
0.657817
0.651065
0.6395226
0.6444452
0.6435178
0.6437215
0.6651201
0.6343688
0.6393498
0.6540839
0.6510988
0.6513815
0.6228264
0.6626935
0.63076
0.6582376
0.66
0.6047958
0.6254826
0.612
0.613
0.611
0.612
0.6
0.595
0.587
0.582
0.581
0.576
0.574
0.6321956
0.566
0.5989691
0.563
0.5963539
0.5923385
0.5894339
0.5980953
0.6091591
0.5706816
0.6048695
0.6199249
0.6313954
0.553
0.557
0.555
0.553
0.552
0.552
0.556
0.55
0.545
0.541
0.545
0.543
0.6012947
0.534
0.533
0.534
0.534
0.532
0.524
0.532
0.535
0.528
0.527
0.529
0.531
0.527
0.526
0.534
0.538
0.519
0.526
0.529
0.522
0.529
0.53
0.524
0.52
0.523
0.528
0.527
0.514
0.515
0.518
0.509
0.503
0.499
0.505
0.507
0.505
0.498
0.496
0.499
0.502
0.495
0.49
0.489
0.491
0.495
0.489
0.484
0.481
0.485
0.488
0.484
0.482
0.475
0.48
0.481
0.478
0.479
0.475
0.478
0.479
0.471
0.475
0.471
0.477
0.474
0.467
0.459
0.467
0.466
0.471
0.472
0.467
0.466
0.459
0.462
0.46
0.465
0.467
0.465
0.466
0.464
0.465
0.46
0.461
0.455
0.456
0.456
0.459
0.46
0.462
0.459
0.454
0.457
0.452
0.457
0.458
0.455
0.456
0.458
0.46
0.464
0.458
0.459
0.457
0.457
0.458
0.452
0.45
0.448
0.452
0.455
0.457
0.458
0.454
0.454
0.452
0.454
0.456
0.452
0.435
0.466
0.453
0.451
0.423
0.46
0.445
0.439
0.446
0.44
0.44
0.437
0.441
0.44
0.444
0.442
0.44
0.439
0.44
0.442
0.442
0.436
0.44
0.439
0.44
0.438
0.436
0.434
0.432
0.438
0.434
0.431
0.426
0.424
0.434
0.436
0.435
0.435
0.432
0.431
0.435
0.436
0.437
0.435
0.433
0.43
0.433
0.432
0.431
0.428
0.431
0.428
0.431
0.428
0.428
0.425
0.43
0.426
0.43
0.424
0.425
0.423
0.43
0.425
0.428
0.422
0.426
0.426
0.428
0.426
0.428
0.425
0.431
0.43
0.428
0.423
0.428
0.424
0.421
0.42
0.424
0.422
0.425
0.419
0.421
0.417
0.424
0.42
0.422
0.415
0.418
0.416
0.423
0.418
0.42
0.4283266
0.453
0.419
0.419
0.42
0.422
0.421
0.416
0.415
0.42
0.417
0.42
0.418
0.418
0.414
0.417
0.418
0.417
0.417
0.416
0.413
0.419
0.416
0.421
0.416
0.413
0.412
0.415
0.418
0.416
0.412
0.409
0.413
0.413
0.416
0.413
0.411
0.408
0.415
0.385519
0.455
0.416
0.411
0.411
0.414
0.411
0.415
0.415
0.416
0.412
0.414
0.416
0.415
0.416
0.412
0.409
0.409
0.411
0.41
0.412
0.408
0.407
0.403
0.408
0.409
0.415
0.415
0.416
0.414
0.413
0.414
0.416
0.416
0.416
0.415
0.411
0.411
0.414
0.414
0.412
0.409
0.409
0.412
0.413
0.413
0.409
0.406
0.404
0.408
0.407
0.41
0.403
0.404
0.403
0.409
0.406
0.409
0.403
0.406
0.405
0.405
0.406
0.406
0.403
0.403
0.404
0.405
0.406
0.404
0.405
0.4
0.402
0.402
0.408
0.405
0.408
0.404
0.403
0.406
0.409
0.406
0.407
0.404
0.404
0.405
0.409
0.408
0.41
0.404
0.4
0.404
0.406
0.408
0.406
0.405
0.401
0.405
0.406
0.407
0.407
0.406
0.404
0.405
0.407
0.406
0.407
0.4
0.398
0.399
0.405
0.403
0.407
0.399
0.411
0.404
0.404
0.401
0.409
0.405
0.406
0.404
0.403
0.403
0.408
0.402
0.403
0.399
0.399
0.404
0.401
0.405
0.399
0.4
0.4
0.403
0.402
0.403
0.4
0.401
0.396
0.403
0.4
0.402
0.4
0.396
0.396
0.394
0.398
0.398
0.405
0.405
0.407
0.407
0.404
0.402
0.405
0.407
0.404
0.401
0.397
0.398
0.399
0.405
0.403
0.402
0.401
0.403
0.404
0.405
0.402
0.398
0.394
0.406
0.354
0.442
0.396
0.39
0.397
0.399
0.401
0.4
0.401
0.399
0.399
0.402
0.401
0.4
0.4
0.394
0.395
0.396
0.395
0.399
0.392
0.395
0.39
0.399
0.395
0.4
0.398
0.397
0.393
0.401
0.398
0.399
0.396
0.391
0.394
0.395
0.4
0.397
0.4
0.398
0.398
0.399
0.401
0.401
0.396
0.392
0.393
0.4
0.398
0.401
0.399
0.398
0.396
0.399
0.398
0.398
0.4
0.398
0.394
0.393
0.399
0.396
0.399
0.398
0.399
0.397
0.397
0.399
0.398
0.399
0.398
0.395
0.391
0.392
0.396
0.395
0.394
0.399
0.395
0.396
0.393
0.401
0.397
0.398
0.4
0.396
0.392
0.396
0.398
0.397
0.376
0.414
0.397
0.395
0.399
0.399
0.399
0.397
0.395
0.395
0.399
0.398
0.396
0.397
0.391
0.397
0.396
0.398
0.398
0.399
0.395
0.394
0.393
0.396
0.396
0.393
0.394
0.39
0.394
0.394
0.397
0.397
0.399
0.395
0.392
0.394
0.398
0.399
0.394
0.388
0.388
0.392
0.394
0.395
0.401
0.398
0.393
0.397
0.4
0.4
0.399
0.392
0.392
0.397
0.396
0.396
0.396
0.394
0.394
0.398
0.398
0.399
0.394
0.391
0.394
0.396
0.395
0.393
0.389
0.392
0.39
0.396
0.393
0.396
0.396
0.392
0.389
0.388
0.395
0.391
0.397
0.392
0.395
0.391
0.35
0.3818672
0.3857887
0.394
0.387
0.39
0.385
0.397
0.39
0.396
0.393
0.392
0.39
0.393
0.395
0.396
0.391
0.39
0.4020486
0.3891635
0.396
0.391
0.393
0.39
0.393
0.394
0.393
0.393
0.391
0.388
0.386
0.389
0.39
0.392
0.391
0.393
0.388
0.391
0.392
0.391
0.391
0.385
0.387
0.383
0.391
0.388
0.392
0.391
0.388
0.389
0.388
0.39
0.387
0.392
0.386
0.388
0.387
0.39
0.393
0.391
0.391
0.385
0.387
0.383
0.3682063
0.414945
0.396
0.388
0.391
0.389
0.393
0.393
0.393
0.392
0.386
0.389
0.389
0.393
0.394
0.391
0.39
0.384
0.389
0.389
0.391
0.39
0.39
0.387
0.39
0.391
0.392
0.392
0.386
0.383
0.383
0.389
0.387
0.392
0.389
0.389
0.387
0.392
0.392
0.39
0.385
0.383
0.389
0.388
0.393
0.391
0.391
0.386
0.393
0.39
0.39
0.389
0.389
0.387
0.395
0.392
0.394
0.388
0.386
0.388
0.392
0.388
0.392
0.39
0.391
0.39
0.391
0.392
0.393
0.391
0.384
0.389
0.384
0.394
0.39
0.393
0.391
0.388
0.387
0.392
0.393
0.389
0.39
0.386
0.394
0.393
0.392
0.395
0.385
0.386
0.386
0.39
0.395
0.394
0.401
0.398
0.395
0.394
0.394
0.397
0.399
0.396
0.396
0.393
0.398
0.4
0.403
0.395
0.393
0.399
0.397
0.392
0.391
0.398
0.396
0.399
0.397
0.395
0.394
0.398
0.398
0.389
0.387
0.393
0.395
0.385
0.391
0.389
0.395
0.394
0.391
0.388
0.397
0.393
0.386
0.386
0.387
0.395
0.391
0.391
0.388
0.393
0.392
0.392
0.384
0.389
0.392
0.393
0.392
0.39
0.391
0.393
0.396
0.401
0.399
0.393
0.397
0.399
0.397
0.398
0.396
0.397
0.4
0.398
0.402
0.4
0.403
0.402
0.405
0.401
0.4
0.4
0.401
0.405
0.408
0.411
0.414
0.415
0.416
0.421
0.419
0.422
0.423
0.427
0.425
0.429
0.428
0.424
0.429
0.427
0.429
0.431
0.43
0.431
0.437892
0.4277317
0.435
0.43
0.427
0.429
0.427
0.427
0.429
0.426
0.424
0.421
0.4497097
0.4096511
0.429
0.426
0.443256
0.4250397
0.43
0.428
0.427
0.423
0.426
0.432
0.429
0.429
0.43
0.434
0.435
0.439
0.437
0.437
0.439
0.443
0.439
0.437
0.435
0.432
0.431
0.437
0.429
0.43
0.431
0.433
0.435
0.437
0.439
0.435
0.44
0.442
0.442
0.44
0.444
0.442
0.447
0.449
0.455
0.452
0.458
0.457
0.458
0.465
0.46
0.463
0.461
0.461
0.461
0.464
0.455
0.46
0.461
0.466
0.472
0.467
0.473
0.468
0.479
0.478
0.484
0.49
0.49
0.493
0.493
0.489
0.485
0.484
0.482
0.485
0.483
0.487
0.486
0.486
0.493
0.492
0.482
0.491
0.482
0.489
0.486
0.498
0.494
0.498
0.497
0.499
0.499
0.495
0.497
0.496
0.489
0.491
0.487
0.489
0.484
0.48
0.487
0.493
0.497
0.498
0.503
0.505
0.504
0.503
0.494
0.505
0.504
0.51
0.509
0.509
0.508
0.513
0.508
0.507
0.506
0.501
0.502
0.504
0.504
0.513
0.52
0.527
0.53
0.536
0.543
0.546
0.549
0.551
0.548
0.547
0.546
0.516
0.530898
0.526
0.523
0.51
0.516
0.518
0.527
0.536
0.535
0.544
0.543
0.542
0.55
0.548
0.548
0.552
0.552
0.551
0.559
0.545
0.549
0.553
0.554
0.546
0.539
0.539
0.525
0.524
0.519
0.515
0.511
0.52
0.53
0.534
0.526
0.537
0.536
0.527
0.527
0.533
0.531
0.539
0.535
0.536
0.54
0.536
0.542
0.544
0.546
0.543
0.55
0.554
0.566
0.572
0.573
0.566
0.564
0.56
0.565
0.555
0.561
0.552
0.557
0.557
0.559
0.555
0.569
0.574
0.574
0.576
0.58
0.562
0.558
0.557
0.546
0.547
0.548
0.555
0.558
0.553
0.562
0.566
0.575
0.575
0.58
0.586
0.573
0.577
0.57
0.555
0.553
0.537
0.537
0.54
0.545
0.554
0.559
0.559
0.558
0.558
0.566
0.569
0.566
0.571
0.562
0.569
0.572
0.567
0.547
0.55
0.546
0.56
0.562
0.573
0.568
0.578
0.582
0.587
0.592
0.586
0.582
0.585
0.59
0.598
0.602
0.603
0.604
0.618
0.62
0.629
0.62
0.622
0.618
0.617
0.622
0.608
0.611
0.614
0.612
0.618
0.606
0.607
0.608
0.613
0.605
0.616
0.609
0.61
0.615
0.616
0.619
0.617
0.612
0.5967355
0.6080894
0.594
0.588
0.588
0.587
0.592
0.594
0.591
0.59
0.6
0.6
0.605
0.595
0.592
0.594
0.592
0.59
0.597
0.597
0.607
0.611
0.606
0.602
0.587
0.579
0.576
0.577
0.58
0.579
0.592
0.586
0.587
0.593
0.592
0.6286794
0.6077837
0.593
0.591
0.597
0.601
0.612
0.606
0.597
0.598
0.598
0.592
0.583
0.586
0.589
0.596
0.6
0.601
0.595
0.601
0.611
0.619
0.61
0.597
0.589
0.592
0.594
0.599
0.61
0.62
0.63
0.621
0.624
0.625
0.641
0.644
0.648
0.639
0.637
0.63
0.628
0.636
0.621
0.626
0.628
0.634
0.647
0.645
0.645
0.635
0.638
0.653
0.657
0.652
0.643
0.654
0.643
0.648
0.638
0.63
0.643
0.641
0.642
0.643
0.633
0.635
0.637
0.636
0.632
0.631
0.624
0.635
0.636
0.639
0.64
0.629
0.638
0.64
0.64
0.641
0.637
0.64
0.642
0.626
0.625
0.625
0.631
0.642
0.638
0.632
0.635
0.639
0.638
0.642
0.625
0.619
0.62
0.618
0.618
0.607
0.605
0.606
0.611
0.615
0.608
0.61
0.613
0.616
0.622
0.614
0.615
0.614
0.617
0.619
0.6337515
0.5986639
0.6060773
0.6416992
0.6235328
0.652
0.649
0.66
0.5848611
0.644
0.629
0.614
0.609
0.607
0.601
0.612
0.607
0.603
0.605
0.6
0.607
0.606
0.601
0.601
0.603
0.602
0.613
0.603
0.605
0.612
0.607
0.613
0.598
0.599
0.606
0.603
0.598
0.597
0.599
0.602
0.598
0.578
0.588
0.576
0.575
0.571
0.574
0.57
0.573
0.577
0.585
0.588
0.593
0.597
0.606
0.615
0.608
0.605
0.613
0.619
0.618
0.608
0.615
0.613
0.617
0.622
0.608
0.598
0.603
0.604
0.607
0.605
0.602
0.609
0.616
0.616
0.625
0.628
0.638
0.648
0.649
0.656
0.652
0.647
0.644
0.626
0.624
0.625
0.622
0.626
0.626
0.617
0.616
0.609
0.61
0.615
0.613
0.61
0.612
0.609
0.615
0.615
0.618
0.612
0.612
0.616
0.62
0.629
0.617
0.621
0.623
0.623
0.628
0.619
0.622
0.622
0.623
0.609
0.613
0.62
0.626
0.614
0.615
0.622
0.624
0.626
0.623
0.625
0.62
0.61
0.603
0.591
0.591
0.593
0.591
0.588
0.589
0.5914128
0.6098272
0.604
0.605
0.605
0.605
0.61
0.617
0.615
0.613
0.612
0.617
0.62
0.623
0.623
0.615
0.614
0.613
0.615
0.617
0.617
0.603
0.6
0.589
0.584
0.58
0.582
0.586
0.581
0.583
0.589
0.594
0.594
0.594
0.596
0.597
0.604
0.604
0.596
0.599
0.604
0.61
0.621
0.616
0.617
0.616
0.616
0.62
0.608
0.613
0.612
0.616
0.619
0.614
0.612
0.613
0.619
0.62
0.627
0.62
0.623
0.62
0.619
0.622
0.612
0.609
0.612
0.616
0.607
0.607
0.611
0.61
0.602
0.602
0.597
0.601
0.6190667
0.6035593
0.591
0.597
0.599
0.604
0.611
0.611
0.603
0.609
0.608
0.603
0.606
0.592
0.597
0.598
0.6
0.609
0.621
0.618
0.614
0.615
0.616
0.621
0.623
0.608
0.612
0.609
0.611
0.613
0.609
