1.03
1.03
1.014389
1.046
1.005
1.023809
1.039
1.06482
1.032527
1.019
1.035173
1.070971
1.043841
1.006252
1.019709
1.006
1.057
0.972
1.072
1.103
1.039
1.077
1.083
1.049
1.096
1.031753
1.1
1.069881
1.083
1.103
1.052379
1.106
1.054348
1.008
1.048953
1.099
0.996
1.035677
1.112
1.088539
1.060444
1.076
0.987
1.113
1.063
1.008048
1.088
1.061
1.042
1.065
1.069188
1.109
1.081
1.045
1.066
1.045039
1.109
1.089
1.032899
1.098
1.073
1.056
1.053
1.06
1.053653
1.12
1.09
1.036633
1.043499
1.109
1.075
1.103
1.033
1.047133
1.093
1.024106
1.085
1.084
1.101
1.080966
1.129
1.102
1.066445
1.038034
1.103
1.084
1.094
0.998
1.09198
1.116
1.077
1.052
1.074278
1.058424
1.107
1.074
1.085134
1.084853
1.083
1.099
1.102
1.063
1.102
1.094
1.086
1.097
1.063
1.105
1.088
1.104
1.082
1.108
1.095
1.093
1.084
1.0841
1.125
1.081102
1.125
1.078051
1.127
1.064328
1.106
1.058832
1.007
1.108
1.057033
1.107
1.079
1.049911
1.127
1.081
1.052
1.07
1.073
1.087
1.086
1.067
1
1.121
1.099
1.092
1.09
1.093
1.058665
1.125
1.034695
1.098
1.055
1.109892
1.109
1.051
1.046
1.063
1.086935
1.112
1.058
1.053
1.072
1.033505
1.049101
1.073
1.067
1.087
1.046259
1.122
1.083
1.053
1.06
1.058
1.071875
1.05244
1.056
1.052
1.083
1.057
1.04
1.041
1.029
1.042
1.057
1.04
1.064
1.088
1.053
1.081
1.057
1.037
1.064
1.046
1.051
1.071
1.053387
1.098
1.05
1.026
1.041
1.045102
1.092
1.058
1.043547
1.086
1.052
1.024
1.038
1.072809
1.084
1.061
1.029
1.026
1.041
1.035296
1.079
1.033
1.072951
1.084
1.053
1.035
1.066
1.048
1.04
1.074
1.069
1.046
1.002988
0.976
1.041
1.058
1.050204
1.040056
1.091
1.085
1.071
1.04258
1.096
1.071
1.024
1.052
1.019
1.024
1.038
1.047951
1.064
1.031
1.029182
1.068
1.024
1.033691
1.079
1.042
1.03
1.058
1.064
1.031
1.068
1.071
1.062
1.069
1.03
1.065
1.064
1.072
1.092
1.045
1.057
1.07
1.055
1.076
1.038
1.045
1.05
1.02
1.043
1.076
1.047
1.066
1.035
1.071
1.083
1.08
1.091
1.043
1.073
0.981
1.023385
1.081
1.023015
1.053887
1.057486
1.049112
0.984
1.047
1.069422
1.094716
1.075
1.038
1.096
1.039325
0.9991751
1.072709
1.034752
1.035209
1.073109
1.043951
1.023026
1.053836
1.108
1.108
1.045556
1.112
1.084
1.111
1.059
1.076
1.063
1.058
1.063
1.042071
1.097
0.982
1.076
0.99
1.057
1.048
1.068
1.046
1.076
1.075
1.072
1.039413
1.069
1.072
1.08
1.04
1.066
1.031
1.055
1.06
1.035
1.056
1.06
1.048
1.051
1.006878
1.067
1.066
1.074
1.068
1.067
1.042
1.071
1.018761
0.9981848
1.008987
1.024484
1.008349
0.9899566
1.054
1.019321
1.031
1.016
1.025
0.95
0.921
0.951
1.009
1.013
1.008
1.002
0.996
1.013
1
0.9855034
0.9731388
0.9637494
0.9419975
0.9834873
0.9374566
0.9966233
0.941
0.9769046
0.998
0.918
0.938
0.888
0.93
0.981
0.978
0.9171136
0.8971025
0.904
0.924
0.92
0.959
0.888
0.932
0.885
0.937
0.879
0.911
0.882
0.841
0.854
0.873
0.8710287
0.824
0.828
0.827
0.8827186
0.814
0.819
0.804
0.813
0.8580232
0.8529456
0.792
0.8337765
0.804
0.8479769
0.791
0.8256335
0.78
0.778
0.787
0.81
0.812
0.833
0.817
0.839
0.863
0.852
0.821
0.753
0.761
0.742
0.737
0.7605578
0.7866151
0.728
0.731
0.8084258
0.735
0.73
0.743
0.748
0.742
0.759
0.75
0.755
0.758
0.744
0.751
0.738
0.747
0.74
0.745
0.736
0.741
0.734
0.735
0.737
0.737
0.743
0.735
0.747
0.735
0.738
0.728
0.736
0.734
0.727
0.737
0.727
0.725
0.726
0.724
0.727
0.724
0.72
0.726
0.725
0.722
0.723
0.729
0.726
0.726
0.726
0.722
0.725
0.724
0.727
0.725
0.727
0.722
0.725
0.72
0.714
0.709
0.715
0.709
0.706
0.699
0.695
0.693
0.694
0.688
0.688
0.693
0.689
0.692
0.693
0.688
0.693
0.69
0.69
0.698
0.696
0.697
0.703
0.706
0.708
0.708
0.707
0.71
0.713
0.711
0.712
0.706
0.707
0.7
0.695
0.692
0.689
0.684
0.684
0.676
0.679
0.68
0.678
0.677
0.678
0.681
0.678
0.674
0.681
0.677
0.674
0.676
0.678
0.684
0.683
0.678
0.673
0.677
0.672
0.669
0.671
0.666
0.666
0.667
0.672
0.673
0.672
0.666
0.661
0.669
0.66
0.663
0.659
0.657
0.652
0.654
0.648
0.649
0.652
0.655
0.652
0.66
0.664
0.656
0.655
0.661
0.662
0.668
0.674
0.67
0.669
0.674
0.666
0.67
0.666
0.667
0.666
0.672
0.668
0.664
0.665
0.662
0.666
0.662
0.663
0.66
0.667
0.654
0.658
0.654
0.655
0.656
0.653
0.656
0.658
0.651
0.655
0.658
0.656
0.662
0.662
0.661
0.666
0.666
0.668
0.667
0.676
0.674
0.666
0.664
0.657
0.653
0.649
0.646
0.646
0.647
0.646
0.648
0.648
0.649
0.652
0.65
0.645
0.639
0.636
0.631
0.636
0.639
0.642
0.651
0.649
0.65
0.66
0.652
0.655
0.653
0.6350011
0.6611277
0.639
0.636
0.635
0.637
0.638
0.638
0.639
0.636
0.636
0.642
0.639
0.647
0.649
0.65
0.651
0.644
0.649
0.64
0.65
0.644
0.637
0.642
0.64
0.639
0.636
0.635
0.64
0.642
0.643
0.645
0.659
0.653
0.656
0.655
0.647
0.651
0.643
0.648
0.654
0.65
0.649
0.642
0.644
0.645
0.649
0.646
0.646
0.646
0.647
0.64
0.649
0.639
0.647
0.644
0.645
0.641
0.65
0.648
0.64
0.638
0.636
0.627
0.631
0.64
0.639
0.643
0.642
0.655
0.654
0.651
0.657
0.647
0.652
0.648
0.642
0.644
0.644
0.64
0.64
0.64
0.632
0.637
0.635
0.632
0.641
0.649
0.646
0.644
0.656
0.639
0.645
0.651
0.649
0.652
0.657
0.665
0.666
0.665
0.658
0.665
0.653
0.658
0.666
0.654
0.656
0.656
0.653
0.65
0.65
0.655
0.651
0.648
0.651
0.65
0.65
0.646
0.648
0.64
0.644
0.652
0.65
0.65
0.655
0.645
0.64
0.64
0.63
0.629
0.627
0.64
0.633
0.636
0.635
0.64
0.645
0.648
0.649
0.647
0.66
0.656
0.664
0.663
0.659
0.653
0.645
0.643
0.64
0.644
0.647
0.649
0.638
0.637
0.633
0.639
0.64
0.639
0.651
0.641
0.649
0.649
0.65
0.651
0.648
0.649
0.646
0.647
0.654
0.643
0.648
0.651
0.656
0.647
0.641
0.644
0.637
0.637
0.646
0.641
0.644
0.653
0.645
0.641
0.648
0.642
0.641
0.64
0.64
0.64
0.637
0.633
0.638
0.638
0.641
0.638
0.637
0.64
0.641
0.64
0.64
0.636
0.635
0.634
0.635
0.639
0.637
0.635
0.642
0.639
0.641
0.64
0.638
0.642
0.655
0.649
0.654
0.65
0.644
0.653
0.641
0.642
0.645
0.645
0.642
0.647
0.636
0.632
0.625
0.629
0.623
0.622
0.629
0.628
0.628
0.635
0.631
0.642
0.628
0.633
0.644
0.633
0.627
0.632
0.624
0.622
0.624
0.616
0.615
0.629
0.621
0.622
0.628
0.633
0.63
0.639
0.631
0.632
0.634
0.628
0.635
0.641
0.636
0.639
0.639
0.631
0.634
0.632
0.631
0.634
0.63
0.629
0.629
0.628
0.63
0.623
0.624
0.625
0.628
0.624
0.623
0.625
0.624
0.632
0.625
0.626
0.62
0.628
0.626
0.632
0.631
0.64
0.637
0.641
0.637
0.641
0.637
0.634
0.639
0.633
0.636
0.638
0.634
0.636
0.633
0.63
0.632
0.632
0.63
0.634
0.634
0.633
0.632
0.628
0.637
0.638
0.637
0.632
0.635
0.626
0.629
0.638
0.637
0.646
0.653
0.658
0.661
0.664
0.675
0.666
0.656
0.664
0.656
0.651
0.651
0.666
0.653
0.648
0.646
0.653
0.6780738
0.666
0.686
0.708
0.706
0.712
0.718
0.733
0.726
0.732
0.754
0.745
0.742
0.76
0.74
0.738
0.747
0.746
0.763
0.765
0.763
0.75
0.756
0.783
0.78
0.765
0.785
0.789
0.785
0.78
0.764
0.74
0.748
0.769
0.765
0.793
0.817
0.809
0.832
0.85
0.822
0.831
0.833
0.812
0.828
0.847
0.847
0.859
0.841
0.861
0.79
0.8339582
0.786
0.806
0.828
0.908
0.859424
0.8570774
0.8552081
0.8411018
0.918
0.914
0.877
0.897
0.864
0.847
0.866
0.929
0.897
0.892
0.936
0.911
0.9
0.946
0.93
0.94
0.8698979
0.95
0.8692056
0.8960929
0.953
0.8756761
0.908
0.837
0.8905644
0.857
0.925
0.9004897
0.9485812
0.8948402
0.966
0.9175862
0.9156256
0.8941027
0.9153366
0.9504112
0.9298832
0.9222515
0.9134186
0.8787112
0.979
0.98
0.921
0.896
0.912
0.9573832
0.9012262
0.9512286
0.9783516
0.9052531
0.9539556
0.875
0.934832
0.9068788
0.879
0.9101934
0.9092378
0.929
0.934
0.927
0.958
0.928
0.953
1.002
0.95
0.973
0.982
0.907
0.905
0.9412776
0.9209785
0.9688968
0.891
0.937
0.991
0.954
0.962
0.94
0.924
0.959
0.954
0.944
0.977
0.955
0.942
0.995
0.956
0.967
0.992
0.954
0.989
0.95
0.944
0.977
0.957
0.968
1.001
0.97
0.971
1.009
0.966
0.967
0.978
0.946
0.968
0.956
0.939
0.964
0.942
0.955
0.961
0.934
0.947
0.93
0.929
0.968
0.941
0.955
0.926
0.92
0.953
0.937
0.93
0.968
0.954
0.958
0.995
0.947
0.948
0.979
0.969
0.966
0.985
0.965
0.973
1.009
0.977
0.985
1.013
0.985
0.977
1.004
0.961
0.961
0.934
0.941
0.96
0.93
0.934
0.931
0.915
0.924
0.956
0.944
0.948
0.977
0.943
0.953
1.008
1.008
0.989
1
0.978
0.982
0.982
0.955
0.95
0.908
0.908
0.905
0.886
0.896
0.903
0.894
0.909
0.89
0.89
0.9850706
0.9097817
0.9555197
0.9548871
0.9450039
0.876
0.922
0.913
0.913
0.966
0.939
0.966
0.999
0.983
0.98
0.984
0.963
0.96
0.97
0.955
0.958
0.959
0.932
0.936
0.932
0.922
0.933
0.938
0.929
0.941
0.953
0.935
0.945
0.922
0.919
0.932
0.934
0.921
0.931
0.941
0.911
0.919
0.922
0.898
0.91
0.922
0.899
0.921
0.939
0.914
0.923
0.949
0.928
0.947
0.951
0.92
0.946
0.949
0.922
0.945
0.949
0.91
0.922
0.928
0.891
0.918
0.943
0.923
0.908
0.902
0.9198477
0.883
0.891
0.896
0.892
0.9
0.915
0.943
0.933
0.967
0.995
0.944
0.958
0.969
0.935
0.952
0.939
0.925
0.944
0.93
0.954
0.976
0.948
0.975
0.972
0.983
0.993
1.001
0.9478462
0.99
1.015
1.013
0.975
0.988
0.978
0.968
0.983
0.961
0.966
0.976
0.941
0.965
0.976
0.948
0.973
0.965
0.962
0.998
0.967
0.977
0.981
0.941
0.961
0.969
0.971
0.996
0.944
0.944
0.951
0.931
0.943
0.951
0.913
0.945
0.955
0.95
0.963
0.968
0.952
0.967
0.954
0.95
0.966
0.965
0.951
0.969
0.962
0.963
0.987
0.988
0.979
1.003
1.01
1.007
1.028
0.999
1.013
1.016
0.96
0.989
0.996
0.944
0.975
0.983
0.946
0.973
0.981
0.963
0.995
0.995
0.974
0.999
0.983
0.998
1.01
0.996
1.01
1.017
1
1.036
1.025
1.007
1.009
0.979
0.9950963
0.943
0.959
0.991
0.998
1.011
1.045
1.039
