0.8508351
0.8579007
0.895169
0.8645803
0.8660246
0.8990881
0.882
0.867
0.809
0.924
0.8742596
0.8387492
0.81
0.836
0.8514094
0.894
0.825
0.861
0.822
0.8575523
0.908
0.841
0.873
0.8930478
0.8753821
0.8764606
0.928
0.882
0.882
0.8713757
0.828
0.859
0.813
0.829
0.924
0.823
0.8591867
0.9079272
0.932
0.822
0.859
0.831
0.834
0.8826131
0.825
0.862
0.836
0.852
0.927
0.817
0.846
0.843
0.833638
0.935
0.8893391
0.906
0.898
0.8657124
0.8536202
0.907
0.874
0.865
0.8721349
0.894
0.927
0.87
0.884
0.8565533
0.837
0.856
0.83
0.931
0.825
0.8640905
0.8664723
0.833
0.825
0.921
0.9
0.915
0.838
0.829
0.914
0.898
0.904
0.823
0.828
0.8475102
0.896
0.9002506
0.834
0.8865463
0.8600376
0.9098009
0.8929036
0.92
0.8784321
0.9033118
0.904
0.89
0.91
0.827
0.844
0.937
0.919
0.839
0.848
0.911
0.906
0.927
0.855
0.941
0.917
0.925
0.9068886
0.885
0.894
0.9063967
0.90387
0.897
0.894
0.9017578
0.95
0.906
0.911
0.893
0.8901365
0.935
0.874
0.896
0.897
0.8862199
0.898
0.908
0.887
0.885595
0.946
0.879551
0.911
0.902
0.8903307
0.894
0.876
0.865
0.931
0.8696191
0.837
0.9412144
0.9215581
0.8735334
0.876
0.891
0.917
0.851
0.857
0.837
0.92
0.901
0.85
0.844
0.911
0.905
0.909
0.857
0.929
0.8923244
0.943
0.902
0.8917202
0.84
0.848
0.9182506
0.914
0.902
0.92
0.847
0.858
0.934
0.912
0.862
0.918
0.895
0.907
0.899
0.901
0.905
0.928
0.934
0.916
0.923
0.945
0.95
0.88
0.958
0.936
0.885
0.886
0.93
0.915
0.934
0.938
0.929
0.916
0.928
0.955
0.95
0.88
0.937
0.931
0.942
0.881
0.932
0.907
0.93
0.915
0.903
0.907
0.908
0.913
0.91
0.9
0.905
0.925
0.932
0.92
0.906
0.9
0.898
0.88
0.867
0.873
0.887
0.882
0.909
0.956
0.963
0.936
0.931
0.95
0.959
0.939
0.93
0.924
0.94
0.954
0.94
0.929
0.935
0.952
0.958
0.927
0.915
0.93
0.931
0.939
0.934
0.922
0.939
0.925
0.91
0.894
0.9309059
0.887
0.889
0.924
0.933
0.922
0.907
0.92
0.953
0.948
0.93
0.922
0.945
0.954
0.936
0.916
0.908
0.922
0.957
0.935
0.914
0.916
0.929
0.939
0.929
0.933
0.962
0.966
0.96
0.94
0.944
0.967
0.974
0.949
0.958
0.969
0.967
0.934
0.916
0.935
0.958
0.959
0.946
0.946
0.974
0.943
0.937
0.934
0.951
0.942
0.915
0.92
0.942
0.953
0.934
0.925
0.947
0.982
0.963
0.945
0.959
0.984
0.948
0.967
0.945
0.962
0.96
0.939
0.916
0.942
0.954
0.931
0.914
0.913
0.939
0.966
0.939
0.948
0.973
0.987
0.959
0.948
0.971
0.964
0.948
0.943
0.951
0.963
0.946
0.928
0.941
0.975
0.971
0.943
0.954
0.979
0.959
0.962
0.954
0.978
0.973
0.952
0.964
0.974
0.97
0.955
0.955
0.981
0.975
0.951
0.94
0.959
0.962
0.975
0.967
0.935
0.952
0.948
0.928
0.907
0.906
0.905
0.892
0.922
0.958
0.942
0.95
0.964
0.9228512
0.916535
0.969
0.969
0.9148131
0.9435707
0.973
0.956
0.938
0.915
0.9
0.917
0.913
0.898
0.901
0.92
0.919
0.911
0.93
0.91
0.9043953
0.876
0.855
0.86
0.866
0.871
0.889
0.89
0.879
0.9379844
0.875
0.874018
0.87
0.9176994
0.875
0.856
0.858
0.9071468
0.854
0.9085185
0.9116297
0.8930801
0.8962852
0.8817861
0.8803649
0.9085111
0.911161
0.902617
0.9202398
0.9431996
0.889
0.893
0.897
0.881
0.87
0.881
0.88
0.875
0.871
0.85
0.849
0.85
0.843
0.833
0.838
0.8811531
0.833
0.843
0.837
0.84
0.834
0.845
0.842
0.833
0.829
0.829
0.838
0.836
0.862
0.883
0.877
0.88
0.9
0.892
0.892
0.883
0.908
0.889
0.887
0.892
0.884
0.881
0.897
0.901
0.909
0.902
0.91
0.889
0.875
0.904
0.908
0.913
0.915
0.914
0.8080932
0.8756933
0.839135
0.8385187
0.8729385
0.8447355
0.8242776
0.8522233
0.8445
0.8463945
0.904
0.8520166
0.8352061
0.855038
0.864
0.8346759
0.8448461
0.8593982
0.8443847
0.8272897
0.8564707
0.8518791
0.8412678
0.8334434
0.8140693
0.853801
0.8117383
0.8679875
0.8529458
0.8148343
0.7969553
0.801984
0.8204904
0.8085334
0.8049097
0.7908613
0.8080901
0.7912237
0.7713915
0.7965079
0.839
0.8203183
0.7878334
0.8107976
0.776
0.762
0.743
0.733
0.731
0.734
0.7541463
0.725
0.7835777
0.7940457
0.7881048
0.737
0.7812665
0.717
0.7630979
0.731
0.719
0.725
0.717
0.715
0.715
0.717
0.717
0.709
0.709
0.717
0.711
0.706
0.703
0.697
0.704
0.7
0.697
0.693
0.684
0.682
0.697
0.687
0.691
0.685
0.686
0.695
0.687
0.69
0.68
0.685
0.694
0.682
0.683
0.68
0.679
0.685
0.679
0.672
0.676
0.681
0.676
0.674
0.675
0.676
0.671
0.665
0.666
0.671
0.666
0.666
0.665
0.658
0.656
0.65
0.655
0.66
0.657
0.656
0.654
0.658
0.664
0.663
0.658
0.654
0.656
0.662
0.659
0.657
0.652
0.658
0.658
0.658
0.653
0.653
0.655
0.653
0.649
0.644
0.646
0.647
0.648
0.64
0.639
0.646
0.643
0.642
0.638
0.638
0.644
0.64
0.639
0.636
0.636
0.642
0.642
0.638
0.636
0.635
0.639
0.639
0.637
0.636
0.63
0.634
0.641
0.593
0.675
0.634
0.636
0.644
0.639
0.633
0.634
0.622
0.643
0.644
0.641
0.647
0.644
0.649
0.643
0.637
0.636
0.641
0.64
0.639
0.636
0.63
0.635
0.639
0.637
0.633
0.629
0.636
0.634
0.632
0.626
0.627
0.634
0.628
0.628
0.629
0.626
0.621
0.629
0.628
0.624
0.619
0.624
0.626
0.625
0.625
0.621
0.629
0.627
0.625
0.622
0.624
0.627
0.627
0.627
0.622
0.625
0.629
0.628
0.626
0.624
0.625
0.629
0.628
0.624
0.624
0.622
0.626
0.627
0.625
0.621
0.624
0.625
0.625
0.627
0.625
0.62
0.621
0.636
0.631
0.631
0.627
0.631
0.624
0.62
0.627
0.629
0.626
0.624
0.621
0.625
0.625
0.625
0.624
0.619
0.625
0.625
0.623
0.622
0.618
0.622
0.622
0.617
0.615
0.612
0.618
0.616
0.614
0.611
0.61
0.616
0.618
0.613
0.609
0.609
0.617
0.617
0.614
0.609
0.613
0.617
0.616
0.61
0.612
0.613
0.612
0.611
0.605
0.609
0.614
0.612
0.607
0.605
0.611
0.612
0.611
0.606
0.605
0.608
0.61
0.612
0.604
0.607
0.607
0.609
0.606
0.604
0.605
0.608
0.607
0.602
0.6
0.603
0.608
0.605
0.599
0.599
0.606
0.611
0.606
0.602
0.606
0.608
0.608
0.604
0.605
0.606
0.614
0.609
0.603
0.608
0.607
0.601
0.602
0.603
0.606
0.606
0.602
0.608
0.61
0.611
0.609
0.608
0.609
0.612
0.611
0.609
0.605
0.606
0.612
0.612
0.607
0.602
0.61
0.614
0.612
0.604
0.606
0.609
0.612
0.607
0.606
0.61
0.604
0.605
0.597
0.603
0.601
0.606
0.601
0.595
0.598
0.602
0.604
0.602
0.596
0.601
0.605
0.606
0.605
0.601
0.604
0.603
0.604
0.601
0.6
0.604
0.604
0.608
0.601
0.602
0.602
0.602
0.603
0.621
0.619
0.615
0.616
0.612
0.617
0.616
0.612
0.608
0.605
0.609
0.609
0.607
0.604
0.6
0.603
0.604
0.605
0.604
0.603
0.606
0.601
0.6
0.604
0.603
0.602
0.599
0.602
0.596
0.598
0.597
0.598
0.595
0.59
0.593
0.596
0.603
0.603
0.597
0.6
0.601
0.605
0.604
0.601
0.604
0.606
0.602
0.597
0.605
0.6
0.598
0.595
0.605
0.603
0.601
0.598
0.601
0.601
0.6
0.595
0.603
0.602
0.606
0.596
0.603
0.6
0.604
0.598
0.602
0.604
0.601
0.596
0.593
0.603
0.602
0.6
0.598
0.592
0.597
0.594
0.595
0.593
0.592
0.597
0.595
0.593
0.592
0.592
0.598
0.555
0.637
0.597
0.595
0.6
0.598
0.594
0.593
0.595
0.599
0.596
0.595
0.597
0.599
0.598
0.596
0.592
0.595
0.602
0.598
0.594
0.592
0.596
0.599
0.598
0.594
0.594
0.596
0.599
0.598
0.597
0.597
0.601
0.602
0.603
0.601
0.596
0.606
0.604
0.605
0.598
0.606
0.608
0.603
0.6
0.602
0.603
0.602
0.596
0.599
0.598
0.598
0.594
0.594
0.6
0.6
0.602
0.595
0.601
0.602
0.601
0.597
0.6
0.603
0.603
0.6
0.598
0.595
0.593
0.588
0.591
0.596
0.597
0.594
0.59
0.596
0.604
0.608
0.604
0.602
0.606
0.613
0.61
0.608
0.606
0.611
0.609
0.608
0.605
0.608
0.611
0.609
0.607
0.604
0.612
0.613
0.61
0.606
0.605
0.608
0.607
0.604
0.602
0.603
0.603
0.6
0.595
0.599
0.601
0.602
0.596
0.596
0.597
0.603
0.602
0.599
0.599
0.605
0.603
0.602
0.6
0.601
0.608
0.609
0.605
0.607
0.608
0.611
0.609
0.608
0.61
0.607
0.605
0.614
0.615
0.614
0.613
0.612
0.618
0.622
0.615
0.617
0.622
0.626
0.624
0.62
0.623
0.626
0.618
0.62
0.616
0.612
0.6
0.607
0.624
0.615
0.61
0.615
0.628
0.632
0.634
0.636
0.658
0.652
0.655
0.642
0.658
0.656
0.663
0.67
0.655
0.669
0.671
0.678
0.673
0.672
0.696
0.688
0.689
0.671
0.675
0.684
0.679
0.683
0.667
0.675
0.681
0.684
0.68
0.667
0.69
0.68
0.669
0.666
0.659
0.653
0.654
0.643
0.642
0.647
0.671
0.671
0.681
0.685
0.677
0.665
0.674
0.676
0.677
0.67
0.668
0.692
0.69
0.692
0.685
0.686
0.687
0.687
0.688
0.675
0.685
0.682
0.674
0.69
0.687
0.669
0.66
0.665
0.66
0.666
0.665
0.655
0.656
0.67
0.671
0.666
0.67
0.673
0.668
0.659
0.676
0.665
0.666
0.659
0.661
0.655
0.648
0.681
0.675
0.681
0.678
0.675
0.682
0.723
0.724
0.716
0.708
0.702
0.695
0.689
0.68
0.677
0.672
0.665
0.668
0.677
0.675
0.679
0.704
0.683
0.694
0.696
0.689
0.698
0.713
0.705
0.705
0.718
0.711
0.715
0.722
0.729
0.708
0.709
0.715
0.717
0.708
0.72
0.724
0.728
0.712
0.747
0.732
0.73
0.715
0.696
0.699
0.727
0.732
0.739
0.729
0.738
0.774
0.78
0.782
0.76
0.773
0.792
0.795
0.772
0.77
0.804
0.812
0.803
0.784
0.788
0.799
0.8
0.778
0.768
0.803
0.81
0.82
0.788
0.782
0.7478805
0.778
0.812
0.791
0.805
0.822
0.812
0.778
0.779
0.792
0.799
0.79
0.779
0.794
0.791
0.768
0.789
0.807
0.786
0.766
0.779
0.785
0.803
0.783
0.779
0.796
0.808
0.785
0.78
0.797
0.801
0.789
0.775
0.764
0.761
0.752
0.742
0.733
0.7719762
0.7963005
0.7749208
0.749
0.767
0.785
0.764
0.775
0.809
0.811
0.814
0.798
0.781
0.815
0.822
0.799
0.796
0.81
0.83
0.81
0.787
0.789
0.81
0.821
0.808
0.792
0.804
0.807
0.798
0.79
0.811
0.7992265
0.817
0.8047336
0.801
0.817
0.822
0.8494445
0.825
0.798351
0.818
0.822
0.85
0.839
0.817
0.794
0.793
0.805
0.825
0.809
0.793
0.814
0.812
0.832
0.809
0.793
0.827
0.826
0.828
0.804
0.796
0.825
0.82
0.83
0.813
0.791
0.814
0.828
0.83
0.807
0.796
0.803
0.803
0.804
0.785
0.778
0.776
0.769
0.87
0.778
0.807
0.794
0.831645
0.807
0.833
0.819
0.8297913
0.802
0.836
0.813
0.818
0.796
0.782
0.8106917
0.887
0.805
0.8301774
0.812
0.842
0.825
0.81
0.791
0.795
0.878
0.782
0.809
0.809
0.82
0.8659072
0.793
0.824
0.811
0.894
0.796
0.81
0.798
0.787
0.8489134
0.787
0.864
0.853
0.801
0.83
0.813
0.802
0.884
0.796
0.898
0.785
0.803
0.808
0.879
0.859
0.794
0.81
0.878
0.856
0.87
0.793
0.888
0.878
0.888
0.821
0.845
0.9
0.871
0.874
0.794
0.819
0.887
0.873
0.888
0.823
0.834
0.899
0.884
0.881
0.813
0.901
0.879
0.887
0.891
0.832
0.833
0.896
0.874
0.879
0.828
0.822
0.886
0.869
0.869
0.873
0.812
0.904
0.883
0.891
0.822
0.891
0.868
0.877
0.886
0.809
0.887
0.864
0.882
0.879
0.876
0.8690046
0.903
0.894
0.888
0.811
0.901
0.876
0.872
0.8627566
0.883
0.861
0.872
0.87
0.867
0.866
0.875
0.882
0.873
0.868
0.875
0.885
0.897
0.884
0.873
0.88
0.882
0.881
0.869
0.874
0.878
0.875
0.861
0.856
0.864
0.883
0.869
0.862
0.869
0.879
0.875
0.863
0.857
0.852
0.86
0.886
0.907
0.901
0.881
0.889
0.907
0.912
0.884
0.878
0.896
0.906
0.897
0.89
0.898
0.917
0.909
0.9
0.896
0.905
0.91
0.897
0.894
0.906
0.915
0.902
0.902
0.899
0.92
0.898
0.886
0.904
0.919
0.91
0.891
