1.05782
1.022891
1.051059
1.042068
1.032774
1.035672
1.047862
1.086932
1.075975
1.039964
1.062251
1.144371
1.090714
1.073578
1.116468
1.032045
1.043571
1.101736
1.127539
1.117389
1.055187
1.081591
1.132184
1.109641
1.118405
1.158318
1.126618
1.146548
1.158067
1.080373
1.065103
1.104878
1.127287
1.09582
1.088384
1.103828
1.061903
1.038299
1.089383
1.088443
1.065398
1.086414
1.074275
1.092211
1.106967
1.072678
1.103558
1.095047
1.066201
1.081177
1.119957
1.174581
1.126461
1.097861
1.103572
1.075494
1.08636
1.065429
1.071649
1.168882
1.17161
1.147012
1.129067
1.0661
1.077593
1.100968
1.07641
1.095857
1.120415
1.08498
1.085413
1.103007
1.076967
1.082379
1.081623
1.052366
1.06843
1.078098
1.049314
1.056021
1.074933
1.042715
1.053138
1.069652
1.032939
1.051282
1.057182
1.024254
1.049447
1.060344
1.030572
1.041846
1.060517
1.043335
1.053723
1.057523
1.012027
1.023431
1.060858
1.035191
1.046683
1.087544
1.054419
1.063025
1.079346
1.046043
1.07851
1.069564
1.049151
1.08061
1.05232
1.047194
1.068032
1.057421
1.057226
1.020244
1.002296
1.032218
1.044395
1.0917
1.147053
1.110488
1.030372
1.027973
1.036875
1.003851
1.01398
1.043206
1.041323
1.013398
1.018352
1.042975
1.040878
1.065042
1.07672
1.061699
1.059203
1.061388
1.062956
1.123978
1.123608
1.072588
1.097877
1.107451
1.103385
1.072585
1.082773
1.089505
1.041432
1.043975
1.062283
1.035723
1.026054
1.0631
1.057213
1.029132
0.9903998
0.9767128
1.076114
1.120223
1.073893
1.050402
1.032939
1.011277
1.044279
1.117401
1.146244
1.114739
1.054214
1.008384
1.025682
1.063408
1.052352
1.021834
0.9831142
0.9483556
0.9846788
1.045917
1.012493
1.002578
1.018028
1.033353
1.066107
1.03801
1.018813
1.140207
1.137693
1.027221
1.09847
1.116422
1.075468
1.064845
1.079512
1.07959
1.050196
1.095951
1.147515
1.070438
1.02047
1.114861
1.119312
1.057522
1.00346
1.011069
1.112284
1.125023
1.073932
1.045505
1.024881
1.043921
1.045426
1.036081
1.103518
1.144042
1.124005
1.07823
0.999002
1.018152
1.109295
1.101849
1.09955
1.060133
1.001115
1.064567
1.096415
1.071623
1.047398
1.009095
1.003909
1.012547
1.01762
1.093709
1.142029
1.098539
1.007916
1.005994
1.105841
1.114721
1.077892
1.054962
1.023258
1.026178
1.057371
1.035476
1.025987
1.022146
0.9952907
1.064404
1.103759
1.040213
0.9779491
1.016535
1.098567
1.095329
1.045898
1.029346
1.095475
1.137871
1.104075
1.058763
1.013394
1.015458
1.076967
1.105084
1.078042
1.00609
1.016469
1.09295
1.103691
1.096808
1.051654
1.003577
1.05578
1.129092
1.121494
1.10386
1.063374
1.063701
1.162634
1.107797
1.032625
1.168201
1.192191
1.125883
1.13836
1.070965
1.031678
1.149237
1.194181
1.143282
1.106773
1.06457
1.112615
1.190333
1.106684
1.050164
1.14161
1.153184
1.128158
1.090128
1.024694
1.084731
1.173921
1.177375
1.14114
1.078566
1.069364
1.051826
1.025003
1.108851
1.168767
1.11792
1.056249
1.062781
1.101596
1.156752
1.172769
1.104849
1.068909
1.106048
1.082599
1.067653
1.123579
1.075172
1.039343
1.067563
1.065862
1.067877
1.072678
1.107987
1.161241
1.163104
1.07394
1.063306
1.098261
1.107451
1.103442
1.064256
1.127468
1.162097
1.107968
1.085288
1.097098
1.088345
1.057924
1.040008
1.010538
1.008472
1.055653
1.070031
1.041989
1.011762
1.027322
1.000074
0.9847926
1.036402
1.035901
1.002302
0.9539372
0.949457
0.9608216
0.9506234
0.9778865
1.020192
1.000148
1.001803
1.038997
0.9856424
0.9774899
1.03311
1.035689
1.050838
1.011928
0.9565696
0.9623917
0.968698
0.9707646
0.9526413
0.9428304
0.9717912
0.9558464
0.9640672
1.024535
1.028944
1.004534
0.9933888
1.00622
0.9945889
1.003803
1.0016
0.992242
0.989628
0.9372667
0.9754289
1.002747
0.9831201
0.9808442
0.9602584
0.9731761
1.000959
0.9629619
0.88711
0.9164481
0.9177365
0.8734005
0.9264079
0.9653466
0.9223013
0.899177
0.9017424
0.8888389
0.8517944
0.8056069
0.7768297
0.7912993
0.8661575
0.8436439
0.8557596
0.9050915
0.7752452
0.7337451
0.8227904
0.7928439
0.7683282
0.7879771
0.7452753
0.7433469
0.736513
0.726267
0.7394238
0.7383869
0.745682
0.7476911
0.7399013
0.738143
0.7413353
0.7340838
0.7387559
0.7366934
0.732648
0.7301767
0.7235609
0.7312071
0.7267468
0.7223008
0.731044
0.7295282
0.7211781
0.7209757
0.6962852
0.7237479
0.7786969
0.7162528
0.6873371
0.7072253
0.693683
0.6893847
0.6956643
0.7000911
0.6962844
0.7012683
0.7005803
0.6950611
0.6993309
0.6920586
0.6845244
0.6880616
0.6812612
0.6811191
0.6849166
0.6801428
0.6859108
0.6887237
0.6883001
0.6965968
0.6876902
0.6868774
0.6922032
0.6832039
0.6900632
0.6843414
0.6692665
0.6742425
0.6680718
0.6571078
0.661314
0.6585256
0.6477963
0.6480401
0.6559307
0.6518329
0.6484825
0.6508006
0.6540104
0.6582917
0.6590324
0.6596282
0.6574147
0.663409
0.66422
0.6573388
0.6590048
0.6707118
0.6781176
0.6771712
0.6799313
0.6852347
0.6894885
0.6870855
0.6910083
0.6960119
0.69649
0.6992488
0.6930686
0.6932898
0.6910969
0.6918246
0.6966907
0.6872875
0.6866608
0.6797248
0.6796096
0.6801222
0.66779
0.6686953
0.6597828
0.6518416
0.6479629
0.63866
0.64094
0.6367802
0.6324854
0.6383182
0.6360197
0.6369872
0.638012
0.6333931
0.6370786
0.6348223
0.6311245
0.6335782
0.6289741
0.6267219
0.6257134
0.6226325
0.6267852
0.6229542
0.6215641
0.6288316
0.6279079
0.6307502
0.6268833
0.6268922
0.6307371
0.6201051
0.6201833
0.6194416
0.6111347
0.6167598
0.617869
0.6095018
0.6123068
0.6115036
0.6062121
0.6089163
0.6097588
0.609444
0.6060256
0.608083
0.6131235
0.6176118
0.6271902
0.6303277
0.6297636
0.6358469
0.6414968
0.6359806
0.6361413
0.634552
0.6316121
0.634879
0.6286246
0.625167
0.6243167
0.620932
0.6200873
0.616616
0.6193342
0.6194398
0.6186966
0.6215464
0.6141265
0.6173213
0.6168431
0.6081223
0.6100349
0.6062012
0.6025857
0.6052951
0.6010945
0.6009433
0.6043998
0.5982422
0.6010637
0.6080724
0.601341
0.602029
0.6104136
0.6057682
0.6010414
0.6073098
0.6110746
0.6044434
0.6036555
0.6066443
0.6045157
0.6079071
0.6083599
0.6072033
0.6118458
0.6138238
0.6121176
0.6165937
0.6195327
0.6167353
0.6218299
0.617623
0.6128661
0.6187703
0.6134033
0.614059
0.6200411
0.6180131
0.6203986
0.6176473
0.6153552
0.6159467
0.6100684
0.6105924
0.6084671
0.6042528
0.6078521
0.6065226
0.6039741
0.6048957
0.6029298
0.602396
0.6045635
0.6064471
0.6052133
0.6007897
0.6017788
0.6048751
0.6040578
0.6018639
0.6058687
0.6115786
0.6068746
0.6072036
0.6088582
0.6066748
0.611536
0.6117641
0.609693
0.614585
0.6146247
0.6118706
0.6152853
0.6129519
0.6097156
0.6133413
0.6154405
0.6200417
0.6222202
0.6211778
0.6238124
0.6205778
0.6203494
0.6219126
0.6138045
0.613279
0.6137418
0.605297
0.6078224
0.6077881
0.6008753
0.6012283
0.6027963
0.6030391
0.6019889
0.6054604
0.610227
0.6173325
0.6173607
0.6135396
0.6218398
0.6196761
0.6178428
0.6223026
0.6164648
0.6174926
0.6174354
0.6187851
0.6233319
0.6219222
0.6253325
0.6250197
0.6257368
0.6298669
0.63012
0.6242463
0.6262153
0.6350476
0.6291326
0.6349229
0.6410579
0.6368716
0.6399677
0.6409721
0.6499274
0.6569712
0.6596717
0.6627225
0.6569521
0.6502778
0.6423611
0.6328296
0.6285323
0.6252086
0.6265423
0.6254509
0.6201071
0.6243468
0.6259177
0.6233847
0.6213675
0.6244151
0.6267245
0.6224399
0.6228963
0.6226984
0.6204953
0.6227855
0.6193268
0.6132886
0.6193761
0.6159553
0.6127344
0.6218816
0.6170238
0.6120595
0.6157733
0.6171467
0.618982
0.6164257
0.6197919
0.6263249
0.6280509
0.6373755
0.6394306
0.6339698
0.6264081
0.6237296
0.6278505
0.6236958
0.6220196
0.6247278
0.6208271
0.6199358
0.6249219
0.6235492
0.6230746
0.6267386
0.6259814
0.6208352
0.6197801
0.6241805
0.6266556
0.6351431
0.6463448
0.6403521
0.638375
0.6526093
0.6484661
0.6433563
0.6478333
0.6407574
0.6325303
0.6297579
0.6314224
0.6267257
0.6210196
0.6252882
0.6237958
0.6198624
0.6210164
0.619861
0.6215633
0.6241006
0.6284241
0.6397952
0.6498462
0.6482867
0.6465631
0.6490295
0.6424197
0.6350509
0.6319265
0.6268946
0.6212159
0.6246339
0.625217
0.6181215
0.622781
0.6228297
0.6202858
0.6254079
0.6264697
0.623195
0.6268746
0.6400593
0.6373263
0.6331339
0.6339327
0.6260881
0.6245576
0.6216514
0.6169501
0.61359
0.6087094
0.6118367
0.6123403
0.611322
0.6155718
0.6172644
0.6144205
0.6175223
0.6205244
0.6167092
0.6231387
0.6278298
0.6276918
0.6334042
0.6328368
0.6262911
0.6217977
0.618209
0.6159218
0.6095123
0.6008117
0.6007795
0.6028515
0.5966433
0.5942664
0.5985243
0.6015554
0.6121649
0.6130926
0.609134
0.6168744
0.6173501
0.6184961
0.6196596
0.6145192
0.6137651
0.6174157
0.6169712
0.6166555
0.6178804
0.616286
0.6156486
0.6121105
0.6103143
0.6115847
0.6124763
0.6134739
0.6134703
0.6102456
0.6081587
0.6143063
0.6213202
0.6224301
0.6327969
0.6485441
0.6730384
0.699597
0.7067151
0.7016908
0.689105
0.6816399
0.6701952
0.6578777
0.6494614
0.6389817
0.6297018
0.6251096
0.6278535
0.6267804
0.6300434
0.6342303
0.6340332
0.6370418
0.6353914
0.6331086
0.6336942
0.6356473
0.6391777
0.6374413
0.6337315
0.6312226
0.6321903
0.6323069
0.6254608
0.6176719
0.6180585
0.6315999
0.6514028
0.6615782
0.6602237
0.661223
0.663461
0.656929
0.6540685
0.6587278
0.6534241
0.6484599
0.645911
0.6392879
0.6414396
0.6382712
0.63389
0.6389451
0.6431277
0.6489752
0.6482254
0.6498218
0.6611595
0.6695479
0.6687778
0.6634111
0.6595599
0.6576769
0.6605929
0.6686835
0.6748354
0.6671889
0.6531074
0.6441358
0.641265
0.638327
0.645107
0.6782414
0.7136504
0.7148459
0.7033142
0.7093839
0.7014384
0.6781159
0.6643375
0.6568762
0.6477326
0.6442569
0.6463404
0.6435474
0.6450144
0.649771
0.6533157
0.6632748
0.6641787
0.6743457
0.7053274
0.704658
0.6809213
0.6709529
0.6634311
0.6662797
0.6779398
0.6742167
0.6695244
0.6557786
0.6542033
0.6696074
0.6644066
0.6573874
0.6542259
0.6511721
0.6551747
0.6528057
0.6580138
0.6698683
0.662187
0.6581414
0.6646437
0.660441
0.6721546
0.7167178
0.7357101
0.7548807
0.8036536
0.8014279
0.7536852
0.7241209
0.7063143
0.715053
0.7313809
0.7337071
0.8077795
0.8929004
0.9158568
0.9115027
0.8791857
0.8616906
0.8903004
0.8997896
0.8827567
0.8763976
0.8349844
0.8104116
0.8197753
0.8178455
0.8154885
0.8109468
0.8178234
0.8221356
0.8269593
0.8453813
0.8665701
0.8583765
0.8194302
0.8400518
0.8548516
0.8725512
0.8911399
0.8733425
0.9412532
0.9767431
0.9731327
0.9409781
0.9167477
0.9897964
0.9966734
0.9524633
0.9609649
0.9595611
0.9444676
0.9820666
0.9746465
0.9453286
1.00063
0.997213
0.9816633
0.9866258
0.9653108
0.9683206
0.9643065
1.009233
0.9994511
0.9585826
1.026912
1.045323
0.9963245
0.9738252
0.9957109
0.9641059
0.9443258
1.03042
1.052026
1.023204
0.9945874
0.9711701
0.9883595
1.060961
1.072245
0.9952265
0.9686246
0.990659
1.027635
1.018168
0.9811159
0.9860302
0.9896913
0.9880248
1.030969
1.082996
1.053423
0.99736
1.013477
1.014045
0.9786354
1.005231
1.036385
1.019978
1.010377
0.9744938
0.9878322
1.035462
1.036304
1.060382
1.027967
1.004644
0.9952112
0.9848337
1.029984
1.031603
0.9992196
0.9658536
1.008456
1.065483
1.068209
1.091244
1.058404
1.023756
1.106474
1.135643
1.083674
1.047698
1.008601
0.9925308
1.043405
1.099177
1.060243
1.000097
1.013307
1.017318
0.9930742
1.044525
1.101455
1.059083
1.004043
1.011421
0.9990279
1.020051
1.038609
1.024255
1.117209
1.127612
1.04919
1.029173
1.006145
1.041724
1.11096
1.050683
1.00524
1.101832
1.095198
1.03513
1.030382
0.9959747
1.044415
1.105534
1.046871
1.017853
1.008499
0.9957955
1.076803
1.097199
1.031735
1.01106
0.9845262
0.9768816
1.01896
1.009788
0.9926205
1.019636
0.9979686
1.023399
1.068287
1.028039
1.049108
1.047333
1.057485
1.116898
1.061609
1.030428
1.031991
1.004524
0.9993089
1.000538
1.061971
1.116826
1.071836
0.9940392
0.9909758
0.9790762
0.9869603
1.107943
1.11514
1.046802
1.027426
0.9927297
1.003964
0.9807004
0.9833734
1.074937
1.080693
1.065461
1.019099
0.9890649
1.01017
0.9969735
0.9883675
0.9948885
1.028741
1.052572
1.049249
1.038104
1.062271
1.123239
1.10264
1.017687
0.9866804
1.008532
1.004525
0.9791631
1.005619
1.010299
0.9923982
1.018556
1.008687
0.9834474
1.009872
1.015625
1.001811
1.016792
1.062889
1.065878
1.038933
1.057542
1.025359
0.9938059
1.021258
0.9994802
1.003505
1.092477
1.115588
1.068988
1.011261
0.9970888
0.9992905
0.9811864
1.042747
1.100967
1.066539
1.007341
0.9868667
1.015063
1.008317
1.011333
1.015097
0.9994219
1.086956
1.126613
1.072969
0.9859222
0.9853116
1.098465
1.12345
1.082694
1.019828
1.019223
1.037744
1.003743
1.024556
1.048472
1.040091
1.059255
1.056036
1.029178
1.079787
1.13023
1.058897
0.9835529
0.9918249
1.00647
1.011186
0.9915902
0.9939513
1.008829
1.01441
1.047708
1.045363
1.054376
1.046156
1.002579
0.9966609
1.001203
1.002601
0.9823053
0.9561725
0.9415666
0.9635579
1.03838
1.068984
1.034239
1.039794
1.017203
0.976935
1.075594
1.120166
1.052191
1.00125
1.01851
1.087156
1.093613
1.087267
1.037242
0.9883714
1.018339
1.028903
1.053318
1.08861
1.045148
1.006615
0.9675687
0.9651106
1.066135
1.089411
1.031468
0.9893205
0.9435037
0.9636343
1.068135
1.064701
1.038007
1.0683
1.054765
1.015448
0.9853079
1.048824
1.105302
1.089995
1.048997
0.9979508
0.9929642
0.997082
0.9952429
1.004616
1.004526
1.011027
1.05542
1.082282
1.057571
1.021362
1.002542
0.9779454
0.977072
1.040723
1.076545
1.03614
0.9906371
1.045144
1.083354
1.056253
1.015722
0.9954416
1.0794
1.105668
1.04286
1.025399
1.032986
1.051816
1.075942
1.066787
1.014981
0.9822669
1.060163
1.108262
1.079164
1.059395
1.043449
1.009842
1.02949
1.05701
1.031205
1.075689
1.039214
0.9727132
0.9824034
0.9791091
0.9876251
0.9955815
1.003173
1.0044
0.9881857
0.9935017
1.002164
0.9608991
0.9614526
1.046071
1.072235
1.025794
0.9825097
0.9682507
0.9741133
0.9794693
0.9626019
0.9754656
1.054447
1.060993
1.017259
0.9634233
0.9580065
1.018525
1.016323
0.9914352
0.9679556
0.9580909
0.9422294
0.928696
0.9556534
0.9629183
0.9135289
0.8696005
0.8956588
0.8885839
0.8733076
0.9551361
1.008321
0.9495405
0.9205845
1.00813
1.036956
0.9709451
