0.7008222
0.7014943
0.7189624
0.7187101
0.7164001
0.7134188
0.725335
0.7346349
0.7355052
0.7363523
0.7311518
0.7252724
0.7137026
0.706817
0.7164023
0.7253064
0.7317222
0.7259641
0.7248388
0.7333786
0.7368711
0.7420582
0.7380408
0.7260146
0.7284574
0.7478612
0.7567055
0.7478603
0.7396398
0.7408564
0.7449512
0.7481461
0.7462154
0.7321411
0.7263801
0.7356898
0.7463869
0.7519997
0.7464334
0.7434009
0.7475197
0.7426061
0.7349819
0.7375009
0.7422518
0.7503486
0.746824
0.7317881
0.7333524
0.7411671
0.7437625
0.7351217
0.7326449
0.7507627
0.7621154
0.7651257
0.7552754
0.7486656
0.7636759
0.7700733
0.7549002
0.7457636
0.7511005
0.7481616
0.7322017
0.7142218
0.7153746
0.7182062
0.7178795
0.7180916
0.7134219
0.7113376
0.7200419
0.7442113
0.7428391
0.7365964
0.7522833
0.7544049
0.7502436
0.7517011
0.7354888
0.7271529
0.7438481
0.7511604
0.7588734
0.7615624
0.7460838
0.7470009
0.7613304
0.76412
0.7619007
0.7500631
0.7457695
0.7525691
0.7467614
0.7442568
0.7361316
0.7218277
0.7261829
0.7341924
0.7379875
0.7328943
0.7327459
0.7471503
0.7620006
0.7690219
0.7647649
0.7582052
0.7484917
0.7488776
0.7520469
0.739354
0.7217239
0.722099
0.7354477
0.7367319
0.7302708
0.7170085
0.7148885
0.7289196
0.733248
0.7364673
0.7420689
0.7350639
0.725537
0.7337332
0.7464767
0.74479
0.7406884
0.7368624
0.7191174
0.7153818
0.7267092
0.7192126
0.7130014
0.7213183
0.7338018
0.7404634
0.7316362
0.7277901
0.7438893
0.7526574
0.7528954
0.750247
0.7610283
0.7649748
0.7517004
0.7654723
0.7776868
0.7756495
0.7729436
0.7671359
0.7607206
0.7589091
0.747442
0.7451787
0.7544146
0.7515248
0.7643755
0.768746
0.7592171
0.7502304
0.7297041
0.7391602
0.7578276
0.7554567
0.7611058
0.7629276
0.7527748
0.739157
0.7382535
0.7462787
0.7530576
0.7416905
0.7294716
0.7363864
0.7426912
0.7447868
0.7299473
0.7287599
0.7420626
0.7439049
0.7439364
0.7364262
0.7404265
0.7525817
0.7543092
0.7468278
0.7322904
0.737697
0.7455768
0.7475231
0.743776
0.7320865
0.7367808
0.75699
0.7638276
0.7569017
0.7671859
0.7710485
0.7601596
0.754147
0.7620115
0.7642345
0.7587006
0.7511516
0.7406885
0.7562151
0.7696617
0.7644966
0.7671729
0.7578957
0.747967
0.7549565
0.7565504
0.7556828
0.7495255
0.7443721
0.753207
0.7633523
0.7640959
0.7543483
0.7463972
0.7512042
0.75957
0.7642685
0.7588219
0.7474636
0.7496846
0.7589063
0.7540125
0.7423546
0.7425274
0.75264
0.7576543
0.7440901
0.7368313
0.7459794
0.7518654
0.7549991
0.7491924
0.738053
0.7345028
0.7421205
0.7413731
0.7311309
0.7225393
0.7227162
0.7342247
0.7402563
0.7406696
0.7358523
0.7328136
0.7373168
0.731459
0.7190763
0.7253589
0.7311545
0.7183707
0.7151095
0.7303651
0.7350436
0.731701
0.7252236
0.7199824
0.7338265
0.7417384
0.7362859
0.7273188
0.7281063
0.7351266
0.7348726
0.7262441
0.7209961
0.731418
0.7354983
0.736232
0.7247478
0.7188636
0.731478
0.7408367
0.7464536
0.7321534
0.7283474
0.7375221
0.7342995
0.7275013
0.7484818
0.7589313
0.7288373
0.7316762
0.7482614
0.750261
0.7488572
0.7503281
0.7659842
0.7694127
0.7620514
0.7600504
0.7488796
0.7371291
0.7460438
0.7648248
0.7743269
0.7700687
0.754323
0.7494312
0.7593816
0.7665074
0.7724821
0.7729468
0.7658232
0.7617262
0.7689158
0.7753638
0.7813029
0.7825334
0.765726
0.7557341
0.765938
0.7786553
0.7794977
0.7781143
0.7728656
0.7626278
0.7652349
0.7645553
0.754684
0.7451079
0.7417574
0.7529081
0.7588796
0.7486191
0.7456522
0.7643654
0.7803265
0.7679946
0.7478606
0.7451205
0.7563759
0.761478
0.7532621
0.74052
0.7366327
0.7455684
0.7530802
0.7557612
0.7494478
0.7534302
0.7666691
0.7746797
0.7863589
0.7740724
0.7625801
0.7742083
0.7770788
0.7740068
0.7641963
0.7568621
0.7579709
0.7603279
0.7679266
0.7635551
0.7421667
0.7423935
0.7609852
0.7673447
0.7743987
0.7684894
0.7603916
0.7740213
0.7808475
0.7738213
0.7608861
0.7529325
0.7586972
0.764698
0.761987
0.758216
0.7467708
0.7452949
0.7525625
0.7629048
0.7803812
0.7648479
0.7444045
0.7579291
0.7605905
0.7561391
0.762246
0.7571904
0.7535194
0.7665321
0.7760471
0.7495744
0.7428936
0.7646395
0.7745811
0.7763336
0.7587055
0.7591648
0.7756575
0.7802655
0.779214
0.7660252
0.7627861
0.77392
0.7842936
0.787764
0.7788735
0.7850833
0.7909206
0.7680975
0.7696138
0.7864706
0.7646366
0.7538108
0.7830952
0.7894915
0.7712961
0.7808454
0.7944402
0.7593557
0.7393399
0.7794514
0.7878707
0.7615164
0.7498265
0.7358191
0.7571494
0.7721021
0.7519544
0.7757753
0.7766439
0.7668065
0.7813131
0.7731767
0.7575417
0.7506644
0.7654126
0.7794336
0.778099
0.7752036
0.7747519
0.7776459
0.768707
0.731937
0.7361885
0.7564481
0.7630409
0.7582705
0.7308536
0.7596047
0.7686868
0.7545729
0.7602577
0.7459503
0.7327411
0.7184396
0.7158359
0.7227628
0.7251602
0.7178968
0.7200391
0.7208885
0.7099382
0.7149168
0.7180315
0.7165332
0.7115324
0.7041508
0.7005671
0.6978014
0.6903336
0.688082
0.6932898
0.6904933
0.6866087
0.6788838
0.6750327
0.6799797
0.6872535
0.6956296
0.6944818
0.6900613
0.6987831
0.7051208
0.6963838
0.6993467
0.7041131
0.7083736
0.7120813
0.704245
0.7087294
0.7144239
0.7171046
0.7148453
0.7121598
0.7087597
0.7030801
0.7003964
0.693704
0.6928076
0.6860635
0.6779174
0.680203
0.6826988
0.6843055
0.6778377
0.6687417
0.6596829
0.6509241
0.6391505
0.6390022
0.63549
0.6454389
0.669877
0.6394445
0.6290663
0.6373983
0.6305328
0.6414092
0.6381572
0.6308481
0.6376347
0.6393468
0.6327999
0.6338562
0.6411459
0.637721
0.6299538
0.6313375
0.6312119
0.6256666
0.6227303
0.6232362
0.6260399
0.626429
0.6193093
0.6186325
0.6263073
0.6303716
0.6260657
0.6248199
0.6277335
0.6251307
0.6241794
0.6246618
0.6233025
0.6228264
0.6220086
0.6233884
0.6230313
0.6180621
0.6217594
0.6209426
0.6114383
0.6111542
0.6135345
0.6090522
0.6021004
0.6002898
0.5983011
0.5938477
0.5900755
0.5893199
0.5848977
0.5831691
0.5918647
0.5888671
0.5831097
0.5835699
0.5870716
0.589135
0.5838864
0.5836179
0.5872943
0.5874185
0.5845531
0.5859223
0.587639
0.5853801
0.5836575
0.5845846
0.5840152
0.5833777
0.5821691
0.5824404
0.5863323
0.5842659
0.5832464
0.584479
0.5846874
0.5829397
0.5792255
0.5789749
0.5788366
0.5771929
0.5769224
0.5781168
0.5765527
0.5747529
0.5785304
0.5799359
0.5771558
0.5770329
0.5801169
0.5826781
0.5799707
0.5751583
0.5763463
0.5815759
0.5797579
0.5779045
0.5787142
0.579684
0.582067
0.5785601
0.5781384
0.5770977
0.5722659
0.5707171
0.5704335
0.5715653
0.5668149
0.5595382
0.5599169
0.5629033
0.5584959
0.5552249
0.5587743
0.5555068
0.555563
0.5598095
0.5559636
0.5545165
0.5552316
0.5504388
0.5492738
0.5524746
0.5479628
0.5436173
0.5432194
0.5429584
0.5406474
0.5399134
0.546275
0.5469346
0.5434145
0.5447489
0.5427342
0.5396723
0.5403121
0.5417922
0.5442016
0.5434733
0.5406283
0.5394456
0.5373882
0.5347128
0.5333218
0.5327277
0.5322334
0.5284593
0.5293394
0.5331738
0.5306407
0.5274783
0.527767
0.5302158
0.5261094
0.5237499
0.5280992
0.5308869
0.5341803
0.5344312
0.5327537
0.5321777
0.5308069
0.5302996
0.5318066
0.5319425
0.5334535
0.5374085
0.5384187
0.5397925
0.5432123
0.5445647
0.5411556
0.5381686
0.5377816
0.5394893
0.5378908
0.5334267
0.5326446
0.5345699
0.5395366
0.5421034
0.5430896
0.543675
0.5423597
0.5416717
0.5413337
0.5417393
0.5433107
0.5401385
0.537465
0.5405382
0.5389684
0.5364218
0.538697
0.5412092
0.5439039
0.5447924
0.5443733
0.5456389
0.5440473
0.5411261
0.5421131
0.5403582
0.5370014
0.5403465
0.5399058
0.5342961
0.5329524
0.5351758
0.533259
0.530184
0.5307583
0.5324136
0.5344554
0.5322245
0.5312257
0.5314537
0.5318887
0.5361754
0.5363235
0.536143
0.5353231
0.5330583
0.5417132
0.5449426
0.5417206
0.5442202
0.5423808
0.5377203
0.5354286
0.5345742
0.534506
0.535529
0.5341863
0.5320105
0.5320239
0.5330485
0.5338562
0.5297168
0.5234897
0.5262529
0.5334753
0.5363359
0.5354581
0.5358857
0.5390605
0.5397286
0.5404924
0.5390542
0.5373737
0.5384941
0.5374048
0.5356232
0.5355268
0.5364287
0.5354134
0.5370214
0.5418878
0.543902
0.5452366
0.5522214
0.5570981
0.5537099
0.549383
0.5489334
0.5510176
0.5485509
0.5458566
0.5449218
0.5443369
0.5433634
0.5396466
0.5408643
0.5438068
0.540905
0.538428
0.5373909
0.5368416
0.5425909
0.5468157
0.5507467
0.5535745
0.550479
0.5519496
0.5514096
0.5445658
0.5463721
0.5532226
0.5523695
0.5521001
0.5547371
0.5551957
0.551425
0.5491077
0.5496628
0.5472537
0.545946
0.5471158
0.5455317
0.5415697
0.5462402
0.5498366
0.5485737
0.5525714
0.5517776
0.5463882
0.548207
0.5546902
0.5524966
0.5514364
0.5540149
0.5520547
0.5498498
0.5460805
0.5464233
0.5493452
0.5507233
0.5511027
0.5499047
0.5480148
0.5460588
0.546076
0.5468714
0.5437698
0.5439337
0.543276
0.5436201
0.5512534
0.5510452
0.5539889
0.5547461
0.5499306
0.5510157
0.5464404
0.5410136
0.5388801
0.5372827
0.536657
0.5398013
0.5449522
0.5447266
0.5446056
0.5440124
0.5433638
0.5455604
0.5463688
0.5421737
0.54391
0.553875
0.5521005
0.5498764
0.5515591
0.5496233
0.549372
0.550811
0.549741
0.5487111
0.5523272
0.5555981
0.5561943
0.5492134
0.5491043
0.5530008
0.5513036
0.5527208
0.5520325
0.554553
0.5590726
0.5599135
0.5600233
0.558911
0.5570788
0.5526581
0.5475303
0.5445031
0.54258
0.540299
0.543389
0.5492115
0.5440259
0.5409607
0.5425436
0.5416956
0.543327
0.540142
0.5419122
0.5496652
0.5499711
0.5515243
0.5596771
0.5603296
0.5539179
0.5556997
0.5532343
0.5463669
0.5445668
0.5435859
0.5422208
0.5376321
0.5380427
0.5427344
0.5430236
0.5409711
0.5401659
0.5363827
0.5342421
0.5332548
0.5288918
0.5272486
0.5289657
0.5319543
0.5306752
0.5308487
0.5294629
0.5293612
0.5309983
0.5270527
0.5273434
0.5283344
0.5278299
0.5292041
0.5319016
0.5339211
0.5340574
0.5317009
0.5273279
0.5270787
0.5275957
0.5243307
0.5218228
0.5234615
0.5275086
0.5292813
0.5286779
0.5272788
0.527987
0.5298715
0.5300947
0.5287764
0.5273401
0.5288549
0.5299005
0.5291551
0.5288342
0.5292548
0.530772
0.5299549
0.5315757
0.5373301
0.5404902
0.5403399
0.5386694
0.5384774
0.5350325
0.5303244
0.5297559
0.5280431
0.5283736
0.5337415
0.5369113
0.5382417
0.5384911
0.5421343
0.5462949
0.5469006
0.5490689
0.545339
0.5434472
0.5429096
0.5405402
0.5424631
0.542315
0.5429944
0.543699
0.5423957
0.5404408
0.5376325
0.5375856
0.5393918
0.5383277
0.5402702
0.5432404
0.5384273
0.5372935
0.5404373
0.5405073
0.5394265
0.5386743
0.5371426
0.5383273
0.5414024
0.5437959
0.544866
0.5420632
0.5400958
0.539936
0.5400624
0.5365556
0.5383903
0.5407156
0.5431947
0.5515113
0.5474789
0.5435407
0.5450106
0.5430791
0.5407939
0.5383123
0.5377881
0.5393295
0.5382793
0.5348621
0.5354157
0.5385822
0.5402629
0.5385318
0.5388946
0.5419648
0.5429563
0.5430253
0.5407452
0.5384866
0.539642
0.5379263
0.5365402
0.5394465
0.5381199
0.535139
0.5371266
0.5407841
0.5386989
0.5346062
0.5367468
0.5400197
0.5420864
0.5460028
0.5476705
0.5452214
0.5440181
0.5427339
0.5415218
0.5402122
0.5424257
0.5449715
0.5409366
0.5405393
0.5388483
0.5378359
0.5364395
0.5330777
0.5338406
0.5353163
0.5353773
0.5326328
0.5315304
0.53141
0.5316921
0.5333512
0.5367938
0.5389226
0.5380435
0.5369698
0.5382672
0.5383696
0.5345831
0.5337791
0.535081
0.5349026
0.5340417
0.5329943
0.5342084
0.5356084
0.5342874
0.5305629
0.5310291
0.5336012
0.5334847
0.5334367
0.5336719
0.5353744
0.5331664
0.5290963
0.5279498
0.529264
0.5305157
0.5305791
0.5302886
0.5331794
0.5363858
0.5333947
0.5308745
0.5289155
0.5306884
0.5338548
0.5354345
0.5361891
0.5372161
0.5383948
0.540044
0.5437324
0.5419092
0.5416101
0.5430548
0.5420184
0.5408997
0.5413476
0.541359
0.5408829
0.5409304
0.539053
0.5380567
0.539043
0.540955
0.5419502
0.540932
0.5390998
0.5390573
0.5409947
0.5407198
0.5405799
0.5423187
0.5415142
0.5428823
0.5447769
0.5465513
0.5469783
0.5441483
0.5451272
0.5455373
0.5468987
0.5475952
0.5445119
0.5413754
0.5410322
0.5427811
0.5399189
0.5396556
0.5442867
0.5453995
0.5458436
0.5469871
0.5493062
0.5536099
0.5507139
0.5468614
0.5447468
0.5460007
0.5506057
0.5480298
0.5464386
0.5518303
0.5535089
0.5517935
0.5521195
0.5552651
0.5594611
0.5582409
0.5581795
0.5584334
0.5623393
0.5669638
0.5650418
0.5640507
0.5740131
0.5805629
0.5734151
0.5722372
0.5699985
0.5677665
0.5699328
0.5634554
0.5582955
0.5618764
0.564892
0.5773348
0.5938705
0.5930968
0.6008345
0.6104305
0.5990948
0.5951614
0.5960963
0.5977186
0.5927732
0.588842
0.5956796
0.5938877
0.594834
0.6021129
0.6066509
0.5959795
0.5820455
0.5813243
0.5825069
0.5836588
0.5885728
0.5909252
0.586904
0.5844302
0.5833866
0.5828502
0.59081
0.5973834
0.5955339
0.5924147
0.5919129
0.5929185
0.5931705
0.591542
0.5863716
0.5817755
0.5793015
0.5855415
0.5915958
0.5949854
0.5995582
0.5960445
0.5934498
0.5977878
0.6019568
0.5984927
0.5939432
0.598592
0.6061835
0.6107183
0.6098047
0.6052925
0.6050625
0.6079071
0.6100492
0.6130894
0.6146118
0.6089261
0.6024529
0.6073707
0.618457
0.6219094
0.6212949
0.6238338
0.6237619
0.6158105
0.6109427
0.6163936
0.6256746
0.6263487
0.6265815
0.633158
0.6289656
0.6126287
0.6080146
0.6223418
0.6239601
0.6179306
0.6178017
0.6107334
0.6082115
0.6192781
0.6246288
0.6215773
0.6215342
0.6224562
0.6280462
0.6323116
0.6307113
0.630402
0.633885
0.6412363
0.6385865
0.6277236
0.6214508
0.6209881
0.6272868
0.6345389
0.6360269
0.6295684
0.6328663
0.6445883
0.6480891
0.6478373
0.642723
0.6410836
0.6502507
0.6582967
0.6650158
0.6716642
0.6697521
0.6655946
0.6710763
0.6762167
0.6770339
0.6776995
0.6741187
0.6767151
0.6772314
0.6789489
0.6831311
0.6822549
0.6880649
0.6879944
0.6812407
0.6790007
0.6778756
0.6694806
0.6578182
0.6514409
0.6587443
0.6705453
0.6765536
0.6789681
0.673699
0.668658
0.6617924
0.6558551
0.6550378
0.6596415
0.6669664
0.6710874
0.6725814
0.6703572
0.6710077
0.6682697
0.6654436
0.6617517
0.651344
0.6539323
0.6624136
0.6690452
0.6844188
0.6934473
0.6948853
0.7001903
0.697936
0.6903777
0.6822483
0.6718905
0.6653765
0.6594148
0.6571883
0.6574739
0.6567582
0.6571238
0.6513456
0.6451399
0.6483708
0.6544155
0.6530119
0.6515552
0.6621501
0.6843722
0.6993397
0.7060799
0.7057545
0.6919924
0.6827363
0.6824858
0.6878891
0.6859622
0.6774962
0.6724013
0.6755739
0.682888
0.6862308
0.6851874
0.682188
0.6884102
0.692798
0.6980893
0.6985092
0.6888257
0.6855118
0.6866172
0.6849624
0.6812397
0.6932155
0.6986374
0.6866744
0.6851119
0.6886392
0.6848358
0.6817667
0.6875671
0.7020117
0.717522
0.7116912
0.7050054
0.7072398
0.7039297
0.7065242
0.6978301
0.6887778
0.6930176
0.6994148
0.702839
0.6969209
0.6991827
0.7039815
0.704391
0.701934
0.6975362
0.6918585
0.6801055
0.674589
0.6765008
0.6884713
0.7061603
0.7130702
0.7096039
0.7235615
0.7350079
0.7111327
0.6968675
0.7166604
0.7337709
0.7228338
0.7115219
0.7079383
0.7057487
0.706919
0.7084515
0.7135549
0.7128226
0.7072936
0.7026878
0.7028324
0.7093167
0.7199749
0.7229192
0.7172806
0.7159772
0.7035953
0.6919052
0.6828752
0.6811115
0.6866753
0.6780386
0.6804095
0.6954835
0.7028051
0.700936
0.7127696
0.7301058
0.7424968
0.7448399
0.7367186
0.7320917
0.7237005
0.7188847
0.7168207
0.7144407
0.711208
0.7059271
0.7043263
0.7090924
0.7145632
0.7219874
0.7249958
0.7201967
0.7245802
0.7353133
0.7390552
0.732488
0.7259745
0.7218111
0.7196105
0.7191517
0.7168964
0.7128683
0.706075
0.6989462
0.69653
0.6984517
0.7005894
0.7000912
0.7058934
0.7199986
0.7262838
0.7234735
0.7151915
0.7138793
0.7142248
0.7046206
0.6978312
0.6985049
0.7036287
0.7025867
0.6955668
0.6960743
0.7085478
0.7185715
0.7204493
0.7203179
0.7120567
0.702424
0.6976034
0.7001466
0.7042702
0.7015952
0.7007305
0.697717
0.6993233
0.7084281
0.7167364
0.7284597
0.7213567
0.7093043
0.7126614
0.7063524
0.6995855
0.7013805
0.7003558
0.7010939
0.7070021
0.7140189
0.7254233
0.7282265
0.7255447
0.7327252
0.7388984
0.7444078
0.7346769
0.7230367
0.7257668
0.7217136
0.709997
0.699412
0.699283
0.7146589
0.7214978
0.7082218
0.7051342
0.7025644
0.6941164
0.6974462
0.7054886
0.7158179
0.7236074
0.7186182
0.7186906
0.7346811
0.7465076
0.7381755
0.7178781
0.704834
0.7081847
0.7073552
0.7049371
0.6960921
0.7058418
0.7315472
0.7137477
0.7056166
0.7159707
0.7130394
0.712168
0.7038371
0.702943
0.7410282
0.7406023
0.7021826
0.7047554
0.7128943
0.7203879
0.7406812
0.7478659
0.7478242
0.7597491
0.7604977
0.7534303
0.7321401
0.7191676
0.7425947
0.7434048
0.7375148
0.7363037
0.7370791
0.7354072
0.7351222
0.7659801
0.7628309
0.7246543
0.7178093
0.7375319
0.7414593
0.7399785
0.7475382
0.7370385
0.7230124
0.7223472
0.7313096
0.7310612
0.7182408
0.7211141
0.7357756
0.7469686
0.7538298
0.761452
0.7558723
0.7419193
0.7439797
0.7528392
0.7523555
0.7391015
0.7444001
0.7613259
0.76785
0.7862252
0.7868228
0.7803867
0.7867558
0.790863
0.7821664
0.7738436
0.7718105
0.7572086
0.7595625
0.7761714
0.7607089
0.7564349
0.7711071
0.7692399
0.7781339
0.7655211
0.7751901
0.792402
0.7876915
0.7877147
0.7823055
0.7721759
0.7545515
0.7456411
0.7606964
0.7860538
0.786574
0.7856454
0.7740584
0.7612146
0.7649658
0.7814677
0.7921074
0.7660316
0.7630553
0.7788623
0.7886243
0.7880117
0.7672013
0.7810976
0.802106
0.793443
0.8040414
0.7909758
0.7553082
0.770111
0.7771216
0.7639985
0.7719328
0.7850533
0.7825432
0.7683772
0.7624325
0.7581084
0.7573724
0.7901426
0.7953085
0.7572246
0.7703607
0.787218
0.775832
0.7842039
0.8006083
0.799758
0.7865736
0.7875945
0.7752184
0.7698422
0.7797989
0.777623
0.7927857
0.7954904
0.769169
0.7555081
0.7675258
0.774956
0.7725206
0.7632848
0.740477
0.7334247
0.7468339
0.7475695
0.740168
0.7454315
0.7521193
0.7549195
0.7491354
0.7438638
0.7514997
0.7691993
0.7692371
0.7547981
0.7524423
0.7458724
0.7488174
0.7425168
0.7406133
0.7778199
0.7968407
0.7592343
0.7489603
0.7701652
0.749526
0.7539871
0.7623608
0.7587165
0.7667526
0.7568885
0.7497592
0.7414708
0.7377851
0.751831
0.773341
0.7977983
0.8019151
0.7941132
0.7913951
0.78691
0.7761193
0.7659132
0.746033
0.7461299
0.7676516
0.7475362
0.7492646
0.7699342
0.7696553
0.7686818
0.7702494
0.7729377
0.7770226
0.7787704
0.7703648
0.7703902
0.7675526
0.7532995
0.7399432
0.7324312
0.7352892
0.7469162
0.7510918
0.7459126
0.7377701
0.7429541
0.7651139
0.774466
0.776144
0.7727059
0.7627569
0.7695477
0.7772433
0.7771426
0.7797582
0.7856912
0.7930053
0.7947057
0.7943683
0.7812035
0.7682466
0.7698393
0.7475538
0.737326
0.7512641
0.7543316
0.7564528
0.7416056
0.7414567
0.7560359
0.7570381
0.7623419
0.7761789
0.7825077
0.7765037
0.7637749
0.7587609
0.7715866
0.7806709
0.7789286
0.7696793
0.7596281
0.7601844
0.7632702
0.7595575
0.7555877
0.7489896
0.7457921
0.7547046
0.761584
0.7580255
0.7487629
0.7372065
0.7381429
0.7496205
0.7516149
0.7486234
0.7450801
0.7490048
0.7640884
0.7698325
0.7595553
0.7467948
0.7461323
0.7527043
0.7572446
0.7573369
0.7480963
0.7417792
0.7465118
0.7545457
0.7567851
0.7566315
0.7536538
0.7499882
0.7676179
