0.9492184
0.9277817
0.9509246
0.9453359
0.9170025
0.9277892
0.9305743
0.9039582
0.9133061
0.9313474
0.9165302
0.9194665
0.9382051
0.9168952
0.9016441
0.931588
0.9309515
0.9171155
0.9564285
0.9625202
0.9349806
0.9556032
0.9567577
0.9310449
0.9520886
0.9615556
0.9372329
0.9577081
0.9895511
0.9742082
0.9668785
0.9936332
0.9728347
0.9684278
0.9844683
0.9517677
0.972157
1.010043
1.000778
0.9656722
0.9666913
0.9847433
0.9592218
0.9584231
0.9792109
0.9643965
0.9489269
0.9695612
0.9697971
0.9441075
0.9593043
0.9697861
0.933149
0.9349766
0.9682136
0.9378853
0.8968896
0.9156434
0.9225755
0.895629
0.9105909
0.9374446
0.9310049
0.9547301
0.9874886
0.9699865
0.9581348
0.9814572
0.972548
0.9500078
0.9710361
0.994139
0.9774891
0.9586519
0.9838567
0.9884596
0.958584
0.9641098
0.9680265
0.9416378
0.9414657
0.9693979
0.9575375
0.9287389
0.9525375
0.9683421
0.9434856
0.9488804
0.9782888
0.9728647
0.9557474
0.978891
0.999168
0.9750904
0.9629068
0.986917
0.9867017
0.9654598
0.9812928
0.9980523
0.9832728
0.9818077
1.006917
1.0078
0.9771545
0.9737691
0.9893049
0.9677001
0.9351381
0.9477979
0.9680696
0.9477807
0.9318267
0.954661
0.963359
0.9458548
0.9480065
0.9691357
0.9650613
0.9495325
0.9629274
0.972175
0.9582794
0.9498426
0.9689426
0.9525223
0.9147596
0.9049047
0.9144825
0.9324726
0.9135876
0.9216513
0.9357465
0.9230246
0.9381436
0.9537385
0.9492602
0.9279658
0.9347752
0.9135211
0.9134153
0.9610068
0.9232014
0.9027448
0.90579
0.9097742
0.9527813
0.9665795
0.9498353
0.9494802
0.9659842
0.9613162
0.954116
0.9676396
0.9738308
0.9573001
0.9427814
0.9560731
0.9567395
0.9295021
0.92238
0.9437454
0.9416526
0.9165167
0.9181389
0.9314382
0.9293613
0.9144883
0.9220284
0.9339136
0.9171162
0.9053893
0.9209903
0.9366346
0.92149
0.9063902
0.9197324
0.9331534
0.9224096
0.9176602
0.9457354
0.9582234
0.9451156
0.9449073
0.9652382
0.9654972
0.9467621
0.960396
0.9711411
0.9488323
0.9373357
0.967941
0.9876297
0.9698432
0.9617022
0.9828439
0.9923854
0.9711345
0.9705248
0.9921649
0.9839986
0.9568319
0.963958
0.9813344
0.9603204
0.9378737
0.9562412
0.9567596
0.9236941
0.9233017
0.9428028
0.936353
0.9327967
0.9603365
0.9863714
0.9704962
0.9501659
0.9659888
0.9762716
0.9450905
0.9258031
0.9230488
0.9234304
0.9368798
0.9238321
0.9276458
0.9263353
0.9268795
0.9648578
0.9788753
0.9599094
0.9592371
0.979865
0.9731457
0.9534764
0.9585095
0.9713265
0.9569686
0.9461052
0.9660763
0.975644
0.9521449
0.9436504
0.9724965
0.9789976
0.9519685
0.947441
0.9644201
0.9605139
0.940893
0.9485835
0.9581367
0.9301835
0.9181803
0.9456201
0.9579883
0.9368678
0.928637
0.9522166
0.9569391
0.9395734
0.9442403
0.9612491
0.9581373
0.9465852
0.964839
0.9771046
0.9542435
0.9470641
0.969785
0.9722248
0.9479444
0.9540995
0.9687539
0.9498498
0.9372075
0.9616504
0.9697682
0.9420275
0.9398787
0.9606332
0.9561953
0.952002
0.9791047
0.9822604
0.9585368
0.9592454
0.973391
0.9623093
0.9397822
0.9472982
0.9579529
0.9397495
0.9260206
0.9479768
0.9487942
0.9114008
0.904638
0.9240908
0.928603
0.9304186
0.9583132
0.9892794
0.9787469
0.9626381
0.9850429
0.9882493
0.9601538
0.9593212
0.9738226
0.9611666
0.9455295
0.9577112
0.9622401
0.9433346
0.9419393
0.9631761
0.9679729
0.9561204
0.958264
0.9804698
0.9804501
0.9582928
0.9638949
0.9789113
0.9719636
0.9607065
0.9731227
0.9883444
0.9751932
0.9622961
0.9726716
0.9845157
0.9672206
0.9455848
0.9627009
0.9722104
0.9461199
0.9396177
0.9426514
0.9014047
0.885181
0.8949806
0.910457
0.9366814
0.8937634
0.9049447
0.9763887
0.9572887
0.9170955
0.93047
0.9275393
0.8898743
0.8759037
0.8903146
0.9133809
0.9168553
0.9064424
0.9074675
0.9142282
0.9031979
0.904699
0.9153725
0.9076097
0.9239531
0.9438603
0.9297332
0.9335698
0.9672811
0.9673122
0.961475
0.9747562
0.9644536
0.9497318
0.9473125
0.9580301
0.9797934
0.9845921
0.957674
0.9534564
0.960614
0.9270124
0.9145979
0.9274604
0.9259655
0.9167985
0.8995882
0.8998719
0.9275613
0.9348519
0.9260342
0.9483685
0.9623467
0.9423515
0.9476172
0.9624212
0.951863
0.9463898
0.9469997
0.9308404
0.9265752
0.9398622
0.9291687
0.9199569
0.9310626
0.9251179
0.9175279
0.9288197
0.915203
0.885026
0.8882739
0.8936511
0.8759918
0.8784936
0.8922042
0.8960572
0.9119527
0.9157614
0.8837421
0.8618204
0.8787151
0.8991201
0.9055717
0.9139388
0.9058091
0.8710643
0.8668624
0.8537265
0.8529873
0.8787486
0.876943
0.8998076
0.8949917
0.8980391
0.9065017
0.8724713
0.8687561
0.8706037
0.8652793
0.8542337
0.8343167
0.8286359
0.8312916
0.8326431
0.8344725
0.843133
0.826602
0.8040247
0.8092877
0.7987295
0.790499
0.7878631
0.7701869
0.7695635
0.7720104
0.7654667
0.7780786
0.7769225
0.7660506
0.7817853
0.7772376
0.7727453
0.7872806
0.7782003
0.7794045
0.7810358
0.7679726
0.7785107
0.7744664
0.761628
0.7627517
0.7482154
0.7394239
0.744389
0.7532046
0.752161
0.7470432
0.7562665
0.7531175
0.7416167
0.7430105
0.7432394
0.7323354
0.7255217
0.7309094
0.7255219
0.7144462
0.7159094
0.7099514
0.6986204
0.6990492
0.7070842
0.7013263
0.689637
0.6952236
0.6964562
0.6844682
0.6826847
0.6946097
0.6937457
0.6850747
0.6906042
0.6911956
0.6808498
0.6812379
0.6794441
0.665602
0.6658382
0.6701522
0.6581332
0.6499908
0.655306
0.6547805
0.6485284
0.6432673
0.646873
0.6510466
0.6427134
0.640134
0.6447815
0.6403438
0.6354866
0.6452237
0.6450161
0.6335562
0.6352614
0.6413877
0.6368359
0.633018
0.6391819
0.6411781
0.6311973
0.6270422
0.6361147
0.636848
0.6315528
0.6327297
0.6395877
0.6359913
0.6268436
0.6340477
0.6343302
0.6264277
0.6300289
0.6256747
0.6160671
0.6195759
0.6205093
0.6113389
0.6084792
0.6180108
0.6196677
0.6093942
0.6096561
0.615928
0.6135776
0.6064081
0.6063579
0.6158875
0.6147398
0.6035753
0.6066084
0.6169829
0.6140175
0.6053837
0.6084503
0.6184474
0.6208535
0.6116163
0.6108032
0.6209324
0.6190654
0.6101977
0.6127443
0.6220246
0.6222505
0.6101757
0.6073775
0.6185437
0.6138621
0.604207
0.6081605
0.6125141
0.6067422
0.6021232
0.6081336
0.6101925
0.6058004
0.6011829
0.6046917
0.6106972
0.6024043
0.5956573
0.6027412
0.6042743
0.5945183
0.5947426
0.6017081
0.6010347
0.5968519
0.5966854
0.6057521
0.6036291
0.5942205
0.6005964
0.6076593
0.6005933
0.5975821
0.6042659
0.6108785
0.6079722
0.6040722
0.6177379
0.6158053
0.601327
0.6055109
0.6096461
0.5997115
0.5955393
0.6012537
0.5980072
0.5891382
0.5863592
0.590918
0.5969616
0.5931147
0.5865187
0.5943734
0.6005582
0.5941844
0.5925761
0.5973356
0.5994761
0.5961332
0.5921945
0.5963302
0.5978711
0.5910442
0.5896099
0.5932744
0.5934758
0.5881953
0.5876316
0.5954237
0.5957307
0.5894157
0.5868318
0.5984165
0.6003124
0.5873949
0.5906
0.5967121
0.5940494
0.5878116
0.5891246
0.5898804
0.5833448
0.5819754
0.582952
0.5830251
0.5785137
0.576177
0.581993
0.5811321
0.5729721
0.573881
0.5786761
0.5782116
0.5745648
0.5728642
0.577361
0.5768893
0.5702045
0.5715494
0.5760275
0.5747924
0.5733676
0.5725349
0.5771363
0.5800102
0.5772484
0.5778479
0.5824817
0.5860793
0.582614
0.5831109
0.5875839
0.5849734
0.5813638
0.5805993
0.5793906
0.575317
0.5709438
0.5735301
0.5737457
0.5672723
0.5674073
0.5713109
0.5704699
0.5664093
0.5638724
0.5686145
0.5717266
0.5671171
0.565338
0.5698735
0.5760927
0.5774252
0.573502
0.5729239
0.5771582
0.5818031
0.5783844
0.5754827
0.5838388
0.5839717
0.5775231
0.5765614
0.5775612
0.5782874
0.5788465
0.5800922
0.5842797
0.5894524
0.5892477
0.5901712
0.5925651
0.5913138
0.5875412
0.5880566
0.590555
0.5849813
0.5806093
0.5835746
0.5850881
0.5817354
0.578448
0.5776292
0.5784686
0.5727403
0.5737637
0.57808
0.5842747
0.5679984
0.5451092
0.5842927
0.5949724
0.5708915
0.5786009
0.5813871
0.5790882
0.5752769
0.5702273
0.5742236
0.576102
0.5752883
0.5720673
0.5718994
0.5811257
0.5853177
0.5824988
0.5819214
0.5872856
0.5869004
0.5791345
0.5785934
0.5809886
0.5778445
0.5742778
0.5728229
0.5755141
0.5747882
0.5683013
0.5682931
0.5725643
0.573194
0.5684841
0.5671994
0.5728492
0.5724652
0.5655287
0.5629361
0.5673375
0.5702296
0.5642688
0.5615782
0.5663642
0.5684034
0.5675205
0.5654279
0.5670118
0.5696609
0.5682363
0.565755
0.5677236
0.5742825
0.5795781
0.5800522
0.5825288
0.5882306
0.5861928
0.5821747
0.5840835
0.5867369
0.5816227
0.5793139
0.5823096
0.5805667
0.5774075
0.5701898
0.5744216
0.58124
0.5802768
0.5847838
0.5880215
0.5967531
0.6009986
0.5940701
0.5946545
0.6001382
0.5971776
0.5889506
0.5876527
0.5901441
0.5875189
0.582573
0.5817727
0.585343
0.5873794
0.5843649
0.5841905
0.5876362
0.5860007
0.582126
0.584396
0.5971933
0.5990637
0.5883507
0.5883675
0.5889767
0.5829819
0.5793042
0.5787382
0.5771069
0.5749976
0.569545
0.5683634
0.574501
0.573926
0.5692097
0.5680276
0.5700762
0.570666
0.5693953
0.5697108
0.5713196
0.5726171
0.5700368
0.5684099
0.5750121
0.578206
0.5726524
0.5720075
0.5769194
0.5788378
0.5736554
0.5688961
0.5724277
0.5751646
0.5715751
0.5687677
0.5714714
0.573185
0.5740712
0.5724029
0.5722869
0.57536
0.572351
0.5677723
0.5686841
0.5732447
0.5722389
0.5679287
0.5628194
0.5585178
0.5597268
0.5621577
0.5661195
0.5673109
0.56823
0.5748288
0.5777212
0.5751523
0.5730204
0.5763875
0.5813758
0.5735031
0.5656166
0.5717431
0.5745463
0.5726703
0.5711507
0.5734293
0.5804962
0.5797539
0.5767582
0.5804341
0.5832866
0.5826212
0.5825318
0.5878905
0.5892669
0.5816234
0.5779
0.5790958
0.5776271
0.5699999
0.5657272
0.5727368
0.5753334
0.5674948
0.5630336
0.5684844
0.5740049
0.5683231
0.5667864
0.572913
0.5727204
0.5681881
0.5650508
0.5683947
0.5699736
0.5671985
0.5657718
0.5653657
0.5666783
0.5649574
0.5611909
0.565515
0.5686541
0.5655139
0.5667836
0.570139
0.5751088
0.5740019
0.5717685
0.5772785
0.5815429
0.5822613
0.5829291
0.5883861
0.5876443
0.581785
0.5813593
0.5815628
0.5792493
0.5691126
0.5640625
0.5710313
0.5666799
0.5570519
0.5594901
0.5642086
0.5646402
0.5633269
0.5639058
0.56826
0.5703333
0.5653258
0.5644513
0.5682666
0.5675355
0.5644096
0.5628061
0.5643058
0.5644379
0.5637297
0.5608762
0.5630486
0.5694759
0.5681847
0.5671854
0.569829
0.5777095
0.5812991
0.577961
0.5837417
0.5929137
0.5912914
0.588366
0.5949841
0.591611
0.5821513
0.5809593
0.5821855
0.57811
0.5724245
0.5726667
0.5743993
0.570992
0.5665025
0.5687101
0.5699781
0.5691079
0.565519
0.5651992
0.5695786
0.5702523
0.5675617
0.5645953
0.566793
0.5676805
0.5644067
0.5660222
0.5686564
0.5672371
0.5636395
0.5661263
0.5725204
0.5665248
0.5637723
0.5698644
0.5709728
0.5755569
0.5810045
0.5797238
0.5796784
0.5877794
0.5890406
0.583412
0.5826491
0.5834554
0.581107
0.5782802
0.5797906
0.5800014
0.5790879
0.5923158
0.6052494
0.598061
0.6006621
0.6170726
0.6130337
0.60549
0.597991
0.6017125
0.614546
0.6048131
0.5992701
0.6227062
0.667581
0.6729625
0.6673314
0.6792248
0.6901128
0.69267
0.6978209
0.6735857
0.644495
0.6668562
0.639549
0.6299113
0.6653918
0.6488087
0.6498516
0.6776802
0.661914
0.6502936
0.6574847
0.654682
0.6600098
0.6868037
0.6993574
0.6815112
0.6848577
0.7067291
0.7063332
0.698857
0.7154989
0.7209652
0.7131706
0.7303277
0.7437831
0.7313757
0.7340586
0.7498957
0.7527827
0.7700578
0.7926645
0.8145355
0.8183592
0.7948617
0.8111139
0.8257388
0.8012827
0.8146936
0.839537
0.8217295
0.8219021
0.841519
0.8521065
0.8633356
0.8406408
0.8318507
0.8684495
0.8639068
0.8430105
0.8712608
0.8726299
0.8477033
0.8744152
0.8847358
0.8638149
0.8884431
0.8864929
0.871158
0.8920116
0.8803904
0.8703774
0.8441421
0.8072089
0.8263612
0.8573145
0.8454939
0.8269923
0.867781
0.8827163
0.8497268
0.8962215
0.9249551
0.8979878
0.9001439
0.9050105
0.9299547
0.9360949
0.9462829
0.930609
0.8876148
0.9223696
0.9163404
0.8964906
0.9169321
0.9175527
0.9224099
0.9075456
0.909248
0.9411463
0.9187246
0.8751737
0.9102264
0.9118437
0.8739107
0.9146394
0.92903
0.892975
0.9229959
0.9698058
0.9358678
0.9327079
0.9722216
0.9352214
0.8982378
0.9400745
0.9670436
0.903257
0.9009311
0.9413988
0.9185913
0.9501593
0.9899592
0.9908103
0.9533784
0.9198443
0.9563247
0.9499858
0.9425923
0.9649728
0.9461076
0.9737187
1.009296
0.9719952
0.9537223
0.994829
0.9897429
0.9600918
0.9859319
0.9818896
0.9615705
1.00131
0.9882338
0.9618137
0.9876563
0.9747867
0.9807595
1.011287
0.9991648
0.9359945
0.9164521
0.9765043
0.9873438
0.9508064
0.9743906
0.9951099
0.9616721
0.9811304
1.00895
0.9732656
0.9654624
1.000313
0.9823352
0.940498
0.970224
0.9922401
0.9606348
0.9720299
1.002298
0.9798044
0.9738382
1.007727
0.9992341
0.9885765
1.017826
1.012077
0.9914501
1.005706
1.001153
0.9847366
0.9985675
0.9942081
0.984446
1.001758
0.9899647
0.9705028
0.9923956
0.9946306
0.9672127
0.9712666
0.9797183
0.9536526
0.9313765
0.953256
0.9650463
0.9553869
0.9730662
1.002748
1.006724
0.9806288
0.9684917
0.9586278
0.9451227
0.9503291
0.9524732
0.9273496
0.9184515
0.9455609
0.9522734
0.9678256
0.9673872
0.9316761
0.946607
0.9744759
0.947669
0.9201063
0.9379075
0.9717747
0.9652821
0.9239868
0.9285899
0.965214
0.965104
0.9511126
0.976867
0.9920359
0.967913
0.969894
0.9947098
1.010761
1.014464
0.9959664
0.9630843
0.9365335
0.9165412
0.9231975
0.9233805
0.9252161
0.9741332
0.9669684
0.9139013
0.8964053
0.9151098
0.9467396
0.9717078
0.9778583
0.9466294
0.9371824
0.9649328
0.9516166
0.9120643
0.9404246
0.9769485
0.9790438
0.9887695
0.9905818
1.000973
1.00925
1.005229
0.9722327
0.9270153
0.9320411
0.9514176
0.9588642
0.9490296
0.9144659
0.9024154
0.918694
0.9162164
0.9295416
0.9728677
0.9955427
1.002374
0.9941159
0.9819852
0.9643305
0.9362536
0.9305214
0.9112771
0.8952658
0.911607
0.9241157
0.9472874
0.9591116
0.9290694
0.8964806
0.8986375
0.9292483
0.9442141
0.9235633
0.9272262
0.9533562
0.9477064
0.9388976
0.9663238
0.9744133
0.9459955
0.9489029
0.9723692
0.9707056
0.9580602
0.9742145
0.9927637
0.9732384
0.957119
0.9784807
0.9853944
0.9592393
0.9465484
0.9571197
0.9660377
0.9580167
0.9532751
0.974136
0.9932707
0.9765357
0.9652311
0.9931421
0.9991749
0.9720025
0.9738879
0.9997534
0.9942987
0.9707377
0.988599
1.002664
0.9668033
0.9541835
0.9575136
0.9417763
0.9415738
0.9231527
0.9006947
0.9254415
0.9269712
0.9163312
0.9377509
0.9491042
0.9689358
0.970048
0.9541751
0.9766504
0.9816826
0.9657736
0.9732377
0.9863469
0.9867243
0.9793903
0.9848452
0.9641595
0.9416425
0.9553834
0.9618194
0.9489383
0.9463953
0.9432024
0.9055633
0.9056542
0.9318882
0.9384976
0.94959
0.9278571
0.8754585
0.9137007
0.9494059
0.9009536
0.9183628
0.9699267
0.9603267
0.9492658
0.9582589
0.9504416
0.9585379
0.9675827
0.9673133
0.9589345
0.9709732
0.9775415
0.9593274
0.9676
0.9709533
0.9532727
0.9466708
0.9258886
0.9044866
0.9099775
0.9021528
0.9059432
0.9043974
0.9089006
0.9250287
0.9086055
0.8905924
0.9090611
0.9406729
0.9491508
0.9457741
0.9344635
0.9311424
0.9048238
0.8625227
0.8681956
0.8774659
0.8824165
0.8866224
0.8858087
0.866844
0.8653475
0.8922169
0.8583266
0.8316531
0.8557246
0.8620212
0.8570426
0.8742341
0.8624278
0.83641
0.8810601
0.8918169
0.8277117
0.8344722
0.8748982
0.9068353
0.9260926
0.9024505
0.9114527
0.9161943
0.8957279
0.8832827
0.8928073
0.9190991
0.8832952
0.865747
0.8955623
0.8841764
0.8764738
0.8878949
0.9087302
0.9084113
0.877184
0.8775567
0.8899742
0.9103333
0.8945427
0.8489901
0.8286008
0.8413988
0.8836913
0.8768351
0.8841328
0.8964269
0.8317685
0.8144122
0.8745652
0.8573359
0.8120486
0.8112937
0.8272107
0.8757895
0.8764777
0.8515508
0.8409311
0.8295015
0.8236554
0.8048159
0.8069243
0.8004271
0.7774855
0.7859136
0.7824296
0.7781424
0.7799266
0.7742128
0.7887899
0.7975984
0.7947865
0.8063458
0.8107685
0.8173446
0.8302059
0.830966
0.831878
0.8029266
0.7766811
0.7842075
0.7712174
0.7808924
0.7885812
0.7813028
0.7817182
0.749519
0.7632023
0.7709549
0.761529
0.7650194
0.7449698
0.7459271
