0.831
0.837
0.824
0.824
0.823
0.85
0.844
0.851
0.826
0.818
0.82
0.845
0.862
0.866
0.834
0.875
0.903
0.91
0.895
0.874
0.835
0.855
0.792
0.8314523
0.814
0.793
0.8
0.815
0.82
0.833
0.782
0.815
0.8427173
0.848
0.869
0.883
0.844
0.819
0.833
0.835
0.83
0.815
0.846
0.846
0.84
0.837
0.875
0.866
0.844
0.86
0.874
0.866
0.869
0.888
0.916
0.91
0.897
0.881
0.888
0.881
0.899
0.896
0.898
0.902
0.908
0.8966758
0.8618647
0.891
0.869
0.849
0.865
0.817
0.824
0.837
0.846
0.854
0.875
0.864
0.845
0.834
0.829
0.826
0.824
0.829
0.829
0.837
0.828
0.837
0.849
0.856
0.862
0.848
0.856
0.859
0.897
0.891
0.887
0.878
0.875
0.878
0.887
0.885
0.902
0.886
0.871
0.863
0.857
0.848
0.855
0.855
0.844
0.851
0.861
0.873
0.882
0.891
0.892
0.88
0.889
0.889
0.919
0.919
0.912
0.915
0.906
0.89
0.878
0.892
0.895
0.884
0.855
0.831
0.833
0.824
0.823
0.834
0.847
0.869
0.868
0.862
0.856
0.852
0.862
0.861
0.862
0.863
0.863
0.858
0.849
0.852
0.837
0.844
0.865
0.864
0.878
0.895
0.908
0.883
0.839
0.857
0.848
0.858
0.909
0.91
0.886
0.897
0.898
0.882
0.877
0.892
0.9
0.915
0.932
0.925
0.919
0.907
0.898
0.889
0.891
0.89
0.891
0.891
0.902
0.901
0.898
0.873
0.875
0.867
0.874
0.887
0.902
0.904
0.911
0.917
0.93
0.913
0.9
0.896
0.909
0.923
0.931
0.927
0.908
0.911
0.957
0.927
0.924
0.922
0.902
0.916
0.915
0.9
0.868
0.877
0.874
0.887
0.9
0.882
0.891
0.897
0.901
0.906
0.919
0.936
0.94
0.938
0.923
0.892
0.884
0.887
0.867
0.864
0.881
0.898
0.894
0.904
0.908
0.919
0.906
0.891
0.89
0.889
0.895
0.89
0.894
0.877
0.865
0.863
0.869
0.885
0.896
0.908
0.92
0.931
0.94
0.916
0.961
0.939
0.931
0.923
0.921
0.906
0.897
0.884
0.883
0.88
0.88
0.883
0.943
0.916
0.907
0.899
0.902
0.878
0.858
0.867
0.874
0.869
0.862
0.856
0.911
0.903
0.872
0.872
0.865
0.87
0.864
0.863
0.863
0.872
0.869
0.853
0.84
0.845
0.842
0.846
0.869
0.879
0.879
0.88
0.883
0.893
0.881
0.918
0.895
0.894
0.886
0.883
0.883
0.901
0.909
0.907
0.907
0.918
0.914
0.913
0.92
0.925
0.915
0.902
0.892
0.878
0.875
0.875
0.881
0.887
0.886
0.875
0.88
0.883
0.896
0.904
0.912
0.917
0.915
0.906
0.908
0.91
0.912
0.913
0.916
0.927
0.921
0.916
0.923
0.925
0.92
0.922
0.925
0.934
0.939
0.933
0.912
0.877
0.872
0.873
0.867
0.863
0.868
0.863
0.879
0.893
0.902
0.904
0.896
0.9
0.897
0.887
0.863
0.858
0.871
0.873
0.887
0.878
0.872
0.921
0.934
0.909
0.909
0.907
0.906
0.887
0.891
0.876
0.962
0.96
0.927
0.92
0.902
0.9
0.885
0.882
0.888
0.909
0.972
0.915
0.905
0.899
0.898
0.905
0.91
0.886
0.889
0.876
0.882
0.8985265
0.884
0.925
0.9
0.89
0.899
0.892
0.89
0.883
0.874
0.941
0.916
0.921
0.922
0.911
0.874
0.879
0.885
0.948
0.9183988
0.93
0.916
0.916
0.903
0.885
0.8824776
0.9
0.912
0.915
0.916
0.92
0.908
0.933
0.922
0.917
0.895
0.887
0.894
0.902
0.909
0.909
0.902
0.905
0.914
0.915
0.907
0.885
0.8183372
0.898
0.9
0.9
0.885
0.876
0.882
0.879
0.864
0.875
0.854
0.8182181
0.88
0.857
0.836
0.858
0.875
0.8146464
0.864
0.8507939
0.8287162
0.888
0.884
0.873
0.857
0.858
0.8193707
0.865
0.856
0.796
0.782
0.752
0.755
0.753
0.757
0.767
0.781
0.794
0.792
0.777
0.769
0.768
0.75
0.722
0.718
0.709
0.7783015
0.7610129
0.8148116
0.701
0.705
0.71
0.706
0.71
0.708
0.707
0.705
0.703
0.697
0.695
0.697
0.694
0.694
0.696
0.686
0.68
0.684
0.692
0.699
0.703
0.703
0.703
0.7
0.702
0.701
0.701
0.708
0.709
0.708
0.71
0.717
0.714
0.725
0.724
0.715
0.715
0.704
0.714
0.701
0.694
0.689
0.681
0.684
0.683
0.682
0.676
0.678
0.681
0.678
0.678
0.685
0.674
0.675
0.672
0.666
0.669
0.669
0.66
0.658
0.662
0.659
0.667
0.666
0.67
0.667
0.667
0.67
0.664
0.671
0.675
0.679
0.68
0.68
0.679
0.683
0.691
0.691
0.687
0.687
0.683
0.679
0.68
0.666
0.663
0.663
0.666
0.659
0.658
0.66
0.666
0.66
0.66
0.669
0.664
0.664
0.658
0.655
0.656
0.655
0.654
0.653
0.645
0.642
0.642
0.636
0.638
0.642
0.639
0.641
0.649
0.645
0.646
0.653
0.648
0.642
0.647
0.652
0.652
0.658
0.66
0.663
0.658
0.655
0.649
0.645
0.647
0.643
0.639
0.643
0.64
0.635
0.634
0.63
0.632
0.636
0.632
0.635
0.637
0.637
0.635
0.633
0.634
0.637
0.634
0.641
0.642
0.642
0.64
0.64
0.638
0.634
0.632
0.632
0.63
0.625
0.627
0.633
0.629
0.634
0.637
0.642
0.64
0.642
0.643
0.635
0.63
0.628
0.627
0.624
0.628
0.628
0.629
0.631
0.625
0.625
0.626
0.623
0.625
0.625
0.625
0.618
0.619
0.623
0.616
0.62
0.622
0.622
0.62
0.614
0.611
0.615
0.611
0.616
0.618
0.616
0.616
0.616
0.618
0.613
0.617
0.617
0.619
0.621
0.625
0.63
0.625
0.625
0.626
0.62
0.617
0.619
0.616
0.617
0.616
0.618
0.615
0.616
0.616
0.615
0.614
0.615
0.619
0.62
0.615
0.618
0.617
0.616
0.619
0.621
0.618
0.619
0.618
0.62
0.617
0.615
0.615
0.618
0.614
0.611
0.613
0.613
0.613
0.615
0.617
0.62
0.622
0.622
0.625
0.621
0.618
0.616
0.616
0.614
0.612
0.612
0.606
0.601
0.604
0.599
0.602
0.6
0.592
0.595
0.593
0.589
0.593
0.593
0.591
0.594
0.593
0.593
0.597
0.589
0.589
0.588
0.59
0.591
0.592
0.59
0.592
0.592
0.594
0.599
0.602
0.601
0.605
0.606
0.608
0.609
0.617
0.619
0.619
0.614
0.615
0.613
0.605
0.609
0.604
0.607
0.607
0.611
0.608
0.61
0.61
0.607
0.609
0.61
0.607
0.611
0.612
0.611
0.613
0.611
0.612
0.613
0.613
0.619
0.612
0.615
0.616
0.612
0.609
0.612
0.606
0.607
0.61
0.607
0.608
0.611
0.609
0.607
0.609
0.612
0.611
0.616
0.611
0.604
0.604
0.597
0.598
0.598
0.593
0.591
0.592
0.589
0.589
0.591
0.592
0.589
0.591
0.587
0.589
0.588
0.591
0.587
0.587
0.59
0.583
0.587
0.588
0.587
0.586
0.591
0.582
0.585
0.584
0.581
0.584
0.582
0.586
0.585
0.585
0.589
0.588
0.592
0.599
0.597
0.601
0.6
0.593
0.594
0.593
0.59
0.589
0.591
0.588
0.591
0.589
0.583
0.59
0.591
0.588
0.591
0.589
0.588
0.589
0.587
0.591
0.587
0.591
0.592
0.592
0.593
0.593
0.597
0.596
0.597
0.6
0.598
0.601
0.603
0.594
0.599
0.594
0.594
0.595
0.593
0.593
0.597
0.599
0.604
0.608
0.6
0.599
0.595
0.593
0.596
0.597
0.592
0.594
0.594
0.593
0.595
0.597
0.598
0.6
0.603
0.598
0.6
0.601
0.599
0.603
0.599
0.595
0.601
0.6
0.599
0.598
0.601
0.599
0.597
0.595
0.593
0.593
0.592
0.594
0.591
0.596
0.597
0.597
0.6
0.603
0.604
0.611
0.613
0.606
0.605
0.607
0.595
0.589
0.588
0.583
0.584
0.581
0.586
0.582
0.583
0.587
0.585
0.586
0.586
0.583
0.584
0.583
0.586
0.584
0.585
0.589
0.587
0.591
0.594
0.594
0.595
0.597
0.595
0.594
0.594
0.598
0.593
0.592
0.597
0.589
0.59
0.592
0.587
0.591
0.593
0.593
0.597
0.599
0.592
0.593
0.592
0.59
0.59
0.589
0.587
0.589
0.597
0.59
0.594
0.594
0.595
0.594
0.6
0.605
0.599
0.599
0.601
0.6
0.595
0.593
0.594
0.593
0.589
0.59
0.586
0.588
0.588
0.59
0.587
0.585
0.587
0.584
0.588
0.589
0.587
0.59
0.593
0.596
0.598
0.602
0.603
0.596
0.596
0.594
0.59
0.594
0.589
0.594
0.591
0.591
0.594
0.588
0.592
0.596
0.591
0.596
0.59
0.594
0.595
0.593
0.589
0.591
0.599
0.602
0.615
0.619
0.614
0.611
0.603
0.594
0.599
0.595
0.602
0.608
0.617
0.62
0.624
0.633
0.636
0.635
0.645
0.672
0.669
0.667
0.672
0.686
0.689
0.697
0.682
0.709
0.723
0.714
0.729
0.709
0.705
0.693
0.693
0.682
0.692
0.707
0.729
0.719
0.708
0.699
0.723
0.721
0.718
0.739
0.732
0.722
0.738
0.722
0.73
0.717
0.729
0.716
0.734
0.72
0.712
0.758
0.738
0.75
0.76
0.752
0.763
0.752
0.767
0.757
0.752
0.74
0.733
0.781
0.737
0.734
0.754
0.753
0.77
0.762
0.787
0.779
0.775
0.754
0.748
0.787
0.764
0.76
0.762
0.745
0.73
0.745
0.75
0.745
0.734
0.721
0.703
0.693
0.7
0.713
0.727
0.735
0.748
0.745
0.758
0.778
0.784
0.776
0.774
0.771
0.778
0.785
0.832
0.833
0.836
0.806
0.834
0.806
0.8
0.792
0.774
0.786
0.786
0.787
0.793
0.807
0.793
0.83
0.842
0.827
0.808
0.81
0.815
0.823
0.819
0.842
0.818
0.804
0.75
0.76
0.76
0.74
0.764
0.739
0.757
0.77
0.771
0.768
0.796
0.782
0.789
0.794
0.807
0.782
0.78
0.781
0.781
0.769
0.778
0.794
0.797
0.779
0.791
0.805
0.803
0.807
0.796
0.81
0.814
0.795
0.787
0.791
0.801
0.805
0.808
0.809
0.809
0.802
0.81
0.805
0.823
0.826
0.809
0.81
0.802
0.802
0.776
0.77
0.756
0.774
0.772
0.761
0.772
0.756
0.766
0.752
0.752
0.8265926
0.757
0.757
0.767
0.778
0.765
0.786
0.819
0.801
0.798
0.809
0.822
0.822
0.813
0.813
0.806
0.833
0.804
0.801
0.794
0.798
0.8
0.792
0.812
0.83
0.839
0.834
0.863
0.845
0.85
0.864
0.821
0.884
0.862
0.851
0.855
0.848
0.852
0.855
0.896
0.89
0.853
0.878
0.86
0.821
0.812
0.817
0.813
0.808
0.809
0.805
0.805
0.814
0.821
0.829
0.815
0.819
0.801
0.806
0.814
0.805
0.784
0.772
0.795
0.812
0.828
0.84
0.865
0.83
0.829
0.897
0.879
0.853
0.865
0.882
0.902
0.872
0.847
0.845
0.841
0.7912492
0.897
0.868
0.864
0.856
0.865
0.86
0.847
0.841
0.875
0.831
0.824
0.868
0.837
0.853
0.836
0.832
0.817
0.814
0.838
0.838
0.855
0.839
0.855
0.886
0.893
0.857
0.86
0.852
0.832
0.837
0.838
0.84
0.871
0.897
0.8610831
0.8334942
0.876
0.8197141
0.9
0.877
0.877
0.846
0.865
0.851
0.847
0.849
0.843
0.868
0.889
0.858
0.837
0.821
0.831
0.839
0.848
0.851
0.844
0.849
0.832
0.826
0.824
0.842
0.835
0.843
0.84
0.84
0.843
0.821
0.791
0.798
0.811
0.811
0.807
0.807
0.797
0.793
0.796
0.788
0.794
0.791
0.802
0.815
0.841
0.846
0.87
0.87
0.875
0.866
0.859
0.834
0.824
0.845
0.893
0.86
0.864
0.878
0.889
0.889
0.839
0.84
0.833
0.845
0.899
0.828
0.829
0.821
0.849
0.842
0.851
0.841
0.818
0.855
0.836
0.833
0.835
0.831
0.824
0.828
0.82
0.833
0.837
0.839
0.849
0.856
0.867
0.87
0.865
0.874
0.869
0.881
0.875
0.864
0.856
0.861
0.863
0.86
0.857
0.869
0.869
0.871
0.871
0.871
0.876
0.881
0.895
0.897
0.879
0.858
0.916
0.892
0.859
0.833
0.834
0.833
0.822
0.821
0.809
0.822
0.82
0.833
0.815
0.843
0.862
0.851
0.842
0.86
0.88
0.886
0.87
0.864
0.863
0.847
0.872
0.865
0.879
0.865
0.906
0.895
0.926
0.906
0.911
0.862
0.851
0.89
0.891
0.871
0.89
0.9
0.883
0.854
0.846
0.852
0.853
0.932
0.904
0.86
0.847
0.875
0.885
0.854
0.883
0.8605759
0.922
0.912
0.895
0.877
0.874
0.864
0.871
0.8379088
0.8444491
0.84642
0.902
0.875
0.874
0.875
0.8188629
0.8779622
0.917
0.909
0.882
0.875
0.87
0.865
0.8580833
0.906
0.8264866
0.917
0.88
0.869
0.857
0.8801578
0.895
0.871
0.873
0.872
0.885
0.875
0.882
0.89
0.883
0.887
0.896
0.901
0.906
0.875
0.8498274
0.8318753
0.896
0.894
0.886
0.841
0.85
0.84
0.827
0.825
0.812
0.809
0.806
0.805
0.823
0.855
0.851
0.797
0.779
0.758
0.749
0.754
0.761
0.77
0.777
0.79
0.801
0.794
0.807
0.803
0.806
0.782
0.792
0.797
0.79
0.799
0.812
0.822
0.832
0.808
0.788
0.795
0.83
0.82
0.82
0.82
0.828
0.83
0.851
0.846
0.812
0.795
0.765
0.762
0.766
0.757
0.738
0.733
0.721
0.8082691
0.8071587
0.8051106
0.8012555
0.7973555
0.7820922
0.7756058
0.7731209
0.7649736
0.719
0.725
0.738
0.736
0.755
0.769
0.771
0.771
0.77
0.758
0.754
0.738
0.731
0.71
0.717
0.722
0.741
0.747
0.746
0.744
0.739
0.735
0.724
0.72
0.712
0.701
0.701
0.701
0.701
0.702
0.702
0.699
0.69
0.696
0.752455
0.7268932
0.8073987
0.7841133
0.7284746
0.7448873
0.7427865
0.7716283
0.750646
0.686
0.691
0.692
0.695
0.697
0.698
0.697
0.704
0.711
0.713
0.71
0.718
0.732
0.729
0.729
0.735
0.773
0.765
0.747
0.712
0.736
0.738
0.738
0.763
0.752
0.75
0.724
0.729
0.726
0.716
0.708
0.71
0.712
0.726
0.74
0.751
0.745
0.735
0.731
0.728
0.741
0.741
0.733
0.708
0.709
0.72
0.727
0.733
0.723
0.717
0.715
0.697
0.701
0.703
0.705
0.688
0.691
0.681
0.678
0.677
0.679
0.688
0.696
0.694
0.688
0.688
0.691
0.702
0.722
0.732
0.756
0.771
0.764
0.785
0.774
0.749
0.741
0.748
0.736
0.724
0.713
0.715
0.707
0.703
0.702
0.705
0.716
0.739
0.752
0.742
0.743
0.77
0.765
0.777
0.777
0.765
0.765
0.766
0.755
0.766
0.769
0.7121257
0.7051774
0.7045468
