0.8327241
0.8488437
0.8290376
0.8086396
0.8233945
0.8240869
0.8232727
0.8257111
0.8395039
0.8465711
0.8466121
0.8439157
0.8505406
0.8536299
0.8494301
0.8455429
0.8492901
0.856212
0.8521234
0.8430108
0.8517384
0.8627539
0.8625716
0.8587149
0.8550151
0.8859069
0.9026807
0.8906956
0.8990784
0.8992844
0.8903923
0.8708016
0.8655146
0.886995
0.8917271
0.8820271
0.8789142
0.8873654
0.879648
0.8567343
0.8562515
0.8691784
0.8589467
0.840009
0.8322115
0.8357667
0.8515457
0.8693563
0.8721569
0.8798459
0.9072306
0.9089872
0.8985025
0.9126032
0.9128259
0.9004108
0.9008937
0.8710872
0.8796716
0.8928383
0.8997976
0.9072769
0.8688265
0.9111375
0.9436329
0.9118061
0.9065612
0.9077508
0.8921664
0.9026708
0.9191197
0.9093185
0.9103912
0.9141865
0.9216199
0.9117466
0.8583898
0.8563209
0.8892158
0.876289
0.8937682
0.9208819
0.8970942
0.8728852
0.8693142
0.8744003
0.8698699
0.8625672
0.8706164
0.8725549
0.8742479
0.8703601
0.87157
0.8668766
0.864971
0.8945
0.9050225
0.902028
0.8922001
0.8792413
0.8886822
0.9028986
0.9007981
0.8839481
0.8785106
0.8909142
0.8869309
0.8597778
0.8526249
0.8717463
0.8718777
0.8569036
0.8468328
0.8621064
0.875786
0.8647078
0.875061
0.8761972
0.8697433
0.8633194
0.8565851
0.8662407
0.8658756
0.8537684
0.8516411
0.8645352
0.8649734
0.8632943
0.8580628
0.8514323
0.8383963
0.8202339
0.8278583
0.8226999
0.8166474
0.8289423
0.8392592
0.8484169
0.851238
0.8563488
0.8598997
0.8627812
0.8644052
0.858627
0.8612252
0.8605803
0.8573402
0.8604049
0.8583048
0.8581957
0.8560934
0.8546915
0.8535512
0.8454738
0.8542841
0.8640598
0.8590335
0.8482672
0.8463683
0.8495306
0.848084
0.8540879
0.8574625
0.8487064
0.8434995
0.8461212
0.8381387
0.8440704
0.8552774
0.8596536
0.8622247
0.8570826
0.8616334
0.8611154
0.8567271
0.8367887
0.809969
0.8134749
0.8148571
0.8068162
0.8074236
0.8161988
0.8229668
0.8153489
0.8128789
0.831075
0.8455815
0.8485431
0.8490758
0.8459155
0.8408972
0.8318666
0.8178424
0.8022868
0.8055731
0.825303
0.8347335
0.8330574
0.8367147
0.848356
0.8461068
0.8512062
0.8542653
0.8337771
0.7997512
0.801497
0.8295904
0.7914362
0.7676031
0.779086
0.7767678
0.7866682
0.7946982
0.7984877
0.8023322
0.7946287
0.7874676
0.7916316
0.798561
0.8063355
0.8081374
0.8115608
0.809122
0.8094916
0.8255513
0.8290833
0.8266526
0.8291296
0.8287909
0.8316234
0.8383763
0.8367382
0.8351528
0.8284118
0.8287734
0.852509
0.8594338
0.8610645
0.8624067
0.8507497
0.8502744
0.8541622
0.8450263
0.8257104
0.821106
0.83168
0.8347407
0.8311347
0.8246901
0.8319296
0.846192
0.8495334
0.8381909
0.8304667
0.8396618
0.8246544
0.8190186
0.8457225
0.8457166
0.8402698
0.8347343
0.8192067
0.8307056
0.843521
0.8383538
0.8472567
0.8684279
0.8765051
0.8666709
0.8594265
0.8670453
0.8699894
0.8651546
0.84733
0.842564
0.8598724
0.8609808
0.864411
0.860413
0.8612763
0.8866187
0.8935417
0.8812716
0.8767311
0.8912818
0.8967462
0.8865753
0.8749497
0.8724933
0.8846013
0.8828398
0.8627881
0.8626907
0.8829832
0.8843442
0.8651592
0.8609147
0.8861206
0.904079
0.9037956
0.8999542
0.8773111
0.8543948
0.8643719
0.8760398
0.865169
0.8636047
0.8794607
0.882076
0.867581
0.8583141
0.8677673
0.8737892
0.8751637
0.8657437
0.8429354
0.8438948
0.8453248
0.836358
0.8246721
0.8133345
0.8273337
0.8331324
0.8316308
0.8485507
0.8507093
0.8452236
0.8521543
0.8662211
0.877063
0.883151
0.8885638
0.8925733
0.898491
0.8943866
0.8885532
0.8802458
0.8820195
0.8993585
0.905032
0.9127985
0.915876
0.8971473
0.8900582
0.9050696
0.9152976
0.90407
0.8902933
0.9065098
0.9070299
0.8939999
0.8943868
0.89528
0.8792685
0.857584
0.8634746
0.8650066
0.8542106
0.8413546
0.8302668
0.8213399
0.8198372
0.8201806
0.8208343
0.8177569
0.8180027
0.8361249
0.8458624
0.8506253
0.8525919
0.8530294
0.8533353
0.8431974
0.842239
0.8625724
0.8658114
0.8553594
0.834356
0.821823
0.8380325
0.8283819
0.8237316
0.8482324
0.8329615
0.805244
0.8349718
0.8458191
0.8317607
0.8433692
0.836556
0.8283744
0.8397612
0.8354454
0.8257835
0.8316242
0.8357914
0.8353013
0.8289916
0.8171293
0.8259314
0.8328042
0.789123
0.7773146
0.7954041
0.8138294
0.8652546
0.875199
0.870837
0.8649679
0.844708
0.8425246
0.8357591
0.8289529
0.8279475
0.8249407
0.8188449
0.8100886
0.8076442
0.807909
0.8007546
0.7980519
0.7973532
0.7928388
0.7823371
0.7870984
0.7970098
0.7778084
0.7594638
0.7535795
0.7641101
0.7741482
0.7734612
0.779656
0.779563
0.7724801
0.7610141
0.749485
0.7536755
0.7526091
0.7577631
0.7718028
0.7688358
0.7699572
0.7869226
0.7729293
0.7659604
0.7853015
0.7482287
0.7228495
0.721622
0.7120226
0.7045582
0.6979515
0.70386
0.7059225
0.7060955
0.7024873
0.6922276
0.6943664
0.7004569
0.697796
0.6949294
0.6923785
0.6836627
0.7122323
0.736271
0.712169
0.7437951
0.7265538
0.7256151
0.7760299
0.7186397
0.6952838
0.6997277
0.6863829
0.6948044
0.688448
0.6778518
0.6712723
0.665711
0.6647962
0.669265
0.6658404
0.6564212
0.6585346
0.6649653
0.6614888
0.6580624
0.6532389
0.6518191
0.6534443
0.6530825
0.6445255
0.6526249
0.6963151
0.6850874
0.6447148
0.6441611
0.6451231
0.6444167
0.6429649
0.6371979
0.637254
0.6473546
0.6513973
0.6536632
0.6574353
0.6682049
0.6721832
0.6512938
0.6478122
0.6529967
0.6425434
0.6475484
0.6708472
0.6562417
0.6308331
0.633422
0.6374777
0.640515
0.6457213
0.6432296
0.643065
0.6504358
0.6536216
0.6584998
0.6544347
0.6461895
0.642687
0.6428203
0.6426391
0.6407178
0.6422947
0.6369635
0.6329135
0.6381946
0.6314251
0.6283446
0.6981732
0.7249439
0.6970911
0.7019886
0.6446945
0.6155994
0.6229549
0.6126235
0.6218644
0.6227674
0.6474938
0.6951262
0.6747502
0.6146555
0.6074014
0.6106505
0.6121085
0.6175533
0.6149334
0.6226737
0.6285192
0.6298068
0.6319585
0.6342957
0.6375464
0.6372354
0.6414618
0.6458591
0.6430604
0.6399916
0.6391964
0.640877
0.6408717
0.6425583
0.6395121
0.6364119
0.6370599
0.635204
0.6313178
0.6304826
0.6185449
0.6052883
0.6298735
0.6516702
0.6559351
0.657136
0.6443122
0.6549194
0.6663479
0.6373198
0.6303403
0.6352553
0.6256121
0.6232938
0.6151894
0.6129461
0.619888
0.6228586
0.6231075
0.6184035
0.6163671
0.6227513
0.6213034
0.6184987
0.619054
0.6171317
0.6224465
0.6235283
0.6233655
0.6238042
0.6206465
0.6235419
0.6217778
0.6176533
0.6139612
0.6115607
0.6133609
0.612429
0.6118145
0.6120295
0.6143486
0.6173448
0.6176811
0.6160896
0.6140975
0.6116694
0.6084836
0.6098431
0.6096681
0.6076233
0.6117353
0.6170311
0.6165977
0.6101373
0.6064171
0.610894
0.613609
0.6113644
0.6097262
0.6160208
0.6088061
0.6203471
0.6497955
0.6273991
0.6126153
0.6207946
0.6175941
0.6206809
0.6196045
0.6202968
0.625252
0.6257262
0.6285429
0.6311678
0.6319243
0.6319012
0.6323198
0.6313081
0.6266824
0.625713
0.6249089
0.6256301
0.6313596
0.6276547
0.625494
0.6267141
0.6247405
0.6194551
0.6166064
0.6143998
0.6227035
0.64436
0.6258504
0.6133285
0.6149899
0.6211686
0.6426027
0.6218061
0.6089417
0.6153445
0.6090263
0.6081806
0.6054092
0.5996898
0.5998297
0.6063213
0.608022
0.6073883
0.606136
0.6042754
0.6078914
0.6075209
0.609293
0.6086367
0.607369
0.6145134
0.6160078
0.6264116
0.6338566
0.6285265
0.6320222
0.6410089
0.6454837
0.637733
0.6300583
0.628831
0.6305954
0.6285789
0.6228554
0.6222508
0.6216427
0.6259866
0.6248003
0.620035
0.6207034
0.617108
0.6152656
0.6144715
0.616041
0.6196633
0.6214373
0.6246098
0.6239372
0.6257815
0.630839
0.6243182
0.6174924
0.6174087
0.6199693
0.6237852
0.6263255
0.6251739
0.6221265
0.6263395
0.6234439
0.618563
0.6212266
0.6206408
0.6250154
0.6226128
0.6163516
0.6174623
0.6131514
0.6137535
0.617694
0.6162947
0.6135775
0.6138679
0.6192212
0.6235853
0.6242138
0.6238861
0.6341301
0.6572087
0.6715277
0.6689522
0.6621183
0.6569915
0.6496667
0.6427144
0.6392754
0.6346048
0.6272294
0.618828
0.6156678
0.609521
0.6133425
0.5977437
0.5933535
0.5996808
0.6074355
0.6245205
0.6003419
0.5970926
0.5923111
0.6017907
0.6133243
0.6200534
0.6403051
0.6296955
0.6051402
0.5922563
0.605059
0.6030634
0.5985482
0.6027617
0.6013327
0.6006519
0.5992918
0.5966268
0.602339
0.6076532
0.6055741
0.5998096
0.5993688
0.607341
0.610434
0.6104679
0.6095272
0.6218812
0.6269402
0.6188503
0.6170202
0.6150999
0.6183231
0.6178653
0.6135377
0.6123956
0.6139565
0.6145938
0.6136935
0.6119279
0.6116028
0.6164081
0.6205063
0.6122779
0.6039247
0.6126788
0.6139251
0.6087981
0.6090461
0.6113239
0.6132711
0.6117698
0.6090619
0.6060771
0.6083376
0.6102064
0.6089162
0.6091189
0.609908
0.6200529
0.6277253
0.6232099
0.623346
0.6252889
0.628176
0.6302761
0.6255513
0.6239513
0.6248053
0.6212782
0.6227737
0.6245014
0.6239866
0.6280037
0.6308861
0.637632
0.6393155
0.6339979
0.6309258
0.6293035
0.63415
0.6349715
0.6303304
0.628684
0.6250968
0.6266669
0.6274906
0.6227662
0.6224416
0.6223783
0.6239773
0.6267958
0.6271734
0.6256576
0.6212011
0.6214355
0.6241943
0.6182578
0.6167585
0.6230474
0.6235342
0.6160419
0.6094803
0.6108331
0.6084602
0.6096194
0.6147168
0.6132544
0.6084181
0.6039479
0.6075368
0.608725
0.6066708
0.6027347
0.5988671
0.6023021
0.6066222
0.6070417
0.6061566
0.6068071
0.60273
0.6032144
0.603858
0.5995465
0.5961451
0.5909767
0.5970928
0.6005578
0.5959382
0.5949492
0.5941873
0.5970598
0.5985468
0.5998245
0.6018871
0.5999825
0.6003922
0.60352
0.6032042
0.6042112
0.6031557
0.60364
0.6113244
0.6130858
0.6099913
0.6080537
0.606994
0.6059612
0.6095742
0.6117375
0.6038945
0.6021135
0.6054151
0.6124505
0.6286515
0.6251684
0.615342
0.6185206
0.6204891
0.6236244
0.6172592
0.6074989
0.6089239
0.6095712
0.5998378
0.5885936
0.5802848
0.5762926
0.5799363
0.5816289
0.580509
0.580467
0.5794547
0.5797631
0.5867211
0.5915723
0.5927462
0.5928192
0.5948189
0.6065728
0.6101748
0.6085228
0.6101229
0.6078193
0.6107959
0.6124492
0.6053855
0.5999519
0.6014417
0.6054284
0.6086172
0.6112818
0.6115682
0.6137858
0.6259057
0.6339751
0.6388016
0.6210366
0.6123828
0.6418094
0.641114
0.6332005
0.6322166
0.62691
0.6354223
0.6208033
0.6227165
0.6516124
0.6090394
0.6008914
0.6629037
0.6525587
0.6285347
0.6356604
0.6264162
0.6186647
0.6180029
0.6173282
0.6163039
0.6116845
0.608476
0.610965
0.6091384
0.6033388
0.6027323
0.6010869
0.5990528
0.6012547
0.5989635
0.5945995
0.5998529
0.6046462
0.6043137
0.6025784
0.6038465
0.608037
0.6109439
0.6129836
0.6095064
0.6048825
0.6086103
0.6084907
0.6072947
0.6047807
0.5998932
0.6055455
0.605404
0.6023376
0.5999974
0.5976688
0.6012934
0.6024877
0.6003828
0.598802
0.6003427
0.6014688
0.6027344
0.6018338
0.5983225
0.6045493
0.6094376
0.6067788
0.6051092
0.6029511
0.6010116
0.6023743
0.598709
0.592991
0.6085558
0.6227529
0.6212845
0.6196618
0.6296139
0.6401747
0.6387738
0.6406205
0.6441644
0.646973
0.6510203
0.6370882
0.6350599
0.6517702
0.6348492
0.6096584
0.6262446
0.6361468
0.6286219
0.6350862
0.6255126
0.6382434
0.6510037
0.648095
0.6559418
0.670757
0.6743605
0.6729976
0.6861798
0.6784333
0.6765753
0.6877969
0.67533
0.6625054
0.6708994
0.668563
0.6771253
0.6907175
0.6932747
0.6946035
0.6865253
0.7018127
0.7201737
0.7176332
0.7189691
0.7249153
0.7323584
0.7348446
0.7369077
0.7416197
0.7413243
0.7406966
0.7425438
0.7453132
0.744446
0.7449385
0.7468242
0.746142
0.7459427
0.7515897
0.7568355
0.7516366
0.7469448
0.749208
0.7505409
0.7505728
0.7390987
0.7137667
0.718547
0.7354156
0.730301
0.7238402
0.7292743
0.7569604
0.7803515
0.7898722
0.7988463
0.8017995
0.8045312
0.8026511
0.7911509
0.7901561
0.7929353
0.7937677
0.7956389
0.795771
0.7991634
0.7973529
0.7917282
0.7739028
0.7721647
0.7931688
0.7977655
0.7933485
0.7929631
0.7983329
0.806686
0.809735
0.8016706
0.8006694
0.8033827
0.7932042
0.7821124
0.7738719
0.7740305
0.7729347
0.7676588
0.7762073
0.7793567
0.7797928
0.7800374
0.7767605
0.7823808
0.7862981
0.7911184
0.7942912
0.8006338
0.8063781
0.7981332
0.7982369
0.8028713
0.8013731
0.8015604
0.8003594
0.8020231
0.792403
0.7765084
0.7784648
0.7861689
0.7875275
0.7932352
0.8045992
0.8054572
0.8065067
0.8131165
0.809143
0.7989399
0.7968319
0.8010658
0.7960612
0.7818387
0.7783999
0.7843531
0.7831371
0.779072
0.7791571
0.7852479
0.7935842
0.7903637
0.7821627
0.7844145
0.7814585
0.7798061
0.7734306
0.7684834
0.7792629
0.767624
0.7531945
0.7490756
0.7390284
0.7456246
0.7594898
0.7666924
0.7763886
0.7821108
0.7895736
0.8000614
0.8002124
0.7982956
0.8028831
0.8046392
0.7979465
0.7926111
0.7979591
0.7945457
0.7808656
0.7633143
0.7533016
0.7631828
0.7677744
0.7655487
0.7754035
0.7879258
0.7895995
0.7919462
0.7945335
0.7992071
0.8130169
0.8200429
0.8212869
0.8335463
0.8523069
0.8439802
0.8614569
0.8511756
0.8257349
0.8308692
0.8058775
0.8516192
0.8771369
0.8528489
0.8560695
0.8567432
0.8473851
0.8295967
0.8337366
0.8513529
0.8539005
0.8511548
0.8521149
0.8458529
0.8313045
0.8221025
0.8236224
0.8201228
0.8149561
0.8055137
0.7993643
0.7982941
0.7892006
0.775856
0.7765719
0.7870287
0.7817048
0.7765831
0.7856241
0.7963461
0.7999302
0.7993544
0.8027839
0.8004716
0.7960502
0.7902863
0.7865962
0.7903021
0.7893028
0.7869493
0.7881766
0.789732
0.7868956
0.784526
0.7786859
0.760834
0.7582588
0.7724146
0.7791259
0.785274
0.7868426
0.7801709
0.7850332
0.7964551
0.8013695
0.7979232
0.7914662
0.7985767
0.8142884
0.8242383
0.8252964
0.8328552
0.8421795
0.849583
0.8532613
0.8423546
0.8220357
0.8071472
0.8050168
0.8016932
0.7975056
0.793293
0.7944784
0.7935245
0.7846349
0.775142
0.7672501
0.7716562
0.7686557
0.7414803
0.7501702
0.7748696
0.759903
0.7476062
0.7471329
0.7527736
0.7538367
0.7455678
0.7470579
0.7516431
0.7511161
0.7511878
0.7560097
0.7585521
0.7608616
0.7671443
0.7705457
0.7715067
0.7724377
0.7725293
0.7668996
0.7628368
0.7684481
0.7765276
0.7744214
0.7670766
0.7705697
0.7793414
0.7854684
0.7816745
0.7748642
0.7720154
0.7713339
0.7669231
0.76062
0.7649605
0.7728318
0.7758651
0.7739114
0.7745899
0.7782205
0.7831012
0.7808212
0.7759867
0.7801559
0.7813918
0.7808755
0.7764438
0.7756174
0.778738
0.7785582
0.7747641
0.7697889
0.773584
0.7747674
0.7691647
0.7639434
0.7701555
0.774554
0.7686486
0.7665508
0.7664618
0.7710156
0.7710274
0.7709167
0.7801227
0.7820716
0.774756
0.7696497
0.7728182
0.7700916
0.7624833
0.767248
0.7753757
0.776233
0.7693401
0.7676345
0.7742716
0.7741038
0.7634095
0.7631823
0.7744382
0.7669639
0.755179
0.7504199
0.7504912
0.753956
0.7520275
0.748858
0.7463235
0.7456963
0.7441911
0.7418311
0.7424624
0.746616
0.7480148
0.7448754
0.7434114
0.7490519
0.7544604
0.7522199
0.747878
0.7507899
0.7579954
0.7641033
0.765277
0.76633
0.7714974
0.7699682
0.762991
0.7661164
0.7731934
0.7726972
0.7690829
0.7673338
0.7730361
0.7729868
0.7696424
0.7634251
0.7575429
0.7592952
0.7552552
0.7478379
0.7467357
0.7490515
0.7466649
0.7390688
0.7356371
0.7416545
0.7458629
0.7484484
0.7501466
0.7578973
0.7661072
0.7671295
0.7664547
0.7603924
0.7626377
0.7698575
0.7687703
0.760884
0.7624606
0.7619772
0.7537694
0.7499468
0.7452439
0.7506305
0.7554336
0.7527076
0.7468172
0.7473344
0.7508282
0.746146
0.7441649
0.7448004
0.7496827
0.75263
0.7482878
0.7493668
0.7543957
0.7598911
0.7602834
0.7571723
0.762235
0.7662468
0.7602106
0.7543507
0.761457
0.7654016
0.7552519
0.7473299
0.750231
0.7532171
0.7496422
0.7465495
0.7510618
0.7552978
0.7503758
0.7448912
0.7454834
0.7472679
0.7433822
0.7411414
0.7460944
0.7562153
0.758665
0.7503144
0.7517381
0.755451
0.7504387
0.7501727
0.7558426
0.7588623
0.7524354
0.7462973
0.7488919
0.7508519
0.745648
0.7375462
0.7393001
0.7430659
0.7398287
0.7328854
0.7376349
0.7451353
0.7408504
0.7405887
0.7354581
0.7293968
0.7338594
0.7378328
0.7369638
0.7284305
0.720208
0.7255897
0.7361604
0.7426596
0.745091
0.7560598
0.7757054
0.7843701
0.7835535
0.789206
0.7917013
0.7854702
0.7804905
0.7677271
0.7595382
0.7612407
0.7518045
0.7398886
0.7362971
0.7336129
0.7315418
0.7281657
0.7285206
0.7321374
0.7306676
0.7284484
0.7264601
0.7324765
0.7430701
0.7511142
0.7530575
0.7547437
0.7642844
0.7669632
0.7642165
0.7616197
0.7640779
0.7673058
0.7613398
0.7560902
0.7571454
0.7597864
0.7589105
0.7506087
0.7485291
0.7541457
0.7501665
0.7420886
0.7447947
0.754009
0.7575929
0.750699
0.7462692
0.7506978
0.7475336
0.7442191
0.746633
0.7495702
0.7555476
0.75684
0.758848
0.767126
0.7692503
0.7669012
0.7672302
0.769884
0.7697026
0.7652611
0.7507077
0.7341074
0.7349154
0.7394558
0.7397216
0.7334061
0.7230383
0.7236795
0.7279901
0.731227
0.7356847
0.7426704
0.7500121
0.7572997
0.7576568
0.7584307
0.7695768
0.7680811
0.7583965
0.757001
0.757837
0.7672281
