0.7697644
0.7946685
0.7722236
0.7438982
0.742587
0.7121743
0.7086638
0.7156011
0.7064338
0.7176871
0.7314578
0.7375911
0.7287826
0.7287725
0.7588486
0.7817755
0.7721654
0.7595795
0.7913593
0.8181781
0.8106595
0.7912474
0.7863814
0.8144687
0.8113909
0.779732
0.7917568
0.8182856
0.8178224
0.7913207
0.7745652
0.7910591
0.8039346
0.7947419
0.7744052
0.7925057
0.822879
0.8224884
0.803143
0.7976925
0.8282763
0.8419719
0.822252
0.8192936
0.841855
0.8427042
0.8202795
0.8212016
0.850291
0.8501281
0.8192053
0.8220233
0.8426255
0.8458958
0.8194451
0.7984439
0.8153048
0.812823
0.8038398
0.8054009
0.8147273
0.8222581
0.8163363
0.7977301
0.7803309
0.800583
0.7992212
0.7856898
0.8014966
0.8083744
0.7889811
0.7730265
0.8039108
0.8228956
0.8121604
0.8096522
0.7874569
0.7531561
0.7494622
0.7970726
0.8431951
0.8184604
0.7736396
0.7792831
0.7780704
0.7687167
0.8019972
0.8129295
0.7917541
0.8041014
0.842828
0.8376024
0.8106761
0.8265655
0.8745849
0.8584967
0.835715
0.8298602
0.8006639
0.8536113
0.8474353
0.8322833
0.8632976
0.8356402
0.8375427
0.8414903
0.8152943
0.8224411
0.8678644
0.8658186
0.8478136
0.8284062
0.8216295
0.8677649
0.8544907
0.837904
0.8742942
0.8612933
0.8391546
0.8576918
0.8630728
0.8312331
0.8061772
0.8284044
0.8544133
0.8338524
0.8206596
0.8514742
0.8522171
0.8206841
0.8140426
0.8295714
0.8201842
0.7887305
0.7886689
0.8057405
0.80273
0.7785662
0.7753489
0.8063484
0.8056029
0.7798004
0.7906675
0.8164379
0.8089449
0.7826917
0.7958304
0.8253801
0.8263971
0.8055135
0.8035761
0.8292493
0.8359192
0.8116456
0.8057275
0.8423954
0.8560523
0.831462
0.8238121
0.8773764
0.8789458
0.8539247
0.8448928
0.8241485
0.8577369
0.8613035
0.8657488
0.8668453
0.8295024
0.8279258
0.8669303
0.8648793
0.8253549
0.8390269
0.868231
0.8472085
0.8118372
0.8263875
0.8548574
0.8336536
0.8106449
0.8462441
0.8494468
0.8092841
0.8148082
0.8357244
0.8209779
0.7917957
0.8048943
0.8408262
0.8316959
0.802683
0.8153371
0.8432542
0.8342573
0.805103
0.8023208
0.8282909
0.819419
0.7930207
0.7833002
0.7834174
0.8045026
0.7999215
0.800303
0.8005538
0.7769864
0.7884869
0.7866295
0.7774847
0.8164839
0.8510831
0.8349992
0.822273
0.8575194
0.8647282
0.8329032
0.835052
0.8716273
0.861794
0.8338755
0.8545893
0.852543
0.8201175
0.8151174
0.8364251
0.831235
0.8015152
0.8007963
0.8233491
0.8119177
0.7863199
0.8017767
0.8215863
0.8041149
0.7827755
0.8004532
0.8116321
0.7909154
0.7851114
0.808996
0.8206001
0.81834
0.8290937
0.8170677
0.7946766
0.8050367
0.7995801
0.7803488
0.7930985
0.8031715
0.7901169
0.7933101
0.8241853
0.8229267
0.8096974
0.8280082
0.8429281
0.8291006
0.8137052
0.8409954
0.8470635
0.8248968
0.847913
0.8567838
0.8375525
0.8527455
0.8578964
0.8344417
0.8302542
0.8450544
0.8316605
0.8164308
0.8339336
0.8338449
0.8120892
0.8055871
0.8199381
0.8222675
0.8032759
0.7964667
0.8244654
0.8201959
0.7993979
0.8170697
0.8176593
0.7951758
0.7920307
0.8122271
0.8124014
0.78842
0.7681505
0.7650966
0.7937832
0.8392822
0.8285709
0.8092316
0.8500095
0.8342142
0.7854589
0.7855531
0.7753476
0.7837122
0.8123704
0.8147753
0.7902343
0.776944
0.8007993
0.8132537
0.7966226
0.7872695
0.8057802
0.8085035
0.7888505
0.7933449
0.829838
0.8312786
0.8079947
0.8238658
0.8336289
0.8159828
0.8107121
0.8290897
0.8202334
0.799153
0.8154016
0.8276183
0.8113553
0.8046838
0.8273772
0.8215509
0.7942544
0.8049514
0.8326363
0.8194625
0.8019843
0.8248255
0.8339127
0.8199117
0.8063057
0.8271098
0.8597213
0.8499759
0.8392203
0.8520762
0.8455847
0.8297702
0.8283999
0.8435513
0.8636934
0.869796
0.8767365
0.8692132
0.845084
0.8339956
0.8184548
0.8008801
0.8129105
0.8108067
0.7972691
0.8227774
0.841455
0.8312649
0.8411328
0.8582331
0.84634
0.8474607
0.8632916
0.8554578
0.8601112
0.883274
0.8750246
0.8689013
0.9001145
0.8872124
0.8577081
0.8697585
0.8806528
0.8394342
0.8186345
0.8503645
0.82573
0.812949
0.8272289
0.8483114
0.8713554
0.862623
0.8801732
0.904775
0.8878978
0.8748318
0.8882328
0.8670517
0.835577
0.8607776
0.8858547
0.8802766
0.8600451
0.864087
0.8831491
0.8824163
0.8932383
0.8895783
0.8632074
0.8470892
0.8396198
0.8467621
0.8704181
0.8341219
0.8304956
0.8731278
0.8674879
0.8809086
0.8757314
0.8460406
0.8530634
0.8788092
0.865159
0.8429714
0.8745773
0.8756507
0.868224
0.8631496
0.8215385
0.8634267
0.8776013
0.8247778
0.8634647
0.8458268
0.8082276
0.8511224
0.8481371
0.8490108
0.8678526
0.8574223
0.8541755
0.8613241
0.844492
0.8396531
0.8563198
0.859258
0.844272
0.8437222
0.848887
0.8277244
0.8290369
0.852545
0.8400747
0.8250341
0.8355556
0.83353
0.8336063
0.8332072
0.813993
0.8048725
0.8130928
0.7985374
0.7905229
0.8103569
0.8062342
0.7798215
0.7597972
0.7507421
0.7529027
0.7577345
0.7458651
0.7301268
0.7305919
0.7228198
0.7091454
0.7093552
0.7135668
0.7107716
0.6978175
0.6968599
0.6931748
0.6864719
0.7167393
0.7306797
0.7340691
0.7476561
0.7402764
0.734391
0.7381849
0.7221405
0.6813067
0.6709986
0.6741132
0.6767215
0.6805753
0.6729119
0.6745866
0.6848182
0.6869185
0.6793209
0.6803504
0.688757
0.6859518
0.6788899
0.6835006
0.6847545
0.6949326
0.6942317
0.6801961
0.6854081
0.687677
0.6869182
0.6865252
0.6781934
0.6723509
0.6772375
0.681062
0.6913174
0.7090976
0.7107888
0.7145425
0.7214602
0.7140213
0.706487
0.6967748
0.6802436
0.6693312
0.6658818
0.6562528
0.6454933
0.641472
0.6319858
0.6247991
0.6207468
0.6167087
0.6150913
0.6141835
0.6124549
0.6064558
0.6051266
0.6088215
0.6133147
0.6108103
0.6058
0.6083922
0.6137026
0.6248152
0.6322821
0.6284251
0.623785
0.6279327
0.6312634
0.6244719
0.6222782
0.6255485
0.6230117
0.6159504
0.6158192
0.6176147
0.611071
0.6075638
0.6093614
0.6050706
0.6004641
0.6071984
0.6085732
0.6017944
0.6048793
0.6107401
0.6121731
0.6083599
0.6074094
0.6135724
0.6104674
0.603036
0.606624
0.6074215
0.6108062
0.6240019
0.6237728
0.6189697
0.6165383
0.6161718
0.6172731
0.6082087
0.602683
0.6008109
0.5953122
0.5973615
0.5966761
0.5862588
0.5847463
0.5888404
0.5947663
0.5983834
0.5913418
0.58948
0.594416
0.5997277
0.5995489
0.5935612
0.5940081
0.5944189
0.5907203
0.5893905
0.5963765
0.5994426
0.5904669
0.5894654
0.5942089
0.5946642
0.5910312
0.5894949
0.5935717
0.5973278
0.5929096
0.5866595
0.5886403
0.5866395
0.5784246
0.576137
0.5777088
0.5794649
0.5769058
0.5714138
0.5718975
0.5728396
0.5722629
0.5705104
0.5720655
0.5722097
0.5669439
0.566401
0.5685368
0.56939
0.5673811
0.567022
0.5699187
0.5731791
0.5711665
0.5650553
0.564287
0.5667073
0.5704366
0.5677412
0.5650851
0.5676386
0.5673363
0.5677661
0.5636517
0.561095
0.5625856
0.5648114
0.5689988
0.5687196
0.5663404
0.5624389
0.5621648
0.5622717
0.5589274
0.5592618
0.5628975
0.5658736
0.5615888
0.5591429
0.5616481
0.5612549
0.5563677
0.5520722
0.554162
0.5566453
0.5562426
0.5525188
0.5498289
0.5523762
0.5521229
0.5468477
0.5456077
0.5472402
0.5466804
0.5430778
0.5413635
0.5424959
0.5425288
0.5424331
0.5415187
0.5438748
0.5467908
0.5461703
0.5570867
0.5720876
0.5688083
0.5652683
0.5683546
0.5642649
0.5612266
0.5638831
0.5648264
0.562074
0.5589906
0.5559491
0.5553712
0.5542512
0.5486537
0.547959
0.5530379
0.5534753
0.5517872
0.557759
0.5625725
0.5637077
0.5616781
0.5566161
0.5588612
0.562845
0.5619318
0.5590876
0.5592058
0.5606398
0.5558585
0.5517101
0.5533303
0.5579454
0.5628047
0.5573572
0.5547845
0.5587658
0.5570864
0.5527846
0.5494461
0.5519389
0.552469
0.5486657
0.5497116
0.5509293
0.5513452
0.5490992
0.5441734
0.5451803
0.5464988
0.5433504
0.5397529
0.5417325
0.5449084
0.5440218
0.5486278
0.5493081
0.5430204
0.5433496
0.5443513
0.543782
0.5419517
0.5403375
0.5416861
0.5422025
0.5418133
0.542259
0.5460186
0.5485771
0.5429647
0.5408644
0.5438427
0.5419343
0.5380836
0.537213
0.5398618
0.5397744
0.5418138
0.5502759
0.5496778
0.5449305
0.5472022
0.5496876
0.54798
0.5441258
0.5464171
0.5446069
0.5400825
0.5430153
0.5469977
0.5454003
0.5408947
0.5424502
0.5453465
0.5444572
0.5404052
0.5401313
0.5437425
0.5406792
0.5368146
0.5416054
0.5481609
0.5484067
0.5434797
0.5442337
0.5472966
0.5412067
0.5375464
0.5426228
0.5471499
0.5465344
0.5424109
0.544276
0.5493789
0.5460791
0.5413075
0.5452229
0.5492594
0.5510178
0.5493425
0.5483716
0.5546831
0.5601757
0.5604103
0.5543377
0.5512269
0.5538095
0.5505357
0.54263
0.5442053
0.5482167
0.5512591
0.5520247
0.5459715
0.5445178
0.5474566
0.5461173
0.5397813
0.5400136
0.5435392
0.5435354
0.5422552
0.5409516
0.5421004
0.5450363
0.5466919
0.5396631
0.5374951
0.5431753
0.5469535
0.5475855
0.542245
0.5425171
0.5471849
0.5443175
0.5400301
0.5423163
0.545424
0.5466355
0.5438869
0.5416442
0.546583
0.5489147
0.5449198
0.5435197
0.5465037
0.5472351
0.5491511
0.5559814
0.5640128
0.5675148
0.5664785
0.5666564
0.5616628
0.5548231
0.5521286
0.547741
0.5467478
0.5468825
0.5430705
0.5400612
0.5412504
0.545792
0.5445556
0.5408345
0.5434438
0.5451865
0.540505
0.5391552
0.5449375
0.5476453
0.5452313
0.542901
0.5432494
0.5447184
0.5418566
0.5374001
0.5389806
0.5417659
0.541126
0.5388046
0.5395931
0.5444374
0.5450895
0.5397512
0.5399977
0.5424905
0.5371994
0.5343705
0.541065
0.5452329
0.5394151
0.5384491
0.548891
0.549758
0.542763
0.5446541
0.5492101
0.5472363
0.5419697
0.5446649
0.5499769
0.5475661
0.5415056
0.5410102
0.5427052
0.5367743
0.5318527
0.536534
0.5377091
0.5379491
0.5395348
0.5364927
0.5357192
0.5395555
0.5386715
0.5336665
0.5368612
0.5417948
0.542056
0.5387126
0.5388906
0.5429121
0.5417366
0.5372669
0.5371937
0.5396083
0.5337123
0.5291029
0.5352136
0.539251
0.5365758
0.5346797
0.5386881
0.5396191
0.5355453
0.5357411
0.5393307
0.5380871
0.5353358
0.5389089
0.5428894
0.5395382
0.5360161
0.5391301
0.5427802
0.5407051
0.5321227
0.5364081
0.5466948
0.5505203
0.549783
0.543308
0.5399277
0.5391068
0.5389264
0.5379572
0.5327073
0.5265304
0.5280438
0.5349514
0.5376041
0.5330831
0.5348988
0.5405212
0.5415766
0.5378173
0.5348751
0.5391996
0.5426314
0.5398854
0.5342979
0.5374405
0.5419671
0.5399325
0.5359637
0.5343933
0.5377722
0.5343437
0.5271422
0.5316032
0.5378387
0.5369693
0.5328832
0.5326737
0.5361596
0.5333415
0.528996
0.5324945
0.5360176
0.5316358
0.5300008
0.5350704
0.5409432
0.5414798
0.5376346
0.5398956
0.5415055
0.5352647
0.5323124
0.5380254
0.5413888
0.5407773
0.5411617
0.5408229
0.5423941
0.5399668
0.5332158
0.5344439
0.538159
0.538927
0.5355494
0.5319509
0.5352801
0.5395926
0.5367827
0.5327086
0.536646
0.5388125
0.5339914
0.5292088
0.5324366
0.5359478
0.5374563
0.535806
0.530551
0.5317761
0.5340026
0.5306273
0.5255646
0.5280392
0.5314565
0.5294781
0.5275975
0.5308709
0.5324855
0.5285747
0.5288019
0.531033
0.5264084
0.5233116
0.5300016
0.5333303
0.5362999
0.5401643
0.5365856
0.53486
0.5382325
0.534975
0.5295931
0.533857
0.5342882
0.5278404
0.5276966
0.5344998
0.5357137
0.5337358
0.5329394
0.5380042
0.5296339
0.5351992
0.5197489
0.5076575
0.5563536
0.5430946
0.5294127
0.5429542
0.535458
0.5315038
0.5286507
0.5307139
0.5284664
0.5308413
0.5339259
0.5261615
0.5389176
0.5488915
0.530178
0.536684
0.5396207
0.5341913
0.5334966
0.5261089
0.5260604
0.5279778
0.5244042
0.521259
0.5292539
0.5327591
0.5272792
0.5272588
0.5339071
0.5353805
0.5385062
0.5460763
0.5432429
0.5404412
0.5434927
0.5443409
0.5425466
0.5394259
0.5388726
0.5366529
0.5303953
0.5246059
0.5216969
0.5223794
0.5213652
0.522072
0.5213389
0.5190903
0.5242641
0.5271387
0.5238028
0.5224669
0.5268692
0.5273843
0.5239446
0.5263427
0.5294442
0.5294411
0.5263473
0.5250543
0.5268724
0.5236709
0.518587
0.5220582
0.5252691
0.5205683
0.5200342
0.5238193
0.5261765
0.5243903
0.5208586
0.5246675
0.5210191
0.5172852
0.5201021
0.5157542
0.5203317
0.5256618
0.520206
0.518301
0.5239941
0.5252415
0.5198188
0.5196786
0.5265659
0.5298044
0.5272096
0.5259137
0.5272399
0.5230211
0.519826
0.5229992
0.5261759
0.5274478
0.5222449
0.522655
0.5257261
0.5221959
0.5200257
0.5233308
0.5240385
0.525692
0.534313
0.534826
0.5327632
0.5384678
0.5398444
0.5385628
0.5437085
0.5434496
0.5378258
0.5408071
0.546887
0.5400558
0.529621
0.5354155
0.5438238
0.5418396
0.5349825
0.5449742
0.5684976
0.569671
0.5656076
0.5755975
0.569499
0.5566968
0.5597849
0.5627168
0.5534987
0.5442864
0.5516818
0.5582641
0.5536029
0.5451273
0.5472627
0.5594036
0.5641494
0.5604008
0.5604499
0.559605
0.5571724
0.5696212
0.5748198
0.569644
0.5705324
0.5690397
0.5696054
0.5741718
0.5746157
0.5723061
0.5697456
0.5761491
0.5751777
0.5678214
0.56909
0.5699562
0.5844348
0.5835526
0.5623106
0.5698665
0.5735474
0.5691901
0.5773989
0.5726433
0.5650108
0.5651562
0.5668391
0.5658875
0.5687931
0.5647978
0.5617067
0.5621632
0.5518275
0.5567977
0.5727349
0.5652608
0.5532662
0.5702681
0.5748908
0.5654676
0.5673698
0.5698543
0.5852887
0.5882515
0.5800271
0.5739175
0.5692948
0.5868324
0.586113
0.5781802
0.5962745
0.601961
0.5865794
0.5876132
0.6138554
0.6161475
0.6010096
0.6093076
0.6151119
0.6058813
0.5893554
0.6003091
0.5964642
0.6117861
0.6586215
0.624037
0.6053094
0.6086767
0.6168438
0.6480701
0.6543863
0.6455587
0.6510032
0.6664958
0.6641187
0.6533846
0.6498749
0.6748756
0.6847802
0.6587726
0.6550246
0.6701732
0.6588325
0.6493589
0.6516967
0.666926
0.7118523
0.6991097
0.664778
0.7041086
0.7193867
0.7012048
0.7069261
0.6915823
0.7035985
0.7121363
0.6908603
0.718778
0.7375804
0.7372101
0.6801012
0.6904291
0.7540036
0.7121128
0.7103489
0.6958445
0.6988061
0.7158874
0.7107911
0.742662
0.7486311
0.7851635
0.7726089
0.7327344
0.7338019
0.7157588
0.7184241
0.6990682
0.7151845
0.761854
0.744477
0.7428228
0.7483706
0.7622846
0.7666238
0.7711732
0.7716547
0.7475069
0.7521533
0.7505239
0.7554959
0.7768243
0.7888367
0.7829388
0.7893918
0.8106701
0.7926897
0.7923103
0.7969372
0.7579987
0.7716136
0.7970189
0.7574938
0.7504195
0.8140742
0.8271114
0.8155398
0.8056392
0.8024989
0.8368271
0.7972519
0.7576682
0.8168372
0.8335946
0.8130925
0.8513364
0.8224806
0.7960075
0.8390598
0.8206468
0.7947458
0.8094881
0.8216376
0.8215462
0.8097159
0.811499
0.8126251
0.8221911
0.8518348
0.8400282
0.8236234
0.8033127
0.7901506
0.8336581
0.8469923
0.8033413
0.8194394
0.84616
0.8226308
0.8441319
0.8454957
0.7965221
0.7865809
0.8026627
0.8292782
0.8442233
0.8409311
0.8342318
0.8235416
0.8133102
0.8190431
0.8301059
0.8228234
0.8526945
0.8810762
0.8509794
0.7930239
0.7886272
0.8166013
0.8447215
0.858161
0.8434032
0.8463125
0.8172713
0.8037873
0.8158512
0.8378859
0.8401233
0.8112911
0.816029
0.8182133
0.8336024
0.822631
0.7976574
0.826047
0.8539113
0.8434426
0.7974536
0.8053378
0.8758857
0.8908179
0.8198042
0.8078039
0.8324576
0.8192876
0.8401114
0.8420121
0.7950834
0.7907245
0.8131728
0.8053249
0.7888256
0.8008818
0.8377899
0.8150976
0.8437723
0.8620979
0.8123059
0.8333262
0.8266225
0.792444
0.7863427
0.7941288
0.7892952
0.7993034
0.822744
0.8059622
0.7777929
0.7878106
0.8117156
0.8067056
0.7902657
0.7683872
0.8002307
0.8008556
0.7685854
0.7760037
0.795346
0.7950735
0.7933543
0.803839
0.7710662
0.7987431
0.7962639
0.7512372
0.8035367
0.8389017
0.7908539
0.759112
0.8084858
0.815438
0.7656479
0.8024031
0.8418278
0.7892258
0.770273
0.8205355
0.8180918
0.7638081
0.7718744
0.8162794
0.7923529
0.7489597
0.7895992
0.7940179
0.7860581
0.8220697
0.8020058
0.7959604
0.7632594
0.750641
0.8100642
0.8065904
0.7702893
0.7584092
0.7737731
0.8026182
0.815785
0.7894884
0.7861233
0.8341667
0.797108
0.7595664
0.7619771
0.7622541
0.7725783
0.75908
0.7586434
0.7665096
0.7661555
0.7554597
0.7937867
0.7961726
0.7608915
0.806594
0.8239253
0.7789809
0.7810795
0.7910594
0.7819691
0.8135568
0.8012998
0.7833461
0.8069036
0.8073846
0.8352145
0.826308
0.7724207
0.7937964
0.8071384
0.7896745
0.794976
0.7678925
0.7537333
0.7191727
0.7402264
0.8301757
0.7869555
0.7647317
0.7879115
0.7488771
0.7607038
0.7995698
0.7743956
0.7351538
0.7421815
0.7316269
0.730567
0.7830479
0.8026482
0.7691992
0.7556177
0.7594528
0.762381
0.7836793
0.7873039
0.8174696
0.7952236
0.7607973
0.7999497
0.8071668
0.7906847
0.8027083
0.8283349
0.7976263
0.7930781
0.792599
0.796917
0.8232662
0.8100614
0.8413033
0.843238
0.7859706
0.7880904
0.8278191
0.8113372
0.7922293
0.8324698
0.8325962
0.7976334
0.8146217
0.8344199
0.7930845
0.7681418
0.807411
0.8235996
0.7834412
0.7547262
0.80438
0.8199115
0.7810553
0.8157421
0.8437559
0.8225497
0.7888229
0.7804849
0.8236439
0.8192018
0.7646637
0.7485248
0.8030584
0.8371625
0.7937479
0.7764034
0.8071772
0.8020632
0.7983631
0.8566719
0.8583101
0.8283745
0.8091329
0.8081312
0.8194033
0.8017477
0.8205728
0.8336851
0.8622716
0.8605745
0.8272392
0.854326
0.8520039
0.8060609
0.7866784
0.8168097
0.8019527
0.7705367
0.7964367
0.8058121
0.8034049
0.8211168
0.8299439
0.7771638
0.7802372
0.8089612
0.7750058
0.8180473
0.8418707
0.8081346
0.8319344
0.8369203
0.8176547
0.8246872
0.8210039
0.8274297
0.8483617
0.8673853
0.8858037
0.8581426
0.8365521
0.8661582
0.8581617
0.814783
0.810388
0.8456252
0.8355812
0.7983413
0.8210669
0.8401391
0.8116317
0.7970697
0.8291534
0.823656
0.7951003
0.8354141
0.8492793
0.8026397
0.7978606
0.8428983
0.8414333
0.8268501
0.8677208
0.8673547
0.825153
0.8269884
0.8668889
0.8525027
0.821334
0.8602258
0.8891635
0.8547602
0.8326097
0.8938211
0.9200555
0.8688973
0.8640377
0.9037308
0.8831359
0.8462807
0.873016
0.8639025
0.8205659
0.8395445
0.8516159
0.8475164
0.8397694
0.8214334
0.8456605
0.8378649
0.8407359
0.8950995
0.8897622
0.8541833
0.8748044
0.8750577
0.8649907
0.8694996
0.8709665
0.906796
0.9089293
0.9151785
0.9124416
0.8887232
0.8673608
0.8354407
0.8574515
0.870735
0.8427184
0.8606825
0.899073
0.8868254
0.8664144
0.8888716
0.8850702
0.851886
0.8549888
0.8799973
0.8829895
0.889625
0.9432136
0.9344138
0.8693001
0.8612755
0.9052305
0.9168726
0.9135689
0.9228808
0.9180338
0.9085541
0.8921196
