1.052
1.055
1.053
1.062
1.063
1.051
1.056
1.054
1.044
1.054
1.068
1.089
1.013
1.027
1.026
1.031
1.038
1.045
1.049
1.05
1.028
1.038
1.039
1.06
1.045
1.055
1.068
1.059
1.063
1.058
1.066
1.054
1.024
1.022
1.029
1.051
0.99
0.923
0.951
0.99
1.013
1.022
1.048
1.069
1.063
1.062
1.076
1.057
1.068
1.075
1.075
1.064
1.072
1.081
1.009
1.002
0.986
1.041
1.074
1.081
1.107
1.081
1.028
1.028
1.016
1.014
1
0.955
0.964
0.993
1.033
1.05
1.054
0.9480419
0.9610331
1.035432
0.9718941
0.983
1.001
0.9717444
1.03764
0.9839999
0.973
1.031
1.068
1.066
1.083
0.9064371
1.071
1.076
0.9284296
0.937815
1.08
1.077
1.071
1.005104
0.96799
0.9689938
0.9560801
1.027
1.019
1.029
1.04
1.029
1.039
1.041
1.035
1.038
1.043
1.055
1.052
1.065
1.058
1.048
1.05
1.058
1.046
1.04
1.042
1.036
1.053
1.052
1.048
1.034
1.037
0.9143424
1.012595
0.9579746
1.014
0.8535355
0.965501
0.9157392
0.8903594
0.9258051
0.8914668
0.9036521
0.9077049
0.8626988
0.877
0.872
0.878
0.909
0.909
0.88
0.883
0.94
0.984
1.012
1.025
1.048
0.9655807
0.9366881
1.049
1.022
1.021
1.03
1.04
1.032
1.032
1.036
1.041
0.8829414
0.9838068
0.9491731
0.9190081
0.9693296
0.9688469
0.9667095
0.989
0.9616258
0.9562214
0.9305703
0.9205729
0.917715
0.9047671
0.925538
0.906
0.908
0.945
0.972
0.997
0.998
1.011
1.04
1.033
1.011
0.8837232
0.998
0.959
0.971
0.998
0.999
1.016
1.033
1.052
1.053
1.041
1.06
1.042
1.017
1.019
1.039
1.015
1.025
1.034
1.018
1.014
1.016
1.004
0.996
0.997
0.984
0.971
0.947
0.924
0.914
0.922
0.929
0.935
0.946
0.95
0.92
0.928
0.929
0.928
0.943
0.945
0.921
1.046146
0.969
0.89
0.862
0.838
0.848
0.873
0.914
0.96
0.99
1.024
1.033
1.04
1.035
1.011
0.996
1.013
1.01
0.995
0.984
0.96
0.929
0.907
0.876
0.882
0.899
0.918
0.945
0.958
0.952
0.973
0.979
0.97
0.963
0.958
0.943
0.95
0.954
0.9989139
0.987
0.9
0.903
0.908
0.913
0.946
0.964
0.95
1
1.057
1.055
1.047
1.009
0.946
0.942
0.967
0.998
1.016
1.041
0.865
0.8910242
0.9211043
0.918215
0.9704767
0.9338707
0.984
0.9473726
0.9351059
0.9340601
0.9929937
0.992
1.002
0.994
0.989
0.991
0.996
0.985
0.965
0.953
0.942
0.9186808
0.966
0.913
0.907
0.9889076
0.8590903
0.9481053
0.92
0.969
0.994
1.019
1.044
1.039
1.013
1.01
1.012
0.998
0.993
1.006
1.021
1.035
1.039
1.038
1.037
1.03
1.007
0.995
0.958
0.965
0.959
0.934
0.957
0.971
0.977
0.974
0.987
0.979
0.962
0.957
0.948
0.943
0.942
0.921
0.924
0.925
0.936
0.92
0.942
0.931
0.94
0.923
0.925
0.9251431
0.9297124
0.9373002
0.87
0.897
0.916
0.903
0.898
0.884
0.894
0.892
0.9062211
0.9139411
0.8856688
0.879
0.877
0.873
0.885
0.894
0.899
0.898
0.89
0.889
0.869
0.846
0.861
0.861
0.887
0.922
0.95
0.973
0.8886991
0.9469859
0.9535255
0.945
0.966
0.985
0.995
1.002
1.012
0.981
0.933
0.954
0.974
0.992
1.011
1.038
1.049
1.039
1.055
1.055
1.042
1.061
1.073
1.012
1.016
1.011
1.026
1.064
1.062
0.9571014
0.9942554
1.042245
0.9357416
0.8596164
0.9995053
0.9276033
0.9287169
1.07
1.001081
0.9459248
0.9064492
0.9653052
0.9515781
1.061
1.052
1.025
1.042
1.054
0.9549019
0.9703586
0.9380098
1.011
1.062
1.066
1.076
1.074
0.9773574
0.9403492
1.073
1.032
0.988
0.992
0.993
1.003
1.014
1.02
1.029
1.038
1.03
1.017
0.972
0.965
0.963
0.968
0.966
0.975
0.99
0.986
0.971
0.973
0.986
0.993
1.022
1.042
1.049
0.9404201
1.041
0.9703852
0.9413782
1.038
1.03
0.9057301
0.9665558
0.9586994
0.9385392
0.944
0.953
0.975
0.997
1.031
0.9149928
0.8764701
0.9580632
0.8733374
0.9884334
0.9585672
0.8817692
0.8460706
0.8569117
0.8951244
0.8713821
0.996
0.994
0.959
0.923
0.88
0.848
0.8485597
0.820417
0.808
0.794
0.798
0.81
0.811
0.838
0.843
0.851
0.851
0.864
0.878
0.879
0.879
0.88
0.881
0.881
0.871
0.855
0.812
0.799
0.778
0.768
0.762
0.75
0.752
0.746
0.749
0.748
0.75
0.7885308
0.789
0.745
0.725
0.718
0.711
0.709
0.715
0.71
0.709
0.706
0.708
0.708
0.7
0.697
0.7
0.695
0.696
0.691
0.692
0.69
0.688
0.687
0.664
0.685
0.68
0.679
0.676
0.678
0.674
0.675
0.673
0.671
0.669
0.666
0.665
0.661
0.6636083
0.744
0.65
0.639
0.639
0.639
0.639
0.64
0.644
0.642
0.646
0.656
0.655
0.661
0.659
0.667
0.666
0.674
0.666
0.669
0.664
0.663
0.656
0.656
0.651
0.65
0.65
0.651
0.647
0.647
0.643
0.645
0.638
0.635
0.635
0.632
0.63
0.627
0.629
0.625
0.625
0.628
0.626
0.617
0.623
0.631
0.627
0.5630433
0.738
0.6152139
0.657
0.624
0.619
0.612
0.607
0.615
0.594
0.608
0.591
0.603
0.599
0.6
0.599
0.604
0.604
0.596
0.619
0.614
0.617
0.607
0.615
0.626
0.622
0.625
0.628
0.63
0.633
0.632
0.629
0.632
0.631
0.632
0.631
0.631
0.629
0.536
0.72
0.63
0.625
0.625
0.624
0.62
0.62
0.622
0.621
0.621
0.62
0.616
0.615
0.615
0.611
0.604
0.601
0.59
0.594
0.598
0.596
0.598
0.597
0.597
0.599
0.596
0.605
0.596
0.604
0.605
0.606
0.607
0.603
0.608
0.605
0.606
0.602
0.603
0.601
0.601
0.6
0.588
0.588
0.591
0.608
0.6
0.603
0.591
0.597
0.604
0.6
0.598
0.587
0.601
0.588
0.598
0.589
0.587
0.576
0.588
0.583
0.579
0.579
0.6407436
0.5776626
0.595
0.571
0.575
0.577
0.576
0.574
0.572
0.577
0.575
0.576
0.574
0.577
0.577
0.58
0.576
0.491
0.673
0.575
0.58
0.58
0.581
0.581
0.581
0.58
0.58
0.579
0.58
0.578
0.581
0.584
0.584
0.583
0.583
0.586
0.586
0.588
0.579
0.58
0.575
0.577
0.584
0.579
0.582
0.58
0.588
0.589
0.595
0.599
0.599
0.605
0.607
0.606
0.604
0.611
0.606
0.612
0.607
0.611
0.608
0.611
0.607
0.607
0.605
0.603
0.602
0.602
0.602
0.602
0.599
0.598
0.601
0.599
0.598
0.599
0.596
0.6
0.6
0.6
0.603
0.602
0.598
0.599
0.6
0.597
0.597
0.598
0.599
0.599
0.596
0.595
0.595
0.601
0.597
0.597
0.598
0.601
0.604
0.598
0.603
0.609
0.608
0.603
0.602
0.605
0.608
0.608
0.602
0.606
0.607
0.605
0.607
0.602
0.606
0.604
0.601
0.599
0.596
0.596
0.596
0.593
0.593
0.593
0.596
0.599
0.6
0.599
0.609
0.607
0.61
0.61
0.614
0.615
0.613
0.606
0.603
0.597
0.591
0.593
0.592
0.595
0.593
0.595
0.596
0.6
0.604
0.606
0.602
0.6
0.618
0.633
0.633
0.637
0.635
0.636
0.634
0.626
0.627
0.623
0.622
0.621
0.614
0.613
0.608
0.604
0.603
0.605
0.605
0.601
0.603
0.605
0.606
0.607
0.603
0.608
0.616
0.614
0.61
0.618
0.623
0.613
0.617
0.626
0.623
0.616
0.618
0.62
0.612
0.602
0.6
0.593
0.595
0.593
0.601
0.595
0.594
0.605
0.608
0.605
0.605
0.606
0.604
0.601
0.601
0.601
0.602
0.597
0.601
0.604
0.604
0.599
0.597
0.597
0.594
0.587
0.583
0.6354208
0.583
0.576
0.58
0.58
0.583
0.584
0.589
0.594
0.597
0.596
0.6
0.605
0.603
0.601
0.606
0.605
0.602
0.6
0.601
0.6
0.598
0.596
0.594
0.591
0.594
0.587
0.587
0.589
0.589
0.586
0.588
0.588
0.59
0.59
0.588
0.586
0.589
0.589
0.586
0.581
0.58
0.577
0.576
0.583
0.588
0.589
0.5399057
0.593
0.599
0.602
0.599
0.602
0.605
0.604
0.601
0.598
0.597
0.597
0.599
0.599
0.599
0.6
0.603
0.6
0.604
0.606
0.615
0.616
0.613
0.613
0.605
0.608
0.61
0.606
0.601
0.602
0.602
0.6
0.605
0.598
0.597
0.605
0.599
0.597
0.598
0.599
0.596
0.6
0.593
0.595
0.599
0.598
0.601
0.602
0.595
0.602
0.6003686
0.612
0.592
0.586
0.589
0.613
0.618
0.617
0.617
0.616
0.611
0.606
0.508
0.686
0.601
0.596
0.593
0.592
0.593
0.591
0.588
0.589
0.593
0.595
0.589
0.592
0.594
0.597
0.595
0.592
0.597
0.598
0.595
0.595
0.591
0.589
0.587
0.517
0.637
0.576
0.6273997
0.6183234
0.6102079
0.5789059
0.72
0.56
0.562
0.563
0.563
0.563
0.56
0.575
0.579
0.583
0.583
0.586
0.588
0.591
0.59
0.588
0.587
0.591
0.586
0.584
0.5756977
0.688
0.59
0.584
0.584
0.583
0.583
0.579
0.582
0.584
0.585
0.583
0.587
0.588
0.59
0.592
0.598
0.602
0.603
0.605
0.608
0.614
0.616
0.618
0.617
0.623
0.625
0.625
0.628
0.636
0.636
0.634
0.631
0.601429
0.676
0.628
0.632
0.633
0.633
0.617
0.622
0.626
0.626
0.627
0.626
0.619
0.621
0.624
0.629
0.628
0.629
0.629
0.626
0.625
0.626
0.633
0.637
0.64
0.647
0.649
0.66
0.663
0.666
0.669
0.656
0.659
0.725
0.733
0.725
0.717
0.704
0.698
0.699
0.69
0.681
0.679
0.669
0.637
0.632
0.635
0.639
0.651
0.674
0.683
0.697
0.717
0.728
0.733
0.743
0.744
0.725
0.736
0.727
0.736
0.739
0.747
0.776
0.761589
0.789
0.783
0.791
0.783
0.802
0.81
0.806
0.7284924
0.748972
0.760091
0.8497399
0.742
0.755
0.747
0.75
0.743
0.738
0.726
0.749
0.728
0.766
0.776
0.797
0.827
0.86
0.857
0.874
0.829
0.789
0.787
0.791
0.792
0.827
0.833
0.852
0.854
0.866
0.878
0.881
0.884
0.897
0.898
0.891
0.899
0.875
0.823
0.816
0.833
0.816
0.88
0.901
0.919
0.924
0.922
0.905
0.902
0.899
0.905
0.903
0.909
0.905
0.912
0.914
0.905
0.905
0.906
0.916
0.933
0.925
0.872
0.839
0.844
0.833
0.875
0.872
0.877
0.879
0.866
0.847
0.839
0.823
0.816
0.81
0.81
0.787
0.797
0.796
0.817
0.819
0.843
0.854
0.855
0.853
0.855
0.859
0.864
0.87
0.857
0.856
0.865
0.864
0.843
0.88
0.894
0.915
0.911
0.881
0.895
0.889
0.888
0.883
0.887
0.875
0.867
0.875
0.889
0.89
0.867
0.849
0.826
0.797
0.777
0.752
0.749
0.739
0.758
0.8386453
0.8764458
0.870266
0.8269417
0.8648753
0.9291321
0.8877798
0.870962
0.748
0.781
0.782
0.803
0.824
0.826
0.827
0.808
0.815
0.832
0.835
0.85
0.847
0.843
0.864
0.873
0.873
0.869
0.856
0.842
0.842
0.842
0.851
0.85
0.851
0.841
0.837
0.835
0.846
0.853
0.85
0.86
0.838
0.834
0.791
0.787
0.787
0.791
0.843
0.866
0.911
0.949
0.93
0.956
0.986
0.8833057
1.015
0.923
0.906
0.888
0.874
0.905
0.905
0.937
0.942
0.924
0.916
0.937
0.937
0.938
0.94
0.939
0.8266201
0.933
0.881
0.897
0.889
0.903
0.884
0.861
0.9
0.945
0.985
1.012
1.029
0.9674706
0.997
0.939
0.905
0.860464
0.9536203
0.861
0.849
0.853
0.865
0.886
1.005945
0.953
0.9
0.898
0.918
0.93
0.956
0.984
0.97
0.8692795
0.9600778
0.9199717
0.912
0.959
0.969
0.97
0.98
0.999
0.995
0.8684017
1.034
0.937
0.927
0.921
0.94
0.928
0.944
0.894
0.882
0.871
0.862
0.871
0.888
0.922
0.955
0.95
0.957
0.953
0.955
0.925
0.919
0.915
0.926
0.904
0.939
0.965
0.993
1
1.003
0.8814475
1.025
0.941
0.92
0.888
0.877
0.874
0.9
0.934
0.961
0.968
0.959
0.942
0.933
0.922
0.924
0.892
0.876
0.8825912
0.898
0.853
0.858
0.861
0.875
0.886
0.903
0.886
0.897
0.891
0.888
0.861
0.878
0.881
0.879
0.875
0.899
0.902
0.916
0.902
0.901
0.893
0.89
0.863
0.885
0.878
0.853
0.874
0.897
0.906
0.936
0.925
0.964
0.961
0.9309897
0.953
0.874
0.83
0.8916981
0.9821488
0.832
0.868
0.926
0.973
0.979
0.997
1.016
1.018
1.013
1
0.964
0.944
0.943
0.952
0.962
