0.8853852
0.8689418
0.8502567
0.8346953
0.8339227
0.8413219
0.8517536
0.8588151
0.8577592
0.8622523
0.8678531
0.8696386
0.8719222
0.8723176
0.8757647
0.8690837
0.8698546
0.882456
0.8851918
0.8758896
0.8849698
0.8919491
0.8661373
0.8854772
0.8920248
0.8712408
0.8933257
0.8967958
0.8780749
0.8781953
0.8956648
0.8995197
0.9010504
0.8990015
0.8935918
0.901188
0.8978812
0.8917517
0.8723014
0.8772719
0.8942413
0.8724208
0.886062
0.903431
0.8915788
0.8894365
0.8640996
0.8539699
0.8690141
0.8536213
0.850519
0.8652663
0.8642882
0.8687295
0.8743805
0.8693855
0.8760829
0.8846457
0.8813766
0.8741872
0.8728687
0.8855537
0.8868182
0.8777153
0.8810659
0.8874759
0.8828133
0.8722773
0.8750355
0.8776349
0.8684506
0.8673134
0.8815451
0.891103
0.8834297
0.8894871
0.9023103
0.8969752
0.8861608
0.8813355
0.882836
0.8750076
0.8772075
0.894132
0.8903417
0.8861414
0.8991974
0.8834198
0.8612926
0.8769512
0.8720699
0.8631704
0.8709171
0.864917
0.8663642
0.8677844
0.8694248
0.8761075
0.8823094
0.8960718
0.8938606
0.8855646
0.8959863
0.9042333
0.8980206
0.8883616
0.8882658
0.8936896
0.8882032
0.8739818
0.8732582
0.8713799
0.8566224
0.854734
0.8640975
0.8618447
0.8535783
0.8583781
0.8603689
0.8506476
0.8570368
0.8654976
0.8605528
0.8676703
0.8784983
0.8747995
0.8775875
0.8822202
0.8769239
0.8786762
0.8897028
0.8953503
0.8815427
0.8820787
0.8934432
0.8871732
0.8846008
0.8860497
0.8805681
0.8691918
0.868138
0.8709391
0.8628322
0.8744824
0.8929196
0.8882377
0.8847288
0.893613
0.9019918
0.8981088
0.890385
0.8965918
0.900152
0.8840258
0.8834366
0.8965473
0.8882037
0.8811851
0.8867552
0.885594
0.8851306
0.8974996
0.9053982
0.8936274
0.8835229
0.8912045
0.8934995
0.8779083
0.8694355
0.8802578
0.8776289
0.8643613
0.8707205
0.8794477
0.8738744
0.8655087
0.8749927
0.8789192
0.8709087
0.880077
0.8855468
0.884099
0.8922706
0.9048221
0.9025168
0.8956643
0.9014934
0.8972896
0.8884364
0.8876937
0.8849666
0.8801528
0.884718
0.8849541
0.8798053
0.8844716
0.8803208
0.8736174
0.8786873
0.8773294
0.8744984
0.8795009
0.8755552
0.8691265
0.8755484
0.8772817
0.8676929
0.8684217
0.8695006
0.8638685
0.8666507
0.8732312
0.8698336
0.8705343
0.8800259
0.8703951
0.8668236
0.8796935
0.8749275
0.8716037
0.8778784
0.8690444
0.864484
0.8734117
0.8749082
0.8734612
0.8800139
0.8909765
0.8897458
0.895242
0.9063641
0.8901431
0.8833444
0.8839498
0.8657732
0.8704343
0.8956691
0.8903427
0.8637443
0.8568737
0.8762826
0.8877194
0.8836405
0.8979398
0.9069182
0.8916658
0.8857343
0.8854631
0.8752945
0.8749892
0.8758503
0.8717908
0.8843194
0.8875934
0.8792695
0.8898651
0.8932378
0.8877208
0.8935147
0.8891806
0.8739766
0.8790018
0.889609
0.8829582
0.8876747
0.8938461
0.8906435
0.8935073
0.8873942
0.8839904
0.8918099
0.8926533
0.8972832
0.8984105
0.8932299
0.9015557
0.9006882
0.8900348
0.9004685
0.908807
0.9090642
0.9168604
0.9152186
0.9137172
0.9179526
0.9156917
0.9114553
0.9163629
0.9140573
0.9003151
0.9064063
0.9095624
0.8900788
0.8914855
0.9007832
0.8830995
0.870561
0.8756382
0.8789793
0.8768228
0.882167
0.8923544
0.8920124
0.8893787
0.8962316
0.8919864
0.8777397
0.8814276
0.8832031
0.876244
0.8849643
0.8927263
0.8871779
0.9009584
0.9171609
0.9091652
0.9037849
0.9094289
0.9120367
0.9088901
0.9185333
0.9213194
0.9114968
0.9173409
0.9216603
0.9107283
0.9032474
0.9080765
0.8969111
0.8805532
0.8863181
0.8917785
0.8825771
0.876385
0.8762973
0.8919473
0.9120128
0.9092471
0.8930871
0.8729063
0.8809848
0.8913672
0.8844549
0.8956328
0.9073348
0.899651
0.8901739
0.8899814
0.8820458
0.8750233
0.8902572
0.908813
0.9024903
0.9085093
0.9144867
0.9032453
0.9077799
0.8987616
0.8905125
0.891632
0.8868287
0.8799983
0.8763993
0.8723639
0.8722065
0.8691874
0.8669613
0.894051
0.8871345
0.8617052
0.8632497
0.8675647
0.8740838
0.8688036
0.8683592
0.8634655
0.8676598
0.8711205
0.8687186
0.8653584
0.8554551
0.8782604
0.8713354
0.8520932
0.8606682
0.8793834
0.8824213
0.8668046
0.863242
0.8753675
0.8701969
0.8580732
0.864782
0.8430114
0.8306827
0.8279918
0.8228505
0.8376659
0.8345687
0.8353004
0.8558953
0.8540242
0.855399
0.8538715
0.833122
0.8406379
0.8449197
0.8329945
0.8300382
0.8034805
0.7824682
0.8157787
0.8293365
0.7958649
0.7879486
0.8083949
0.8250604
0.8256874
0.8187681
0.8084138
0.7995631
0.7971384
0.7907407
0.7866206
0.7864332
0.7921347
0.7938796
0.7916907
0.7953572
0.7963083
0.7936446
0.7903343
0.787765
0.7851285
0.7807992
0.7762499
0.770583
0.7645449
0.7594241
0.7501707
0.7367999
0.7187338
0.7108024
0.7048727
0.7073385
0.722564
0.7213622
0.7264446
0.7262154
0.7243099
0.724432
0.7184078
0.721922
0.7146088
0.7169574
0.7211484
0.7163328
0.6964017
0.6795412
0.7074949
0.7123369
0.7025915
0.6931361
0.6900263
0.695099
0.6658176
0.6734128
0.7020294
0.7030924
0.6920925
0.6711616
0.6579569
0.6607532
0.6659079
0.6613804
0.6540916
0.64827
0.6533571
0.6413387
0.6359159
0.6344606
0.6213252
0.644765
0.6363824
0.6038737
0.6026027
0.6031086
0.6020109
0.6019825
0.6009143
0.6013473
0.599109
0.5963832
0.5964159
0.5923527
0.5900664
0.5908373
0.5900997
0.585562
0.584101
0.5877784
0.5846205
0.5798056
0.5792141
0.575429
0.5741975
0.577673
0.5725486
0.5672068
0.5698845
0.5686067
0.5657337
0.5674058
0.5650271
0.5614093
0.5637874
0.5615261
0.5591481
0.5628159
0.5594807
0.5562318
0.5586545
0.553678
0.5523776
0.5560967
0.550439
0.5484081
0.5501422
0.5490043
0.5467291
0.5445473
0.54439
0.5413705
0.5389302
0.5390382
0.5400933
0.540731
0.5380995
0.536141
0.5380241
0.5397995
0.5391175
0.5379099
0.535987
0.5363581
0.5373636
0.5345068
0.5316195
0.536024
0.5313768
0.5250444
0.5330478
0.5341291
0.5279247
0.5321192
0.5255431
0.512972
0.5285783
0.5272022
0.5215677
0.5290468
0.5195461
0.5154294
0.5194547
0.5225646
0.5253856
0.5242461
0.5197699
0.5163228
0.5192584
0.5232745
0.5193548
0.5160844
0.5169087
0.5170232
0.5181519
0.5186012
0.5130077
0.5107338
0.5130044
0.5130191
0.5107122
0.5085744
0.5105761
0.5100015
0.5083022
0.5074876
0.5067286
0.5083014
0.5062902
0.5018632
0.5025202
0.506441
0.5061534
0.5007075
0.5010418
0.5034252
0.4994348
0.500208
0.501169
0.4991381
0.4987257
0.49954
0.5001753
0.4955544
0.4973985
0.4985786
0.4938171
0.4943458
0.4944461
0.4936693
0.4943713
0.4922947
0.4911361
0.4938409
0.4905491
0.4870379
0.4889475
0.4888558
0.4882909
0.488661
0.489429
0.4882785
0.4858826
0.4873658
0.4872131
0.4872254
0.4873477
0.4836789
0.4836821
0.4884611
0.49006
0.4891546
0.49203
0.489181
0.4844044
0.4867635
0.4879441
0.4860205
0.4862412
0.4898553
0.4907623
0.48826
0.4868309
0.4861581
0.4858963
0.4849801
0.4819167
0.4836979
0.4879481
0.4846041
0.4841487
0.4852644
0.4818435
0.4813585
0.4803884
0.4810356
0.4815237
0.4819059
0.4793549
0.4819249
0.4830038
0.4759398
0.4840887
0.4873687
0.4822915
0.4815008
0.4829426
0.4846411
0.4857085
0.4880795
0.4867408
0.4854431
0.4866358
0.4872211
0.4868175
0.4849939
0.4843155
0.4866982
0.4870766
0.4837585
0.4837566
0.4859613
0.4849851
0.4874298
0.4879524
0.4853337
0.4856948
0.4863028
0.4855566
0.4823211
0.4821217
0.4836142
0.4845961
0.4829122
0.4793849
0.4819625
0.4847079
0.4842876
0.4814631
0.4788036
0.4792584
0.4807936
0.4821338
0.4806396
0.4785211
0.4785443
0.4783693
0.4765427
0.4778793
0.4808737
0.4788427
0.4763972
0.4766476
0.4751198
0.4752922
0.4752758
0.4717899
0.4725978
0.4740864
0.4718345
0.4703228
0.4729576
0.4746639
0.4734012
0.4703443
0.4679837
0.4679321
0.4693022
0.4715569
0.4724391
0.4724756
0.4715032
0.4716346
0.470046
0.4704877
0.4721024
0.4710231
0.4731946
0.4733777
0.4718716
0.4709396
0.4691596
0.47002
0.470791
0.4680245
0.4696205
0.4673234
0.4769964
0.4788397
0.460118
0.4699179
0.4744948
0.4712686
0.4713133
0.4721931
0.4744455
0.4758235
0.4775466
0.4692288
0.4728602
0.4737628
0.469018
0.4709009
0.472109
0.4705936
0.4731317
0.4750808
0.4710784
0.4711974
0.4715515
0.4727933
0.4749595
0.4739527
0.4731575
0.4716581
0.4705698
0.4702873
0.4687198
0.4706414
0.4719307
0.4690579
0.4681622
0.4698951
0.468743
0.4653861
0.4681287
0.4691778
0.4671958
0.4676923
0.4673289
0.4688488
0.4699268
0.467978
0.4661276
0.4670607
0.4677224
0.4662715
0.4658424
0.4683541
0.4681642
0.4661219
0.4680066
0.4698618
0.472335
0.472192
0.4700723
0.4721014
0.475913
0.4734054
0.4702028
0.4716833
0.4712259
0.4708762
0.469962
0.4703356
0.4725623
0.4722742
0.4696417
0.4686115
0.4715547
0.4720171
0.4690488
0.4692163
0.4717706
0.4697606
0.4677031
0.4703274
0.4714875
0.4738215
0.4747177
0.4712862
0.472165
0.4671694
0.4642263
0.4745927
0.4707949
0.4679144
0.471007
0.4673602
0.4699289
0.4694616
0.465812
0.4652392
0.4658327
0.4649384
0.4643196
0.4656255
0.464134
0.4653973
0.4660018
0.4643622
0.4655749
0.4664526
0.4675424
0.4662067
0.4661828
0.4664595
0.4657994
0.4649185
0.4632841
0.4637333
0.4642571
0.463631
0.463537
0.4643955
0.4634852
0.4637591
0.4639922
0.463142
0.4638927
0.4651232
0.4635666
0.4617121
0.4633812
0.4644636
0.4634728
0.4614857
0.4629167
0.4636022
0.4627126
0.4642264
0.4636097
0.4658564
0.4665092
0.4637668
0.4620673
0.462303
0.4623018
0.4598329
0.4603474
0.4615443
0.4614251
0.460523
0.4595182
0.4595501
0.4615939
0.4598636
0.4576253
0.4592987
0.4607542
0.4599547
0.4582396
0.459925
0.4619457
0.4597371
0.4564682
0.4600497
0.463409
0.4627033
0.4655607
0.4647926
0.462716
0.4652636
0.4655142
0.4634651
0.46269
0.4633012
0.4625654
0.4626551
0.4631691
0.4629268
0.46413
0.4636339
0.4614209
0.4629157
0.4636695
0.4625472
0.4623318
0.4617505
0.4600488
0.4614829
0.4629935
0.460061
0.4602097
0.4594206
0.4612228
0.4620287
0.4593521
0.459573
0.4605855
0.4612157
0.4586453
0.4587793
0.4621364
0.4615293
0.4607911
0.4609872
0.4623586
0.4643623
0.4636277
0.461204
0.4601041
0.4560491
0.4610564
0.4773094
0.4717806
0.4649968
0.4660534
0.462399
0.4636684
0.4641846
0.4627571
0.4612978
0.4618607
0.4641645
0.4623785
0.4611358
0.4626398
0.4624005
0.4637241
0.4640454
0.4663998
0.4703204
0.4739262
0.4756261
0.4756442
0.4684691
0.460463
0.4604144
0.4696443
0.4859759
0.5013623
0.4928867
0.4695773
0.4639047
0.4788203
0.4922262
0.4659113
0.4649253
0.4855392
0.4733301
0.4714512
0.458806
0.4535073
0.472154
0.4589462
0.4754051
0.4862286
0.4581523
0.4727496
0.4641991
0.4564072
0.4934545
0.4996045
0.4929888
0.4897774
0.4819714
0.4832377
0.480087
0.4731931
0.4743798
0.4761039
0.4740091
0.4729916
0.4708936
0.4703894
0.4692618
0.4669635
0.4637105
0.4491023
0.4495607
0.466198
0.464636
0.4613478
0.4620944
0.4590647
0.4579817
0.4592166
0.4583648
0.4569996
0.4578723
0.4559619
0.4575759
0.4577325
0.4534953
0.4559873
0.4563
0.4530349
0.4552038
0.4564612
0.4556561
0.454153
0.4542018
0.4555842
0.453236
0.4520685
0.4539488
0.456058
0.4534356
0.4522193
0.4544944
0.4545584
0.4543612
0.4547848
0.4561708
0.4556749
0.4566328
0.4558787
0.4556672
0.4558262
0.4545266
0.4553443
0.4546224
0.4533532
0.4527404
0.4532884
0.4525465
0.4527146
0.453041
0.4520659
0.453032
0.4527369
0.4525004
0.4533801
0.4525599
0.4525898
0.4533362
0.4525791
0.4525862
0.4522077
0.4531364
0.4545731
0.4512107
0.4513782
0.4520904
0.4523983
0.455397
0.4566201
0.4561879
0.4549152
0.4540216
0.4541494
0.4558451
0.4548794
0.453335
0.4547647
0.4561288
0.4524448
0.4512438
0.4567787
0.455477
0.4531602
0.4557173
0.4550667
0.456354
0.4549402
0.4549118
0.4563957
0.4527557
0.4535622
0.4540904
0.4519781
0.4521997
0.4537643
0.4530289
0.4544003
0.4539815
0.4491732
0.4514165
0.4540333
0.4520291
0.4498948
0.4504671
0.4556587
0.4534324
0.4492723
0.4517206
0.4509463
0.4515302
0.4404525
0.4367228
0.4551326
0.4517084
0.4574541
0.4706629
0.4617628
0.4476856
0.4389653
0.4557284
0.4599626
0.4493678
0.4579914
0.4521669
0.4416302
0.4452197
0.4509827
0.4519214
0.4520528
0.4555688
0.4527189
0.4578879
0.4409505
0.4398339
0.4512671
0.4590098
0.477167
0.4577124
0.4507145
0.4520576
0.4534709
0.4617767
0.4567894
0.4487882
0.4488594
0.4596066
0.4562974
0.453045
0.4569008
0.4558629
0.453022
0.4513692
0.4542911
0.4603603
0.4516852
0.4554222
0.4731166
0.4588127
0.4522495
0.4484844
0.4469273
0.4617515
0.455309
0.4492018
0.4638085
0.4692426
0.4524123
0.4464401
0.4561588
0.4562287
0.4515032
0.4461097
0.4446976
0.4468739
0.4473781
0.4484275
0.4464471
0.4469395
0.4510567
0.4515663
0.4495434
0.4529165
0.4510728
0.46232
0.484696
0.4757539
0.4655006
0.4578211
0.4727008
0.4955416
0.4751094
0.460896
0.4650361
0.4712508
0.4707538
0.4691218
0.4691811
0.4695484
0.4730532
0.475202
0.4786836
0.4768721
0.4778688
0.4805704
0.4829572
0.4877714
0.4868997
0.4864766
0.4883943
0.4891075
0.4934881
0.5000696
0.499308
0.497169
0.4998645
0.5042841
0.5051971
0.5041107
0.5036474
0.5069971
0.514832
0.513356
0.511406
0.5132305
0.5140242
0.5191817
0.5201724
0.5181561
0.5165598
0.5225223
0.529503
0.5252898
0.5231346
0.5270857
0.5340076
0.5341872
0.5312935
0.5326773
0.5377402
0.5372567
0.5345072
0.5350796
0.535296
0.5408968
0.5413689
0.5401912
0.5415125
0.5405417
0.5438564
0.5478132
0.5470152
0.5439132
0.5456716
0.5511347
0.5470511
0.5449749
0.5441288
0.5460607
0.5521933
0.5485172
0.5481183
0.5505445
0.5527717
0.5537839
0.5512905
0.5564422
0.5596163
0.5533261
0.5522858
0.5566755
0.5580442
0.5558611
0.5576532
0.5587601
0.5575857
0.5616182
0.5561778
0.5577684
0.5637488
0.5563181
0.5608812
0.5648576
0.5638807
0.5600831
0.564858
0.573622
0.5650698
0.5685038
0.5741569
0.5690459
0.5670836
0.5669835
0.5736654
0.5784896
0.5744161
0.5763081
0.5768223
0.5826034
0.5901582
0.582471
0.5838577
0.5881168
0.5873813
0.5860585
0.5822379
0.5840615
0.5923183
0.5879713
0.5893428
0.5994551
0.5889488
0.5924845
0.6020496
0.5959254
0.5878988
0.5825609
0.5791867
0.5839218
0.5968329
0.603783
0.594933
0.595327
0.6062439
0.6031406
0.60803
0.598246
0.5884799
0.6056364
0.6177107
0.6165443
0.6129436
0.6174213
0.6166608
0.606237
0.6059337
0.6159892
0.6149127
0.6075184
0.6101041
0.6144604
0.6078135
0.6064728
0.6175521
0.6205721
0.6098532
0.6098531
0.6239263
0.6282668
0.626942
0.6202865
0.6190581
0.6287504
0.6339689
0.6337363
0.6268567
0.62509
0.6341011
0.6370699
0.6307819
0.6344136
0.647376
0.6497125
0.6455084
0.6468569
0.6544354
0.6589485
0.6480393
0.6425445
0.6536213
0.6585655
0.6498003
0.6374559
0.6420791
0.6552928
0.6560168
0.6488395
0.6468522
0.6555883
0.6616936
0.659107
0.6526878
0.6532549
0.6649805
0.6667311
0.6540318
0.6523707
0.6647043
0.668298
0.6560246
0.6469953
0.6536395
0.660778
0.654375
0.6451769
0.6508401
0.6605724
0.6599186
0.6484486
0.6450348
0.6559999
0.6591393
0.667246
0.6619543
0.6412146
0.6396399
0.6374397
0.6466896
0.6606818
0.6570906
0.6463862
0.641781
0.6526896
0.6526879
0.6395475
0.6362569
0.6452338
0.6565193
0.6531841
0.6434353
0.6473921
0.6596576
0.6656281
0.6587273
0.654164
0.6622836
0.672489
0.6682092
0.6574036
0.6626815
0.6738558
0.6711405
0.6577346
0.657814
0.6710236
0.6718293
0.6599821
0.6560413
0.6653322
0.6709013
0.6612593
0.6504578
0.6476714
0.6519448
0.6631733
0.6669185
0.6609658
0.6574021
0.6598664
0.657338
0.6454717
0.6482664
0.6599321
0.6607211
0.652695
0.6460329
0.6571122
0.6632177
0.6649956
0.662321
0.6436764
0.6410135
0.6505887
0.6608854
0.6784029
0.6807021
0.669799
0.6687391
0.6766723
0.6905433
0.6874503
0.6733993
0.6743331
0.6860755
0.6963621
0.6904949
0.6801784
0.6869526
0.7006469
0.6991497
0.6936288
0.693122
0.6797712
0.6663255
0.6704306
0.6793181
0.689019
0.6941627
0.6907524
0.6839771
0.676186
0.6865695
0.6821077
0.6704561
0.6925419
0.6943158
0.679025
0.680393
0.6878297
0.6859657
0.679783
0.6734528
0.6706878
0.6782633
0.6824253
0.6723869
0.6673263
0.6865211
0.6910871
0.6863193
0.6901858
0.6842771
0.6737751
0.6743412
0.6856799
0.688388
0.6792987
0.6789359
0.6889221
0.6891944
0.6818891
0.6795518
0.684809
0.6864483
0.6804927
0.68016
0.686938
0.688403
0.6802394
0.6777134
0.6865315
0.6929728
0.6883555
0.6810304
0.6847498
0.6929423
0.6924486
0.6843586
0.6824912
0.6896074
0.6884171
0.6797713
0.6799744
0.6870001
0.6850811
0.6783273
0.6824081
0.691372
0.6908461
0.6831822
0.6881198
0.6947577
0.691612
0.6919459
0.6872448
0.6780947
0.6729931
0.6768666
0.6869269
0.6861339
0.6836241
0.6895035
0.6875409
0.675333
0.6694621
0.6771771
0.682982
0.675451
0.6759655
0.694523
0.7017974
0.6920893
0.6920441
0.7029821
0.706174
0.6996435
0.6969435
0.7023225
0.6950789
0.6863644
0.6860825
0.6798414
0.6877261
0.6890096
0.6779517
0.6849982
0.6864625
0.6802682
0.6907629
0.6967277
0.6893759
0.6892874
0.6979759
0.6955918
0.6883249
0.6963754
0.6993929
0.689473
0.6875002
0.696707
0.69828
0.6918926
0.6926936
0.700455
0.6983554
0.6924304
0.699115
0.7041672
0.6984093
0.693057
0.697512
0.7019132
0.6966402
0.6940943
0.7023071
0.7046744
0.6973174
0.6986032
0.7083717
0.7075335
0.7009552
0.7068756
0.7122342
0.704247
0.7018635
0.713507
0.715057
0.7062898
0.7074069
0.7134125
0.708629
0.6954423
0.69593
0.702321
0.6994503
0.699038
0.6973377
0.6863008
0.6750366
0.674789
0.6844293
0.6865595
0.6895415
0.7024001
0.697817
0.679518
0.675673
0.6777624
0.6831503
0.6934562
0.6894236
0.6879688
0.6911258
0.6970744
0.7071624
0.6986356
0.6906204
0.6954831
0.7026574
0.7102457
0.7066728
0.695619
0.6996856
0.7096304
0.7111657
0.6963074
0.6800743
0.6825154
0.6904777
0.7018937
0.7081949
0.7013262
0.6851725
0.6771917
0.6851241
0.7003278
0.7040033
0.6942476
0.6990371
0.7126049
0.711169
0.702269
0.7033463
0.7140552
0.717809
0.7078826
0.7040715
0.7100031
0.7159209
0.711012
0.7015772
0.7074496
0.7191376
0.7145577
0.7041295
0.7087746
0.720018
0.7155286
0.7019671
0.7064412
0.7201224
0.7220758
0.7113918
0.7023097
0.7052589
0.7048141
0.6917842
0.6786014
0.6750274
0.6847472
0.6989517
0.6988378
0.689387
0.6916219
0.7022559
0.7005652
0.6907567
0.6943346
0.7075964
0.7047746
0.6917805
0.6954204
0.7083604
0.7062722
0.6940225
0.6973248
0.7092369
0.7156173
0.7114107
0.694187
0.6917795
0.7093647
0.7107845
0.7008697
0.6960097
0.7000505
0.7161638
0.7203642
0.7128735
0.7171289
0.7230439
0.7220543
0.7197038
0.7320943
0.7317646
0.715146
0.7336274
0.7420237
0.7346616
0.7355211
0.7329322
0.7261744
0.7108105
0.7030024
0.7063639
0.7080979
0.7015678
0.6980886
0.6998034
0.7023974
0.7088043
0.7093781
0.7227954
