0.625
0.616
0.622
0.624
0.625
0.618
0.633
0.629
0.63
0.635
0.642
0.66
0.65
0.649
0.656
0.663
0.661
0.651
0.666
0.674
0.683
0.67
0.672
0.683
0.688
0.687
0.683
0.701
0.702
0.686
0.684
0.689
0.691
0.671
0.696
0.692
0.683
0.675
0.674
0.671
0.688
0.703
0.687
0.7
0.704
0.696
0.687
0.684
0.676
0.672
0.675
0.687
0.696
0.71
0.695
0.693
0.705
0.708
0.69
0.699
0.713
0.704
0.678
0.668
0.687
0.695
0.693
0.676
0.702
0.703
0.697
0.698
0.706
0.711
0.725
0.726
0.711
0.695
0.705
0.705
0.724
0.739
0.742
0.72
0.739
0.746
0.753
0.759
0.757
0.727
0.709
0.718
0.723
0.724
0.717
0.731
0.736
0.734
0.723
0.73
0.741
0.754
0.739
0.708
0.716
0.704
0.713
0.703
0.703
0.715
0.713
0.703
0.718
0.725
0.73
0.722
0.71
0.725
0.728
0.747
0.761
0.753
0.733
0.71
0.723
0.727
0.739
0.749
0.747
0.738
0.705
0.719
0.706
0.713
0.702
0.694
0.705
0.73
0.741
0.744
0.753
0.732
0.721
0.734
0.727
0.742
0.756
0.743
0.755
0.772
0.762
0.764
0.75
0.737
0.738
0.723
0.721
0.707
0.709
0.716
0.741
0.75
0.771
0.751
0.737
0.745
0.752
0.758
0.744
0.758
0.75
0.73
0.717
0.733
0.741
0.729
0.723
0.743
0.755
0.764
0.769
0.757
0.732
0.719
0.725
0.734
0.719
0.742
0.743
0.728
0.73
0.744
0.731
0.721
0.738
0.759
0.79
0.785
0.784
0.778
0.753
0.758
0.749
0.744
0.741
0.747
0.729
0.734
0.735
0.74
0.741
0.743
0.732
0.712
0.715
0.719
0.725
0.747
0.746
0.75
0.726
0.705
0.721
0.717
0.728
0.724
0.725
0.744
0.743
0.759
0.751
0.733
0.737
0.748
0.751
0.744
0.745
0.737
0.717
0.71
0.722
0.73
0.743
0.741
0.749
0.724
0.712
0.713
0.721
0.723
0.736
0.732
0.716
0.706
0.722
0.718
0.737
0.721
0.725
0.735
0.746
0.739
0.746
0.731
0.724
0.7338596
0.7337767
0.7336928
0.758
0.74
0.742
0.75
0.762
0.752
0.74
0.766
0.771
0.778
0.75
0.742
0.745
0.753
0.738
0.746
0.734
0.715
0.72
0.725
0.742
0.758
0.767
0.739
0.743
0.729
0.708
0.722
0.73
0.736
0.761
0.762
0.739
0.738
0.752
0.753
0.771
0.764
0.74
0.708
0.702
0.724
0.732
0.75
0.749
0.73
0.744
0.723
0.699
0.689
0.701
0.708
0.723
0.735
0.731
0.72
0.735
0.742
0.75
0.76
0.761
0.728
0.738
0.715
0.698
0.704
0.708
0.733
0.763
0.766
0.783
0.766
0.737
0.718
0.736
0.744
0.753
0.749
0.733
0.741
0.762
0.764
0.749
0.735
0.75
0.746
0.729
0.712
0.719
0.715
0.723
0.712
0.712
0.725
0.738
0.747
0.758
0.742
0.74
0.724
0.702
0.705
0.685
0.7321336
0.7321881
0.672
0.673
0.679
0.696
0.721
0.762
0.789
0.775
0.773
0.739
0.715
0.73
0.734
0.739
0.729
0.719
0.749
0.744
0.755
0.76
0.745
0.731
0.747
0.75
0.738
0.742
0.734
0.71
0.708
0.713
0.733
0.751
0.741
0.746
0.737
0.727
0.735
0.737
0.719
0.729
0.733
0.72
0.715
0.727
0.727
0.748
0.737
0.747
0.751
0.739
0.744
0.735
0.752
0.737
0.719
0.743
0.73
0.725
0.738
0.742
0.748
0.739
0.723
0.726
0.727
0.718
0.717
0.682
0.709
0.716
0.731
0.73
0.725
0.735
0.748
0.749
0.729
0.727
0.716
0.691
0.692
0.693
0.703
0.731
0.753
0.761
0.75
0.736
0.705
0.722
0.728
0.737
0.75
0.756
0.729
0.745
0.742
0.745
0.756
0.746
0.745
0.728
0.715
0.728
0.733
0.745
0.752
0.754
0.749
0.731
0.713
0.729
0.736
0.751
0.765
0.765
0.746
0.724
0.732
0.742
0.754
0.748
0.739
0.748
0.744
0.764
0.762
0.742
0.722
0.747
0.744
0.737
0.739
0.758
0.764
0.784
0.7267807
0.779
0.764
0.739
0.73
0.731
0.73
0.746
0.75
0.739
0.731
0.736
0.743
0.749
0.743
0.724
0.739
0.736
0.738
0.741
0.743
0.736
0.716
0.725
0.729
0.735
0.737
0.725
0.741
0.728
0.736
0.719
0.713
0.688
0.69901
0.664
0.64
0.656
0.697
0.713
0.719
0.73
0.736
0.733
0.723
0.71
0.7
0.69
0.679
0.669
0.66
0.65
0.649
0.643
0.642
0.638
0.643
0.659
0.695
0.665407
0.6639345
0.725
0.714
0.6595656
0.6581318
0.714
0.715
0.681
0.694
0.695
0.675
0.67
0.67
0.663
0.642
0.654
0.631
0.611
0.625
0.606
0.611
0.613
0.62
0.609
0.628
0.607
0.62
0.618
0.622
0.621
0.627
0.626
0.61
0.616
0.621
0.607
0.606
0.61
0.609
0.6
0.597
0.605
0.604
0.595
0.59
0.592
0.591
0.588
0.58
0.577
0.575
0.571
0.579
0.575
0.564
0.582
0.58
0.574
0.575
0.58
0.576
0.57
0.575
0.579
0.5811101
0.5801098
0.5791487
0.561
0.573
0.579
0.574
0.568
0.57
0.575
0.573
0.563
0.566
0.57
0.57
0.563
0.568
0.573
0.568
0.566
0.567
0.573
0.573
0.564
0.563
0.569
0.561
0.561
0.569
0.563
0.557
0.561
0.565
0.562
0.558
0.563
0.556
0.552
0.559
0.555
0.556
0.556
0.561
0.561
0.555
0.566
0.565
0.555
0.563
0.562
0.553
0.558
0.559
0.547
0.55
0.555
0.55
0.545
0.55
0.545
0.543
0.542
0.548
0.526
0.561
0.547
0.55
0.549
0.541
0.547
0.547
0.554
0.54
0.543
0.548
0.544
0.54
0.537
0.544
0.541
0.535
0.541
0.541
0.538
0.537
0.541
0.541
0.532
0.538
0.536
0.534
0.536
0.541
0.536
0.532
0.537
0.54
0.543
0.536
0.538
0.544
0.541
0.538
0.538
0.539
0.536
0.534
0.539
0.536
0.526
0.536
0.532
0.53
0.53
0.533
0.527
0.528
0.529
0.532
0.53
0.53
0.534
0.535
0.536
0.533
0.541
0.537
0.535
0.539
0.538
0.538
0.533
0.536
0.529
0.532
0.532
0.537
0.534
0.535
0.534
0.537
0.54
0.538
0.541
0.536
0.534
0.532
0.538
0.535
0.53
0.534
0.534
0.538
0.532
0.537
0.536
0.541
0.537
0.539
0.54
0.535
0.535
0.54
0.538
0.537
0.539
0.543
0.539
0.541
0.546
0.544
0.554
0.559
0.555
0.541
0.543
0.53
0.533
0.526
0.526
0.529
0.53
0.528
0.524
0.534
0.529
0.535
0.533
0.538
0.536
0.532
0.536
0.533
0.541
0.538
0.54
0.54
0.532
0.536
0.535
0.535
0.533
0.539
0.535
0.5392645
0.5393102
0.543
0.546
0.539
0.539
0.54
0.543
0.537
0.541
0.538
0.544
0.542
0.539
0.54
0.544
0.541
0.543
0.54
0.541
0.541
0.545
0.549
0.541
0.543
0.54
0.548
0.543
0.546
0.543
0.546
0.541
0.547
0.544
0.55
0.547
0.551
0.547
0.548
0.544
0.553
0.55
0.549
0.549
0.5428039
0.5428441
0.55
0.545
0.546
0.538
0.537
0.539
0.543
0.546
0.543
0.548
0.546
0.56
0.559
0.558
0.568
0.562
0.556
0.554
0.55
0.548
0.544
0.544
0.549
0.541
0.539
0.539
0.537
0.535
0.538
0.536
0.538
0.537
0.538
0.539
0.535
0.535
0.538
0.534
0.537
0.538
0.539
0.538
0.536
0.54
0.541
0.541
0.542
0.542
0.547
0.538
0.541
0.54
0.543
0.539
0.537
0.541
0.538
0.536
0.538
0.541
0.541
0.541
0.541
0.542
0.549
0.546
0.549
0.543
0.552
0.549
0.55
0.548
0.55
0.541
0.542
0.536
0.543
0.54
0.542
0.541
0.539
0.538
0.541
0.5430226
0.5429801
0.538
0.538
0.537
0.541
0.541
0.543
0.541
0.553
0.547
0.551
0.55
0.554
0.553
0.55
0.556
0.546
0.554
0.549
0.546
0.547
0.547
0.549
0.541
0.545
0.54
0.54
0.541
0.539
0.54
0.539
0.54
0.541
0.547
0.541
0.55
0.551
0.551
0.546
0.549
0.545
0.546
0.541
0.545
0.545
0.541
0.543
0.545
0.545
0.539
0.545
0.541
0.539
0.539
0.542
0.546
0.539
0.541
0.543
0.542
0.539
0.541
0.544
0.537
0.53
0.525
0.531
0.527
0.527
0.528
0.534
0.531
0.539
0.538
0.538
0.537
0.542
0.533
0.54
0.533
0.539
0.537
0.541
0.5407999
0.540797
0.547
0.542
0.54
0.542
0.544
0.544
0.544
0.548
0.544
0.547
0.545
0.545
0.542
0.5407825
0.5407832
0.546
0.537
0.534
0.529
0.531
0.53
0.533
0.529
0.532
0.536
0.533
0.544
0.542
0.548
0.545
0.552
0.547
0.552
0.546
0.557
0.542
0.542
0.542
0.542
0.538
0.541
0.536
0.541
0.536
0.534
0.537
0.533
0.539
0.538
0.541
0.545
0.536
0.538
0.541
0.539
0.54
0.54
0.541
0.537
0.54
0.535
0.544
0.542
0.549
0.545
0.552
0.548
0.55
0.543
0.547
0.547
0.542
0.542
0.541
0.54
0.541
0.538
0.54
0.539
0.544
0.541
0.544
0.54
0.543
0.539
0.537
0.538
0.538
0.534
0.539
0.54
0.541
0.538
0.542
0.537
0.539
0.537
0.541
0.536
0.544
0.542
0.545
0.551
0.543
0.542
0.543
0.542
0.541
0.541
0.546
0.541
0.546
0.549
0.55
0.547
0.552
0.551
0.556
0.551
0.55
0.547
0.546
0.54
0.542
0.539
0.544
0.541
0.545
0.544
0.55
0.542
0.548
0.544
0.548
0.544
0.545
0.547
0.552
0.542
0.547
0.545
0.547
0.541
0.546
0.545
0.54
0.541
0.541
0.54
0.539
0.539
0.542
0.541
0.544
0.539
0.545
0.541
0.545
0.538
0.546
0.544
0.541
0.538
0.538
0.534
0.537
0.534
0.54
0.538
0.541
0.54
0.548
0.549
0.545
0.543
0.543
0.546
0.54
0.542
0.541
0.541
0.537
0.544
0.538
0.537
0.534
0.537
0.535
0.542
0.536
0.539
0.538
0.542
0.54
0.539
0.54
0.543
0.554
0.545
0.541
0.552
0.5770054
0.5778964
0.571
0.575
0.581
0.588
0.578
0.577
0.578
0.576
0.571
0.572
0.581
0.578
0.578
0.575
0.576
0.58
0.582
0.585
0.587
0.586
0.589
0.587
0.589
0.601
0.606
0.6
0.605
0.615
0.603
0.609
0.61
0.615
0.614
0.603
0.613
0.629
0.637
0.625
0.633
0.625
0.616
0.613
0.614
0.619
0.616
0.614
0.612
0.615
0.62
0.648
0.664
0.666
0.666
0.678
0.665
0.654
0.651
0.654
0.653
0.648
0.655
0.666
0.673
0.666
0.667
0.673
0.679
0.669
0.655
0.661
0.662
0.662
0.658
0.673
0.68
0.675
0.666
0.671
0.669
0.664
0.654
0.654
0.646
0.633
0.621
0.627
0.625
0.631
0.638
0.651
0.664
0.644
0.656
0.655
0.665
0.651
0.665
0.669
0.66
0.671
0.672
0.67
0.658
0.654
0.655
0.662
0.673
0.674
0.677
0.686
0.687
0.682
0.675
0.686
0.688
0.686
0.674
0.678
0.671
0.676
0.671
0.668
0.679
0.689
0.684
0.673
0.692
0.692
0.697
0.698
0.686
0.694
0.681
0.664
0.631
0.624
0.63
0.63
0.638
0.646
0.659
0.672
0.667
0.667
0.666
0.68
0.681
0.679
0.672
0.691
0.708
0.71
0.7
0.695
0.706
0.712
0.705
0.694
0.702
0.705
0.713
0.706
0.688
0.681
0.685
0.691
0.704
0.712
0.707
0.697
0.681
0.666
0.659
0.675
0.689
0.707
0.701
0.675
0.656
0.655
0.667
0.677
0.693
0.698
0.697
0.708
0.716
0.72
0.723
0.703
0.686
0.677
0.657
0.64
0.6941084
0.648
0.681
0.721
0.751
0.6947138
0.6948271
0.756
0.74
0.738
0.722
0.72
0.717
0.706
0.695
0.673
0.671
0.663
0.678
0.687
0.668
0.647
0.6964323
0.6965249
0.6966137
0.6966986
0.641
0.69
0.699
0.727
0.708
0.694
0.663
0.651
0.639
0.6973449
0.6973899
0.6974315
0.649
0.671
0.708
0.742
0.76
0.6976101
0.755
0.6976435
0.6976555
0.758
0.752
0.748
0.747
0.722
0.708
0.718
0.697641
0.6976259
0.6976079
0.716
0.688
0.709
0.698
0.692
0.716
0.721
0.71
0.696
0.692
0.667
0.66
0.662
0.669
0.68
0.67
0.672
0.694
0.693
0.704
0.687
0.696
0.693
0.692
0.708
0.687
0.7
0.692
0.693
0.716
0.708
0.703
0.697
0.701
0.704
0.695
0.682
0.684
0.686
0.681
0.673
0.653
0.64
0.647
0.661
0.676
0.685
0.679
0.695
0.697
0.7
0.708
0.697
0.68
0.697
0.7
0.732
0.741
0.739
0.6922294
0.6920574
0.6918817
0.723
0.752
