0.847
0.824
0.805
0.803
0.809
0.807
0.817
0.811
0.815
0.838
0.841
0.857
0.862
0.879
0.881
0.879
0.883
0.88
0.869
0.871
0.865
0.855
0.852
0.851
0.846
0.834
0.834
0.832
0.825
0.83
0.838
0.85
0.872
0.876
0.872
0.861
0.853
0.838
0.857
0.864
0.868
0.874
0.88
0.886
0.88
0.872
0.885
0.887
0.895
0.907
0.915
0.919
0.917
0.915
0.902
0.909
0.91
0.918
0.923
0.927
0.931
0.939
0.931
0.928
0.92
0.914
0.909
0.897
0.896
0.889
0.888
0.895
0.9
0.909
0.916
0.925
0.919
0.928
0.922
0.931
0.926
0.915
0.919
0.887
0.867
0.833
0.8922187
0.838
0.846
0.858
0.873
0.869
0.879
0.886
0.891
0.896
0.911
0.922
0.918
0.916
0.898
0.891
0.896
0.901
0.901
0.894
0.884
0.866
0.854
0.84
0.85
0.852
0.869
0.861
0.866
0.867
0.866
0.865
0.873
0.88
0.881
0.878
0.861
0.858
0.859
0.861
0.862
0.872
0.875
0.889
0.898
0.899
0.903
0.912
0.918
0.926
0.922
0.927
0.922
0.92
0.917
0.917
0.916
0.921
0.923
0.925
0.937
0.942
0.945
0.949
0.945
0.944
0.945
0.946
0.948
0.951
0.956
0.957
0.96
0.937
0.927
0.917
0.901
0.894
0.878
0.888
0.891
0.898
0.897
0.898
0.895
0.885
0.876
0.883
0.881
0.892
0.89
0.901
0.907
0.916
0.925
0.923
0.927
0.919
0.916
0.906
0.898
0.903
0.895
0.894
0.889
0.898
0.899
0.904
0.898
0.905
0.902
0.909
0.896
0.904
0.906
0.908
0.905
0.891
0.881
0.866
0.861
0.857
0.851
0.86
0.856
0.853
0.848
0.854
0.861
0.868
0.875
0.88
0.894
0.894
0.897
0.891
0.894
0.89
0.886
0.884
0.886
0.888
0.884
0.882
0.879
0.877
0.878
0.874
0.875
0.874
0.881
0.887
0.896
0.902
0.915
0.917
0.921
0.919
0.915
0.914
0.914
0.912
0.912
0.904
0.897
0.894
0.889
0.886
0.888
0.893
0.895
0.898
0.897
0.907
0.908
0.912
0.899
0.9
0.9
0.894
0.886
0.885
0.875
0.869
0.872
0.862
0.861
0.862
0.863
0.86
0.858
0.867
0.867
0.869
0.874
0.871
0.879
0.884
0.885
0.886
0.892
0.902
0.901
0.899
0.901
0.904
0.906
0.908
0.91
0.912
0.915
0.908
0.908
0.898
0.901
0.898
0.897
0.9
0.891
0.898
0.899
0.896
0.894
0.879
0.883
0.881
0.885
0.88
0.877
0.882
0.877
0.865
0.856
0.834
0.8982504
0.837
0.838
0.855
0.856
0.856
0.871
0.877
0.888
0.894
0.906
0.913
0.924
0.926
0.924
0.927
0.928
0.933
0.938
0.933
0.943
0.945
0.946
0.953
0.938
0.919
0.916
0.905
0.903
0.904
0.902
0.899
0.887
0.87
0.87
0.856
0.835
0.834
0.829
0.833
0.834
0.828
0.833
0.841
0.836
0.831
0.826
0.837
0.842
0.845
0.862
0.861
0.874
0.879
0.888
0.897
0.898
0.893
0.894
0.891
0.897
0.899
0.9
0.895
0.895
0.89
0.885
0.882
0.879
0.875
0.882
0.881
0.883
0.88
0.888
0.893
0.897
0.906
0.8385893
0.8366404
0.8346707
0.8326834
0.8306818
0.8286691
0.8266485
0.8246232
0.8225964
0.8205714
0.8185514
0.8165395
0.8145391
0.8125533
0.8105853
0.8086384
0.8067158
0.8048207
0.8029563
0.8011259
0.7993325
0.7975796
0.857
0.844
0.819
0.807
0.791
0.785
0.78
0.765
0.749
0.734
0.726
0.7775973
0.7756653
0.7736874
0.7716669
0.7696075
0.7675128
0.7653862
0.7632313
0.7610517
0.758851
0.7566326
0.7544002
0.7521573
0.7499074
0.684
0.687
0.688
0.683
0.678
0.678
0.678
0.675
0.675
0.677
0.68
0.68
0.679
0.675
0.675
0.672
0.665
0.661
0.666
0.664
0.663
0.66
0.663
0.663
0.663
0.664
0.662
0.661
0.67
0.67
0.675
0.679
0.677
0.684
0.68
0.68
0.678
0.681
0.68
0.676
0.677
0.677
0.678
0.676
0.679
0.675
0.674
0.674
0.669
0.667
0.669
0.668
0.666
0.665
0.656
0.665
0.665
0.663
0.661
0.668
0.666
0.667
0.666
0.665
0.666
0.664
0.664
0.66
0.658
0.656
0.656
0.651
0.654
0.655
0.654
0.652
0.654
0.655
0.657
0.651
0.652
0.649
0.648
0.651
0.646
0.641
0.644
0.645
0.645
0.645
0.64
0.636
0.64
0.64
0.636
0.635
0.637
0.637
0.638
0.638
0.638
0.64
0.641
0.639
0.635
0.631
0.639
0.637
0.635
0.637
0.638
0.638
0.636
0.634
0.629
0.633
0.632
0.628
0.632
0.635
0.628
0.623
0.629
0.632
0.632
0.638
0.639
0.633
0.633
0.639
0.64
0.635
0.634
0.636
0.633
0.631
0.63
0.626
0.629
0.628
0.624
0.625
0.632
0.631
0.628
0.629
0.631
0.634
0.626
0.626
0.626
0.624
0.62
0.616
0.62
0.622
0.618
0.614
0.612
0.616
0.614
0.614
0.611
0.614
0.613
0.614
0.617
0.606
0.625
0.618
0.619
0.618
0.616
0.619
0.622
0.618
0.616
0.614
0.62
0.62
0.618
0.621
0.623
0.621
0.618
0.616
0.619
0.616
0.616
0.613
0.616
0.616
0.619
0.617
0.615
0.619
0.621
0.625
0.619
0.619
0.617
0.606
0.601
0.603
0.603
0.599
0.593
0.601
0.606
0.605
0.601
0.599
0.603
0.607
0.603
0.603
0.601
0.601
0.603
0.596
0.595
0.595
0.594
0.596
0.593
0.592
0.597
0.599
0.6
0.596
0.595
0.601
0.6
0.6
0.599
0.598
0.604
0.602
0.599
0.596
0.599
0.602
0.599
0.601
0.602
0.606
0.607
0.603
0.602
0.598
0.595
0.607
0.609
0.617
0.617
0.616
0.611
0.613
0.611
0.606
0.604
0.609
0.608
0.607
0.599
0.6
0.6
0.595
0.592
0.59
0.59
0.592
0.588
0.588
0.592
0.592
0.59
0.59
0.591
0.588
0.588
0.59
0.588
0.59
0.585
0.584
0.59
0.592
0.592
0.595
0.597
0.599
0.595
0.592
0.59
0.595
0.594
0.593
0.59
0.594
0.595
0.591
0.588
0.589
0.589
0.591
0.589
0.59
0.589
0.591
0.592
0.589
0.589
0.588
0.59
0.588
0.588
0.588
0.587
0.584
0.584
0.584
0.585
0.585
0.583
0.588
0.59
0.588
0.588
0.589
0.589
0.587
0.583
0.583
0.587
0.586
0.584
0.583
0.585
0.59
0.592
0.59
0.586
0.587
0.59
0.59
0.584
0.583
0.586
0.59
0.587
0.586
0.589
0.588
0.588
0.588
0.591
0.592
0.59
0.592
0.594
0.592
0.588
0.591
0.59
0.589
0.586
0.586
0.586
0.582
0.58
0.581
0.582
0.582
0.581
0.58
0.584
0.588
0.591
0.587
0.587
0.59
0.589
0.587
0.582
0.583
0.585
0.583
0.584
0.582
0.584
0.585
0.585
0.586
0.585
0.586
0.587
0.586
0.589
0.59
0.598
0.595
0.598
0.6
0.596
0.594
0.591
0.593
0.592
0.589
0.59
0.592
0.593
0.594
0.591
0.594
0.592
0.59
0.589
0.588
0.591
0.589
0.588
0.588
0.589
0.586
0.584
0.585
0.586
0.588
0.589
0.589
0.593
0.594
0.594
0.6
0.601
0.606
0.607
0.611
0.613
0.611
0.609
0.607
0.608
0.609
0.606
0.601
0.604
0.603
0.603
0.598
0.6
0.601
0.6
0.598
0.594
0.592
0.595
0.595
0.592
0.591
0.589
0.592
0.592
0.589
0.586
0.584
0.588
0.586
0.585
0.581
0.583
0.586
0.585
0.588
0.588
0.59
0.586
0.582
0.587
0.583
0.582
0.581
0.581
0.583
0.579
0.579
0.579
0.578
0.579
0.577
0.578
0.578
0.578
0.578
0.576
0.572
0.576
0.578
0.58
0.581
0.582
0.585
0.584
0.585
0.584
0.585
0.583
0.586
0.583
0.584
0.588
0.591
0.592
0.586
0.583
0.575
0.583
0.588
0.589
0.59
0.589
0.588
0.59
0.59
0.589
0.591
0.592
0.593
0.59
0.59
0.592
0.589
0.59
0.585
0.586
0.588
0.586
0.583
0.585
0.586
0.586
0.583
0.583
0.583
0.583
0.584
0.584
0.588
0.59
0.591
0.585
0.583
0.583
0.581
0.583
0.58
0.579
0.577
0.577
0.576
0.579
0.58
0.58
0.583
0.579
0.583
0.586
0.58
0.58
0.58
0.583
0.587
0.592
0.594
0.596
0.598
0.6
0.599
0.598
0.598
0.592
0.591
0.596
0.601
0.607
0.613
0.623
0.624
0.625
0.626
0.63
0.633
0.634
0.639
0.637
0.64
0.641
0.641
0.641
0.648
0.651
0.653
0.65
0.646
0.638
0.636
0.639
0.639
0.643
0.647
0.653
0.656
0.655
0.661
0.663
0.665
0.669
0.67
0.675
0.678
0.677
0.685
0.689
0.697
0.702
0.702
0.701
0.699
0.703
0.705
0.714
0.713
0.719
0.724
0.731
0.734
0.729
0.72
0.718
0.709
0.704
0.696
0.687
0.682
0.676
0.669
0.67
0.671
0.676
0.678
0.689
0.69
0.695
0.697
0.695
0.694
0.699
0.698
0.703
0.71
0.72
0.724
0.728
0.728
0.73
0.733
0.739
0.752
0.754
0.746
0.734
0.746
0.74
0.74
0.741
0.743
0.752
0.759
0.758
0.763
0.763
0.761
0.761
0.759
0.765
0.779
0.788
0.796
0.8
0.784
0.779
0.782
0.768
0.762
0.764
0.759
0.763
0.765
0.761
0.76
0.765
0.761
0.764
0.759
0.761
0.763
0.764
0.764
0.763
0.759
0.763
0.764
0.76
0.765
0.77
0.774
0.772
0.766
0.768
0.765
0.77
0.766
0.764
0.768
0.771
0.782
0.783
0.786
0.785
0.791
0.782
0.777
0.779
0.774
0.769
0.765
0.768
0.781
0.778
0.777
0.773
0.76
0.764
0.775
0.784
0.792
0.794
0.792
0.789
0.788
0.798
0.802
0.81
0.816
0.809
0.806
0.804
0.8
0.808
0.815
0.818
0.815
0.816
0.814
0.804
0.818
0.794
0.792
0.784
0.771
0.768
0.754
0.746
0.75
0.751
0.747
0.751
0.748
0.746
0.742
0.731
0.726
0.728
0.737
0.745
0.751
0.771
0.779
0.795
0.796
0.796
0.791
0.801
0.797
0.794
0.791
0.795
0.796
0.808
0.803
0.809
0.808
0.799
0.799
0.797
0.797
0.801
0.798
0.785
0.775
0.763
0.758
0.763
0.77
0.773
0.781
0.772
0.78
0.784
0.796
0.804
0.796
0.796
0.801
0.804
0.807
0.798
0.806
0.803
0.807
0.805
0.81
0.814
0.821
0.826
0.829
0.821
0.803
0.79
0.789
0.786
0.791
0.79
0.793
0.798
0.803
0.794
0.793
0.801
0.801
0.801
0.813
0.823
0.843
0.852
0.853
0.867
0.873
0.876
0.877
0.871
0.861
0.863
0.854
0.843
0.848
0.835
0.833
0.832
0.831
0.836
0.833
0.832
0.835
0.835
0.838
0.835
0.827
0.813
0.814
0.819
0.817
0.814
0.815
0.814
0.817
0.803
0.81
0.82
0.827
0.832
0.835
0.84
0.846
0.849
0.852
0.868
0.873
0.875
0.875
0.881
0.88
0.877
0.872
0.863
0.874
0.883
0.884
0.886
0.891
0.875
