0.699
0.713
0.685
0.672
0.7
0.658
0.649
0.676
0.65
0.648
0.657
0.666
0.666
0.644
0.663
0.673
0.696
0.686
0.683
0.708
0.705
0.703
0.699
0.683
0.692
0.71
0.684
0.664
0.696
0.698
0.67
0.663
0.666
0.678
0.657
0.648
0.647
0.658
0.643
0.658
0.69
0.695
0.68
0.653
0.63
0.653
0.651
0.639
0.613
0.631
0.64
0.628
0.6610856
0.621
0.634
0.625
0.629
0.64
0.655
0.657
0.656
0.632
0.65
0.661
0.635
0.638
0.644
0.643
0.627
0.6620095
0.631
0.641
0.612
0.658
0.654
0.635
0.694
0.694
0.68
0.651
0.71
0.691
0.656
0.692
0.679
0.699
0.711
0.675
0.651
0.691
0.699
0.699
0.683
0.664
0.653
0.646
0.664
0.646
0.633
0.619
0.633
0.65
0.649
0.634
0.633
0.666
0.647
0.649
0.648
0.643
0.645
0.646
0.626
0.631
0.628
0.615
0.6665018
0.643
0.639
0.625
0.616
0.636
0.635
0.62
0.629
0.636
0.6677138
0.616
0.629
0.64
0.638
0.6684027
0.652
0.671
0.644
0.665
0.6691459
0.709
0.71
0.6696144
0.669774
0.6699351
0.6700978
0.6702619
0.6704273
0.699
0.709
0.6709313
0.699
0.691
0.705
0.6716185
0.707
0.7
0.705
0.701
0.667
0.688
0.693
0.7
0.697
0.678
0.67
0.68
0.685
0.672
0.66
0.661
0.662
0.655
0.658
0.634
0.658
0.666
0.666
0.651
0.6760503
0.626
0.631
0.634
0.648
0.647
0.638
0.635
0.639
0.6776112
0.651
0.651
0.651
0.664
0.639
0.6788462
0.6790711
0.6793008
0.646
0.645
0.644
0.6802637
0.6805143
0.651
0.661
0.641
0.68155
0.677
0.71
0.727
0.734
0.704
0.687
0.702
0.674
0.633
0.655
0.673
0.69
0.696
0.679
0.653
0.697
0.702
0.716
0.669
0.656
0.677
0.669
0.67
0.659
0.656
0.666
0.67
0.679
0.693
0.689
0.666
0.647
0.696
0.715
0.687
0.728
0.719
0.675
0.675
0.725
0.693
0.666
0.708
0.674
0.71
0.704
0.688
0.742
0.6936155
0.6937985
0.6939804
0.734
0.6943414
0.6945206
0.729
0.6948763
0.695053
0.739
0.745
0.6955787
0.731
0.707
0.6960989
0.741
0.709
0.747
0.6967858
0.6969566
0.6971271
0.6972974
0.6974675
0.716
0.712
0.729
0.711
0.69
0.747
0.749
0.739
0.738
0.6991663
0.6993369
0.6995077
0.721
0.73
0.746
0.74
0.749
0.75
0.719
0.726
0.741
0.733
0.741
0.728
0.718
0.715
0.689
0.677
0.695
0.688
0.67
0.695
0.656
0.661
0.682
0.703
0.692
0.7047931
0.667
0.687
0.691
0.703
0.667
0.689
0.686
0.683
0.662
0.658
0.7092332
0.7096912
0.7101545
0.7106224
0.7110939
0.7115683
0.7120447
0.7125222
0.7130001
0.7134773
0.7139532
0.7144269
0.7148974
0.7153641
0.7158259
0.7162821
0.7167318
0.7171742
0.7176085
0.7180337
0.7184491
0.7188537
0.7192468
0.7
0.682
0.7203482
0.674
0.698
0.708
0.71
0.681
0.7221247
0.682
0.715
0.765
0.73
0.695
0.766
0.7232732
0.743
0.718
0.75
0.771
0.752
0.76
0.766
0.763
0.755
0.717
0.724
0.741
0.75
0.715
0.683
0.708
0.71
0.688
0.7243705
0.702
0.696
0.681
0.693
0.743
0.759
0.757
0.707
0.719
0.757
0.762
0.776
0.7261929
0.761
0.7264302
0.7265381
0.7266376
0.774
0.755
0.767
0.7269363
0.726982
0.769
0.737
0.707
0.7
0.7269964
0.685
0.676
0.7268043
0.682
0.677
0.7264347
0.7262682
0.68
0.696
0.688
0.678
0.681
0.675
0.704
0.717
0.711
0.698
0.682
0.7222447
0.7217251
0.684
0.733
0.738
0.731
0.697
0.724
0.744
0.714
0.681
0.71
0.719
0.688
0.678
0.694
0.708
0.695
0.689
0.708
0.69
0.7086304
0.7078585
0.675
0.723
0.7054872
0.7046789
0.755
0.7030371
0.702204
0.7013631
0.7005146
0.6996588
0.6987959
0.6979261
0.6970497
0.6961668
0.6952778
0.6943828
0.6934822
0.692576
0.6916647
0.6907483
0.6898271
0.6889014
0.6879714
0.6870374
0.6860994
0.6851579
0.6842131
0.683265
0.6823141
0.6813605
0.6804045
0.6794462
0.678486
0.6775241
0.6765607
0.675596
0.6746302
0.6736637
0.6726716
0.6716301
0.6705407
0.669405
0.6682245
0.6670007
0.6657352
0.68
0.679
0.642
0.641
0.649
0.637
0.628
0.628
0.62
0.605
0.6494982
0.6478514
0.603
0.607
0.63
0.642
0.636
0.614
0.646
0.636
0.621
0.626
0.645
0.642
0.627
0.633
0.61
0.585
0.591
0.576
0.571
0.584
0.58
0.582
0.589
0.601
0.583
0.593
0.586
0.58
0.582
0.583
0.573
0.573
0.577
0.564
0.555
0.559
0.548
0.541
0.541
0.539
0.531
0.527
0.529
0.526
0.523
0.521
0.523
0.57
0.517
0.5671138
0.5656309
0.517
0.516
0.512
0.515
0.516
0.512
0.512
0.509
0.507
0.507
0.511
0.504
0.504
0.508
0.505
0.503
0.502
0.5
0.496
0.494
0.498
0.491
0.492
0.492
0.491
0.489
0.488
0.493
0.487
0.488
0.488
0.492
0.488
0.484
0.488
0.487
0.484
0.488
0.495
0.486
0.485
0.49
0.492
0.485
0.486
0.49
0.485
0.486
0.486
0.485
0.482
0.485
0.483
0.481
0.479
0.478
0.477
0.479
0.475
0.475
0.474
0.477
0.473
0.473
0.473
0.473
0.47
0.468
0.47
0.464
0.463
0.465
0.465
0.46
0.46
0.462
0.46
0.458
0.455
0.459
0.457
0.455
0.455
0.455
0.453
0.453
0.453
0.454
0.451
0.448
0.453
0.452
0.45
0.448
0.452
0.452
0.446
0.448
0.45
0.449
0.446
0.45
0.449
0.448
0.446
0.447
0.443
0.444
0.446
0.443
0.438
0.437
0.44
0.441
0.434
0.435
0.437
0.436
0.43
0.433
0.433
0.434
0.426
0.43
0.432
0.431
0.428
0.432
0.43
0.428
0.429
0.434
0.43
0.429
0.433
0.433
0.428
0.431
0.431
0.433
0.429
0.432
0.432
0.429
0.429
0.432
0.431
0.427
0.428
0.429
0.425
0.425
0.425
0.427
0.423
0.425
0.426
0.423
0.424
0.426
0.424
0.418
0.422
0.424
0.42
0.42
0.422
0.421
0.417
0.418
0.421
0.417
0.416
0.416
0.419
0.417
0.415
0.416
0.416
0.414
0.413
0.417
0.414
0.414
0.414
0.415
0.412
0.412
0.414
0.412
0.41
0.41
0.411
0.413
0.408
0.41
0.412
0.41
0.408
0.408
0.41
0.408
0.404
0.408
0.407
0.403
0.402
0.408
0.404
0.403
0.404
0.405
0.403
0.4
0.404
0.401
0.401
0.4
0.403
0.402
0.399
0.4
0.4
0.398
0.396
0.397
0.399
0.398
0.394
0.395
0.398
0.4
0.397
0.397
0.399
0.397
0.393
0.396
0.397
0.395
0.393
0.394
0.396
0.396
0.392
0.394
0.397
0.395
0.394
0.396
0.396
0.396
0.394
0.395
0.395
0.392
0.392
0.395
0.395
0.391
0.393
0.396
0.393
0.39
0.392
0.394
0.392
0.392
0.395
0.395
0.394
0.39
0.392
0.396
0.393
0.393
0.392
0.393
0.396
0.393
0.395
0.397
0.395
0.395
0.394
0.394
0.396
0.393
0.391
0.393
0.395
0.395
0.393
0.394
0.396
0.393
0.391
0.392
0.396
0.393
0.389
0.391
0.395
0.392
0.391
0.39
0.394
0.392
0.39
0.39
0.392
0.39
0.39
0.39
0.392
0.393
0.39
0.388
0.391
0.39
0.385
0.387
0.388
0.39
0.387
0.386
0.389
0.387
0.384
0.385
0.388
0.385
0.382
0.385
0.386
0.387
0.384
0.386
0.387
0.386
0.383
0.383
0.388
0.384
0.383
0.383
0.386
0.385
0.383
0.384
0.386
0.385
0.382
0.384
0.385
0.386
0.382
0.383
0.385
0.384
0.383
0.382
0.384
0.383
0.383
0.382
0.383
0.383
0.381
0.378
0.38
0.383
0.38
0.379
0.381
0.383
0.379
0.379
0.379
0.381
0.382
0.38
0.38
0.383
0.381
0.379
0.38
0.382
0.381
0.378
0.379
0.381
0.38
0.377
0.377
0.379
0.382
0.381
0.38
0.381
0.383
0.381
0.38
0.38
0.384
0.381
0.381
0.381
0.382
0.383
0.38
0.378
0.38
0.383
0.381
0.378
0.381
0.381
0.382
0.38
0.377
0.38
0.383
0.381
0.377
0.38
0.382
0.377
0.378
0.378
0.381
0.379
0.376
0.378
0.38
0.376
0.377
0.378
0.38
0.377
0.377
0.377
0.38
0.38
0.377
0.378
0.378
0.381
0.38
0.376
0.378
0.38
0.379
0.377
0.378
0.38
0.378
0.377
0.379
0.381
0.379
0.379
0.382
0.382
0.384
0.381
0.38
0.382
0.384
0.381
0.381
0.38
0.384
0.383
0.379
0.382
0.384
0.383
0.383
0.378
0.382
0.383
0.382
0.38
0.378
0.38
0.382
0.382
0.378
0.38
0.382
0.381
0.381
0.381
0.382
0.383
0.381
0.381
0.383
0.383
0.381
0.383
0.383
0.384
0.381
0.382
0.386
0.383
0.383
0.385
0.386
0.387
0.385
0.384
0.386
0.388
0.387
0.388
0.388
0.39
0.393
0.389
0.391
0.392
0.394
0.392
0.391
0.39
0.392
0.388
0.388
0.388
0.39
0.389
0.387
0.385
0.386
0.389
0.384
0.383
0.385
0.387
0.384
0.384
0.383
0.385
0.383
0.382
0.384
0.386
0.385
0.383
0.384
0.386
0.387
0.385
0.384
0.385
0.388
0.385
0.382
0.384
0.387
0.384
0.382
0.383
0.385
0.384
0.381
0.384
0.383
0.385
0.382
0.381
0.383
0.385
0.382
0.382
0.383
0.386
0.385
0.384
0.385
0.388
0.387
0.385
0.388
0.386
0.388
0.387
0.384
0.385
0.387
0.386
0.383
0.385
0.386
0.386
0.385
0.385
0.385
0.388
0.387
0.386
0.389
0.389
0.39
0.389
0.388
0.39
0.388
0.388
0.389
0.39
0.387
0.387
0.388
0.388
0.389
0.388
0.385
0.388
0.389
0.385
0.387
0.389
0.388
0.388
0.387
0.386
0.387
0.39
0.386
0.386
0.387
0.388
0.389
0.386
0.384
0.386
0.389
0.386
0.385
0.388
0.387
0.387
0.383
0.384
0.386
0.388
0.382
0.385
0.385
0.386
0.389
0.383
0.385
0.385
0.386
0.386
0.381
0.384
0.384
0.387
0.382
0.382
0.383
0.383
0.384
0.381
0.381
0.381
0.383
0.38
0.378
0.381
0.381
0.382
0.377
0.378
0.377
0.381
0.378
0.376
0.377
0.379
0.378
0.377
0.374
0.377
0.379
0.377
0.375
0.375
0.376
0.379
0.375
0.375
0.376
0.377
0.379
0.375
0.375
0.376
0.378
0.376
0.373
0.375
0.375
0.377
0.375
0.374
0.375
0.378
0.378
0.374
0.375
0.377
0.379
0.381
0.379
0.382
0.381
0.383
0.379
0.381
0.383
0.384
0.385
0.381
0.382
0.384
0.383
0.381
0.378
0.383
0.383
0.382
0.382
0.382
0.383
0.383
0.381
0.382
0.384
0.385
0.383
0.382
0.383
0.386
0.384
0.384
0.386
0.387
0.387
0.385
0.383
0.385
0.387
0.383
0.382
0.382
0.384
0.386
0.382
0.383
0.383
0.384
0.385
0.382
0.382
0.383
0.384
0.383
0.386
0.387
0.384
0.387
0.387
0.388
0.389
0.392
0.393
0.391
0.386
0.39
0.391
0.387
0.389
0.387
0.388
0.388
0.385
0.386
0.387
0.388
0.386
0.385
0.384
0.388
0.385
0.385
0.384
0.384
0.387
0.381
0.38
0.383
0.386
0.381
0.381
0.381
0.384
0.379
0.379
0.38
0.379
0.381
0.378
0.378
0.38
0.381
0.379
0.375
0.379
0.381
0.38
0.378
0.379
0.378
0.38
0.378
0.378
0.381
0.378
0.378
0.38
0.381
0.381
0.381
0.382
0.382
0.383
0.381
0.38
0.382
0.383
0.38
0.382
0.383
0.383
0.382
0.38
0.385
0.385
0.386
0.385
0.389
0.389
0.39
0.388
0.39
0.388
0.391
0.391
0.388
0.389
0.387
0.386
0.388
0.388
0.397
0.393
0.394
0.393
0.397
0.401
0.399
0.398
0.397
0.403
0.402
0.399
0.402
0.404
0.407
0.408
0.407
0.411
0.414
0.422
0.418
0.416
0.417
0.42
0.425
0.42
0.419
0.42
0.426
0.43
0.425
0.425
0.423
0.429
0.436
0.43
0.428
0.429
0.432
0.438
0.431
0.43
0.432
0.437
0.441
0.432
0.436
0.438
0.445
0.438
0.437
0.442
0.445
0.449
0.442
0.437
0.441
0.444
0.451
0.445
0.443
0.449
0.454
0.458
0.447
0.452
0.453
0.459
0.46
0.453
0.457
0.462
0.464
0.459
0.454
0.459
0.466
0.459
0.455
0.458
0.456
0.459
0.464
0.464
0.458
0.464
0.47
0.461
0.463
0.465
0.474
0.465
0.462
0.467
0.465
0.474
0.478
0.471
0.466
0.475
0.476
0.485
0.483
0.483
0.485
0.488
0.486
0.474
0.474
0.481
0.482
0.471
0.469
0.468
0.472
0.473
0.466
0.462
0.464
0.466
0.473
0.475
0.466
0.473
0.486
0.493
0.483
0.483
0.496
0.506
0.508
0.506
0.496
0.505
0.511
0.509
0.495
0.499
0.5
0.5
0.487
0.489
0.496
0.494
0.484
0.484
0.484
0.494
0.489
0.48
0.482
0.494
0.497
0.5
0.499
0.495
0.486
0.479
0.475
0.473
0.48
0.484
0.479
0.492
0.5
0.513
0.513
0.502
0.518
0.529
0.535
0.529
0.524
0.533
0.541
0.538
0.527
0.522
0.534
0.538
0.538
0.525
0.524
0.533
0.542
0.541
0.534
0.543
0.564
0.572
0.569
0.547
0.565
0.568
0.568
0.557
0.543
0.558
0.556
0.554
0.545
0.55
0.559
0.564
0.555
0.549
0.551
0.553
0.557
0.549
0.536
0.541
0.543
0.541
0.529
0.528
0.534
0.534
0.529
0.526
0.532
0.543
0.544
0.534
0.528
0.533
0.536
0.541
0.544
0.541
0.533
0.545
0.547
0.547
0.543
0.534
0.546
0.551
0.552
0.544
0.53
0.522
0.52
0.529
0.54
0.542
0.545
0.538
0.541
0.553
0.557
0.567
0.566
0.568
0.566
0.576
0.584
0.583
0.583
0.575
0.577
0.583
0.589
0.576
0.564
0.562
0.571
0.573
0.564
0.55
0.557
0.565
0.567
0.564
0.558
0.573
0.575
0.58
0.564
0.57
0.571
0.573
0.575
0.571
0.578
0.591
0.588
0.583
0.58
0.585
0.589
0.587
0.585
0.588
0.593
0.587
0.571
0.56
0.561
0.563
0.563
0.56
0.565
0.575
0.584
0.578
0.574
0.573
0.58
0.582
0.577
0.569
0.574
0.584
0.578
0.573
0.568
0.582
0.584
0.582
0.578
0.579
0.584
0.59
0.581
0.579
0.573
0.578
0.586
0.578
0.568
0.562
0.568
0.568
0.56
0.554
0.557
0.555
0.564
0.565
0.563
0.577
0.591
0.587
0.585
0.585
0.597
0.594
0.59
0.583
0.589
0.596
0.59
0.584
0.583
0.593
0.601
0.592
0.573
0.567
0.573
0.571
0.574
0.575
0.564
0.566
0.568
0.571
0.568
0.566
0.57
0.577
0.575
0.558
0.545
0.545
0.549
0.544
0.544
0.536
0.53
0.526
0.523
0.519
0.5696398
0.5696273
0.5696141
0.5696004
0.569586
0.5695711
0.5695558
0.56954
0.5695239
0.5695075
0.5694909
0.519
0.526
0.539
0.546
0.544
0.542
0.548
0.542
0.549
0.553
0.559
0.56
0.567
0.565
0.559
0.558
0.561
0.562
0.563
0.557
0.546
0.55
0.551
0.549
0.535
0.537
0.539
0.541
0.532
0.534
0.536
0.544
0.54
0.538
0.541
0.53
0.533
0.538
0.545
0.545
0.547
0.54
0.544
0.547
0.555
0.554
0.555
0.566
0.57
0.572
0.568
0.578
0.576
0.571
0.563
0.567
0.571
0.591
0.578
0.587
0.6
0.604
0.596
0.601
0.604
0.613
0.601
0.595
0.606
0.604
0.608
0.596
0.592
0.6
0.594
0.594
0.58
0.578
0.57
0.574
0.57
0.566
0.562
0.567
0.576
0.573
0.567
0.569
0.568
0.569
0.561
0.564
0.568
0.569
0.563
0.567
0.565
0.574
0.567
0.555
0.554
0.554
0.552
0.549
0.545
0.554
0.554
0.546
0.548
0.559
0.562
0.559
0.56
0.564
0.573
0.569
0.567
0.575
0.584
0.584
0.575
