1.004056
1.009148
1.004634
0.968215
0.9643753
0.9577393
0.9332626
1.00488
1.035666
1.005336
1.040585
0.9491148
0.9566358
1.066409
1.069259
1.034056
1.027671
1.031702
1.02365
1.043997
1.044233
1.049017
1.052607
1.059073
1.075275
1.058941
1.041751
1.034618
1.00907
0.9899188
0.9476525
0.9125305
0.9298198
0.9277904
0.9512951
0.972362
1.006344
1.0768
1.073242
1.066366
1.081333
1.09034
1.095592
1.081428
1.070942
1.060716
1.059585
1.055836
1.046111
1.045951
1.049364
1.048913
1.053323
1.075296
1.089238
1.084227
1.079319
1.075221
1.063426
1.054197
1.046323
1.044831
1.041859
1.040636
1.043276
1.043563
1.04804
1.053455
1.059071
1.06437
1.061306
1.060228
1.065957
1.062934
1.06356
1.052737
1.045327
1.046517
1.04763
1.049279
1.055271
1.061169
1.054013
1.059098
1.058155
1.056519
1.05927
1.060813
1.060955
1.056825
1.059068
1.055418
1.051018
1.036476
1.005271
0.9974501
1.008859
0.9895946
0.982206
0.9727781
0.9486902
0.9505846
0.9398022
0.9500289
0.9556541
0.9650622
0.9540675
0.9964366
1.068158
0.989356
0.9928144
0.9959847
0.953384
0.9571416
1.010578
1.042424
0.9851678
1.028902
0.9646241
0.9959417
1.042055
0.9682939
1.024029
0.9633592
0.9558669
0.9758028
0.9474272
0.9674526
0.9362604
0.9542151
0.9309585
0.9682612
1.043527
0.9520853
0.9608853
0.9724343
0.9954574
1.066746
1.034074
1.032375
1.050242
1.060319
1.065614
1.084932
1.081075
1.070174
1.070792
1.058923
1.057461
1.051702
1.051747
1.051804
1.061681
1.067394
1.069108
1.070339
1.066701
1.052103
1.041517
1.046507
1.035812
1.015894
1.006512
1.016083
1.008512
1.012068
1.005258
0.9950584
1.004722
1.00333
1.011643
0.9980746
0.995353
0.9955247
0.9911137
0.9750138
0.9532621
0.9605253
0.9318983
0.9439753
0.9684611
0.9707602
0.9629515
0.9777205
1.033989
0.977386
0.9481259
0.9954471
1.002756
0.9977407
0.9871773
1.030605
1.107105
1.082513
1.05451
1.064477
1.054423
1.054776
1.053895
1.057955
1.055507
1.066444
1.070923
1.065684
1.06633
1.072207
1.071567
1.062801
1.072813
1.06689
1.062577
1.059037
1.045269
1.040361
1.036075
1.039281
1.027815
1.022767
1.022116
1.017593
1.018244
1.018922
1.025538
1.02192
1.026485
1.029999
1.030164
1.025124
1.024002
1.019516
1.004895
1.000805
0.9931138
0.9949756
0.9902383
0.9989696
1.001129
0.9948863
0.9891525
0.9760286
1.001908
0.9778871
0.9599611
0.9813401
0.9754832
0.9764096
1.028052
1.059338
1.010851
1.023405
1.024086
1.012083
1.00977
0.996187
1.009719
1.00662
0.9761519
0.9774275
1.014804
0.9591411
0.9632207
0.9942643
0.9693423
0.9898469
0.9629608
0.9440764
0.9572734
0.945769
0.9509501
0.9351117
0.9310722
0.9468344
0.9320321
0.9450369
0.941106
0.9322289
0.9323905
0.9151533
0.9285356
0.9193982
0.9252507
0.9478707
0.9420001
0.9674341
0.9987531
1.000989
0.9876206
0.9860108
0.9720544
0.9701532
0.9843374
0.9601176
0.9935096
1.022386
1.01264
1.031337
1.012751
1.009813
1.021127
1.022929
1.02952
1.031548
1.034479
1.033033
1.033677
1.031294
1.032068
1.034774
1.030664
1.01464
0.9968714
0.9796777
0.9728696
0.9621724
0.9630025
0.9649395
0.9559668
0.9706213
0.9701989
0.966651
0.9601918
0.9551109
0.9685407
0.9773165
1.01151
1.027771
1.022696
1.025688
1.034547
1.023072
0.9978591
1.040358
1.048832
1.043523
1.05041
1.031984
1.027046
1.025257
1.025673
1.02308
1.027956
1.017377
1.021883
1.040328
1.039416
1.046704
1.007239
0.8917968
0.8421094
0.8578968
0.8383687
0.8585589
0.8639511
0.8192504
0.8215054
0.8393888
0.8186384
0.7961511
0.8098831
0.798423
0.7951334
0.7979553
0.7797344
0.7928883
0.7875352
0.7775524
0.7941679
0.7932619
0.7811222
0.77179
0.7790494
0.7760256
0.7784775
0.7832661
0.7622678
0.7579603
0.7672468
0.7731936
0.7615041
0.7609766
0.7605538
0.7531823
0.7617661
0.7501532
0.7479173
0.7516413
0.7513793
0.7583653
0.7558914
0.7527852
0.7506396
0.7545778
0.7447515
0.7460987
0.7481225
0.7428903
0.745975
0.7558798
0.7517877
0.7508811
0.775103
0.7686773
0.7748751
0.7738052
0.7557179
0.7634889
0.7500669
0.7408179
0.7435636
0.7460248
0.7483751
0.7456939
0.7454998
0.7363625
0.7356665
0.7398161
0.7336077
0.7325078
0.7313731
0.7274519
0.7349263
0.7326681
0.7307761
0.7321213
0.736278
0.7324832
0.7276454
0.7120949
0.7207166
0.7473761
0.7309864
0.7459626
0.7476898
0.7329159
0.7453511
0.7416818
0.7360815
0.7323528
0.749407
0.7512247
0.7442113
0.7552595
0.7528487
0.7589407
0.7552357
0.758303
0.7622513
0.7505412
0.7487091
0.7459419
0.7434346
0.7456919
0.7415008
0.7473684
0.7560607
0.7477111
0.7518338
0.7555817
0.752256
0.7556117
0.7428155
0.7397888
0.7365886
0.7274019
0.7264801
0.7234113
0.7218573
0.7209416
0.7191692
0.7155222
0.7173661
0.7097465
0.7110868
0.7109209
0.7055185
0.7022693
0.6966977
0.6947142
0.6940089
0.6899096
0.6884506
0.6838585
0.6832534
0.6893413
0.6838404
0.6835252
0.6741529
0.673041
0.6762178
0.6694762
0.6706672
0.6688745
0.6654071
0.6701814
0.6685543
0.6655663
0.6689899
0.6657504
0.6669812
0.6705322
0.6784113
0.6755066
0.6692182
0.6731344
0.6764497
0.6811081
0.679693
0.680769
0.6862322
0.6850668
0.6824847
0.6822071
0.6742951
0.6706535
0.6674435
0.6667223
0.6605349
0.6608997
0.6661853
0.6639341
0.6630956
0.6517671
0.6537784
0.6567807
0.6451112
0.6396526
0.6480461
0.6595876
0.6595569
0.6559175
0.6627093
0.6596209
0.6548739
0.6618712
0.656028
0.6590037
0.6586086
0.6510195
0.6578776
0.6574568
0.651639
0.6541439
0.6582414
0.6601414
0.6692353
0.6694506
0.6732409
0.6714818
0.6809845
0.6983827
0.6972989
0.7172391
0.7081593
0.7050754
0.7318411
0.7436648
0.7547515
0.7725397
0.8035667
0.7985183
0.791152
0.7987585
0.7962647
0.7858789
0.7771528
0.7655074
0.7515929
0.7562695
0.7597409
0.7710792
0.7641746
0.7531349
0.747082
0.7373083
0.727274
0.7383751
0.7556249
0.7309488
0.7433968
0.7775491
0.7857672
0.7894363
0.7699115
0.7574906
0.7808888
0.7745974
0.7689885
0.7891458
0.7918806
0.7873232
0.7835565
0.7851272
0.7660043
0.7781671
0.7862286
0.7686711
0.7950699
0.8032677
0.8035602
0.8427147
0.8507221
0.8420838
0.8341888
0.8310396
0.8388936
0.8047381
0.7997048
0.8149984
0.8370075
0.886934
0.9349196
0.9843828
0.9851767
0.9594657
0.9585049
0.9206271
0.9179581
0.9512536
0.8816738
0.8560381
0.8693632
0.8240443
0.8545535
0.8837053
0.9041126
1.023521
1.041094
0.9844567
0.9939773
0.9991273
1.003708
1.008477
1.022294
1.040387
1.05116
1.061218
1.066948
1.060613
1.06048
1.061554
1.041145
1.039096
1.035501
1.015131
1.008709
1.017005
1.018571
1.027645
1.032716
1.020051
1.030637
1.016014
1.002446
1.03943
1.029769
1.014432
1.030704
1.038238
1.057005
1.062332
1.06841
1.074891
1.087451
1.087933
1.077535
1.077043
1.077477
1.089195
1.098923
1.101169
1.099305
1.103902
1.104464
1.106305
1.112372
1.107831
1.095101
1.091982
1.09677
1.079108
1.057609
1.060219
1.035018
1.027627
1.043148
1.034528
1.031372
1.029905
1.038924
1.043811
1.047308
1.038248
1.038142
1.050817
1.053129
1.059336
1.061805
1.067382
1.075723
1.079713
1.079396
1.089607
1.081452
1.082457
1.079183
1.046021
1.040714
1.051219
1.050682
1.062747
1.074826
1.07874
1.071518
1.050798
1.048869
1.043053
1.040354
1.034954
1.033114
1.041944
1.061086
1.059719
1.017123
1.009753
1.029201
1.026506
0.9991868
0.9866846
0.9655305
0.9598924
0.9949848
0.9641813
0.9761704
1.06007
1.106762
1.095262
1.014389
1.00333
1.063468
1.053314
1.055173
1.035017
1.022612
1.027595
1.015383
1.126678
1.134318
1.076807
1.086122
1.08371
1.060234
0.967512
0.9183399
0.9637986
0.9985422
0.9461375
0.9183972
0.936956
0.9791902
1.020574
1.058273
1.150652
1.137256
1.081348
1.086493
1.101732
1.086865
1.053596
1.055676
1.053616
1.062218
1.067609
1.073631
1.074595
1.089669
1.098397
1.065101
1.088374
1.113328
1.089856
1.084915
1.127311
1.164962
1.142409
1.090076
1.055292
1.070631
0.9612811
0.9378803
0.9760478
0.9605362
1.046281
0.9711621
0.8988085
0.9614755
1.010836
1.081055
1.133139
1.063854
1.016465
1.056439
1.117928
1.092531
1.04687
1.052102
1.043461
1.050647
1.043759
1.034595
1.002646
1.020356
1.047655
1.038484
1.008141
0.9603961
0.956719
0.9241116
0.917838
0.9592464
0.9279987
1.017505
1.148357
1.089782
1.026591
1.027839
1.066702
1.083418
1.051306
1.048012
1.067025
1.061329
1.073167
1.06525
1.099817
1.163153
1.122947
1.104222
1.103511
1.097161
1.097916
1.094573
1.097612
1.096797
1.094654
1.082878
1.082829
1.055595
1.016756
1.040501
1.049708
1.050159
1.063315
1.064999
1.065568
1.059124
1.07225
1.085375
1.087878
1.079746
1.060451
1.03802
1.011027
1.049878
1.062637
0.9432448
0.9470543
1.088139
1.055307
1.015513
1.100882
1.073858
1.051942
1.063827
1.045182
1.072682
1.049058
1.055362
1.082407
1.053965
1.078226
1.120483
1.095734
1.101243
1.155976
1.130317
1.114421
1.123476
1.11475
1.119441
1.105389
1.085125
1.109024
1.102629
1.064353
1.090463
1.092141
1.084243
1.077493
1.050649
1.062271
1.070447
1.059855
1.054384
1.087445
1.082739
1.087027
1.150451
1.136951
1.103546
1.099004
1.100034
1.093086
1.092462
1.097597
1.087762
1.085698
1.073804
1.061669
1.056604
1.074553
1.081086
1.099534
1.156962
1.139652
1.121661
1.125309
1.095151
1.09674
1.111791
1.095355
1.098575
1.092516
1.080796
1.059926
0.9778944
0.9175774
0.9307044
1.0516
1.123436
1.078453
0.9743611
0.943728
0.9800408
0.9438092
0.9773452
1.016046
1.008837
1.078653
1.113261
1.072911
1.081034
1.076706
1.119532
1.151035
1.082876
1.065583
1.084815
1.103757
1.062294
0.9915659
0.9887435
1.086573
1.050664
0.9540348
0.99111
0.9484355
1.017012
1.037718
0.917564
0.9143439
0.9822579
1.017714
1.008618
1.072799
1.096518
1.01506
1.026129
1.069043
1.007788
1.042514
1.064878
0.9949902
1.045894
1.095036
1.053456
1.038906
1.003534
0.978073
0.9958892
0.9560631
0.9483777
0.9915507
0.9897757
0.9822957
1.000326
1.01578
0.9975584
0.9567148
0.9450974
0.9766476
1.010892
1.04336
1.07417
1.088542
1.041233
0.9716392
0.9450263
0.956309
0.9438492
0.8940506
0.9021634
0.9095455
0.9156061
0.9234283
0.9080925
0.8968151
0.8774203
0.8896869
0.8731667
0.9062124
0.9550786
0.8861996
0.9125789
0.9211632
0.9545071
0.933482
0.8469613
0.9715798
0.9698914
0.9541543
1.012636
0.9564712
0.9037577
0.9135557
0.8895317
0.8720742
0.9012423
0.8633627
0.859638
0.9123157
0.9255682
0.8915581
0.888593
0.9042185
0.8853257
0.8627401
0.8659135
0.8851263
0.8758235
0.9008511
0.8862954
0.7866856
0.7240388
0.7988465
0.8634003
0.7425969
0.7079795
0.737417
0.7392712
0.7182909
0.6917831
0.7739586
0.7530609
