0.855
0.91
0.862
0.883
0.922
0.91
0.931
0.94
0.928
0.856
0.97
0.878
0.87
0.882
0.883
0.882
0.811
0.951
0.906
0.936
1.002
0.924
1.001
0.986
0.913
0.875
1.005
1.025
1.018
0.917
0.958
0.962
0.969
0.915
0.879
0.87
0.926
0.949
0.837
0.875
0.877
0.841
0.865
0.88
0.86
0.88
0.901
0.924
0.932
0.893
0.919
0.94
0.915
0.914
0.895
0.934
0.947
0.952
0.957
0.941
0.939
0.959
0.958
0.946
0.926
0.942
0.938
0.929
0.898
0.92
0.926
0.909
0.907
0.936
0.937
0.903
0.89
0.915
0.916
0.889
0.891
0.918
0.926
0.927
0.905
0.923
0.936
0.936
0.906
0.914
0.929
0.934
0.915
0.921
0.948
0.957
0.954
0.921
0.92
0.948
0.951
0.945
0.929
0.935
0.951
0.951
0.916
0.919
0.933
0.941
0.903
0.903
0.927
0.929
0.906
0.897
0.914
0.921
0.903
0.895
0.919
0.933
0.909
0.916
0.933
0.949
0.947
0.917
0.934
0.959
0.96
0.918
0.929
0.948
0.959
0.933
0.923
0.946
0.935
0.9
0.896
0.91
0.916
0.917
0.898
0.917
0.919
0.891
0.894
0.917
0.923
0.904
0.897
0.919
0.924
0.939
0.936
0.919
0.929
0.951
0.943
0.905
0.917
0.93
0.939
0.936
0.915
0.926
0.936
0.931
0.938
0.921
0.924
0.948
0.953
0.941
0.93
0.953
0.964
0.957
0.934
0.944
0.951
0.949
0.917
0.916
0.921
0.897
0.892
0.916
0.93
0.931
0.914
0.921
0.942
0.942
0.911
0.906
0.925
0.932
0.905
0.914
0.932
0.916
0.896
0.908
0.921
0.92
0.897
0.921
0.927
0.932
0.906
0.926
0.935
0.965
0.946
0.924
0.946
0.947
0.959
0.975
0.957
0.948
0.974
0.986
0.946
0.931
0.945
0.941
0.903
0.894
0.903
0.913
0.9
0.89
0.936
0.959
0.966
0.946
0.947
0.983
0.976
0.978
0.953
0.963
0.979
0.996
0.951
0.958
0.967
0.943
0.914
0.925
0.928
0.914
0.907
0.928
0.94
0.946
0.929
0.952
0.961
0.961
0.929
0.947
0.954
0.958
0.929
0.929
0.951
0.958
0.928
0.912
0.886
0.834
0.845
0.854
0.879
0.917
0.949
0.916
0.917
0.947
0.963
0.96
0.948
0.955
0.962
0.964
0.97
0.967
0.934
0.943
0.958
0.955
0.946
0.948
0.961
0.976
0.981
0.955
0.952
0.96
0.967
0.973
0.943
0.953
0.97
0.972
0.938
0.943
0.962
0.962
0.962
0.928
0.926
0.948
0.948
0.934
0.921
0.944
0.949
0.951
0.943
0.916
0.932
0.932
0.931
0.904
0.913
0.921
0.906
0.894
0.928
0.929
0.914
0.908
0.925
0.949
0.937
0.942
0.967
0.975
0.969
0.953
0.952
0.963
0.964
0.939
0.944
0.974
0.983
0.945
0.966
0.989
0.981
0.952
0.989
0.996
0.994
0.959
0.973
0.985
0.981
0.939
0.955
0.966
0.976
0.932
0.956
0.975
0.972
0.974
0.932
0.953
0.959
0.955
0.916
0.921
0.941
0.95
0.916
0.941
0.948
0.955
0.934
0.972
0.977
0.981
0.958
0.954
0.966
0.968
0.917
0.928
0.931
0.914
0.886
0.882
0.914
0.894
0.847
0.847
0.851
0.814
0.821
0.823
0.837
0.806
0.811
0.802
0.797
0.772
0.781
0.78
0.778
0.798
0.757
0.774
0.777
0.778
0.742
0.769
0.767
0.754
0.744
0.76
0.76
0.73
0.73
0.732
0.735
0.717
0.722
0.723
0.715
0.72
0.726
0.734
0.725
0.738
0.745
0.733
0.724
0.735
0.74
0.726
0.727
0.731
0.734
0.721
0.713
0.722
0.719
0.708
0.718
0.725
0.713
0.717
0.724
0.725
0.718
0.723
0.734
0.73
0.728
0.738
0.721
0.718
0.732
0.714
0.714
0.716
0.708
0.709
0.712
0.7
0.7
0.707
0.701
0.706
0.713
0.72
0.706
0.71
0.708
0.702
0.713
0.716
0.709
0.579
0.808
0.713
0.694
0.689
0.697
0.691
0.684
0.681
0.675
0.665
0.667
0.673
0.678
0.681
0.688
0.677
0.675
0.681
0.684
0.668
0.676
0.683
0.682
0.674
0.679
0.682
0.674
0.678
0.684
0.696
0.68
0.693
0.694
0.688
0.694
0.699
0.686
0.684
0.695
0.686
0.681
0.68
0.683
0.677
0.689
0.685
0.67
0.672
0.682
0.681
0.686
0.692
0.682
0.676
0.686
0.694
0.698
0.695
0.71
0.704
0.688
0.695
0.695
0.689
0.695
0.694
0.697
0.702
0.704
0.716
0.71
0.703
0.698
0.701
0.685
0.681
0.686
0.67
0.666
0.665
0.662
0.662
0.666
0.655
0.658
0.666
0.659
0.661
0.675
0.659
0.666
0.683
0.683
0.684
0.692
0.693
0.683
0.689
0.701
0.695
0.673
0.674
0.67
0.661
0.678
0.68
0.677
0.687
0.69
0.676
0.69
0.699
0.703
0.701
0.683
0.694
0.734
0.741
0.73
0.729
0.755
0.77
0.741
0.736
0.747
0.741
0.732
0.741
0.745
0.73
0.72
0.725
0.726
0.724
0.736
0.746
0.73
0.715
0.713
0.702
0.704
0.722
0.722
0.749
0.771
0.759
0.783
0.818
0.821
0.803
0.821
0.843
0.791
0.789
0.809
0.788
0.766
0.789
0.788
0.755
0.785
0.797
0.795
0.79
0.839
0.827
0.825
0.843
0.869
0.822
0.793
0.765
0.78
0.809
0.823
0.927
0.931
0.884
0.88
0.887
0.86
0.881
0.901
0.886
0.88
0.908
0.913
0.884
0.893
0.928
0.875
0.889
0.908
0.875
0.89
0.903
0.889
0.878
0.904
0.907
0.886
0.912
0.894
0.864
0.84
0.853
0.859
0.835
0.875
0.89
0.86
0.873
0.902
0.882
0.863
0.886
0.853
0.846
0.878
0.886
0.867
0.927
0.937
0.909
0.956
0.986
0.977
0.967
0.986
0.958
0.97
0.994
0.956
0.96
0.971
0.969
0.948
0.966
0.932
0.937
0.961
0.925
0.918
0.947
0.912
0.916
0.953
0.927
0.92
0.956
0.951
0.927
0.956
0.947
0.921
0.919
0.953
0.949
0.917
0.953
0.95
0.901
0.916
0.924
0.884
0.904
0.93
0.945
0.922
0.915
0.943
0.931
0.908
0.909
0.926
0.918
0.898
0.914
0.937
0.916
0.894
0.917
0.936
0.914
0.904
0.936
0.933
0.912
0.92
0.934
0.9
0.886
0.909
0.916
0.886
0.895
0.931
0.934
0.89
0.906
0.929
0.923
0.916
0.894
0.916
0.916
0.912
0.891
0.899
0.936
0.942
0.903
0.918
0.946
0.958
0.937
0.904
0.912
0.927
0.912
0.9
0.911
0.928
0.893
0.899
0.914
0.896
0.88
0.888
0.916
0.892
0.881
0.895
0.89
0.872
0.852
0.831
0.834
0.877
0.875
0.844
0.872
0.89
0.861
0.865
0.891
0.922
0.916
0.907
0.941
0.954
0.952
0.928
0.955
0.966
0.961
0.917
0.945
0.958
0.946
0.927
0.958
0.969
0.936
0.949
0.978
0.951
0.929
0.949
0.953
0.926
0.91
0.891
0.897
0.91
0.88
0.859
0.889
0.895
0.872
0.901
0.925
0.922
0.904
0.929
0.932
0.936
0.911
0.923
0.929
0.922
0.9
0.906
0.922
0.933
0.92
0.921
0.933
0.947
0.926
0.936
0.951
0.959
0.961
0.935
0.947
0.932
0.925
0.876
0.882
0.944
0.958
0.918
0.949
0.966
0.956
0.983
1.047
0.962
0.919
0.92
0.875
0.857
0.855
0.829
0.816
0.817
0.809
0.825
0.854
0.88
0.909
0.916
0.9
0.915
0.91
0.897
0.932
0.929
0.887
0.907
0.902
0.869
0.873
0.897
0.912
0.874
0.894
0.916
0.866
0.868
0.882
0.869
0.851
0.832
0.842
0.883
0.883
0.895
0.901
0.897
0.903
0.89
0.902
0.926
0.929
0.89
0.915
0.917
0.913
0.882
0.91
0.922
0.904
0.882
0.909
0.922
0.9
0.91
0.926
0.905
0.881
0.868
0.854
0.873
0.872
0.872
0.863
0.896
0.893
0.9
0.869
0.874
0.897
0.882
0.858
0.872
0.884
0.829
0.827
0.839
0.865
0.81
0.813
0.806
0.819
0.789
0.77
0.782
0.793
0.799
0.812
0.796
0.789
0.798
0.802
0.784
0.793
0.804
0.826
0.841
0.852
0.87
0.844
0.823
0.818
0.804
0.797
0.78
0.786
0.779
0.784
0.782
0.768
0.786
0.789
0.795
0.775
0.788
0.82
0.851
0.827
0.839
0.842
0.835
0.825
0.816
0.833
0.842
0.833
0.822
0.825
0.847
0.844
0.82
0.836
0.872
0.875
0.845
0.856
0.875
0.879
0.873
0.851
0.847
0.87
0.894
0.894
0.893
0.886
0.892
0.875
0.879
0.877
0.89
0.869
0.875
0.89
0.913
0.928
0.933
0.93
0.9
0.927
0.942
0.946
0.956
0.944
0.936
0.935
0.943
0.921
0.943
0.923
0.936
0.941
0.942
0.928
0.934
0.916
0.871
0.891
0.881
0.879
0.869
0.82
0.818
0.842
0.908
0.976
0.989
0.969
0.98
0.984
0.961
0.943
0.909
0.906
0.875
0.851
0.881
0.877
0.892
0.907
0.893
0.897
0.923
0.931
0.926
0.923
0.921
0.89
0.892
0.897
0.897
0.906
0.896
0.887
0.9
0.916
0.924
0.926
0.908
0.928
0.925
0.896
0.888
0.871
0.87
0.879
0.887
0.888
0.895
0.878
0.867
0.873
0.868
0.878
