0.969
1.03
0.991
1.039
0.8956507
0.8965892
1.047
1.052
0.8993787
1.037
1.028
0.9021306
0.90304
1.044
1.005
1.053
0.9066392
1.05
1.04
1.058
0.910181
0.9110581
0.772
0.9128026
0.9136701
0.9145347
0.827
0.9162552
0.9171112
0.9179646
0.9188152
0.9196634
0.920509
0.9213522
0.9221931
0.946
0.91
0.881
0.843
1.055
0.987
0.975
0.995
1.022
1.041
1.009
0.989
1.001
1.038
1.053
1.023
1.01
1.022
1.053
1.023
1.022
1.074
1.061
1.028
1.013
1.012
1.017
1.019
1.012
0.982
0.991
1.018
1.018
1.016
0.986
0.983
0.992
0.991
0.987
0.971
1.001
1.007
1.026
1.01
1.031
1.05
1.044
1.022
1.025
1.067
1.032
1.006
1.004
1.017
1.018
0.99
0.994
1.041
1.036
0.996
1.01
1.031
1.062
1.026
1.012
1.054
1.073
1.041
1.039
1.029
1.036
0.9769404
0.9775304
0.9780999
0.9786545
0.9792008
0.958
0.938
0.918
0.919
0.959
0.933
0.923
0.973
0.974
0.968
0.943
0.952
0.941
0.931
0.962
0.974
0.924
1.001
0.976
0.993
0.979
0.972
0.989
1.007
0.995
0.963
0.977
0.995
1.005
1.021
1.005
1.034
1.036
1.024
1.014
1.039
1.041
1.02
0.998
1.001
1.001
1.016
0.974
1
1.028
1.032
1.01
1.018
1.036
1.053
1.021
1.011
1.041
1.041
1.047
1.015
1.041
1.021
0.992
0.993
1.006
1.022
0.997
0.987
1.009
0.999
0.975
0.986
1.004
1.008
1.006
0.976
0.996
1.011
0.967
0.961
0.995
0.979
0.995
0.985
0.967
1.018
1.001
1.014
1.019
1.019
1.05
1.049
1.014
0.999
1.013
1.023
1.019
0.989
1
1.012
1.014
0.98
1.01
0.998
1.007
0.988
0.996
1.009
1.006
0.985
1.002
1.005
1.028
1.007
1.04
1.054
1.044
1.027
1.041
1.044
1.044
1.049
1.058
1.041
1.041
1.051
1.054
1.024
1.027
1.028
1.011
0.9880395
0.9878888
0.9877514
1.023
1.041
1.033
1.027
1.03
1.017
0.996
0.973
0.944
0.9876054
0.9877624
0.9879594
0.949
0.935
0.928
0.941
0.94
0.939
0.96
0.976
0.982
0.974
0.998
1.028
1.03
1.017
1.036
1.051
1.04
1.027
1.058
1.063
1.036
1.041
1.056
1.071
1.035
1.032
1.053
1.044
1.03
1.054
1.074
1.053
1.039
1.066
1.077
1.051
1.027
1.054
1.059
1.062
1.024
1.054
1.065
1.028
1
1.009
0.985
0.991
0.964
0.977
0.958
0.988
1.007
1.028
1.021
1.006
1.038
1.066
1.041
1.028
1.068
1.062
1.032
1.024
1.052
1.043
1.025
1.025
1.046
1.049
1.031
1.057
1.063
1.053
1.042
1.052
1.058
1.034
1.043
1.052
1.053
1.031
1.051
1.052
1.047
1.022
1.04
1.045
1.016
1.026
1.044
1.035
1.013
1.033
1.036
1.039
1.008
1.028
1.039
1.035
1.023
1.051
1.052
1.041
1.023
1.04
1.069
1.013
1.015
1.049
1.047
1.001
1.016
1.039
1.015
0.999
1.045
1.038
1.013
1.004
1.022
1.024
1.005
1.03
1.008
1
1.01
1
1.022
0.971
0.925
0.927
0.873
0.905
0.881
0.872
0.861
0.867
0.866
0.864
0.866
0.853
0.84
0.84
0.83
0.699
0.975
0.854
0.84
0.835
0.84
0.836
0.817
0.833
0.772
0.774
0.816
0.741
0.754
0.806
0.7924936
0.9
0.7847077
0.7808276
0.7769677
0.749
0.747
0.751
0.747
0.739
0.63
0.85
0.737
0.732
0.594
0.86
0.727
0.732606
0.7299468
0.7274388
0.773
0.715
0.711
0.712
0.703
0.71
0.712
0.708
0.7
0.706
0.708
0.706
0.697
0.7
0.697
0.697
0.698
0.69
0.686
0.698
0.693
0.689
0.687
0.6806588
0.6790537
0.691
0.687
0.68
0.677
0.684
0.688
0.687
0.686
0.69
0.684
0.682
0.692
0.688
0.682
0.684
0.685
0.682
0.683
0.678
0.673
0.681
0.682
0.677
0.671
0.674
0.677
0.674
0.667
0.669
0.67
0.668
0.668
0.67
0.662
0.664
0.666
0.665
0.662
0.662
0.659
0.663
0.663
0.664
0.659
0.655
0.663
0.663
0.658
0.657
0.661
0.658
0.664
0.664
0.659
0.659
0.659
0.66
0.658
0.656
0.65
0.655
0.657
0.657
0.653
0.649
0.658
0.656
0.654
0.65
0.653
0.652
0.655
0.657
0.654
0.65
0.653
0.652
0.653
0.65
0.648
0.648
0.646
0.648
0.65
0.642
0.644
0.649
0.648
0.647
0.646
0.646
0.651
0.652
0.654
0.649
0.646
0.655
0.656
0.654
0.652
0.65
0.652
0.654
0.654
0.649
0.6466419
0.6470622
0.6475025
0.654
0.653
0.648
0.649
0.656
0.656
0.652
0.651
0.659
0.691
0.671
0.675
0.672
0.675
0.662
0.674
0.667
0.67
0.662
0.658
0.66
0.662
0.66
0.651
0.664
0.661
0.541
0.775
0.657
0.657
0.661
0.657
0.653
0.663
0.672
0.671
0.665
0.67
0.688
0.684
0.678
0.685
0.694
0.68
0.69
0.698
0.7
0.693
0.698
0.714
0.718
0.712
0.717
0.765
0.744
0.756
0.767
0.746
0.736
0.745
0.748
0.75
0.726
0.741
0.738
0.738
0.735
0.741
0.745
0.758
0.746
0.746
0.771
0.759
0.753
0.775
0.781
0.768
0.749
0.761
0.759
0.752
0.734
0.763
0.77
0.767
0.749
0.831
0.786
0.804
0.779
0.784
0.812
0.793
0.759
0.779
0.764
0.776
0.757
0.765
0.787
0.791
0.777
0.808
0.801
0.795
0.777
0.782
0.65
0.918
0.784
0.839
0.93
0.818
0.834
0.959
0.85
0.855
0.84
0.817
0.874
0.87
0.815
0.772
0.791
0.777
0.812
0.776
0.797
0.77
0.783
0.761
0.75
0.743
0.732
0.766
0.764
0.788
0.79
0.767
0.813
0.815
0.781
0.835
0.834
0.879
0.807
0.867
0.868
0.82
0.847
0.862
0.945
0.818
0.83
0.861
0.854
0.806
0.852
0.858
0.829
0.834
0.828
0.791
0.796
0.83
0.836
0.824
0.786
0.827
0.84
0.823
0.799
0.799
0.824
0.847
0.814
0.788
0.826
0.844
0.87
0.844
0.811
0.846
0.882
0.833
0.804
0.823
0.843
0.856
0.815
0.822
0.851
0.869
0.819
0.807
0.823
0.798
0.771
0.765
0.774
0.778
0.75
0.754
0.8366999
0.8364905
0.964
0.901
0.858
0.849
0.822
0.809
0.812
0.864
0.862
0.879
0.821
0.836
0.859
0.892
0.866
0.819
0.823
0.87
0.845
0.824
0.83
0.872
0.864
0.827
0.837
0.897
0.844
0.86
0.868
0.87
0.856
0.82
0.835
0.867
0.841
0.81
0.816
0.848
0.838
0.818
0.814
0.827
0.864
0.853
0.837
0.818
0.795
0.795
0.81
0.801
0.791
0.821
0.831
0.821
0.803
0.822
0.832
0.821
0.82
0.82
0.788
0.779
0.782
0.912
0.789
0.82
0.778
0.77
0.762
0.766
0.758
0.756
0.757
0.752
0.776
0.799
0.819
0.806
0.806
0.824
0.86
0.854
0.825
0.838
0.843
0.843
0.849
0.838
0.827
0.86
0.895
0.858
0.847
0.863
0.876
0.903
0.854
0.868
0.86
0.847
0.856
0.847
0.83
0.813
0.863
0.853
0.842
0.837
0.866
0.859
0.856
0.839
0.851
0.85
0.884
0.842
0.864
0.869
0.876
0.858
0.844
0.868
0.865
0.865
0.867
0.88
0.907
0.902
0.898
0.871
0.839
0.85
0.86
0.851
0.862
0.851
0.859
0.834
0.858
0.864
0.863
0.855
0.879
0.878
0.885
0.877
0.846
0.9
0.879
0.923
0.897
0.896
0.938
0.912
0.901
0.878
0.903
0.921
0.886
0.874
0.873
0.912
0.896
0.869
0.865
0.888
0.916
0.904
0.884
0.89
0.899
0.894
0.901
0.879
0.893
0.975
0.87
0.899
0.909
0.995
0.888
0.936
0.909
0.914
0.908
0.887
0.873
0.882
0.87
0.875
0.87
0.856
0.868
0.866
0.935
0.848
0.882
0.887
0.867
0.909
0.899
0.907
0.886
0.905
0.947
0.885
0.878
0.857
0.852
0.844
0.835
0.851
0.926
0.878
0.874
0.876
0.86
0.86
0.862
0.85
0.838
0.856
0.928
0.948
1.006
0.968
0.95
0.958
0.976
0.992
0.959
0.943
0.946
0.923
0.918
0.935
0.955
0.923
0.917
0.945
0.959
0.939
0.918
0.933
0.969
0.929
0.913
0.854
0.962
0.935
0.878
0.886
0.98
0.947
0.911
0.94
0.939
0.95
0.921
0.916
0.913
0.947
0.921
0.927
0.916
0.912
0.912
0.926
0.918
0.912
0.895
0.896
0.886
0.881
0.872
0.881
0.888
0.878
0.916
0.927
0.916
0.947
0.921
0.932
0.931
0.943
0.925
0.918
0.938
0.928
0.925
0.93
0.908
0.909
0.92
0.9
0.885
0.885
0.944
0.885
0.906
0.88
0.896
0.951
0.894
0.906
0.911
0.952
0.878
0.896
0.952
0.887
0.907
0.895
0.946
0.897
0.885
0.899
0.948
0.898
0.899
0.941
0.933
0.875
0.94
0.926
0.937
0.894
0.943
0.936
0.942
0.894
0.953
0.949
0.898
0.894
0.935
0.925
0.879
0.879
0.921
0.86
0.859
0.853
0.911
0.851
0.909
0.845
0.852
0.84
0.836
0.832
0.812
0.885
0.87
0.878
0.847
0.928
0.922
0.878
0.942
0.923
0.933
0.883
0.936
0.921
0.921
0.881
0.929
0.914
0.916
0.905
0.913
0.931
0.953
0.891
0.885
0.878
0.921
0.928
0.916
0.915
0.927
0.943
