1.083
1.068
1.078
1.108
1.119
1.077
1.04
1.077
1.086
1.094
1.105
1.088
1.048
1.039
1.002
0.937
0.938
0.928
0.943
0.941
0.989
1.022
1.016
0.978
1.019
1.023
0.999
1.009
1.029
1.007
1.007
1.009
1.01
0.964
0.949
1.03
1.038
1.062
1.075
1.081
1.077
1.076
1.077
1.069
1.051
1.03
1.042
1.057
1.069
1.074
1.083
1.043
1.058
1.075
1.102
1.114
1.119
1.105
1.063
1.076
1.082
1.075
1.066
1.067
1.04
1.019
1.038
1.05
1.033
1.045
1.026
1.029
1.065
1.076
1.066
1.057
1.038
1.003
0.993
1.002
1.008
1.008
1.017
0.979
0.994
1.019
1.03
1.008389
1.007978
1.007571
1.007168
1.03
1.034
1.043
1.026
1.008
1.007
1.036
1.056
1.052
1.029
1.04
1.083
1.07
1.046
1.041
1.057
1.056
1.053
1.013
1.033
1.05
1.046
1.02
1.025
1.047
1.059
1.061
1.044
1.041
1.055
1.065
1.06
1.03
1.04
1.04
1.035
1.023
1.033
1.04
1.045
1.015
1.033
1.045
1.063
0.9902715
0.9899521
0.9896434
0.9893461
1.032
0.988788
0.9885286
0.9882832
0.9880524
1.022
0.958
0.952
0.951
0.908
0.953
0.975
1.006
1.009
1.039
1.065
1.07
1.066
1.082
1.083
1.05
1.035
1.052
1.047
1.017
1.031
1.041
1.045
1.035
1.033
1.057
1.053
1.029
1.047
1.045
1.051
1.031
1.053
1.042
1.032
1.029
1.052
1.046
1.009
0.9936628
0.9933647
0.9930566
0.9927389
1.032
1
1
1.034
1.039
1.034
1.044
1.073
1.071
1.045
1.041
1.061
1.056
1.037
1.045
1.058
1.055
1.041
1.034
1.06
1.052
1.034
1.027
1.043
1.043
1.007
0.977
0.958
0.958
0.916
0.936
0.952
0.97
0.98
0.948
0.951
0.942
0.979
0.948
0.963
0.979
0.985
0.943
0.95
0.942
0.954
0.932
0.95
0.946
0.95
0.987
0.971
0.989
0.997
0.989
0.989
0.946
0.935
0.944
0.902
0.93
0.954
0.964
0.985
1.005
0.963
1.004
1.033
1.047
1.053
1.029
1.049
1.068
1.062
1.066
1.068
1.041
1.03
1.042
1.045
1.041
1.01
1.011
1.033
1.043
1.038
0.943097
0.943253
0.9434229
0.943607
1.024
1.018
0.987
0.986
0.9447431
0.9450143
0.9453005
0.9456018
1.008
0.9462501
0.9466411
0.9471313
0.9477153
1.005
0.9491421
0.9499739
0.766
1.119
0.997
0.9539615
0.9550958
0.837
1.125
1.006
1.011
1.007
0.979
0.989
1.015
1.026
1.006
0.953
0.962
0.938
0.879
0.899
0.901
0.893
0.962
0.962
0.983
1.04
1.061
1.071
1.072
1.054
1.052
1.057
1.029
1.033
1.066
1.077
1.089
1.048
1.074
1.112
1.114
1.125
1.088
1.053
1.071
1.077
1.099
1.102
1.1
1.067
1.082
1.099
1.096
1.094
1.094
1.036
1.056
1.073
1.075
1.075
1.041
1.037
1.043
1.08
1.059
1.051
1.073
1.08
1.083
1.041
1.051
1.067
1.068
1.065
1.029
1.04
1.063
1.055
1.064
1.031
1.051
1.055
1.053
1.017
1.032
1.018
0.956
0.952
0.962
0.958
0.956
0.965
0.955
0.925
0.938
0.959
0.97
0.989
0.995
1.014
1.028
1.018
1.037
1.057
1.051
1.034
1.038
1.046
1.02
1.017
1
1.01805
1.017344
0.801
1.118
0.976
0.973
0.975
0.953
0.974
0.999
0.998
1.001
1.01
1.002
1.011
1.022
1.016
1.024
1.038
1.021
1.023
1.037
1.047
1.033
1.026
1.048
1.041
1.037
1.041
1.054
1.029
1.032
1.054
1.032
1.018
1.034
1.038
0.997
1.012
0.9914916
0.9909869
0.765
1.165
1.038
1.041
1.024
1.009
1.025
1.066
0.993
1.002
1.031
1.007
0.999
1.028
1.032
1.008
1.02
1.034
1.01
1.008
1.037
1.033
0.996
1.011
1.03
1.035
1.034
1.054
1.06
1.031
1.045
1.037
1.022
1.041
1.061
1.041
1.047
1.052
1.065
1.002
1.021
1.035
1.043
1.043
1.025
1.039
1.046
1.02
1.037
1.066
1.047
1.038
1.059
1.069
1.042
1.057
0.976495
0.9762894
0.9761303
0.9760146
1.055
1.044
1.041
1.012
0.9759696
0.9760443
0.9761391
0.9762508
1.039
0.9765115
0.976654
0.782
1.161
1.019
1.008
1.006
1
1.032
1.03
1.011
1.032
1.043
1.006
0.996
1.011
0.9773802
0.9771848
0.757
1.125
1.009
0.996
0.968
0.989
0.997
0.988
1.006
1.021
0.99
1.008
1.006
1.008
1.045
1.018
1.032
1.026
1.04
1.027
1.037
1.008
1.003
1.017
1.003
0.996
0.921
0.943
0.97
0.983
0.966
0.973
0.958
0.983
1.007
1
1.023
1.03
1.013
1.026
0.99
0.952
0.949
0.991
1.013
0.987
0.955
0.984
1.027
0.983
0.968
0.997
1.005
1.001
1.014
0.976
0.975
0.965
0.962
0.981
0.976
1
1
1.004
1.003
1.004
0.989
0.99
0.959
0.947
0.934
0.946
0.875
0.886
0.857
0.845
0.836
0.818
0.828
0.824
0.834
0.833
0.853
0.854
0.864
0.859
0.863
0.881
0.877
0.876
0.895
0.921
0.931
0.926
0.95
0.946
0.926
0.952
0.911
0.929
0.918
0.907
0.922
0.828
0.836
0.812
0.785
0.758
0.764
0.74
0.709
0.719
0.701
0.685
0.684
0.684
0.684
0.68
0.67
0.679
0.683
0.682
0.676
0.691
0.681
0.664
0.508
0.812
0.666
0.666
0.67
0.679
0.668
0.656
0.652
0.515
0.782
0.658
0.648
0.651
0.506
0.762
0.635
0.644
0.639
0.511
0.733
0.631
0.631
0.628
0.511
0.721
0.626
0.609
0.51
0.709
0.624
0.613
0.502
0.695
0.619
0.607
0.505
0.674
0.606
0.604
0.513
0.67
0.593
0.592
0.519
0.66
0.584
0.58
0.526
0.638
0.583
0.584
0.508
0.648
0.573
0.571
0.529
0.608
0.579
0.574
0.519
0.612
0.584
0.578
0.514
0.619
0.584
0.578
0.516
0.611
0.578
0.575
0.519
0.605
0.574
0.569
0.528
0.589
0.562
0.499
0.613
0.556
0.503
0.601
0.55
0.541
0.544
0.548
0.544
0.5
0.58
0.544
0.498
0.57
0.535
0.508
0.559
0.533
0.504
0.559
0.532
0.5
0.554
0.529
0.507
0.545
0.526
0.504
0.541
0.398
0.639
0.533
0.516
0.511
0.52
0.511
0.508
0.511
0.518
0.5
0.521
0.51
0.507
0.518
0.511
0.5
0.51
0.513
0.5
0.374
0.635
0.514
0.509
0.504
0.5
0.503
0.502
0.505
0.502
0.498
0.5
0.505
0.497
0.497
0.497
0.497
0.503
0.498
0.494
0.5
0.501
0.497
0.496
0.494
0.502
0.498
0.498
0.494
0.492
0.495
0.495
0.491
0.489
0.489
0.489
0.489
0.494
0.489
0.49
0.488
0.486
0.488
0.492
0.494
0.488
0.393
0.579
0.497
0.484
0.485
0.484
0.482
0.49
0.486
0.481
0.48
0.483
0.485
0.479
0.479
0.483
0.484
0.38
0.579
0.487
0.481
0.497
0.506
0.5
0.516
0.507
0.508
0.508
0.518
0.525
0.558
0.563
0.486
0.625
0.56
0.507
0.65
0.624
0.457
0.782
0.609
0.487
0.71
0.627
0.461
0.735
0.589
0.503
0.699
0.657
0.458
0.852
0.644
0.471
0.743
0.607
0.49
0.792
0.683
0.437
0.6371102
0.6399212
0.69
0.447
0.6482864
0.749
0.73
0.6576258
0.429
0.664357
0.6678519
0.71
0.668
0.474
0.817
0.675
0.449
0.6940425
0.722
0.686
0.7057862
0.93
0.744
0.764
0.768
0.738
0.725
0.689
0.678
0.7403645
0.7439863
0.838
0.793
0.78
0.741
0.726
0.7639665
0.7669359
0.7697826
0.858
0.818
0.768
0.761
0.763
0.828
0.875
0.879
0.867
0.835
0.797
0.793
0.837
0.862
0.859
0.842
0.826
0.818
0.862
0.918
0.931
0.92
0.881
0.861
0.874
0.899
0.915
0.914
0.891
0.864
0.897
0.918
0.925
0.929
0.913
0.904
0.923
0.899
0.903
0.927
0.93
0.927
0.894
0.9
0.923
0.925
0.909
0.929
0.944
0.902
0.903
0.933
0.965
0.959
0.933
0.937
0.944
0.965
0.956
0.931
0.943
0.919
0.9
0.907
0.964
0.944
0.9472627
0.9489839
0.9506216
1.059
0.922
0.89
0.882
0.916
0.938
0.94
0.938
0.944
0.962
0.973
0.961
0.949
0.94
0.917
0.881
0.885
0.884
0.959
0.993
1.008
1.019
0.995
0.978
0.997
0.983
0.952
0.946
0.976
1.023
1.029
1.031
1.009
0.98
0.975
0.986
1.005
1.014
1.007
1
0.995
1.026
1.023
1.04
1.042
1.027
1.008
1.002
1.039
1.062
1.07
1.05
1.02
1.01
1.021
1.03
1.041
1.036
1.025
0.996
0.991
1.02
1.043
1.052
1.058
1.02
1.01
1.026
1.037
1.025
1.023
1.021
1.017
1.01
0.992
0.977
0.964
0.986
1
1.002
0.973
0.959
0.957
0.945
0.956
0.901
0.967
0.9
0.893
0.875
0.907
0.922
0.921
0.937
0.94
0.931
0.931
0.936
0.939
0.9680947
0.9673433
0.9665721
1.083
0.962
0.946
0.918
0.902
0.927
0.915
0.896
0.902
0.902
0.897
0.867
0.881
0.892
0.886
0.88
0.922
0.961
0.975
0.979
0.963
0.958
0.981
0.982
0.988
0.982
0.96
0.97
0.988
1.004
1.011
1.002
1.002
1.001
1.007
0.999
0.999
0.986
0.97
0.959
0.984
0.988
0.993
