0.9123412
0.9629563
0.9489208
0.9643083
0.9973236
0.9405671
0.900281
0.9839579
1.055525
0.9480958
0.9151469
1.005643
1.060841
0.9032058
0.8698701
1.046188
0.9466294
0.8867416
0.9331046
0.8895571
0.8546986
0.8480209
0.8412499
0.817709
0.8021777
0.8261009
0.8473369
0.8536499
0.8671187
0.8666402
0.8711249
0.8828774
0.8750537
0.8748162
0.8966434
0.9155932
0.9195918
0.9153537
0.9084158
0.9197429
0.9400459
0.9456092
0.9406219
0.9283812
0.9323242
0.9549419
0.9699931
0.9526521
0.9312768
0.9265522
0.9283024
0.9253462
0.9085433
0.9161434
0.9365187
0.9478662
0.9430415
0.9246147
0.9313897
0.9565465
0.9546625
0.9308091
0.9324061
0.9567836
0.9586501
0.9330126
0.9274434
0.9400158
0.9547536
0.959413
0.9432188
0.9405805
0.964415
0.9774493
0.9638774
0.9273749
0.9216186
0.956699
0.9629385
0.9482104
0.9314234
0.9317495
0.938786
0.9445434
0.9355722
0.9296321
0.8772617
0.9042193
1.074423
1.118634
1.11976
1.051522
0.9630598
0.9872511
0.965598
0.9524509
0.9507036
0.9234489
0.9232555
0.9431621
0.9601078
0.9765715
0.9860072
0.971932
0.9570429
0.9553784
0.9632021
0.9723582
0.9743223
0.9815533
0.9784837
0.9598345
0.9531057
0.9760911
1.006495
1.00897
0.9970453
0.9737381
0.9639006
0.9567436
0.9350806
0.9097029
0.8811816
0.8786808
0.9089123
0.8791621
0.9034706
1.028534
1.033817
1.080169
1.027379
0.966186
1.010374
0.9299047
0.9292416
1.010233
1.134905
1.064347
0.9955924
1.069533
1.006925
0.9983177
1.000588
1.013645
1.095371
1.074814
1.021548
1.016142
0.988857
0.9566209
0.9763917
1.048076
1.061282
0.9927285
0.9511042
0.974978
1.031373
1.004483
1.001148
1.063116
1.044068
1.016891
1.013682
1.009661
0.9993314
1.014353
1.007671
1.006932
0.9830178
0.9478435
1.017346
1.051759
1.015694
0.9877043
1.000168
0.976104
0.979526
1.077864
1.02811
0.9666822
1.015125
0.9567967
0.9273289
0.9757706
0.9458578
0.9221711
0.8999553
0.9293689
1.014152
0.9640902
0.9549918
1.00854
1.059673
1.058602
1.04813
1.079561
1.036928
1.009151
1.017594
1.040151
1.034082
1.054479
1.0582
1.067735
1.082927
1.035835
1.077806
1.027849
0.9752146
1.032306
0.989641
1.019017
1.015893
0.9394564
0.9671918
0.9035087
0.8442588
0.9705632
1.023913
0.9837376
0.9536803
0.9272889
0.98234
1.004566
1.015318
1.057072
1.051546
1.040224
1.026783
0.9885983
0.9913414
1.064112
1.067064
1.055196
1.064812
1.041727
0.9807313
0.950006
1.010933
0.9972523
0.9958601
1.038697
1.041522
1.042013
1.037974
1.045231
1.044746
1.045396
1.053219
1.043292
1.018643
0.996709
0.9861389
1.017433
1.070269
1.062645
1.005178
0.9916364
1.033387
1.030923
1.001972
0.9876809
1.041899
1.055202
0.9669785
1.005189
1.057089
1.071696
1.040706
0.9909072
1.039911
1.079251
1.002311
0.8825811
0.944664
0.9959191
0.9692736
0.9693553
1.021514
1.060195
0.9660774
0.93087
0.9745065
1.039357
0.980746
0.9389237
1.032725
1.059557
1.006755
0.9472238
0.9984956
1.02519
1.042089
1.078713
0.9701574
0.9525766
1.030804
1.029409
1.021712
0.9750531
0.973996
1.051219
1.058144
0.9951068
0.9796675
1.049568
1.057673
0.9990405
0.9547613
1.023353
1.034464
0.9875973
1.010731
0.9903459
1.026552
0.9484872
0.8917228
0.8892929
0.973854
1.039491
0.9464086
0.9554766
1.007135
1.022414
0.9888855
0.9882924
1.000926
0.9926479
0.9669379
0.9741044
0.9710932
0.9711951
0.9860771
1.028565
0.9936172
0.9101621
0.946915
0.9863768
0.9995567
1.016955
1.012194
0.9484282
0.9028722
0.9126714
0.8903992
0.8730499
0.941566
0.9952524
1.015387
0.9946598
0.9843984
1.029375
1.059258
1.019787
0.9879762
1.064721
1.046563
0.9733397
1.027171
1.048932
1.020685
1.031861
0.9586894
0.9327465
1.016386
1.018918
1.019581
1.023236
0.9956484
1.007646
1.002219
0.9645064
0.9558337
0.9669114
0.9806215
0.9613652
0.9304133
0.928918
0.912137
0.8131269
0.7683329
0.8338535
0.8418915
0.8112836
0.7827616
0.7888469
0.8012071
0.7925165
0.7971686
0.7932405
0.7837647
0.7820494
0.7767592
0.7870805
0.8283468
0.8412293
0.8273715
0.8140883
0.8071184
0.8052091
0.8046006
0.800188
0.7971708
0.8258129
0.8418754
0.8171278
0.7873365
0.7929355
0.8044132
0.8039808
0.8170507
0.8120053
0.8125263
0.8095755
0.7895165
0.7950985
0.8047121
0.8055509
0.803926
0.8059861
0.8025183
0.7833163
0.7895325
0.7989573
0.8018647
0.8132033
0.8035081
0.7993669
0.795821
0.7830134
0.7969788
0.8043309
0.7945508
0.8024321
0.7983186
0.78719
0.78751
0.7900214
0.7902011
0.7961897
0.7789693
0.790955
0.7371778
0.7060841
0.8423195
0.8284276
0.7813184
0.8076936
0.796308
0.7991975
0.7821971
0.7497807
0.7418237
0.7469534
0.7467012
0.7533754
0.7538987
0.750403
0.7540494
0.7541208
0.7592421
0.7442741
0.7269623
0.7791373
0.8139278
0.7931396
0.7739633
0.7784299
0.754141
0.7594083
0.8524437
0.825286
0.7500432
0.7182105
0.7089151
0.7681995
0.7718081
0.7550323
0.7470564
0.7365922
0.7525484
0.7436913
0.7395688
0.7340205
0.7250263
0.6935537
0.7020902
0.7124594
0.7408986
0.7541387
0.7779388
0.9306084
0.8010925
0.6488242
0.7444277
0.7743905
0.743351
0.7275122
0.7350976
0.7288301
0.6853092
0.6795368
0.7451541
0.7519445
0.7310322
0.7233922
0.710644
0.7218484
0.7180782
0.7106041
0.6970742
0.6787404
0.6649217
0.7006466
0.7558405
0.7267772
0.7054186
0.7213193
0.7000151
0.7133025
0.6659813
0.697006
0.8311207
0.8068
0.7888029
0.7362598
0.6859089
0.7086376
0.7005639
0.7223912
0.7801197
0.8365704
0.7682067
0.6776583
0.750753
0.7343916
0.7151608
0.700801
0.6537902
0.7273473
0.7099085
0.6749904
0.6647121
0.6557214
0.7027603
0.7162121
0.7007646
0.6897241
0.7112225
0.6691159
0.7002811
0.9039912
0.894495
0.7633507
0.6757626
0.6361937
0.7220965
0.714771
0.7252402
0.8529772
0.8760607
0.8195627
0.7165058
0.682741
0.697092
0.6830808
0.6631182
0.6784042
0.7835882
0.7319067
0.6963219
0.7800453
0.7450546
0.6114328
0.6692953
0.9375476
0.8978138
0.7162064
0.696909
0.7082056
0.6962221
0.6776552
0.679637
0.6709439
0.675918
0.723744
0.7302295
0.7312164
0.685396
0.720539
0.822381
0.7538928
0.8671483
0.9182278
0.7415692
0.697647
0.7514542
0.6802463
0.6638386
0.7611747
0.6600386
0.6024337
0.63904
0.7620009
0.8534248
0.7689807
0.7483508
0.7149716
0.7018439
0.7732668
0.7506996
0.7250036
0.7373046
0.735945
0.7236511
0.724098
0.6972739
0.7027659
0.7976294
0.7767566
0.7513822
0.7544856
0.7352928
0.7013742
0.7574609
0.8282569
0.7916908
0.8392421
0.8521698
0.791666
0.8142723
0.8289525
0.7801172
0.8034301
0.8069311
0.8107403
0.8358356
0.8258891
0.8153206
0.7787216
0.7746726
0.7821501
0.7598874
0.7481906
0.7580021
0.7655681
0.7504688
0.7455713
0.7638337
0.7593612
0.7532733
0.7515532
0.7317066
0.7511852
0.7966682
0.7910873
0.8030045
0.8272001
0.8035436
0.7886365
0.777591
0.8276303
0.8144771
0.8092527
0.9001671
0.823747
0.7741731
0.7931433
0.785758
0.7828092
0.7684155
0.7745245
0.7615175
0.7484323
0.7479483
0.759994
0.7709486
0.777661
0.7903615
0.7980911
0.7953509
0.7955136
0.8012057
0.8093319
0.8215639
0.8223298
0.8137946
0.8106502
0.8090703
0.8038221
0.7971336
0.7809034
0.7740494
0.7725646
0.7663188
0.7620014
0.7610318
0.7543298
0.752861
0.8012072
0.8374464
0.8459744
0.8490266
0.859786
0.8681484
0.8411882
0.8491635
0.8575256
0.8344682
0.8283236
0.8263221
0.8318245
0.7889183
0.763148
0.8194503
0.7798239
0.7476931
0.7884888
0.7588983
0.7722478
0.7990236
0.7496676
0.7375752
0.7419171
0.7388036
0.7477488
0.7499912
0.7757516
0.779144
0.7528234
0.7340007
0.720765
0.7219967
0.752312
0.783468
0.7845801
0.7920421
0.8138502
0.8173215
0.8003483
0.8064142
0.8218081
0.8324699
0.838794
0.8102622
0.7928562
0.8073982
0.8112151
0.7760568
0.7987822
0.8560226
0.7946503
0.7270158
0.7856486
0.8659775
0.8088888
0.7209924
0.8041891
0.8239302
0.7556588
0.8141332
0.8205824
0.7752335
0.7757978
0.8085714
0.817547
0.8039517
0.8252314
0.8287058
0.8156074
0.8109729
0.7986333
0.7901697
0.8010717
0.7915283
0.8064551
0.8528878
0.8416846
0.8195935
0.8418056
0.9062544
0.9438508
0.9183866
0.8844853
0.8640662
0.8634756
0.8540497
0.8388113
0.8177086
0.8034992
0.8027098
0.8110444
0.8348328
0.8515427
0.845701
0.8669113
0.9175872
0.9153255
0.876949
0.8656334
0.8492491
0.8887706
0.9639771
0.9241285
0.8937675
0.9080496
0.9064575
0.9117637
0.9114184
0.91032
0.8708954
0.8643616
0.9892568
1.005672
0.9285202
0.9373662
0.8797284
0.8411937
0.8576945
0.8308402
0.8136449
0.8013918
0.7974488
0.8049151
0.8149972
0.7881967
0.7895854
0.7928283
0.8885179
0.9326978
0.8585995
0.8913875
0.9112621
0.9523251
0.8913111
0.8926338
0.9090106
0.8727924
0.9481879
0.9467167
0.9822894
0.9327152
0.8542278
0.9032956
0.8940216
0.8913591
0.8591397
0.8385938
0.8746481
0.8653187
0.8534461
0.8563491
0.8509827
0.8468118
0.8513089
0.8812574
0.9078187
0.8412759
0.8461714
0.8905497
0.8486172
0.7938621
0.7676745
0.7999624
0.8234743
0.8649898
0.8104001
0.7663196
0.8549739
0.8039906
0.8011248
0.9050322
0.89252
0.8083641
0.8254391
0.8930981
0.8764658
0.8689307
0.8281646
0.8582166
0.8515228
0.8357827
0.9115751
0.9288938
0.8449462
0.8160227
0.9435223
0.9155154
0.7946428
0.7949973
0.864682
0.8374019
0.889941
0.9651047
0.9134623
0.9245983
0.8961635
0.8971845
0.9253312
0.9430523
0.9694837
1.022821
0.9741
0.9327581
0.9808227
0.9469457
0.928964
0.9178515
0.9666589
0.8481686
0.8038325
0.8742848
0.8562567
0.9533562
0.9024003
0.90891
1.023153
0.9477631
0.9170357
0.961057
0.9969971
0.9882287
0.9504866
0.9251027
0.8891971
0.9552691
1.004485
0.9274298
0.8685769
0.8529834
0.9023101
0.9603123
0.9207668
0.8990346
0.9364035
0.9138301
0.8741279
0.8931095
0.8847687
0.864046
0.9470947
0.9738181
0.8839614
0.8546511
0.8619849
0.846757
0.8643455
0.8926872
0.8441653
0.8262091
0.8743999
0.8738449
0.8572131
0.9089465
0.9743356
1.033752
1.02496
0.9425566
0.9236279
0.9645011
1.003133
0.9774413
0.9207068
0.9077687
0.9405862
0.9830804
0.991674
0.9614764
0.9392107
0.9517798
0.9642155
0.9488545
0.9162556
0.8992841
0.9045208
0.9309072
0.9185775
0.8712421
0.8474207
0.9010982
0.9532184
0.8981485
0.8770734
0.9249881
0.9271166
0.8873565
0.90414
0.9035269
0.8614261
0.8800295
0.9119173
0.9128699
0.906578
0.9468947
1.014515
0.993743
0.9327529
0.9265336
0.950351
0.9658904
0.9360805
0.9495139
1.007607
0.9713079
0.9079176
0.8381877
0.8816579
0.9344842
0.8491834
0.9003396
0.9414713
0.9581345
0.9809043
0.9202495
0.9233248
0.9573705
0.917087
0.8596438
0.9167149
0.9851232
0.9657739
0.9161309
0.9240403
0.9764907
0.9529562
0.8960764
0.9003467
0.8784698
0.8790888
0.9307404
0.9175891
0.9319903
0.9945104
0.9787217
0.909394
0.9366912
0.9944382
0.9451303
0.9298988
0.9620774
0.9111754
0.9086825
0.9780457
0.9700601
0.9070219
0.9009053
0.9365793
0.9294133
0.8656153
0.8918624
1.027174
1.018599
0.9525617
0.9891077
1.036352
1.022765
0.9062507
0.9943332
1.061919
0.9722243
0.9508447
0.9268055
1.036682
0.9120752
0.8933451
1.041895
0.9371216
0.8966507
0.9572469
0.955247
0.9778572
1.00446
0.9205561
0.9582669
0.9489446
0.9186273
0.9201636
0.844942
0.8638946
0.8877906
0.9070329
0.9797937
0.9651524
0.9520656
0.9554559
0.9702237
1.01306
1.008671
0.9722135
0.9929395
1.054185
0.9949726
0.9582431
1.007633
1.012824
0.9986762
0.9747956
1.018911
1.00864
0.9496663
1.024113
1.014203
1.034691
0.9615287
0.8694266
0.923387
0.9512149
0.9557212
0.9737728
1.040916
0.8903406
0.8398273
0.9800741
0.9970058
0.9837246
0.9358979
0.9064164
0.849358
0.9550496
1.083998
0.9692236
1.050223
1.058671
0.9769123
0.9816349
0.823878
0.8594458
0.9480423
0.9157021
0.9394778
0.8828542
0.8727219
0.9454497
0.9803893
0.9744566
0.9508293
1.000638
0.9961651
0.9708298
1.025636
1.022814
1.029768
1.0031
0.9927553
1.00922
0.9755079
1.082633
0.9763637
0.8889645
1.013778
0.9920048
0.9758006
1.025334
1.077846
0.9432176
0.8098523
0.8817477
0.9860764
0.912296
0.909864
0.967296
0.9306074
0.9705828
0.9654666
0.9482015
0.9658124
0.908236
0.9099781
0.9565395
0.898947
0.9321522
0.9512602
0.9479618
0.904585
0.8619462
0.9045187
0.9291191
0.9666033
0.9253631
0.8947973
0.9243937
0.8627867
0.8256123
0.9086833
0.8936656
0.8812615
0.9269438
0.9091496
0.875034
0.8754254
0.8403733
0.8260124
0.9189273
0.8981279
0.8532778
0.896628
0.946114
0.9995623
1.011365
0.9891131
0.9395229
0.9233713
0.9458084
0.9299711
0.9198531
0.9159822
0.9021286
0.8675753
0.8774067
0.9558555
0.9656324
0.9423943
0.917393
0.8883982
0.8956358
0.9011481
0.8936998
0.8887122
0.9029003
0.9119441
0.9290641
0.9481334
0.9051142
0.8940073
0.9376515
0.937015
0.9217771
0.8985918
0.8861763
0.9512348
0.9984728
0.9876947
0.9771639
0.9480116
0.9176894
0.9211793
0.9227494
0.91985
0.9243296
0.9318074
0.951327
0.958204
0.9652868
0.968851
0.9585471
0.9223177
0.9204445
1.006026
1.040061
1.026865
1.023218
1.015244
0.9938821
0.9350348
0.9039828
0.8931325
0.8928701
0.8864804
0.8511095
0.8342555
0.8900491
0.9590396
0.9238759
0.8937393
0.9217882
0.9082989
0.8789384
0.8968109
0.9457161
0.9601138
0.9426975
0.9791816
0.9824307
0.924498
0.9034695
0.9161185
0.913703
0.9193238
0.9559195
0.9347374
0.9404445
0.9598163
0.9162817
0.8837856
0.8790811
0.8751319
0.8929535
0.9724749
0.999561
0.9548202
0.9667853
0.9975992
0.9754219
0.9289971
0.8971196
0.9575039
1.016753
1.01338
0.9747676
0.9181882
0.9502099
0.9757028
0.9175543
0.8949402
0.9284954
0.9039335
0.8662526
0.9616061
1.020708
0.9424795
0.9079461
0.908313
0.8849196
0.8529415
0.8312873
0.8441254
0.8675831
0.883961
0.8792706
0.8867863
0.8963756
0.8752162
0.8676244
0.8952533
0.9474641
0.9752387
0.970641
0.9743572
0.9597056
0.9173018
0.9160337
0.8989625
0.8474
0.8387701
0.8412308
0.8549578
0.8711096
0.8755909
0.8863739
0.8664158
0.8300636
0.8113154
0.8146353
0.8408288
0.8431912
0.8379903
0.875318
0.8888628
0.8728342
0.8810257
0.8779219
0.8796395
0.8650807
0.850161
0.9083116
0.9538883
0.9395906
0.9204155
0.9172707
0.9252137
0.9377912
0.9490664
0.9309757
0.9364724
0.954391
0.9280758
0.9103659
0.9290328
0.947553
0.8942819
0.872173
0.8817134
0.8433421
0.8381
0.8693059
0.8533045
0.8471217
0.9030045
0.9666934
0.9982124
0.981824
1.016534
1.037675
0.9752987
0.9395375
0.9617464
0.9884436
0.9326586
0.8884627
0.9405845
0.9856201
0.9865152
0.9482112
0.949212
0.9526189
0.9487859
0.9369661
0.8682782
0.856484
0.8682401
0.8342011
0.8663449
0.9416677
0.9200897
0.9025828
0.9260729
0.9268763
0.9114625
0.9174592
0.9337008
0.9121494
0.8832217
0.8667189
0.8559454
0.8431801
0.8452618
0.8539988
0.8526788
0.8740379
0.9276505
0.9571114
0.9614773
0.9637085
0.9504727
0.9496573
0.9425483
0.8994463
0.8666468
0.8454892
0.7461175
0.8116893
0.9502048
0.8999747
0.8699823
0.8769642
0.9377719
0.9123931
0.9210335
0.9485307
0.925579
0.9492314
0.9573145
0.990824
0.9591566
0.9077822
0.9244638
0.9770844
0.9298225
0.87441
0.9502099
1.000474
0.9245156
0.8809101
0.9059067
0.9447368
0.8953011
0.8993025
0.995866
0.9823434
0.9851736
0.9838733
0.9663692
0.941624
0.8604227
0.9092591
1.001658
0.8842774
0.8103773
0.872308
0.8859038
0.8607986
0.8835515
0.9586216
0.9336428
0.8901369
0.9298714
0.9008629
0.8624052
0.9440011
0.986461
0.9519511
0.9131878
0.9339584
0.9772756
0.9075569
0.8890134
1.004574
1.01359
0.9394684
0.9348061
0.9097684
0.8902386
0.9043008
0.9125456
0.9373569
0.9862869
0.9959208
0.9332368
0.906389
0.9728345
0.999771
0.9729479
0.986607
0.9472401
0.9459307
1.005305
1.011886
0.9966168
0.9416942
0.9250341
0.9462345
0.9529697
0.9397157
0.9556839
1.007725
0.9816162
0.9628142
0.9795022
0.980528
0.9557138
0.8829859
0.8807571
0.9634672
0.9982486
0.9748985
0.9285236
0.9032858
0.914783
0.8870015
0.9039347
0.9848878
1.014913
0.9927797
0.9313824
0.8951077
0.9030727
0.9062404
0.9306937
0.9252119
0.9243725
1.004602
1.028475
1.00774
1.000467
0.9989321
0.9809305
0.937525
0.9186045
0.9417019
0.9996734
1.007676
0.9735246
1.006345
1.047684
1.002112
0.9470958
0.9743859
0.9876519
0.910796
0.9019345
0.9638021
0.966181
0.9096127
0.8950256
0.912747
0.9070032
0.9392584
0.9569417
0.9715317
0.9770358
0.9298323
0.9001493
0.8474379
0.8363714
0.8583029
0.8565191
0.888191
0.9402514
0.9788891
0.9330522
0.9126967
0.9484812
0.9407464
0.941972
0.9556213
0.9172987
0.9122995
0.9171414
0.9280592
1.004676
1.024603
0.9870484
0.9716377
0.9813261
0.9716677
0.9735577
0.9494748
0.9176783
0.9197435
0.9475526
1.008667
1.000833
0.9725019
0.9598145
0.9390124
0.9427516
0.9453656
0.9474625
0.9307204
0.9465337
0.9979735
1.028289
1.01818
0.9524814
0.96401
0.981084
0.9441167
0.9748276
0.9962473
0.9573054
0.92147
0.9673854
0.9758003
0.9180263
0.9260987
0.9136051
0.8928152
0.8929764
0.9100137
0.9236356
0.8773953
0.8517478
0.856297
0.8583999
0.8486522
0.8751191
0.9357125
0.9372179
0.9165063
0.8834683
0.8516902
0.8570747
0.8934301
0.9222719
0.9387173
0.959781
0.9259224
0.8924107
0.8917212
0.9302917
0.9541413
0.8990966
0.8872233
0.89224
0.880531
0.8943983
0.9120746
0.8869319
0.8486773
0.882302
0.8754449
0.829703
0.8300106
0.8235625
0.8369595
0.859482
0.8608425
0.8617894
0.8435535
0.8429669
0.8470004
0.8286714
0.8285824
0.8460134
0.8466141
0.856767
0.8914407
0.9084911
0.9088108
0.9468718
1.002277
0.9915984
1.012903
1.067064
1.085161
1.048872
0.996385
0.9980779
1.002776
1.014065
0.9982304
0.9377622
0.8940098
0.8591577
0.8962725
0.9679457
0.9247042
0.8816676
0.9239701
0.9272751
0.8812744
0.8899482
0.9212143
0.8978564
0.8684325
0.892976
0.9142726
0.899691
0.9021438
0.9419667
0.9741123
0.9643884
0.9383931
0.9095219
0.8771988
0.8819998
0.9058082
0.9114677
0.931806
0.9373594
0.9077645
0.8814589
0.9157109
0.9859148
1.024077
0.9992854
0.9430306
0.9268881
0.9190723
0.9008709
0.924614
0.9444931
0.927508
0.9473823
1.012504
1.048538
1.013965
1.003026
1.032219
1.054842
1.026742
0.9561933
0.9641609
0.9736449
0.9209889
0.9075137
0.9297543
0.9407953
0.9348632
0.9261888
0.8954274
0.9186563
0.9847896
0.9747196
0.9480151
0.9223612
0.9073904
0.8727851
0.8726819
0.8963619
0.9005348
0.9515094
0.9588385
0.9221684
0.8646207
0.8479006
0.8562217
0.857961
0.905714
0.9100246
0.9209333
0.9287861
0.8816938
0.9108791
0.9484312
0.9069105
0.9194557
0.9545597
0.9245507
0.9054953
0.9580152
0.9825163
0.9465706
0.9662109
0.9614294
0.9346029
0.9341489
0.9129043
0.9211566
0.9264726
0.96098
0.9911046
0.9246104
0.909052
0.988294
0.9991393
0.9344535
0.9471201
0.9558955
0.893584
0.8599657
0.8633958
0.9231935
0.9452307
0.9080984
0.9230737
0.9388375
0.9083707
0.904197
0.9270931
0.9104415
0.8884612
0.9013134
0.9586034
1.002015
0.9413835
0.9013981
0.9278324
0.9427178
0.9745178
0.9436284
0.9468239
0.984348
0.9107485
0.8874672
0.9515391
0.9651245
0.9256055
0.9281
0.9603342
0.9396443
0.8925943
0.8730735
0.8923552
0.9089304
0.9068104
0.9088925
0.9081014
0.940398
0.9351376
0.938206
1.011907
1.027885
1.017543
1.018188
1.016873
1.018361
1.009289
0.9609101
0.9408836
0.9974039
0.991744
0.9134386
0.9371488
0.9657836
0.9014712
0.9099598
0.9275725
0.8945495
0.8736035
0.8868537
0.896286
0.8798425
0.8920543
0.8827807
0.9013206
0.9564398
0.9425102
0.9262991
0.9188128
0.9065735
0.9163662
0.9032785
0.9168962
0.9544569
0.9653775
0.9600755
0.9141867
0.8887056
0.9148527
0.9271242
0.9265418
0.9347166
0.8960833
0.8906185
0.9114565
0.9078922
0.9707741
0.9966533
0.9480568
0.9137407
0.9286597
0.9685793
0.9723672
0.9320277
0.9195152
0.9606003
0.9609876
0.8977024
0.8950039
0.9493077
0.923973
0.8629819
0.8557373
0.8865626
0.8891571
0.8653343
0.9126888
0.9603171
0.9260289
0.8893753
0.9024728
0.9033936
0.8623049
0.864574
0.8609221
0.8386121
0.8392796
0.8632936
0.8133225
0.7797977
0.9025843
0.9008921
0.8236561
0.8217483
0.8679236
0.9368013
0.9338954
0.9012704
0.9132755
0.9419371
0.9250406
0.887838
0.8916092
0.926197
0.9163004
0.8871718
0.9120586
0.9255029
0.8975668
0.9006368
0.900859
0.8659348
0.857017
0.8793282
0.9303586
0.9540705
0.9148572
0.8774006
0.8795197
0.8737244
0.882578
0.9525747
0.9786341
0.9582544
0.9121402
0.8832876
0.9258211
0.944558
0.9485012
0.9524391
0.9253444
0.9034176
0.8840953
0.8967699
0.9361884
0.9725282
1.005388
0.9839657
0.9515167
0.9625963
0.9911338
1.004539
0.9920562
0.9659062
0.9647724
0.9791908
0.9267919
0.8898581
0.9195229
0.9177804
0.8968955
0.9055469
0.9028081
0.8998093
0.8954272
0.8757183
0.9098169
0.9872197
1.016683
1.008434
0.9937731
0.9745371
0.9730238
0.9445713
0.8923212
0.8911822
0.8881103
0.8923713
0.905034
0.8795314
0.8762491
0.8562004
0.8665604
0.8800043
0.8442354
0.8051776
0.8279353
0.9035298
0.8772498
0.8219017
0.8173046
0.838178
0.8716718
0.8764465
0.8747523
0.878638
0.8763165
0.8804059
0.883798
0.8836212
0.8862564
0.8888629
0.8842562
0.8706774
0.8663676
0.8760664
0.8988846
0.9065664
0.8837644
0.8709604
0.8762221
0.8704281
0.8560112
0.8437802
0.8671912
0.8931013
0.8816634
0.8873834
0.866792
0.8292423
0.823032
0.8222687
0.8326021
0.8290624
0.8218894
0.8353356
0.8338646
0.8464156
0.8638161
0.8496159
0.8527859
0.8636216
0.8459626
0.8474774
0.8759262
0.8868166
0.8772845
0.8564178
0.8493352
0.8530519
0.8632447
0.8678711
0.8663658
0.878877
0.88523
0.8581315
0.8595139
0.9033194
0.9054472
0.8507913
0.8406721
0.91699
0.9475132
0.9388461
0.859313
0.8018588
0.8434231
0.8462
0.8749151
0.8749409
0.8819392
0.8981537
0.9427498
0.9716944
0.9282154
0.98216
0.9191135
0.910343
0.9771828
0.9336378
0.9151914
0.9406104
0.9968407
0.9386259
0.8943824
0.9132747
0.8660925
0.8486835
0.9064802
0.919644
0.909803
0.8963708
0.8857524
0.9500314
0.9985174
0.9999682
0.9736105
0.9389325
0.9146187
0.8953642
0.9102581
0.9262339
0.9288654
0.9388071
0.932841
0.9510647
0.9578187
0.9184261
0.9173772
0.9649529
0.9668998
0.9145111
0.8698989
0.898411
0.9329114
0.9588639
0.8669135
0.8569665
1.06854
0.9970717
0.9353449
0.9894691
0.9777674
0.9760502
0.9562199
0.99578
0.9916026
0.9467172
0.9142769
0.906313
0.9204279
0.9482815
0.9513973
0.9102509
0.9317104
0.9578192
0.929953
0.9503725
0.9858967
0.9570369
0.9179497
0.9607039
1.037205
1.025582
0.9677531
0.9792287
0.9717929
0.9406865
0.96912
0.9869547
0.9770413
0.9378744
0.891443
0.8765715
0.8468458
0.8569409
0.9422085
0.9482812
0.912847
0.9664216
0.9778615
0.9239568
0.926147
0.966811
0.970307
0.9411251
0.918092
0.9550213
1.01198
0.9695233
0.9426149
0.9789206
0.9865125
0.9482091
0.921269
0.9523818
0.9851413
0.9390065
0.9062591
0.938317
0.9108194
0.9120803
0.9386968
0.927538
0.8994388
0.8637872
0.8749268
0.8875119
0.8530864
0.8641139
0.9551304
0.994134
0.9866988
0.9660761
0.9205162
0.9039526
0.8954271
0.8805194
0.9124824
0.9612947
0.9428251
0.9139574
0.9478902
0.977842
0.9514807
0.898373
0.9039711
0.9443574
0.9216533
0.8591323
0.8798722
1.011869
1.040474
0.9685712
0.9880283
0.9883522
0.9345535
0.9509518
0.9541492
0.914194
0.9091484
0.9403344
0.9420741
0.9132954
0.9256808
0.9976313
1.022037
0.9646607
0.9378708
0.9865671
0.9052714
0.8540669
0.9423174
0.9285254
0.9392166
0.8572603
0.781966
0.7973844
0.8099657
0.8909005
0.8940179
0.8769306
0.9697209
0.9284772
0.8660927
0.983297
0.9638909
0.9349104
0.9756488
0.9654103
0.924268
0.9355927
1.011349
0.9133681
0.8830595
0.9732324
0.9650969
0.9419935
0.9122109
0.9385049
0.9849016
0.9791908
0.9424398
0.9596237
0.9673102
0.9300062
0.9821173
0.9431431
0.9325978
0.9428577
0.9280391
1.022613
0.9199076
0.9003499
0.9809686
0.9074392
0.8666048
0.9069183
0.9822562
0.9189301
0.89952
0.9515747
0.8769575
0.822655
0.8269151
0.8125484
0.8359785
0.8975179
0.9388527
0.9741381
0.9707928
0.9516036
0.9274789
0.9448158
1.008816
1.01103
0.97957
0.9109023
0.8527339
0.8695458
0.9107497
0.9251222
0.930004
0.9449303
0.9411617
0.9422601
0.9455494
0.9396735
0.9196054
0.895712
0.9133559
0.9338803
0.9113367
0.8761071
0.888474
0.9613309
0.9756882
0.9087055
0.9224204
0.9554979
0.9349191
0.9404169
0.8948568
0.8521731
0.865735
0.8413508
0.8645912
0.9489157
0.9788337
0.9670102
0.9350165
0.9297819
0.9780703
0.9824409
0.9390003
0.9235093
0.9638785
0.9757222
0.9295524
0.9323417
0.9581996
0.9406795
0.90335
0.9147667
0.9451153
0.9358172
0.8937957
0.9130617
1.005842
1.019949
0.9839735
0.9827758
0.9814626
0.926651
0.8912886
0.9083011
0.919495
0.8938162
0.857779
0.9009926
0.9341771
0.8983696
0.885506
0.8793239
0.858277
0.8494078
0.8566035
0.8767529
0.9080698
0.9491369
0.9627591
0.9260292
0.8880506
0.8878587
0.9128953
0.9406361
0.9565878
0.9430779
0.9124492
0.920061
0.9419345
0.9294418
0.9339798
1.002336
1.015524
0.9693491
0.981987
1.001391
0.9787963
0.9258072
0.9061033
0.9138883
0.9355893
0.9703074
0.9410409
0.9194177
0.94512
0.9691676
0.9611607
0.9144221
0.933996
0.9714763
0.9308001
0.8921358
0.8763428
0.8657249
0.8764618
0.8661268
0.8820575
0.9513966
0.9999554
0.9883397
0.9383096
0.957331
1.007295
1.008982
0.9827981
0.9664612
0.9693044
0.9663142
0.9384402
0.9734435
1.017644
0.9471617
0.9396845
1.005172
0.9960989
0.9452157
0.9425613
0.982118
0.9540649
0.8877083
0.8863841
0.8844602
0.908429
0.9807907
0.9646456
0.903128
0.8913495
0.9104309
0.9264672
0.9482404
0.9678206
0.9725508
0.9614015
0.9070895
0.8903905
0.9211386
0.9087815
0.8582703
0.8814585
0.9752684
1.045517
0.9759345
0.9066447
0.9686359
0.9383405
0.9411814
0.9432111
0.8939852
0.9476846
0.984906
0.9957149
1.007799
1.007366
0.9661646
0.9443513
1.009291
1.043859
1.027627
0.985112
0.9767552
1.030985
1.022672
0.9565709
0.9427008
0.9603557
0.9484691
0.9378388
0.9558803
1.009116
1.004813
0.9599797
0.9879098
1.002827
0.9581443
0.9485935
0.9956443
0.9906203
0.936983
0.9236711
0.9476073
0.945349
0.9113431
0.9104619
0.9131052
0.9063338
0.9249024
0.9729763
0.9976774
1.008169
0.9787742
0.9235566
0.9664728
0.9770876
0.9258187
0.9133737
0.9439789
0.9444916
0.8857861
0.8738766
0.8804075
0.8728177
0.8436826
0.8528621
0.9509829
0.9943965
0.9890795
0.984525
0.9463178
0.92346
0.9443844
0.9725339
0.9714629
0.9660856
0.9435549
0.933077
0.9748024
0.9492115
0.9193207
0.9740843
0.965861
0.9224823
0.9451469
0.944794
0.9252378
0.9269787
0.9265787
0.9560137
0.9294857
0.8806609
0.8847822
0.8272676
0.8143956
0.9115579
0.9749203
0.9838555
0.9789025
0.9609691
0.9733609
0.9159387
0.8968037
0.9501007
1.001829
0.9961833
0.9315796
1.001902
0.9854562
0.8741734
0.9410005
1.007825
0.9423851
0.9143539
0.977537
1.043909
0.9731703
0.8971981
0.9522679
1.048625
1.011377
0.9277206
0.9515263
0.969624
0.9849309
0.9614155
0.9539304
1.051852
0.9626063
0.9231969
1.026015
0.9677686
0.9049667
0.950763
0.9886749
0.9766111
0.9674046
0.8557657
0.7731256
0.8855799
0.9909687
0.9355005
0.8755579
0.8813203
0.941552
0.9814267
0.9612555
0.9309974
0.9320559
0.9641693
0.9541583
0.9590919
0.9848571
0.9609498
0.9272047
0.9283212
0.954834
0.9887973
0.9934802
0.9524122
0.8983204
0.9076418
0.9386899
0.9342298
0.9164436
0.8731948
0.9162814
1.002831
0.9828056
0.940171
0.9560273
0.9840597
0.9693397
0.9251496
0.9194216
0.9587656
0.9812694
0.9690274
0.9152956
0.8848386
0.8830543
0.8910895
0.9121408
0.8945492
0.889036
0.9403817
0.9520074
0.9177607
0.9069449
0.9489231
0.9811828
0.9556052
0.9709244
1.012296
0.9438933
0.9150984
0.9685979
0.973584
0.9189385
0.9227057
1.037356
0.9726458
0.8871584
0.8769888
0.8925841
0.9737674
0.9531319
0.9274344
0.9422794
0.9234518
0.9495611
0.9440923
0.9247944
0.9421931
0.919597
0.925636
0.9210045
0.9007003
0.9722971
1.003434
0.9566035
0.9864544
0.9382468
0.877755
0.9446966
0.9682736
0.9313712
0.9196416
0.9531182
0.9402269
0.9061963
0.9126551
0.9173023
0.9116533
0.9612204
1.032162
0.9995188
0.9824435
1.022641
1.020842
1.007452
0.9842138
0.9275962
0.9454566
1.019413
1.037858
1.018926
0.9813181
0.9836546
0.9584669
0.9155388
0.9741784
1.02643
0.9895518
0.9379075
0.9817098
1.005567
0.9620419
0.9753489
1.003866
0.9726085
0.945338
0.9456249
0.9229925
0.9562953
0.9916316
0.978304
0.9602628
0.9276299
0.9614981
0.9853125
0.9272309
0.9407889
0.9765335
0.9562265
0.9248443
0.8908043
0.8811182
0.923451
0.9279897
0.9035056
0.9058293
0.9256869
0.9637151
0.9202828
0.8923564
0.9120298
0.8991471
0.9169116
0.9630223
0.9486594
0.8933343
0.8901797
0.8985198
0.8709943
0.8837435
0.9535414
0.9381835
0.8996442
0.9062993
0.8914913
0.8834305
0.9349363
0.9285892
0.8849481
0.9544605
0.9212904
0.9069461
0.9845215
0.9669678
0.9294334
0.9190295
0.9420346
0.8910947
0.8509115
0.9005667
0.8582449
0.9087428
1.025237
0.9315991
0.8822394
0.962619
0.9094203
0.8588141
0.9364952
0.8766795
0.8730807
0.9842785
1.004788
0.9915864
0.9824706
1.057339
1.001
0.9178294
0.9673503
0.9817636
0.9044373
0.8631685
0.9743168
0.9744809
0.9333631
0.9901265
1.017255
0.995167
0.9734499
0.9642553
0.9047256
0.8687838
0.9075991
0.8934237
0.8985962
0.9435878
0.9535278
0.9655797
0.9862196
0.9924611
0.9608634
0.9656536
0.9865273
1.008397
1.005013
0.9982173
0.9311941
0.7615618
0.859057
1.016754
0.9649454
0.9600341
0.9572065
0.9579276
0.8885364
0.9050711
1.012967
0.9544245
0.9342333
0.9655463
0.9698193
0.8597428
0.8413773
0.8951148
0.8935552
0.9867815
0.9747717
0.9615469
0.9928337
0.9935592
1.034269
1.027936
0.9335644
0.9540623
0.9955242
0.974268
1.059145
1.032689
0.955076
0.9319066
0.9538764
1.023356
1.029751
1.000365
0.9581664
0.9577087
1.016691
0.9529524
0.8927804
1.013594
0.95622
0.9470557
1.056154
1.004685
0.9881656
0.955253
0.9223269
0.9796176
0.9514118
0.9370168
1.02317
0.9766357
0.9116063
1.001508
1.018701
0.9108927
0.9153675
0.9830447
1.032633
1.000009
0.9013801
0.9709923
1.038403
0.9966807
1.025705
0.9531904
0.9122477
0.8634891
0.8650908
1.017221
0.9961856
0.9329529
0.9336587
0.9627236
0.9919066
0.9756679
0.8938324
0.9088974
0.9769689
0.9344941
0.8953998
0.8791143
0.8857963
0.8933892
0.8690545
0.8746629
0.8616543
0.8636082
0.9522849
1.007264
1.004042
1.003987
0.9816303
0.960927
0.9617927
0.9546412
0.972573
0.9666997
0.9252743
0.9329337
0.9319453
0.9390277
1.003006
1.015528
1.003328
1.003078
0.9745288
0.9872182
1.019056
0.9925046
0.9491617
0.9364005
0.9665695
0.9863654
0.9899927
1.02384
0.993558
0.9373023
0.957957
0.9765679
0.9501538
0.9644191
0.9835184
0.9466338
0.9505181
0.9845084
1.010635
0.9880825
0.9226758
0.9246829
0.9527049
0.9518598
0.9248088
0.8896685
0.8839616
0.8862528
0.8594627
0.879797
0.9737115
1.001834
0.9870951
0.9752849
0.9465482
0.9701437
0.9919787
0.9758959
0.9692229
0.9783235
0.9591446
0.9236666
0.9466994
0.9364174
0.9108522
0.9440857
0.9713458
0.95122
0.8976874
0.8768578
0.8823789
0.8985039
0.9224377
0.9164632
0.9374862
0.9462726
0.893466
0.8788245
0.8884465
0.8882455
0.8936549
0.9028437
0.8791904
0.8457413
0.8380458
0.8379716
0.8827457
0.896234
0.881843
0.8860428
0.8598644
0.8555351
0.891298
0.8910691
0.8558721
0.8491979
0.8595273
0.8697347
0.8587678
0.8667278
0.8904395
0.8987693
0.9025407
0.8915956
0.8791049
0.8694992
0.9247431
0.9733096
0.9355209
0.9311797
0.96852
0.9442789
0.9087283
0.9302946
0.9483074
0.951529
0.9602109
0.9634773
0.9523107
0.9542891
0.9650369
0.9745016
0.948182
0.9311108
0.9783901
0.9937379
0.9666544
0.9243459
0.9621071
0.9110648
0.8820934
0.944383
0.9401137
0.9230376
0.8879049
0.9035091
0.9112465
0.9167636
0.8987412
0.9142992
0.9162208
0.917155
0.9274583
0.9491284
0.957926
0.8977365
0.8968632
0.9144903
0.9176263
0.9078991
0.9064495
0.9085799
0.9036447
0.886882
0.8706469
0.8861777
0.8975596
0.9198552
0.9931098
1.020034
0.9819604
0.9809591
1.041633
1.025687
0.9306434
0.9022693
0.8629435
0.8584739
0.9378315
0.932972
0.9438902
0.9564175
0.9447171
0.9432262
0.9563762
1.037162
0.9640529
0.9264845
0.9202904
0.86025
0.9477902
0.9021047
0.9084986
1.000987
0.8978766
0.8903505
0.9427488
0.9202443
0.9637294
0.9894182
0.9506269
0.9179762
0.9480418
0.958914
0.8807282
0.8753121
0.9758314
1.024557
0.9455717
0.9344657
0.8441326
0.8158163
0.970561
1.010993
0.9463601
0.9226017
0.9710608
0.9745268
0.9074369
0.8954128
0.9609229
0.9105023
0.8857863
0.960413
0.979527
0.9493266
0.934436
0.9533726
0.9315117
0.9733265
1.020389
0.968442
0.9637115
0.9054875
0.9468244
0.967704
0.8836942
0.8770783
0.9092433
0.9157234
0.8854273
0.9560793
0.9648847
0.8814088
0.9515114
0.9589532
0.921883
0.9993755
0.9387886
0.8690848
0.9253396
0.9879018
0.9771128
0.8987372
0.8718484
0.9350803
0.8704972
0.8573561
0.9443635
0.9671354
0.9143935
0.8990231
0.9908807
0.9133306
0.8767873
0.8814445
0.8774057
0.9386346
0.9120548
0.8952921
0.9163542
0.9436585
0.9769622
0.9701858
0.9200933
0.9221313
0.9984905
1.050295
1.011336
0.9731092
0.9634627
0.9551011
0.902684
0.8729227
0.843507
0.8230042
0.9310566
0.8901574
0.809423
0.7469214
0.7518534
0.8983134
0.8823749
0.7954416
0.7982121
0.8805324
0.902334
0.85556
0.8275243
0.8116783
0.8162776
0.8073371
0.798007
0.9257531
0.9989985
0.8135742
0.7731625
0.8639521
0.8543328
0.8566416
0.8739697
0.8433578
0.8681655
0.8810528
0.8467466
0.9164327
0.9059212
0.8130275
0.8038634
0.9082317
0.9355375
0.8542262
0.7886738
0.748059
0.7664362
0.8018693
0.8121721
0.7993445
0.7916844
0.7865537
0.8046616
0.8063943
0.7828849
0.7934312
0.8154655
0.8108214
0.7868515
0.8037949
0.8294818
0.8138828
0.804398
0.8166119
0.8629843
0.8702956
0.8282094
0.8209639
0.8261783
0.8015264
0.797999
0.8011842
0.7733586
0.7785882
0.7811872
0.7672965
0.7789126
0.7886834
0.7853356
0.7883132
0.7943622
0.7887291
0.7775993
0.7895041
0.7935643
0.768268
0.7373011
0.7441189
0.7805919
0.7674605
0.758978
0.7740727
0.7620096
0.7499037
0.754999
0.7556266
0.7467437
0.7602496
0.7569868
0.7370126
0.7449329
0.7520352
0.7466817
0.7349255
0.7358008
0.7364489
0.7261452
0.7308446
0.7518915
0.7588893
0.7440215
0.7402379
0.755515
0.7651348
0.746201
0.7341947
0.7447965
0.7361838
0.7446377
0.7848987
0.8010159
0.8058817
0.7989782
0.8011164
0.8217405
0.8155742
0.8001319
0.7986343
0.822251
0.836919
0.8284704
0.8123278
0.8193159
0.852842
0.8412353
0.816278
0.8202644
0.8141241
0.7962485
0.7862058
0.7942493
0.802296
0.7732419
0.7777651
0.7878111
0.7573348
0.7667286
0.7806903
0.7826207
0.7985458
0.8209743
0.8233932
0.799457
0.7824213
0.7880981
0.7989262
0.7798974
0.7579734
0.7451126
0.7485188
0.7708476
0.7703793
0.776041
0.7904637
0.8341176
0.8179897
0.8477472
0.9535435
0.886968
0.8350701
0.8354063
0.8372795
0.8591454
0.8322856
0.8130927
0.7946031
0.7711802
0.7626039
0.7580351
0.7510733
0.7348395
0.7830515
0.8533939
0.835886
0.8088255
0.8138503
0.8117184
0.7974295
0.7018395
0.7254789
0.861016
0.7818189
0.7447989
0.7612258
0.7632264
0.7295554
0.7112892
0.8012971
0.7535762
0.7256391
0.737329
0.7363671
0.7650685
0.7543325
0.7443457
0.7574097
0.7585792
0.7426239
0.7395308
0.7530705
0.7472884
0.6977313
0.7008055
0.6857431
0.6259903
0.5964678
0.6151648
0.5772231
0.616546
0.8043617
0.763599
0.6899707
0.7193327
0.6421117
0.6638962
0.8290898
0.8764875
0.8270447
0.7484266
0.6767287
0.7035132
0.6743371
0.6671322
0.7733756
0.734831
0.6959243
0.7166121
0.7066117
0.7140002
0.6923188
0.68151
0.6773647
0.658172
0.6572166
0.6933057
0.7146112
0.6951701
0.7040373
0.7004395
0.6937582
0.6803319
0.6631851
0.6787514
0.6462358
0.5768884
0.6332598
0.7499613
0.6957768
0.6716594
0.67478
0.6632319
0.6886597
0.6831862
0.6757618
0.6872911
0.7221152
0.6971682
0.6860034
0.6871218
0.6597446
0.6435718
0.6773894
0.7172919
0.687689
0.6896638
0.6909061
0.6690897
0.6748229
0.683584
0.6841431
0.6706459
0.6833291
0.6990127
0.6933968
0.6882424
0.6998926
0.7220855
0.7215354
0.7241812
0.733843
0.7151381
0.6578024
0.6628422
0.6238664
0.70959
0.885472
0.7629642
0.7088166
0.7348696
0.7402631
0.7869652
0.773449
0.7847575
0.7691996
0.7527491
0.7608993
0.7661457
0.786393
0.7713416
0.7815952
0.8059575
0.7913787
0.7851687
0.7893847
0.8097689
0.8278325
0.8298746
0.8224151
0.807509
0.8003889
0.8004739
0.7850232
0.7851212
0.7992117
0.7844047
0.7823223
0.7843887
0.7645921
0.760036
0.7888599
0.7769432
0.7350937
0.7274843
0.7188272
0.709825
0.7105498
0.747947
0.7676926
0.7373832
0.7433731
0.766701
0.7466446
0.7292955
0.7475199
0.7500027
0.7234044
0.7084139
0.7172871
0.7338206
0.7299137
0.7331009
0.7447811
0.7384336
0.7301469
0.7446819
0.7662297
0.7386748
0.7461153
0.7742829
0.7464017
0.7290225
0.7585002
0.7700885
0.7533301
0.7753446
0.7991721
0.7696823
0.7718001
0.8016446
0.7637604
0.7526626
0.7699066
0.7931585
0.8067572
0.8124973
0.8327838
0.7880732
0.767632
0.7868497
0.7754346
0.7542497
0.7710794
0.7942623
0.7659607
0.7613135
0.7798609
0.7710794
0.7608247
0.7591801
0.7790907
0.7974776
0.79584
0.8005082
0.774953
0.7607885
0.7867011
0.7882356
0.7808903
0.7952783
0.7950052
0.7689939
0.7765508
0.7950608
0.7931743
0.8151051
0.842156
0.8137256
0.7630437
0.7591238
0.7747749
0.7634819
0.7444436
0.7659067
0.7676625
0.747449
0.7565325
0.7386379
0.7067103
0.729744
0.7796374
0.8087917
0.8086906
0.7864944
0.7942756
0.7564664
0.7471725
0.808579
0.7970616
0.7998032
0.8347299
0.8350874
0.8249916
0.8305858
0.8167898
0.8218225
0.8019342
0.7957565
0.86334
0.7885307
0.7896104
0.8360357
0.8297537
0.8670585
0.8202491
0.7868602
0.8211786
0.846872
0.845187
0.9164559
0.9029514
0.8605954
0.8904849
0.8757205
0.8689142
0.8714359
0.8910148
0.8658062
0.8179856
0.8183049
0.8172606
0.8128147
0.8103155
0.7885169
0.8482593
0.8900716
0.7545003
0.7004547
0.747025
0.7100598
0.6592559
0.6699175
0.680948
0.6877388
0.6945796
0.6742315
0.6986875
0.7413116
0.6819191
0.6709638
0.7250163
0.6929073
0.7092883
0.7087276
0.6892606
0.7099954
0.7162164
0.7080533
0.7097141
0.7227158
0.7313984
0.7293551
0.7078353
0.7250653
0.7375311
0.7465037
0.7498696
0.7169235
0.7178605
0.7294837
0.7031667
0.7074091
0.7288284
0.7398347
0.7437539
0.7129965
0.7102056
0.729974
0.7196717
0.6772965
0.686143
0.7122387
0.7227326
0.6729305
0.7154709
0.8713665
0.8731189
0.9175407
0.8499771
0.7679814
0.8604821
0.8334332
0.8279257
0.8093342
0.8060188
0.9121868
0.9045981
0.8686199
0.8678825
0.8531361
0.8769123
0.8910185
0.8726191
0.81791
0.8150329
0.889153
0.8396051
0.7996494
0.8451141
0.8296947
0.8201129
0.8167345
0.7899467
0.787994
0.8184911
0.8333756
0.8365182
0.8384614
0.8159804
0.8025313
0.7990046
0.7943394
0.7747401
0.7686016
0.8156743
0.8116558
0.8058224
0.8287342
0.8103495
0.79711
0.7967951
0.7828623
0.7807258
0.7798156
0.7730219
0.7974353
0.7964233
0.7856921
0.7942265
0.7816234
0.7595241
0.7473793
0.7480727
0.7540312
0.7531419
0.7527359
0.7512748
0.7720634
0.8082208
0.8064955
0.795846
0.7758229
0.7577099
0.7766714
0.7747417
0.769495
0.7821593
0.7639244
0.8242901
0.8252208
0.7670263
0.837288
0.8212911
0.8028744
0.8319769
0.805281
0.7851547
0.777753
0.7792822
0.7806675
0.8081366
0.8115161
0.7891089
0.7997558
0.8025505
0.7917029
0.7900101
0.7882721
0.8132682
0.8191765
0.8131152
0.8344895
0.8346681
0.803908
0.8126905
0.7747816
0.7691543
0.8779944
0.8605216
0.8250636
0.8228622
0.8123327
0.8182038
0.8086291
0.8141295
0.8156966
0.8152665
0.8136447
0.8359726
0.8718394
0.8592308
0.8567703
0.886642
0.8912819
0.85553
0.8610113
0.9167536
0.8953355
0.8556465
0.8890925
0.9142985
0.8453728
0.807203
0.8352075
0.8276251
0.7926505
0.8408554
0.9210119
0.8881938
0.8679255
0.9038921
0.8754952
0.822523
0.8287037
0.8339734
0.8114113
0.7970722
0.7880004
0.784517
0.7820756
0.7681158
0.7882973
0.8272739
0.8258943
0.8193971
0.8189502
0.8254342
0.819914
0.8147783
0.839703
0.8279428
0.8142023
0.8532228
0.8565879
0.8606779
0.9064576
0.9300662
0.9187198
0.8840299
0.8883375
0.8833095
0.8578908
0.8720917
0.8635219
0.8705067
0.9177107
0.9203691
0.8878359
0.8962858
0.9213462
0.8856027
0.8538721
0.8618446
0.8615678
0.8744043
0.9033214
0.9285651
0.9143864
0.8727649
0.8847424
0.9068162
0.8950529
0.8674005
0.8837964
0.907811
0.8890675
0.8935009
0.8722155
0.8533205
0.8542349
0.858571
0.874888
0.8682273
0.8460158
0.8270878
0.7988229
0.8071271
0.8439317
0.82514
0.8124304
0.8078583
0.7793231
0.7728215
0.7704721
0.7470047
0.7414047
0.7384668
0.7222608
0.7171867
0.7381104
0.7339437
0.7177305
0.7284374
0.7293621
0.743202
0.7259516
0.7156258
0.7561669
0.7769549
0.778938
0.7879067
0.739155
0.7254872
0.8046734
0.7969956
0.7803933
0.7922191
0.76617
0.7695476
0.7794206
0.7538717
0.7288967
0.7435149
0.7614206
0.7550847
0.7629045
0.7543809
0.7352096
0.7352256
0.7208163
0.7295892
0.7569698
0.7643609
0.7611938
0.75716
0.762473
0.7533723
0.7537869
0.7596265
0.7481297
0.7517053
0.7375923
0.739837
0.7495188
0.7401099
0.7425078
0.7292182
0.7328412
0.7338202
0.7177147
0.7163014
0.7213663
0.7359733
0.7439915
0.7419853
0.7188021
0.7054482
0.7124505
0.7062578
0.6922041
0.7007164
0.7306216
0.7309142
0.7304725
0.7424521
0.7378755
0.7215574
0.717281
0.7262824
0.7239585
0.7229381
0.7311387
0.7208304
0.7191067
0.72585
0.7086674
0.7063887
0.7012537
0.6961023
0.7117362
0.7117794
0.708337
0.7045054
0.6984134
0.6982987
0.6979662
0.7257358
0.7435066
0.7221167
0.7214475
0.7243671
0.7044024
0.6971727
0.6880528
0.6842871
0.7049523
0.7112964
0.7129609
0.7148003
0.7063525
0.7019185
0.7045572
0.6901696
0.6951482
0.7262969
0.7192227
0.7212149
0.7356625
0.7247866
0.7204552
0.7230324
0.7187565
0.7055072
0.7134683
0.7316336
0.7581459
0.7448747
0.7221016
0.7659561
0.7507511
0.7277149
0.717134
0.6992456
0.7082098
0.6949932
0.7030497
0.7198283
0.708306
0.7121859
0.7219428
0.7095949
0.7035308
0.7029191
0.7116135
0.7354528
0.7460868
0.7473884
0.7458351
0.7316029
0.7247367
0.7369365
0.739358
0.7289982
0.734299
0.7449709
0.7781336
0.7492069
0.7439517
0.8451257
0.8428783
0.7796832
0.7838688
0.821064
0.8132516
0.7875436
0.805244
0.8207352
0.8016336
0.7763444
0.7640494
0.7929007
0.8255501
0.8210803
0.8319039
0.8386851
0.8077433
0.7880118
0.7939424
0.7967765
0.7939019
0.7702235
0.7690244
0.7911948
0.7856611
0.7995316
0.8121429
0.7916923
0.7726179
0.7787311
0.7771027
0.7660709
0.7737287
0.789308
0.804628
0.7858346
0.7923777
0.8318908
0.8271708
0.8015622
0.8025082
0.8145978
0.8206598
0.8472498
0.8414177
0.7990585
0.7933328
0.7838827
0.7637769
0.7558493
0.7452416
0.7335533
0.7193904
0.7269602
0.7604228
0.7819324
0.7657313
0.7641484
0.7663741
0.7479203
0.7533016
0.7495078
0.7479151
0.7500561
0.7787791
0.8252606
0.8269734
0.8511659
0.8656722
0.8257428
0.8238588
0.8449669
0.8438623
0.8780325
0.9019951
0.871196
0.8551728
0.8741539
0.8857386
0.8470627
0.8438834
0.920606
0.9387169
0.8798315
0.8820734
0.9275904
0.9089753
0.8737002
0.8777789
0.8873184
0.8898438
0.8964219
0.9134115
0.9207345
0.8565726
0.8725844
0.9340581
0.9237178
0.900105
0.8838488
0.9129901
0.9108706
0.886969
0.8956289
0.9070664
0.8746037
0.8875167
0.8958828
0.8466352
0.8068453
0.8035244
0.8068027
0.8064913
0.8229893
0.8037581
0.8124415
0.8247406
0.8035407
0.8246441
0.8518113
0.8239206
0.8366341
0.9359545
0.9795767
0.9311771
0.9244708
0.9313115
0.9099263
0.8721003
0.8819013
0.9815864
1.003741
0.951028
0.9496195
0.9610931
0.9475537
0.9069413
0.9057225
0.9739447
0.971978
0.9376867
0.9461639
0.9662066
0.9652008
0.9387003
0.9448452
0.9718071
0.9705627
0.9399689
0.9531175
0.9735669
0.9691203
1.007739
0.9614363
0.9310709
0.919395
0.9216052
0.9479418
0.95106
0.9773886
0.9080644
0.9681441
0.9660874
0.8529543
0.9256191
1.012286
0.9590383
0.9156819
0.9866696
0.9557594
0.8005302
0.8543192
0.96344
0.9319568
0.9643948
0.8832638
0.9015761
0.982158
0.9267512
0.9238865
0.9170571
0.9781723
0.9747889
0.9309822
0.9923502
0.9761258
0.9157356
0.9068394
0.9903402
0.9940573
0.9393804
1.018284
0.9461002
0.8935927
0.9234052
0.8183595
0.9006538
1.024746
0.9218963
0.8988911
0.9367466
0.9612008
0.9948192
0.9330952
0.9234931
0.9653514
0.8759463
0.8192044
0.8778239
0.9987228
1.02471
0.9234192
0.9376468
0.9702244
0.9637854
0.9448898
0.9354312
0.9687655
0.9751977
0.9393785
0.9253453
0.9634335
0.9682781
0.9338658
0.9257684
0.9466577
0.9489533
0.9369233
0.9375347
0.9502894
0.9774024
0.9524043
0.9311884
0.9426711
0.962333
0.9480827
0.9312264
0.9793215
1.000264
0.9753045
0.8930816
0.9267693
0.9961477
0.9385277
0.9255052
0.9180497
0.9003097
0.9046634
0.927293
0.9519664
0.9667278
0.9603459
0.9535352
0.9387409
0.911689
0.9642904
0.9820521
0.9447971
0.8838527
0.9499049
1.036507
0.9128872
0.9284079
0.9722912
0.9220753
0.91848
0.9205643
0.9290693
0.9305562
0.9071949
0.9444537
0.9752112
0.9625388
0.9407486
0.9267909
0.9495454
0.9251395
0.9179983
0.9142189
0.9452378
0.8622719
0.872005
0.9230831
0.8843468
0.926794
0.9511558
0.9122109
0.912572
0.9629225
0.9163505
0.9174044
0.9200038
0.9147599
0.888229
0.9020412
0.9346758
0.9318652
0.9207131
0.9052538
0.9020759
0.9209192
0.9602484
0.9224404
0.9016695
0.8834947
0.9145372
0.9163446
0.854001
0.8229578
0.8010476
0.8549508
0.8788871
0.8496627
0.8633141
0.914692
0.9059554
0.8884739
0.9370731
0.9652208
0.9197088
0.9347549
0.9855562
0.9444273
0.9136858
0.934661
0.9549161
0.9297069
0.9102806
0.9432651
0.9828903
0.855301
0.8627658
0.9215896
0.9274652
0.9737457
0.9216585
0.9046396
0.9171834
0.959094
0.9458005
0.9356351
0.879026
0.8916188
0.9662903
0.8764306
0.9109831
1.011575
0.9731946
0.9451239
0.951158
0.9564853
0.8947961
0.9022187
0.9455583
0.851119
0.7684459
0.8391853
0.8512999
0.7297108
0.8667762
0.9602058
0.7715251
0.723946
0.7492806
0.7375831
0.7389302
0.7316451
0.9047604
1.037436
0.9612544
0.9532536
0.9754235
0.9386796
0.9246112
0.9748916
0.9194437
0.8877263
0.9824527
0.9488168
0.9282986
0.9433401
0.9546246
1.013427
1.008827
0.9658691
0.9972869
0.9771102
0.9709752
1.053276
1.030366
0.9543904
0.9918266
1.08035
0.9682985
0.9219942
0.9349715
0.977145
1.026496
0.9450544
0.9405137
0.9582725
0.9669864
0.9444561
0.9780239
0.9846521
0.9503508
0.9401954
0.988422
1.028053
0.9813577
0.9733116
0.9605178
0.9778313
0.9791287
0.9261848
0.957385
0.9835094
0.9671065
0.9591716
0.9817742
1.042282
0.9159356
0.8893825
0.9729222
0.959541
0.9728094
0.946681
0.9566383
0.9413803
0.8919985
0.9421284
0.9603791
0.9512197
0.9578483
0.9495028
0.946735
0.9552147
0.986213
0.9402325
0.9412877
0.9365842
0.8655402
0.9228904
0.9818489
0.9576307
0.9339461
0.9418075
0.9460577
0.9075646
0.9112679
0.9540224
0.9452473
0.9197139
0.9245289
0.9459851
0.9518554
0.9337756
0.9312338
0.9555972
0.9426308
0.8944204
0.915884
0.9333942
0.9446693
0.8478559
0.8198869
0.9019909
0.899165
0.9626833
0.9214047
0.8894966
0.8922628
0.8748472
0.9307872
0.9474296
0.9420261
0.9465681
0.9150284
0.8419943
0.8740807
0.8890356
0.8546378
0.8922959
0.8671389
0.8637215
0.8391889
0.8037492
0.8476935
0.8639397
0.8759836
0.8288452
0.7969336
0.8346371
0.853839
0.8715249
0.8879814
0.9056391
0.9226748
0.9366928
0.9308421
0.937996
1.004424
1.04436
1.016722
0.9903265
0.9837132
0.9783825
0.9556888
0.9299148
0.8240235
0.7728108
0.8085328
0.904482
0.9870953
0.9004593
0.8799694
0.9222262
0.9757697
0.9733234
0.9258275
0.941713
0.9767705
0.9122312
0.8835529
0.9742675
0.9888774
0.9257731
0.9330017
0.9189802
0.9028113
0.9467421
0.9258622
0.9212511
0.9099269
0.9525952
0.9333459
0.9416186
1.006381
0.9341582
0.9529071
0.9664814
0.947716
0.9727061
0.9084499
0.8913751
0.9274064
0.9001284
0.8991089
0.9400875
0.9370713
0.8811886
0.9027249
0.9601506
0.8782667
0.8186689
0.7795585
0.8128588
0.9161087
0.8835903
0.8596123
0.9290469
1.015042
1.010288
0.9528164
0.963248
0.9736885
0.9765778
0.9545225
0.9379568
1.006555
1.010061
0.9607455
0.9673513
0.9981009
0.98256
0.9130852
0.9472065
0.9826404
0.9738432
0.9713375
0.9337814
0.9866456
0.9192291
0.9290504
1.021381
0.9085262
0.9531973
1.008166
0.9438797
1.005351
0.9679843
0.9765274
1.117994
1.089546
1.001636
0.9634299
0.9635508
0.9869233
0.9927504
0.9605626
0.9482195
0.9773801
0.97689
0.9802459
1.011571
0.9620802
0.9357094
0.9743661
0.9923789
0.9874545
0.9547826
0.9476796
0.8581569
0.8260702
0.8853483
0.886049
0.9893897
1.012725
0.9355485
0.9744305
0.9867906
0.9408314
0.9146328
0.9482142
0.987546
0.9595902
0.9390574
0.9708156
1.004516
0.98336
1.012023
1.033875
0.9690804
0.9363498
0.9288877
0.9006852
0.8783626
0.9360348
1.032682
1.039071
0.9881215
1.017127
1.035503
0.9811942
0.9573221
0.9867932
1.017189
0.9740668
0.9474161
0.9960489
1.016512
0.9530686
0.9597545
1.036856
1.001679
0.9567569
0.9643516
0.9949707
1.010068
1.001382
1.039064
1.018323
0.9536527
0.9587357
1.015312
1.015709
0.9503252
0.9550413
0.9964679
0.9821363
0.9671951
0.9580896
1.01902
0.9747667
0.8186356
0.9352534
1.032842
0.9617522
0.9387285
0.9616403
0.9805705
0.9555822
0.948115
0.9736746
0.986155
0.9755816
0.98924
0.9928807
0.9612778
0.9586194
0.9643712
0.93604
0.9254186
0.9185154
0.9238416
0.9247431
0.9638682
1.015043
0.9202948
0.8635336
0.8748222
0.8757257
0.8868003
0.8954139
0.9155928
0.9174681
0.9239582
0.9406975
0.9330748
0.9094651
0.9117264
0.9319819
0.9266035
0.9073458
0.9122564
0.9294367
0.9290115
0.9061741
0.8959745
0.9071317
0.8986934
0.8804458
0.8903913
0.9030589
0.8998106
0.9041176
0.915725
0.917382
0.9184487
0.9186268
0.889169
0.8678998
0.8839739
0.8833942
0.8642811
0.8629176
0.8563326
0.8471422
0.8496142
0.8661099
0.8508092
0.8553684
0.9052374
0.8880806
0.8694452
0.8655893
0.8814587
0.9131652
0.9441328
0.9633261
0.9240412
0.8834539
0.9023285
0.9890521
1.007343
0.9592547
0.9536309
0.955248
0.9445757
0.9324468
0.9339722
0.9825793
1.03195
0.9954562
0.9513322
0.9504438
0.9777575
1.002802
0.9683592
0.9759137
1.021867
0.9689095
0.9130023
0.9946029
1.042202
0.9726215
0.9796416
0.9916186
0.9426915
0.923095
0.9768639
0.9842841
0.8931648
0.9701315
1.061044
0.9661649
0.9924135
1.038055
1.005187
0.9793086
0.9330436
0.9715542
0.9818716
0.9670485
1.015737
1.058895
1.001901
0.9464686
0.9023572
0.8935434
0.9303748
0.9129824
0.8867243
0.8851777
0.9353839
0.9771651
0.9924932
1.021268
1.019775
0.9823925
1.013691
1.039664
0.9609265
0.9395374
1.023076
1.016831
0.9319607
0.9635417
1.004999
0.9279501
0.9114987
0.9721976
0.9962357
0.9733803
0.9655947
0.9998708
0.9855311
0.9486917
0.9534804
0.9583569
0.9303325
0.9008213
0.9101226
0.9222298
0.9266011
0.9372285
0.9870832
0.9963165
0.9415244
0.9291085
0.9575746
0.982353
0.9664216
0.9888541
1.014175
0.9705126
0.9737511
0.9870471
0.9229881
0.9003495
0.9488202
0.9343672
0.8769048
0.8970125
0.9595496
0.961491
0.9187514
0.8827139
0.8099428
0.7541981
0.9368851
1.009571
0.76682
0.8110121
0.973112
0.9612874
0.9892891
0.9752041
0.9747407
0.9709647
0.9952974
1.00153
0.9304852
0.9489497
0.9709932
1.03667
0.9361164
0.873055
0.953974
0.9422124
1.035714
1.028753
1.012833
1.040144
0.9930204
1.002825
1.027946
1.03542
1.039898
1.04036
1.042567
1.038885
1.031245
1.013565
0.9754705
0.9699312
0.9926504
1.020287
1.018689
0.9905313
1.004719
1.026871
1.010468
0.9942084
1.00385
1.026461
1.019059
0.9700252
0.9790163
1.017003
1.033733
1.031533
1.001235
1.009018
1.016721
1.024553
1.018731
0.9906335
1.008897
1.020914
0.9975389
0.9851702
1.016762
0.9912812
0.9947301
1.097773
1.091146
1.011195
0.9359629
0.8922018
0.8788431
0.8359992
0.8557689
0.9417039
0.9722279
0.8844772
0.7303122
0.7149318
0.9204048
1.064285
1.030537
0.9485477
0.9267187
0.9631674
0.8904181
0.8381596
0.8354988
0.8171909
0.8762917
0.8826584
0.8793724
0.8039849
0.7666782
0.9633618
0.9851321
0.9280492
0.9467727
0.9094931
0.8912509
0.9400867
0.9829447
0.9511419
0.9052882
0.902867
0.944644
0.9365836
0.9225591
0.9395751
0.9171239
0.9377219
0.9998129
0.9721799
0.9482145
0.9266439
0.9223183
1.00154
1.022445
1.018998
1.035684
1.002354
0.9674403
0.9506818
0.9465267
0.9478424
0.8917251
0.8905028
0.9686484
0.9868745
0.9788291
0.9670759
0.9180881
0.8463456
0.7506969
0.8922706
1.090695
0.8878534
0.8062174
0.933701
0.8657479
0.823519
0.871766
0.8897546
0.8931881
0.8980163
0.919542
0.9386438
0.9280336
0.9060928
0.8882092
0.8414393
0.8530787
0.9191499
0.9275311
0.9313011
0.9135999
0.8920978
0.8858107
0.8837242
0.9208843
0.9462635
0.9671101
0.9740478
0.9192798
0.8934475
0.8935649
0.8810938
0.9006262
0.949781
0.9596658
0.9184974
0.8896388
0.8467429
0.813941
0.8194161
0.8342108
0.8480629
0.8795223
0.8941115
0.8612446
0.8440544
0.8556899
0.9100795
0.9395169
0.9040329
0.8952347
0.9144558
0.9070417
0.8681361
0.8811695
0.9258679
0.9264358
0.9228188
0.9166581
0.9109083
0.9010964
0.8752009
0.8651774
0.8867835
0.884761
0.8804531
0.9199582
0.9663584
0.9921491
0.9568991
0.9019758
0.951138
0.8889978
0.775438
0.9141056
0.9826496
0.9402315
0.8967781
0.8476089
0.8560904
0.9133611
0.9522463
0.9117675
0.9282301
0.9470177
0.8684571
0.8929474
0.9517103
0.967221
0.9746195
0.8826121
0.863502
0.8924585
0.9003581
0.9088924
0.8989013
0.902768
0.9132623
0.9158752
0.9056297
0.9037484
0.9186448
0.9183593
0.8974605
0.897981
0.9209471
0.8547071
0.7875409
0.8163427
0.8357856
0.8662495
0.8665286
0.8689158
0.8359024
0.8290402
0.8924343
0.8778599
0.8549678
0.8568164
0.8807288
0.9069722
0.9188055
0.9203283
0.8857239
0.8601806
0.8796691
0.9095817
0.8988798
0.8518205
0.8234526
0.8567886
0.9179029
0.9235498
0.8864887
0.8941995
0.9066083
0.9241229
0.9701568
0.9662961
0.952167
0.9741861
0.9830745
0.9603248
0.9909062
1.020789
1.011366
1.001424
0.9962937
0.9753153
0.9383924
0.9354917
0.9728772
1.03429
0.9937817
0.9542493
1.022051
1.053847
0.9991212
0.9785128
1.046172
1.047098
0.9693227
0.9638942
0.967883
0.975749
1.014924
1.000772
1.023416
1.052026
1.016792
0.9724265
0.9440425
0.9601897
0.9844327
0.9564291
0.9511034
1.006807
0.9862287
0.9690995
0.9537615
0.9439623
0.8795481
0.7824959
0.9291935
0.9520421
0.8662532
0.8989615
0.9128353
0.906203
0.8930727
0.8807353
0.8282144
0.8250461
0.9066421
0.9641238
0.9841567
0.9654758
0.9100082
0.917114
0.9907921
1.019561
0.9876843
0.9471575
0.9551199
0.9793167
0.9439593
0.9043116
0.9146999
0.9364927
0.9236592
0.9179401
0.9695087
0.9908515
0.9301239
0.9191537
0.9656338
0.9735023
0.9433473
0.9317636
0.9145288
0.8837488
0.9155842
0.9380989
0.8830269
0.8859723
0.9471794
0.9617448
0.960681
0.9621618
0.9718632
0.9732321
0.9936876
0.9875894
0.9408423
0.9205153
0.9370149
0.993697
0.9779439
0.9356089
0.9788754
0.9779777
0.952583
0.9849548
0.962745
0.9226689
0.9623358
0.9904387
0.9439076
0.9190325
0.9141367
0.8762065
0.8507691
0.8654955
0.9070749
0.9460833
0.9276994
0.8961253
0.9008859
0.8636715
0.8379886
0.8984453
0.9211334
0.8895592
0.9125038
0.9164247
0.8849051
0.8806426
0.9036932
0.9236438
0.9362432
0.9466369
0.9161691
0.8748827
0.8877864
0.9664913
0.9781532
0.9555891
0.978466
0.9556556
0.9131428
0.9180669
0.9551148
0.9446919
0.9110501
0.9163155
0.8754487
0.8795327
0.9807393
0.9813706
0.9222068
0.9347905
0.9617276
0.9339812
0.9007287
0.8977583
0.8824524
0.8662414
0.8422427
0.8741783
0.9377394
0.8984887
0.8917115
0.9287099
0.9357008
0.9048985
0.8678418
0.9097549
0.9583543
0.9897168
1.002221
0.9533623
0.9218896
0.9356319
0.9711449
1.044023
1.040772
1.009472
1.038671
1.070459
1.063299
1.023496
1.030667
1.067277
1.059044
1.001421
1.00788
1.043946
1.003111
0.9696072
0.9758736
1.00283
1.00036
0.9694477
0.9656024
0.9367025
0.9180774
0.8935161
0.8800633
0.8350226
0.9005662
1.031421
0.9456943
1.003204
1.022464
0.949087
1.032963
1.008554
0.9335912
0.9353647
0.9724023
0.9729817
0.9501643
0.9590351
0.9856374
0.9915005
0.9638202
0.9660128
1.011751
1.022825
0.9899608
0.979633
0.9921892
1.000545
0.9896924
0.9533823
0.9354871
0.9344202
0.9337103
0.93206
0.9279053
0.9521249
0.9545432
0.9355256
0.9510526
0.9775247
0.9871158
0.9816546
0.9855643
1.012665
1.009959
0.9839583
0.9905674
1.003583
1.000574
0.9793447
0.9834065
1.016955
1.010455
0.9851502
1.002777
1.009102
0.9590692
0.9232616
0.9589563
0.9903742
0.9619808
0.960506
0.9791289
0.9703426
0.9723226
0.9717418
0.9398926
0.9219401
0.953449
0.9460548
0.9171729
0.8964621
0.879275
0.853032
0.8680133
1.001447
0.9897739
0.9254466
0.9675713
0.971364
0.9422239
0.9355611
0.9655201
0.9193629
0.8738189
0.9174095
0.9725852
0.9737143
0.9202194
0.9004023
0.9402778
0.9777928
0.9536244
0.9557324
0.986988
1.002645
0.9349195
0.8999772
1.002655
1.024141
0.9801505
0.9455494
0.9744554
1.018095
0.9685122
0.9267008
0.9577817
0.9630061
0.9346623
0.9402519
0.972666
0.9853313
0.9450856
0.9536507
0.9525975
0.878436
0.8828232
0.946139
0.9417512
0.9395941
0.9392523
0.9433723
0.9883125
0.9681272
0.9194222
0.9280848
0.9542567
0.9367953
0.9280756
0.893303
0.8627654
0.9003589
0.8782096
0.8517689
0.866611
0.8708945
0.8935384
0.9014761
0.8905142
0.881725
0.8596313
0.8190618
0.7972224
0.8235819
0.8372767
0.8553241
0.8987548
0.910859
0.8956429
0.8730796
0.837862
0.82115
0.8238917
0.8137013
0.847332
0.913019
0.9663227
1.005885
0.9945325
0.9696185
0.9531189
0.9852811
1.029603
0.9873767
0.9859515
0.9914515
0.9569193
0.9607612
0.9723792
0.9700029
0.950843
0.9759885
0.9620542
0.9199266
0.9496815
0.9674445
0.9418525
0.9012678
0.8673118
0.8778008
0.9216036
0.9135136
0.8997727
0.9340058
0.9603867
0.9324906
0.9258791
0.977946
0.9888871
0.9287789
0.9233251
1.032693
1.06629
1.016974
1.022558
1.062542
1.05538
0.9928517
1.000304
1.038819
0.9853465
0.9359147
0.9818972
1.002625
0.9568309
0.9732855
1.004116
1.003123
0.9971079
0.9727218
0.9775307
1.000091
0.9808777
0.9510314
0.9635301
0.9949008
0.9965282
0.980141
0.9910742
0.9849051
0.9869865
0.9678855
0.9906639
1.036188
1.021615
0.9808124
0.9587373
0.9736142
0.8929474
0.9086667
0.9538275
0.9326777
0.9096151
0.8949821
0.9329769
0.8916947
0.9110336
0.9134517
0.9328564
1.003215
0.9518646
0.9726739
0.942394
0.9148242
0.9584766
0.9463318
0.9338211
0.9187563
0.9114895
0.883027
0.8868668
0.9091909
0.89153
0.8737349
0.8940205
0.9499914
0.9780498
0.9488658
0.9146919
0.8953124
0.9237294
0.9757172
0.9540613
0.9466656
0.9474736
0.9450457
0.9737185
0.9511026
0.9537425
0.9765404
0.9399018
0.9092926
0.9601094
0.9981385
0.9595219
0.9688829
0.9910661
0.9458718
0.8923066
0.8563768
0.8321783
0.8474317
0.8629905
0.8405785
0.8491203
0.851534
0.8169006
0.8151347
0.8183566
0.8345182
0.8897297
0.9159632
0.9367711
0.9295337
0.903139
0.9085457
0.8925053
0.8674968
0.8313222
0.803769
0.811908
0.7992158
0.7844404
0.8001184
0.8107947
0.8022644
0.7824893
0.7761785
0.7701874
0.7577679
0.7609207
0.762192
0.7514242
0.730933
0.7442824
0.7832016
0.7910322
0.8054269
0.8257387
0.8338027
0.8427491
0.8304569
0.8183574
0.8460269
0.8758123
0.8762503
0.8532082
0.8583038
0.939185
0.9566288
0.9086505
0.8499368
0.8462893
0.9263185
0.9110085
0.8665916
0.8933193
0.9588683
0.9746947
0.9561093
0.9560416
0.9378994
0.9380958
0.9378639
0.9013456
0.8588096
0.8607284
0.9130553
0.9181775
0.8666042
0.8715847
0.9041373
0.9103611
0.9239143
0.9300245
0.8745333
0.8747949
0.9553541
0.9482411
0.9065088
0.9027502
0.9146432
0.8923548
0.8595354
0.8645708
0.8491649
0.8374936
0.8448574
0.8372064
0.8286324
0.8205843
0.8591166
0.9418487
0.9358146
0.9026587
0.9191046
0.9283746
0.9348514
0.918514
0.9077041
0.9205781
0.9375749
0.9721253
0.992699
0.9654253
0.9373675
0.9904006
0.9879765
0.9465263
0.9575061
0.979639
1.002268
0.9230745
0.9452885
0.9963992
0.9797607
0.9552482
0.9620487
0.9663952
0.9756824
1.016577
0.7856866
0.8261267
0.9601564
0.9637948
1.038787
0.9447905
0.9020423
0.9664361
1.017699
0.9629762
0.9374285
0.956922
0.9767644
0.9652375
0.9481764
0.8621264
0.7822194
0.8332592
0.8171758
0.858444
0.9446903
0.866783
0.8393558
0.8715775
0.8592055
0.9006982
0.9681373
0.8829097
0.8696402
0.9418324
0.9119149
0.9774108
0.9069055
0.8357047
0.8608573
0.8363364
0.8595045
0.8938329
0.90543
0.9095139
0.8867028
0.8764012
0.9079087
0.9141098
0.9075216
0.8907746
0.8828618
0.8845112
0.8939367
0.8891108
0.8681368
0.8588493
0.8312292
0.8316531
0.8727597
0.8691017
0.863871
0.8938764
0.8875395
0.8307144
0.8042355
0.8225429
0.8630191
0.9224164
0.9430564
0.9097786
0.8976155
0.9453096
0.9323632
0.8753071
0.9208547
0.9748782
0.9310593
0.8836211
0.892661
0.8931545
0.9186717
0.9646636
0.9294254
0.9157634
0.9322284
0.9309016
0.9456675
0.9429139
0.9248929
0.9319476
0.9582432
0.9275494
0.9033429
0.9346227
0.9485832
0.944283
0.9264189
0.9268061
0.9593654
0.9567496
0.9239487
0.9249182
0.9519683
0.9590356
0.9312847
0.9246213
0.9509564
0.9528897
0.9206573
0.904492
0.9286117
0.9309892
0.9065822
0.8907519
0.8883295
0.9012041
0.9086939
0.9019001
0.9011432
0.9086902
0.9042063
0.902154
0.9217738
0.9334609
0.920726
0.8991541
0.8947815
0.9092746
0.9191856
0.9249124
0.9198505
0.912103
0.9206654
0.9430226
0.9496263
0.9567831
0.9336048
0.9043676
0.9595751
0.9876139
0.9547694
0.9587333
0.9840146
0.9734536
0.922851
0.9053378
0.9724025
0.9862376
0.9229839
0.9224121
0.9255874
0.8914766
0.9033098
0.9528887
0.9750144
0.9389379
0.8997851
0.9353836
0.986037
0.9582625
0.9550288
0.9818533
0.9467241
0.9307173
0.95846
0.9450144
0.9069077
0.909463
0.8887051
0.8524955
0.849847
0.8255221
0.8044525
0.8104281
0.8156073
0.8080084
0.8160245
0.8407016
0.8555328
0.8467385
0.8737727
0.9342464
0.9142378
0.9021101
0.9275032
0.9148688
0.898349
0.9238717
0.9712107
0.9974828
0.9399794
0.8892765
0.9390782
0.9896481
1.00266
0.9624076
0.9471647
0.9926772
0.992676
0.9628188
0.9661948
0.9541651
0.9022659
0.8804826
0.8498329
0.8188124
0.7707422
0.6891657
0.6851104
0.6906236
0.6877579
0.7139259
0.7460155
0.7444947
0.7116925
0.7238687
0.7589927
0.7304213
0.7312707
0.7666866
0.7565467
0.7629686
0.7471703
0.7585611
0.7618523
0.7557418
0.7932713
0.7602693
0.7383613
0.7740934
0.7747488
0.7754095
0.7742387
0.7485215
0.7573671
0.7925219
0.7850936
0.7470598
0.7680143
0.7833147
0.7480143
0.7260664
0.7463069
0.7539945
0.7158673
0.7029304
0.7137835
0.7110704
0.7102786
0.7171852
0.7243817
0.7444057
0.6944152
0.7733778
0.9202871
0.9035955
0.972325
1.004104
0.9560383
0.9357524
0.9188098
0.9686819
0.997616
0.9712476
0.9236472
0.9614772
1.006118
0.9127142
0.8977335
0.9364923
0.9395084
0.9626115
0.9483209
0.9102345
0.8576829
0.8859298
0.9021922
0.9209491
0.9578221
0.9585956
0.9991909
0.9047684
0.8169718
0.850049
0.9075038
0.8956235
0.8474138
0.9069209
0.8695129
0.8544079
0.9414558
0.8688225
0.8361142
0.8442623
0.8031617
0.8027051
0.7935051
0.8290038
0.8667217
0.8799694
0.8721112
0.8525753
0.8315847
0.8370483
0.904906
0.9016301
0.88212
0.8620732
0.8282826
0.8066445
0.8044847
0.857177
0.8453497
0.853201
0.8556812
0.8372265
0.8870771
0.9153403
0.9063046
0.8757822
0.8395257
0.8422855
0.88849
0.9090246
0.9014984
0.8772088
0.8531034
0.8699027
0.8703665
0.8479486
0.8525934
0.8288697
0.8079649
0.811814
0.7963705
0.7893325
0.8244108
0.8956651
0.9024532
0.8826178
0.8890884
0.8649767
0.8644479
0.8842768
0.8793892
0.8928857
0.9180737
0.9160992
0.8890843
0.8628104
0.8809877
0.9137545
0.8917175
0.9022489
0.899369
0.8355832
0.829563
0.8456216
0.8544281
0.8613201
0.8924953
0.8912684
0.8441198
0.8400388
0.8324301
0.8016552
0.8193796
0.8812457
0.8738129
0.8437381
0.8517297
0.8318612
0.8215576
0.86578
0.8953338
0.8786734
0.8590015
0.8270246
0.838541
0.8767068
0.8580461
0.8369432
0.7937336
0.7215285
0.7341666
0.7840727
0.7632174
0.7548063
0.7472615
0.7184225
0.7234709
0.75101
0.7807405
0.7970971
0.8085474
0.8030153
0.7929426
0.8066053
0.8086167
0.8279947
0.9066521
0.9209012
0.8964609
0.9035004
0.8948855
0.8633038
0.8460159
0.8722602
0.8895146
0.9011136
0.8999063
0.8845837
0.8688869
0.8659943
0.8698353
0.8218652
0.842698
0.9006585
0.8953002
0.8897174
0.870864
0.8570909
0.8328489
0.8383514
0.8691151
0.8546427
0.8160535
0.7973497
0.8184492
0.8319496
0.8166065
0.8108494
0.879556
0.9278876
0.9062859
0.9024124
0.9145833
0.9185555
0.8865024
0.8790352
0.9284302
0.9636029
0.9468858
0.9027285
0.9134511
0.9109761
0.872831
0.9025239
0.9589429
0.9418271
0.8930616
0.887624
0.8726875
0.8692107
0.8949784
0.8884197
0.8576235
0.8396915
0.8343195
0.8286368
0.8044539
0.7972477
0.8291829
0.8334673
0.8032388
0.7719422
0.7632647
0.7925347
0.8205316
0.8271446
0.8387011
0.8560665
0.8530098
0.846555
0.8733951
0.8995861
0.9522247
1.015039
1.002771
0.9926446
0.9930515
0.92391
0.9379056
1.016051
0.9978165
1.006117
1.000478
0.9580431
0.9947962
1.007864
0.954458
0.970558
0.998697
0.9387483
0.9358269
0.9549223
0.9139914
0.9189384
0.9308691
0.9299688
0.9347981
0.9584188
0.9701043
0.936602
0.9149419
0.8946596
0.9083226
0.9317232
0.8881616
0.9344381
0.9440964
0.9298449
0.980015
0.9116065
0.9288104
0.9345639
0.8919563
0.9647017
1.043253
0.9082458
0.8884146
1.021018
0.9053376
0.8809444
0.956305
0.9039639
0.9143943
0.907409
0.8516373
0.8556255
0.9116
0.9816617
0.9056558
0.8434876
0.8641094
0.9177829
0.8069582
0.7689927
0.9244798
0.9000539
0.8597346
0.8273104
0.8717603
0.9620034
0.9348377
0.8759749
0.9077852
0.9562086
0.9153744
0.9153512
0.9372362
0.9222879
0.869157
0.8902323
0.9605803
0.9310641
0.9001432
0.9636148
1.010921
0.9490143
0.9574802
0.977215
0.917726
0.9522592
1.025882
1.002763
0.9426912
0.9566728
0.9844159
0.9622235
0.9312053
0.9831214
1.034494
0.9752069
0.9731319
1.019661
0.998389
0.9518991
0.9807689
1.008436
0.9547721
0.9535566
0.95097
0.9541079
1.008193
0.9730904
0.955472
0.9838182
0.9671381
0.9341879
0.9596531
0.967663
0.9559373
1.018282
0.9709156
0.9272805
0.8958073
0.8517794
0.8780562
0.8369997
0.8272495
0.863341
0.8263535
0.778841
0.8273423
0.9132883
0.9062623
0.9153828
0.9299393
0.8977506
0.842272
0.9113597
1.010144
0.8913867
0.8994744
0.950162
0.8894398
0.9273738
0.9647542
0.9104371
0.8843521
0.9830303
0.9664155
0.9199916
1.032366
0.9038444
0.846455
0.9893951
0.9718075
0.9181857
0.9341696
1.055608
1.071467
0.9700785
0.9376565
0.9727347
0.9676321
0.9574666
0.9944079
0.9825677
0.9391199
0.9186146
0.9233116
0.9165528
0.8737809
0.7749692
0.83282
0.9753284
0.975496
0.9723275
0.9252092
0.8805095
0.8760166
0.890456
0.933043
0.8960573
0.9281335
1.017751
0.9754372
0.9121621
0.9286606
0.9600933
1.001171
1.034776
0.964288
0.9372336
0.9762165
0.9650376
0.9089691
0.8686911
0.8767518
0.972011
0.9844864
0.9053438
0.9387031
0.9186064
0.8890895
0.8927133
0.889793
0.9023329
0.9010856
0.8849209
0.875818
0.8406961
0.8069333
0.8651477
0.9171115
0.912675
0.844846
0.8034204
0.8227245
0.8443786
0.8665756
0.8392411
0.8510777
0.8692751
0.8761798
0.9102311
0.9052357
0.9327273
0.9905074
0.9744642
0.9160959
0.8897218
0.9372642
0.9992777
0.9627805
0.9596881
0.9736432
0.9310563
0.9206407
0.8939435
0.8652629
0.8745377
0.8925882
0.8912377
0.8821159
0.8847741
0.873908
0.8433286
0.8839519
0.9795741
0.9507632
0.880526
0.8873169
0.8658579
0.8416804
0.8480011
0.8699694
0.8999008
0.8978528
0.9087615
0.9296811
0.9274301
0.8908327
0.8762262
0.8807327
0.8629559
0.8733272
0.8811172
0.8827929
0.8216669
0.7832733
0.8621691
0.8877611
0.9278379
0.9373347
0.9531609
0.9637954
0.9138531
0.9383581
0.8405141
0.8331679
0.9301661
0.9470411
1.002863
0.9720897
0.9062557
0.9779145
1.075671
0.9893064
0.9943689
1.07828
0.9988237
1.00289
1.021982
0.9986685
0.9813094
0.9614486
1.011136
0.9976059
0.9548022
0.9190105
0.9348701
1.004976
0.9924538
0.9734295
1.00056
0.9670489
0.9444996
0.9588471
0.962698
1.022683
0.9113723
0.7772003
0.8763839
0.9380737
0.8607978
0.8403278
0.8206278
0.8003562
0.8377475
0.874032
0.9247078
0.9498575
0.9711723
0.9950705
1.008591
1.021705
1.035021
1.031472
1.036991
0.972113
0.895549
0.919389
0.9806206
0.9775849
0.9059695
0.8087758
0.7271192
0.9008232
0.9645392
0.9399768
1.040917
0.9465729
0.9301654
0.9342609
0.9438978
1.01772
1.002234
0.9924091
0.9908165
0.9699199
0.9549717
1.00835
0.9930808
0.906499
0.8907589
0.8527296
0.9392065
1.052711
0.981915
0.9886438
0.9119951
0.9292832
1.045928
0.9773016
0.9738861
0.9627107
0.8786024
0.9288023
1.008955
0.9685606
0.9165816
0.9289313
1.017709
1.063181
1.045234
0.9938171
0.9532803
0.9830443
0.9980759
0.9434501
0.9348869
0.9659606
0.9513711
0.9463024
0.9443535
0.9542401
0.9362202
0.8970911
0.8273678
0.8297899
0.9158861
0.8426128
0.8090842
0.7874774
0.676529
0.8504258
0.9457231
0.7271245
0.8291435
1.04309
0.9899133
0.9565747
0.8390496
0.8006831
0.9491289
0.9072894
0.8844719
0.8860129
0.8975586
0.9647441
0.9179167
0.9027669
0.9624498
0.9742817
0.9759096
0.9935943
0.9795524
0.95745
0.9836466
1.052791
1.018893
0.9608762
0.9816751
1.001691
0.9794858
0.951754
0.9631354
0.8911768
0.9347032
1.014216
0.9787231
1.018259
0.9593687
0.9379612
0.9223174
0.8750673
0.8778278
0.7270697
0.7593574
0.9912929
0.8999248
0.8223094
0.926668
0.9408327
0.9725162
0.990711
0.9889557
0.9818083
0.9073181
0.9018414
0.9853987
1.006799
0.9765502
0.9784997
1.009519
1.025918
1.039329
1.049032
1.0653
1.026561
1.007674
0.9913628
0.9868454
1.061282
1.021537
0.9738016
0.9795016
0.9796044
1.02508
0.9908179
0.9517801
0.9640371
0.9817183
1.021902
0.9652551
0.9812577
1.01176
0.9695446
0.9573163
0.9045423
0.8426349
0.7555274
0.6783596
0.6957346
0.7064704
0.6882698
0.7247643
0.7097652
0.7002883
0.7454238
0.724936
0.7103245
0.731157
0.7121563
0.6868665
0.7013049
0.7177337
0.726409
0.7421994
0.7235571
0.7270202
0.7415732
0.7267298
0.7119767
0.7308688
0.731341
0.8314406
1.006655
0.9480372
0.875837
0.913933
0.966863
0.8017194
0.6856848
0.8396834
0.8899276
0.9285059
0.9628164
0.9755872
0.9678434
0.9619179
0.9708939
0.9434492
0.9844317
0.9921787
0.9901824
1.024266
0.9744265
0.9796998
1.009794
0.9032905
0.8695704
0.9289174
0.9263164
0.9301266
0.9031836
0.9089605
0.9663437
0.9394554
0.96196
0.968991
0.9179246
0.980117
0.9758223
0.9264829
0.9554823
0.9320133
0.9196652
0.9524177
0.9296365
0.8984186
0.9212304
0.8949364
0.9170024
1.002786
0.9162322
0.883424
0.9437526
0.9246892
0.9539731
1.006856
0.9586419
0.9086753
0.931715
0.9705636
0.918567
0.9803103
1.030604
0.9708662
1.007878
0.9034448
0.8093207
0.8501625
0.841084
0.6963478
0.6484433
0.6969433
0.7099198
0.7389074
0.7079353
0.7175019
0.7773716
0.7383105
0.7068051
0.7410172
0.7293129
0.7385699
0.7240355
0.7037521
0.7730155
0.8571548
0.9064237
0.9193224
0.950904
0.9147149
0.8002451
0.8743945
0.9253617
0.9456424
1.005536
0.909863
0.9176623
1.017533
0.9752669
0.9564045
1.002815
0.9505471
0.9081305
0.9333304
0.964879
0.9466572
0.9500931
0.9788274
0.9513138
0.9469935
0.9594728
0.9910804
1.007794
0.9348681
1.00005
0.9297255
0.7316808
0.8741987
1.005392
0.9771893
1.00516
1.005583
1.002281
1.003312
0.9928846
0.9840911
0.9804803
1.023915
0.9592808
0.8179477
0.8736704
1.00524
0.9590863
0.9051011
0.868196
0.9593691
1.029885
0.9555708
0.9211892
0.8442526
0.9030213
0.8941531
0.9111972
0.9384219
0.7789422
0.8773027
0.9348361
0.9774499
1.032586
0.912924
0.9087594
0.9615726
0.979402
0.9261154
0.9024996
0.929197
0.9192362
0.8780321
0.8512188
0.8167188
0.7890666
0.7890675
0.7809403
0.7920867
0.8006094
0.8153512
0.8016896
0.7603472
0.7331046
0.728873
0.7576324
0.7712652
0.7725316
0.7837189
0.7738026
0.7647691
0.7567681
0.7654565
0.7899918
0.7810228
0.776424
0.7766371
0.7751189
0.7674788
0.7554615
0.7827477
0.8100443
0.8069559
0.7895303
0.765261
0.7666573
0.7930649
0.7901134
0.7799465
0.7767271
0.764666
0.7563348
0.7509786
0.7446002
0.7489541
0.7646937
0.7661506
0.7624617
0.7567079
0.7500244
0.748822
0.7428254
0.7443178
0.7365628
0.7341172
0.7602164
0.7708133
0.7699466
0.7682006
0.7554953
0.7450472
0.7433322
0.7412495
0.7570576
0.770372
0.7630161
0.7578242
0.7467102
0.7436004
0.7400416
0.7307066
0.7483986
0.7665442
0.7554234
0.7580617
0.7503618
0.7287454
0.7306281
0.7241115
0.7070338
0.7088114
0.732675
0.7401035
0.7302986
0.7191584
0.710664
0.7159707
0.6990479
0.6886192
0.7089624
0.7059951
0.6996957
0.6969933
0.695439
0.6852133
0.6930403
0.7040412
0.7271563
0.7797594
0.7294614
0.7374738
0.8195522
0.7518978
0.6591444
0.6540701
0.7090563
0.73584
0.7141458
0.6906816
0.7077726
0.7046379
0.7042405
0.8586289
0.8564705
0.7982873
0.8107353
0.7475381
0.7536811
0.7177164
0.7104465
0.7347209
0.7166403
0.7214111
0.7131632
0.7287823
0.6872373
0.6658737
0.7445964
0.784506
0.7699361
0.7094108
0.7163664
0.6903784
0.692885
0.7070863
0.6951869
0.804767
0.7933196
0.7730962
0.7535756
0.6800514
0.6789696
0.6769057
0.6461946
0.6548624
0.7043947
0.6973781
0.6596017
0.6750361
0.6522959
0.6584193
0.7679827
0.8456994
0.8121769
0.7276108
0.6358411
0.6968347
0.9052244
0.7675269
0.6600905
0.7255447
0.6868219
0.7789833
0.8508449
0.8479253
0.8264145
0.7136095
0.6573344
0.7632677
0.8179448
0.7277344
0.6939239
0.7521325
0.6789387
0.6798094
0.9139566
0.8696679
0.75074
0.7917501
0.6862973
0.6264723
0.6875188
0.7227664
0.7098652
0.6908586
0.6937269
0.6922263
0.7064842
0.6649111
0.6639848
0.8041643
0.7807071
0.6871711
0.6823126
0.676056
0.6527784
0.6494985
0.66635
0.6905805
0.7457559
0.739413
0.7189247
0.7054813
0.6149771
0.648677
0.7755001
0.7100209
0.6746351
0.7034911
0.6742492
0.6830241
0.7218782
0.7187918
0.6886857
0.689054
0.6925348
0.700332
0.6909919
0.6503831
0.6639628
0.712368
0.7032257
0.7288511
0.773031
0.7343377
0.7075504
0.7118425
0.6922422
0.6827392
0.6989993
0.7063182
0.7166863
0.7329296
0.7338354
0.7298873
0.7320335
0.7317938
0.7280041
0.7353764
0.7477735
0.747767
0.7633369
0.708082
0.6681128
0.7372064
0.7181704
0.6950184
0.7388662
0.772132
0.7746206
0.7966946
0.8335509
0.8377567
0.8352244
0.8283345
0.7718732
0.7908873
0.8808417
0.8172155
0.7481535
0.7521952
0.7687803
0.789702
0.7929498
0.7964221
0.7901805
0.7887219
0.7817989
0.765713
0.7721532
0.7734362
0.7571161
0.7436309
0.7362684
0.7277054
0.7249319
0.7179909
0.687612
0.6735027
0.7197551
0.7548044
0.7527154
0.8066828
0.8587146
0.7901571
0.7410217
0.8103009
0.8145066
0.7337123
0.7402932
0.7958743
0.7961158
0.8025476
0.7953502
0.7899409
0.7780878
0.7445994
0.7352632
0.7303401
0.7261322
0.7269234
0.7157589
0.7190891
0.7343193
0.7503577
0.7737406
0.7535621
0.7454042
0.7689796
0.7881741
0.8267147
0.859823
0.8311129
0.8320848
0.8673366
0.864188
0.8691429
0.8645145
0.8564673
0.8698091
0.8705882
0.8609105
0.8650494
0.8510789
0.8311654
0.8485253
0.8590639
0.8424839
0.8338021
0.8282415
0.8171288
0.8423352
0.8884032
0.9069532
0.907824
0.8938294
0.8817157
0.9178309
0.909981
0.869793
0.8897865
0.9006724
0.8325248
0.7910991
0.8174303
0.8586077
0.9350806
0.8591404
0.8049331
0.846058
0.7885365
0.7666289
0.8224073
0.8797182
0.8477285
0.8314875
0.8555517
0.8346634
0.832051
0.8750499
0.901055
0.8563778
0.8223093
0.8941889
0.9450992
0.8815265
0.8703829
0.8977762
0.8848032
0.8458775
0.8388046
0.9030417
0.8921841
0.8335458
0.8026535
0.8090879
0.8196014
0.814009
0.7871336
0.6869884
0.6998165
0.7950818
0.8195452
0.8303901
0.8327822
0.8227319
0.8373592
0.882803
0.8866425
0.8372971
0.8089837
0.8299367
0.8131596
0.835918
0.9194171
0.9138444
0.8888431
0.8869042
0.8976921
0.9232734
0.9241533
0.9008689
0.8971773
0.9139354
0.9209201
0.9394425
0.9403336
0.9263165
0.9153561
0.8782064
0.8680846
0.9157223
0.9757822
0.9820324
0.9188196
0.8787743
0.8777515
0.9393319
0.9412903
0.92518
0.9261533
0.857123
0.9138805
0.9219788
0.8664439
0.8871863
0.7684594
0.7740158
0.9080754
0.886391
0.9289219
0.9583856
0.8687313
0.8730754
0.969879
0.8849842
0.8459995
0.9601877
0.9013593
0.8532224
0.9729139
0.9107508
0.8821251
0.9915762
0.9039125
0.8904303
0.8604892
0.8101867
0.8926434
0.9059739
0.8601655
0.9265385
0.851867
0.7413592
0.8578448
0.8494542
0.8453333
0.912394
0.9374434
0.9046081
0.8232139
0.9085683
0.9365976
0.8982265
0.9013278
0.9018451
0.9421864
0.909022
0.8779953
0.9431404
0.9763525
0.9084831
0.9323681
0.8685184
0.920862
0.9022686
0.770209
0.8382952
0.8826361
0.9450144
0.8776362
0.8577242
0.9038915
0.9080588
0.9946977
0.9410868
0.7719833
0.8076132
0.8967965
0.9041554
0.9454784
0.9813079
0.9129014
0.9086638
0.9551233
0.9305954
0.8785254
0.8615534
0.9368567
0.9065877
0.8170809
0.8409542
0.9224622
0.9717162
0.8936655
0.7272634
0.7277975
0.7905248
0.9214413
1.003427
0.9392773
0.981219
0.8746008
0.9016959
0.993879
0.9502031
0.9346877
0.9160967
0.9663913
0.9008964
0.9342518
0.8982812
0.7442447
0.7717983
0.8575262
0.9099888
0.9602656
0.9881121
0.8678769
0.8644678
0.9036879
0.8336183
0.8110951
0.7926188
0.8127424
0.8787394
0.9034166
0.90387
0.9183212
0.930218
0.9075989
0.9113704
0.9280199
0.9132755
0.9051252
0.9031231
0.917341
0.9043192
0.9111126
0.9453533
0.9176402
0.8948903
0.9318867
0.9548552
0.9214514
0.9061534
0.9483071
0.9644907
0.9359945
0.9175852
0.9479884
0.9482565
0.8959479
0.867351
0.9199188
0.986266
0.9440922
0.9506994
0.9955459
0.9462722
0.9282041
0.9438823
0.9131294
0.9075126
0.9499149
0.9591567
0.9162681
0.9124297
0.9580992
0.9272987
0.8918081
0.9522084
0.9647191
0.9136399
0.895476
0.9456196
0.9683956
0.9089039
0.9281043
0.9557825
0.8949907
0.8633094
0.8883821
0.9620574
0.9370889
0.9575622
0.9419803
0.8996538
0.969561
0.9519888
0.9210503
0.9055393
0.940164
0.966229
0.9499027
0.8859361
0.8848652
0.942535
0.988868
0.8714403
0.8895616
1.035981
0.9175108
0.8649561
0.9322273
0.93699
0.9406793
0.9413308
0.9483293
1.028763
0.8855308
0.8662623
0.9799848
0.8925292
0.8742612
0.9397957
0.9648766
0.8742337
0.8988211
0.9309168
0.9063649
0.9226664
0.8879122
0.9072164
0.9143726
0.8952657
0.8950952
0.9101515
0.8596843
0.8933635
1.000325
0.8475664
0.7638286
0.9257067
0.9625585
0.8996435
0.9054047
0.8992936
0.8639186
0.9485372
1.020691
0.9254036
0.8752687
0.8843059
0.9221619
0.8966839
0.8737375
0.9346995
0.8818478
0.8565096
0.8937384
0.8527566
0.7960927
0.8754143
0.950647
0.8787599
0.8783828
0.8584053
0.7728874
0.816447
0.870306
0.805403
0.7711207
0.8268593
0.9033517
0.8955367
0.865197
0.8552191
0.8308451
0.8619476
0.8597434
0.8486243
0.8537197
0.8309997
0.7825663
0.7584253
0.9048524
0.9991552
0.922557
0.7272897
0.6902568
0.8565011
0.8382648
0.8767492
0.9388005
0.8564423
0.8079231
0.8204909
0.8621084
0.8676506
0.8633157
0.958859
0.9404347
0.7856842
0.8513185
0.8937051
0.8309758
