0.819
0.828
0.803
0.813
0.827
0.797
0.804
0.814
0.791
0.795
0.81
0.799
0.801
0.812
0.823
0.807
0.815
0.831
0.81
0.811
0.824
0.831
0.81
0.815
0.831
0.803
0.814
0.832
0.816
0.812
0.832
0.836
0.812
0.823
0.833
0.819
0.814
0.827
0.827
0.812
0.833
0.843
0.82
0.827
0.84
0.812
0.816
0.829
0.816
0.809
0.827
0.837
0.811
0.807
0.852
0.827
0.822
0.839
0.839
0.818
0.829
0.807
0.809
0.839
0.846
0.834
0.815
0.825
0.836
0.791
0.811
0.847
0.836
0.812
0.829
0.838
0.816
0.824
0.835
0.834
0.817
0.833
0.842
0.818
0.822
0.837
0.843
0.82
0.831
0.842
0.825
0.808
0.819
0.819
0.793
0.812
0.822
0.815
0.806
0.822
0.829
0.804
0.809
0.83
0.822
0.805
0.813
0.825
0.791
0.794
0.798
0.798
0.783
0.793
0.805
0.792
0.788
0.807
0.814
0.793
0.806
0.828
0.817
0.806
0.816
0.826
0.797
0.798
0.811
0.813
0.789
0.803
0.805
0.784
0.783
0.797
0.804
0.788
0.801
0.821
0.811
0.799
0.811
0.828
0.817
0.807
0.819
0.823
0.798
0.81
0.812
0.791
0.782
0.782
0.775
0.783
0.789
0.771
0.781
0.796
0.795
0.781
0.791
0.802
0.793
0.789
0.801
0.817
0.823
0.806
0.819
0.837
0.824
0.814
0.829
0.839
0.833
0.813
0.828
0.831
0.804
0.811
0.818
0.816
0.796
0.809
0.816
0.815
0.802
0.815
0.824
0.803
0.801
0.814
0.826
0.81
0.809
0.825
0.831
0.802
0.809
0.824
0.823
0.799
0.806
0.816
0.805
0.795
0.81
0.823
0.802
0.8
0.815
0.822
0.808
0.804
0.822
0.835
0.816
0.81
0.822
0.828
0.798
0.807
0.819
0.814
0.797
0.809
0.815
0.794
0.802
0.816
0.821
0.799
0.806
0.825
0.819
0.797
0.808
0.816
0.802
0.793
0.804
0.811
0.791
0.791
0.803
0.808
0.784
0.797
0.805
0.796
0.79
0.803
0.811
0.797
0.791
0.805
0.8
0.779
0.79
0.798
0.794
0.779
0.79
0.794
0.792
0.784
0.802
0.809
0.792
0.793
0.806
0.812
0.819
0.81
0.825
0.834
0.809
0.814
0.823
0.817
0.796
0.808
0.809
0.787
0.787
0.792
0.795
0.776
0.791
0.799
0.794
0.783
0.794
0.795
0.781
0.771
0.771
0.755
0.766
0.778
0.789
0.778
0.801
0.811
0.795
0.806
0.817
0.829
0.8
0.811
0.825
0.824
0.804
0.818
0.823
0.827
0.814
0.822
0.831
0.833
0.814
0.822
0.835
0.825
0.813
0.829
0.838
0.823
0.813
0.821
0.827
0.799
0.805
0.822
0.823
0.809
0.805
0.819
0.825
0.816
0.8
0.817
0.828
0.805
0.811
0.829
0.82
0.812
0.829
0.83
0.818
0.807
0.823
0.821
0.803
0.808
0.818
0.821
0.797
0.81
0.818
0.812
0.798
0.818
0.819
0.8
0.805
0.819
0.819
0.795
0.811
0.815
0.805
0.791
0.804
0.812
0.795
0.794
0.806
0.81
0.798
0.795
0.808
0.814
0.792
0.795
0.805
0.807
0.783
0.789
0.793
0.796
0.783
0.787
0.8
0.799
0.805
0.788
0.796
0.807
0.806
0.784
0.797
0.801
0.787
0.784
0.793
0.793
0.777
0.78
0.793
0.791
0.783
0.783
0.799
0.808
0.789
0.794
0.806
0.82
0.8
0.799
0.817
0.824
0.812
0.804
0.82
0.826
0.798
0.814
0.825
0.817
0.805
0.821
0.825
0.808
0.808
0.818
0.822
0.8
0.81
0.817
0.804
0.797
0.808
0.811
0.787
0.802
0.793
0.791
0.775
0.767
0.751
0.751
0.759
0.763
0.757
0.772
0.783
0.769
0.786
0.799
0.793
0.789
0.795
0.796
0.773
0.786
0.791
0.774
0.793
0.797
0.778
0.798
0.804
0.807
0.786
0.801
0.798
0.792
0.771
0.786
0.791
0.761
0.778
0.78
0.758
0.777
0.787
0.772
0.773
0.788
0.79
0.782
0.79
0.832
0.808
0.799
0.781
0.775
0.775
0.777
0.784
0.789
0.766
0.789
0.784
0.784
0.795
0.798
0.799
0.786
0.8
0.798
0.778
0.791
0.801
0.799
0.778
0.792
0.801
0.8
0.781
0.8
0.801
0.797
0.788
0.8
0.801
0.78
0.791
0.799
0.791
0.783
0.792
0.793
0.783
0.783
0.791
0.786
0.76
0.773
0.774
0.775
0.759
0.772
0.779
0.774
0.77
0.785
0.788
0.771
0.777
0.789
0.789
0.772
0.789
0.79
0.778
0.767
0.771
0.769
0.758
0.758
0.764
0.765
0.751
0.766
0.773
0.779
0.765
0.783
0.79
0.787
0.78
0.791
0.787
0.775
0.778
0.781
0.768
0.779
0.785
0.778
0.781
0.793
0.797
0.782
0.791
0.801
0.79
0.786
0.792
0.795
0.773
0.788
0.795
0.791
0.781
0.788
0.789
0.776
0.779
0.786
0.791
0.772
0.782
0.791
0.791
0.769
0.781
0.791
0.788
0.781
0.79
0.793
0.775
0.789
0.793
0.772
0.786
0.796
0.785
0.786
0.796
0.791
0.785
0.79
0.791
0.775
0.788
0.792
0.777
0.785
0.796
0.791
0.788
0.796
0.791
0.778
0.786
0.781
0.762
0.774
0.778
0.769
0.758
0.75
0.743
0.752
0.75
0.739
0.759
0.766
0.765
0.767
0.781
0.787
0.766
0.78
0.774
0.774
0.767
0.764
0.758
0.749
0.742
0.698
0.707
0.712
0.697
0.707
0.709
0.696
0.702
0.709
0.704
0.718
0.726
0.712
0.723
0.726
0.713
0.713
0.708
0.709
0.703
0.708
0.705
0.71
0.711
0.719
0.725
0.724
0.723
0.732
0.724
0.739
0.742
0.741
0.748
0.753
0.729
0.742
0.734
0.735
0.718
0.716
0.719
0.71
0.7
0.708
0.703
0.705
0.712
0.708
0.707
0.701
0.704
0.69
0.696
0.693
0.686
0.688
0.677
0.674
0.681
0.675
0.668
0.672
0.666
0.663
0.665
0.666
0.656
0.667
0.671
0.666
0.661
0.666
0.666
0.665
0.665
0.668
0.671
0.668
0.671
0.663
0.659
0.669
0.665
0.66
0.662
0.664
0.665
0.657
0.66
0.662
0.658
0.659
0.653
0.651
0.662
0.649
0.647
0.659
0.657
0.652
0.65
0.653
0.651
0.648
0.651
0.649
0.644
0.646
0.64
0.639
0.643
0.636
0.632
0.642
0.631
0.634
0.644
0.637
0.637
0.641
0.641
0.641
0.639
0.638
0.638
0.63
0.636
0.628
0.63
0.628
0.63
0.629
0.625
0.634
0.63
0.63
0.628
0.637
0.648
0.649
0.653
0.669
0.662
0.667
0.669
0.661
0.658
0.652
0.656
0.65
0.644
0.653
0.651
0.656
0.663
0.662
0.666
0.668
0.672
0.669
0.667
0.674
0.669
0.658
0.671
0.67
0.666
0.668
0.656
0.665
0.662
0.666
0.665
0.669
0.67
0.67
0.679
0.669
0.677
0.681
0.678
0.686
0.689
0.693
0.698
0.704
0.698
0.692
0.707
0.707
0.704
0.698
0.695
0.7
0.712
0.705
0.72
0.724
0.731
0.727
0.729
0.734
0.729
0.729
0.735
0.71
0.715
0.713
0.698
0.712
0.7
0.702
0.7
0.705
0.728
0.705
0.721
0.737
0.73
0.74
0.734
0.729
0.731
0.721
0.738
0.717
0.719
0.725
0.715
0.721
0.713
0.712
0.727
0.712
0.713
0.707
0.711
0.726
0.717
0.725
0.733
0.749
0.746
0.735
0.734
0.735
0.743
0.743
0.739
0.726
0.727
0.728
0.733
0.715
0.719
0.717
0.723
0.731
0.722
0.733
0.75
0.738
0.742
0.742
0.725
0.735
0.723
0.74
0.745
0.721
0.736
0.75
0.742
0.755
0.736
0.753
0.741
0.739
0.75
0.743
0.75
0.762
0.768
0.754
0.782
0.789
0.782
0.773
0.797
0.81
0.783
0.807
0.79
0.807
0.797
0.811
0.803
0.812
0.8
0.81
0.807
0.807
0.81
0.824
0.816
0.817
0.83
0.812
0.771
0.762
0.804
0.81
0.78
0.8
0.81
0.817
0.782
0.768
0.792
0.821
0.812
0.758
0.759
0.746
0.747
0.75
0.744
0.756
0.764
0.778
0.804
0.825
0.807
0.794
0.836
0.833
0.826
0.789
0.796
0.783
0.787
0.791
0.805
0.821
0.82
0.815
0.83
0.798
0.819
0.803
0.811
0.825
0.814
0.835
0.863
0.837
0.812
0.862
0.853
0.853
0.849
0.828
0.843
0.826
0.841
0.847
0.833
0.837
0.821
0.833
0.811
0.836
0.799
0.834
0.815
0.837
0.845
0.819
0.802
0.805
0.788
0.828
0.793
0.805
0.812
0.814
0.831
0.819
0.837
0.839
0.825
0.823
0.823
0.823
0.821
0.803
0.814
0.796
0.801
0.802
0.794
0.795
0.8
0.799
0.794
0.801
0.792
0.799
0.802
0.805
0.806
0.773
0.796
0.787
0.791
0.8
0.805
0.788
0.794
0.809
0.813
0.802
0.817
0.793
0.801
0.803
0.794
0.801
0.805
0.814
0.793
0.792
0.791
0.799
0.81
0.811
0.815
0.833
0.813
0.819
0.828
0.846
0.857
0.859
0.824
0.833
0.835
0.809
0.805
0.818
0.824
0.813
0.818
0.829
0.818
0.814
0.822
0.838
0.838
0.818
0.821
0.834
0.84
0.814
0.826
0.83
0.835
0.833
0.821
0.832
0.828
0.811
0.791
0.807
0.818
0.819
0.828
0.826
0.81
0.828
0.835
0.811
0.821
0.815
0.792
0.803
0.802
0.796
0.797
0.784
0.784
0.805
0.809
0.818
0.829
0.838
0.816
0.831
0.832
0.82
0.829
0.811
0.788
0.797
0.833
0.846
0.843
0.835
0.805
0.799
0.789
0.839
0.847
0.852
0.853
0.831
0.834
0.816
0.805
0.859
0.87
0.829
0.838
0.84
0.8
0.789
0.809
0.842
0.843
0.819
0.802
0.778
0.769
0.823
0.822
0.799
0.821
0.828
0.833
0.805
0.847
0.838
0.835
0.847
0.828
0.842
0.814
0.813
0.858
0.85
0.834
0.84
0.831
0.812
0.795
0.81
0.83
0.835
0.811
0.825
0.818
0.829
0.832
0.839
0.833
0.831
0.826
0.838
0.82
0.833
0.841
0.827
0.826
0.834
0.827
0.825
0.833
0.813
0.826
0.833
0.819
0.828
0.813
0.821
0.827
0.814
0.826
0.825
0.814
0.82
0.81
0.806
0.809
0.793
0.798
0.799
0.805
0.808
0.823
0.809
0.822
0.832
0.836
0.831
0.81
0.817
0.812
0.796
0.798
0.812
0.803
0.815
