0.822
0.827
0.825
0.837
0.841
0.856
0.867
0.871
0.875
0.887
0.893
0.867
0.869
0.863
0.848
0.85
0.857
0.847
0.847
0.865
0.881
0.875
0.817
0.807
0.806
0.813
0.802
0.803
0.813
0.818
0.815
0.818
0.824
0.837
0.829
0.838
0.847
0.825
0.823
0.812
0.806
0.815
0.83
0.835
0.831
0.844
0.86
0.861
0.849
0.843
0.845
0.813
0.789
0.767
0.768
0.8579506
0.768
0.793
0.817
0.853
0.871
0.875
0.85
0.828
0.814
0.811
0.811
0.81
0.803
0.797
0.791
0.79
0.783
0.785
0.786
0.793
0.8
0.802
0.801
0.819
0.822
0.818
0.805
0.811
0.824
0.837
0.82
0.802
0.794
0.794
0.894
0.884
0.875
0.855
0.857
0.857
0.85
0.847
0.855
0.853
0.852
0.846
0.848
0.846
0.845
0.84
0.859
0.872
0.878
0.888
0.88
0.878
0.882
0.871
0.853
0.846
0.85
0.855
0.853
0.836
0.846
0.853
0.862
0.859
0.85
0.827
0.814
0.795
0.784
0.77
0.77
0.781
0.793
0.806
0.799
0.786
0.79
0.79
0.78
0.776
0.793
0.799
0.808
0.815
0.83
0.841
0.833
0.838
0.843
0.845
0.835
0.847
0.855
0.863
0.854
0.853
0.85
0.844
0.833
0.834
0.839
0.833
0.823
0.807
0.791
0.791
0.794
0.795
0.796
0.791
0.785
0.773
0.77
0.765
0.765
0.772
0.781
0.794
0.814
0.83
0.84
0.843
0.847
0.837
0.821
0.811
0.815
0.819
0.811
0.798
0.803
0.812
0.813
0.827
0.83
0.828
0.826
0.833
0.847
0.901
0.91
0.903
0.882
0.847
0.83
0.828
0.82
0.813
0.815
0.833
0.855
0.852
0.866
0.873
0.865
0.849
0.855
0.848
0.849
0.851
0.846
0.839
0.826
0.832
0.825
0.807
0.796
0.791
0.798
0.79
0.795
0.796
0.799
0.796
0.803
0.813
0.828
0.829
0.831
0.831
0.844
0.844
0.844
0.847
0.842
0.829
0.814
0.806
0.81
0.805
0.807
0.815
0.819
0.817
0.828
0.834
0.831
0.832
0.836
0.838
0.83
0.837
0.857
0.851
0.847
0.848
0.845
0.834
0.837
0.837
0.829
0.836
0.834
0.828
0.842
0.841
0.834
0.827
0.833
0.831
0.808
0.815
0.856
0.7406888
0.8124442
0.861
0.832
0.806
0.8
0.791
0.779
0.785
0.791
0.797
0.812
0.836
0.854
0.7466394
0.7485777
0.8121505
0.7610977
0.862
0.833
0.826
0.813
0.807
0.804
0.818
0.814
0.813
0.834
0.83
0.824
0.824
0.821
0.824
0.821
0.822
0.814
0.822
0.822
0.824
0.82
0.814
0.822
0.822
0.822
0.813
0.803
0.811
0.807
0.806
0.796
0.792
0.794
0.798
0.789
0.782
0.767
0.751
0.761
0.766
0.764
0.768
0.766
0.768
0.772
0.775
0.781
0.769
0.762
0.77
0.761
0.765
0.782
0.798
0.819
0.833
0.833
0.6676659
0.6906294
0.6999909
0.7670134
0.7317576
0.73304
0.7209613
0.6936897
0.7878811
0.7354841
0.6356456
0.835
0.835
0.828
0.823
0.832
0.7411528
0.6934012
0.669025
0.7029688
0.6699973
0.6816331
0.6854692
0.6422634
0.743804
0.7158263
0.6633455
0.7595396
0.7257952
0.6963227
0.81
0.82
0.822
0.815
0.814
0.807
0.803
0.797
0.795
0.804
0.806
0.819
0.816
0.818
0.739223
0.7382014
0.7355839
0.7298839
0.7241129
0.6989241
0.688742
0.6854039
0.6723906
0.6917096
0.6486988
0.7869905
0.7478758
0.6534621
0.6822072
0.6793091
0.7293026
0.6941337
0.7074019
0.6957049
0.694808
0.751461
0.6867918
0.813
0.803
0.805
0.802
0.806
0.7552424
0.6312149
0.7170169
0.786
0.755
0.747
0.733
0.721
0.714
0.707
0.698
0.692
0.687
0.681
0.676
0.672
0.669
0.669
0.669
0.669
0.665
0.65
0.638
0.644
0.628
0.635
0.631
0.625
0.634
0.627
0.626
0.624
0.625
0.626
0.618
0.624
0.617
0.616
0.61
0.609
0.606
0.602
0.602
0.599
0.599
0.593
0.593
0.59
0.592
0.589
0.59
0.589
0.587
0.587
0.584
0.584
0.583
0.582
0.581
0.578
0.578
0.577
0.576
0.572
0.573
0.572
0.571
0.568
0.567
0.57
0.568
0.564
0.565
0.567
0.567
0.564
0.564
0.565
0.562
0.563
0.563
0.563
0.562
0.561
0.564
0.565
0.564
0.565
0.568
0.568
0.568
0.569
0.569
0.567
0.564
0.568
0.563
0.565
0.563
0.567
0.564
0.566
0.565
0.567
0.563
0.564
0.566
0.563
0.562
0.563
0.564
0.563
0.56
0.562
0.559
0.561
0.558
0.561
0.555
0.557
0.555
0.557
0.555
0.553
0.552
0.551
0.553
0.55
0.549
0.546
0.549
0.548
0.546
0.544
0.544
0.543
0.542
0.542
0.541
0.541
0.541
0.543
0.6662497
0.6698007
0.6762428
0.54
0.6403165
0.6469795
0.6191541
0.6168447
0.6721953
0.6778749
0.661764
0.696691
0.7420545
0.6393313
0.56579
0.6994322
0.6300576
0.6307584
0.6997689
0.6467268
0.6087972
0.6652344
0.6521592
0.6578473
0.6730156
0.6423546
0.6831754
0.6481193
0.6702628
0.7009957
0.6741434
0.6432774
0.7026568
0.696244
0.6781347
0.6654928
0.6303706
0.7104921
0.6312034
0.7435771
0.7170108
0.6454978
0.6134434
0.6260602
0.6649648
0.644502
0.6402948
0.6157767
0.6522336
0.6222354
0.5864594
0.638301
0.6906077
0.6301595
0.6777887
0.5878163
0.6507444
0.673821
0.664882
0.6568636
0.6266105
0.6180488
0.6108838
0.6568452
0.6137319
0.6320532
0.641397
0.7260378
0.6251831
0.660882
0.6544129
0.6123294
0.6481616
0.7092341
0.669042
0.6523735
0.6335483
0.5676205
0.696053
0.5913299
0.6800481
0.7271364
0.5917002
0.6782056
0.6391985
0.5862285
0.5884523
0.5848512
0.6279708
0.5903068
0.6769816
0.7338909
0.5970882
0.6807432
0.6799017
0.662184
0.6079903
0.643786
0.6372076
0.6711676
0.6333312
0.529
0.561
0.585
0.592
0.578
0.564
0.563
0.565
0.567
0.564
0.558
0.556
0.559
0.556
0.547
0.554
0.553
0.547
0.551
0.55
0.547
0.54
0.543
0.548
0.555
0.565
0.564
0.564
0.561
0.565
0.575
0.576
0.58
0.583
0.583
0.582
0.576
0.575
0.57
0.566
0.567
0.568
0.565
0.578
0.577
0.581
0.587
0.586
0.585
0.58
0.577
0.575
0.578
0.578
0.575
0.6
0.612
0.623
0.618
0.626
0.627
0.62
0.625
0.631
0.629
0.617
0.623
0.622
0.616
0.612
0.617
0.621
0.62
0.629
0.643
0.647
0.649
0.654
0.653
0.646
0.641
0.634
0.627
0.622
0.622
0.619
0.615
0.616
0.622
0.637
0.644
0.656
0.669
0.682
0.681
0.685
0.681
0.669
0.656
0.655
0.651
0.661
0.665
0.67
0.671
0.666
0.667
0.652
0.656
0.645
0.639
0.636
0.625
0.63
0.62
0.615
0.609
0.595
0.601
0.6
0.599
0.598
0.61
0.611
0.615
0.62
0.626
0.628
0.634
0.64
0.641
0.64
0.643
0.661
0.67
0.671
0.676
0.688
0.707
0.708
0.699
0.699
0.709
0.707
0.701
0.706
0.708
0.702
0.698
0.698
0.696
0.69
0.695
0.708
0.715
0.708
0.704
0.706
0.712
0.704
0.693
0.681
0.681
0.692
0.692
0.691
0.691
0.701
0.711
0.708
0.71
0.711
0.716
0.712
0.711
0.71
0.715
0.71
0.71
0.72
0.719
0.715
0.72
0.729
0.724
0.717
0.715
0.716
0.713
0.71
0.708
0.714
0.71
0.703
0.697
0.691
0.683
0.67
0.665
0.665
0.666
0.669
0.671
0.681
0.686
0.693
0.7
0.718
0.719
0.724
0.731
0.739
0.73
0.724
0.725
0.73
0.733
0.725
0.724
0.731
0.731
0.723
0.724
0.726
0.73
0.723
0.719
0.716
0.718
0.716
0.71
0.711
0.717
0.724
0.726
0.727
0.733
0.731
0.727
0.731
0.734
0.733
0.723
0.724
0.731
0.725
0.72
0.721
0.724
0.725
0.724
0.722
0.725
0.732
0.726
0.718
0.719
0.725
0.718
0.718
0.718
0.727
0.732
0.731
0.735
0.743
0.745
0.745
0.745
0.748
0.742
0.737
0.739
0.74
0.737
0.731
0.734
0.737
0.741
0.738
0.739
0.748
0.746
0.75
0.755
0.752
0.749
0.736
0.718
0.709
0.697
0.693
0.679
0.69
0.7294149
0.6752844
0.7333142
0.806
0.773
0.75
0.734
0.723
0.71
0.705
0.709
0.71
0.712
0.714
0.72
0.722
0.724
0.732
0.734
0.723
0.724
0.721
0.714
0.708
0.708
0.709
0.71
0.708
0.71
0.716
0.712
0.71
0.711
0.708
0.703
0.699
0.695
0.69
0.684
0.677
0.672
0.676
0.681
0.692
0.691
0.692
0.685
0.683
0.685
0.674
0.675
0.673
0.669
0.673
0.678
0.68
0.677
0.68
0.68
0.685
0.685
0.687
0.694
0.7
0.7
0.703
0.715
0.716
0.722
0.727
0.722
0.733
0.745
0.752
0.751
0.747
0.737
0.725
0.713
0.702
0.699
0.699
0.707
0.714
0.718
0.71
0.715
0.717
0.724
0.737
0.746
0.753
0.756
0.772
0.773
0.769
0.781
0.78
0.775
0.784
0.79
0.775
0.778
0.778
0.779
0.771
0.779
0.785
0.772
0.772
0.771
0.757
0.754
0.749
0.738
0.735
0.73
0.725
0.722
0.718
0.713
0.712
0.706
0.696
0.696
0.688
0.692
0.696
0.704
0.712
0.713
0.708
0.71
0.714
0.72
0.733
0.749
0.751
0.758
0.756
0.751
0.753
0.75
0.741
0.743
0.735
0.734
0.739
0.738
0.733
0.744
0.752
0.76
0.774
0.79
0.792
0.798
0.804
0.787
0.783
0.78
0.772
0.776
0.778
0.769
0.773
0.763
0.755
0.756
0.779
0.801
0.808
0.803
0.786
0.789
0.784
0.771
0.769
0.769
0.773
0.778
0.788
0.794
0.796
0.804
0.8
0.796
0.799
0.795
0.789
0.792
0.791
0.781
0.789
0.791
0.785
0.791
0.803
0.796
0.782
0.787
0.79
0.795
0.784
0.788
0.793
0.783
0.779
0.778
0.758
0.753
0.744
0.725
0.772
0.766
0.744
0.733
0.721
0.708
0.7
0.69
0.685
0.68
0.676
0.684
0.693
0.696
0.704
0.712
0.721
0.731
0.744
0.75
0.754
0.753
0.752
0.75
0.75
0.746
0.742
0.74
0.745
0.751
0.759
0.761
0.769
0.775
0.776
0.781
0.78
0.774
0.775
0.769
0.769
0.768
0.756
0.751
0.748
0.747
0.75
0.755
0.742
0.736
0.738
0.726
0.732
0.735
0.737
0.746
0.751
0.75
0.75
0.746
0.745
0.747
0.749
0.751
0.756
0.767
0.772
0.777
0.78
0.774
0.77
0.773
0.764
0.769
0.774
0.774
0.769
0.766
0.764
0.763
0.768
0.766
0.772
0.773
0.771
0.752
0.76
0.82
0.857
0.7061584
0.853
0.812
0.776
0.743
0.718
0.708
0.696
0.692
0.689
0.689
0.693
0.689
0.692
0.693
0.692
0.692
0.694
0.693
0.691
0.69
0.689
0.688
0.689
0.682
0.674
0.678
0.677
0.677
0.684
0.691
0.699
0.701
0.709
0.714
0.718
0.722
0.717
0.72
0.718
0.716
0.719
0.719
0.721
0.721
0.719
0.717
0.719
0.722
0.719
0.721
0.722
0.728
0.733
0.727
0.735
0.742
0.736
0.74
0.739
0.734
0.725
0.723
0.725
0.719
0.724
0.723
0.722
0.73
0.732
0.73
0.742
0.75
0.755
0.744
0.734
0.736
0.731
0.728
0.723
0.711
0.713
0.708
0.708
0.704
0.705
0.704
0.703
0.695
0.696
0.697
0.706
0.705
0.71
0.719
0.727
0.73
0.735
0.744
0.748
0.746
0.739
0.732
0.737
0.733
0.729
0.727
0.728
0.726
0.732
0.738
0.736
0.742
0.745
0.741
0.744
0.744
0.735
0.741
0.74
0.74
0.743
0.736
0.73
0.708
0.713
0.708
0.706
0.704
0.707
0.711
0.712
0.713
0.711
0.715
0.712
0.723
0.724
0.72
0.725
0.725
0.724
0.72
0.725
0.725
0.733
0.727
0.727
0.712
0.713
0.711
0.714
0.726
0.724
0.719
0.718
0.715
0.712
0.717
0.723
0.727
0.729
0.733
0.736
0.741
0.733
0.732
0.741
0.75
0.761
0.777
0.78
0.771
0.759
0.746
0.752
0.75
0.74
0.741
0.742
0.748
0.744
0.75
0.755
0.749
0.757
0.768
0.768
0.76
0.746
0.749
0.741
0.733
0.734
0.733
0.727
0.737
0.741
0.745
0.754
0.761
0.759
0.762
0.76
0.757
0.756
0.735
0.737
0.745
0.752
0.764
0.767
0.768
0.769
0.765
0.757
0.749
0.74
0.734
0.729
0.727
0.725
0.719
0.725
0.725
0.731
0.73
0.733
0.741
0.743
0.739
0.742
0.745
0.733
0.741
0.745
0.754
0.756
0.748
0.752
0.753
0.755
0.751
0.748
0.738
0.731
0.726
0.725
0.718
0.726
0.721
0.723
0.714
0.708
0.703
0.692
0.693
0.7
0.704
0.714
0.721
0.727
0.728
0.723
0.713
0.715
0.711
0.713
0.719
0.725
0.735
0.747
0.757
0.756
0.746
0.745
0.748
0.744
0.738
0.741
0.738
0.731
0.732
0.736
0.741
0.74
0.735
0.733
0.726
0.71
0.712
0.708
0.708
0.708
0.708
0.708
0.716
0.719
0.711
0.715
0.722
0.721
0.724
0.723
0.717
0.71
0.704
0.699
0.691
0.684
0.674
0.671
0.672
0.679
0.702
0.726
0.759
0.802
0.821
0.818
0.814
0.798
0.796
0.781
0.784
0.782
0.767
0.748
0.724
0.719
0.714
0.713
0.711
0.722
0.738
0.757
0.761
0.768
0.767
0.761
0.745
0.738
0.759
0.806
0.805
0.799
0.785
0.772
0.764
0.752
0.749
0.748
0.746
0.739
0.742
0.74
0.729
0.722
0.721
0.719
0.716
0.715
0.712
0.704
0.703
0.702
0.701
0.702
0.703
0.702
0.704
0.703
0.699
0.7
0.695
0.689
0.684
0.685
0.686
0.685
0.678
0.674
0.673
0.672
0.671
0.668
0.671
0.672
0.667
0.663
0.66
0.656
0.649
0.646
0.652
0.658
0.666
0.672
0.677
0.686
0.684
0.687
0.686
0.687
0.686
0.686
0.688
0.683
0.678
0.673
0.667
0.663
0.662
0.669
0.671
0.674
0.674
0.677
0.678
0.677
0.677
0.674
0.675
0.678
0.681
0.683
0.682
0.681
0.685
0.681
0.684
0.679
0.677
0.674
0.675
0.68
0.677
0.663
0.652
0.648
0.64
0.636
0.629
0.629
0.63
0.633
0.636
0.643
0.65
0.656
0.666
0.668
0.681
0.687
0.69
0.685
0.682
0.667
0.66
0.663
0.663
0.664
0.659
0.66
0.664
0.668
0.671
0.676
0.678
0.675
0.671
0.678
0.678
0.678
0.684
0.693
0.695
0.703
0.709
0.711
0.709
0.706
0.734
0.796
0.799
0.804
0.791
0.779
0.753
0.733
0.715
0.713
0.713
0.716
0.717
0.721
0.724
0.729
0.731
0.728
0.727
0.725
0.716
0.71
0.708
0.699
0.7
0.699
0.7
0.703
0.708
0.71
0.713
0.711
0.714
0.716
0.716
0.713
0.709
0.708
0.705
0.699
0.702
0.702
0.7
0.707
0.709
0.708
0.709
0.705
0.705
0.705
0.708
0.707
0.707
0.711
0.716
0.702
0.7
0.694
0.691
0.692
0.692
0.697
0.704
0.703
0.712
0.714
0.71
0.709
0.701
0.7
0.693
0.684
0.677
0.672
0.673
0.675
0.68
0.683
0.693
0.701
0.702
0.709
0.719
0.726
0.732
0.737
0.734
0.724
0.71
0.705
0.692
0.677
0.676
0.677
0.681
0.682
0.686
0.693
0.702
0.706
0.711
0.71
0.723
0.727
0.742
0.745
0.739
0.732
0.723
0.714
0.705
0.701
0.697
0.697
0.699
0.704
0.708
0.713
0.718
0.723
0.721
0.723
0.718
0.708
0.701
0.697
0.694
0.692
0.695
0.693
0.689
0.68
0.696
0.696
0.689
0.679
0.673
0.663
0.658
0.654
0.655
0.658
0.664
0.663
0.655
0.64
0.632
0.633
0.632
0.632
0.633
0.638
0.64
0.641
0.642
0.642
0.638
0.641
0.642
0.642
0.644
0.644
0.642
0.647
0.653
0.655
0.657
0.659
0.662
0.665
0.664
0.662
0.684
0.728
0.746
0.747
0.738
0.722
0.708
0.694
0.684
0.68
0.675
0.672
0.672
0.674
0.681
0.679
0.683
0.685
0.681
0.681
0.688
0.69
0.691
0.682
0.669
0.66
0.649
0.64
0.637
0.638
0.643
0.651
0.655
0.667
0.677
0.689
0.701
0.712
0.697
0.69
0.675
0.675
0.67
0.664
0.666
0.669
0.671
0.676
0.683
0.685
0.684
0.68
0.686
0.686
0.683
0.681
0.682
0.684
0.682
0.685
0.689
0.691
0.695
0.707
0.715
0.718
0.709
0.704
0.687
0.686
0.682
0.677
0.677
0.674
0.673
0.677
0.68
0.687
0.693
0.696
0.701
0.704
0.703
0.698
0.698
0.691
0.692
0.691
0.691
0.693
0.7
0.7
0.693
0.7
0.703
0.702
0.703
0.703
0.7
0.692
0.689
0.685
0.686
0.694
0.694
0.698
0.699
0.693
0.696
0.696
0.696
0.699
0.707
0.71
0.715
0.718
0.712
0.712
0.708
0.699
0.7
0.693
0.689
0.675
0.672
0.672
0.68
0.69
0.699
0.708
0.713
0.737
0.743
0.747
0.741
0.733
0.721
0.712
0.708
0.703
0.698
0.698
0.7
0.703
0.708
0.708
0.708
0.732
0.822
0.828
0.804
0.788
0.762
0.739
0.721
0.703
0.695
0.69
0.688
0.692
0.701
0.711
0.723
0.735
0.741
0.752
0.75
0.746
0.751
0.749
0.739
0.727
0.725
0.718
0.718
0.715
0.723
0.727
0.726
0.722
0.719
0.708
0.697
0.689
0.681
0.68
0.676
0.678
0.683
0.711
0.728
0.74
0.746
0.74
0.729
0.713
0.707
0.698
0.693
0.685
0.68
0.677
0.675
0.678
0.678
0.679
0.684
0.692
0.696
0.695
0.695
0.695
0.69
0.683
0.683
0.686
0.687
0.693
0.696
0.694
0.696
0.687
0.69
0.685
0.686
0.685
0.698
0.772
0.6605073
0.842262
0.6946956
0.7236344
0.7373676
0.81
0.779
0.75
0.73
0.719
0.71
0.702
0.687
0.684
0.685
0.696
0.699
0.708
0.708
0.703
0.7
0.701
0.702
0.695
0.69
0.684
0.678
0.67
0.669
0.67
0.677
0.688
0.694
0.702
0.699
0.702
0.701
0.701
0.693
0.689
0.684
0.676
0.676
0.671
0.674
0.68
0.687
0.689
0.686
0.691
0.688
0.689
0.691
0.691
0.69
0.691
0.687
0.683
0.675
0.68
0.682
0.683
0.686
0.685
0.684
0.683
0.677
0.676
0.683
0.687
0.7
0.708
0.72
0.762
0.801
0.827
0.831
0.827
0.806
0.774
0.763
0.742
0.727
0.717
0.709
0.698
0.701
0.701
0.711
0.727
0.738
0.738
0.739
0.75
0.745
0.742
0.746
0.746
0.743
0.741
0.735
0.734
0.73
0.729
0.72
0.719
0.722
0.725
0.72
0.727
0.734
0.745
0.75
0.754
0.747
0.737
0.732
0.712
0.71
0.703
0.697
0.694
0.698
0.745
0.7024334
0.7428911
0.7369901
0.7134723
0.7248681
0.7209241
0.831
0.807
0.791
0.774
0.763
0.748
0.737
0.731
0.733
0.733
0.736
0.729
0.719
0.715
0.704
0.698
0.701
0.707
0.709
0.728
0.738
0.748
0.747
0.759
0.759
0.757
0.768
0.765
0.758
0.76
0.766
0.764
0.768
0.775
0.769
0.758
0.765
0.765
0.754
0.747
0.747
0.736
0.732
0.734
0.743
0.749
0.743
0.746
0.74
0.748
0.745
0.744
0.741
0.746
0.745
0.756
0.76
0.762
0.761
0.762
0.763
0.751
0.75
0.753
0.76
0.77
0.773
0.777
0.78
0.779
0.772
0.768
0.763
0.765
0.765
0.763
0.751
0.755
0.753
0.757
0.762
0.762
0.767
0.771
0.771
0.779
0.77
0.76
0.75
0.756
0.752
0.754
0.751
0.761
0.77
0.779
0.785
0.779
0.772
0.75
0.747
0.735
0.726
0.723
0.721
0.715
0.723
0.722
0.735
0.744
0.748
0.743
0.738
0.728
0.723
0.715
0.706
0.702
0.702
0.705
0.704
0.714
0.716
0.72
0.717
0.715
0.708
0.704
0.699
0.694
0.689
0.697
0.696
0.696
0.696
0.695
0.696
0.697
0.699
0.698
0.704
0.704
0.704
0.705
0.703
0.701
0.697
0.7
0.7
0.703
0.702
0.701
0.703
0.697
0.689
0.692
0.697
0.704
0.708
0.708
0.715
0.726
0.735
0.733
0.722
0.718
0.72
0.715
0.716
0.713
0.713
0.7
0.694
0.686
0.696
0.705
0.726
0.73
0.735
0.743
0.754
0.767
0.767
0.765
0.76
0.747
0.728
0.709
0.697
0.691
0.683
0.679
0.68
0.68
0.682
0.684
0.694
0.717
0.719
0.71
0.718
0.709
0.7
0.69
0.681
0.671
0.669
0.669
0.673
0.681
0.68
0.67
0.668
0.664
0.66
0.659
0.664
0.67
0.684
0.694
0.706
0.723
0.74
0.75
0.75
0.75
0.754
0.739
0.724
0.724
0.717
0.714
0.708
0.697
0.7
0.69
0.683
0.684
0.685
0.679
0.687
0.704
0.728
0.755
0.774
0.789
0.793
0.783
0.766
0.76
0.748
0.741
0.737
0.733
0.733
0.731
0.732
0.733
0.733
0.741
0.749
0.749
0.75
0.742
0.736
0.735
0.725
0.72
0.714
0.709
0.708
0.715
0.719
0.718
0.72
0.753
0.799
0.792
0.79
0.776
0.762
0.743
0.733
0.72
0.716
0.709
0.711
0.714
0.725
0.731
0.735
0.739
0.731
0.727
0.712
0.705
0.704
0.705
0.704
0.708
0.705
0.704
0.705
0.7
0.703
0.708
0.711
0.717
0.722
0.725
0.723
0.717
0.708
0.701
0.702
0.7
0.706
0.717
0.725
0.73
0.731
0.725
0.721
0.716
0.708
0.704
0.695
0.688
0.684
0.681
0.671
0.668
0.676
0.682
0.698
0.712
0.721
0.733
0.738
0.736
0.738
0.736
0.729
0.714
0.712
0.718
0.718
0.733
0.738
0.715
0.704
0.699
0.692
0.679
0.679
0.681
0.691
0.702
0.719
0.729
0.725
0.711
0.713
0.71
0.713
0.714
0.721
0.726
0.736
0.742
0.756
0.765
0.774
0.778
0.777
0.77
0.759
0.752
0.731
0.728
0.722
0.713
0.717
0.717
0.716
0.728
0.737
0.747
0.75
0.766
0.842
0.847
0.832
0.815
0.796
0.774
0.762
0.75
0.738
0.733
0.732
0.744
0.759
0.775
0.768
0.761
0.76
0.751
0.748
0.736
0.742
0.732
0.713
0.693
0.681
0.68
0.678
0.679
0.675
0.682
0.681
0.686
0.695
0.707
0.712
0.724
0.74
0.752
0.756
0.753
0.758
0.75
0.754
0.751
0.744
0.731
0.728
0.721
0.714
0.722
0.726
0.736
0.747
0.761
0.77
0.762
0.751
0.754
0.751
0.742
0.74
0.735
0.74
0.737
0.738
0.742
0.752
0.759
0.771
0.777
0.764
0.756
0.753
0.75
0.744
0.74
0.743
0.743
0.744
0.753
0.761
0.771
0.767
0.761
0.757
0.757
0.752
0.749
0.749
0.75
0.746
0.741
0.798
0.836
0.797
0.763
0.758
0.747
0.733
0.721
0.713
0.703
0.7
0.702
0.706
0.707
0.711
0.721
0.727
0.723
0.723
0.723
0.722
0.72
0.715
0.716
0.719
0.721
0.724
0.727
0.731
0.725
0.717
0.723
0.726
0.726
0.727
0.731
0.73
0.731
0.735
0.737
0.738
0.733
0.733
0.724
0.72
0.722
0.721
0.721
0.725
0.725
0.725
0.727
0.729
0.723
0.725
0.723
0.722
0.717
0.718
0.718
0.722
0.728
0.722
0.727
0.727
0.725
0.723
0.712
0.705
0.705
0.703
0.702
0.704
0.709
0.709
0.719
0.729
0.732
0.73
0.708
0.697
0.689
0.671
0.666
0.663
0.667
0.669
0.674
0.68
0.684
0.688
0.694
0.693
0.748
0.8113398
0.695462
0.6811012
0.726818
0.7377791
0.838
0.817
0.792
0.781
0.779
0.77
0.768
0.772
0.773
0.766
0.758
0.756
0.743
0.73
0.719
0.709
0.701
0.701
0.7
0.694
0.691
0.697
0.696
0.703
0.713
0.706
0.708
0.705
0.703
0.708
0.706
0.704
0.708
0.71
0.713
0.72
0.728
0.732
0.722
0.721
0.716
0.717
0.714
0.712
0.717
0.712
0.706
0.71
0.706
0.702
0.702
0.706
0.706
0.715
0.719
0.719
0.726
0.729
0.724
0.726
0.725
0.723
0.721
0.723
0.727
0.727
0.728
0.727
0.73
0.727
0.727
0.715
0.705
0.695
0.687
0.684
0.682
0.682
0.684
0.682
0.686
0.693
0.695
0.699
0.705
0.705
0.709
0.707
0.709
0.708
0.708
0.706
0.708
0.707
0.708
0.709
0.709
0.711
0.714
0.717
0.71
0.708
0.711
0.715
0.716
0.72
0.712
0.708
0.698
0.704
0.708
0.729
0.741
0.751
0.757
0.75
0.737
0.725
0.721
0.719
0.711
0.712
0.71
0.711
0.712
0.716
0.716
0.726
0.728
0.732
0.737
0.746
0.732
0.725
0.708
0.702
0.708
0.709
0.721
0.734
0.75
0.756
0.758
0.754
0.741
0.731
0.73
0.73
0.726
0.727
0.725
0.729
0.723
0.722
0.731
0.737
0.736
0.741
0.741
0.745
0.747
0.745
0.737
0.74
0.738
0.73
0.726
0.72
0.722
0.725
0.727
0.722
0.715
0.695
0.684
0.676
0.673
0.676
0.685
0.704
0.717
0.727
0.731
0.74
0.738
0.74
0.748
0.749
0.746
0.75
0.749
0.743
0.741
0.743
0.741
0.74
0.743
0.741
0.739
0.746
0.745
0.74
0.741
0.744
0.744
0.739
0.741
0.741
0.739
0.741
0.744
0.745
0.735
0.769
0.7346088
0.698447
0.6739878
0.833
0.794
0.772
0.748
0.742
0.731
0.725
0.725
0.726
0.731
0.738
0.748
0.751
0.754
0.756
0.755
0.75
0.749
0.742
0.739
0.736
0.736
0.741
0.741
0.751
0.76
0.759
0.764
0.766
0.761
0.758
0.762
0.756
0.752
0.765
0.783
0.787
0.793
0.782
0.753
0.742
0.733
0.727
0.715
0.709
0.701
0.702
0.707
0.713
0.727
0.74
0.747
0.749
0.755
0.764
0.764
0.761
0.757
0.754
0.749
0.749
0.75
0.755
0.75
0.759
0.764
0.764
0.759
0.75
0.744
0.737
0.733
0.727
0.717
0.717
0.717
0.729
0.741
0.735
0.727
0.717
0.705
0.686
0.702
0.706
0.705
0.708
0.704
0.702
0.697
0.697
0.7
0.699
0.703
0.708
0.703
0.697
0.7
0.709
0.709
0.697
0.702
0.695
0.695
0.688
0.684
0.677
0.679
0.678
0.677
0.676
0.678
0.688
0.692
0.692
0.692
0.7
0.703
0.7
0.697
0.701
0.696
0.69
0.69
0.69
0.689
0.69
0.69
0.689
0.693
0.695
0.692
0.698
0.696
0.695
0.693
0.697
0.698
0.698
0.701
0.7
0.7
0.689
0.682
0.683
0.68
0.681
0.677
0.666
0.664
0.662
0.658
0.654
0.649
0.65
0.648
0.651
0.653
0.654
0.65
0.642
0.644
0.643
0.64
0.637
0.636
0.632
0.631
0.629
0.63
0.631
0.634
0.638
0.648
0.662
0.686
0.713
0.736
0.74
0.757
0.763
0.758
0.756
0.748
0.735
0.725
0.709
0.699
0.695
0.699
0.707
0.713
0.723
0.726
0.74
0.743
0.738
0.733
0.73
0.727
0.723
0.722
0.722
0.725
0.722
0.727
0.736
0.737
0.738
0.782
0.809
0.783
0.768
0.746
0.722
0.706
0.696
0.685
0.68
0.674
0.671
0.666
0.662
0.658
0.654
0.656
0.66
0.661
0.664
0.671
0.672
0.67
0.67
0.666
0.663
0.661
0.653
0.645
0.637
0.636
0.655
0.688
0.7
0.704
0.706
0.702
0.692
0.684
0.676
0.67
0.665
0.661
0.662
0.666
0.671
0.676
0.678
0.684
0.684
0.683
0.686
0.684
0.688
0.683
0.681
0.678
0.678
0.681
0.682
0.683
0.687
0.688
0.693
0.698
0.701
0.699
0.705
0.708
0.707
0.708
0.7
0.692
0.684
0.684
0.684
0.686
0.691
0.696
0.696
0.698
0.698
0.711
0.706
0.705
0.701
0.695
0.69
0.688
0.68
0.676
0.676
0.675
0.675
0.677
0.678
0.676
0.666
0.702
0.783
0.819
0.827
0.807
0.793
0.779
0.757
0.742
0.729
0.722
0.721
0.723
0.723
0.725
0.728
0.735
0.73
0.737
0.74
0.741
0.736
0.731
0.727
0.724
0.717
0.718
0.72
0.714
0.715
0.725
0.721
0.732
0.719
0.705
0.694
0.697
0.701
0.702
0.708
0.718
0.718
0.716
0.729
0.735
0.741
0.747
0.748
0.754
0.765
0.768
0.755
0.757
0.752
0.741
0.739
0.735
0.731
0.735
0.736
0.742
0.743
0.749
0.75
0.755
0.761
0.763
0.759
0.756
0.75
0.746
0.745
0.743
0.741
0.75
0.751
0.745
0.749
0.75
0.752
0.75
0.753
0.753
0.745
0.75
0.743
0.74
0.739
0.744
0.752
0.756
0.755
0.756
0.756
0.752
0.75
0.737
0.724
0.719
0.714
0.715
0.712
0.715
0.722
0.732
0.734
0.736
0.732
0.732
0.728
0.724
0.721
0.721
0.716
0.717
0.723
0.72
0.716
0.716
0.72
0.732
0.736
0.732
0.729
0.723
0.719
0.718
0.708
0.714
0.713
0.721
0.73
0.735
0.739
0.744
0.741
0.738
0.731
0.733
0.737
0.738
0.737
0.729
0.72
0.719
0.717
0.717
0.721
0.733
0.736
0.739
0.752
0.753
0.735
0.737
0.73
0.716
0.71
0.706
0.701
0.697
0.694
0.699
0.7
0.704
0.708
0.715
0.724
0.735
0.74
0.75
0.75
0.75
0.749
0.753
0.75
0.749
0.744
0.741
0.739
0.738
0.737
0.735
0.732
0.733
0.744
0.75
0.754
0.748
0.747
0.75
0.749
0.746
0.746
0.75
0.75
0.755
0.758
0.763
0.758
0.756
0.75
0.746
0.742
0.739
0.737
0.738
0.74
0.749
0.753
0.776
0.787
0.78
0.773
0.758
0.749
0.746
0.74
0.741
0.744
0.746
0.752
0.756
0.766
0.765
0.768
0.764
0.76
0.759
0.759
0.755
0.757
0.759
0.763
0.765
0.763
0.769
0.767
0.773
0.778
0.775
0.77
0.774
0.781
0.77
0.761
0.75
0.737
0.727
0.715
0.707
0.705
0.708
0.718
0.736
0.749
0.763
0.777
0.783
0.792
0.798
0.803
0.798
0.791
0.783
0.784
0.784
0.779
0.772
0.767
0.755
0.752
0.749
0.75
0.761
0.783
0.807
0.808
0.796
0.779
0.772
0.764
0.75
0.74
0.791
0.873
0.8058338
0.7408728
0.868
0.844
0.829
0.818
0.806
0.798
0.796
0.798
0.798
0.801
0.802
0.8
0.798
0.793
0.791
0.79
0.787
0.783
0.791
0.812
0.812
0.814
0.802
0.789
0.773
0.767
0.759
0.763
0.765
0.773
0.775
0.781
0.782
0.789
0.782
0.782
0.781
0.772
0.768
0.759
0.742
0.736
0.727
0.717
0.708
0.704
0.703
0.71
0.72
0.731
0.74
0.748
0.754
0.75
0.749
0.738
0.729
0.729
0.728
0.727
0.73
0.731
0.734
0.734
0.731
0.739
0.743
0.75
0.759
0.773
0.789
0.781
0.792
0.783
0.777
0.768
0.76
0.745
0.734
0.724
0.716
0.714
0.716
0.718
0.726
0.739
0.751
0.764
0.785
0.796
0.807
0.799
0.79
0.789
0.783
0.767
0.749
0.741
0.734
0.724
0.719
0.717
0.726
0.738
0.761
0.774
0.785
0.787
0.791
0.771
0.75
0.726
0.721
0.716
0.711
0.71
0.714
0.724
0.739
0.76
0.796
0.812
0.825
0.824
0.829
0.827
0.82
0.811
0.804
0.797
0.791
0.788
0.801
0.817
0.83
0.825
0.823
0.828
0.819
0.812
0.804
0.798
0.791
0.779
0.771
0.775
0.777
0.78
0.788
0.801
0.813
0.809
0.81
0.81
0.805
0.8
0.783
0.763
0.748
0.736
0.746
0.764
0.781
0.795
0.8
0.798
0.791
0.794
0.798
0.803
0.798
0.806
0.802
0.814
0.821
0.829
0.832
0.828
0.819
0.817
0.806
0.782
0.776
0.775
0.776
0.781
0.79
0.791
0.796
0.794
0.784
0.785
0.785
0.789
0.792
0.799
0.797
0.795
0.791
0.794
0.795
0.796
0.796
0.784
0.783
0.781
0.764
0.754
0.752
0.75
0.745
0.744
0.743
0.745
0.75
0.755
0.763
0.77
0.761
0.753
0.752
0.744
0.742
0.75
0.752
0.761
0.767
0.767
0.77
0.77
0.772
0.768
0.774
0.778
0.777
0.778
0.779
0.768
0.758
0.756
0.755
0.744
0.749
0.744
0.747
0.745
0.755
0.757
0.74
0.721
0.709
0.711
0.716
0.723
0.738
0.745
0.747
0.752
0.744
0.738
0.74
0.741
0.733
0.744
0.742
0.743
0.727
0.735
0.754
0.769
0.786
0.792
0.788
0.775
0.777
0.771
0.765
0.757
0.752
0.811
0.87
0.875
0.866
0.85
0.82
0.82
0.82
0.807
0.804
0.802
0.791
0.784
0.777
0.774
0.773
0.767
0.774
0.776
0.771
0.772
0.764
0.764
0.76
0.757
0.755
0.758
0.763
0.768
0.766
0.779
0.78
0.783
0.779
0.769
0.756
0.75
0.739
0.736
0.736
0.747
0.75
0.75
0.758
0.775
0.798
0.816
0.835
0.837
0.825
0.823
0.806
0.785
0.775
0.771
0.767
0.763
0.769
0.776
0.786
0.786
0.785
0.791
0.79
0.789
0.78
0.775
0.771
0.766
0.761
0.762
0.753
0.742
0.742
0.742
0.746
0.751
0.752
0.762
0.76
0.763
0.765
0.779
0.788
0.787
0.78
0.77
0.758
0.731
0.728
0.728
0.729
0.74
0.757
0.772
0.784
0.799
0.805
0.798
0.799
0.782
0.768
0.758
0.754
0.759
0.756
0.759
0.766
0.77
0.775
0.783
0.788
0.791
0.792
0.791
0.791
0.793
0.789
0.791
0.791
0.784
0.777
0.773
0.763
0.764
0.765
0.771
0.777
0.778
0.774
0.759
0.752
0.752
0.75
0.745
0.745
0.75
0.752
0.753
0.76
0.763
0.762
0.77
0.771
0.776
0.764
0.76
0.755
0.757
0.76
0.76
0.765
0.769
0.781
0.79
0.793
0.798
0.803
0.803
0.799
0.792
0.77
0.758
0.756
0.754
0.755
0.759
0.767
0.774
0.773
0.78
0.777
0.781
0.786
0.787
0.776
0.781
0.785
0.775
0.768
0.762
0.761
0.759
0.762
0.756
0.751
0.751
0.74
0.739
0.743
0.744
0.752
0.757
0.769
0.774
0.77
0.772
0.77
0.768
0.759
0.753
0.753
0.748
0.742
0.742
0.736
0.743
0.746
0.751
0.752
0.753
0.75
0.743
0.73
0.722
0.722
0.728
0.739
0.742
0.746
0.751
0.759
0.763
0.77
0.753
0.753
0.755
0.749
0.743
0.739
0.725
0.722
0.718
0.715
0.728
0.7240641
0.7494571
0.7510325
0.87
0.841
0.813
0.786
0.768
0.763
0.759
0.765
0.773
0.778
0.782
0.79
0.793
0.797
0.788
0.778
0.771
0.77
0.769
0.759
0.754
0.753
0.758
0.757
0.755
0.758
0.76
0.766
0.777
0.791
0.791
0.79
0.787
0.779
0.761
0.753
0.737
0.73
0.722
0.725
0.729
0.738
0.748
0.75
0.753
0.76
0.763
0.762
0.759
0.751
0.755
0.762
0.773
0.774
0.774
0.772
0.761
0.749
0.746
0.738
0.736
0.745
0.743
0.75
0.75
0.749
0.753
0.752
0.746
0.744
0.744
0.745
0.742
0.744
0.74
0.732
0.737
0.738
0.74
0.744
0.749
0.759
0.75
0.758
0.751
0.747
0.744
0.735
0.729
0.723
0.715
0.713
0.711
0.716
0.716
0.731
0.75
0.737
0.724
0.722
0.716
0.705
0.707
0.72
0.732
0.743
0.756
0.766
0.76
0.76
0.775
0.775
0.768
0.763
0.755
0.748
0.748
0.743
0.743
0.741
0.75
0.747
0.736
0.725
0.721
0.708
0.698
0.695
0.687
0.689
0.696
0.719
0.719
0.705
0.704
0.693
0.688
0.687
0.68
0.679
0.682
0.678
0.682
0.68
0.686
0.69
0.689
0.696
0.701
0.7
0.706
0.709
0.711
0.716
0.722
0.731
0.733
0.742
0.733
0.729
0.728
0.725
0.721
0.724
0.716
0.694
0.704
0.713
0.72
0.732
0.73
0.722
0.726
0.723
0.722
0.741
0.751
0.759
0.75
0.75
0.757
0.75
0.748
0.748
0.746
0.742
0.735
0.737
0.738
0.745
0.745
0.751
0.751
0.756
0.755
0.755
0.76
0.769
0.768
0.773
0.766
0.77
0.776
0.77
0.765
0.765
0.772
0.778
0.788
0.782
0.773
0.768
0.766
0.766
0.761
0.753
0.749
0.749
0.75
0.756
0.766
0.776
0.784
0.788
0.792
0.791
0.793
0.791
0.79
0.79
0.793
0.798
0.8
0.792
0.791
0.783
0.763
0.753
0.758
0.763
0.771
0.774
0.778
0.792
0.794
0.801
0.813
0.807
0.806
0.788
0.781
0.784
0.783
0.78
0.779
0.769
0.768
0.767
0.77
0.769
0.768
0.773
0.786
0.793
0.811
0.817
0.817
0.815
0.804
0.796
0.792
0.783
0.784
0.786
0.799
0.803
0.812
0.823
0.81
0.801
0.774
0.76
0.751
0.751
0.75
0.746
0.742
0.739
0.741
0.748
0.756
0.755
0.753
0.761
0.772
0.773
0.777
0.765
0.761
0.762
0.759
0.753
0.741
0.731
0.72
0.733
0.743
0.75
0.759
0.776
0.776
0.775
0.765
0.75
0.761
0.763
0.763
0.764
0.762
0.758
0.757
0.759
0.76
0.762
0.771
0.777
0.783
0.784
0.769
0.766
0.756
0.751
0.759
0.761
0.777
0.795
0.807
0.808
0.809
0.8219431
0.7806977
0.8078464
0.854
0.825
0.792
0.767
0.751
0.733
0.725
0.722
0.715
0.718
0.721
0.721
0.725
0.731
0.732
0.737
0.737
0.739
0.73
0.73
0.733
0.741
0.738
0.732
0.733
0.749
0.76
0.769
0.773
0.779
0.779
0.774
0.761
0.757
0.749
0.737
0.724
0.71
0.703
0.696
0.687
0.703
0.717
0.736
0.756
0.754
0.781
0.782
0.775
0.767
0.768
0.757
0.756
0.759
0.759
0.758
0.766
0.786
0.81
0.818
0.82
0.812
0.803
0.803
0.791
0.788
0.784
0.776
0.771
0.776
0.779
0.776
0.796
0.796
0.778
0.765
0.761
0.754
0.755
0.749
0.75
0.754
0.764
0.77
0.779
0.794
0.796
0.797
0.814
0.817
0.814
0.807
0.808
0.805
0.802
0.799
0.79
0.797
0.795
0.794
0.799
0.797
0.799
0.805
0.806
0.784
0.776
0.773
0.753
0.749
0.754
0.765
0.777
0.777
0.791
0.798
0.798
0.81
0.817
0.809
0.813
0.816
0.811
0.81
0.806
0.808
0.812
0.801
0.808
0.806
0.793
0.798
0.796
0.795
0.792
0.785
0.781
0.764
0.759
0.764
0.762
0.765
0.773
0.783
0.79
0.8
0.811
0.826
0.828
0.835
0.836
0.825
0.828
0.828
0.826
0.832
0.834
0.841
0.847
0.845
0.833
0.834
0.822
0.82
0.818
0.819
0.808
0.819
0.821
0.816
0.798
0.801
0.8
0.795
0.807
0.818
0.821
0.829
0.833
0.83
0.829
0.827
0.815
0.808
0.815
0.813
0.813
0.821
0.833
0.835
0.846
0.847
0.846
0.847
0.826
0.825
0.801
0.787
0.78
0.78
0.775
0.775
0.789
0.791
0.799
0.805
0.815
0.813
0.812
0.814
0.808
0.817
0.828
0.835
0.829
0.837
0.833
0.832
0.822
0.819
0.825
0.823
0.816
0.813
0.818
0.815
0.82
0.822
0.824
0.815
0.813
0.805
0.799
0.803
0.8
0.8
0.801
0.802
0.809
0.802
0.816
0.824
0.815
0.817
0.816
0.813
0.815
0.824
0.825
0.827
0.828
0.823
0.826
0.822
0.821
0.824
0.812
0.814
0.817
0.815
0.79
0.756
0.764
0.758
0.755
0.756
0.756
0.754
0.758
0.758
0.759
0.763
0.763
0.762
0.753
0.757
0.76
0.761
0.773
0.784
0.793
0.804
0.811
0.821
0.831
0.833
0.83
0.823
0.816
0.815
0.81
0.806
0.804
0.805
0.808
0.804
0.801
0.784
0.785
0.771
0.754
0.753
0.752
0.756
0.763
0.774
0.793
0.819
0.821
0.842
0.849
0.852
0.845
0.83
0.818
0.801
0.793
0.783
0.782
0.791
0.797
0.82
0.83
0.833
0.846
0.853
0.852
0.839
0.833
0.822
0.813
0.803
0.802
0.798
0.788
0.792
0.803
0.791
0.833
0.879
0.891
0.89
0.883
0.876
0.857
0.861
0.858
0.841
0.846
0.851
0.848
0.842
0.853
0.843
0.831
0.827
0.806
0.79
0.795
0.793
0.796
0.806
0.815
0.811
0.813
0.81
0.812
0.82
0.824
0.815
0.805
0.804
0.803
0.809
0.81
0.813
0.805
0.795
0.793
0.798
0.801
0.811
0.827
0.852
0.861
0.87
0.885
0.858
0.822
0.826
0.812
0.803
0.816
0.812
0.821
0.824
0.84
0.838
0.836
0.83
0.821
0.819
0.831
0.835
0.828
0.817
0.828
0.825
0.823
0.815
0.826
0.823
0.817
0.822
0.819
0.811
0.817
0.817
0.811
0.812
0.815
0.817
0.82
0.825
0.821
0.826
0.829
0.825
0.796
0.791
0.795
0.805
0.802
0.801
0.811
0.823
0.815
0.814
0.809
0.807
0.818
0.821
0.827
0.835
0.839
0.841
0.843
0.843
0.843
0.841
0.836
0.833
0.832
0.826
0.826
0.822
0.821
0.83
0.822
0.82
0.825
0.829
0.827
0.833
0.828
0.828
0.834
0.83
0.825
0.821
0.814
0.819
0.814
0.817
0.827
0.831
0.835
0.841
0.833
0.836
0.831
0.824
0.821
0.815
0.818
0.816
0.809
0.804
0.808
0.808
0.81
0.809
0.814
0.824
0.812
0.818
0.813
0.799
0.789
0.778
0.782
0.799
0.816
0.813
0.815
0.814
0.808
0.797
0.791
0.777
0.772
0.766
0.761
0.758
0.76
0.762
0.766
0.769
0.767
0.762
0.763
0.751
0.741
0.74
0.735
0.738
0.739
0.747
0.759
0.776
0.787
0.8
0.8
0.809
0.817
0.812
0.802
0.8
0.799
0.811
0.807
0.805
0.811
0.802
0.794
0.787
0.793
0.791
0.784
0.792
0.789
0.787
0.784
0.782
0.783
0.791
0.784
0.775
0.784
0.78
0.777
0.781
0.786
0.768
0.762
0.748
0.738
0.743
0.749
0.757
0.774
0.79
0.811
0.819
0.817
0.813
0.798
0.797
0.785
0.777
0.773
0.769
0.766
0.761
0.772
0.787
0.791
0.792
0.807
0.808
0.812
0.812
0.81
0.81
0.807
0.809
0.815
0.817
0.825
0.823
0.83
0.84
0.832
0.828
0.804
0.79
0.775
0.762
0.753
0.752
0.752
0.751
0.752
0.757
0.749
0.748
0.753
0.744
0.74
0.726
0.73
0.727
0.723
0.709
0.706
0.701
0.708
0.714
0.726
0.73
0.729
0.74
0.745
0.746
0.75
0.748
0.744
0.744
0.739
0.739
0.745
0.748
0.749
0.76
0.777
0.775
0.783
0.779
0.775
0.787
0.783
0.788
0.791
0.791
0.791
0.787
0.783
0.787
0.784
0.797
0.79
0.82
0.808
0.792
0.788
0.782
0.771
0.766
0.77
0.774
0.772
0.777
0.783
0.785
0.792
0.789
0.787
0.793
0.783
0.781
0.782
0.78
0.773
0.764
0.75
0.759
0.763
0.761
0.765
0.767
0.75
0.762
0.769
0.784
0.799
0.802
0.804
0.793
0.78
0.771
0.758
0.75
0.754
0.753
0.749
0.751
0.752
0.75
0.757
0.767
0.772
0.778
0.782
0.782
0.788
0.788
0.779
0.791
0.791
0.796
0.804
0.815
0.818
0.818
0.809
0.795
0.797
0.793
0.785
0.781
0.782
0.787
0.784
0.776
0.78
0.769
0.763
0.758
0.762
0.765
0.775
0.791
0.802
0.816
0.812
0.823
0.82
0.82
0.815
0.817
0.819
0.817
0.819
0.816
0.814
0.806
0.807
0.808
0.805
0.803
0.797
0.798
0.795
0.801
0.793
0.779
0.771
0.766
0.774
0.781
0.78
0.769
0.761
0.757
0.748
0.757
0.762
0.769
0.768
0.765
0.754
0.721
0.723
0.714
0.709
0.708
0.703
0.703
0.698
0.693
0.687
0.678
0.673
0.673
0.672
0.674
0.681
0.683
0.691
0.706
0.71
0.725
0.744
0.758
0.774
0.781
0.793
0.798
0.801
0.804
0.8
0.794
0.795
0.79
0.803
0.811
0.806
0.812
0.816
0.824
0.828
0.831
0.833
0.817
0.83
0.833
0.828
0.832
0.829
0.826
0.829
0.814
0.818
0.815
0.801
0.801
0.814
0.817
0.818
0.827
0.834
0.826
0.832
0.833
0.825
0.819
0.816
0.818
0.817
0.819
0.822
0.829
0.825
0.826
0.825
0.81
0.807
0.801
0.786
0.786
0.782
0.788
0.788
0.789
0.793
0.797
0.792
0.799
0.785
0.788
0.773
0.78
0.766
0.75
0.737
0.726
0.714
0.702
0.698
0.695
0.688
0.688
0.683
0.681
0.688
0.7
0.707
0.712
0.724
0.739
0.743
0.745
0.75
0.759
0.757
0.759
0.75
0.744
0.751
0.754
0.751
0.765
0.764
0.766
0.774
0.774
0.77
0.777
0.769
0.766
0.77
0.766
0.814
0.806
0.81
0.806
0.813
0.811
0.814
0.808
0.808
0.808
0.801
0.805
0.798
0.791
0.781
0.775
0.776
0.78
0.781
0.787
0.789
0.787
0.792
0.787
0.783
0.786
0.781
0.776
0.779
0.775
0.77
0.778
0.778
0.789
0.79
0.795
0.797
0.79
0.789
0.788
0.774
0.781
0.781
0.782
0.792
0.798
0.805
0.819
0.816
0.812
0.815
0.816
0.816
0.811
0.804
0.807
0.799
0.803
0.809
0.818
0.808
0.807
0.81
0.803
0.802
0.806
0.805
0.798
0.798
0.801
0.799
0.802
0.8
0.799
0.808
0.811
0.806
0.809
0.801
0.798
0.795
0.782
0.785
0.771
0.761
0.76
0.764
0.759
0.761
0.755
0.764
0.757
0.754
0.757
0.753
0.75
0.75
0.742
0.735
0.734
0.731
0.727
0.735
0.737
0.75
0.759
0.773
0.779
0.791
0.795
0.791
0.787
0.792
0.783
0.774
0.779
0.768
0.768
0.762
0.759
0.764
0.77
0.78
0.791
0.794
0.796
0.812
0.804
0.803
0.794
0.786
0.789
0.782
0.776
0.777
0.778
0.769
0.778
0.782
0.791
0.793
0.811
0.805
0.806
0.808
0.806
0.81
0.797
0.79
0.786
0.774
0.771
0.781
0.778
0.776
0.783
0.784
0.787
0.788
0.779
0.77
0.773
0.757
0.802
0.821
0.809
0.801
0.794
0.78
0.78
0.773
0.774
0.776
0.783
0.789
0.795
0.802
0.798
0.793
0.803
0.801
0.793
0.797
0.787
0.775
0.777
0.771
0.767
0.77
0.771
0.767
0.77
0.778
0.787
0.796
0.788
0.78
0.783
0.776
0.774
0.778
0.774
0.768
0.771
0.767
0.759
0.765
0.757
0.751
0.742
0.747
0.741
0.739
0.745
0.741
0.733
0.737
0.742
0.741
0.748
0.746
0.753
0.751
0.748
0.752
0.752
0.756
0.758
0.76
0.77
0.774
0.774
0.782
0.782
0.779
0.787
0.793
0.803
0.804
0.811
0.803
0.785
0.769
0.792
0.827
0.78
0.75
0.739
0.726
0.712
0.708
0.702
0.701
0.704
0.709
0.714
0.72
0.72
0.721
0.719
0.723
0.725
0.737
0.748
0.758
0.774
0.784
0.777
0.783
0.78
0.772
0.774
0.765
0.765
0.768
0.774
0.778
0.783
0.785
0.784
0.788
0.783
0.78
0.782
0.766
0.769
0.771
0.767
0.767
0.774
0.763
0.761
0.767
0.761
0.764
0.771
0.776
0.779
0.786
0.782
0.782
0.788
0.782
0.778
0.778
0.773
0.783
0.775
0.77
0.77
0.775
0.775
0.778
0.779
0.782
0.782
0.773
0.773
0.766
0.771
0.77
0.771
0.78
0.777
0.78
0.781
0.775
0.771
0.763
0.75
0.744
0.754
0.759
0.767
0.774
0.771
0.776
0.773
0.774
0.769
0.767
0.765
0.763
0.763
0.761
0.755
0.755
0.755
0.756
0.757
0.763
0.763
0.767
0.771
0.765
0.75
0.741
0.729
0.743
0.6475286
0.6759819
0.781
0.757
0.721
0.713
0.703
0.688
0.672
0.66
0.65
0.641
0.634
0.626
0.619
0.62
0.615
0.608
0.601
0.595
0.6
0.604
0.61
0.612
0.613
0.609
0.607
0.61
0.609
0.607
0.61
0.609
0.606
0.604
0.607
0.605
0.6
0.599
0.599
0.595
0.592
0.594
0.591
0.588
0.585
0.588
0.588
0.587
0.585
0.585
0.586
0.586
0.583
0.583
0.583
0.582
0.578
0.578
0.575
0.576
0.572
0.569
0.568
0.567
0.566
0.561
0.563
0.563
0.56
0.561
0.563
0.563
0.56
0.56
0.563
0.565
0.562
0.56
0.561
0.56
0.562
0.561
0.557
0.559
0.558
0.56
0.56
0.559
0.562
0.559
0.562
0.566
0.563
0.566
0.563
0.565
0.563
0.561
0.563
0.562
0.559
0.557
0.554
0.556
0.554
0.554
0.55
0.551
0.556
0.553
0.55
0.552
0.551
0.554
0.551
0.551
0.554
0.553
0.552
0.549
0.549
0.551
0.552
0.551
0.55
0.547
0.549
0.55
0.545
0.544
0.546
0.548
0.544
0.543
0.544
0.542
0.544
0.544
0.54
0.54
0.539
0.542
0.539
0.537
0.542
0.542
0.543
0.538
0.54
0.54
0.539
0.538
0.538
0.535
0.538
0.538
0.533
0.537
0.537
0.536
0.535
0.534
0.536
0.535
0.534
0.531
0.528
0.531
0.53
0.529
0.527
0.529
0.534
0.551
0.587
0.646
0.646
0.625
0.595
0.581
0.568
0.56
0.554
0.549
0.545
0.541
0.538
0.541
0.536
0.535
0.533
0.536
0.535
0.536
0.532
0.536
0.535
0.537
0.534
0.534
0.535
0.534
0.533
0.532
0.531
0.532
0.531
0.527
0.529
0.527
0.529
0.529
0.524
0.526
0.523
0.527
0.528
0.523
0.525
0.523
0.525
0.523
0.6301127
0.524
0.524
0.525
0.524
0.6471864
0.523
0.528
0.523
0.526
0.524
0.528
0.529
0.526
0.528
0.524
0.529
0.525
0.523
0.524
0.523
0.523
0.6078369
0.5911086
0.7246688
0.524
0.534
0.542
0.551
0.552
0.554
0.555
0.548
0.548
0.546
0.543
0.547
0.545
0.543
0.542
0.541
0.545
0.547
0.546
0.551
0.557
0.563
0.562
0.564
0.574
0.572
0.578
0.587
0.583
0.577
0.579
0.578
0.581
0.582
0.582
0.592
0.597
0.597
0.594
0.595
0.585
0.588
0.595
0.588
0.588
0.587
0.59
0.587
0.587
0.603
0.613
0.616
0.613
0.617
0.626
0.633
0.622
0.62
0.614
0.607
0.596
0.593
0.595
0.597
0.602
0.611
0.626
0.638
0.635
0.625
0.619
0.636
0.641
0.643
0.642
0.638
0.655
0.633
0.627
0.62
0.62
0.618
0.619
0.625
0.632
0.636
0.649
0.662
0.665
0.673
0.681
0.68
0.667
0.662
0.656
0.655
0.644
0.637
0.631
0.629
0.63
0.625
0.621
0.625
0.638
0.655
0.667
0.675
0.689
0.692
0.69
0.703
0.708
0.706
0.707
0.703
0.695
0.686
0.684
0.676
0.668
0.658
0.653
0.643
0.645
0.65
0.645
0.642
0.636
0.629
0.631
0.642
0.661
0.682
0.695
0.69
0.695
0.683
0.673
0.658
0.654
0.658
0.661
0.659
0.654
0.651
0.643
0.642
0.643
0.666
0.7
0.691
0.681
0.667
0.683
0.668
0.659
0.651
0.654
0.656
0.66
0.674
0.679
0.689
0.705
0.716
0.734
0.748
0.75
0.761
0.754
0.735
0.727
0.728
0.721
0.717
0.704
0.683712
0.6091112
0.6350981
0.6120687
0.7488196
0.7131954
0.76
0.751
0.748
0.756
0.762
0.768
0.773
0.765
0.778
0.777
0.767
0.765
0.773
0.776
0.77
0.772
0.768
0.744
0.75
0.747
0.75
0.747
0.737
0.737
0.733
0.727
0.722
0.726
0.732
0.738
0.727
0.735
0.738
0.749
0.764
0.777
0.776
0.774
0.764
0.74
0.744
0.739
0.73
0.716
0.705
0.711
0.719
0.728
0.727
0.739
0.758
0.758
0.762
0.767
0.766
0.751
0.76
0.775
0.78
0.779
0.786
0.791
0.6608773
0.791
0.781
0.774
0.769
0.76
0.765
0.768
0.768
0.784
0.784
0.784
0.788
0.785
0.782
0.78
0.765
0.769
0.767
0.757
0.758
0.765
0.757
0.758
0.751
0.739
0.744
0.75
0.745
0.75
0.753
0.746
0.751
0.757
0.749
0.749
0.742
0.729
0.719
0.71
0.712
0.703
0.706
0.72
0.723
0.729
0.729
0.731
0.733
0.732
0.727
0.716
0.708
0.707
0.707
0.706
0.713
0.714
0.718
0.73
0.728
0.734
0.733
0.728
0.728
0.727
0.722
0.718
0.717
0.722
0.723
0.721
0.724
0.732
0.729
0.733
0.735
0.733
0.736
0.745
0.747
0.74
0.75
0.75
0.744
0.75
0.759
0.753
0.757
0.75
0.743
0.747
0.743
0.734
0.738
0.732
0.725
0.793
0.7177876
0.6794259
0.793
0.765
0.75
0.744
0.741
0.737
0.736
0.748
0.75
0.754
0.755
0.758
0.766
0.766
0.766
0.763
0.756
0.746
0.745
0.735
0.732
0.73
0.71
0.698
0.689
0.681
0.674
0.675
0.673
0.676
0.677
0.683
0.683
0.694
0.701
0.705
0.715
0.72
0.726
0.734
0.732
0.722
0.725
0.72
0.708
0.709
0.719
0.733
0.742
0.743
0.742
0.743
0.739
0.731
0.729
0.72
0.71
0.706
0.698
0.69
0.695
0.709
0.727
0.745
0.732
0.72
0.715
0.706
0.698
0.702
0.706
0.711
0.722
0.729
0.75
0.742
0.737
0.747
0.761
0.774
0.803
0.806
0.798
0.785
0.786
0.768
0.755
0.744
0.732
0.723
0.72
0.714
0.715
0.718
0.729
0.739
0.737
0.747
0.758
0.768
0.768
0.782
0.793
0.799
0.801
0.801
0.791
0.778
0.756
0.744
0.741
0.735
0.734
0.741
0.743
0.749
0.748
0.76
0.757
0.747
0.743
0.741
0.744
0.745
0.749
0.751
0.755
0.759
0.759
0.758
0.751
0.743
0.742
0.735
0.725
0.727
0.718
0.711
0.715
0.718
0.723
0.736
0.746
0.751
0.744
0.746
0.741
0.742
0.741
0.745
0.745
0.743
0.75
0.746
0.753
0.763
0.759
0.772
0.776
0.777
0.779
0.766
0.772
0.778
0.773
0.774
0.776
0.769
0.762
0.766
0.761
0.755
0.767
0.749
0.743
0.738
0.74
0.735
0.729
0.721
0.717
0.723
0.727
0.729
0.724
0.722
0.728
0.722
0.718
0.719
0.714
0.71
0.721
0.723
0.72
0.735
0.742
0.746
0.743
0.74
0.745
0.735
0.737
0.736
0.731
0.729
0.726
0.724
0.731
0.729
0.73
0.74
0.744
0.744
0.75
0.753
0.754
0.77
0.765
0.771
0.769
0.765
0.773
0.775
0.766
0.776
0.783
0.781
0.786
0.792
0.781
0.778
0.777
0.765
0.767
0.768
0.762
0.763
0.766
0.763
0.771
0.776
0.769
0.772
0.773
0.772
0.771
0.776
0.784
0.779
0.767
0.769
0.758
0.759
0.767
0.777
0.773
0.758
0.749
0.749
0.743
0.74
0.737
0.734
0.739
0.741
0.74
0.749
0.748
0.739
0.735
0.735
0.738
0.736
0.74
0.742
0.742
0.758
0.909
0.7866101
0.915
0.887
0.862
0.829
0.81
0.795
0.788
0.778
0.764
0.772
0.782
0.785
0.788
0.8
0.804
0.813
0.814
0.804
0.804
0.8
0.795
0.794
0.793
0.784
0.787
0.787
0.781
0.786
0.79
0.791
0.78
0.794
0.786
0.778
0.77
0.744
0.732
0.725
0.711
0.7943553
0.8027097
0.8938702
0.8255808
0.8331016
0.8386521
0.8790907
0.8090445
0.85
0.790875
