0.75
0.747
0.746
0.756
0.758
0.747
0.753
0.767
0.762
0.757
0.762
0.765
0.769
0.756
0.754
0.76
0.746
0.751
0.756
0.767
0.754
0.758
0.77
0.772
0.749
0.758
0.759
0.745
0.737
0.738
0.73
0.708
0.709
0.763461
0.764416
0.715
0.716
0.713
0.724
0.743
0.747
0.746
0.757
0.773
0.772
0.752
0.756
0.766
0.775
0.76
0.774
0.789
0.783
0.783
0.801
0.816
0.799
0.804
0.813
0.8
0.792
0.803
0.788
0.782
0.799
0.796
0.785
0.793
0.803
0.782
0.784
0.798
0.802
0.785
0.801
0.814
0.803
0.798
0.815
0.818
0.803
0.798
0.817
0.826
0.823
0.815
0.8
0.811
0.821
0.802
0.804
0.818
0.826
0.806
0.805
0.821
0.812
0.793
0.796
0.806
0.797
0.79
0.8
0.815
0.811
0.801
0.809
0.825
0.821
0.802
0.821
0.82
0.802
0.799
0.824
0.835
0.817
0.824
0.844
0.85
0.829
0.843
0.86
0.857
0.835
0.847
0.856
0.845
0.828
0.833
0.847
0.833
0.825
0.838
0.851
0.828
0.828
0.843
0.834
0.82
0.828
0.845
0.838
0.824
0.834
0.846
0.841
0.832
0.842
0.858
0.851
0.84
0.851
0.862
0.854
0.846
0.865
0.869
0.852
0.851
0.865
0.866
0.845
0.856
0.865
0.849
0.832
0.849
0.861
0.853
0.835
0.851
0.859
0.852
0.842
0.859
0.869
0.855
0.844
0.862
0.868
0.853
0.859
0.875
0.872
0.857
0.864
0.875
0.859
0.844
0.853
0.864
0.854
0.839
0.856
0.872
0.855
0.837
0.855
0.861
0.864
0.837
0.853
0.861
0.852
0.834
0.844
0.843
0.827
0.82
0.832
0.844
0.833
0.823
0.837
0.847
0.836
0.826
0.84
0.852
0.839
0.831
0.846
0.854
0.839
0.828
0.837
0.845
0.834
0.823
0.836
0.842
0.83
0.826
0.843
0.855
0.844
0.835
0.851
0.859
0.845
0.835
0.844
0.853
0.838
0.826
0.836
0.851
0.847
0.828
0.833
0.843
0.845
0.827
0.833
0.843
0.84
0.821
0.828
0.84
0.84
0.826
0.838
0.853
0.857
0.839
0.85
0.863
0.858
0.84
0.853
0.862
0.862
0.84
0.854
0.859
0.85
0.836
0.854
0.86
0.84
0.839
0.852
0.854
0.841
0.855
0.87
0.864
0.853
0.861
0.873
0.869
0.851
0.857
0.862
0.86
0.84
0.842
0.85
0.851
0.833
0.836
0.843
0.839
0.825
0.832
0.844
0.845
0.833
0.849
0.855
0.857
0.843
0.855
0.861
0.866
0.848
0.848
0.855
0.852
0.835
0.852
0.856
0.846
0.833
0.849
0.859
0.851
0.841
0.85
0.858
0.852
0.833
0.843
0.85
0.843
0.829
0.843
0.855
0.854
0.837
0.854
0.859
0.855
0.833
0.842
0.852
0.836
0.832
0.849
0.857
0.859
0.848
0.859
0.869
0.865
0.848
0.857
0.855
0.834
0.826
0.839
0.845
0.85
0.829
0.842
0.851
0.854
0.841
0.856
0.871
0.863
0.848
0.868
0.874
0.866
0.847
0.854
0.852
0.844
0.832
0.844
0.852
0.84
0.835
0.855
0.86
0.844
0.842
0.859
0.865
0.845
0.848
0.864
0.857
0.856
0.862
0.849
0.875
0.879
0.864
0.873
0.882
0.872
0.856
0.867
0.875
0.854
0.86
0.875
0.875
0.865
0.874
0.883
0.882
0.872
0.883
0.8334098
0.88
0.872
0.8294304
0.8280367
0.875
0.872
0.8236824
0.8221801
0.875
0.8191114
0.8175492
0.8159711
0.867
0.8127754
0.811162
0.8095408
0.856
0.8062837
0.8046518
0.8030204
0.8013915
0.7997673
0.7981497
0.7965408
0.7949427
0.7933574
0.791787
0.7902334
0.7886988
0.826
0.76
0.753
0.744
0.741
0.726
0.742
0.729
0.7760246
0.7746326
0.7731769
0.7716605
0.7700863
0.7684574
0.7667766
0.7650471
0.7632717
0.7614534
0.7595953
0.7577003
0.7557714
0.7538116
0.704
0.697
0.7477763
0.702
0.703
0.696
0.695
0.706
0.708
0.711
0.713
0.711
0.714
0.713
0.71
0.705
0.696
0.693
0.695
0.692
0.686
0.685
0.678
0.675
0.676
0.674
0.671
0.666
0.669
0.666
0.655
0.663
0.665
0.658
0.648
0.663
0.657
0.646
0.654
0.656
0.642
0.653
0.656
0.647
0.65
0.655
0.654
0.644
0.657
0.66
0.647
0.656
0.658
0.642
0.653
0.654
0.642
0.653
0.654
0.643
0.649
0.654
0.652
0.642
0.652
0.648
0.637
0.644
0.651
0.637
0.64
0.651
0.641
0.633
0.641
0.643
0.631
0.643
0.64
0.639
0.629
0.642
0.627
0.636
0.64
0.626
0.636
0.63
0.62
0.632
0.628
0.622
0.621
0.627
0.62
0.614
0.625
0.626
0.611
0.623
0.622
0.607
0.621
0.617
0.603
0.617
0.616
0.611
0.6113915
0.6109963
0.613
0.602
0.619
0.614
0.604
0.615
0.615
0.609
0.617
0.621
0.607
0.613
0.616
0.605
0.605
0.612
0.612
0.602
0.611
0.608
0.596
0.606
0.61
0.602
0.597
0.61
0.608
0.606
0.602
0.599
0.606
0.608
0.605
0.595
0.608
0.603
0.592
0.609
0.6
0.588
0.59
0.599
0.599
0.584
0.6
0.59
0.58
0.593
0.594
0.589
0.5890177
0.633
0.586
0.579
0.595
0.592
0.581
0.593
0.587
0.575
0.58
0.588
0.58
0.579
0.584
0.58
0.571
0.584
0.581
0.571
0.588
0.583
0.574
0.572
0.582
0.58
0.571
0.588
0.583
0.581
0.571
0.584
0.58
0.568
0.582
0.581
0.574
0.577
0.578
0.57
0.566
0.579
0.577
0.569
0.572
0.579
0.571
0.559
0.575
0.573
0.562
0.567
0.575
0.574
0.562
0.576
0.571
0.566
0.559
0.566
0.578
0.57
0.558
0.573
0.572
0.566
0.557
0.572
0.564
0.554
0.562
0.568
0.57
0.559
0.574
0.568
0.558
0.566
0.566
0.554
0.561
0.568
0.561
0.556
0.565
0.559
0.552
0.5613155
0.5611154
0.561
0.554
0.51
0.608
0.561
0.554
0.551
0.565
0.563
0.554
0.57
0.563
0.554
0.559
0.559
0.549
0.559
0.561
0.551
0.568
0.563
0.557
0.554
0.565
0.555
0.552
0.561
0.557
0.55
0.557
0.561
0.557
0.55
0.563
0.557
0.548
0.562
0.559
0.552
0.559
0.558
0.546
0.558
0.559
0.557
0.548
0.563
0.558
0.552
0.555
0.559
0.556
0.548
0.558
0.554
0.546
0.55
0.553
0.55
0.547
0.561
0.556
0.547
0.561
0.557
0.55
0.556
0.562
0.554
0.549
0.558
0.557
0.544
0.555
0.554
0.548
0.548
0.556
0.548
0.545
0.559
0.556
0.549
0.561
0.554
0.546
0.559
0.557
0.549
0.551
0.559
0.556
0.549
0.562
0.559
0.547
0.553
0.556
0.553
0.544
0.558
0.55
0.544
0.55
0.556
0.546
0.551
0.557
0.555
0.551
0.555
0.557
0.549
0.546
0.558
0.554
0.543
0.55
0.555
0.517
0.579
0.559
0.555
0.546
0.562
0.555
0.546
0.561
0.553
0.542
0.551
0.554
0.547
0.547
0.559
0.549
0.551
0.56
0.555
0.545
0.559
0.554
0.545
0.552
0.552
0.55
0.544
0.555
0.549
0.544
0.554
0.554
0.543
0.561
0.554
0.55
0.545
0.55
0.561
0.559
0.551
0.55
0.545
0.558
0.553
0.547
0.551
0.56
0.553
0.553
0.561
0.558
0.555
0.562
0.562
0.55
0.559
0.558
0.556
0.547
0.56
0.555
0.515
0.588
0.553
0.544
0.554
0.551
0.548
0.547
0.558
0.554
0.547
0.561
0.555
0.546
0.56
0.554
0.546
0.556
0.553
0.546
0.549
0.559
0.555
0.547
0.559
0.556
0.548
0.557
0.557
0.55
0.554
0.561
0.556
0.553
0.564
0.56
0.55
0.564
0.557
0.557
0.547
0.561
0.553
0.546
0.549
0.559
0.553
0.545
0.562
0.556
0.549
0.552
0.559
0.555
0.547
0.558
0.556
0.543
0.556
0.549
0.541
0.549
0.554
0.552
0.543
0.56
0.553
0.548
0.556
0.553
0.545
0.547
0.554
0.55
0.546
0.541
0.546
0.553
0.545
0.541
0.544
0.554
0.548
0.541
0.556
0.552
0.541
0.55
0.551
0.55
0.544
0.558
0.55
0.546
0.553
0.558
0.554
0.548
0.56
0.556
0.549
0.546
0.559
0.555
0.547
0.55
0.558
0.554
0.546
0.556
0.553
0.549
0.549
0.558
0.555
0.546
0.56
0.555
0.546
0.549
0.558
0.554
0.545
0.553
0.555
0.55
0.545
0.558
0.554
0.546
0.555
0.553
0.542
0.555
0.553
0.553
0.545
0.561
0.557
0.547
0.561
0.557
0.561
0.549
0.568
0.559
0.559
0.551
0.564
0.561
0.556
0.569
0.562
0.551
0.565
0.56
0.56
0.552
0.565
0.558
0.553
0.556
0.56
0.551
0.551
0.562
0.558
0.549
0.553
0.557
0.558
0.552
0.561
0.558
0.553
0.556
0.564
0.562
0.556
0.57
0.566
0.566
0.557
0.573
0.565
0.557
0.569
0.566
0.557
0.559
0.563
0.558
0.551
0.57
0.558
0.551
0.551
0.563
0.558
0.552
0.562
0.559
0.552
0.551
0.562
0.559
0.549
0.562
0.559
0.557
0.554
0.569
0.563
0.557
0.569
0.563
0.555
0.567
0.564
0.558
0.568
0.564
0.558
0.557
0.569
0.564
0.555
0.569
0.566
0.565
0.563
0.562
0.566
0.577
0.579
0.575
0.572
0.573
0.574
0.579
0.582
0.583
0.583
0.587
0.591
0.592
0.592
0.597
0.594
0.593
0.588
0.59
0.589
0.585
0.588
0.59
0.587
0.585
0.589
0.59
0.593
0.594
0.598
0.601
0.602
0.596
0.603
0.601
0.598
0.593
0.599
0.604
0.601
0.6
0.606
0.605
0.613
0.62
0.62
0.624
0.628
0.632
0.632
0.635
0.637
0.635
0.637
0.642
0.646
0.644
0.648
0.654
0.656
0.654
0.654
0.66
0.666
0.664
0.666
0.673
0.674
0.671
0.67
0.676
0.674
0.68
0.673
0.677
0.676
0.668
0.672
0.676
0.677
0.675
0.676
0.677
0.679
0.683
0.677
0.678
0.678
0.684
0.674
0.675
0.675
0.67
0.667
0.669
0.677
0.677
0.682
0.684
0.69
0.685
0.688
0.689
0.695
0.689
0.689
0.685
0.677
0.672
0.668
0.662
0.662
0.662
0.667
0.674
0.683
0.692
0.688
0.692
0.696
0.697
0.707
0.701
0.709
0.713
0.708
0.711
0.712
0.709
0.714
0.711
0.713
0.708
0.709
0.707
0.707
0.717
0.713
0.722
0.727
0.721
0.725
0.724
0.717
0.709
0.709
0.706
0.699
0.692
0.696
0.695
0.688
0.692
0.695
0.7
0.698
0.706
0.712
0.719
0.717
0.725
0.728
0.721
0.72
0.724
0.726
0.72
0.717
0.721
0.723
0.716
0.717
0.724
0.726
0.722
0.718
0.712
0.719
0.718
0.71
0.707
0.7387487
0.748
0.718
0.703
0.71
0.704
0.7
0.71
0.717
0.723
0.727
0.731
0.739
0.744
0.754
0.758
0.762
0.757
0.758
0.76
0.765
0.765
0.754
0.759
0.758
0.755
0.75
0.753
0.751
0.745
0.75
0.752
0.752
0.745
0.746
0.748
0.75
0.747
0.755
0.756
0.754
0.75
0.756
0.756
0.76
0.752
0.757
0.757
0.752
0.749
0.753
0.757
0.757
0.754
0.76
0.763
0.756
0.764
0.77
0.772
0.767
0.767
0.766
0.758
0.758
0.76
0.761
0.752
0.758
0.764
0.768
0.76
0.759
0.762
0.767
0.759
0.765
0.768
0.762
0.755
0.751
0.752
0.749
0.745
0.75
0.749
0.75
0.743
0.743
0.743
0.75
0.743
0.749
0.754
0.754
0.749
0.752
0.754
0.759
0.756
0.756
0.763
0.765
0.757
0.759
0.768
0.769
0.76
0.761
0.758
0.758
0.753
0.753
0.738
0.74
0.74
0.746
0.746
0.749
0.754
0.757
0.754
0.75
0.756
0.754
0.745
0.747
0.75
0.75
0.747
0.748
0.752
0.755
0.758
0.756
0.763
0.765
0.768
0.759
0.768
0.768
0.77
