0.8300859
0.8218952
0.8141731
0.8349029
0.8776241
0.8841705
0.8888364
0.8551028
0.8209096
0.8620291
0.8571791
0.8336395
0.8407809
0.8298956
0.8273035
0.8490689
0.8504016
0.8633548
0.8557148
0.8582945
0.8606752
0.8544462
0.8920611
0.8857993
0.8714907
0.8739942
0.8597532
0.8365537
0.8254124
0.8157809
0.8496145
0.8594572
0.83036
0.8320757
0.8189183
0.8050081
0.8089501
0.8220594
0.8315488
0.8475281
0.8533194
0.8532101
0.8622235
0.8545849
0.8499206
0.8601457
0.8641289
0.848529
0.8272093
0.8094258
0.8266332
0.8633695
0.8514959
0.8251062
0.8217203
0.8341198
0.8359213
0.8190682
0.8533396
0.9006266
0.8757932
0.8574748
0.8538035
0.8655453
0.9150975
0.9016037
0.8719938
0.8681266
0.818972
0.8236083
0.9019546
0.9343547
0.911907
0.8829579
0.8962641
0.8743034
0.8771475
0.9080653
0.8783173
0.8969513
0.89942
0.8844285
0.8890539
0.8688414
0.8580962
0.8603769
0.8940331
0.9123009
0.8789115
0.8727507
0.8654688
0.8560904
0.8563699
0.8303983
0.8283603
0.8740164
0.9038749
0.8633777
0.8555551
0.8822744
0.903778
0.9044934
0.85068
0.8806568
0.9002371
0.8847407
0.9272241
0.9071136
0.8686065
0.8654001
0.8648764
0.8615513
0.8255737
0.8362239
0.9095437
0.9040162
0.8609134
0.8346932
0.8477137
0.8969733
0.8914837
0.8788295
0.8825902
0.8758853
0.8506869
0.8369511
0.8673591
0.8708159
0.8814023
0.8694398
0.8419186
0.8538113
0.8879517
0.9262286
0.9067874
0.8588633
0.8577782
0.9109857
0.8904668
0.8566799
0.8679278
0.8638461
0.8638068
0.8635134
0.862042
0.8559107
0.8311722
0.8624428
0.8882667
0.8463128
0.8791822
0.8655618
0.8413321
0.8955077
0.9261814
0.9012827
0.877367
0.8710374
0.8661001
0.9034211
0.9070075
0.892697
0.845654
0.8527058
0.9058636
0.9066738
0.9067976
0.9071714
0.8952423
0.9084451
0.9335973
0.8958026
0.8539492
0.8450703
0.8709891
0.8889185
0.8722672
0.8473524
0.8268307
0.877437
0.9326666
0.888443
0.8495526
0.8403579
0.8582323
0.9402336
0.91567
0.8589893
0.8841391
0.8783673
0.8735056
0.867004
0.858516
0.8859458
0.893115
0.8703781
0.8802332
0.891905
0.9041412
0.9059414
0.8789307
0.8878929
0.8803472
0.8666704
0.8570003
0.8535123
0.8815357
0.8422471
0.8308873
0.8412743
0.8792446
0.892791
0.8401462
0.8635404
0.8375605
0.8157823
0.8341089
0.8273517
0.8446713
0.8924656
0.9058216
0.8507233
0.8471739
0.8762566
0.8868547
0.8762195
0.8804674
0.8956588
0.8444941
0.8235427
0.8527118
0.8563368
0.843921
0.8609408
0.8574
0.8551909
0.9018926
0.9111519
0.8837117
0.8637826
0.824458
0.8367509
0.8682488
0.8297207
0.8702768
0.8867216
0.8605536
0.9021604
0.8708548
0.8584837
0.8742418
0.835253
0.8174934
0.8198879
0.8161512
0.8454307
0.8778624
0.8753524
0.8801774
0.846473
0.8556285
0.8935298
0.8698183
0.8427327
0.8539463
0.8574496
0.8398736
0.8704501
0.8768992
0.8773495
0.8794822
0.8787029
0.8771571
0.8437293
0.8632288
0.8915756
0.8967923
0.8748105
0.8690845
0.8792223
0.8481771
0.8692625
0.8786834
0.8859519
0.8872765
0.8426236
0.8888938
0.9017118
0.8647551
0.8890501
0.8837622
0.8713397
0.9047302
0.9008701
0.8741122
0.8859838
0.8800394
0.8605023
0.8431909
0.8283799
0.8711257
0.8970671
0.8704844
0.8296173
0.8422763
0.8981157
0.8958071
0.8627508
0.8453434
0.8862829
0.872988
0.8493738
0.865252
0.8619279
0.8872676
0.8450828
0.815944
0.8616749
0.8674083
0.8515198
0.8511973
0.8512368
0.8729617
0.8984833
0.8537792
0.8078265
0.8252596
0.8336601
0.8351164
0.8449745
0.8647933
0.895144
0.8525101
0.8288376
0.8696193
0.8718543
0.8814491
0.8800913
0.8470204
0.8731141
0.8666532
0.8442946
0.8470003
0.8262541
0.8179454
0.8128521
0.8270533
0.7977837
0.7914685
0.8009467
0.8017191
0.8340762
0.8576528
0.8788946
0.8485843
0.817384
0.81831
0.8491547
0.8547109
0.8347272
0.8003111
0.7924546
0.8462929
0.8143388
0.7976503
0.8090326
0.7801719
0.7751393
0.7970578
0.8336166
0.8131889
0.7794864
0.7940417
0.8239549
0.8147639
0.7865041
0.7716422
0.7923609
0.8143655
0.7831094
0.7708623
0.7953111
0.8339201
0.8297917
0.7986441
0.7970391
0.7907872
0.7743066
0.7732253
0.7823168
0.7877555
0.7976418
0.8001858
0.7985447
0.8168282
0.8012209
0.7555567
0.7197012
0.7410838
0.7922787
0.766201
0.7459326
0.7516804
0.7588575
0.7588456
0.7271011
0.7519241
0.7714964
0.7472059
0.7751089
0.7687082
0.7267174
0.7105872
0.7045784
0.6957631
0.6839842
0.7088856
0.6733539
0.6739672
0.7151614
0.6788594
0.695451
0.7153579
0.6769651
0.6714142
0.7004964
0.6747969
0.7038103
0.7181818
0.671598
0.6819314
0.6277499
0.6198756
0.6632652
0.6190543
0.6118918
0.6443444
0.6384539
0.6128294
0.6160109
0.6392682
0.6370916
0.637466
0.6280058
0.6414252
0.6357624
0.6141446
0.636478
0.6256442
0.6393131
0.6572601
0.6513086
0.6828019
0.6456252
0.6269918
0.6267146
0.6122767
0.621198
0.6124632
0.6150733
0.6151195
0.6168673
0.6136184
0.6120761
0.6124296
0.6164521
0.6173348
0.6156023
0.6167664
0.615621
0.6116983
0.6102428
0.6065834
0.6047872
0.6050608
0.6050624
0.6036668
0.6015252
0.5970348
0.6024511
0.5957878
0.604608
0.5782862
0.5730451
0.5955531
0.5742202
0.5865615
0.574031
0.599375
0.6073895
0.5823571
0.6071572
0.5731166
0.5698596
0.5873551
0.5809018
0.586068
0.5797498
0.5801406
0.5787844
0.5851005
0.5820229
0.5788429
0.5786015
0.573434
0.5752699
0.583725
0.5822296
0.5741173
0.5744248
0.5705965
0.5663366
0.5661615
0.5697362
0.5744906
0.5692246
0.5651901
0.5714858
0.5655466
0.5907038
0.6048871
0.5558473
0.55892
0.5712947
0.566699
0.5757479
0.5680358
0.572462
0.5625237
0.5849024
0.6065995
0.5574154
0.5600392
0.574786
0.567011
0.5703671
0.5642553
0.564828
0.567288
0.5706962
0.574345
0.5686246
0.5601108
0.5656359
0.5739074
0.5702947
0.56201
0.5603889
0.5547926
0.556832
0.5663309
0.5586975
0.5524169
0.5543341
0.5581112
0.5636271
0.5596303
0.5505786
0.5490016
0.5530077
0.5603336
0.5616956
0.5554747
0.5571932
0.5569297
0.5569806
0.5615904
0.5579697
0.5556026
0.5550127
0.553248
0.5548465
0.5548955
0.5542938
0.5512602
0.5459449
0.5475842
0.553319
0.554273
0.547298
0.5423446
0.5403224
0.5379765
0.5424439
0.5449261
0.5421487
0.5398244
0.5416395
0.5461848
0.5454315
0.5427484
0.5434265
0.5455514
0.5463285
0.5445185
0.5403897
0.5389903
0.5409884
0.5419203
0.5420905
0.5396198
0.5366133
0.5375722
0.5404443
0.5413295
0.5396231
0.5384843
0.5385339
0.5406681
0.5409326
0.5403805
0.5403629
0.5398405
0.5433855
0.5440884
0.5421599
0.5406343
0.5429803
0.5487686
0.5477655
0.5455751
0.546403
0.5499007
0.5504883
0.546656
0.5443621
0.5482751
0.556548
0.557898
0.5529959
0.5469942
0.5443727
0.5467928
0.5523757
0.5506882
0.5448048
0.5431484
0.5374743
0.5352693
0.5385683
0.5449161
0.5516392
0.5499136
0.5474563
0.5463124
0.5471255
0.5484954
0.5487679
0.5500784
0.5454481
0.542168
0.5403727
0.5425008
0.5457434
0.5434253
0.5447953
0.5426085
0.5399364
0.5420208
0.5451301
0.5465395
0.5444182
0.5404267
0.5389992
0.5398115
0.5403488
0.5382081
0.5362547
0.5376344
0.5372949
0.5378725
0.5323121
0.5309461
0.5387653
0.5398078
0.5405918
0.5409652
0.5403762
0.5392228
0.534837
0.5356523
0.5391405
0.5420002
0.5403867
0.5359257
0.535151
0.537055
0.539831
0.5366545
0.535023
0.5332886
0.5324996
0.5384205
0.5368706
0.5314271
0.5296636
0.5282865
0.5233921
0.5223344
0.5264895
0.5273375
0.5277942
0.5269353
0.5252478
0.5291602
0.53012
0.5260711
0.5239404
0.5243123
0.5255237
0.5199211
0.5169076
0.5210156
0.5228178
0.5220808
0.5221005
0.5183166
0.5142347
0.5180473
0.5205303
0.5239958
0.5263619
0.5237553
0.521125
0.5201718
0.5240404
0.5254922
0.5258608
0.5246158
0.5206169
0.5216855
0.5241607
0.5225632
0.518447
0.5201579
0.5233987
0.5226204
0.5201856
0.5169209
0.5151281
0.5161165
0.519938
0.5184466
0.514958
0.5161294
0.5189581
0.51862
0.5166273
0.5174195
0.5185717
0.5194032
0.5150775
0.5115234
0.5112189
0.5110536
0.5140028
0.5147035
0.5167302
0.5177274
0.5132355
0.5121626
0.5159528
0.518836
0.5179804
0.5160945
0.5137861
0.5135524
0.5164385
0.5173635
0.5155447
0.5135259
0.5147454
0.5159856
0.5150542
0.5116443
0.507589
0.5087258
0.5099709
0.5079921
0.5049306
0.5032974
0.5059242
0.5100079
0.509584
0.5065483
0.5066507
0.5071972
0.5090979
0.5094428
0.5055713
0.5047349
0.5062021
0.5078836
0.5078496
0.5051342
0.5029368
0.5010221
0.4978906
0.4986024
0.5022103
0.5026417
0.5024394
0.50139
0.5030685
0.5066767
0.5072586
0.506684
0.5052865
0.5037258
0.5033914
0.5068968
0.5086276
0.5064337
0.5034184
0.5018862
0.5042172
0.504459
0.5037663
0.5018828
0.5005234
0.5035314
0.5052809
0.50242
0.5010349
0.5028478
0.5042233
0.5057182
0.5028833
0.5005704
0.5035328
0.5085846
0.508786
0.5088265
0.509643
0.5053478
0.5050873
0.5077905
0.5091945
0.5063745
0.5063518
0.5081099
0.5082584
0.5094873
0.5051828
0.5022969
0.5025554
0.5048022
0.5056975
0.5034734
0.5036043
0.5043868
0.5045574
0.5022351
0.4999794
0.5000519
0.5021284
0.5036307
0.5034305
0.5013051
0.5011693
0.5036304
0.5043904
0.5045227
0.5011995
0.4992201
0.5018464
0.5062776
0.5049952
0.5014982
0.5024815
0.5035476
0.5044008
0.5012256
0.5003957
0.5022683
0.5007049
0.4993431
0.4975649
0.4977326
0.5002142
0.5017378
0.4999618
0.4983566
0.4985108
0.5008528
0.5038532
0.50192
0.5003445
0.4994643
0.4987436
0.5002874
0.5005458
0.5005994
0.4990904
0.496059
0.4972359
0.4973578
0.4947615
0.4921137
0.4900754
0.488818
0.4883746
0.4918462
0.4937696
0.4933694
0.4913173
0.4912003
0.4935416
0.4923427
0.4884931
0.4869104
0.4913185
0.4931841
0.4953444
0.4937284
0.4899729
0.4919288
0.4930851
0.4927427
0.4890788
0.4872986
0.4886553
0.4949078
0.4982186
0.4971977
0.4952927
0.4943147
0.4975194
0.4950472
0.4912459
0.4896989
0.4939705
0.497256
0.4982786
0.4969372
0.4925225
0.4947153
0.4948272
0.4934759
0.4911144
0.4871233
0.490407
0.4941066
0.4939753
0.4939544
0.4919014
0.4902894
0.4885013
0.4889436
0.4896382
0.4874787
0.4876506
0.4893851
0.4927514
0.4938753
0.4922028
0.4896233
0.4920824
0.4941729
0.4899001
0.4883102
0.487569
0.4909913
0.4922165
0.4924735
0.493967
0.4911359
0.4899331
0.4901475
0.4908202
0.4900608
0.4879114
0.4872762
0.492114
0.493088
0.4936686
0.4934953
0.4888708
0.4915322
0.4929316
0.4912829
0.4894872
0.4877489
0.4916058
0.4961076
0.49342
0.4933263
0.4940095
0.4912961
0.4950846
0.4951405
0.4912139
0.493039
0.4980439
0.4994984
0.4976059
0.4941217
0.4923292
0.4935365
0.4945805
0.4975006
0.497064
0.4941051
0.4929123
0.4954659
0.498172
0.4989908
0.4998508
0.4969059
0.4954998
0.4985668
0.4979811
0.4941259
0.4930617
0.4928396
0.4944529
0.4962769
0.4946266
0.4924102
0.4917134
0.4922983
0.4926672
0.4911703
0.4889118
0.4904019
0.4923308
0.4938984
0.4925662
0.4920559
0.4935317
0.4903936
0.4899673
0.4863331
0.4879174
0.4932251
0.4885818
0.4869267
0.4867174
0.4866539
0.4892562
0.4907128
0.4867456
0.4850341
0.4898783
0.4919126
0.4909837
0.4890098
0.4892282
0.4906621
0.4913711
0.4904205
0.4887074
0.4894208
0.4916064
0.4910801
0.4913136
0.4912626
0.4889191
0.4891734
0.4908882
0.4919848
0.4897951
0.4907577
0.4905678
0.4900746
0.4892477
0.486195
0.4867424
0.4862057
0.4881031
0.4861853
0.4834389
0.486556
0.4894227
0.4881629
0.4861746
0.4878777
0.4890098
0.4845079
0.4810888
0.4806268
0.4784797
0.4797774
0.4798344
0.4783958
0.4796593
0.4813285
0.4826466
0.4866631
0.4854781
0.482155
0.4870829
0.489404
0.4876824
0.4862632
0.4903752
0.4961634
0.4978668
0.4956937
0.4893002
0.4972167
0.499692
0.5057809
0.4960792
0.5229183
0.5389423
0.5172112
0.5437291
0.5088485
0.5059503
0.5200449
0.5171682
0.5101852
0.5392691
0.5570873
0.5253216
0.5815603
0.5945083
0.5485668
0.5181569
0.5472264
0.5455023
0.5316937
0.555124
0.5624517
0.5675161
0.5675072
0.5759906
0.5707264
0.5829775
0.549772
0.5548487
0.6284125
0.569189
0.5208783
0.5753402
0.5975218
0.5612452
0.5392474
0.5826294
0.5977515
0.5762581
0.5956401
0.5721903
0.5530648
0.6129711
0.5896585
0.565319
0.5964079
0.6011537
0.6064934
0.5850664
0.5501022
0.5791488
0.622099
0.5977972
0.5861264
0.5961276
0.606102
0.6236823
0.613425
0.6241703
0.6452726
0.6488373
0.637477
0.6099014
0.6135519
0.6106721
0.620855
0.6560159
0.6582637
0.6503879
0.6497217
0.6514182
0.6590706
0.6641711
0.6595621
0.6647376
0.6632603
0.6561467
0.6584393
0.6565311
0.6611919
0.6649945
0.6654677
0.6582592
0.6197804
0.6210641
0.6769687
0.6570345
0.6243866
0.624934
0.6346043
0.68376
0.6806096
0.6740587
0.6751897
0.6553505
0.6738439
0.6694273
0.6474809
0.6483478
0.6396709
0.6529946
0.6880125
0.6849448
0.6770941
0.6878291
0.6836758
0.6681165
0.6642696
0.6756607
0.6881436
0.6575718
0.6531826
0.6970062
0.6611934
0.6652055
0.7169768
0.7040957
0.6583637
0.6733908
0.7029921
0.6832205
0.698259
0.6945625
0.7068437
0.709724
0.7042142
0.7122195
0.69744
0.70425
0.697243
0.6869194
0.706438
0.6908885
0.66121
0.6730568
0.6949633
0.691503
0.6893775
0.7012163
0.6964353
0.6952978
0.7017728
0.6992016
0.6923747
0.6939343
0.6946696
0.6890562
0.6843095
0.6860049
0.7010947
0.6822199
0.6819036
0.7154053
0.7038191
0.7164262
0.6996122
0.6805083
0.7090496
0.7056527
0.6982189
0.6838655
0.6652644
0.6957009
0.7471455
0.7438847
0.7277232
0.7262161
0.7181525
0.7116431
0.7235004
0.7152313
0.711518
0.7468554
0.7425903
0.7312133
0.7322989
0.7298117
0.7304026
0.729193
0.7327104
0.7386409
0.7316429
0.7184156
0.7301625
0.7434188
0.7413857
0.751044
0.7537972
0.7339785
0.7232001
0.7159989
0.7076845
0.7052532
0.7016897
0.7028682
0.7091084
0.7148638
0.7189921
0.7253917
0.7345118
0.7391071
0.7353972
0.727675
0.7236424
0.7267992
0.729736
0.7282634
0.7300851
0.7359985
0.7352106
0.733481
0.7374265
0.7394646
0.7349528
0.7272979
0.7116024
0.7200243
0.7517737
0.713253
0.6942645
0.6977702
0.7067907
0.7369965
0.7162453
0.7343176
0.7479144
0.713627
0.6924202
0.7057671
0.7057092
0.7087082
0.7441616
0.7309856
0.6933616
0.6887795
0.6963638
0.7012031
0.7040161
0.701167
0.6998072
0.7004277
0.7036076
0.7007162
0.6935038
0.6929825
0.6869493
0.7113724
0.7174448
0.6943014
0.7024783
0.7087744
0.7185867
0.6962829
0.6805402
0.6858604
0.6795066
0.6809496
0.6837361
0.6932929
0.7026578
0.6990187
0.7042403
0.7184495
0.713878
0.7232685
0.725868
0.7189955
0.7300316
0.729746
0.7261242
0.726419
0.7259579
0.7290391
0.7285912
0.7277353
0.7347713
0.7405939
0.7437604
0.7457622
0.7499454
0.7543728
0.7537789
0.7541738
0.7470833
0.7373843
0.7349109
0.737308
0.7327374
0.727105
0.7198849
0.7075893
0.7060746
0.7086984
0.7081989
0.6989837
0.6954315
0.6966577
0.6938246
0.6962481
0.6942079
0.694592
0.6945646
0.6942482
0.6961759
0.696199
0.6998043
0.7031667
0.7080196
0.7083127
0.7083255
0.7135909
0.7095055
0.7053955
0.7006348
0.6963893
0.6881667
0.6892609
0.7209936
0.7112702
0.679596
0.6855056
0.7014524
0.7109038
0.7174313
0.724266
0.7287931
0.7331274
0.7234755
0.7083431
0.6972666
0.6883519
0.6935159
0.705317
0.7168184
0.7201876
0.7249538
0.7388709
0.7321228
0.7281797
0.7368494
0.7394844
0.7321268
0.7208481
0.7314915
0.7365829
0.7323594
0.737709
0.7477141
0.7601158
0.7563472
0.756616
0.7731365
0.7655678
0.7576958
0.7601284
0.7575146
0.7537174
0.7489479
0.7444114
0.731327
0.7234886
0.7313538
0.743227
0.7462588
0.7481332
0.7438218
0.7380713
0.732002
0.7225697
0.7217699
0.721999
0.7244685
0.7293148
0.7327531
0.7350594
0.7404542
0.7348735
0.7287404
0.7405387
0.7409835
0.7370299
0.7362967
0.7353546
0.7305905
0.7321298
0.7286165
0.7290543
0.756082
0.7536742
0.7460154
0.7584125
0.7577846
0.7514118
0.7532597
0.7517101
0.7436307
0.7416751
0.7322283
0.7172883
0.7167114
0.7218972
0.7253066
0.734053
0.7470345
0.7542716
0.7524678
0.7463359
0.7442921
0.7465323
0.7486282
0.7400886
0.735625
0.7540811
0.7554039
0.7504482
0.7658488
0.7618009
0.7217482
0.727543
0.7655686
0.7485039
0.7403661
0.7484795
0.741032
0.7345594
0.7345294
0.7399581
0.7321577
0.7214159
0.7211124
0.7247782
0.7260817
0.7281379
0.7284595
0.7267263
0.7250992
0.7230285
0.7141222
0.6979612
0.6942721
0.6994284
0.7082591
0.7159312
0.7149667
0.7197413
0.7312631
0.7281919
0.7197903
0.7369233
0.7454552
0.7485974
0.7580122
0.75172
0.7477981
0.7526054
0.7535873
0.7631232
0.7497476
0.7375009
0.7766798
0.7815136
0.7862866
0.7920139
0.7820265
0.7652125
0.7563926
0.7883023
0.7786109
0.7561252
0.7442599
0.7301143
0.7607888
0.8092799
0.7833387
0.7402303
0.7498579
0.7614395
0.7666837
0.7722245
0.7745253
0.7811851
0.7713647
0.7587953
0.7695021
0.761193
0.7475486
0.7493394
0.7529666
0.7589794
0.7606123
0.7505626
0.7614755
0.7814421
0.7770708
0.7723829
0.7726908
0.7687912
0.7680614
0.7614668
0.7594927
0.7776758
0.7760662
0.7674525
0.7735858
