0.9294744
0.9168385
0.9362299
0.9691277
0.9746215
0.951621
0.9504401
0.9853042
1.002037
0.9817082
1.000697
1.047873
1.067665
1.056531
1.022897
1.016556
1.0122
1.000241
0.9670788
0.9246194
0.9364095
0.9631387
0.9814214
0.9776949
0.9451459
0.9354231
0.9439328
0.9449168
0.9485089
0.9285824
0.9060513
0.920186
0.9401972
0.9302576
0.9214019
0.9487619
0.9738327
0.9784091
0.9498509
0.9309037
0.9492823
0.9608082
0.9754279
0.9601832
0.9161684
0.9094136
0.9220517
0.9288683
0.9161492
0.9184154
0.955719
0.9931612
1.000814
0.9668142
0.9604785
0.9833079
0.9891078
0.9810091
0.9549811
0.943572
0.9474933
0.9257297
0.9163552
0.9456414
0.9821214
0.9699829
0.9400323
0.9691931
0.9997265
0.9990601
0.9757643
0.964703
0.9873929
1.01168
1.021746
1.018413
1.031121
1.047759
1.052057
1.051627
1.050628
1.027813
1.005834
1.014784
1.028055
1.014248
0.9803247
0.979608
0.9962969
0.9848253
0.9495382
0.9375589
0.9588573
0.9606694
0.9483076
0.960285
0.9832862
0.989355
0.9714754
0.963768
0.9761047
0.9801469
0.9902403
1.009321
1.018021
1.008738
0.9939175
1.001826
0.9825614
0.9395433
0.9399348
0.9551522
0.9406199
0.8741217
0.8327939
0.8717681
0.8849465
0.8871838
0.881891
0.8603152
0.8608084
0.84986
0.852954
0.8495454
0.8615862
0.887776
0.8948431
0.8891956
0.8860275
0.9073332
0.9204407
0.9349315
0.9407843
0.926359
0.9215085
0.9266822
0.9411033
0.938292
0.9263487
0.9396788
0.9633896
0.9741777
0.9618105
0.9592352
0.9779689
0.9901336
0.9815763
0.9805041
0.9973021
1.006041
0.9832919
0.9514112
0.9590588
0.9854501
0.9852318
0.9761506
0.9887565
1.002451
0.9962393
0.9744227
0.9741945
0.9965752
1.008557
0.9900962
0.974559
0.9900629
1.006403
0.9963429
0.9791587
0.9925696
1.003433
0.9743468
0.9526541
0.9649315
0.9775154
0.9620797
0.9328713
0.9433697
0.962277
0.9777094
0.9787889
0.961806
0.9691695
0.978011
0.9823311
0.9773443
0.9663457
0.9694536
0.9448181
0.9008714
0.9122835
0.930254
0.9325541
0.9156057
0.8825322
0.9018624
0.9296343
0.936681
0.9283839
0.917252
0.9307078
0.9286997
0.9190903
0.9347919
0.9525422
0.9499792
0.9229126
0.9040632
0.9028197
0.9113269
0.910546
0.8894347
0.8943302
0.9011032
0.8872901
0.8710615
0.8310791
0.8164577
0.8478648
0.8474536
0.8416598
0.8709285
0.8949269
0.8991277
0.8792787
0.8738358
0.8948419
0.918791
0.9347305
0.9272785
0.9353514
0.9586231
0.9757539
0.95709
0.9178989
0.9216452
0.9403947
0.9394906
0.9106777
0.9011946
0.91991
0.9390279
0.9356604
0.9148052
0.9283623
0.9525975
0.9517999
0.9340087
0.9385393
0.9596647
0.9644011
0.9528093
0.9532507
0.9659874
0.9754264
0.9527715
0.9244302
0.9321782
0.9413654
0.9343841
0.9156228
0.9287353
0.9620382
0.9806358
0.9695572
0.9582228
0.9771969
0.9997626
1.005501
0.9966993
0.9814156
0.9530928
0.9377713
0.9078201
0.8596668
0.8163577
0.808344
0.8535754
0.8917613
0.9287787
0.9600777
0.9720227
0.9693317
0.9528589
0.9168925
0.8802888
0.8826428
0.8899484
0.8997209
0.9006793
0.8863013
0.9052348
0.9331805
0.9502567
0.967303
0.9718139
0.9704489
0.9704304
0.9718412
0.9739623
0.9684258
0.962103
0.9676178
0.9815499
0.9919047
1.001568
0.9997475
0.9755777
0.9667129
0.9725484
0.9781674
0.9673853
0.9414637
0.9414193
0.9551523
0.9447254
0.9131657
0.8998714
0.9016866
0.9104936
0.8913784
0.8526824
0.8612461
0.8821255
0.8979714
0.8915844
0.8825838
0.9134576
0.9389309
0.9322903
0.909817
0.9183491
0.9387365
0.9211712
0.895014
0.8967451
0.9063245
0.8909741
0.8768577
0.8946827
0.9172807
0.9184986
0.89848
0.884141
0.8546369
0.7786811
0.7455188
0.7670562
0.7670996
0.7655795
0.7782383
0.776415
0.7660275
0.7711694
0.7710815
0.7728652
0.7853141
0.7829418
0.7819477
0.7744793
0.7559232
0.7667794
0.7864484
0.796286
0.813789
0.8221734
0.8029495
0.7649448
0.7506657
0.751298
0.7438893
0.750392
0.7797384
0.8113727
0.8435762
0.878793
0.8925748
0.8948418
0.8799279
0.8541562
0.8522827
0.8558532
0.8421917
0.832145
0.8214498
0.8109791
0.8173724
0.8221003
0.805137
0.7450757
0.7103906
0.6929652
0.699174
0.6319323
0.5761736
0.6839894
0.6677507
0.6213219
0.6461257
0.6435344
0.637435
0.626036
0.6256562
0.6279318
0.6249221
0.6211426
0.6312597
0.6267989
0.6131751
0.6222469
0.6302145
0.6170983
0.620313
0.6377803
0.6271612
0.6202933
0.6277661
0.6195144
0.6111984
0.6098215
0.6148332
0.6094107
0.6066238
0.6178178
0.6119381
0.5962729
0.6028659
0.5944061
0.6020187
0.5815967
0.5596241
0.6276572
0.6144887
0.5857182
0.5939851
0.5900202
0.5926731
0.5844896
0.5875329
0.5826028
0.5760949
0.581461
0.5814114
0.5750497
0.5695836
0.5648616
0.5618766
0.5583255
0.5577908
0.5570735
0.5593815
0.5566292
0.5633614
0.552825
0.5766124
0.668289
0.6528433
0.5790343
0.5620918
0.5592733
0.5641768
0.5660536
0.5598646
0.5587534
0.5620992
0.5594112
0.5548843
0.555347
0.5531399
0.5525433
0.5562252
0.5533099
0.5534809
0.5537373
0.5473423
0.5461248
0.5477034
0.5439004
0.541661
0.5420557
0.5366112
0.5340236
0.5358026
0.5351103
0.5339247
0.5341939
0.532478
0.5319786
0.5282209
0.5234754
0.5289022
0.5269401
0.526364
0.5297502
0.5264272
0.5245478
0.5224546
0.5228004
0.5218027
0.5216873
0.5207342
0.5198517
0.5185143
0.5171129
0.5196787
0.5203272
0.5228664
0.5215308
0.5167033
0.5176749
0.5189824
0.5170146
0.5183357
0.5170374
0.5166897
0.5188476
0.5138608
0.5106145
0.5135643
0.5117544
0.5088067
0.5100775
0.5076476
0.5067937
0.5068623
0.5075466
0.5080225
0.5039257
0.5035152
0.5052727
0.5024566
0.4987166
0.4995981
0.4989228
0.4985927
0.497848
0.494429
0.4946816
0.4930041
0.4946624
0.4967124
0.4922224
0.4900919
0.4897864
0.4915542
0.4919617
0.4880685
0.4883412
0.4893241
0.4877395
0.4862018
0.4848797
0.4840956
0.486238
0.4839618
0.4785022
0.4797409
0.4787842
0.4776746
0.4769022
0.4765671
0.4781679
0.4801359
0.4759061
0.4788045
0.4691608
0.491221
0.6713777
0.7981758
0.6555258
0.4861578
0.4636646
0.4728583
0.4659153
0.4638233
0.4636396
0.4673038
0.4617832
0.4706486
0.459843
0.4776905
0.4387844
0.5182361
0.6156477
0.5894335
0.6016702
0.5977554
0.7261966
0.6028431
0.4503254
0.4853001
0.463031
0.4741644
0.4711463
0.4708281
0.4690426
0.4693027
0.4659731
0.4705901
0.466978
0.4668184
0.4607627
0.4747748
0.4473087
0.5056686
0.6759591
0.6126256
0.4954994
0.4703904
0.4535978
0.4643187
0.4546079
0.4667754
0.4408162
0.4917053
0.5875871
0.4898022
0.4466388
0.4688187
0.4537963
0.4642816
0.4623272
0.4589095
0.4581326
0.4601168
0.4593425
0.4603905
0.4585741
0.4586623
0.4591426
0.4645753
0.4551368
0.4685653
0.4448067
0.4968208
0.6025336
0.4986051
0.4437498
0.4693939
0.4541453
0.4583715
0.4609363
0.4716121
0.4750782
0.4748404
0.4730804
0.4765511
0.4820293
0.4829043
0.4864433
0.4857638
0.4816686
0.4868817
0.4926238
0.4899859
0.4907651
0.4925949
0.4906463
0.4880434
0.4886005
0.4864721
0.4844685
0.4926681
0.4878175
0.483783
0.484073
0.4784463
0.4853581
0.4873143
0.4867468
0.4895476
0.4954896
0.5104225
0.5167578
0.51635
0.515495
0.5180164
0.5238184
0.5326685
0.537411
0.5313713
0.5236712
0.5174416
0.5170633
0.519756
0.5168318
0.5113059
0.5066482
0.508036
0.5092629
0.5149044
0.5287998
0.5324103
0.5319499
0.5305956
0.5254597
0.5260942
0.5318977
0.5381588
0.5370016
0.5280111
0.5301513
0.539441
0.5512306
0.563107
0.5655607
0.5576807
0.5590549
0.5758361
0.5765799
0.5724943
0.5706702
0.5591407
0.5492181
0.5394382
0.5332887
0.5325562
0.5360445
0.5415698
0.5356026
0.5280586
0.5314329
0.5362253
0.5366561
0.539743
0.537271
0.534705
0.5446385
0.5483624
0.5504656
0.5594308
0.5731776
0.6196711
0.6765797
0.6794661
0.6467269
0.6308615
0.634622
0.6490172
0.6745158
0.6887633
0.664938
0.6257374
0.614544
0.6221604
0.6167612
0.6012497
0.6058641
0.635683
0.6523852
0.6450041
0.6219522
0.6047042
0.6133757
0.6471998
0.6901927
0.6976648
0.6865114
0.7166742
0.7751267
0.7670485
0.7185042
0.697892
0.6699366
0.6702155
0.6795929
0.658368
0.6656843
0.725842
0.7520472
0.7120774
0.6963583
0.7103417
0.7104985
0.6815932
0.6533892
0.6569857
0.6919512
0.7226629
0.7056886
0.661038
0.6452864
0.6931
0.7449386
0.7724551
0.7722215
0.7218037
0.6957424
0.699902
0.6899655
0.6991899
0.6986207
0.6785051
0.6784912
0.6785166
0.6460448
0.6469136
0.7856868
0.8900834
0.8275199
0.7693396
0.7633062
0.7570215
0.7472865
0.7105554
0.6814027
0.7041147
0.7732713
0.816618
0.7767026
0.7392353
0.7610895
0.7791894
0.7450128
0.7219594
0.7728779
0.8153982
0.7801114
0.7353822
0.7660882
0.834413
0.8226285
0.7543677
0.7750233
0.8458862
0.8155169
0.7481769
0.7482458
0.7874646
0.801127
0.7739723
0.796135
0.8635333
0.843576
0.7908557
0.8248692
0.8851824
0.8619453
0.780815
0.7933089
0.8614411
0.840394
0.7706274
0.7740813
0.8476078
0.8468619
0.7785335
0.7480685
0.7866153
0.8470072
0.8201603
0.7646456
0.7800338
0.8399921
0.8496743
0.7937312
0.7937739
0.8619097
0.8723115
0.8153562
0.7937031
0.7890302
0.7640976
0.7297843
0.7031439
0.708283
0.7076843
0.6839007
0.6683875
0.6690299
0.6963713
0.7432948
0.7397065
0.7027717
0.7227595
0.7941344
0.8045345
0.7320458
0.685067
0.6523229
0.6337872
0.6855214
0.7259797
0.6949747
0.6897977
0.7716141
0.8249693
0.789019
0.7362132
0.7506539
0.8359604
0.8510078
0.7754595
0.7660563
0.8324275
0.8666998
0.8307604
0.8048368
0.8344268
0.8330392
0.7811647
0.7531505
0.7870733
0.8318487
0.8236351
0.7689779
0.7557868
0.8363459
0.8885252
0.8310245
0.7868306
0.8216566
0.8680806
0.8515342
0.7990578
0.8022247
0.8591705
0.8549801
0.8285182
0.8265718
0.7348616
0.6571868
0.6356965
0.6233899
0.6104578
0.7307606
0.8689046
0.8231028
0.8351853
0.8644308
0.869389
0.8647812
0.801896
0.7864333
0.8171083
0.8640694
0.843638
0.8572485
0.8529771
0.771252
0.8530455
0.8995648
0.8787123
0.8569104
0.7986141
0.8158338
0.8617476
0.8830754
0.8694069
0.8729253
0.9080828
0.8981486
0.8428284
0.8285248
0.8655399
0.8665996
0.8157845
0.8140088
0.8692136
0.8910402
0.8534312
0.8250742
0.8534052
0.8720979
0.8333331
0.7584196
0.7241148
0.7194834
0.7987787
0.8567029
0.7682396
0.6838301
0.7013118
0.8511958
0.8916679
0.8520086
0.8301993
0.7795479
0.784584
0.810487
0.8096152
0.7813953
0.768178
0.7586368
0.7328313
0.6921277
0.7145809
0.8283512
0.8689968
0.8403386
0.8414712
0.8539131
0.8477372
0.8147859
0.8152152
0.8035017
0.7694198
0.7781819
0.8107274
0.8221314
0.7904624
0.7869123
0.8139413
0.8099279
0.7883484
0.7909257
0.8106059
0.8052157
0.7899165
0.7973514
0.8188672
0.8107899
0.7701112
0.7635943
0.7991409
0.8318213
0.8127534
0.7735458
0.7788548
0.8049378
0.8201187
0.7922834
0.7698888
0.8027752
0.8344309
0.8261464
0.7937284
0.7882398
0.7760887
0.7467705
0.7430754
0.7815283
0.8209726
0.7833951
0.7619393
0.8156633
0.870893
0.8628732
0.8028729
0.7736279
0.7851781
0.7881056
0.7682001
0.7418094
0.748694
0.7703636
0.7613384
0.7407376
0.7492612
0.7901577
0.8057521
0.7810878
0.764975
0.7892231
0.8147095
0.8034819
0.7733287
0.7797187
0.8220259
0.8295584
0.7865184
0.7791734
0.833663
0.8494106
0.797358
0.7705372
0.7647927
0.7241982
0.737501
0.7899305
0.7856511
0.7683976
0.7974415
0.827865
0.8354134
0.8198704
0.7836645
0.778028
0.8013352
0.7929564
0.7400511
0.7103959
0.7102751
0.677619
0.6667913
0.6960281
0.7128409
0.7996834
0.8868238
0.8774832
0.8201423
0.7722273
0.763545
0.7501893
0.7359869
0.7263151
0.715234
0.7098145
0.720877
0.7414337
0.736572
0.7056736
0.6907694
0.697021
0.6741097
0.6630061
0.6988326
0.7186373
0.699815
0.7164792
0.786902
0.820868
0.809585
0.7979218
0.7888443
0.7737549
0.7731781
0.777395
0.7619569
0.7511836
0.7619498
0.7695864
0.7455317
0.7056828
0.7108559
0.7468605
0.747712
0.7286089
0.7056647
0.7177611
0.7421063
0.730199
0.7162836
0.7100441
0.7114336
0.6806971
0.6546694
0.6793138
0.6969648
0.704711
0.756235
0.8134163
0.8117162
0.7945148
0.7683028
0.722848
0.6892534
0.6757683
0.6867981
0.6897865
0.6825493
0.6806818
0.670175
0.6767742
0.7100981
0.7329211
0.7270281
0.7042389
0.6770272
0.6619922
0.6514643
0.6500404
0.6361375
0.6540427
0.7131242
0.7123944
0.6998385
0.6969491
0.6685725
0.6566422
0.6630826
0.6691535
0.6644755
0.6431366
0.6491377
0.6802378
0.7002122
0.7102933
0.7179446
0.7414962
0.7661829
0.7453303
0.7174104
0.7290225
0.7427701
0.7474835
0.7444444
0.7058769
0.738296
0.8733684
0.9408293
0.9565061
0.9598573
0.9403679
0.9102889
0.850967
0.7973827
0.7633294
0.7490455
0.731204
0.6990338
0.6711846
0.6570442
0.6438241
0.6604596
0.7320595
0.7855048
0.8120958
0.8270781
0.8305309
0.8193111
0.8089361
0.8144993
0.8133575
0.8061449
0.7826318
0.7741817
0.795106
0.8155563
0.8156303
0.8140036
0.7810558
0.7377962
0.7513498
0.7700472
0.7840613
0.788857
0.7562791
0.719099
0.7138992
0.7248026
0.745533
0.7493453
0.7203084
0.6977184
0.6853319
0.6815234
0.668666
0.6573024
0.6825997
0.7253398
0.7408456
0.7257371
0.7397553
0.7682842
0.7821256
0.7797528
0.7673051
0.7702634
0.7653356
0.7521989
0.7169302
0.6931541
0.7111741
0.7015826
0.6714971
0.6827918
0.7307947
0.751765
0.7503076
0.7329401
0.7158404
0.7486479
0.7897382
0.8018124
0.7834207
0.7631476
0.761221
0.7706044
0.7839931
0.7649897
0.7393241
0.7468681
0.7516479
0.7356416
0.7145298
0.7067011
0.7259239
0.774556
0.8128754
0.8036766
0.7702094
0.7536944
0.7486084
0.7352113
0.713043
0.6985086
0.7185947
0.7527916
0.7733859
0.7698936
0.7422804
0.7234756
0.7349669
0.7499603
0.7561869
0.743689
0.7180475
0.7268527
0.7542051
0.7605155
0.7432778
0.7203256
0.7361665
0.7803317
0.8051249
0.7991725
0.7756781
0.777102
0.8004304
0.8140077
0.808544
0.7872311
0.7693569
0.7532407
0.736048
0.7119325
0.7149518
0.7360752
0.7255573
0.7058388
0.7058478
0.7389604
0.7767222
0.8034281
0.8013868
0.7685469
0.7477957
0.7424926
0.7338685
0.7168881
0.7093523
0.7192476
0.7459242
0.7606415
0.7355949
0.7347206
0.7641646
0.7682756
0.7588556
0.7433731
0.7429925
0.7627701
0.7623333
0.7548159
0.7447678
0.7201057
0.7050333
0.689812
0.6676051
0.6695248
0.7015205
0.7166541
0.7132101
0.7188888
0.7116484
0.6959182
0.6984424
0.6844537
0.6840885
0.7470555
0.7583448
0.7133084
0.6959616
0.6955571
0.6926613
0.6890443
0.7221244
0.7691825
0.7818833
0.7794536
0.7671693
0.7496559
0.7392716
0.7388531
0.7267933
0.7055956
0.7219835
0.7552158
0.7729487
0.7685504
0.7538645
0.7442568
0.742445
0.7531775
0.7575259
0.7315714
0.6829368
0.6658897
0.6772867
0.6628048
0.6581401
0.6863898
0.7050701
0.6977222
0.6849084
0.6792123
0.6815109
0.6804066
0.6629494
0.6580168
0.7077927
0.7707941
0.7832868
0.7944968
0.8213735
0.8309273
0.834098
0.82006
0.7956914
0.7682308
0.7386201
0.7319511
0.7400353
0.7501978
0.7561217
0.7424947
0.7378355
0.7573905
0.7785531
0.79277
0.7823007
0.7749587
0.786808
0.7939258
0.7812507
0.7551559
0.7428982
0.7489842
0.7529047
0.7237104
0.7092277
0.735094
0.762776
0.7590367
0.7193561
0.7060337
0.7138031
0.7135087
0.7064672
0.68392
0.6606126
0.6681067
0.7220811
0.7712206
0.7746521
0.7561608
0.7257701
0.7098239
0.7270882
0.7495482
0.7695566
0.7725413
0.7418002
0.7074805
0.6978448
0.7235623
0.7657718
0.777697
0.7552002
0.727336
0.723684
0.7382158
0.7607269
0.7878135
0.7833112
0.7461121
0.724064
0.7430969
0.7739948
0.7825552
0.7718621
0.7450152
0.741579
0.7679763
0.7743549
0.7623759
0.7397716
0.7316051
0.7520375
0.7778924
0.7952842
0.7901625
0.7507732
0.706808
0.6771178
0.6726155
0.7190262
0.7519033
0.7505538
0.7556719
0.7622572
0.7811085
0.8017105
0.7911841
0.7731261
0.7757469
0.7716735
0.7444635
0.729715
0.747546
0.7696435
0.7899813
0.8025766
0.7947048
0.7691465
0.7406968
0.7370817
0.7599341
0.7886714
0.7965175
0.7763344
0.7557738
0.7541133
0.7508281
0.7449575
0.7482212
0.7471416
0.7409566
0.7450279
0.7433842
0.7310779
0.7284854
0.7326664
0.7539918
0.7574653
0.728671
0.7181186
0.7159801
0.7329371
0.7568836
0.7377474
0.7085605
0.7204702
0.761582
0.7754942
0.7603633
0.7514338
0.7416823
0.7355876
0.724629
0.6996771
0.6884677
0.6941733
0.7337629
0.7744128
0.7875017
0.7849304
0.7748441
0.7721632
0.7676345
0.7871011
0.8083516
0.8157312
0.8243128
0.8102528
0.7771736
0.7377278
0.7185058
0.7283267
0.7322144
0.7094285
0.6769
0.690658
0.7406044
0.7576608
0.7549915
0.7490062
0.7463474
0.7387809
0.7087154
0.6888668
0.6942106
0.7176192
0.7416127
0.7561578
0.7431643
0.7171375
0.7251547
0.7436604
0.7636849
0.7728203
0.771579
0.7834007
0.7643614
0.7213451
0.7103265
0.7302707
0.7445321
0.7429975
0.735884
0.7292893
0.7191647
0.7094216
0.7212718
0.7442049
0.7371528
0.716001
0.704907
0.6964649
0.6982421
0.6989365
0.7099771
0.7423628
0.7451751
0.7203714
0.7162674
0.7489807
0.7817803
0.7809034
0.7659242
0.7311595
0.7213964
0.7378115
0.737181
0.7200885
0.6835936
0.6668046
0.6799582
0.6977708
0.700956
0.7099282
0.7315199
0.7295438
0.7083652
0.6889075
0.6754536
0.6946301
0.7031624
0.6930799
0.7295976
0.73661
0.7118256
0.7124179
0.7111413
0.7192952
0.7205388
0.7093105
0.7190544
0.7162568
0.6988944
0.7043649
0.726092
0.7474076
0.7534839
0.7383896
0.721553
0.7290761
0.7485573
0.7588381
0.7463644
0.725553
0.7279834
0.7461406
0.7837937
0.8111892
0.8064337
0.8187452
0.8143077
0.7939598
0.8084508
0.8164537
0.7900047
0.7612986
0.7636801
0.7708463
0.7541031
0.7447251
0.7365765
0.7079612
0.6784014
0.6537546
0.6425035
0.6334728
0.6200917
0.6185989
0.6177818
0.6134684
0.6182406
0.6241728
0.6282141
0.631298
0.6341673
0.6418785
0.6456608
0.6431338
0.6344183
0.6260681
0.6174133
0.6158545
0.6171825
0.6132223
0.6149762
0.6112463
0.609769
0.6093248
0.6029559
0.5990202
0.5961121
0.5960568
0.6013378
0.6051083
0.6005684
0.5968407
0.5982975
0.5984238
0.5933007
0.5857148
0.5849945
0.5876529
0.5840373
0.5813729
0.5803949
0.5798869
0.5776487
0.5792178
0.5876393
0.5887298
0.5798484
0.5861793
0.6062427
0.6073322
0.6024639
0.6022292
0.6032056
0.5976723
0.5969585
0.6098467
0.604414
0.5971299
0.5948551
0.6099989
0.6564527
0.6684591
0.6493435
0.6409901
0.6449794
0.6468248
0.629329
0.6226601
0.6298096
0.6434008
0.6473734
0.645204
0.6633649
0.6653594
0.6400317
0.6190342
0.6157722
0.6023487
0.5862478
0.5869272
0.5912862
0.5988374
0.6004075
0.595683
0.6002025
0.6082887
0.6150839
0.624858
0.628559
0.6185798
0.6082437
0.609116
0.6206498
0.6315137
0.6389622
0.6510518
0.6539654
0.6447354
0.6299806
0.6320832
0.6494663
0.6535837
0.6372021
0.631097
0.6491549
0.662048
0.656838
0.6456444
0.6494575
0.6545786
0.653758
0.6584918
0.6688524
0.6787551
0.6808088
0.6714193
0.6601548
0.6470801
0.6291751
0.6194313
0.6111127
0.600054
0.5932259
0.5932138
0.5944816
0.5891235
0.5843312
0.5836479
0.5845392
0.5908453
0.6045514
0.6135555
0.6133671
0.6238354
0.6316858
0.6196987
0.6124132
0.6144603
0.6099769
0.5977707
0.585472
0.5777707
0.5789212
0.5893684
0.59705
0.5922096
0.5864318
0.5876672
0.5836828
0.5833531
0.5903885
0.5945684
0.5950883
0.5918592
0.6049123
0.632892
0.6512923
0.659441
0.6667355
0.6673867
0.6484199
0.623103
0.6073877
0.6122991
0.6326433
0.6467565
0.6518964
0.6519095
0.6500912
0.6378026
0.6319869
0.666479
0.7100094
0.7110126
0.6985431
0.7205398
0.7378862
0.7121381
0.7025429
0.7106444
0.6901493
0.6801669
0.666084
0.6460353
0.6425993
0.6320111
0.6359078
0.6469251
0.6415069
0.6338219
0.6213433
0.6062113
0.5990785
0.5949487
0.5910483
0.6081745
0.650235
0.6577034
0.6452555
0.6607338
0.6774025
0.6777367
0.6680681
0.6737474
0.6839105
0.6665231
0.6479143
0.6598756
0.6902819
0.6903588
0.6720607
0.6859142
0.7090957
0.7195508
0.7107721
0.7018946
0.7225573
0.7507899
0.7508931
0.710107
0.6900849
0.7166405
0.7235613
0.6877228
0.6508879
0.6447412
0.6531683
0.6541345
0.6667975
0.7004906
0.712983
0.7132531
0.7079193
0.6906481
0.685013
0.6871461
0.6886259
0.6716542
0.658465
0.6745011
0.7106568
0.7394031
0.7171532
0.6729754
0.6680387
0.6931158
0.7076126
0.7070712
0.6827325
0.6752425
0.7057992
0.7283097
0.7337828
0.7122765
0.7018321
0.7234436
0.7263007
0.7032162
0.6959353
0.7157766
0.733263
0.7205044
0.7010178
0.6915138
0.6551153
0.6237914
0.6168791
0.6037993
0.5949713
0.5896259
0.5814814
0.5812462
0.584382
0.5858095
0.5903251
0.5900327
0.5929482
0.5916232
0.5875112
0.5967656
0.6059502
0.6030591
0.5999037
0.6072414
0.5956111
0.5957823
0.6192877
0.62809
0.6297816
0.6391582
0.6601258
0.6782948
0.6850831
0.6859096
0.6837863
0.6770285
0.6578448
0.6460633
0.6664218
0.6793039
0.6885908
0.6918814
0.6722236
0.6828707
0.7242829
0.7543675
0.7604478
0.7555813
0.736935
0.702927
0.6748356
0.6575418
0.6322349
0.6170579
0.6295729
0.647352
0.670265
0.6796944
0.6591855
0.6434372
0.6570386
0.6715854
0.6712158
0.6531105
0.6311568
0.6275084
0.6282946
0.621055
0.6169234
0.6287868
0.6360135
0.6409437
0.6483617
0.6496899
0.6814737
0.7379718
0.7554647
0.7317481
0.7069219
0.7059237
0.7186832
0.7194432
0.7048048
0.6999836
0.6918816
0.684309
0.7088954
0.7127069
0.7088849
0.6999874
0.6687855
0.6709658
0.6878335
0.6909114
0.710038
0.7457651
0.7478836
0.731516
0.7262571
0.7287927
0.7512619
0.7501991
0.719177
0.7052518
0.7159152
0.7314299
0.7215434
0.7293514
0.7478862
0.7289168
0.6957852
0.6926833
0.7390733
0.7616567
0.7678867
0.7690331
0.7353724
0.7156988
0.7275592
0.7536893
0.7610844
0.7367972
0.7357776
0.7704117
0.7786079
0.7550166
0.763774
0.7791323
0.7491777
0.7374351
0.7572877
0.7411946
0.686218
0.6459189
0.6328152
0.6473707
0.6647406
0.663146
0.6597804
0.6708133
0.6994516
0.7115357
0.7189879
0.755563
0.7795579
0.7585724
0.7506794
0.7554004
0.7482685
0.708631
0.6874143
0.7168924
0.7233729
0.7561365
0.7949978
0.802564
0.7975457
0.7844969
0.7714621
0.7574788
0.7324099
0.7066259
0.7339446
0.7704554
0.7736247
0.7684101
0.7658335
0.7483489
0.7416023
0.7724114
0.7857283
0.7745456
0.7564508
0.7419301
0.7534367
0.7663444
0.7665315
0.7643416
0.758388
0.7339287
0.7243227
0.7479325
0.7561916
0.7524136
0.7523762
0.7506564
0.741529
0.7445702
0.7607138
0.768075
0.7661564
0.7445316
0.7238834
0.7283534
0.7446594
0.7468361
0.727385
0.7308089
0.75074
0.7561814
0.7541033
0.7303205
0.7229929
0.7458839
0.7603498
0.764307
0.7512387
0.7158602
0.6945234
0.7178035
0.7486707
0.7709482
0.785631
0.7661869
0.7425528
0.7410432
0.7516388
0.7481974
0.731575
0.73586
0.7150565
0.6805841
0.6591521
0.6448661
0.6725462
0.6776591
0.6664081
0.6689845
0.6660401
0.680805
0.6729632
0.6440432
0.6406446
0.6444254
0.6340053
0.6179712
0.6121281
0.6079483
0.5939375
0.5880324
0.5808644
0.5720668
0.5741509
0.566616
0.5898673
0.645017
0.6531333
0.6483552
0.7057166
0.749811
0.7500293
0.7143394
0.6983742
0.7947129
0.7056767
0.5493601
0.6057545
0.6255336
0.6172116
0.6258318
0.6240239
0.6377617
0.6548013
0.6760835
0.6735134
0.6876537
0.7033426
0.6817223
0.6579899
0.6365388
0.6238584
0.6229915
0.6210445
0.6244886
0.6324559
0.6339123
0.6256986
0.6154786
0.6087083
0.6043605
0.6017546
0.6036002
0.6016435
0.6023992
0.6248484
0.6535658
0.6585102
0.6399303
0.6306063
0.6353413
0.6251336
0.6076202
0.5985135
0.5960547
0.5978235
0.5970275
0.5916363
0.5856355
0.5879729
0.5982576
0.6118624
0.6171384
0.6117332
0.6052851
0.5997982
0.596332
0.5924992
0.5931421
0.5953856
0.5858424
0.5814761
0.5839248
0.5800015
0.5760714
0.5718219
0.5694868
0.5683287
0.5657007
0.5644113
0.5635185
0.5603068
0.5613133
0.5665089
0.5649564
0.5613628
0.5595009
0.5598711
0.5630539
0.5659957
0.5656027
0.5647505
0.5650141
0.5640966
0.5661012
0.564299
0.5667497
0.5736739
0.5753482
0.5765832
0.577446
0.5774322
0.5777216
0.5893183
0.5939012
0.5855094
0.5826656
0.5801991
0.5768421
0.5764272
0.5808099
0.5815706
0.5820155
0.5902173
0.5952113
0.58808
0.5872992
0.605305
0.6174747
0.6241675
0.6401736
0.6587574
0.6683637
0.6673991
0.6601774
0.6432179
0.6409363
0.6601822
0.6674328
0.6761018
0.703322
0.727984
0.7460092
0.7528128
0.7347387
0.713361
0.7183198
0.7218485
0.702576
0.6874357
0.6994157
0.7408416
0.7594972
0.7770473
0.7306579
0.7014509
0.7786768
0.7343644
0.6817141
0.6963063
0.7028204
0.7168459
0.6991376
0.6864041
0.6986963
0.7145829
0.7055021
0.6941758
0.7178403
0.7377468
0.7207724
0.7036977
0.7080995
0.732181
0.7353285
0.704584
0.6924705
0.712912
0.7594618
0.7815856
0.7496609
0.7091905
0.7137077
0.7486011
0.7662719
0.7503037
0.7162067
0.6946017
0.6758961
0.6643635
0.6590315
0.6513224
0.6376992
0.6388376
0.6675352
0.7005477
0.7199306
0.7396239
0.7755337
0.7844601
0.7454895
0.7099199
0.7093676
0.7194698
0.7229989
0.7086443
0.7037066
0.7202056
0.7044802
0.6731909
0.6634085
0.6551533
0.6428584
0.6323147
0.6639669
0.7304262
0.746904
0.7313881
0.7420875
0.7714022
0.794446
0.776364
0.752182
0.7663173
0.7756796
0.7361633
0.6914446
0.6905771
0.7217879
0.7394129
0.7250044
0.7307007
0.7477977
0.7400846
0.7387013
0.7733128
0.8031714
0.7864242
0.7744881
0.7849658
0.7665274
0.7300778
0.7234672
0.7505444
0.7617706
0.7449538
0.7551764
0.7892068
0.7809451
0.7595126
0.7648566
0.7932026
0.8228787
0.8173203
0.8136837
0.7980453
0.7307747
0.7036429
0.7250656
0.7003555
0.6729374
0.6826943
0.7083527
0.7279616
0.7220274
0.7226788
0.7448912
0.734049
0.7118072
0.7239686
0.7284441
0.7141629
0.7002711
0.6963471
0.7042871
0.7042348
0.6941881
0.7067789
0.706942
0.6760594
0.6985767
0.7867149
0.8179903
0.7889353
0.7702319
0.7806782
0.7646126
0.8274237
0.7284611
0.5938955
0.6489084
0.5727295
0.6857532
0.7573953
0.6808072
0.6866979
0.6559264
0.6389003
0.6167298
0.6539054
0.7261631
0.7417897
0.7583568
0.7845085
0.775963
0.7653468
0.7408813
0.7158286
0.7016048
0.6768501
0.6751264
0.7242669
0.7610334
0.7316864
0.711568
0.7157423
0.7065346
0.7117065
0.7383156
0.7579232
0.7521594
0.7490367
0.7614023
0.7641426
0.7461206
0.7488019
0.7579594
0.7527641
0.7765746
0.7888712
0.7793832
0.782716
0.7727845
0.7537545
0.753711
0.7739665
0.769775
0.7319306
0.708931
0.718663
0.7410825
0.757543
0.7659851
0.7778481
0.7892725
0.7659372
0.7294663
0.724451
0.7364252
0.7375534
0.7227902
0.7201456
0.7336203
0.7420847
0.7557604
0.7570913
0.7468336
0.736202
0.7369654
0.7557721
0.7375848
0.7123101
0.7169535
0.7262769
0.7444243
0.7416677
0.7146825
0.7103599
0.7066638
0.6514305
0.6178613
0.6684145
0.6760956
0.67459
0.7274657
0.7156488
0.6841598
0.6877333
0.6947356
0.6861498
0.6634777
0.6632659
0.699878
0.6867242
0.6264239
0.6257204
0.6523913
0.6858551
0.7105171
0.7272763
0.7360916
0.7221366
0.7120429
0.7084656
0.7151044
0.7380467
0.7495997
0.7305198
0.7158235
0.7130969
0.7166451
0.7161903
0.7171205
0.7320463
0.7400569
0.7433408
0.7383923
0.7283353
0.7167789
0.7151557
0.7273707
0.7222753
0.7114764
0.7019009
0.7017127
0.7095175
0.6926473
0.6684101
0.6568733
0.6727359
0.7110223
0.7257303
0.7338182
0.7460732
0.7412303
0.7454198
0.7667385
0.7657479
0.7491142
0.7409141
0.7386883
0.7400926
0.7265484
0.7373845
0.7587994
0.7498064
0.768512
0.7893999
0.7626599
0.7307327
0.7279518
0.7376848
0.7309389
0.7110499
0.7144165
0.7203925
0.7044885
0.6964622
0.7053754
0.7025474
0.6872091
0.6944144
0.7198911
0.7324384
0.7161922
0.7024404
0.7169059
0.7429726
0.7356208
0.7143124
0.7117316
0.7304758
0.7482101
0.710221
0.6667714
0.6522951
0.6499156
0.6736283
0.6799967
0.6617832
0.6579558
0.6856311
0.7317267
0.7365593
0.7243563
0.746337
0.7533942
0.8224165
0.7610023
0.6230029
0.7555756
0.7922287
0.7048752
0.6829258
0.6467739
0.6216956
0.6214575
0.6303539
0.6510841
0.6926808
0.7122263
0.7296418
0.7195903
0.6834201
0.6677319
0.6487706
0.6397794
0.612768
0.621453
0.563266
0.5307221
0.6626539
0.6206022
0.5814476
0.6174356
0.6089903
0.6263032
0.6232536
0.6179518
0.6285181
0.6401216
0.6209945
0.6153085
0.6339576
0.6617406
0.6694411
0.6628705
0.6613511
0.6571435
0.6556483
0.6288932
0.6193862
0.6461653
0.6442545
0.6389696
0.6215223
0.5950311
0.6142403
0.6424371
0.6697972
0.7754966
0.7901083
0.651353
0.6228224
0.6442795
0.6331816
0.6447503
0.6563177
0.6619921
0.6632297
0.6645581
0.6801611
0.6972797
0.7030852
0.6973293
0.6800384
0.6648119
0.660489
0.6662777
0.6596441
0.6467758
0.6472085
0.6634792
0.6854331
0.7043321
0.7228639
0.728588
0.712676
0.7015672
0.7024564
0.7046587
0.7128594
0.7026822
0.6805099
0.6974246
0.7146765
0.7009522
0.6829696
0.6729492
0.6575658
0.6295898
0.6123925
0.6046202
0.6041365
0.5996882
0.6089328
0.6374847
0.6526888
0.6670487
0.6733646
0.6646335
0.6821382
0.668838
0.6976295
0.6887221
0.6738436
0.7560005
0.6714389
0.6323946
0.6810284
0.6848138
0.7073204
0.7116236
0.7243183
0.7288814
0.7239127
0.7226886
0.7105588
0.6981661
0.7062733
0.7086862
0.6968501
0.6845664
0.677576
0.6791901
0.6944885
0.69754
0.6914684
0.7034267
0.6899981
0.6631617
0.6657892
0.6727136
0.7032794
0.7404218
0.7510811
0.7580236
0.7626245
0.7655507
0.7503617
0.7089583
0.6934561
0.7128093
0.7296612
0.7211955
0.7073835
0.7220435
0.7465714
0.7886686
0.8154774
0.799902
0.8026533
0.7901845
0.7601202
0.7496431
0.737408
0.7524171
0.7465544
0.7281502
0.7336712
0.7194201
0.7413033
0.7797185
0.7836155
0.786996
0.7948666
0.7977437
0.7939407
0.7859307
0.7648143
0.7467645
0.7353581
0.7335306
0.7449827
0.7419778
0.7267738
0.7058732
0.6900118
0.6785698
0.6690517
0.6615385
0.6471449
0.6298672
0.6176556
0.6092203
0.6020359
0.595809
0.5982626
0.5995419
0.605106
0.6157862
0.6095339
0.6087201
0.6236926
0.6299776
0.6441889
0.6855061
0.7212058
0.7582213
0.7908931
0.8050364
0.8089545
0.8052497
0.7937199
0.7644362
0.737674
0.7302583
0.7283956
0.7281178
0.7351394
0.7370654
0.7185743
0.6941607
0.6936251
0.7126547
0.7321106
0.7387736
0.7274425
0.7163685
0.7125909
0.6983446
0.7015638
0.749219
0.7847145
0.7845917
0.7807047
0.7736663
0.7491138
0.7195803
0.7154024
0.7228412
0.7309901
0.7291209
0.7289471
0.7290098
0.7021958
0.7013391
0.7090284
0.7042924
0.709429
0.7070568
0.7010764
0.6992264
0.697482
0.6935821
0.684843
0.6879864
0.7224956
0.7491983
0.7526536
0.7621303
0.7743784
0.7894063
0.7925547
0.7876321
0.7810007
0.7419432
0.7143201
0.7120984
0.7072007
0.7215302
0.7401969
0.7434487
0.7458119
0.7456622
0.7492592
0.7539331
0.7555521
0.752466
0.7517681
0.7610516
0.7756946
0.7961756
0.804691
0.8101163
0.8049593
0.7888039
0.7757614
0.7615498
0.7582958
0.7648993
0.766363
0.7639672
0.7505377
0.7257592
0.715474
0.6952429
0.683988
0.6985016
0.7118899
0.7235344
0.7171364
0.7056562
0.6856512
0.6783864
0.6962264
0.7074637
0.7166272
0.7073332
0.697667
0.6984342
0.6715449
0.6578714
0.6850224
0.6930667
0.6683897
0.6710387
0.6880489
0.6914239
0.6996114
0.6961203
0.6865009
0.6690512
0.6513725
0.6543885
0.6534309
0.6382479
0.6409629
0.6561422
0.6718036
0.676045
0.6610787
0.6681212
0.6880381
0.7033124
0.7071272
0.704783
0.6989371
0.6833101
0.6752405
0.6627413
0.6592254
0.6781802
0.6940929
0.6950555
0.7114222
0.7583237
0.7702367
0.7419601
0.7239242
0.7073452
0.7015207
0.7213184
0.734102
0.7318951
0.7402197
0.7475618
0.7468014
0.7502833
0.7413178
0.7186326
0.7020626
0.6885668
0.6747722
0.6653504
0.6599518
0.6771295
0.7015543
0.715674
0.7346057
0.7396482
0.7306114
0.7289026
0.7365737
0.7327348
0.7200195
0.7262236
0.7347819
0.7431976
0.7473756
0.7263952
0.6991752
0.685706
0.6757876
0.6567567
0.6499942
0.6454938
0.6208966
0.6370111
0.6128267
0.6531453
0.7489155
0.7750716
0.7771044
0.6489138
0.6121737
0.6361486
0.628154
0.658602
0.6382824
0.624526
0.6173614
0.6186429
0.6539445
0.6827862
0.6891054
0.7072517
0.7320987
0.7509141
0.7544611
0.7470018
0.7719575
0.8127557
0.8266957
0.8151639
0.8084893
0.8219871
0.8299524
0.8291863
0.8152887
0.7933918
0.7954576
0.8088935
0.8037992
0.7917768
0.7863429
0.7804937
0.779145
0.7827381
0.7774401
0.7690559
0.7604217
0.7700262
0.7851037
0.7728846
0.7835423
0.8118993
0.8172278
0.805885
0.7950565
0.8108082
0.8341259
0.8367559
0.8393596
0.8526536
0.8607885
0.8575708
0.8518004
0.8513948
0.8648761
0.8766755
0.8820999
0.8881955
0.8833545
0.8858724
0.9146757
0.8990899
0.9009905
0.8224351
0.6871503
0.803139
0.9025114
0.9015976
0.9080735
0.8784436
0.8949053
0.9140266
0.8972519
0.8771147
0.8844155
0.884268
0.8639153
0.86742
0.885817
0.8748456
0.8612106
0.8723486
0.8808096
0.8711156
0.8385441
0.8393165
0.8811587
0.8675074
0.8381705
0.8650908
0.8971952
0.8926495
0.8729007
0.8826649
0.900636
0.8721595
0.8474418
0.8576434
0.8638496
0.856194
0.8331364
0.8530722
0.899518
0.8955718
0.873416
0.8918851
0.8996877
0.8775819
0.8852967
0.8816223
0.8673387
0.8671929
0.8527679
0.8416168
0.853422
0.8711661
0.8736328
0.8486727
0.8397108
0.8622293
0.8770142
0.8615486
0.8391574
0.8507213
0.8534693
0.835112
0.8173718
0.8270377
0.8566596
0.859853
0.8435791
0.8515481
0.8660102
0.8513578
0.8451676
0.8583524
0.864371
0.8564321
0.8722755
0.8846507
0.8751093
0.8807315
0.8719019
0.8445043
0.8450382
0.8688799
0.8697799
0.8459494
0.8447058
0.848132
0.8353154
0.8400949
0.8243255
0.7825038
0.7719701
0.7503897
0.7013516
0.6764558
0.6651741
0.6531138
0.6707315
0.7107926
0.7048237
0.658276
0.6630417
0.7112243
0.7550498
0.8020067
0.8243368
0.8328623
0.8397677
0.8331777
0.8112586
0.7859469
0.7821152
0.7766502
0.7570971
0.7292835
0.7057921
0.7078271
0.7229337
0.7439271
0.7719549
0.7755878
0.7609396
0.7655681
0.7732462
0.773115
0.7780596
0.7749115
0.7743953
0.7687571
0.7574969
0.7809096
0.8091986
0.8175927
0.8300443
0.8400618
0.8151439
0.7929365
0.803436
0.8097495
0.811593
0.8051944
0.781156
0.7631281
0.7780683
0.8027653
0.8039151
0.783084
0.7764118
0.7902587
0.8051848
0.8036321
0.7869542
0.7883696
0.7814239
0.7681103
0.7621296
0.7645136
0.7869615
0.7793948
0.7588823
0.7690832
0.7845023
0.7954391
0.7921139
0.7949876
0.8158052
0.8196053
0.8117541
0.8240091
0.8496398
0.8478126
0.8110465
0.7852528
0.7829253
0.7932302
0.7924433
0.7706674
0.7760938
0.8001072
0.8091066
0.7919144
0.7639246
0.7508065
0.7407899
0.7417752
0.7583003
0.7757184
0.7765072
0.7716736
0.7917785
0.8184642
0.8296576
0.8233758
0.8243578
0.8483365
0.8495676
0.841552
0.8579005
0.8702218
0.8647808
0.8379596
0.8191454
0.8108613
0.7886631
0.7735617
0.7850171
0.8086943
0.8382107
0.8365979
0.826721
0.858341
0.853777
0.8300856
0.8373162
0.8464868
0.8367099
0.8215222
0.833068
0.8409556
0.8345073
0.8090198
0.7689094
0.7347943
0.702717
0.6819675
0.6669535
0.6655639
0.6773049
0.676502
0.6734541
0.6829098
0.6961231
0.7099041
0.7084616
0.6859481
0.6927355
0.7308927
0.7605854
0.7843059
0.8021861
0.7979913
0.7725928
0.765786
0.7957134
0.8190962
0.8129798
0.8091898
0.838092
0.8788812
0.8754803
0.8665772
0.8640369
0.8490331
0.8472976
0.8542934
0.859977
0.8545832
0.8633518
0.8571306
0.8290826
0.8196717
0.8195552
0.8180739
0.8117901
0.8086811
0.8047621
0.8030249
0.8179467
0.8286346
0.826422
0.8200859
0.796595
0.7905678
0.7898276
0.7999207
0.8416734
0.8356931
0.8098425
0.7880503
0.7503808
0.7367232
0.7500182
0.771058
0.7873663
0.8009185
0.7891205
0.7767837
0.8078995
0.8316385
0.8435778
0.8350446
0.8117774
0.8208105
0.8206287
0.7963926
0.775991
0.7757544
0.798977
0.7965878
0.7680912
0.7693736
0.7712212
0.757545
0.7671461
0.785038
0.7960518
0.7978897
0.7901585
0.8007249
0.8192297
0.826645
0.8289398
0.8236777
0.8120308
0.8036003
0.8081377
0.800879
0.7863352
0.7870628
0.769621
0.7359856
0.7326016
0.7533601
0.7546197
0.7531079
0.7790643
0.8002609
0.8068743
0.7961613
0.7824909
0.7822776
0.7774688
0.786216
0.8074137
0.8066367
0.7817696
0.7825296
0.8055179
0.7937671
0.7629332
0.7514046
0.7626634
0.788844
0.7955977
0.8030326
0.8282103
0.8256147
0.816916
0.8320717
0.8401985
0.829549
0.8242706
0.8244903
0.8191632
0.7896276
0.7662297
0.7887621
0.8112404
0.8315255
0.8617588
0.8751823
0.8419512
0.8022302
0.8095553
0.811043
0.7966859
0.7781434
0.7779663
0.775704
0.7602312
0.7862099
0.8179582
0.8420672
0.846869
0.8466663
0.8613722
0.8632332
0.8461628
0.81942
0.8221038
0.8332677
0.827582
0.8125853
0.8128595
0.8227062
0.8327487
0.8338528
0.8076644
0.822108
0.8304784
0.8020502
0.8170008
0.8263577
0.8229347
0.824276
0.7930781
0.7660031
0.7813995
0.8028355
0.7970562
0.7787271
0.7560283
0.7399112
0.7443158
0.7528982
0.7541096
0.7648931
0.7906891
0.8055771
0.7999958
0.7933154
0.7919328
0.7997951
0.7996296
0.7899404
0.7894621
0.8171041
0.829746
0.8166909
0.8430313
0.879294
0.8918812
0.8915834
0.8819684
0.8624323
0.8264284
0.8119874
0.7864224
0.7835651
0.8460845
0.86684
0.8278433
0.7725784
0.7786277
0.8075846
0.8283368
0.8755335
0.8879212
0.8648841
0.86808
0.8586197
0.8419158
0.8054637
0.7356328
0.7233457
0.7083946
0.6927969
0.7384814
0.7831311
0.7958896
0.814732
0.835891
0.8441211
0.8451014
0.8445102
0.8416373
0.8347963
0.8311023
0.8269508
0.8274915
0.8403686
0.8627776
0.8727649
0.8703873
0.8741038
0.88071
0.8863769
0.8925943
0.8849736
0.8864153
0.8815276
0.8407393
0.8067071
0.7795751
0.7453991
0.7105563
0.6844061
0.6687383
0.6531229
0.6593185
0.6920405
0.7223452
0.7455159
0.7641434
0.7687133
0.7689753
0.7827642
0.7998437
0.8120321
0.822959
0.8139446
0.7850532
0.7816386
0.7887846
0.7924219
0.8120611
0.8124206
0.805309
0.8225304
0.8329077
0.8135109
0.8197802
0.8259144
0.7776478
0.7823859
0.8111129
0.8158562
0.8279508
0.8078425
0.805209
0.8139391
0.7894005
0.7843135
0.7733523
0.7418089
0.7457791
0.7663896
0.7718412
0.781357
0.7848042
0.7690025
0.7554257
0.7432992
0.7354248
0.740185
0.7620064
0.775973
0.7833521
0.7768582
0.7497559
0.7516961
0.7650577
0.7736892
0.7948911
0.8199342
0.8318552
0.8410697
0.8566808
0.856949
0.8205502
0.7738645
0.7322568
0.7286318
0.7244173
0.7585858
0.7074001
0.6644874
0.818405
0.825167
0.8032312
0.8305728
0.8486444
0.8582439
0.810851
0.8121999
0.8137728
0.8107715
0.8188543
0.8186443
0.8121987
0.8048644
0.7836021
0.756293
0.7556243
0.7812325
0.7856763
0.7882135
0.8009761
0.8261439
0.7478091
0.6960428
0.8151442
0.7972005
0.7559994
0.7639945
0.7340011
0.7151832
0.7313232
0.7862671
0.7639902
0.7629997
0.8201482
0.8363846
0.8520189
0.8753948
0.891415
0.9022253
0.8986117
0.8967346
0.8904543
0.8899686
0.8885052
0.8680118
0.8698262
0.8824802
0.8739802
0.8678049
0.8468498
0.8165043
0.828625
0.849131
0.8712872
0.8832147
0.860641
0.8665056
0.8723452
0.8766411
0.8579453
0.805953
0.7988922
0.8023758
0.8041788
0.8063003
0.8059609
0.8169768
0.8113259
0.8042175
0.8028447
0.8010485
0.8079798
0.8172376
0.8075443
0.7663478
0.7493105
0.7577173
0.7696243
0.7876835
0.7993318
0.7916076
0.7889923
0.8210705
0.838299
0.8184132
0.8011516
0.8167531
0.8356949
0.8358766
0.8433185
0.8359197
0.8143456
0.8214129
0.8255156
0.8261944
0.8315939
0.8376914
0.8295164
0.788845
0.7611652
0.742809
0.7208349
0.7096615
0.7111823
0.7331304
0.7623214
0.7856028
0.7894179
0.7902461
0.8089802
0.8166224
0.8315434
0.8283818
0.7877357
0.7717503
0.770298
0.7742213
0.7849812
0.8014153
0.8305265
0.852811
0.8479899
0.8275615
0.8392811
0.8396812
0.8012577
0.7560915
0.7149883
0.7052425
0.7089468
0.7061809
0.704842
0.7053277
0.705466
0.7035204
0.7059558
0.7074709
0.7147064
0.7277271
0.734142
0.7410399
0.7477594
0.7611451
0.7794721
0.7979239
0.817834
0.8373684
0.8519012
0.8534594
0.8373106
0.8443695
0.8687826
0.8706893
0.8695135
0.8716316
0.8675711
0.8531304
0.8291624
0.7921699
0.7711882
0.7594271
0.7636444
0.77057
0.7581759
0.7684739
0.788951
0.7962308
0.7991243
0.8025799
0.797852
0.79155
0.7917327
0.7808125
0.7629046
0.765548
0.773567
0.7902307
0.8069807
0.8159907
0.8228062
0.819308
0.8133142
0.7958528
0.7678693
0.7482966
0.7363418
0.7306847
0.7432081
0.7581549
0.7578745
0.7592734
0.7650398
0.7672742
0.785053
0.7925326
0.8021025
0.8302206
0.8450538
0.8451121
0.836843
0.8248039
0.8046974
0.7736457
0.7430603
0.7211494
0.7343475
0.7717064
0.7891356
0.8204927
0.839584
0.837057
0.8499276
0.8519416
0.8486265
0.8525719
0.8584319
0.8590064
0.850608
0.8294281
0.8119237
0.8025867
0.7839178
0.7611445
0.7343709
0.7126468
0.7081548
0.7130329
0.7099376
0.7093573
0.7194774
0.709574
0.6903955
0.6694483
0.6476143
0.6431578
0.6413498
0.6469218
0.6595518
0.6887207
0.7359092
0.7633792
0.7645567
0.7598906
0.7724844
0.7896201
0.7916842
0.7806262
0.7701219
0.7557184
0.7258038
0.6967667
0.6777172
0.6632865
0.6554009
0.6669652
0.706636
0.7423444
0.758624
0.7788213
0.7953458
0.8293305
0.8663093
0.8527113
0.8236339
0.8163184
0.8299396
0.8427128
0.8321737
0.8175038
0.803935
0.7850667
0.7748443
0.7709083
0.755084
0.7590087
0.777429
0.8151734
0.8834473
0.8994093
0.8922983
0.8894435
0.8577725
0.8226467
0.7857468
0.7533333
0.7451439
0.7463732
0.7571139
0.7584011
0.736652
0.73882
0.7518554
0.7543572
0.7407271
0.7238453
0.7221897
0.7096233
0.7121579
0.735229
0.7360333
0.7333346
0.7302576
0.7271466
0.7367965
0.7372943
0.7443023
0.7589027
0.7538135
0.7462041
0.7566885
0.7652119
0.7649613
0.7559394
0.7538967
0.7590241
0.7528633
0.7450777
0.7335905
0.7272888
0.7174595
0.7078113
0.7191316
0.7242733
0.7103043
0.7139811
0.7345131
0.7549866
0.7688117
0.7510558
0.7341684
0.7321803
0.7170875
0.6960133
0.6726436
0.6519859
0.6403356
0.6305385
0.6228052
0.6327136
0.6573193
0.6704348
0.6603632
0.6430772
0.6489246
0.6763517
0.6932616
0.7123557
0.7533378
0.7782748
0.7975107
0.8111085
0.8163949
0.8053809
0.7613585
0.7526279
0.7522695
0.7372894
0.7333135
0.7212275
0.7047701
0.6982852
0.698351
0.7102634
0.7198799
0.7222074
0.7359059
0.7287827
0.7036248
0.683499
0.7069811
0.7484364
0.7611074
0.7744162
0.7813915
0.7854978
0.7806695
0.7694929
0.7628202
0.7580697
0.7451814
0.7214197
0.7170238
0.728174
0.7575526
0.7844598
0.8003664
0.8157525
0.8087669
0.806178
0.799439
0.7762023
0.7744216
0.7696374
0.7642387
0.7711889
0.7795305
0.7888539
0.7887685
0.7941906
0.78758
0.7705494
0.7734226
0.7934125
0.8082035
0.7997237
0.7846532
0.754363
0.7235675
0.7204211
0.732162
0.7487686
0.7563478
0.7478371
0.7389369
0.7448534
0.7637238
0.7637047
0.7348193
0.7358109
0.7465925
0.7670227
0.7884694
0.7549062
0.7242742
0.7288445
0.7465501
0.750744
0.7572008
0.7817661
0.8107315
0.8196551
0.8066424
0.8019371
0.7986312
0.7913845
0.773474
0.7579159
0.7572684
0.7520664
0.7521575
0.7426
0.7236511
0.7308593
0.7509952
0.7644445
0.7736699
0.7720732
0.7902738
0.7614105
0.7197619
0.7080856
0.6819267
0.7444614
0.7661336
0.7413689
0.7496135
0.7383439
0.7367166
0.7374747
0.7305197
0.7391291
0.7661677
0.7723318
0.77254
0.7714513
0.754928
0.7320186
0.7358589
0.7593367
0.7645381
0.7583887
0.7583272
0.7635106
0.7630565
0.7657039
0.7562591
0.7445376
0.7527726
0.7709688
0.7926586
0.7912784
0.7774728
0.7760873
0.7787836
0.7835657
0.8070605
0.8213404
0.8296259
0.8518828
0.8634835
0.8684498
0.8702865
0.8540714
0.8196484
0.8080404
0.809668
0.8015999
0.7930851
0.7875439
0.7985769
0.809266
0.7841065
0.7495265
0.7360707
0.7234167
0.704427
0.7025343
0.7340293
0.7385604
0.7294049
0.76316
0.7894913
0.8102713
0.8164216
0.7871454
0.7818156
0.797435
0.8111089
0.799699
0.780691
0.801078
0.8278243
0.8240514
0.8111043
0.8312317
0.8760377
0.8904883
0.8647421
0.8681001
0.8531219
0.8007034
0.7965688
0.8044249
0.7869021
0.7765254
0.7593269
0.7306041
0.7472552
0.7761815
0.7886436
0.8094077
0.8093419
0.8043931
0.816693
0.8214215
0.8063763
0.7896482
0.7990902
0.8215452
0.8214373
0.8149015
0.8244586
0.8453811
0.8590091
0.8457635
0.8469918
0.858319
0.8548033
0.8253346
0.7876614
0.7828075
0.7855227
0.7847822
0.7671271
0.7544938
0.767603
0.7880777
0.7891982
0.7704257
0.7810544
0.7947939
0.7960388
0.7758676
0.7618786
0.7685571
0.7492655
0.7600915
0.7828067
0.796324
0.7916218
0.75507
0.7629266
0.787882
0.7977126
0.8099466
0.8224195
0.8117738
0.7820152
0.7779034
0.8044105
0.8167835
0.8066461
0.8238062
0.840715
0.8152951
0.7930276
0.8064138
0.8224216
0.839898
0.8589485
0.8625767
0.8468552
0.8340173
0.8401085
0.8434783
0.8502993
0.8546638
0.8482334
0.8061001
0.7579289
0.7469708
0.7361433
0.7548619
0.7898505
0.8143272
0.8283962
0.830631
0.8635849
0.8905688
0.8960022
0.8991896
0.8925848
0.8721844
0.8442511
0.8409096
0.8625691
0.8760934
0.8746656
0.8568448
0.8318919
0.8286651
0.8302902
0.844034
0.8743964
0.8750353
0.8587459
0.8570093
0.8585852
0.8743146
0.8763388
0.851133
0.8443389
0.8472096
0.8401987
0.8468336
0.8519765
0.843808
0.8387343
0.8281407
0.8359244
0.8339839
0.8298793
0.8509112
0.8723402
0.8206935
0.8095486
0.7031533
0.6117247
0.7742028
0.7367638
0.6601319
0.674589
0.6439267
0.6381889
0.61819
0.614112
0.6050609
0.5946193
0.5903523
0.5845097
0.5830959
0.5823713
0.5822222
0.5833154
0.5952964
0.6316666
0.6572294
0.6582875
0.6591778
0.664863
0.6633346
0.6468935
0.639873
0.6613712
0.6789732
0.7123476
0.7642922
0.7590283
0.730159
0.7285294
0.7368307
0.736945
0.7194168
0.6910803
0.6657388
0.6449196
0.6311682
0.630081
0.6252774
0.6292955
0.663297
0.7351014
0.7773834
0.7531047
0.7261216
0.7053028
0.6954282
0.693701
0.6966651
0.7145434
0.7221653
0.7178676
0.7096899
0.699545
0.7171497
0.7542095
0.7970406
0.8341
0.8371713
0.8607193
0.9022932
0.8900082
0.8665061
0.8575111
0.8227516
0.8103455
0.8098106
0.8369556
0.8430566
0.9137504
0.840197
0.6740459
0.7517998
0.7034324
0.6672544
0.723357
0.7555112
0.7675433
0.7078275
0.6991947
0.6583863
0.6762241
0.7610077
0.7565011
0.7256754
0.6432221
0.6027676
0.6159
0.6004107
0.6009733
0.5971833
0.5869835
0.5846837
0.5905066
0.5884737
0.5876764
0.5872083
0.5880448
0.5853268
0.5833833
0.5830798
0.5801834
0.5764668
0.5717806
0.5725477
0.5697473
0.570313
0.5717151
0.5699193
0.5729565
0.570598
0.5711553
0.5721361
0.5736263
0.5779057
0.5770166
0.5794075
0.5788581
0.5767072
0.5803379
0.5791034
0.5796425
0.5817804
0.5793102
0.5776888
0.5785772
0.5835926
0.589312
0.5947541
0.5923516
0.5917308
0.5990222
0.5983881
0.6004904
0.6059897
0.6025908
0.5999039
0.5976467
0.5913792
0.589006
0.5888421
0.5849123
0.5880829
0.5841746
0.5895478
0.6125958
0.6083826
0.6035764
0.6040186
0.5999054
0.6006873
0.5983954
0.6032795
0.6069137
0.614288
0.6270826
0.6395078
0.6641965
0.6846523
0.7167253
0.7466726
0.7288906
0.7060078
0.7088049
0.69794
0.7164123
0.7397489
0.7250773
0.7480732
0.7506171
0.7459291
0.7415582
0.7201565
0.6846385
0.6898683
0.7081704
0.7731598
0.8322734
0.6778599
0.6280502
0.7021179
0.7219927
0.7240115
0.7338051
0.7690672
0.7917305
0.8144809
0.8026575
0.7811854
0.7957793
0.8191865
0.8249892
0.8107157
0.7787072
0.7547164
0.7554726
0.7630596
0.7547277
0.7319612
0.7239028
0.7241054
0.7227186
0.7315345
0.7234256
0.7190035
0.7346904
0.7685325
0.8111736
0.8250875
0.8162494
0.7995877
0.7836518
0.7703911
0.7632077
0.7539776
0.7526741
0.7595364
0.7539376
0.7486179
0.7494791
0.7381353
0.7239503
0.7099876
0.7027886
0.6875908
0.6775772
0.656038
0.6779321
0.8231136
0.8463647
0.7215255
0.6567406
0.6637866
0.671787
0.6796219
0.696974
0.7390392
0.7820471
0.784595
0.7386425
0.7949119
0.8047686
0.6786585
0.7411042
0.7759381
0.7571192
0.7936689
0.8126927
0.8017859
0.7616497
0.7622113
0.7584739
0.7425548
0.7330988
0.7310273
0.7433683
0.7585345
0.7411235
0.7164519
0.7087658
0.6898286
0.6783661
0.6909811
0.718215
0.7411333
0.7612194
0.7803243
0.7778543
0.8084588
0.8280672
0.7914734
0.7617067
0.7790911
0.7971862
0.7741994
0.791688
0.8284603
0.8396952
0.8444669
0.8505048
0.8375148
0.8020979
0.8087284
0.8243998
0.8136866
0.8278538
0.8348487
0.8235137
0.8288879
0.8034584
0.783805
0.8052728
0.8266387
0.8708631
0.8955752
0.8696395
0.8721488
0.886291
0.8566466
0.8330549
0.8125718
0.7872955
0.7908847
0.80617
0.8139869
0.7804951
0.7403169
0.7210821
0.6880638
0.6648225
0.6502012
0.6413882
0.6520816
0.6780624
0.7149444
0.7084716
0.7088339
0.7568965
0.837845
0.9038341
0.9180174
0.906408
0.8717313
0.8539088
0.8107793
0.7630465
0.7475287
0.7341186
0.7190601
0.7082051
0.7087314
0.7093409
0.7274323
0.7637149
0.78562
0.8036344
0.8053953
0.8020343
0.8041101
0.7945131
0.8183984
0.8472101
0.9041511
0.9481181
0.8819897
0.8405042
0.8481934
0.832657
0.830953
0.8406395
0.8396397
0.8223626
0.8358869
0.8253202
0.83121
0.750072
0.6943268
0.829422
0.7803904
0.7217867
0.7368092
0.7370324
0.7863041
0.7827863
0.7914045
0.8138662
0.8100935
0.8025485
0.7757799
0.7455234
0.7419951
0.746315
0.7648787
0.7582702
0.7269747
0.7215072
0.7215977
0.7257234
0.7433845
0.7626803
0.7811699
0.7709489
0.744186
0.7523684
0.7723196
0.7818972
0.7774
0.7733499
0.7699711
0.7432429
0.735553
0.7343342
0.738329
0.7587411
0.7590684
0.7579717
0.7692999
0.7714606
0.7614991
0.7604859
0.7707162
0.7654453
0.7503568
0.7616234
0.7868725
0.8216361
0.854673
0.8433328
0.8215599
0.829706
0.8324587
0.8264518
0.8195424
0.800145
0.7912794
0.7845183
0.7698491
0.768153
0.7512381
0.7008354
0.7014803
0.7458166
0.7350715
0.7083543
0.6945871
0.6893746
0.7104377
0.7373697
0.7693567
0.778506
0.7596778
0.7668874
0.7824268
0.7748148
0.7602047
0.7334987
0.7056804
0.6915897
0.6759799
0.6817027
0.7077616
0.7270605
0.7337906
0.7235687
0.725338
0.7501926
0.7864844
0.7904231
0.7712271
0.7823205
0.7930986
0.7911374
0.7919159
0.7751819
0.7442179
0.7435843
0.7548721
0.7499613
0.7519317
0.7452633
0.7128207
0.7158391
0.7642984
0.7924166
0.8097275
0.8181949
0.8157285
0.7965878
0.7491037
0.7335789
0.7411799
0.7479763
0.7593509
0.7669202
0.7726102
0.766627
0.7600759
0.7598935
0.7456528
0.7128401
0.7154016
0.7396459
0.7319328
0.7278744
0.7232597
0.7040671
0.7091711
0.750405
0.7931817
0.8172572
0.8278841
0.8334392
0.8269679
0.7926892
0.7564462
0.7539848
0.770598
0.7711205
0.7789304
0.8049402
0.8055027
0.7937547
0.7965201
0.7958415
0.8148783
0.8311053
0.8088483
0.7928598
0.8110392
0.8167449
0.7945226
0.8001502
0.8241128
0.8285644
0.8181935
0.8147835
0.81905
0.8331552
0.836504
0.8185922
0.8170385
0.8231388
0.819674
0.8131949
0.8103163
0.8227937
0.8361938
0.8174224
0.7889358
0.7998675
0.8270443
0.8238362
0.796764
0.7796915
0.7919495
0.7977251
0.7801333
0.7932503
0.80972
0.8173796
0.8445843
0.8255726
0.7905837
0.8100041
0.8361143
0.8371166
0.8152368
0.7900619
0.8037413
0.8219317
0.8258931
0.8046177
0.754865
0.7448472
0.7612276
0.7866525
0.7912707
0.7611372
0.7594591
0.7836788
0.8026268
0.8232439
0.830472
0.823291
0.8069824
0.7661557
0.7559376
0.7739493
0.7910696
0.7966982
0.79026
0.7960755
0.7959632
0.7881891
0.7639167
0.7500791
0.7739009
0.7858676
0.7850101
0.777678
0.7895996
0.7890321
0.7353861
0.7393916
0.7874852
0.8233466
0.8442416
0.826043
0.7897636
0.7500692
0.7190095
0.7046779
0.7197377
0.748269
0.7331121
0.7342244
0.7835267
0.8159391
0.853096
0.8741712
0.8575857
0.8462071
0.8428466
0.8312278
0.8286525
0.818687
0.7911147
0.7831542
0.8002191
0.8286027
0.8487008
0.8712549
0.8826066
0.8666487
0.8489078
0.8394055
0.8292078
0.8259071
0.8297302
0.8258157
0.8193714
0.8079122
0.7856655
0.7783313
0.7929943
0.7830861
0.7616126
0.7865931
0.8368721
0.8687166
0.8761139
0.8695856
0.8459041
0.8092351
0.7905212
0.8007813
0.8053113
0.7726721
0.7482074
0.7597102
0.7769812
0.7921002
0.805653
0.801751
0.779956
0.7930169
0.8194186
0.8215875
0.8289552
0.8298151
0.8214397
0.8289864
0.8276495
0.8189357
0.8395783
0.8598708
0.8796231
0.899943
0.8936851
0.872065
0.8423279
0.80218
0.7802336
0.7784852
0.7656227
0.7611558
0.7850611
0.8075751
0.8152188
0.8151758
0.8244089
0.8116888
0.7645834
0.7517641
0.7623605
0.7702267
0.7714889
0.7638565
0.7658102
0.7619046
0.7427732
0.7503709
0.7887328
0.7880403
0.771515
0.7716932
0.7575911
0.7710325
0.7865647
0.7805649
0.7888093
0.8046147
0.8120809
0.8012968
0.7869494
0.7728283
0.7706553
0.77785
0.7823615
0.7863745
0.7831226
0.7759684
0.7667194
0.7743776
0.7915274
0.7917842
0.7963602
0.7792007
0.7510813
0.7505492
0.7565054
0.7724998
0.7963213
0.7952272
0.7908809
0.7313484
0.6885123
0.7344072
0.7239954
0.7189554
0.7194465
0.7045245
0.7129718
0.7159552
0.7482079
0.7772948
0.7547519
0.7288465
0.7338145
0.7418482
0.7438526
0.740926
0.7305042
0.7055293
0.6927217
0.7225258
0.7533324
0.7748261
0.8049236
0.8197102
0.8179042
0.8075823
0.7901842
0.7764346
0.7640956
0.7535651
0.7438615
0.7291871
0.7371546
0.7500209
0.7516134
0.7582889
0.751374
0.7427865
0.7608686
0.7840105
0.8071055
0.8207844
0.8253653
0.8193684
0.779301
0.7624843
0.7680986
0.7710359
0.7682224
0.7454076
0.7565469
0.7931911
0.8110921
0.8106928
0.7971331
0.8243456
0.862311
0.8552822
0.8402831
0.826254
0.814443
0.7984147
0.7749417
0.7606738
0.7579271
0.771159
0.7680274
0.7535929
0.7644577
0.7710395
0.7685003
0.7547794
0.7286287
0.7276171
0.7361439
0.7317286
0.7385893
0.7506409
0.7329936
0.7164931
0.7402728
0.7348817
0.7233114
0.7528338
0.764093
0.7604019
0.743733
0.7651532
0.8250195
0.8467854
0.8583307
0.8795775
0.8803532
0.8694871
0.8810394
0.8946516
0.879635
0.8483623
0.8534826
0.8463823
0.8196837
0.8234685
0.8095057
0.7899273
0.7606116
0.7229704
0.7100582
0.7091841
0.7242573
0.7460061
0.7330685
0.7097622
0.7333588
0.792246
0.8276723
0.8265509
0.8352643
0.8427959
0.8422961
0.8527704
0.8519731
0.8289355
0.8084225
0.8128529
0.8369477
0.8254994
0.782749
0.7858426
0.8209452
0.8518208
0.8756715
0.8763944
0.8183336
0.8158006
0.7985069
0.7289656
0.7907278
0.8274436
0.7836563
0.7400073
0.7169867
0.6906715
0.6870682
0.8565072
0.9192328
0.7715105
0.6280381
0.6498098
0.8188074
0.7515518
0.6384109
0.6608343
0.6795265
0.7372313
0.7950198
0.8426575
0.8694663
0.8807734
0.8897399
0.8763909
0.8635297
0.8516537
0.8144937
0.8075489
0.819392
0.8339542
0.8341867
0.7978071
0.7689984
0.7681476
0.8147121
0.8636822
0.8917128
0.9120835
0.9141923
0.9243854
0.9082581
0.8563174
0.8454425
0.8448871
0.8358923
0.8430316
0.8399672
0.8348133
0.8304943
0.8217287
0.8052321
0.7865795
0.7999944
0.8223786
0.8341254
0.8509017
0.8681178
0.8825712
0.8888801
0.8923712
0.8886121
0.8888238
0.8719349
0.881052
0.835153
0.764995
0.835839
0.7701793
0.7036678
0.81969
0.837661
0.8001282
0.8033893
0.8283881
0.8628315
0.8779038
0.8878162
0.8884884
0.86797
0.8431137
0.8356374
0.8364908
0.8306771
0.8330157
0.8252217
0.8231443
0.8483724
0.8484564
0.838673
0.8527125
0.845677
0.8233156
0.8342019
0.8385951
0.7989598
0.7818651
0.8000328
0.8269982
0.8237849
0.8025271
0.8292236
0.8359136
0.8217475
0.8377796
0.8570334
0.8739018
0.8487242
0.8158359
0.8105144
0.8051285
0.8081122
0.808358
0.8204191
0.8328419
0.8191389
0.8159951
0.8005749
0.7792296
0.7879481
0.7833606
0.7779795
0.7581834
0.7346324
0.7328499
0.7328567
0.7335044
0.7486668
0.7709094
0.7779046
0.7707919
0.7612557
0.788589
0.8222323
0.8157054
0.8093779
0.8013603
0.7682526
0.7653201
0.8101495
0.8285954
0.8007751
0.8019113
0.8235687
0.8359745
0.8585566
0.8674691
0.853041
0.8607902
0.880658
0.8763405
0.8772085
0.905095
0.9113141
0.8870597
0.8837809
0.8602393
0.8132669
0.8075862
0.799284
0.7785314
0.7844712
0.7838316
0.7694106
0.7632157
0.7705907
0.7764421
0.7691361
0.7724018
0.790641
0.8015413
0.815611
0.8291843
0.8363432
0.8285508
0.8071147
0.7929918
0.7654891
0.7469795
0.7688109
0.825029
0.8587567
0.8589135
0.853867
0.843825
0.8479819
0.8600459
0.8808489
0.8777309
0.833331
0.8243459
0.8641254
0.897754
0.9112402
0.9024096
0.9118719
0.9297334
0.9219543
0.9210877
0.9354814
0.941014
0.9364216
0.9254716
0.8900519
0.8633443
0.871992
0.8683771
0.8496593
0.8592979
0.8854927
0.8725889
0.8179203
0.792677
0.8068913
0.8003491
0.769885
0.7958369
0.8068658
0.7693013
0.8041795
0.8483173
0.8328984
0.8212881
0.8352223
0.8246836
0.7954353
0.8100797
0.8232496
0.7950541
0.7912135
0.7987166
0.7873626
0.7933936
0.816671
0.8324755
0.8249108
0.8032106
0.8029293
0.8130265
0.818533
0.8339541
0.8249836
0.8093781
0.8233866
0.82784
0.8274188
0.8295969
0.8257516
0.8554402
0.8820421
0.8480819
0.8092832
0.806113
0.8147357
0.8044157
0.8134793
0.8226354
0.7741662
0.73278
0.7125023
0.6866241
0.6668992
0.6968187
0.7364932
0.742657
0.758181
0.7773676
0.7926741
0.8217365
0.8430332
0.8272865
0.8158489
0.8207397
0.8156144
0.8021514
0.8092541
0.8297549
0.8301091
0.8411557
0.8615683
0.8414262
0.813788
0.7826259
0.7509009
0.7755209
0.7855131
0.7674959
0.7841561
0.8157706
0.8349946
0.829646
0.8281165
0.8484266
0.8545305
0.8381374
0.8345463
0.8307482
0.8090697
0.8038501
0.799301
0.794524
0.8131185
0.8479535
0.8349209
0.8099436
0.7909958
0.7827442
0.803164
0.7392904
0.6741441
0.6955602
0.7476943
0.8308027
0.8348682
0.6902028
0.6370884
0.6596049
0.6537014
0.6905006
0.7317692
0.7517092
0.7718317
0.796061
0.7943028
0.7621216
0.7651736
0.762977
0.7810078
0.7911754
0.7923445
0.8344853
0.7392649
0.6794333
0.7015165
0.7112276
0.7489897
0.7856799
0.7902607
0.7590165
0.7612395
0.748975
0.7133436
0.6907101
0.664901
0.6462428
0.6354429
0.6293703
0.6350579
0.6270701
0.6154147
0.6354457
0.6668999
0.7155723
0.7437968
0.7852284
0.7261335
0.6787399
0.8225752
0.8252019
0.8190994
0.8874605
0.9023325
0.9224257
0.9339069
0.9245619
0.9015237
0.898504
0.8999384
0.89494
0.863377
0.8368361
0.840097
0.8641668
0.8751923
0.8808857
0.9049788
0.8967436
0.8672942
0.8488273
0.8322507
0.783248
0.7420804
0.763163
0.76451
0.7367434
0.7157145
0.7149689
0.7434312
0.768847
0.7860026
0.7986743
0.8094485
0.7925022
0.7576575
0.7590036
0.7782222
0.7886209
0.801833
0.8135558
0.828383
0.8269628
0.7999942
0.8021204
0.8260687
0.8329392
0.8411997
0.8675737
0.9014444
0.8964326
0.8525911
0.8362931
0.8600516
0.8645728
0.8430536
0.8470094
0.8218543
0.7716361
0.7543503
0.7489143
0.7572779
0.7778151
0.8070055
0.8126926
0.7828594
0.7704256
0.7728589
0.7613887
0.7448261
0.7469297
0.7493476
0.7345584
0.7362784
0.7557599
0.7964398
0.8496872
0.859612
0.8623276
0.8714042
0.8630206
0.8802597
0.8918652
0.888421
0.8920384
0.8943661
0.8805221
0.8442187
0.8237079
0.8134478
0.7989491
0.7723798
0.7653548
0.783576
0.7779786
0.7724769
0.7670785
0.7602109
0.7613443
0.7888887
0.8023963
0.7750004
0.7878519
0.7845952
0.7496079
0.7476791
0.7527755
0.7499315
0.7518659
0.7700525
0.7734699
0.7602514
0.7682693
0.7907354
0.8087948
0.8009392
0.7866474
0.7895851
0.7720177
0.7320104
0.7333237
0.7499598
0.7880184
0.8457064
0.8351259
0.7931196
0.7494831
0.7179506
0.7000554
0.6863846
0.674348
0.6596372
0.6521392
0.6462549
0.6392308
0.6669517
0.7261936
0.7532648
0.78586
0.8034287
0.7665324
0.7350812
0.7133291
0.7124659
0.7575945
0.8000643
0.8176497
0.8088509
0.7839485
0.7928175
0.8203912
0.8529237
0.8779713
0.9009112
0.9007695
0.8502291
0.8176707
0.8145358
0.8246572
0.8363116
0.8476905
0.8638077
0.8573063
0.8606155
0.8522278
0.7925097
0.7752334
0.8038706
0.8051355
0.7912599
0.8142352
0.8685817
0.9069103
0.9199252
0.9097959
0.8726286
0.825942
0.7974033
0.7748872
0.7640558
0.7764535
0.7756428
0.7473608
0.738708
0.7671382
0.7647634
0.7567385
0.7767159
0.7823113
0.7898686
0.7935415
0.7824944
0.7658821
0.7397348
0.7214818
0.7133725
0.6980071
0.7060886
0.7573772
0.809215
0.8589733
0.8876084
0.8822177
0.8814435
0.8719776
0.8693201
0.8518148
0.8094231
0.8076246
0.8052689
0.7771139
0.7864627
0.7870341
0.7684464
0.7948197
0.8309436
0.8404869
0.8131937
0.8252834
0.8562302
0.8481343
0.8495001
0.8329769
0.8187931
0.8234231
0.8194526
0.8101038
0.8248875
0.8267578
0.7984062
0.7883626
0.7632809
0.740297
0.7249292
0.7087601
0.7160246
0.7220611
0.7088179
0.722104
0.7505775
0.76976
0.8291469
0.888995
0.8851377
0.8471236
0.8376255
0.8208578
0.7857193
0.7786688
0.7786896
0.7745084
0.7658174
0.7545888
0.7675597
0.7824995
0.7605463
0.7529205
0.7635388
0.7683934
0.8050296
0.8325891
0.8206189
0.8349497
0.8562136
0.8407452
0.8498951
0.853924
0.8258697
0.8185226
0.8088383
0.7942869
0.7952229
0.7817457
0.7638157
0.7891952
0.8081115
0.7952242
0.8003408
0.8061694
0.7888798
0.775482
0.7766993
0.7792614
0.8119593
0.8202423
0.7950186
0.8222593
0.8617569
0.8855713
0.8699357
0.828873
0.8163292
0.8090213
0.7904377
0.7698966
0.7632343
0.75217
0.7369913
0.73974
0.7570678
0.794217
0.8002089
0.7773157
0.7820795
0.7786616
0.774521
0.7837029
0.7953316
0.7797626
0.7663733
0.734544
0.7733458
0.8593865
0.7748517
0.7339727
0.7779177
0.7942799
0.8216887
0.8415455
0.8388383
0.8223199
0.8244955
0.8233371
0.8139629
0.8259972
0.8290996
0.8216941
0.8357811
0.8351945
0.8203216
0.823017
0.8401708
0.8565608
0.8693248
0.8605117
0.837112
0.8255099
0.8351061
0.8442278
0.8187898
0.797646
0.7993281
0.801779
0.7895657
0.7692323
0.7724567
0.7792288
0.7760334
0.7659804
0.7448347
0.7423169
0.7439722
0.7401617
0.7434543
0.7536595
0.7776859
0.7986449
0.8066574
0.7994314
0.8092826
0.8301683
0.8156423
0.7825914
0.7737285
0.7705519
0.7526088
0.7408873
0.7296698
0.7434078
0.7564402
0.7630318
0.7180515
0.746631
0.940784
0.8969064
0.7110293
0.6971983
0.7272019
0.731706
0.7520595
0.8045699
0.803102
0.7575747
0.7452545
0.7631012
0.7816134
0.7761399
0.7644507
0.7786967
0.7898269
0.7782524
0.7923819
0.8215741
0.8135399
0.7885568
0.7990968
0.8069679
0.8038023
0.8004029
0.7884936
0.7967376
0.7916207
0.7770198
0.7902812
0.7922227
0.78646
0.8065909
0.8341415
0.8420528
0.8273674
0.8356357
0.8466513
0.8368657
0.8299168
0.824458
0.8236591
0.8120863
0.8224882
0.8295888
0.8105775
0.8135802
0.7860372
0.7516195
0.7557985
0.775413
0.7853542
0.7713507
0.7624871
0.7503271
0.7355862
0.7327582
0.7533723
0.7611411
0.7448001
0.7472415
0.7597831
0.7665865
0.769649
0.7999961
0.8158263
0.8100727
0.8252366
0.8404605
0.8357365
0.8109483
0.8053979
0.8181926
0.8055293
0.7770826
0.7818075
0.7952194
0.7953516
0.7905572
0.7933332
0.8002093
0.7770806
0.7994309
0.8254442
0.8047495
0.8343686
0.8634573
0.86255
0.8446486
0.7858334
0.7724845
0.8083983
0.8011636
0.7864891
0.794224
0.7942489
0.7875705
0.787285
0.7935512
0.8085327
0.8211318
0.8007184
0.7860364
0.8136769
0.8282279
0.8272252
0.8498121
0.8698852
0.8535766
0.8302172
0.8316012
0.8291785
0.8035969
0.7641655
0.7329381
0.7176399
0.7005981
0.6954161
0.7051438
0.7052841
0.7253965
0.7593883
0.802824
0.8280402
0.8184176
0.8449407
0.8560766
0.8378011
0.8371857
0.8167333
0.7840573
0.750007
0.7326958
0.7424597
0.7770006
0.813775
0.8370213
0.8668807
0.8872115
0.8853539
0.8684972
0.8818399
0.9014888
0.8954731
0.8750433
0.8644821
0.8484107
0.8226763
0.8386387
0.8595709
0.8466449
0.8185364
0.817098
0.8196935
0.7890007
0.7739574
0.7971179
0.8040986
0.7826874
0.75373
0.7259802
0.6983189
0.6681133
0.6530535
0.6489349
0.6674682
0.7263929
0.7679079
0.8042445
0.8394876
0.837891
0.871441
0.8806582
0.8533909
0.8623886
0.8439337
0.812359
0.7993035
0.7770645
0.7668354
0.7830572
0.7833707
0.7753182
0.7870854
0.7939986
0.8154525
0.8225843
0.79468
0.7905675
0.7939794
0.7717687
0.7438843
0.7344059
0.7432369
0.737592
0.7170011
0.7333003
0.7449024
0.7099835
0.6784925
0.6570974
0.6386209
0.6319021
0.6368014
0.6683035
0.6984482
0.7377689
0.7837134
0.8007528
0.8054813
0.7912868
0.7780457
0.7690723
0.7955527
0.8195614
0.8097545
0.82117
0.8228808
0.7960557
0.784634
0.7983279
0.7993751
0.8334039
0.8645084
0.8586802
0.8688167
0.8630024
0.8348166
0.7973887
0.7962356
0.8521666
0.8917001
0.8979157
0.8944459
0.8710934
0.8473232
0.8522945
0.8559487
0.8676585
0.9099644
0.8987638
0.8304816
0.7712258
0.7590355
0.80147
0.8574551
0.9169951
0.9575503
0.9732837
0.97545
0.9700137
0.940259
0.8069936
0.7702673
0.8916637
0.8930632
0.8338063
0.8223732
0.8193335
0.8181565
0.8028633
0.7747651
0.7779043
0.7982421
0.807435
0.8046202
0.7878514
0.7762193
0.7669606
0.7802388
0.8181638
0.843058
0.8565126
0.8609666
0.8376191
0.8115029
0.792082
0.7644682
0.7832175
0.8403692
0.8124502
0.7472827
0.7221896
0.7040748
0.6900977
0.6790378
0.674517
0.6665661
0.6527294
0.6412208
0.6510853
0.6784568
0.689251
0.6933326
0.7171694
0.753665
0.7860686
0.8181654
0.8349881
0.8015525
0.7712362
0.7991193
0.8041081
0.7571838
0.7194998
0.7108856
0.7128453
0.723323
0.7368282
0.7578098
0.7774059
0.7884786
0.8231256
0.8482665
0.852091
0.870043
0.8687961
0.8393922
0.8339492
0.8488581
0.8543393
0.8348243
0.8004425
0.7998588
0.8334475
0.8572086
0.8710926
0.8733823
0.8683722
0.8907664
0.8940807
0.8567849
0.8495199
0.84552
0.8302503
0.8317498
0.8030634
0.7617952
0.7728724
0.7923464
0.7744941
0.7700846
0.8122542
0.8566411
0.8411412
0.7937049
0.8191425
0.8752478
0.8821695
0.9017495
0.9291579
0.9334994
0.9367254
0.9210547
0.8850147
0.8790958
0.8872829
0.895323
0.8862663
0.8592483
0.865779
0.8811242
0.8858516
0.8700001
0.8586203
0.8768893
0.885591
0.8871776
0.8946783
0.8946735
0.8983649
0.9026605
0.8738153
0.8435599
0.8566398
0.8735665
0.8778974
0.8659166
0.8107053
0.76352
0.7620846
0.7792774
0.7974656
0.8124535
0.8310035
0.8428297
0.8509453
0.8738399
0.8918603
0.8993252
0.9165162
0.9202184
0.8871668
0.8433069
0.7849717
0.7471308
0.8098069
0.8804197
0.9008956
0.9240744
0.9089073
0.8527875
0.8345132
0.8340684
0.7986586
0.8039068
0.8408767
0.848211
0.8579558
0.8433016
0.8138822
0.8375373
0.8677339
0.8443369
0.8194333
0.8484937
0.8731101
0.8793456
0.8940978
0.9005863
0.9033348
0.9057042
0.9049244
0.9000105
0.9006398
0.9107062
0.8986077
0.8770832
0.8943177
0.9146034
0.9109479
0.9164697
0.9031205
0.8679898
0.8843343
0.9014198
0.8998574
0.8899884
0.8578105
0.8644932
0.8779145
0.8805378
0.8952904
0.8807935
0.8560398
0.856823
0.860634
0.8381311
0.8060977
0.8205847
0.8514633
0.8679716
0.8778987
0.8625639
0.8525334
0.8658323
0.872055
0.8579072
0.82964
0.8197532
0.8333307
0.8577275
0.8799887
0.8821757
0.8914031
0.9088901
0.8966817
0.8724804
0.8707274
0.8679574
0.8597877
0.8302066
0.7896391
0.799879
0.8218403
0.8355716
0.8523369
0.8318185
0.8221741
0.8419381
0.8440905
0.8245956
0.7912569
0.7970187
0.8328839
0.8502617
0.861997
0.8446769
0.8142673
0.8296197
0.8366105
0.8252185
0.805023
0.7701901
0.7758742
0.7798848
0.7721122
0.7783723
0.7740232
0.7896949
0.8044949
0.8025473
0.822749
0.8518995
0.8736732
0.8902002
0.8767631
0.8476151
0.8626738
0.8858995
0.8827419
0.8561418
0.8311435
0.8423984
0.8652879
0.891362
0.9158172
0.9041948
0.8883471
0.9111963
0.9320495
0.9303206
0.9249218
0.9243448
0.9021011
0.8581626
0.8358576
0.8331959
0.8397203
0.8564398
0.8600122
0.8378154
0.7952016
0.7673386
0.7815646
0.8089182
0.8153951
0.7966265
0.7962989
0.8237035
0.8412537
0.847607
0.8557179
0.8740346
0.8608916
0.8247547
0.829964
0.8521048
0.8659506
0.8800173
0.8906526
0.887189
0.8851161
0.8937042
0.9013791
0.8782898
0.8416061
0.8480512
0.8699199
0.8865568
0.8593365
0.8272574
0.8532831
0.8679804
0.8704669
0.8865179
0.8790102
0.8602766
0.872729
0.8919835
0.8978954
0.866262
0.8323389
0.855038
0.8853933
0.8972191
0.8968847
0.8758233
0.8600244
0.8810116
0.907537
0.9148902
0.9339146
0.9387863
0.894302
0.88089
0.9015109
0.9142568
0.9001395
0.8608017
0.8659542
0.881374
0.8738787
0.871398
0.8783176
0.8625741
0.8330829
0.8434703
0.8606988
0.865858
0.8481736
0.8386572
0.8709231
0.8789362
0.8771724
0.8690476
0.8517658
0.8657183
0.8865208
0.9038763
0.9217851
0.9182943
0.897835
0.8881761
0.8911462
0.8945805
0.9010088
0.8928633
0.8584963
0.8487425
0.8557928
0.8559436
0.8630548
0.8542683
0.849872
0.8695269
0.8801174
0.8801207
0.8628137
0.8373956
0.8415133
0.8533978
0.8590312
0.8745874
0.8696282
0.8506793
0.8611155
0.8687991
0.870673
0.8594749
0.8338546
0.8413075
0.8529754
0.8558091
0.841608
0.7978549
0.7536325
0.7546568
0.7728684
0.7625997
0.7708917
0.7673696
0.743188
0.7461165
0.7708848
0.7916963
0.7970956
0.8031855
0.8117999
0.816837
0.8103047
0.8169443
0.8350135
0.8306617
0.8233506
0.8256518
0.8283921
0.8282608
0.8291993
0.8292465
0.821483
0.8182676
0.8116194
0.7865487
0.7735586
0.8005556
0.830658
0.8399292
0.8495171
0.8366679
0.8197137
0.8319908
0.8487813
0.8475433
0.823751
0.8178428
0.8282902
0.8329677
0.8131929
0.7880833
0.8050864
0.8295293
0.8270084
0.8121515
0.831276
0.8525202
0.8591395
0.8539545
0.8310845
0.852558
0.8637098
0.829202
0.8150334
0.788417
0.7420471
0.7256534
0.7119277
0.7108237
0.7205704
0.7199399
0.7251683
0.7318802
0.740246
0.7542198
0.7705647
0.776558
0.7778198
0.7720613
0.7559664
0.7567922
0.7641374
0.7507436
0.7418506
0.74257
0.7228518
0.7082685
0.7148451
0.7176423
0.719803
0.7228446
0.7310532
0.7300795
0.7153339
0.7192198
0.7333031
0.7482669
0.7642732
0.7745857
0.7867511
0.7910854
0.7916836
0.7813983
0.7369087
0.7040078
0.6923148
0.6736239
0.6521429
0.636731
0.6359385
0.6309489
0.6228338
0.6288785
0.6421748
0.6591615
0.6653637
0.6576411
0.6537596
0.6509531
0.6483562
0.6441662
0.6369967
0.6287238
0.6172139
0.6081014
0.6063616
0.6108309
0.6149384
0.6148493
0.607608
0.5998838
0.5949154
0.5903254
0.5865163
0.5826344
0.5815056
0.5814698
0.5815691
0.5847135
0.5880211
0.5822901
0.5774979
0.5771872
0.5715671
0.5656469
0.5646599
0.5685479
0.5722216
0.5693141
0.567238
0.5663335
0.5628194
0.560113
0.5546653
0.5507146
0.5491584
0.5491298
0.5507567
0.5501176
0.5489525
0.5446456
0.5463956
0.5463763
0.5491463
0.5445539
0.5430745
0.5669767
0.5619143
0.551645
0.5541436
0.5515278
0.5521417
0.5532399
0.5521472
0.5470422
0.5451027
0.543822
0.5411013
0.5412817
0.5413204
0.5399263
0.5388619
0.5350611
0.5365773
0.5377478
0.5333379
0.529653
0.5275201
0.5252974
0.5262168
0.5284028
0.5287876
0.5301224
0.5286737
0.5298022
0.5295792
0.5301201
0.5334779
0.5335803
0.5344416
0.5322099
0.5290394
0.5268106
0.5265468
0.5283098
0.5275693
0.5276369
0.5259743
0.5210726
0.5203185
0.5214943
0.5171056
0.5155989
0.5158861
0.5155647
0.5127179
0.5122508
0.50619
0.5160499
0.4820832
0.465633
0.5380308
0.5219661
0.4959907
0.5047161
0.4957047
0.4980762
0.4945166
0.4953547
0.4957244
0.4928544
0.4917535
0.495109
0.4923868
0.4868168
0.4865384
0.4894425
0.4903677
0.4896485
0.4849111
0.4839254
0.4810373
0.594873
0.6613132
0.5145412
0.4670898
0.4885548
0.4751157
0.4801657
0.4766484
0.4747036
0.4718484
0.4741434
0.4735611
0.4704695
0.4686323
0.4706755
0.4730518
0.4729604
0.4719282
0.4689812
0.4683545
0.4694967
0.4706538
0.4711231
0.4688058
0.4662389
0.4670756
0.4664561
0.4649149
0.4648723
0.4642828
0.4635466
0.4626019
0.4645556
0.4640247
0.4633835
0.4632634
0.4619653
0.4608223
0.460474
0.4613601
0.4595178
0.4598321
0.4620154
0.4618937
0.4611293
0.4597866
0.4593982
0.4617011
0.4608685
0.4583878
0.4597629
0.4610802
0.4598027
0.4605257
0.46337
0.4623237
0.4598299
0.4592149
0.460993
0.4605663
0.4598431
0.4620577
0.4640142
0.4625531
0.4653267
0.4711113
0.4696899
0.4707734
0.4661621
0.4675341
0.4665176
0.4777208
0.4566316
0.4416621
0.4896956
0.4764804
0.4622347
0.4693
0.4638432
0.4657957
0.4619535
0.4605552
0.461146
0.4633199
0.4618271
0.4622255
0.4593793
0.459309
0.462329
0.4616416
0.460321
0.4586829
0.461817
0.4624155
0.462274
0.4720875
0.4748014
0.4728132
0.4750144
0.4771511
0.4864382
0.4926475
0.4870167
0.480193
0.4769782
0.476097
0.4747821
0.4800319
0.4784308
0.4737851
0.4823989
0.4858746
0.4932651
0.4972339
0.5001566
0.4967887
0.4898935
0.5069532
0.5119237
0.5004648
0.4958715
0.4985611
0.5009774
0.4990225
0.4936128
0.4910528
0.5005551
0.5053388
0.5041351
0.5101535
0.5087774
0.5039248
0.5005265
0.4947735
0.4945056
0.4975669
0.4980931
0.497085
0.4956967
0.4945467
0.4954239
0.4955234
0.4977543
0.5111462
0.5250023
0.5187236
0.5237433
0.5422093
0.5418506
0.5410419
0.546754
0.5412678
0.5289938
0.5268098
0.5288304
0.5282554
0.5254203
0.5173515
0.5121828
0.5151408
0.516351
0.5159914
0.5223784
0.524837
0.5257885
0.5243318
0.516919
0.5143404
0.5203016
0.5338581
0.5391048
0.5427648
0.5541849
0.5513617
0.546921
0.5506599
0.5402673
0.5320333
0.5370667
0.5485101
0.5554363
0.5525851
0.5459992
0.5505972
0.5692949
0.5777294
0.5672493
0.5567722
0.5663204
0.585616
0.5965665
0.5859769
0.5687824
0.5592692
0.5776209
0.5965499
0.5973671
0.5708277
0.5168707
0.6100697
0.6839425
0.5823483
0.5542723
0.5808801
0.575601
0.566516
0.5540053
0.5560053
0.571398
0.5715943
0.5624246
0.5781889
0.613233
0.6315827
0.6238479
0.5944327
0.5697906
0.5852161
0.591849
0.591331
0.5960409
0.5860334
0.5881749
0.5749999
0.5908943
0.6396843
0.621686
0.5883214
0.5881784
0.6006539
0.5811362
0.5755438
0.6346014
0.6484841
0.6221886
0.6028758
0.6031251
0.6408282
0.6882438
0.7122083
0.6994641
0.6622837
0.6652019
0.6582729
0.6188185
0.6349595
0.633393
0.6323049
0.66004
0.6618813
0.6385387
0.6340297
0.6629289
0.6653132
0.6394639
0.6238383
0.6100539
0.5982645
0.6009446
0.591574
0.5774004
0.5703806
0.5594228
0.5734071
0.6168758
0.6441295
0.6484434
0.6451842
0.6232127
0.6081162
0.6293951
0.6567332
0.67073
0.6602195
0.6274847
0.617179
0.6384957
0.6844284
0.7250912
0.7172707
0.6903511
0.7199991
0.7776021
0.7654306
0.7233827
0.6885676
0.6691027
0.660359
0.6455378
0.6473181
0.6834529
0.7265066
0.710275
0.6905775
0.7163729
0.7349106
0.7091269
0.6637693
0.667519
0.7002526
0.6960795
0.6647181
0.6390895
0.6499557
0.6967971
0.7154771
0.6873022
0.6633661
0.6825142
0.7306677
0.7311138
0.6852116
0.6584877
0.6798943
0.7308425
0.7310655
0.6929825
0.6795746
0.7161446
0.7475958
0.7104185
0.6780778
0.6845203
0.6998163
0.7114617
0.6942095
0.6603678
0.6628943
0.715087
0.7545923
0.729957
0.6865076
0.6810375
0.7044686
0.7079154
0.6815535
0.6538343
0.6402725
0.6545608
0.6764033
0.6673732
0.6410216
0.6302258
0.6541972
0.6962932
0.7057729
0.680491
0.6463049
0.6431781
0.6884483
0.7160611
0.7031514
0.6705581
0.6623017
0.749965
0.8176602
0.7650092
0.7111989
0.6721516
0.6436067
0.6760765
0.7048502
0.6906906
0.6700884
0.6647434
0.7108576
0.7810874
0.7804902
0.7452778
0.706587
0.7167005
0.7918812
0.8128095
0.7876323
0.7596273
0.7276988
0.6926451
0.6658868
0.647461
0.6381539
0.6549913
0.6774577
0.6855789
0.6721047
0.6536901
0.6646122
0.691803
0.6930419
0.7332246
0.8059439
0.8017697
0.7449599
0.6760312
0.6259696
0.6039948
0.5909876
0.5769179
0.5743957
0.6092351
0.6810362
0.7694458
0.8189666
0.8473942
0.8617606
0.857073
0.8509409
0.8003518
0.7202386
0.6781896
0.6833682
0.712615
0.7547639
0.7823161
0.7983923
0.7959435
0.7736228
0.7787038
0.7940536
0.791275
0.7704959
0.7586793
0.7773658
0.7988886
0.7940769
0.7520263
0.7355729
0.7691049
0.8167021
0.816438
0.7717298
0.7740693
0.7951055
0.7731847
0.7403757
0.7394276
0.7578098
0.7770425
0.7524817
0.707878
0.7118953
0.7510398
0.7631734
0.7331643
0.6934763
0.6941437
0.7567785
0.8069875
0.8024687
0.7634307
0.7492993
0.7774328
0.8136932
0.8211388
0.7843603
0.7605049
0.7712867
0.7740782
0.7519232
0.7289935
0.7429879
0.7984037
0.847542
0.8338826
0.7804991
0.768487
0.7811299
0.7920738
0.7747367
0.7373345
0.748748
0.7937116
0.8198405
0.8019615
0.7853729
0.8084841
0.8350207
0.8066812
0.7708232
0.7838313
0.8098922
0.7917139
0.7558086
0.7721889
0.8056129
0.811699
0.783354
0.754544
0.7546063
0.7888524
0.7980439
0.7556096
0.7439901
0.7626017
0.769578
0.7348381
0.6885238
0.6857064
0.6953823
0.7044664
0.7092285
0.6838998
0.6690815
0.6885578
0.7156019
0.7198296
0.6901603
0.6854889
0.6998736
0.7159415
0.7210907
0.7034736
0.7128074
0.7487174
0.7814191
0.7585809
0.7331449
0.7473101
0.776859
0.8171008
0.8076983
0.798527
0.8339563
0.8651089
0.8499352
0.7903301
0.7594358
0.772432
0.7745519
0.7585511
0.7333774
0.7176962
0.7425048
0.769528
0.7695932
0.7569433
0.7467831
0.7342388
0.735161
0.7364813
0.7110525
0.7323463
0.7945766
0.8363397
0.8598131
0.8550534
0.8265762
0.8100567
0.8156444
0.8116421
0.7801716
0.7725306
0.802766
0.8441101
0.8648371
0.8359811
0.819508
0.8197696
0.8322419
0.8134455
0.802719
0.7071604
0.6343631
0.7902571
0.8074833
0.7711186
0.8046597
0.81289
0.8383829
0.8375667
0.8118554
0.762194
0.7452061
0.7518933
0.7657658
0.7706233
0.7447424
0.7323119
0.7553818
0.7935149
0.8103388
0.8111132
0.8035552
0.7800978
0.7752095
0.7995711
0.8258508
0.8304371
0.8162981
0.8108883
0.8182764
0.8311366
0.8366776
0.8425423
0.8381556
0.8107125
0.8024438
0.808961
0.8111806
0.8125926
0.8202986
0.8277872
0.821693
0.8225619
0.8298623
0.8333065
0.8286718
0.8064983
0.7921586
0.7882899
0.7875969
0.7719361
0.755443
0.7705098
0.7654083
0.7506547
0.7419174
0.7469658
0.751049
0.7191359
0.6977954
0.7209732
0.7711036
0.7805215
0.7406497
0.724705
0.727968
0.7526167
0.7118974
0.7052282
0.7066877
0.6458539
0.7396246
0.7308761
0.6555997
0.6547857
0.6426316
0.6701381
0.7026171
0.7211561
0.7445873
0.7721003
0.7779222
0.77962
0.7807812
0.7818028
0.7568734
0.7258019
0.7123868
0.7095402
0.7199302
0.7574653
0.739254
0.7545658
0.6823766
0.637572
0.8059898
0.7508463
0.6863278
0.7097861
0.6760633
0.6878969
0.7102539
0.7460098
0.753771
0.7346055
0.7496273
0.7886766
0.8135198
0.8170319
0.7913325
0.7730904
0.7633882
0.7485958
0.7344931
0.7170672
0.6982227
0.706333
0.7241343
0.7234463
0.7274705
0.7372169
0.7392852
0.7456683
0.7423546
0.7206847
0.7127234
0.7205337
0.7214852
0.7225029
0.7413961
0.7417473
0.7163957
0.7194613
0.7528868
0.7476873
0.7215256
0.7388529
0.7791989
0.803003
0.7943708
0.7919067
0.8111026
0.8354299
0.8544805
0.8579659
0.8604858
0.8485347
0.82413
0.8170324
0.8232063
0.8295757
0.8356065
0.8433969
0.8337597
0.8073086
0.7928938
0.7856622
0.7844135
0.8003222
0.7890751
0.7484231
0.743892
0.7677948
0.7926154
0.7956773
0.7554609
0.7470943
0.7835573
0.7710646
0.7412729
0.772297
0.7908125
0.7822155
0.8028415
0.8085238
0.7794407
0.7450328
0.7462554
0.7664604
0.7801343
0.7864995
0.7660342
0.7431799
0.7552981
0.7850896
0.7686409
0.7269653
0.7033333
0.6793286
0.6706247
0.6814876
0.6823436
0.6727188
0.6811222
0.7202841
0.7626476
0.7853444
0.7874945
0.7606004
0.7399655
0.7496717
0.7418394
0.7112466
0.7130921
0.7368865
0.7388279
0.7169422
0.6818986
0.6797315
0.6910636
0.7009933
0.712071
0.6982344
0.7157724
0.7488626
0.772505
0.8039512
0.7964843
0.7756712
0.7641549
0.7351754
0.7490148
0.7996832
0.8327618
0.8400728
0.8347599
0.8551175
0.8805397
0.9046663
0.8978623
0.8603692
0.8558841
0.8619796
0.8748746
0.9073371
0.9159313
0.9102981
0.8999775
0.871869
0.8722973
0.8892846
0.8938188
0.8700945
0.8560099
0.8731861
0.8817039
0.8669491
0.8255891
0.8296701
0.8475248
0.849616
0.8500703
0.8244953
0.8280101
0.843778
0.8571846
0.8686476
0.8470275
0.8375828
0.8378302
0.8421912
0.8356349
0.8094688
0.8158652
0.8295726
0.8440733
0.8370035
0.8053213
0.8046252
0.8313201
0.8431671
0.8184897
0.815101
0.8369755
0.8455432
0.8147865
0.7547978
0.7348447
0.744655
0.7571261
0.7567348
0.738523
0.7492774
0.7766799
0.7831532
0.7576363
0.7259196
0.7225133
0.7156933
0.7102448
0.7115278
0.6936799
0.6828536
0.6782721
0.6579393
0.6457042
0.6459723
0.6418922
0.6405303
0.644623
0.6582279
0.6573971
0.6447281
0.6411014
0.6258409
0.61241
0.610562
0.6106728
0.6088927
0.6075925
0.6103509
0.607068
0.6057171
0.6000411
0.5975353
0.5971077
0.6062608
0.5751163
0.6317763
0.7907917
0.7922676
0.7355211
0.6907892
0.7415141
0.8171388
0.7572733
0.7863898
