0.943708
0.9532036
0.9561984
0.9750764
0.9768422
0.9837858
1.00175
0.9962363
1.006437
1.020274
1.018351
1.005914
1.002806
1.002802
0.9869127
1.000482
0.9973603
0.9825647
0.9999028
1.005377
1.013637
1.011222
1.011168
1.0003
0.9880908
0.9855381
0.9783429
0.9584339
0.9522369
0.9460985
0.9283392
0.9336597
0.9091972
0.9319283
0.9426816
0.9235538
0.9511428
0.9557325
0.9548102
0.9614448
0.9526737
0.9587782
0.9569304
0.9509218
0.9497352
0.9318444
0.9280659
0.9295829
0.9374375
0.9243291
0.9131031
0.9461375
0.9584325
0.9542589
0.9645799
0.9667173
0.9757091
0.9792936
0.9737387
0.9816506
0.9832988
0.9690763
0.9690471
0.9866959
0.9866982
0.9981126
0.9956071
0.9657898
0.9816338
0.9812269
0.9585626
0.9602151
0.9463712
0.9465198
0.9499341
0.9391087
0.9613381
0.9753472
0.9799773
0.9724106
0.9607717
0.9781047
0.9692547
0.9749181
0.9742396
0.9613092
0.9548222
0.9435402
0.9466128
0.9380006
0.9439202
0.9345441
0.935033
0.9409645
0.9314023
0.9435196
0.9398967
0.9479161
0.9496024
0.9441224
0.9470392
0.9419545
0.9460176
0.9421758
0.9330757
0.9281092
0.9394248
0.929834
0.9209856
0.9356802
0.9137917
0.9084872
0.90883
0.9065789
0.9431062
0.9489716
0.9549639
0.974534
0.9771816
0.9879614
0.9877335
0.9886974
0.9876605
0.9646632
0.972241
0.980977
0.9518027
0.9559338
0.9536527
0.9328002
0.9229037
0.9201462
0.9267972
0.9187027
0.9398887
0.9492742
0.9484893
0.9533424
0.9488379
0.9629469
0.9594049
0.9663505
0.9627842
0.9545927
0.9605211
0.9585289
0.9642336
0.9688935
0.9785018
0.9735676
0.9728032
0.9718008
0.9593908
0.9675938
0.961961
0.9553846
0.9526784
0.9435841
0.9374677
0.9359678
0.9469101
0.9358936
0.9309431
0.9240111
0.9192656
0.9200405
0.9116899
0.9203785
0.9161941
0.918968
0.9174129
0.9207194
0.9252807
0.9252326
0.9364428
0.9356106
0.9566446
0.9624976
0.9616532
0.9645958
0.9481034
0.9602176
0.9691228
0.9651806
0.9660209
0.9678857
0.9747337
0.9715922
0.9814548
0.9859294
0.9940739
1.010832
1.004862
0.9715575
0.9435858
0.933119
0.8975233
0.8953644
0.8759234
0.8657693
0.9181389
0.9218119
0.9319163
0.9558114
0.9604252
0.9720816
0.9911993
0.9893012
0.9916464
1.022406
1.007747
0.970741
0.9729065
0.9520114
0.9243571
0.970014
0.9664147
0.9542526
0.9610854
0.9630641
0.9882349
0.9989389
1.009916
1.00338
1.01527
1.028189
1.035791
1.035385
1.062328
1.100104
1.071452
1.058667
1.065259
1.063984
1.070607
1.07787
1.079007
1.076759
1.076707
1.058959
1.05593
1.057687
1.053017
1.051625
1.044084
1.037285
1.035919
1.034916
1.025345
1.027647
1.023702
1.019972
1.017485
1.017302
1.010179
1.006727
1.012321
1.029895
1.059119
1.041972
1.022715
1.020385
1.015215
1.013556
1.00382
1.002716
1.009591
1.00935
1.010897
1.011786
1.029285
1.037685
1.036315
1.046953
1.053329
1.053762
1.05526
1.06454
1.070288
1.072512
1.072445
1.074859
1.072314
1.063894
1.057067
1.042115
1.032239
1.024648
1.017513
1.029326
1.035209
1.040157
1.042167
1.047902
1.050721
1.042489
1.038778
1.032706
1.031303
1.027426
1.028351
1.032177
1.03521
1.029477
1.026082
1.030145
1.02685
1.020871
1.023295
1.01881
1.015176
1.026409
1.040286
1.03835
1.075099
1.131531
1.095028
1.077406
1.091509
1.077622
1.072135
1.064927
1.064755
1.058972
1.053315
1.039542
1.030054
1.033741
1.032996
1.028916
1.031921
1.026334
1.018134
1.023869
1.022363
1.034886
1.031149
1.040163
1.029442
1.014509
1.02525
1.023691
1.00786
1.002716
1.013375
0.9999955
1.007879
1.020777
1.039146
1.033384
1.056091
1.096279
1.059193
1.038014
1.041369
1.036367
1.035315
1.028381
1.03204
1.028811
0.9392197
0.9470326
0.9759423
0.9022508
0.9112901
0.887727
0.9313488
0.9722927
0.9314293
1.00045
0.9981412
0.8509749
0.8615636
0.8886384
0.8222975
0.8641936
0.805719
0.7976947
0.8514097
0.8440368
0.85327
0.8244007
0.8507592
0.8580701
0.778979
0.7469393
0.7844892
0.7237004
0.7413958
0.7796819
0.7400102
0.7494863
0.7243646
0.7244453
0.7292429
0.7139477
0.721247
0.7285596
0.7054186
0.7240088
0.7380875
0.688047
0.6903439
0.7056372
0.6957201
0.697117
0.6879284
0.6824141
0.6817561
0.6799529
0.6761244
0.6706216
0.6724013
0.6712683
0.6700534
0.6685998
0.6633459
0.6699615
0.6711592
0.6638188
0.6617609
0.6563001
0.6617956
0.6682052
0.6502183
0.6524977
0.6536694
0.6540836
0.6641863
0.6589213
0.6573622
0.6586553
0.6592538
0.6598353
0.6611535
0.6573132
0.6520722
0.6588067
0.6641696
0.6542395
0.6566547
0.6550241
0.6465777
0.6512003
0.650455
0.649911
0.6486469
0.656788
0.6468706
0.6487123
0.6440143
0.6571408
0.6271524
0.6400858
0.673878
0.6344254
0.6735687
0.622962
0.6396073
0.6736613
0.6343217
0.6505632
0.6374532
0.6480313
0.6361088
0.6236997
0.6528828
0.6769998
0.615029
0.6334269
0.6733944
0.6299816
0.6682676
0.6237404
0.6385118
0.6733549
0.6294665
0.6740527
0.6289605
0.6410646
0.6730044
0.6333703
0.6658704
0.6218057
0.6278035
0.6402704
0.6526462
0.656542
0.6367713
0.6549185
0.6432432
0.6528409
0.6486157
0.6617617
0.6301341
0.6247396
0.6417523
0.6240956
0.6037752
0.5900502
0.5962253
0.5969208
0.5934984
0.5755487
0.5842141
0.5840958
0.5768408
0.5825961
0.5778594
0.5771056
0.5769975
0.5780185
0.5778386
0.5794984
0.5655127
0.5973095
0.5405156
0.5082487
0.6481647
0.5972782
0.5485016
0.5835704
0.5601865
0.5650373
0.5663671
0.5716453
0.5583852
0.5557009
0.5599444
0.5554924
0.5611368
0.5505169
0.5543558
0.5566034
0.5505623
0.555423
0.5539199
0.5572472
0.5460526
0.5491573
0.5660931
0.5546617
0.5570415
0.5625898
0.5587923
0.5648681
0.5603536
0.5710283
0.569278
0.5629303
0.5669566
0.5655868
0.5683009
0.5651972
0.5656837
0.5619946
0.5639199
0.5639674
0.5652787
0.5586355
0.5603307
0.5605469
0.5571992
0.5585509
0.5540848
0.5604197
0.5536972
0.5583911
0.5535097
0.5474669
0.5516344
0.5451386
0.5559116
0.5458374
0.5487888
0.5459766
0.5510954
0.6179666
0.5980368
0.5473247
0.5622426
0.5704855
0.5720851
0.5833664
0.5918911
0.572952
0.5777063
0.6195512
0.6365704
0.6499207
0.6692158
0.6696572
0.6716315
0.6886701
0.6814693
0.6867041
0.7033245
0.7017232
0.7203663
0.7194827
0.7265027
0.7312745
0.7180481
0.7415017
0.7504133
0.739588
0.7384315
0.7386995
0.7268951
0.7133238
0.7296093
0.7375796
0.7261872
0.7463806
0.7402752
0.7262308
0.7290427
0.7204834
0.7377133
0.7573435
0.7676113
0.7863257
0.8360066
0.8342284
0.8168944
0.8514623
0.8705463
0.8648265
0.8442302
0.8606176
0.8339938
0.815224
0.8770689
0.8413366
0.8387579
0.8953996
0.876464
0.8856403
0.8953073
0.8913018
0.9049533
0.9165776
0.9177926
0.9121089
0.9070562
0.9196407
0.9248878
0.9172202
0.917512
0.916632
0.926342
0.9300504
0.9357694
0.9458737
0.9509525
0.9540075
0.9547928
0.9620948
0.9611466
0.9528346
0.9530885
0.9540646
0.9581059
0.9594375
0.9588126
0.9657341
0.9704907
0.9730529
0.9776147
0.9749554
0.9736136
0.9751178
0.972741
0.9715225
0.9724395
0.9713911
0.9719479
0.9637936
0.973333
0.9769111
0.9842409
0.9949655
0.9946641
0.9992189
0.9972044
0.9931576
0.9850518
0.9811865
0.9753691
0.9779632
0.9818398
0.9875509
0.9930344
1.0006
1.013308
1.017929
1.011686
1.000139
0.9957972
0.9990708
0.9930835
0.9889589
0.9716018
0.9672059
0.9630073
0.957658
0.9672545
0.9757128
0.9999898
1.00866
1.027795
1.033311
1.041907
1.054273
1.052002
1.054195
1.046573
1.04757
1.040428
1.03808
1.042083
1.037889
1.038664
1.04206
1.041833
1.041235
1.04294
1.047149
1.042866
1.034711
1.031202
1.024552
1.025494
1.028698
1.032134
1.039442
1.038064
1.041989
1.049318
1.0474
1.038104
1.031697
1.032235
1.021659
1.007017
1.011304
1.023174
1.028675
1.026686
1.026102
1.022826
1.021446
1.023661
1.027392
1.019307
1.010966
1.003894
0.9984137
1.001146
1.004344
1.014947
1.009015
1.000779
1.002475
1.009872
0.9943623
1.005183
0.9894702
0.9470577
0.9725872
0.9384709
0.9335536
0.9563475
0.9451644
1.002564
1.047379
1.077083
1.079583
1.06606
1.057859
1.053643
1.052143
1.046651
1.052783
1.045351
1.048648
1.051284
1.050415
1.052163
1.049828
1.04379
1.039809
1.035563
1.026562
1.013929
1.019502
1.02283
1.016856
1.02606
1.027169
1.023051
1.037712
1.022356
0.9942283
0.9885586
0.9870988
0.9885511
0.9797125
0.9777499
0.98026
0.9894336
0.9977862
1.012685
1.03011
1.043689
1.031827
1.034155
1.015664
0.9662513
0.9514915
0.9244715
0.961307
1.031429
1.000128
1.009621
1.043169
0.9865193
1.00581
1.030422
0.9815916
0.9703644
0.9642158
0.9604562
0.9725449
0.9788427
0.9947883
0.9949101
0.9909618
1.001719
0.9813103
0.9606321
0.9852026
0.9909785
0.9532472
0.9233546
0.9019385
0.8573188
0.8593489
0.8575826
0.826378
0.8773356
0.8630646
0.8954623
0.9280287
0.9213355
1.001467
0.9911864
1.02703
0.9554081
0.9870562
1.058702
0.9840998
1.033153
0.9775449
0.9586312
1.039754
1.085082
1.054017
1.027349
1.009183
0.9834898
0.992501
0.979147
0.9628995
0.96499
0.9682432
0.9659366
0.9706218
0.9747624
0.9844377
0.9888014
0.9985254
1.004782
1.001952
0.9825665
0.975182
0.9792819
0.983239
0.9905993
0.9908073
0.9974672
0.9942115
0.9956002
0.9954229
0.977702
0.9915008
0.9572206
0.9320161
0.955933
0.9644969
0.9283532
0.956594
0.9911227
0.93566
0.9890491
0.9438316
0.9787476
1.032681
1.000835
1.018921
1.019471
1.055927
1.0301
1.022833
0.9950699
1.006125
0.9495385
0.971042
1.091863
1.034412
1.018722
1.040051
1.041026
1.045239
1.051737
1.062764
1.063665
1.056002
1.043858
1.030112
1.025926
1.01089
1.019825
0.9982378
0.9901215
1.010531
1.00956
1.050807
1.01801
1.027654
0.9918883
0.9700386
0.977085
0.9871053
1.064855
1.021388
0.9750678
0.9765197
0.9678212
1.000172
0.9937415
0.9638707
0.9915978
0.9495694
0.986611
0.9381855
0.9649566
1.024345
0.9592074
0.9870573
0.9688114
0.9916581
0.9824928
1.014727
0.9643297
0.9929564
1.038549
0.971002
0.9828268
0.9574131
0.9815817
0.9852604
0.9765941
0.9865134
0.9997268
0.9906833
1.04343
1.000339
0.9043028
0.8684044
0.9279663
0.9742624
0.9086995
0.9495755
1.022537
1.116576
1.088409
1.051704
1.076695
1.069508
1.080175
1.081117
1.072593
1.067008
1.064742
1.056923
1.058394
1.046923
1.036915
1.033996
1.033331
1.031186
1.027091
1.021471
1.022689
1.016353
1.034152
1.01773
1.010342
1.065152
1.047727
1.034877
1.043821
1.025616
0.9968312
0.9922804
0.9864757
0.9751896
0.9842982
0.9887191
0.9966323
1.005072
1.008718
1.010271
1.012847
1.018342
1.012244
1.000582
1.008678
0.9969705
0.9909845
0.994012
0.9824514
0.9521016
0.9425401
0.926091
0.9237693
0.9001186
0.9296032
0.9496821
0.9186351
0.9786627
0.9742348
0.9967077
0.9310452
0.8707709
0.868541
0.9253836
0.990573
0.9022652
0.9838306
1.020314
0.9961368
0.987
0.8582335
0.8558786
0.8697192
0.8512747
0.8170673
0.8563491
0.8851253
0.8339607
0.8634704
0.8237945
0.8118705
0.8027617
0.8338498
0.7616325
0.7771473
0.8400787
0.7662579
0.7740183
0.7984675
0.820826
0.8104215
0.8249647
0.8206592
0.8301762
0.8344331
0.8524055
0.8026003
0.7858875
0.8367599
0.9233652
0.9032421
0.7601707
0.8410608
0.8993182
0.7806211
0.8425038
0.8954251
0.7888025
0.7780961
0.8452223
0.8867576
0.8209277
0.7889622
0.8399003
0.8622154
0.8008327
0.8050442
0.8437171
0.7919764
0.8342561
0.8966331
0.8074803
0.7787895
0.8371287
0.8132759
0.8083139
0.8623219
0.7907884
0.8264143
0.8758399
0.7974076
0.8837394
0.9142168
0.8688164
0.8085847
0.7926956
0.8295974
0.7878013
0.7882611
0.8020877
0.7685646
0.7984805
0.9179264
0.8677603
0.8231384
0.8908191
0.8117283
0.8601904
0.9200993
0.8912394
0.89485
0.9002495
0.86652
0.8136945
0.8941633
0.947069
0.8632659
0.8028704
0.9241761
0.8859335
0.7920865
0.9024528
0.9079351
0.8779307
0.8840134
0.8587313
0.872664
0.8389058
0.7899163
0.8944717
0.8593994
0.7465146
0.781145
0.7815859
0.7872329
0.7862482
0.7796813
0.7846019
0.8024831
0.7880168
0.8349672
0.9055429
0.8238741
0.826621
0.8556597
0.8370269
0.8149198
0.8200042
0.8362501
0.8323709
0.8458395
0.8510815
0.8637852
0.8472625
0.804969
0.7840567
0.8277369
0.7943315
0.8913717
1.052714
0.939182
0.9243416
1.091331
1.045532
0.9951188
1.055978
0.976063
1.090404
1.066538
0.9642399
1.114663
1.098889
1.074668
1.018391
0.9749
1.108506
1.031896
0.9691688
1.094635
0.9097307
0.907009
1.094241
0.9550472
0.9900556
1.153389
1.145041
1.105204
1.07228
1.085061
1.028252
0.9177691
0.9927946
1.044142
0.9316216
0.9560756
0.9600669
0.962641
1.009306
0.9182025
1.04421
1.022816
0.915039
1.013924
0.9588596
1.045295
1.127057
1.008437
1.008611
1.023941
0.9601538
1.056675
0.9858257
0.9314081
1.067467
0.9890103
1.050262
1.038789
0.8773255
0.9737902
1.035416
0.9576632
1.014667
0.9595291
0.9648393
1.024534
0.9107818
0.9701829
0.8867758
0.8748075
0.9632051
0.8550295
0.9759189
0.9294658
0.8429164
0.925564
0.8625809
1.022843
0.9747355
0.8450766
1.022534
1.006418
1.009674
0.9797291
0.9029205
1.034422
1.028755
0.9951156
0.978848
0.9789126
0.9514172
0.8873969
0.9110442
0.912133
1.032257
1.020423
0.930672
0.9653719
0.9190283
0.8244827
0.8317556
0.8065806
0.8145863
0.9362457
0.9125801
0.8684318
0.9140313
0.8611038
0.8770301
0.8503365
0.819902
0.897237
0.8672989
0.8718012
0.8447696
0.8288307
0.8706688
0.8826833
0.8513929
0.9144964
0.9887964
0.8728231
0.8683262
0.9037376
0.8710043
0.9064519
0.8783867
0.8910775
0.8273955
0.7731252
0.8133279
0.7849822
0.7936112
0.7592575
0.8199031
0.8452049
0.7857378
0.8090598
0.7784487
0.7659555
0.7827302
0.7615804
0.7847925
0.7966342
0.7754527
0.7902598
0.7893706
0.785706
0.7956546
0.7993217
0.764655
0.7415934
0.7907863
0.8062759
0.7881087
0.8264752
0.8012247
0.8409333
0.9167172
0.8215885
0.8155067
0.8809491
0.8437601
0.903795
0.8350547
0.7582434
0.8033272
0.7977541
0.7742741
0.8144143
0.8459935
0.7848049
0.8541807
0.8210073
0.7676766
0.7884644
0.7669262
0.8083281
0.8337284
0.7541301
0.776809
0.8674241
0.8320408
0.7841766
0.7824801
0.8144137
0.8713299
0.8261476
0.8104922
0.8451833
0.8130907
0.8409663
0.8924712
0.8121768
0.7914656
0.8413444
0.8237191
0.9057372
0.933029
0.8427975
0.8652749
0.9435426
0.8896918
0.9445506
0.9477535
0.7832356
0.8669855
0.9172591
0.8132033
0.8390483
0.8031855
0.7821457
0.8107659
0.7901214
0.7834683
0.7758388
0.7745203
0.7798193
0.7479134
0.8170179
0.8469111
0.8112379
0.8337566
0.8271769
0.8399307
0.8160992
0.8555519
0.7751429
0.7656491
0.8069181
0.7602286
0.7851888
0.7668192
0.7760909
0.750297
0.792493
0.8772056
0.7888214
0.7806163
0.834501
0.7922302
0.8148938
0.7989012
0.8381342
0.8801211
0.7896384
0.8002778
0.8264453
0.7846573
0.8304905
0.8495334
0.8091711
0.8518962
0.8067608
0.7850558
0.7753996
0.8243301
0.8941449
0.7810721
0.7761262
0.8253996
0.7845613
0.7982326
0.7985654
0.8444451
0.8805079
0.8572795
0.8696963
0.8678188
0.9763189
1.004012
0.9276732
0.809192
0.8743276
0.9603587
0.826769
0.8607995
1.00194
0.9074439
0.8478579
0.9286616
0.8756964
0.9794955
0.9692751
0.783411
0.8673911
0.9350877
0.8402771
0.9253488
0.9451327
0.7955
0.8303429
0.9721016
0.8965073
0.8745459
0.9205792
0.9014123
0.9709624
0.9601824
0.9340524
0.8897996
0.9906695
1.041588
0.9780737
1.004791
0.9608897
0.9532592
0.9433516
0.8927405
0.8936015
0.8146281
0.7999277
0.7900228
0.7967865
0.8894755
0.7821458
0.8262165
0.9050959
0.8661528
1.01771
1.033045
0.962089
0.9745871
0.9889317
0.9912833
0.9677712
0.9642889
0.9628687
0.9653899
0.9851741
0.9404518
0.8858828
0.9838907
1.001889
0.9555375
0.9492673
0.9663983
0.9280823
0.8290244
0.9590544
0.9446147
0.8446914
0.9451582
0.9990782
0.8983599
0.8664683
0.9398136
0.869766
0.9606436
0.9826789
0.9491306
0.9418312
0.9140442
0.9665581
0.8209202
0.9104263
1.08076
0.9972543
0.9796929
0.9556785
0.9331018
0.9827421
1.013411
1.010936
1.029989
1.043501
1.03353
1.053612
1.055304
1.048927
1.039521
1.014368
1.041236
1.054752
1.04031
1.024483
0.9975527
1.009518
1.013576
0.9692182
0.9697238
1.067615
1.012938
0.8881014
0.956231
1.004321
1.052094
0.9909979
0.9355015
1.0723
1.055704
0.989003
0.956948
1.022394
0.9686832
0.8571328
0.8791525
0.9071984
1.038334
1.050582
0.9696666
0.9472621
0.9885314
1.01289
1.0042
1.006914
1.065915
1.104053
1.097231
1.151985
1.046927
0.9723814
1.04371
1.055961
0.9755888
0.9328324
1.033934
1.086137
0.968903
0.9158301
1.079297
1.050251
0.9664172
1.040597
1.021547
0.9832814
1.008604
0.9999213
0.9513417
0.9716701
0.9789393
0.9786536
1.027992
1.031526
1.018174
1.051003
1.08941
1.080145
0.978554
0.9035547
1.018376
1.044308
0.8653801
0.899415
1.052342
1.075166
1.014512
0.9683377
1.067115
1.054692
1.00787
1.025358
1.00994
1.018269
0.9806732
0.8998173
0.9796573
1.043141
0.9684751
0.9554121
0.9304438
1.015294
1.037337
0.9740196
1.036952
0.9558723
0.9055505
0.9858128
0.9752334
1.075414
1.052997
0.9881095
1.012175
1.024277
0.9691769
0.8786271
0.9943451
0.990008
0.9778088
0.9575204
0.9080718
1.012591
1.009373
0.9631208
1.01807
0.9486047
0.9312188
1.012359
0.9320141
0.9924782
1.037387
1.006774
1.049843
1.035475
1.03128
1.054902
1.068901
1.040858
1.023512
1.02959
1.002842
1.000279
0.9964688
0.9682017
1.000524
1.003669
0.985933
1.005392
1.020863
1.005643
0.9685416
1.009517
1.007932
0.9999438
0.9474859
0.8995633
1.024653
0.9869436
0.9807914
0.9353229
0.8839383
0.9546953
0.8781163
0.9731943
0.9634261
0.8958505
0.9295665
0.8355293
0.7637218
0.8016078
0.9239822
0.9256884
0.8829486
0.8773337
0.8556919
0.8835033
0.8296833
0.7828697
0.8965177
0.8859848
0.8486871
0.8686904
0.8576554
0.8850568
0.8853715
0.8817888
0.8634981
0.8675766
0.9048536
0.8868837
0.8985028
0.9134634
0.905109
0.9275722
0.9329421
0.9150922
0.9024201
0.9158202
0.9199622
0.9164471
0.9165228
0.928795
0.939748
0.9317035
0.9350474
0.9482417
0.9637092
0.9581165
0.9475307
0.9446339
0.9377843
0.9307815
0.9079855
0.8930806
0.8912317
0.8816385
0.8803702
0.8841546
0.8816576
0.8762199
0.8876875
0.9050249
0.8965362
0.8845315
0.8891565
0.8830193
0.8779137
0.8899645
0.8898758
0.8769262
0.8654246
0.8721487
0.8882702
0.887531
0.9045418
0.8900608
0.9043768
0.8532797
0.810994
0.8525877
0.7976383
0.8728804
0.9128804
0.8852153
0.8946004
0.8890019
0.9113457
0.8986025
0.9155879
0.9332982
0.9295503
0.9222234
0.9015991
0.9028924
0.903549
0.8950422
0.8885826
0.8862256
0.8873318
0.8836001
0.8850109
0.8819008
0.8870606
0.8941855
0.9105432
0.9166455
0.9288054
0.9362455
0.9269353
0.8810193
0.7500464
0.7809809
0.8265351
0.767955
0.869455
0.7978611
0.7257704
0.8414182
0.8266219
0.7710312
0.7745568
0.8739793
0.8415663
0.7999125
0.8693354
0.8478156
0.8640156
0.8790278
0.8804992
0.8987447
0.9170139
0.9497553
0.9679385
0.9908688
1.019976
1.034656
1.002799
1.010973
1.029331
1.026085
1.036994
1.036749
1.03539
1.006571
1.006502
0.9874163
0.9687046
0.9770288
0.9595095
0.9900232
0.9991905
0.9817911
0.9753882
0.9638951
0.9662875
0.9483875
0.9332267
0.9427669
0.9410512
0.9491689
0.9487051
0.9685668
0.9780675
0.9794402
0.998969
1.013046
1.022444
1.024265
1.04838
1.071915
1.094713
1.066247
1.052329
1.04812
1.029957
1.028756
1.008521
1.012788
0.9833433
1.009383
0.961038
0.9248216
1.026921
0.9527239
0.932309
0.8859154
0.8991558
1.011204
1.034014
1.094774
1.016791
0.9833457
1.051213
1.038747
0.8954845
0.8596228
1.021104
1.018887
0.9825163
1.031043
1.016767
1.039311
1.087298
1.116064
1.174731
1.180936
1.162832
1.18014
1.152102
1.123609
1.068914
1.030256
1.084369
1.088757
1.052865
1.088014
1.142107
1.087271
1.078179
1.052633
1.033201
0.9804475
0.8988599
0.9196399
0.900663
0.9525113
0.938345
0.9807736
1.04993
0.9919446
1.003525
1.027291
1.047519
1.045301
1.019377
1.040962
1.011289
1.020574
1.003814
0.8839086
0.9600677
0.9979109
0.9645985
1.046003
1.063666
1.067171
1.07662
1.041929
1.035507
1.033527
1.015775
1.03928
1.059298
1.053387
1.101647
1.152604
1.133779
1.137186
1.134171
1.063309
0.9329273
0.8699528
0.8642091
0.9056057
0.9353492
0.8819145
0.988741
1.020699
1.019343
0.9918561
0.8878684
0.9633546
1.014894
1.035602
1.026785
0.9552014
0.8379956
0.8583276
0.988998
1.027999
1.09831
1.055431
0.9502508
1.012772
1.104263
1.106253
1.072452
1.046692
1.072622
0.9862033
0.8832228
0.9637215
1.000744
1.043383
0.9926307
0.8764481
0.9919305
1.043996
1.005519
1.03292
1.029372
1.017451
1.007986
0.9941129
1.049053
1.024375
0.9007514
0.9716597
0.9378766
0.9012913
0.9629082
0.8706468
0.9532601
0.9821626
0.9622625
0.926654
0.8456354
0.9216541
0.910895
0.8961333
0.9053723
0.8861136
0.8864716
0.8612419
0.8013893
0.8124678
0.8717657
0.8437868
0.8324139
0.8281342
0.8556772
0.8131095
0.7611078
0.807011
0.7779567
0.8452469
0.8689477
0.8235643
0.8516835
0.846559
0.8926001
0.8532228
0.7983146
0.8862259
0.9183432
0.8404762
0.8063188
0.8478799
0.7669942
0.7342098
0.7329102
0.7499008
0.8388893
0.8277499
0.8244372
0.8225234
0.8328033
0.8629694
0.8552591
0.8788129
0.8562459
0.8180448
0.833309
0.7812273
0.825398
0.8689068
0.8099733
0.8350117
0.8611158
0.8531611
0.8366598
0.8529849
0.8570792
0.8675275
0.8376036
0.7770295
0.834835
0.8587193
0.7977703
0.7602092
0.7820863
0.7364954
0.7155218
0.7335818
0.7389775
0.7936672
0.8185402
0.8264628
0.8356697
0.8608881
0.854184
0.8321227
0.8620603
0.886138
0.8805295
0.8915594
0.9135039
0.8951817
0.8928174
0.8968599
0.8825223
0.8826193
0.8799467
0.8831027
0.8880354
0.9051081
0.908281
0.9146694
0.9314806
0.932726
0.9307245
0.9388993
0.9285179
0.9515974
0.899333
0.8377531
0.9617529
0.9549298
0.8936371
0.9144658
0.9130867
0.9325625
0.9517588
0.9686797
0.9803248
0.9972254
0.9952293
0.9776733
0.9794669
0.96352
0.9463656
0.9644714
0.9514003
0.9533096
0.9661327
0.9638279
0.9544665
0.9732057
0.9228248
0.8553388
0.9406263
0.9996342
0.9451205
0.9146646
0.9114235
0.8537409
0.9134926
0.9229659
0.8901065
0.9272071
0.909716
0.9080295
0.902857
0.898324
0.894578
0.8904831
0.8808736
0.8707114
0.8942628
0.9021044
0.9117152
0.9281899
0.9538778
0.9734041
0.9765887
0.9659601
0.9845787
0.9346452
0.9053051
1.070257
1.063001
1.021081
1.042526
1.034785
1.069372
1.050865
1.037433
1.015356
1.00063
1.002092
0.9852535
0.9941139
0.9901664
0.9910648
0.9927914
0.9786804
0.9715889
0.9752802
0.9698922
0.9784027
0.9146761
0.8423358
0.9239006
0.9310018
0.9224426
0.8984876
0.8376928
0.8419997
0.8899113
0.8398327
0.7379548
0.7547907
0.8083396
0.7888155
0.785769
0.7893457
0.780196
0.8025927
0.7887977
0.7803795
0.7747362
0.7937514
0.7781013
0.7765327
0.7591655
0.8237927
0.8446257
0.8201753
0.860905
0.8551021
0.8756754
0.8977004
0.8696357
0.8979838
0.8637944
0.8338786
0.8883582
0.8294324
0.8289466
0.8175192
0.8619076
0.8798764
0.8525585
0.8942971
0.8843956
0.871607
0.8795826
0.8771265
0.8483899
0.8425063
0.8488928
0.8333979
0.8150054
0.8178314
0.8046409
0.8087089
0.8174329
0.8320471
0.790549
0.7734285
0.8628409
0.8836467
0.825534
0.7784495
0.8646368
0.8384088
0.8014083
0.8028311
0.7457534
0.8250606
0.7844671
0.7820338
0.8163444
0.7988033
0.8022665
0.7486362
0.8520396
0.795387
0.7258233
0.7867418
0.7403658
0.7661442
0.7208417
0.7533916
0.7417049
0.6922067
0.7625318
0.7477441
0.6927335
0.6948163
0.7089009
0.6988319
0.7230557
0.6765943
0.7180358
0.7391925
0.7237111
0.7262921
0.6917897
0.6906509
0.742503
0.8055221
0.7789997
0.7949639
0.8021452
0.8254476
0.8713451
0.8072501
0.783404
0.8315414
0.8101755
0.9009462
0.8611475
0.7983285
0.9397586
0.877668
0.8629015
0.8932969
0.8765251
0.9010083
0.9030937
0.9528356
0.9686537
0.9547155
0.9610561
0.9928605
0.9537345
0.9918222
0.9647411
0.8929785
0.95324
0.8883264
0.9281664
0.8699933
0.7984338
0.8512721
0.8313394
0.908276
0.8744111
0.8476521
0.8995934
0.8974515
0.9290676
0.9458469
0.9364781
0.9629844
0.9638456
0.9765776
0.8950478
0.8636158
0.9110463
0.8688269
0.9257685
0.8808862
0.8901784
0.9512203
0.9844441
0.9519538
0.9073717
1.031068
1.004643
0.9876416
1.016965
0.9894253
1.015885
1.021615
1.012295
1.027371
1.045261
1.046331
1.034739
1.029904
1.028853
1.019515
1.011228
1.009748
1.010513
1.006748
0.9918126
0.9956042
0.9911035
0.9995562
1.013348
1.012168
1.016945
1.013023
1.033595
1.040326
1.018765
1.035149
1.000556
0.9992544
1.038182
0.9018813
0.8521996
0.8474646
0.8507141
0.9581013
0.8928583
0.8897408
0.9693988
0.9142271
1.002266
1.006381
0.977488
1.129771
1.089659
1.0466
1.048934
1.039265
1.037354
0.986901
1.011798
1.005174
1.006715
1.054251
1.031345
1.024783
0.9979479
0.9836441
0.969814
0.900914
0.9620905
0.9345376
0.9392395
1.007716
0.9768389
1.052895
1.037741
1.053931
1.138629
1.084114
1.053685
1.053733
1.054975
1.019433
0.9830728
1.004525
1.006859
0.9986437
0.9808416
0.9805183
0.9980017
0.994235
0.9793552
0.9941919
1.013761
1.007567
1.024552
1.02677
1.004303
1.028557
1.033549
1.005899
1.001062
0.9993014
1.012963
1.025672
1.005189
0.9614993
0.9994287
0.9963097
0.8923007
0.9043405
0.9875297
0.9576646
0.8789879
0.9401196
0.9269262
0.8995283
0.9927515
0.983109
1.005402
1.000182
1.024335
1.017922
0.9962065
1.093197
1.01601
1.048345
1.082492
0.9758035
0.9549646
0.9298119
0.9043825
0.9152558
0.983123
0.9375187
0.9208996
1.095913
0.9884523
0.8789686
1.014475
1.004749
0.9782564
0.8924791
0.861579
0.8918176
0.9262262
1.054656
1.060522
1.029395
1.057995
1.070966
1.107567
1.172936
1.158093
1.129418
1.097755
1.081722
1.074759
1.029744
1.045131
0.9973222
0.9793772
0.9698077
0.9107868
0.9443983
0.9393335
0.9092985
0.9181778
0.9866359
0.9661616
0.9337842
1.002995
0.9950839
0.9733811
0.9924592
0.9792968
0.99723
0.9347542
0.8700236
0.9628302
0.9881961
0.9154161
0.8810245
1.00752
1.005352
0.9993744
0.966008
0.8979468
1.022425
0.9739422
0.9581404
0.9976125
0.9504929
0.9503625
0.9564372
0.9739731
0.8921244
0.892454
1.076347
1.066387
0.9943236
1.038207
1.062158
1.097701
1.142408
1.120445
1.109909
1.103134
1.094641
1.026261
0.9466517
1.048604
0.9779145
0.8919551
1.025331
0.9246751
0.8400065
0.9889779
0.9580447
0.9269117
0.906236
0.8286032
0.9573451
0.9604419
0.9414378
0.9238298
0.8723238
1.001609
1.024193
0.9754773
0.9738204
1.018806
1.000931
0.9699477
1.002926
1.000458
1.00265
1.01088
0.9671001
0.893804
0.9589026
1.024437
0.9952208
0.9862599
0.9861989
