1.082818
1.070973
1.027944
1.029886
1.049022
1.062307
1.082577
1.069505
1.057223
1.032948
1.004859
1.024358
1.059026
1.046621
1.035912
1.068083
1.097648
1.078476
1.069473
1.103076
1.106152
1.09625
1.093483
1.096116
1.104245
1.08109
1.06983
1.105169
1.101739
1.070407
1.069678
1.074861
1.082901
1.080203
1.078833
1.097216
1.102335
1.076888
1.075052
1.100196
1.089436
1.082317
1.074898
1.069052
1.048438
1.015802
1.015356
1.013317
1.026631
1.048304
1.065263
1.069866
1.05718
1.032509
1.025687
1.026974
1.009371
1.016942
1.028126
1.038746
1.062801
1.06874
1.053481
1.029362
1.010332
1.023358
1.023034
1.006886
1.034283
1.07495
1.087891
1.043977
1.048843
1.092361
1.075139
1.029344
1.014433
1.062291
1.064381
1.033276
1.024951
1.04256
1.082262
1.100667
1.092609
1.061702
1.052251
1.067391
1.069601
1.068005
1.087629
1.098849
1.081676
1.053944
1.059092
1.085734
1.065117
1.049566
1.062788
1.065778
1.07647
1.087297
1.066608
1.029782
1.045116
1.070319
1.023923
1.011106
1.042535
1.041384
1.04187
1.046291
1.044938
1.038272
1.022563
1.014399
1.015631
1.021867
1.030934
1.023526
1.014885
1.030238
1.048999
1.059939
1.068916
1.081622
1.080366
1.07412
1.065102
1.036621
1.035549
1.043202
1.04548
1.053437
1.038196
1.029904
1.042166
1.046978
1.04518
1.033633
1.008074
1.002308
1.00411
0.9975952
1.014134
1.033428
1.040745
1.055909
1.06477
1.053416
1.03573
1.024842
1.030314
1.033265
1.03056
1.034295
1.014349
1.01073
1.032914
1.036475
1.05021
1.065241
1.064659
1.074546
1.085345
1.078949
1.075017
1.060946
1.043763
1.053355
1.03788
1.026295
1.045813
1.044924
1.045493
1.058392
1.075128
1.091291
1.089381
1.071232
1.059871
1.042378
1.007542
0.9904067
0.9971674
1.00877
1.032582
1.053791
1.061401
1.063865
1.050163
1.027905
1.017251
1.014419
1.003006
1.01281
1.029055
1.034992
1.056618
1.059828
1.061571
1.077531
1.082172
1.075982
1.069873
1.068804
1.065258
1.069503
1.072616
1.059557
1.01941
1.003145
1.010829
1.004744
0.9919773
1.003909
1.028295
0.9927205
0.9827407
0.985101
1.003639
1.032383
0.9920503
0.9816093
0.9997483
1.011187
1.008374
1.016187
1.03099
1.020124
1.028829
1.030472
1.016587
1.011257
1.005895
1.00212
1.004517
0.9956577
0.9950372
1.013542
1.016686
1.019962
1.014335
1.014479
1.016816
0.9985621
0.9955209
1.017632
1.041389
1.052226
1.066524
1.080714
1.072704
1.060427
1.069718
1.070207
1.065298
1.055703
1.032902
1.036254
1.031762
1.020507
1.024872
1.021983
1.032586
1.045039
1.040546
1.033611
1.030651
1.034842
1.046448
1.059404
1.051545
1.040129
1.04826
1.044048
1.038504
1.047476
1.03084
1.018275
1.050321
1.065279
1.056629
1.06082
1.072526
1.071819
1.038361
1.031117
1.060061
1.053991
1.040135
1.037975
1.026984
1.027246
1.034235
1.043528
1.059405
1.060055
1.031389
1.012162
1.02016
1.017379
1.010666
1.006565
0.9921113
0.9883402
1.000936
1.010463
1.024626
1.043814
1.05377
1.049102
1.043979
1.038951
1.036379
1.029876
1.006038
0.9909737
0.976027
0.9721399
0.9799254
0.9969887
1.023047
1.039951
1.040303
1.06166
1.057705
1.016305
1.028209
1.039606
1.05208
1.052539
1.037172
1.038926
1.035422
1.025559
1.008724
0.999831
0.9883394
0.979802
0.9911565
0.9984569
1.004832
1.018666
1.02393
1.01609
1.00673
1.006405
0.9964435
0.9912071
1.000697
0.9958893
0.9815142
0.9737837
0.9793188
1.007535
1.032325
1.030076
1.034057
1.021102
0.9741342
0.9737255
1.002495
1.015634
1.015875
1.001022
1.000605
0.9963648
0.9793131
0.986576
1.006915
1.028751
1.039402
1.03484
1.026522
1.014751
1.011919
1.011685
1.010625
1.011244
1.028662
1.045357
1.045922
1.044599
1.036124
1.041629
1.048794
1.041229
1.033759
1.030721
1.01775
0.9991894
0.9954346
0.9942084
0.9842241
0.9721196
0.9896671
1.012058
1.010712
1.016245
1.024037
1.019365
1.015297
1.003192
0.9879912
0.9974261
1.002719
0.9980874
0.9997728
1.008064
1.006006
1.000568
1.012406
1.006608
0.9987736
0.9914654
0.9765761
0.9725268
0.9627674
0.9663465
0.9851464
1.018944
1.036222
0.9955693
0.9854134
0.9876118
0.9805751
1.030356
1.039588
0.9936441
0.9828325
0.9984847
1.005261
1.009752
1.017588
1.026148
1.030692
1.019843
1.021994
1.03088
1.030241
1.019581
1.019739
1.03448
1.001276
0.9637394
0.9653956
0.9741012
0.9848604
0.9776482
0.9767468
0.9712009
0.9755659
1.008251
1.005953
1.00163
1.009025
1.010718
1.012554
1.004087
1.004175
1.011306
1.011479
1.007274
1.008552
1.006244
1.006198
0.9840224
0.9382675
0.944982
0.9439508
0.9140708
0.9140611
0.9171322
0.917376
0.9215284
0.9210817
0.9169156
0.9153631
0.9077147
0.9024603
0.9063278
0.8953129
0.8896068
0.8979575
0.9031442
0.9088041
0.9186942
0.9277158
0.9346543
0.9409028
0.9431139
0.9392254
0.9236486
0.9341221
0.9322512
0.930375
0.9268218
0.8917651
0.9217319
0.9037596
0.8529564
0.875012
0.8758349
0.8681608
0.8729514
0.8481082
0.8637273
0.8974906
0.8465733
0.8281847
0.8563633
0.854304
0.8474331
0.8607845
0.8763362
0.8266293
0.8024486
0.8417594
0.8240719
0.816817
0.8437457
0.8199955
0.8036895
0.8208872
0.8175505
0.8176483
0.8177424
0.8098807
0.8158218
0.8063934
0.8088626
0.8215848
0.8055689
0.7924698
0.8135142
0.8039019
0.7505871
0.731542
0.7402601
0.7366348
0.7256985
0.7194646
0.7212152
0.707469
0.7184583
0.7667177
0.7748171
0.7490648
0.7497334
0.7583751
0.7461825
0.7712936
0.7692999
0.7286534
0.7119842
0.7157086
0.7259112
0.7195005
0.7080371
0.701172
0.7071608
0.695213
0.6743628
0.6985889
0.7089807
0.6960289
0.6938189
0.6707444
0.6812784
0.6966819
0.6881108
0.6804959
0.667408
0.6557451
0.6580372
0.6651225
0.6563632
0.64913
0.6672058
0.6834076
0.6563906
0.6554236
0.6570567
0.6347795
0.6503769
0.6719281
0.6548979
0.6470297
0.6255963
0.6138902
0.6426755
0.6180672
0.6439572
0.6567438
0.5845084
0.5698401
0.5748936
0.5703607
0.5675688
0.5678233
0.5733402
0.5695095
0.5622822
0.5582649
0.5608891
0.5595372
0.5569009
0.5535897
0.5521135
0.55572
0.5527526
0.5520097
0.5512234
0.5427299
0.5443887
0.5476633
0.5423814
0.540984
0.5430123
0.5427495
0.5402528
0.5388615
0.5403256
0.5414516
0.5360858
0.5336904
0.5371518
0.5376983
0.5373579
0.5354168
0.5349657
0.535786
0.5330912
0.5311066
0.5286452
0.5288884
0.5307486
0.5270248
0.52319
0.5240956
0.5290458
0.5326731
0.528818
0.5246587
0.5231436
0.5209861
0.5233627
0.520763
0.5203412
0.5217476
0.5153385
0.5141238
0.5145914
0.5157682
0.5157457
0.5101524
0.5083497
0.5116913
0.5141773
0.5113981
0.5046024
0.5051751
0.508319
0.5089184
0.5076467
0.5034828
0.5061039
0.5060241
0.5002462
0.5011934
0.5068658
0.5064302
0.5018347
0.5046867
0.5067037
0.5055736
0.5029963
0.5004356
0.5037532
0.5025845
0.5021561
0.5055019
0.5021311
0.499292
0.4996192
0.5016494
0.5018933
0.4981421
0.4982275
0.4995316
0.4995763
0.4992798
0.4988501
0.4990908
0.4966894
0.496795
0.4978173
0.4985387
0.4968511
0.4891213
0.4897934
0.4947436
0.4930143
0.490103
0.4923211
0.4953391
0.4901323
0.487688
0.4911113
0.4918009
0.4889087
0.4886608
0.492166
0.4915748
0.4906491
0.4912927
0.4906273
0.4882746
0.489166
0.4870789
0.4846389
0.489404
0.4923623
0.4892281
0.4817196
0.4832913
0.4880324
0.4870385
0.4858725
0.4830407
0.482263
0.4825453
0.4837431
0.4827356
0.4806743
0.4834235
0.4842786
0.4827696
0.4778188
0.4770325
0.4805731
0.4793148
0.4800028
0.4784421
0.4782583
0.4825095
0.4811281
0.4747017
0.4729634
0.476979
0.4788525
0.4780315
0.4759515
0.4752064
0.4780104
0.4796499
0.4750288
0.475869
0.4806492
0.479172
0.4791616
0.4761923
0.4712449
0.4741466
0.4763927
0.4746464
0.4744813
0.4743997
0.4736485
0.4755872
0.4748999
0.4724242
0.4725235
0.4713997
0.4696065
0.4718092
0.4748652
0.4729339
0.4746523
0.4734534
0.4702267
0.4726943
0.4709389
0.4716929
0.4704662
0.4671546
0.4720958
0.4743724
0.4761016
0.4762584
0.4730235
0.4752736
0.4774181
0.4754566
0.4736891
0.4755481
0.479428
0.4825117
0.4810708
0.4793132
0.4828631
0.4847892
0.4854221
0.4841674
0.4855181
0.4890238
0.4868328
0.4865075
0.4872666
0.4913055
0.4950962
0.4973386
0.4958305
0.4917262
0.4977907
0.5003192
0.5003022
0.5022877
0.5029864
0.5048638
0.4995239
0.492959
0.4932857
0.4956888
0.4938935
0.4936925
0.4881584
0.4807978
0.4866398
0.4873844
0.4830558
0.4807138
0.4807698
0.4829734
0.484178
0.4801144
0.4755391
0.477497
0.4761141
0.4742209
0.4735759
0.4725914
0.4734342
0.4734533
0.4703271
0.467974
0.4702092
0.4726268
0.4722412
0.471895
0.4697823
0.4697611
0.4708082
0.4671229
0.4662421
0.4653967
0.4638952
0.4639803
0.4652714
0.4664667
0.4655749
0.4643483
0.4626822
0.4635554
0.467535
0.466886
0.4656288
0.4649135
0.4601128
0.4626339
0.4656742
0.4656993
0.4670692
0.4647756
0.4657216
0.4690306
0.4699666
0.4688159
0.4651345
0.4675598
0.4697177
0.467548
0.4651636
0.4631655
0.4660174
0.4676735
0.4651997
0.464069
0.4648658
0.4640266
0.4664225
0.468047
0.4672252
0.4687503
0.4658019
0.4637394
0.4673146
0.467247
0.468311
0.4668662
0.4626657
0.4655504
0.4659737
0.4665147
0.465872
0.4624476
0.4637296
0.4673389
0.4671965
0.4639392
0.4643078
0.4677719
0.4689019
0.4659984
0.463102
0.4619856
0.4620517
0.4618865
0.4633468
0.46102
0.4619578
0.4675565
0.4661944
0.4639629
0.4641334
0.4670614
0.4697148
0.4669354
0.4622087
0.4632567
0.4653927
0.4657726
0.4649335
0.4621557
0.4631537
0.4679364
0.4685313
0.4678681
0.4700308
0.4675837
0.4658804
0.4703021
0.4722547
0.4708322
0.4690421
0.4648277
0.4669741
0.4703544
0.4699138
0.4709768
0.4687895
0.4675436
0.4716929
0.4738615
0.4677051
0.4651035
0.4676292
0.467341
0.4666458
0.4664167
0.4687963
0.4720869
0.4705168
0.4699896
0.4695089
0.4678704
0.4690475
0.46554
0.4629717
0.4638841
0.4664328
0.468164
0.4658077
0.4643113
0.4658948
0.4679488
0.4668778
0.4629993
0.463596
0.4671174
0.4678777
0.4647127
0.4628324
0.4661737
0.4676201
0.4674114
0.4653629
0.4639276
0.4639342
0.4664712
0.468019
0.4672457
0.4676096
0.4686013
0.4657858
0.4639283
0.4657456
0.4642284
0.4639258
0.460601
0.4601787
0.4634294
0.4647599
0.4649282
0.4609454
0.4616788
0.4660847
0.4667577
0.4640421
0.4622562
0.4671508
0.468017
0.4665712
0.463689
0.4599616
0.4631141
0.4635203
0.4627178
0.4609414
0.4627812
0.4667175
0.465209
0.4616479
0.4618976
0.4659593
0.4668489
0.4650601
0.4630024
0.464288
0.4687578
0.4687207
0.4654606
0.4668489
0.468913
0.468012
0.4625851
0.4601317
0.4626795
0.4644246
0.4653888
0.4623781
0.4621486
0.4646085
0.465465
0.46536
0.4625271
0.4629272
0.4625348
0.4619866
0.4614982
0.4587818
0.4570412
0.4618245
0.4595665
0.4726637
0.4492518
0.4303041
0.492731
0.4825706
0.45756
0.4680581
0.4581718
0.4586976
0.4572216
0.4603447
0.4585722
0.460949
0.4534916
0.4455126
0.4685808
0.4657296
0.4560604
0.4628916
0.4657354
0.4630543
0.4634844
0.4531461
0.4412781
0.4622822
0.464811
0.4614768
0.4660726
0.4636355
0.4628285
0.4594345
0.4608057
0.4630459
0.4639628
0.461692
0.4630347
0.4664583
0.4667142
0.4660121
0.4641378
0.4650013
0.4669771
0.4668194
0.4607613
0.4580069
0.4608119
0.462222
0.4626393
0.4601976
0.4591082
0.463125
0.4654648
0.462372
0.4620878
0.464765
0.466257
0.4654815
0.4636706
0.465569
0.467159
0.4646839
0.4625044
0.4636593
0.4663378
0.4686236
0.4670024
0.4642523
0.4659641
0.4689546
0.4687941
0.4684364
0.4694812
0.466138
0.4666498
0.4698458
0.4681412
0.4646871
0.4626323
0.4666941
0.4687699
0.4662846
0.4647625
0.4665385
0.4681423
0.4679917
0.4645241
0.4643028
0.4660815
0.4641417
0.4638043
0.4598699
0.4621074
0.4661006
0.4629357
0.4600584
0.4613921
0.4665624
0.4658634
0.4613032
0.4632133
0.4664056
0.4655479
0.4622399
0.458977
0.460289
0.4614266
0.4606564
0.4614229
0.4614163
0.460666
0.4602913
0.4586139
0.4608993
0.4636351
0.4612946
0.4598727
0.4612563
0.4626118
0.4623492
0.4605249
0.4597073
0.4601987
0.4586835
0.4574657
0.4564013
0.4580143
0.4595633
0.4585931
0.4594426
0.4583127
0.4580205
0.4598728
0.461176
0.4605741
0.4585228
0.4608418
0.4627504
0.4601852
0.4556738
0.4548572
0.4580332
0.4577065
0.4575742
0.455992
0.4566817
0.4599129
0.4601795
0.4607615
0.4590561
0.4593359
0.4614677
0.4615079
0.4592767
0.4580442
0.4599681
0.4609166
0.4600021
0.4579602
0.4605684
0.4628707
0.4623971
0.4635017
0.4601265
0.4573036
0.4587131
0.4614056
0.4611661
0.4601838
0.4594976
0.4610582
0.4645946
0.4621177
0.4602323
0.46178
0.4631935
0.4626237
0.4592648
0.459194
0.4604918
0.4562362
0.4542785
0.4566655
0.4583123
0.4585624
0.4574153
0.4555289
0.4568674
0.4587989
0.4582756
0.4587558
0.4569739
0.4553087
0.4578532
0.4577002
0.456652
0.4593963
0.4603683
0.4585751
0.4575641
0.4585026
0.4594295
0.4595536
0.4605561
0.4613078
0.4629191
0.4637741
0.4600491
0.4572226
0.4589908
0.4608002
0.456795
0.4570608
0.462645
0.4631086
0.4608504
0.4603793
0.4649201
0.4675821
0.4665228
0.4664797
0.4665275
0.4675703
0.4716528
0.4728159
0.4703302
0.4719579
0.4737739
0.4777192
0.4818023
0.4811793
0.4831085
0.4811984
0.480637
0.487289
0.4870583
0.4843307
0.4857142
0.4872577
0.4865306
0.4879027
0.490828
0.4934044
0.4952902
0.4947601
0.4964209
0.4984355
0.5007385
0.5008568
0.5004974
0.4990315
0.4974247
0.5028629
0.5044422
0.504044
0.5068032
0.5059703
0.5063881
0.5095423
0.5102713
0.5097871
0.5091369
0.5089924
0.51
0.5121258
0.5148072
0.5149968
0.5163187
0.5195694
0.5225098
0.5254064
0.5264856
0.5276292
0.530431
0.5346593
0.5370571
0.5369635
0.5359151
0.5374825
0.5402462
0.5385547
0.5377366
0.5403326
0.5470314
0.5513536
0.5496222
0.5529345
0.56213
0.5618
0.5567744
0.5583479
0.5583655
0.5567486
0.556256
0.5602086
0.5654643
0.5675255
0.5672365
0.5658897
0.5639181
0.5589587
0.5575381
0.5626554
0.5670778
0.5711522
0.576782
0.5833868
0.5893798
0.5903202
0.5943008
0.6002903
0.5982733
0.5983882
0.6034753
0.6008466
0.5989039
0.6063352
0.6133854
0.6231841
0.6321595
0.6303593
0.6336605
0.6451881
0.6469301
0.6456305
0.6549275
0.6578404
0.6525228
0.6582837
0.6583038
0.651375
0.6528313
0.6516879
0.6541764
0.6592301
0.6554285
0.6541828
0.6554737
0.6580002
0.66388
0.6702966
0.6731507
0.6652685
0.6606577
0.6642859
0.6655175
0.6599626
0.6523388
0.6566163
0.6648459
0.6614663
0.6604736
0.6640712
0.6595241
0.6582232
0.6637503
0.6681581
0.6752131
0.6734889
0.6684602
0.6736717
0.6725251
0.6735024
0.6867674
0.6921284
0.6823809
0.6720482
0.6615001
0.6565418
0.664813
0.6705663
0.6782591
0.6915014
0.6957931
0.6943019
0.6914607
0.6943855
0.7056486
0.7128931
0.7183796
0.7188144
0.7088989
0.7027895
0.7099197
0.718527
0.7147152
0.7177672
0.7330406
0.7414242
0.7400845
0.7338948
0.7304116
0.7295597
0.7172604
0.7049145
0.7052493
0.699997
0.69364
0.6978371
0.7117069
0.7257695
0.7330368
0.7300773
0.7223
0.7232435
0.7353965
0.7491303
0.7511009
0.74703
0.7528872
0.7681931
0.7803993
0.7796394
0.7704298
0.7760685
0.7836369
0.7794128
0.7811689
0.7866417
0.7925988
0.792524
0.7811617
0.7735485
0.7713085
0.7643347
0.7536281
0.7412307
0.737864
0.7429318
0.7427145
0.7448922
0.7531423
0.7629921
0.7728773
0.7777212
0.7771038
0.7726681
0.7741889
0.7882814
0.7999974
0.7971906
0.7868233
0.7873087
0.795358
0.7950982
0.7943993
0.8053311
0.81031
0.8038402
0.8025572
0.8099627
0.8141809
0.8075278
0.8063405
0.8114567
0.8122945
0.8084612
0.8014474
0.7969049
0.7927877
0.7762036
0.757591
0.7508698
0.7424947
0.7419694
0.7498567
0.7564389
0.7695394
0.7572186
0.7362172
0.7404272
0.7505529
0.760442
0.7661184
0.7690293
0.7740452
0.7710327
0.76452
0.7713344
0.7755353
0.7728702
0.7763758
0.7703745
0.7604624
0.7630169
0.7654958
0.7724656
0.7807073
0.7768415
0.7792746
0.792778
0.7960938
0.7900458
0.7893831
0.7959513
0.7982651
0.8183999
0.831156
0.820891
0.8469653
0.8508716
0.8352276
0.8476346
0.8482592
0.8387803
0.830284
0.8182816
0.7994298
0.7831281
0.7785519
0.784924
0.7838098
0.7779561
0.782361
0.7817973
0.7698418
0.7630661
0.7750015
0.7858122
0.7806924
0.7836566
0.7926287
0.7920809
0.7922893
0.8001482
0.8062262
0.8124105
0.8167589
0.8098872
0.8102283
0.8229649
0.8269142
0.8133586
0.8116157
0.8194177
0.8130533
0.8042145
0.8022426
0.8058938
0.7999575
0.788621
0.7901597
0.7954563
0.789768
0.7851172
0.7877684
0.7858651
0.7901552
0.7971053
0.8035845
0.8163939
0.8207334
0.8229111
0.8254865
0.8180601
0.8148371
0.8101066
0.7981913
0.7898928
0.7843099
0.776223
0.7716109
0.7788012
0.7846446
0.7954316
0.8165868
0.8228193
0.8164435
0.8170286
0.8197218
0.8158328
0.8104554
0.819812
0.8367177
0.8515318
0.8561414
0.8534105
0.8611422
0.8660018
0.8686172
0.8707085
0.8606871
0.8744257
0.8590943
0.8161544
0.8350171
0.8483858
0.8315912
0.8142461
0.8285356
0.8590232
0.8557539
0.8468769
0.8508487
0.8487888
0.8420831
0.8383598
0.8475619
0.8184741
0.7995644
0.8463306
0.8323624
0.8134193
0.8116076
0.7936623
0.7928798
0.7948709
0.8052656
0.8111184
0.8164416
0.8320882
0.8473404
0.8532441
0.8491118
0.8377712
0.831926
0.8364741
0.8400199
0.8423585
0.8475659
0.8502426
0.8428901
0.8282027
0.8271431
0.8287976
0.8190589
0.8001126
0.7918431
0.8382036
0.8465298
0.7986936
0.8073752
0.8322674
0.8391933
0.8385465
0.8365737
0.8432156
0.8511295
0.8607004
0.8593127
0.8587625
0.8671006
0.8727528
0.8772745
0.8760964
0.8744871
0.8718174
0.8654922
0.8580839
0.8469462
0.8449932
0.8531328
0.8685047
0.8860916
0.8876164
0.8852666
0.8850786
0.880067
0.8725198
0.8660021
0.8673012
0.859427
0.8462891
0.8441566
0.8413237
0.8336891
0.8375071
0.8368211
0.8235187
0.819077
0.8165271
0.816092
0.8163634
0.8127735
0.8202589
0.8310586
0.8214716
0.8153658
0.8266308
0.8238945
0.8104498
0.8117642
0.8264316
0.8346967
0.8364919
0.8427954
0.8466598
0.8408653
0.8423813
0.844428
0.8333802
0.8329304
0.8260836
0.8188628
0.8279079
0.8284205
0.8315247
0.8345186
0.8329574
0.834941
0.8427787
0.850488
0.8582509
0.8615376
0.8545938
0.8550567
0.8597382
0.8566463
0.8461919
0.8505317
0.8569658
0.8568446
0.8551823
0.8415245
0.85459
0.8773152
0.8729159
0.8811911
0.8707231
0.8343747
0.8525225
0.8887383
0.8889533
0.8670165
0.8338255
0.8170673
0.8123066
0.8050568
0.8154415
0.8249697
0.8223349
0.8249104
0.8334766
0.8365572
0.8248476
0.8194098
0.8210836
0.8201475
0.82526
0.8258556
0.8203887
0.8198916
0.8198792
0.8226431
0.8270032
0.8257589
0.828947
0.8357263
0.8392575
0.8494633
0.854243
0.8512277
0.8539023
0.8536598
0.8560567
0.8559638
0.8493245
0.8479423
0.8479363
0.840389
0.8243939
0.8189357
0.8271815
0.8346157
0.8392965
0.8415333
0.8357949
0.8253836
0.817729
0.8101683
0.8163894
0.8231052
0.8450031
0.8478806
0.8105001
0.8163384
0.7849965
0.7904415
0.8465347
0.8069949
0.8010367
0.8120827
0.7929352
0.8067171
0.8036458
0.796393
0.791974
0.8039193
0.8223364
0.7896685
0.7655567
0.8026177
0.8298409
0.8095301
0.8217979
0.8328786
0.8199056
0.8185352
0.8136533
0.812558
0.8078492
0.7948705
0.7891792
0.7748604
0.7678742
0.7726309
0.7846285
0.7745799
0.7860847
0.808178
0.7788443
