0.74
0.745
0.738
0.736
0.759
0.75
0.738
0.749
0.75
0.746
0.746
0.756
0.755
0.75
0.752
0.753
0.772
0.764
0.728
0.773
0.75
0.758
0.755
0.757
0.772
0.767
0.758
0.765
0.779
0.761
0.77
0.771
0.767
0.782
0.767
0.781
0.797
0.782
0.787
0.797
0.792
0.795
0.799
0.798
0.792
0.815
0.803
0.797
0.812
0.803
0.801
0.812
0.816
0.809
0.817
0.819
0.81
0.816
0.82
0.801
0.814
0.819
0.798
0.82
0.816
0.798
0.814
0.811
0.797
0.812
0.806
0.801
0.807
0.809
0.799
0.806
0.81
0.798
0.798
0.818
0.806
0.794
0.829
0.81
0.81
0.837
0.849
0.839
0.838
0.854
0.829
0.846
0.844
0.829
0.842
0.841
0.818
0.836
0.839
0.811
0.826
0.855
0.817
0.82
0.842
0.823
0.826
0.836
0.827
0.812
0.83
0.818
0.814
0.833
0.827
0.813
0.837
0.829
0.821
0.835
0.838
0.837
0.821
0.842
0.838
0.83
0.851
0.833
0.825
0.822
0.81
0.799
0.804
0.817
0.8
0.823
0.833
0.816
0.812
0.844
0.828
0.816
0.832
0.838
0.822
0.823
0.826
0.819
0.814
0.836
0.833
0.816
0.84
0.832
0.808
0.834
0.84
0.83
0.823
0.833
0.843
0.816
0.845
0.841
0.824
0.823
0.832
0.823
0.827
0.844
0.833
0.826
0.848
0.845
0.82
0.854
0.852
0.831
0.837
0.835
0.819
0.827
0.85
0.833
0.819
0.839
0.826
0.818
0.846
0.836
0.833
0.834
0.825
0.819
0.814
0.834
0.828
0.806
0.82
0.81
0.791
0.804
0.785
0.776
0.775
0.76
0.745
0.738
0.746
0.734
0.734
0.736
0.742
0.746
0.748
0.756
0.757
0.761
0.757
0.758
0.751
0.769
0.766
0.764
0.76
0.743
0.749
0.753
0.775
0.747
0.756
0.751
0.759
0.766
0.775
0.781
0.762
0.769
0.769
0.775
0.773
0.772
0.763
0.76
0.762
0.76
0.753
0.754
0.75
0.749
0.742
0.725
0.722
0.718
0.716
0.7751136
0.7751157
0.7751264
0.7751454
0.715
0.723
0.741
0.755
0.741
0.772
0.764
0.759
0.758
0.756
0.757
0.75
0.738
0.739
0.724
0.73
0.758
0.753
0.761
0.768
0.764
0.778
0.777
0.772
0.782
0.791
0.782
0.789
0.802
0.79
0.792
0.806
0.8
0.792
0.795
0.804
0.791
0.797
0.81
0.798
0.802
0.813
0.8
0.802
0.809
0.794
0.803
0.808
0.795
0.81
0.804
0.804
0.802
0.809
0.812
0.808
0.795
0.804
0.815
0.802
0.81
0.828
0.798
0.823
0.82
0.806
0.836
0.833
0.817
0.838
0.825
0.812
0.824
0.813
0.814
0.835
0.819
0.819
0.832
0.833
0.817
0.831
0.822
0.81
0.812
0.821
0.832
0.829
0.818
0.811
0.815
0.818
0.803
0.805
0.818
0.791
0.796
0.795
0.804
0.789
0.806
0.793
0.786
0.776
0.783
0.781
0.775
0.77
0.8155078
0.809
0.789
0.805
0.793
0.799
0.792
0.806
0.807
0.811
0.805
0.818
0.82
0.811
0.811
0.807
0.798
0.795
0.795
0.795
0.807
0.811
0.806
0.802
0.814
0.813
0.811
0.806
0.792
0.809
0.801
0.791
0.799
0.803
0.806
0.801
0.791
0.815
0.803
0.804
0.799
0.806
0.829
0.804
0.812
0.818
0.811
0.809
0.811
0.808
0.831
0.82
0.822
0.829
0.836
0.831
0.816
0.815
0.824
0.823
0.82
0.813
0.793
0.814
0.81
0.796
0.798
0.8
0.798
0.811
0.825
0.809
0.812
0.831
0.823
0.817
0.84
0.846
0.839
0.853
0.844
0.841
0.867
0.854
0.841
0.864
0.846
0.841
0.847
0.86
0.841
0.845
0.848
0.835
0.848
0.789516
0.834
0.841
0.7856136
0.831
0.828
0.843
0.816
0.833
0.842
0.819
0.833
0.773408
0.815
0.817
0.7692936
0.815
0.817
0.7652163
0.772
0.7625367
0.82
0.7599003
0.82
0.757318
0.7560503
0.7548002
0.753569
0.806
0.806
0.799
0.7488159
0.79
0.785
0.76
0.732
0.74
0.709
0.717
0.698
0.689
0.699
0.686
0.681
0.686
0.683
0.676
0.668
0.7214632
0.754
0.665
0.669
0.663
0.653
0.665
0.657
0.652
0.67
0.66
0.659
0.666
0.666
0.664
0.671
0.666
0.657
0.652
0.651
0.666
0.663
0.655
0.659
0.665
0.655
0.655
0.671
0.662
0.655
0.662
0.665
0.65
0.65
0.659
0.653
0.646
0.656
0.653
0.645
0.638
0.644
0.642
0.639
0.64
0.635
0.626
0.629
0.621
0.62
0.638299
0.6367085
0.608
0.61
0.603
0.599
0.602
0.594
0.586
0.593
0.592
0.584
0.585
0.588
0.589
0.586
0.594
0.587
0.583
0.589
0.586
0.581
0.584
0.589
0.583
0.585
0.593
0.579
0.589
0.594
0.582
0.586
0.594
0.59
0.59
0.595
0.595
0.59
0.59
0.593
0.599
0.587
0.594
0.594
0.59
0.593
0.597
0.584
0.592
0.597
0.584
0.588
0.594
0.59
0.586
0.593
0.594
0.588
0.592
0.595
0.584
0.588
0.595
0.584
0.59
0.592
0.591
0.59
0.592
0.593
0.582
0.586
0.586
0.575
0.578
0.583
0.572
0.573
0.577
0.579
0.565
0.571
0.577
0.564
0.569
0.573
0.574
0.56
0.563
0.573
0.56
0.562
0.566
0.566
0.558
0.56
0.564
0.549
0.552
0.56
0.555
0.554
0.556
0.559
0.546
0.549
0.554
0.54
0.568
0.55
0.559
0.543
0.547
0.555
0.549
0.545
0.547
0.553
0.538
0.542
0.548
0.547
0.543
0.541
0.549
0.536
0.538
0.54
0.547
0.545
0.539
0.545
0.546
0.539
0.535
0.545
0.545
0.538
0.538
0.54
0.548
0.538
0.537
0.539
0.542
0.532
0.537
0.545
0.54
0.537
0.538
0.545
0.533
0.533
0.541
0.502
0.573
0.537
0.546
0.534
0.533
0.534
0.541
0.526
0.531
0.543
0.534
0.531
0.534
0.541
0.521
0.528
0.536
0.539
0.524
0.531
0.541
0.53
0.528
0.53
0.537
0.517
0.524
0.531
0.533
0.521
0.527
0.539
0.527
0.521
0.525
0.534
0.524
0.522
0.523
0.53
0.515
0.52
0.526
0.529
0.52
0.52
0.533
0.527
0.521
0.523
0.53
0.516
0.521
0.526
0.53
0.516
0.521
0.531
0.528
0.52
0.523
0.53
0.522
0.517
0.519
0.527
0.511
0.516
0.518
0.523
0.509
0.513
0.521
0.519
0.513
0.513
0.522
0.519
0.514
0.506
0.515
0.519
0.516
0.509
0.517
0.524
0.519
0.511
0.516
0.523
0.517
0.509
0.517
0.518
0.514
0.509
0.516
0.517
0.511
0.509
0.515
0.52
0.505
0.508
0.516
0.522
0.505
0.509
0.515
0.521
0.515
0.511
0.511
0.513
0.518
0.519
0.51
0.508
0.51
0.518
0.506
0.507
0.512
0.515
0.502
0.507
0.511
0.514
0.5
0.506
0.514
0.511
0.504
0.505
0.516
0.515
0.507
0.5
0.505
0.504
0.504
0.521
0.517
0.509
0.503
0.519
0.515
0.51
0.508
0.496
0.504
0.507
0.507
0.501
0.492
0.491
0.505
0.5
0.489
0.492
0.501
0.501
0.488
0.493
0.502
0.505
0.491
0.495
0.499
0.505
0.495
0.495
0.497
0.503
0.498
0.493
0.499
0.501
0.494
0.491
0.496
0.5
0.486
0.449
0.533
0.501
0.484
0.491
0.493
0.499
0.489
0.489
0.491
0.499
0.5
0.49
0.486
0.494
0.5
0.498
0.486
0.495
0.499
0.5
0.489
0.496
0.502
0.495
0.49
0.499
0.5
0.491
0.4953828
0.4952878
0.508
0.485
0.488
0.497
0.497
0.49
0.486
0.492
0.497
0.493
0.486
0.496
0.497
0.491
0.486
0.496
0.496
0.49
0.485
0.495
0.498
0.486
0.486
0.496
0.496
0.482
0.486
0.496
0.497
0.482
0.486
0.496
0.496
0.481
0.486
0.497
0.499
0.486
0.49
0.501
0.5
0.489
0.492
0.504
0.497
0.494
0.498
0.501
0.497
0.495
0.498
0.5
0.497
0.494
0.497
0.501
0.493
0.492
0.495
0.5
0.489
0.492
0.494
0.5
0.49
0.492
0.497
0.498
0.5
0.489
0.495
0.497
0.497
0.489
0.496
0.496
0.501
0.495
0.488
0.494
0.5
0.491
0.489
0.482
0.488
0.491
0.49
0.483
0.49
0.494
0.49
0.485
0.495
0.497
0.485
0.486
0.492
0.498
0.491
0.485
0.493
0.498
0.493
0.487
0.493
0.495
0.493
0.486
0.489
0.494
0.487
0.481
0.487
0.491
0.485
0.482
0.486
0.491
0.484
0.481
0.484
0.492
0.492
0.475
0.479
0.483
0.489
0.488
0.474
0.477
0.486
0.489
0.472
0.476
0.484
0.485
0.473
0.475
0.487
0.486
0.472
0.476
0.484
0.484
0.471
0.479
0.489
0.489
0.471
0.478
0.489
0.487
0.474
0.478
0.488
0.485
0.478
0.481
0.489
0.484
0.476
0.48
0.49
0.481
0.478
0.479
0.488
0.482
0.475
0.477
0.489
0.483
0.475
0.477
0.487
0.481
0.474
0.475
0.486
0.483
0.471
0.477
0.483
0.482
0.471
0.476
0.481
0.485
0.469
0.475
0.482
0.483
0.469
0.475
0.482
0.484
0.47
0.477
0.481
0.484
0.47
0.476
0.48
0.484
0.481
0.475
0.478
0.483
0.485
0.469
0.476
0.481
0.485
0.481
0.479
0.481
0.49
0.482
0.474
0.479
0.487
0.484
0.474
0.48
0.483
0.487
0.471
0.479
0.481
0.487
0.488
0.478
0.479
0.486
0.488
0.487
0.473
0.477
0.483
0.486
0.472
0.477
0.48
0.487
0.484
0.476
0.477
0.483
0.486
0.478
0.475
0.484
0.486
0.476
0.475
0.482
0.484
0.476
0.4781563
0.4782446
0.4783293
0.501
0.479
0.482
0.491
0.488
0.477
0.473
0.483
0.485
0.47
0.476
0.482
0.484
0.474
0.477
0.48
0.485
0.476
0.477
0.483
0.484
0.481
0.479
0.484
0.485
0.483
0.48
0.481
0.491
0.485
0.481
0.481
0.491
0.487
0.478
0.482
0.481
0.49
0.497
0.487
0.49
0.493
0.49
0.49
0.478
0.4874297
0.4878523
0.4882797
0.4887118
0.5
0.4895909
0.4900381
0.477
0.507
0.49
0.463
0.4923534
0.4928331
0.456
0.458
0.468
0.4948104
0.521
0.513
0.51
0.478
0.4974212
0.4979629
0.4985113
0.435
0.4996288
0.523
0.515
0.51
0.509
0.51
0.501
0.506
0.502
0.504
0.5
0.502
0.502
0.508
0.506
0.501
0.504
0.507
0.51
0.512
0.503
0.512
0.511
0.513
0.513
0.51
0.515
0.518
0.517
0.513
0.518
0.52
0.522
0.524
0.517
0.521
0.524
0.526
0.522
0.522
0.526
0.528
0.528
0.527
0.525
0.529
0.534
0.537
0.533
0.539
0.541
0.546
0.549
0.546
0.55
0.556
0.558
0.548
0.553
0.555
0.558
0.546
0.551
0.554
0.557
0.549
0.555
0.559
0.561
0.551
0.558
0.561
0.56
0.554
0.558
0.56
0.559
0.557
0.561
0.56
0.565
0.567
0.568
0.57
0.571
0.574
0.575
0.572
0.576
0.583
0.581
0.584
0.586
0.584
0.588
0.589
0.585
0.587
0.592
0.596
0.595
0.597
0.599
0.594
0.588
0.593
0.602
0.6
0.598
0.603
0.608
0.62
0.626
0.625
0.629
0.639
0.634
0.633
0.63
0.639
0.648
0.637
0.628
0.635
0.647
0.652
0.641
0.643
0.647
0.634
0.635
0.639
0.648
0.632
0.639
0.666
0.674
0.679
0.683
0.682
0.678
0.682
0.678
0.687
0.675
0.676
0.681
0.684
0.671
0.678
0.669
0.673
0.668
0.659
0.661
0.643
0.65
0.656
0.656
0.639
0.646
0.647
0.654
0.645
0.649
0.656
0.662
0.642
0.645
0.652
0.66
0.658
0.651
0.66
0.676
0.666
0.653
0.658
0.66
0.657
0.646
0.648
0.664
0.66
0.646
0.663
0.668
0.672
0.659
0.66
0.688
0.691
0.665
0.666
0.67
0.684
0.668
0.666
0.692
0.705
0.687
0.695
0.716
0.721
0.688
0.701
0.733
0.717
0.698
0.697
0.698
0.711
0.673
0.685
0.695
0.662
0.688
0.669
0.68
0.711
0.707
0.692
0.692
0.726
0.721
0.687
0.697
0.734
0.735
0.717
0.712
0.718
0.723
0.729
0.722
0.724
0.736
0.725
0.718
0.716
0.735
0.721
0.72
0.731
0.743
0.734
0.735
0.74
0.748
0.738
0.735
0.74
0.752
0.735
0.739
0.743
0.767
0.743
0.742
0.748
0.751
0.738
0.734
0.742
0.751
0.732
0.742
0.741
0.748
0.73
0.728
0.725
0.719
0.735
0.72
0.716
0.717
0.723
0.7278957
0.7281993
0.719
0.708
0.703
0.705
0.711
0.699
0.701
0.713
0.712
0.71
0.712
0.724
0.722
0.721
0.714
0.728
0.727
0.725
0.723
0.733
0.724
0.724
0.723
0.729
0.726
0.725
0.733
0.742
0.727
0.728
0.741
0.734
0.728
