0.885
0.913
0.887
0.904
0.9
0.882
0.9
0.89
0.879
0.896
0.885
0.905
0.902
0.905
0.903
0.918
0.886
0.896
0.897
0.854
0.857
0.857
0.863
0.866
0.86
0.852
0.88
0.883
0.86
0.883
0.886
0.862
0.869
0.873
0.847
0.86
0.871
0.846
0.872
0.871
0.873
0.902
0.876
0.894
0.893
0.899
0.886
0.857
0.869
0.86
0.84
0.852
0.857
0.84
0.876
0.879
0.87
0.891
0.886
0.875
0.889
0.882
0.876
0.884
0.885
0.871
0.895
0.889
0.863
0.877
0.886
0.864
0.875
0.875
0.871
0.862
0.871
0.858
0.853
0.865
0.866
0.858
0.878
0.873
0.862
0.904
0.852
0.855
0.859
0.861
0.844
0.851
0.859
0.847
0.86
0.867
0.853
0.879
0.872
0.862
0.876
0.873
0.858
0.845
0.87
0.867
0.858
0.851
0.867
0.859
0.854
0.889
0.831
0.858
0.862
0.85
0.859
0.858
0.858
0.856
0.871
0.869
0.863
0.872
0.859
0.866
0.877
0.875
0.88
0.86
0.868
0.859
0.841
0.86
0.848
0.828
0.81
0.826
0.832
0.828
0.87
0.854
0.815
0.852
0.853
0.839
0.884
0.847
0.854
0.871
0.877
0.861
0.874
0.871
0.865
0.877
0.87
0.875
0.903
0.848
0.873
0.869
0.867
0.899
0.887
0.858
0.875
0.873
0.859
0.88
0.876
0.866
0.903
0.859
0.875
0.91
0.867
0.879
0.886
0.873
0.87
0.901
0.848
0.859
0.879
0.863
0.859
0.871
0.86
0.857
0.894
0.839
0.854
0.861
0.857
0.855
0.869
0.859
0.871
0.881
0.867
0.871
0.876
0.882
0.858
0.871
0.865
0.852
0.893
0.877
0.844
0.904
0.892
0.861
0.888
0.886
0.87
0.874
0.885
0.868
0.872
0.899
0.847
0.874
0.9
0.853
0.866
0.91
0.857
0.863
0.907
0.893
0.853
0.912
0.894
0.854
0.916
0.896
0.86
0.917
0.899
0.862
0.923
0.884
0.885
0.919
0.898
0.863
0.916
0.894
0.861
0.906
0.866
0.875
0.91
0.896
0.863
0.908
0.894
0.864
0.908
0.891
0.866
0.882
0.915
0.896
0.86
0.914
0.9
0.87
0.924
0.91
0.878
0.926
0.876
0.889
0.913
0.852
0.908
0.888
0.848
0.899
0.853
0.904
0.886
0.896
0.847
0.911
0.857
0.909
0.897
0.852
0.914
0.875
0.899
0.899
0.904
0.901
0.853
0.918
0.862
0.913
0.894
0.865
0.903
0.898
0.858
0.909
0.895
0.897
0.898
0.87
0.908
0.855
0.879
0.902
0.867
0.885
0.886
0.889
0.895
0.858
0.899
0.849
0.891
0.879
0.873
0.821
0.888
0.872
0.852
0.859
0.89
0.876
0.874
0.837
0.902
0.884
0.881
0.877
0.828
0.894
0.838
0.835
0.869
0.854
0.858
0.867
0.864
0.835
0.885
0.839
0.883
0.875
0.87
0.874
0.841
0.843
0.832
0.841
0.864
0.826
0.862
0.863
0.847
0.856
0.838
0.896
0.886
0.882
0.839
0.9
0.89
0.862
0.862
0.896
0.844
0.863
0.886
0.849
0.881
0.882
0.891
0.886
0.902
0.893
0.899
0.902
0.859
0.919
0.899
0.856
0.916
0.897
0.887
0.892
0.847
0.912
0.9
0.896
0.891
0.903
0.902
0.869
0.9
0.889
0.893
0.854
0.862
0.883
0.873
0.872
0.867
0.881
0.826
0.79065
0.7880849
0.811
0.837
0.831
0.833
0.838
0.813
0.825
0.812
0.798
0.782
0.762
0.746
0.741
0.729
0.722
0.717
0.715
0.712
0.707
0.704
0.684
0.645
0.705
0.683
0.68
0.668
0.669
0.657
0.655
0.659
0.653
0.646
0.651
0.65
0.643
0.6895273
0.6867363
0.6838919
0.75
0.6780654
0.6750947
0.735
0.648
0.643
0.639
0.636
0.635
0.635
0.631
0.636
0.632
0.63
0.633
0.6357304
0.731
0.633
0.624
0.6244929
0.73
0.626
0.619
0.615
0.615
0.612
0.61
0.498
0.706
0.612
0.605
0.603
0.601
0.598
0.596
0.599
0.596
0.595
0.59
0.588
0.586
0.509
0.48
0.5
0.5744952
0.604
0.591
0.5695982
0.5680037
0.593
0.582
0.496
0.66
0.584
0.577
0.577
0.572
0.573
0.567
0.568
0.566
0.566
0.564
0.56
0.558
0.559
0.555
0.553
0.551
0.551
0.546
0.547
0.545
0.544
0.541
0.54
0.541
0.539
0.534
0.533
0.536
0.527
0.535
0.528
0.529
0.527
0.524
0.523
0.524
0.522
0.52
0.521
0.519
0.519
0.517
0.516
0.516
0.516
0.514
0.51
0.512
0.512
0.511
0.509
0.508
0.511
0.506
0.506
0.504
0.504
0.506
0.503
0.502
0.505
0.504
0.502
0.461
0.54
0.504
0.501
0.498
0.5
0.499
0.499
0.5
0.495
0.497
0.5
0.496
0.493
0.49
0.493
0.492
0.493
0.486
0.488
0.489
0.476
0.501
0.485
0.485
0.486
0.484
0.483
0.483
0.484
0.48
0.479
0.481
0.479
0.479
0.4878847
0.4874335
0.485
0.472
0.476
0.475
0.477
0.471
0.373
0.4841959
0.48
0.47
0.473
0.472
0.47
0.463
0.473
0.471
0.467
0.465
0.468
0.42
0.506
0.467
0.465
0.46
0.464
0.462
0.4816244
0.459
0.462
0.463
0.459
0.458
0.462
0.458
0.458
0.453
0.456
0.457
0.457
0.458
0.452
0.458
0.461
0.457
0.453
0.454
0.463
0.462
0.459
0.458
0.459
0.458
0.472
0.469
0.465
0.463
0.473
0.474
0.467
0.469
0.473
0.479
0.478
0.472
0.481
0.483
0.481
0.486
0.479
0.482
0.482
0.486
0.494
0.493
0.493
0.491
0.494
0.496
0.49
0.499
0.503
0.498
0.496
0.498
0.5129145
0.5138897
0.533
0.514
0.513
0.515
0.523
0.52
0.52
0.526
0.529
0.527
0.526
0.536
0.537
0.531
0.528
0.53
0.555
0.563
0.559
0.554
0.552
0.561
0.585
0.58
0.576
0.57
0.577
0.586
0.579
0.57
0.577
0.585
0.574
0.565
0.563
0.561
0.562
0.561
0.565
0.566
0.56
0.565
0.56
0.556
0.552
0.553
0.557
0.551
0.554
0.562
0.573
0.579
0.577
0.579
0.59
0.595
0.588
0.584
0.587
0.587
0.574
0.576
0.59
0.604
0.615
0.61
0.591
0.581
0.581
0.592
0.595
0.589
0.593
0.603
0.602
0.594
0.608
0.599
0.591
0.59
0.596
0.589
0.588
0.611
0.612
0.606
0.608
0.612
0.611
0.609
0.612
0.604
0.607
0.608
0.609
0.602
0.605
0.606
0.607
0.612
0.616
0.613
0.616
0.609
0.607
0.61
0.614
0.606
0.604
0.614
0.619
0.609
0.612
0.613
0.609
0.621
0.629
0.629
0.627
0.629
0.62
0.612
0.62
0.631
0.634
0.625
0.625
0.63
0.631
0.625
0.645
0.756
0.745
0.73
0.71
0.691
0.689
0.685
0.702
0.709
0.703
0.691
0.702
0.71
0.702
0.688
0.694
0.693
0.682
0.676
0.685
0.696
0.689
0.708
0.716
0.705
0.717
0.734
0.723
0.715
0.718
0.701
0.689
0.688
0.693
0.687
0.675
0.683
0.703
0.725
0.75
0.742
0.72
0.718
0.727
0.737
0.727
0.712
0.717
0.722
0.711
0.706
0.714
0.721
0.713
0.707
0.725
0.718
0.714
0.724
0.727
0.716
0.716
0.725
0.722
0.714
0.722
0.713
0.707
0.723
0.731
0.727
0.727
0.721
0.707
0.705
0.694
0.7
0.705
0.694
0.689
0.706
0.72
0.71
0.719
0.731
0.715
0.707
0.724
0.713
0.696
0.681
0.681
0.687
0.681
0.686
0.697
0.692
0.692
0.714
0.706
0.71
0.726
0.717
0.715
0.73
0.718
0.715
0.726
0.708
0.71
0.712
0.739
0.75
0.738
0.733
0.735
0.729
0.719
0.719
0.726
0.717
0.724
0.729
0.727
0.734
0.733
0.725
0.729
0.722
0.708
0.705
0.725
0.738
0.731
0.73
0.74
0.738
0.727
0.721
0.731
0.724
0.734
0.726
0.719
0.718
0.727
0.724
0.724
0.706
0.693
0.706
0.706
0.707
0.703
0.692
0.684
0.67
0.674
0.679
0.677
0.672
0.67
0.665
0.659
0.659
0.66
0.659
0.65
0.675
0.686
0.68
0.686
0.687
0.675
0.681
0.686
0.685
0.684
0.68
0.671
0.669
0.665
0.664
0.667
0.661
0.656
0.656
0.664
0.676
0.673
0.673
0.705
0.729
0.719
0.712
0.718
0.719
0.734
0.738
0.729
0.731
0.737
0.726
0.725
0.738
0.747
0.752
0.747
0.734
0.727
0.728
0.713
0.715
0.72
0.709
0.71
0.723
0.731
0.737
0.741
0.725
0.714
0.708
0.716
0.71
0.706
0.697
0.688
0.682
0.672
0.668
0.671
0.675
0.679
0.693
0.703
0.707
0.712
0.712
0.709
0.696
0.691
0.682
0.678
0.665
0.66
0.656
0.659
0.671
0.673
0.674
0.681
0.688
0.689
0.684
0.679
0.676
0.669
0.665
0.664
0.652
0.646
0.644
0.644
0.644
0.649
0.65
0.66
0.672
0.68
0.697
0.718
0.716
0.729
0.729
0.737
0.745
0.737
0.731
0.757
0.757
0.74
0.736
0.742
0.748
0.734
0.741
0.752
0.749
0.747
0.748
0.745
0.739
0.739
0.743
0.741
0.737
0.731
0.726
0.711
0.702
0.707
0.705
0.716
0.721
0.725
0.725
0.729
0.719
0.711
0.709
0.721
0.716
0.72
0.736
0.729
0.727
0.741
0.753
0.765
0.77
0.759
0.746
0.736
0.75
0.741
0.727
0.736
0.73
0.729
0.721
0.71
0.703
0.716
0.719
0.714
0.706
0.703
0.722
0.727
0.725
0.729
0.739
0.735
0.739
0.747
0.739
0.733
0.737
0.728
0.719
0.708
0.704
0.7
0.695
0.703
0.713
0.716
0.728
0.736
0.729
0.726
0.737
