0.799
0.796
0.792
0.806
0.821
0.817
0.823
0.833
0.824
0.825
0.836
0.825
0.824
0.834
0.824
0.821
0.831
0.831
0.827
0.841
0.839
0.837
0.847
0.842
0.836
0.81
0.8
0.804
0.814
0.826
0.838
0.851
0.843
0.839
0.845
0.835
0.832
0.841
0.847
0.853
0.862
0.868
0.862
0.862
0.873
0.869
0.854
0.854
0.856
0.85
0.849
0.856
0.851
0.848
0.852
0.846
0.842
0.846
0.853
0.837
0.823
0.818
0.823
0.835
0.827
0.822
0.83
0.839
0.833
0.835
0.832
0.82
0.814
0.819
0.817
0.816
0.819
0.814
0.813
0.816
0.808
0.808
0.817
0.815
0.81
0.815
0.813
0.81
0.812
0.816
0.813
0.815
0.811
0.804
0.808
0.807
0.802
0.804
0.798
0.789
0.787
0.778
0.8116542
0.8176955
0.8512251
0.769
0.8228048
0.775
0.775
0.784
0.788
0.788
0.778
0.801
0.849
0.8222254
0.8519273
0.8281074
0.7953965
0.8061135
0.779
0.8103041
0.8415988
0.8251384
0.8257409
0.787
0.794
0.806
0.802
0.803
0.81
0.803
0.804
0.814
0.808
0.806
0.812
0.808
0.806
0.814
0.813
0.8175243
0.8047572
0.827
0.827
0.837
0.832
0.829
0.838
0.841
0.83
0.831
0.84
0.833
0.833
0.843
0.839
0.834
0.838
0.831
0.828
0.833
0.832
0.825
0.834
0.83
0.824
0.83
0.827
0.824
0.825
0.822
0.813
0.815
0.812
0.808
0.806
0.802
0.798
0.798
0.8
0.797
0.801
0.801
0.797
0.791
0.792
0.787
0.785
0.788
0.787
0.788
0.792
0.789
0.79
0.799
0.794
0.792
0.796
0.795
0.795
0.799
0.797
0.798
0.803
0.802
0.8
0.806
0.808
0.803
0.802
0.794
0.786
0.786
0.781
0.779
0.778
0.778
0.781
0.789
0.79
0.79
0.801
0.81
0.813
0.816
0.822
0.813
0.803
0.798
0.785
0.784
0.779
0.775
0.774
0.778
0.778
0.781
0.789
0.79
0.789
0.798
0.802
0.801
0.806
0.811
0.806
0.805
0.813
0.809
0.81
0.816
0.813
0.817
0.821
0.813
0.813
0.817
0.817
0.823
0.825
0.824
0.824
0.825
0.82
0.818
0.813
0.809
0.811
0.81
0.811
0.815
0.815
0.813
0.82
0.819
0.82
0.829
0.829
0.831
0.837
0.836
0.837
0.843
0.837
0.836
0.847
0.847
0.844
0.844
0.841
0.842
0.846
0.84
0.842
0.849
0.843
0.838
0.836
0.829
0.831
0.829
0.825
0.821
0.826
0.819
0.817
0.822
0.822
0.815
0.818
0.819
0.813
0.814
0.817
0.813
0.811
0.81
0.811
0.815
0.828
0.829
0.83
0.839
0.836
0.83
0.827
0.82
0.817
0.811
0.809
0.805
0.802
0.803
0.806
0.813
0.815
0.811
0.811
0.81
0.804
0.805
0.804
0.802
0.803
0.807
0.809
0.814
0.825
0.831
0.837
0.841
0.839
0.836
0.832
0.823
0.819
0.814
0.809
0.808
0.806
0.802
0.801
0.8
0.794
0.789
0.791
0.79
0.782
0.781
0.783
0.776
0.775
0.779
0.775
0.777
0.785
0.796
0.802
0.804
0.814
0.82
0.82
0.825
0.834
0.832
0.83
0.834
0.832
0.824
0.824
0.823
0.819
0.817
0.815
0.816
0.816
0.82
0.819
0.822
0.82
0.817
0.815
0.815
0.817
0.815
0.815
0.81
0.804
0.801
0.797
0.797
0.797
0.798
0.799
0.798
0.799
0.801
0.806
0.798
0.796
0.792
0.79
0.787
0.786
0.771
0.773
0.781
0.792
0.794
0.797
0.798
0.796
0.796
0.799
0.8
0.794
0.791
0.79
0.789
0.783
0.776
0.773
0.772
0.771
0.774
0.781
0.786
0.794
0.799
0.801
0.804
0.814
0.824
0.828
0.834
0.839
0.84
0.826
0.819
0.813
0.818
0.822
0.821
0.821
0.823
0.821
0.815
0.813
0.81
0.803
0.797
0.795
0.787
0.786
0.785
0.783
0.786
0.786
0.785
0.789
0.793
0.796
0.805
0.807
0.808
0.811
0.807
0.807
0.807
0.802
0.798
0.797
0.797
0.796
0.799
0.795
0.795
0.796
0.796
0.798
0.801
0.8
0.801
0.798
0.767
0.757
0.76
0.753
0.753
0.752
0.757
0.751
0.746
0.742
0.734
0.73
0.723
0.716
0.709
0.701
0.695
0.69
0.686
0.682
0.679
0.676
0.675
0.674
0.671
0.671
0.672
0.674
0.675
0.674
0.677
0.685
0.694
0.699
0.699
0.7
0.698
0.694
0.693
0.689
0.676
0.662
0.662
0.657
0.65
0.648
0.651
0.652
0.655
0.651
0.652
0.654
0.652
0.651
0.648
0.647
0.649
0.645
0.643
0.639
0.637
0.639
0.634
0.63
0.625
0.634
0.625
0.619
0.623
0.616
0.619
0.612
0.608
0.608
0.604
0.607
0.602
0.603
0.595
0.594
0.59
0.589
0.589
0.585
0.58
0.577
0.577
0.572
0.569
0.563
0.567
0.563
0.555
0.556
0.559
0.553
0.549
0.55
0.547
0.543
0.542
0.545
0.536
0.539
0.535
0.535
0.535
0.53
0.532
0.531
0.523
0.531
0.521
0.523
0.53
0.519
0.52
0.521
0.524
0.516
0.516
0.521
0.512
0.516
0.515
0.507
0.518
0.508
0.505
0.513
0.505
0.502
0.511
0.501
0.5
0.503
0.502
0.503
0.501
0.497
0.501
0.498
0.492
0.505
0.493
0.499
0.496
0.493
0.495
0.492
0.493
0.492
0.492
0.494
0.49
0.488
0.493
0.491
0.488
0.49
0.488
0.487
0.488
0.482
0.491
0.486
0.484
0.488
0.483
0.479
0.485
0.482
0.482
0.485
0.479
0.485
0.478
0.488
0.48
0.479
0.482
0.481
0.48
0.479
0.482
0.482
0.474
0.487
0.477
0.482
0.482
0.48
0.477
0.482
0.478
0.481
0.482
0.478
0.481
0.477
0.479
0.479
0.48
0.477
0.481
0.478
0.482
0.478
0.48
0.481
0.479
0.479
0.486
0.476
0.483
0.476
0.48
0.479
0.479
0.479
0.48
0.479
0.481
0.479
0.474
0.481
0.474
0.479
0.478
0.477
0.479
0.473
0.479
0.475
0.479
0.471
0.479
0.475
0.476
0.477
0.472
0.477
0.472
0.476
0.468
0.474
0.473
0.467
0.472
0.427
0.517
0.468
0.469
0.468
0.469
0.468
0.473
0.463
0.47
0.468
0.465
0.471
0.461
0.473
0.468
0.459
0.465
0.464
0.466
0.464
0.458
0.465
0.462
0.461
0.463
0.455
0.465
0.454
0.464
0.456
0.463
0.458
0.462
0.463
0.459
0.465
0.461
0.463
0.458
0.461
0.46
0.459
0.456
0.46
0.462
0.464
0.463
0.472
0.47
0.472
0.475
0.472
0.479
0.48
0.482
0.481
0.483
0.486
0.489
0.49
0.489
0.49
0.49
0.496
0.497
0.495
0.497
0.497
0.503
0.502
0.504
0.503
0.504
0.506
0.51
0.509
0.508
0.51
0.51
0.517
0.521
0.521
0.521
0.523
0.526
0.537
0.534
0.534
0.536
0.54
0.547
0.552
0.549
0.55
0.554
0.562
0.561
0.563
0.561
0.566
0.56
0.532
0.586
0.534
0.586
0.521
0.59
0.511
0.5742247
0.508
0.552047
0.552
0.568
0.563
0.554
0.545
0.547
0.556
0.56
0.559
0.556
0.559
0.561
0.564
0.563
0.564
0.562
0.567
0.572
0.571
0.568
0.572
0.577
0.579
0.576
0.575
0.579
0.581
0.571
0.572
0.571
0.57
0.566
0.572
0.575
0.576
0.578
0.575
0.579
0.576
0.579
0.575
0.575
0.574
0.574
0.576
0.572
0.575
0.573
0.572
0.575
0.57
0.573
0.573
0.572
0.573
0.57
0.573
0.569
0.563
0.557
0.559
0.567
0.568
0.583
0.597
0.604
0.593
0.624
0.5670849
0.661
0.6185802
0.5970461
0.5864185
0.6030146
0.5883577
0.5945218
0.5970365
0.5775782
0.6256997
0.6133376
0.5895272
0.668
0.56
0.6361602
0.6210729
0.607974
0.563
0.6313876
0.6315503
0.669
0.577
0.631
0.603
0.601
0.601
0.601
0.606
0.611
0.607
0.608
0.611
0.617
0.589
0.651
0.6376
0.673
0.574
0.669
0.6367342
0.674
0.6350006
0.668
0.585
0.663
0.574
0.682
0.6256761
0.6214173
0.6203427
0.6147393
0.6242223
0.6045912
0.6696068
0.651776
0.583
0.6083799
0.6222107
0.627
0.625
0.596
0.661
0.62
0.625
0.585
0.65
0.62
0.625
0.623
0.649
0.631
0.639
0.598
0.68
0.59
0.6248988
0.6485983
0.6325342
0.648
0.649
0.581
0.639736
0.6
0.671
0.642
0.645
0.6355944
0.6355766
0.6624375
0.6326392
0.646
0.643
0.583
0.6662414
0.608611
0.6489377
0.6403561
0.683
0.632
0.621
0.602
0.659
0.632
0.637
0.6424057
0.674
0.6454713
0.685
0.631
0.631
0.631
0.635
0.621
0.631
0.634
0.618
0.629
0.633
0.623
0.643
0.6286327
0.688
0.6318867
0.619022
0.6180853
0.694
0.6441847
0.6470267
0.63
0.627
0.619
0.613
0.602
0.609
0.616
0.62
0.626
0.619
0.625
0.633
0.615
0.616
0.624
0.628
0.634
0.632
0.619
0.627
0.629
0.64
0.6448306
0.6614671
0.6829775
0.6353417
0.6013326
0.6640651
0.6320027
0.6326616
0.6652171
0.6407826
0.6234051
0.6500913
0.6443202
0.697
0.635
0.635
0.648108
0.703
0.6557955
0.691
0.642086
0.694
0.651
0.649
0.6622979
0.6462699
0.6569506
0.6716421
0.659455
0.6454128
0.674
0.657
0.646
0.658
0.654
0.652
0.661
0.676209
0.6737166
0.6657726
0.6603904
0.644
0.642
0.611
0.698
0.661
0.673
0.6474154
0.6853876
0.647
0.66
0.6499168
0.7029464
0.649
0.644
0.6920657
0.672
0.64
0.638
0.616
0.66
0.646
0.638
0.651
0.654
0.663
0.6634775
0.714
0.657
0.661
0.6498956
0.719
0.671
0.661
0.6569662
0.675476
0.685
0.672
0.681
0.695
0.685
0.691
0.688
0.69
0.712
0.72
0.721
0.725
0.716
0.704
0.706
0.667
0.686
0.68
0.678
0.662
0.646
0.656
0.665
0.664
0.675
0.687
0.698
0.704
0.688
0.704
0.695
0.694
0.703
0.704
0.712
0.701
0.702
0.708
0.718
0.696
0.706
0.716
0.689
0.718
0.703
0.681
0.695
0.685
0.706
0.709
0.704
0.706
0.713
0.677
0.69
0.69
0.692
0.691
0.679
0.66
0.685
0.687
0.684
0.675
0.675
0.66
0.665
0.684
0.677
0.675
0.678
0.674
0.673
0.662
0.646
0.659
0.643
0.666
0.642
0.669
0.665
0.655
0.654
0.669
0.656
0.668
0.668
0.674
0.66
0.665
0.663
0.666
0.673
0.663
0.674
0.689
0.666
0.676
0.688
0.67
0.671
0.67
0.681
0.663
0.669
0.683
0.662
0.671
0.667
0.694
0.676
0.674
0.659
0.691
0.673
0.689
0.714
0.717
0.708
0.724
0.719
0.718
0.723
0.701
0.719
0.715
0.717
0.71
0.69
0.679
0.667
0.671
0.671
0.694
0.687
0.692
0.711
0.72
0.699
0.71
0.709
0.707
0.711
0.687
0.699
0.709
0.692
0.701
0.675
0.699
0.68
0.694
0.68
0.702
0.701
0.697
0.7
0.693
0.69
0.663
0.677
0.67
0.695
0.674
0.697
0.677
0.683
0.694
0.694
0.677
0.701
0.694
0.694
0.699
0.681
0.689
0.693
0.671
0.68
0.686
0.655
0.686
0.683
0.679
0.667
0.676
0.699
0.699
0.686
0.692
0.708
0.706
0.678
0.712
0.69
0.707
0.697
0.682
0.7
0.688
0.685
0.68
0.668
0.653
0.656
0.66
0.651
0.661
0.652
0.651
0.649
0.665
0.669
0.674
0.669
0.663
0.66
0.688
0.66
0.696
0.68
0.662
0.692
0.687
0.69
0.697
0.691
0.698
0.693
0.693
0.678
0.675
0.686
0.687
0.665
0.685
0.67
0.652
0.687
0.678
0.668
0.661
0.667
0.672
0.661
0.684
0.687
0.688
0.689
0.696
0.676
0.691
0.688
0.667
0.675
0.671
0.653
0.655
0.662
0.655
0.652
0.627
0.665
