0.923
0.886
0.891
0.922
0.93
0.899
0.936
0.954
0.936
0.945
0.918
0.881
0.864
0.862
0.88
0.905
0.936
0.926
0.953
0.977
0.984
0.955
0.98
0.994
0.987
0.97
0.995
0.992
0.961
0.969
0.98
0.985
0.958
0.983
0.979
0.975
0.949
0.97
0.987
0.972
0.952
0.972
0.976
0.963
0.957
0.992
0.989
0.963
0.991
0.988
0.967
0.966
0.978
0.988
0.97
0.982
0.989
0.977
0.96
0.994
0.979
0.994
1.013
1.021
0.992
0.996
1
0.969
0.94
0.958
0.944
0.962
0.967
0.934
0.957
0.956
0.936
0.948
0.973
0.977
0.957
0.961
0.979
0.982
0.933
0.958
0.975
0.979
0.967
0.984
1.003
0.969
0.989
1.001
1.001
0.976
0.979
0.998
0.997
0.965
0.987
0.998
0.999
0.977
0.98
0.976
0.968
0.945
0.97
0.958
0.966
0.982
0.97
0.912
0.894
0.885
0.894
0.9
0.89
0.905
0.927
0.934
0.912
0.928
0.938
0.944
0.917
0.909
0.928
0.925
0.93
0.908
0.898
0.91
0.925
0.936
0.925
0.95
0.965
0.951
0.96
0.976
0.963
0.981
0.983
0.943
0.971
0.978
0.979
0.95
0.963
0.972
0.968
0.963
0.937
0.957
0.959
0.97
0.947
0.948
0.961
0.972
0.965
0.949
0.975
0.973
0.963
0.938
0.96
0.975
0.967
0.945
0.961
0.96
0.948
0.932
0.949
0.951
0.934
0.93
0.95
0.948
0.936
0.94
0.961
0.968
0.947
0.928
0.96
0.965
0.963
0.942
0.952
0.915
0.881
0.888
0.873
0.896
0.912
0.912
0.927
0.944
0.948
0.915
0.945
0.936
0.948
0.958
0.953
0.929
0.95
0.958
0.962
0.942
0.967
0.966
0.969
0.949
0.97
0.975
0.973
0.952
0.976
0.972
0.985
0.995
0.968
0.993
0.993
0.968
0.993
0.978
0.991
0.987
0.975
0.987
0.977
0.942
0.938
0.918
0.88
0.876
0.89
0.884
0.904
0.923
0.938
0.951
0.941
0.954
0.958
0.954
0.932
0.947
0.949
0.954
0.929
0.946
0.945
0.944
0.925
0.945
0.954
0.947
0.945
0.972
0.97
0.961
0.937
0.947
0.952
0.954
0.917
0.919
0.928
0.929
0.909
0.914
0.935
0.938
0.931
0.938
0.958
0.933
0.912
0.915
0.914
0.887
0.909
0.921
0.93
0.911
0.941
0.944
0.948
0.934
0.943
0.947
0.96
0.948
0.93
0.947
0.953
0.943
0.91
0.86
0.881
0.879
0.893
0.883
0.894
0.918
0.928
0.923
0.92
0.938
0.943
0.929
0.909
0.928
0.933
0.934
0.901
0.931
0.924
0.938
0.952
0.965
0.948
0.956
0.966
0.966
0.938
0.952
0.951
0.938
0.951
0.95
0.934
0.954
0.962
0.956
0.931
0.948
0.938
0.918
0.933
0.932
0.916
0.938
0.946
0.945
0.924
0.927
0.947
0.957
0.938
0.933
0.944
0.932
0.908
0.898
0.912
0.899
0.909
0.876
0.876
0.898
0.917
0.89
0.925
0.936
0.938
0.918
0.944
0.945
0.945
0.918
0.94
0.8306559
0.8376399
0.882
0.833
0.84
0.824
0.817
0.797
0.808
0.794
0.806
0.799
0.792
0.783
0.771
0.781
0.785
0.783
0.785
0.776
0.767
0.768
0.751
0.745
0.727
0.735
0.742
0.738
0.723
0.722
0.723
0.708
0.702
0.699
0.716
0.715
0.696
0.704
0.703
0.699
0.682
0.692
0.69
0.688
0.692
0.7
0.692
0.687
0.7
0.688
0.684
0.681
0.685
0.683
0.678
0.691
0.679
0.678
0.684
0.682
0.662
0.671
0.668
0.662
0.662
0.67
0.67
0.659
0.677
0.665
0.657
0.654
0.658
0.66
0.654
0.667
0.67
0.666
0.7196796
0.66
0.648
0.642
0.649
0.642
0.634
0.648
0.644
0.636
0.623
0.637
0.642
0.638
0.646
0.656
0.654
0.638
0.65
0.644
0.623
0.633
0.639
0.635
0.628
0.635
0.619
0.624
0.631
0.63
0.629
0.631
0.632
0.613
0.616
0.6598973
0.617
0.621
0.618
0.618
0.613
0.6567178
0.624
0.636
0.638
0.623
0.633
0.637
0.63
0.616
0.6991645
0.612
0.629
0.621
0.623
0.635
0.622
0.615
0.618
0.621
0.606
0.608
0.622
0.616
0.613
0.61
0.615
0.604
0.591
0.6
0.607
0.604
0.6
0.609
0.61
0.603
0.596
0.604
0.605
0.6
0.605
0.609
0.605
0.591
0.594
0.598
0.597
0.592
0.601
0.602
0.59
0.587
0.6616342
0.586
0.592
0.592
0.586
0.583
0.589
0.587
0.578
0.585
0.596
0.6223363
0.587
0.59
0.585
0.585
0.581
0.583
0.6
0.598
0.6555899
0.6648839
0.638
0.631
0.631
0.635
0.659
0.664
0.663
0.664
0.688
0.697
0.7
0.7
0.718
0.738
0.698
0.703
0.68
0.694
0.697
0.782
0.739
0.767419
0.711
0.722
0.726
0.709
0.807
0.757
0.702
0.796
0.78
0.724
0.751
0.778
0.76
0.765
0.741
0.779
0.784
0.782
0.781
0.804
0.8
0.787
0.816
0.817
0.808
0.812
0.821
0.813
0.848
0.85
0.82
0.843
0.855
0.873
0.876
0.846
0.851
0.856
0.849
0.833
0.854
0.87
0.849
0.858
0.869
0.873
0.851
0.823
0.784
0.771
0.792
0.8
0.798
0.839
0.876
0.826
0.841
0.835
0.818
0.849
0.843
0.841
0.868
0.873
0.867
0.904
0.904
0.908
0.931
0.904
0.922
0.926
0.91
0.936
0.916
0.91
0.935
0.928
0.895
0.905
0.91
0.885
0.889
0.889
0.868
0.858
0.881
0.891
0.868
0.894
0.908
0.894
0.917
0.928
0.91
0.936
0.931
0.921
0.938
0.922
0.921
0.931
0.913
0.938
0.945
0.919
0.938
0.931
0.919
0.939
0.938
0.917
0.915
0.926
0.924
0.9
0.919
0.929
0.915
0.912
0.934
0.936
0.902
0.911
0.885
0.824
0.848
0.832
0.9173312
0.9185566
0.9094599
0.829
0.831
0.854
0.886
0.906
0.892
0.912
0.922
0.911
0.896
0.901
0.9
0.896
0.88
0.902
0.916
0.899
0.904
0.925
0.912
0.928
0.947
0.945
0.924
0.921
0.914
0.89
0.876
0.902
0.912
0.908
0.918
0.937
0.936
0.921
0.94
0.937
0.902
0.921
0.923
0.895
0.914
0.911
0.909
0.883
0.904
0.913
0.896
0.901
0.919
0.926
0.906
0.923
0.931
0.91
0.879
0.88
0.877
0.846
0.828
0.844
0.821
0.837
0.862
0.868
0.912
0.939
0.927
0.937
0.961
0.964
0.937
0.949
0.947
0.931
0.913
0.928
0.924
0.894
0.914
0.925
0.92
0.907
0.927
0.92
0.907
0.927
0.92
0.905
0.912
0.927
0.932
0.909
0.929
0.936
0.942
0.923
0.939
0.92
0.867
0.859
0.874
0.856
0.831
0.831
0.849
0.867
0.87
0.895
0.91
0.92
0.912
0.939
0.932
0.942
0.933
0.903
0.92
0.915
0.905
0.884
0.904
0.904
0.912
0.898
0.924
0.93
0.916
0.938
0.93
0.939
0.948
0.934
0.955
0.942
0.953
0.952
0.947
0.925
0.924
0.929
0.933
0.906
0.929
0.933
0.939
0.926
0.939
0.943
0.944
0.92
0.932
0.937
0.919
0.907
0.873
0.888
0.884
0.87
0.896
0.906
0.894
0.901
0.915
0.91
0.898
0.917
0.903
0.926
0.93
0.932
0.911
0.921
0.92
0.916
0.899
0.91
0.909
0.907
0.892
0.903
0.906
0.888
0.896
0.904
0.898
0.887
0.896
0.889
0.879
0.868
0.879
0.88
0.843
0.827
0.822
0.816
0.818
0.799
0.823
0.835
0.842
0.837
0.859
0.865
0.869
0.859
0.865
0.861
0.85
0.835
0.841
0.835
0.825
0.826
0.842
0.846
0.848
0.851
0.866
0.871
0.863
0.876
0.883
0.895
0.878
0.897
0.901
0.913
0.896
0.898
0.882
0.857
0.835
0.844
0.846
0.825
0.846
0.854
0.846
0.843
0.864
0.874
0.858
0.858
0.868
0.873
0.85
0.863
