0.8593404
0.847669
0.8598385
0.8391892
0.8400545
0.8574467
0.8571889
0.8460242
0.8660564
0.8768922
0.8580232
0.8502308
0.863767
0.8783453
0.8645466
0.86731
0.8765134
0.8632963
0.8666426
0.8861217
0.8703976
0.8517774
0.8654577
0.8569665
0.8620415
0.8881735
0.8934049
0.8744649
0.8713345
0.890187
0.8791343
0.8797794
0.8959456
0.8933486
0.8701861
0.8640799
0.8911573
0.8906983
0.8826442
0.9074862
0.9133833
0.8952055
0.8895251
0.901621
0.8930512
0.8853706
0.8860951
0.8774501
0.8656741
0.8441752
0.8755584
0.9010902
0.8803791
0.8848053
0.8889841
0.8742274
0.8841686
0.8900018
0.8913548
0.9011833
0.9012477
0.8811977
0.8647357
0.8695802
0.876302
0.8704928
0.8613616
0.8819182
0.8871882
0.8815543
0.8868579
0.8715544
0.867188
0.8742792
0.857761
0.8534919
0.8615575
0.8615398
0.860226
0.8579014
0.8660799
0.8750189
0.8693388
0.8643796
0.8700211
0.867742
0.8610266
0.8799071
0.8746063
0.8487055
0.864371
0.8783774
0.8728074
0.8669806
0.8746569
0.8805135
0.8762475
0.8731108
0.885131
0.8786767
0.8445993
0.881632
0.9046581
0.8777838
0.8764732
0.889817
0.8827367
0.8835422
0.883041
0.8700581
0.8590515
0.8433425
0.8596428
0.8451176
0.8434829
0.8698754
0.8778184
0.8753931
0.8700918
0.8677341
0.8587392
0.8609728
0.8812165
0.8770132
0.8548622
0.8735766
0.8718238
0.8641508
0.8703379
0.8615976
0.8770177
0.8845325
0.8807217
0.8792735
0.871012
0.8727591
0.8800556
0.8759232
0.8676623
0.8765643
0.888533
0.8791115
0.8758995
0.8943795
0.8820933
0.8615635
0.8932973
0.9024589
0.868201
0.8766474
0.8877886
0.8674523
0.8842245
0.8988747
0.8771902
0.8714257
0.8749378
0.8887904
0.8845738
0.8654926
0.8911657
0.9015633
0.8647204
0.8514885
0.8707309
0.871052
0.8744946
0.8846696
0.8784336
0.8780846
0.8740031
0.8877963
0.8857299
0.8591566
0.8833124
0.8971267
0.8734793
0.8722853
0.8809959
0.8796626
0.8887824
0.8977572
0.8921654
0.8813619
0.8790023
0.8945209
0.8909394
0.8809206
0.8913814
0.8923102
0.8940878
0.8775842
0.8819466
0.8899019
0.8625189
0.8920711
0.9045347
0.8743578
0.8738858
0.8862229
0.8875009
0.8876569
0.8871113
0.8894221
0.8876092
0.8785997
0.9015673
0.9074634
0.8799821
0.8928301
0.8907855
0.8695756
0.8838047
0.8899629
0.8806345
0.8908292
0.8850172
0.8690659
0.8707084
0.8591205
0.8782987
0.8849608
0.88509
0.9071774
0.9005207
0.8881813
0.9029819
0.9156274
0.8975163
0.900575
0.9021802
0.8962713
0.8969754
0.877665
0.9079283
0.9206238
0.8880444
0.8999878
0.9008054
0.8778965
0.9012898
0.8965542
0.8748057
0.8785229
0.8653672
0.8908186
0.9003108
0.8748721
0.8790743
0.8874163
0.8793621
0.8909313
0.9061619
0.8860094
0.8848215
0.8877861
0.8827631
0.8787995
0.8567259
0.8884256
0.9036875
0.8733896
0.8771265
0.8802976
0.8754295
0.8697586
0.8685214
0.881723
0.8827469
0.8804305
0.8907233
0.8765387
0.8554728
0.8870762
0.8959781
0.8680827
0.8834207
0.890169
0.8782729
0.8964613
0.9069966
0.8851242
0.880585
0.8857281
0.8887331
0.8817513
0.8613473
0.8885837
0.891967
0.8619567
0.8790974
0.9013927
0.8962169
0.8822447
0.8940109
0.8911939
0.8740933
0.904651
0.9054646
0.8617151
0.861725
0.8864435
0.8823459
0.8476325
0.830215
0.8420229
0.8358398
0.8404353
0.8419659
0.8347046
0.8432987
0.8483209
0.8653244
0.8607525
0.8628776
0.862196
0.8572837
0.8712272
0.861794
0.8778788
0.8877974
0.8773795
0.880917
0.9027143
0.9079008
0.8822259
0.8991439
0.9143002
0.899045
0.9070672
0.9047266
0.912553
0.9201425
0.8890817
0.902377
0.9206945
0.902365
0.8958196
0.9236221
0.9329901
0.9010351
0.9002281
0.9017551
0.8999052
0.8951251
0.8696608
0.9027331
0.9191105
0.8925085
0.9027637
0.9062495
0.9108556
0.9038091
0.8976164
0.916618
0.903787
0.9008528
0.9052851
0.8894358
0.9007065
0.9043456
0.8907868
0.8804177
0.878243
0.8973423
0.8858419
0.8828747
0.8827038
0.8570247
0.8737204
0.8939025
0.8805932
0.858268
0.8623086
0.8918018
0.8975845
0.9007532
0.8971995
0.8882816
0.9183536
0.9133031
0.8957166
0.9207647
0.9267405
0.9215784
0.9194198
0.9243281
0.9232969
0.9142297
0.9108435
0.8992129
0.911227
0.9110457
0.8938895
0.9040602
0.9061354
0.9042509
0.8844738
0.8715221
0.906547
0.9201191
0.878375
0.8569323
0.8942837
0.8809895
0.8345989
0.8203877
0.8335114
0.8700627
0.8560219
0.8295847
0.8351917
0.8410593
0.8433075
0.8296461
0.8276296
0.8283875
0.8084059
0.7910813
0.7991079
0.7932355
0.7796016
0.7867559
0.7726412
0.7735475
0.7764775
0.7593836
0.7618168
0.758361
0.7555268
0.7682252
0.7575558
0.748873
0.7552927
0.7492231
0.7499821
0.7474671
0.7406271
0.744399
0.7385602
0.7324521
0.7254401
0.7164599
0.7210755
0.7186453
0.7144473
0.7183113
0.7151931
0.7134475
0.7108186
0.7067647
0.7093531
0.7103623
0.7030429
0.710066
0.7212661
0.7111515
0.7182479
0.7152914
0.7020875
0.7041448
0.6966102
0.696409
0.6966147
0.6929532
0.6995632
0.6969462
0.6900976
0.701819
0.6964612
0.6834506
0.6863134
0.6777123
0.67487
0.6748452
0.6643324
0.6724577
0.6729459
0.6602595
0.6687731
0.668239
0.6554556
0.6618772
0.6621396
0.6550693
0.6644594
0.6639686
0.6569099
0.6614344
0.660662
0.6546929
0.6568054
0.650844
0.6522886
0.6580329
0.6490958
0.6509107
0.6508889
0.6413017
0.6460178
0.6461821
0.6365877
0.6456077
0.6463199
0.6366572
0.6419439
0.6430093
0.638443
0.6374858
0.631002
0.6323354
0.6332868
0.6240114
0.6292195
0.6300918
0.6204911
0.6254645
0.6261245
0.6217556
0.6195977
0.619239
0.6200476
0.6139352
0.621529
0.624521
0.6140027
0.6202428
0.6209249
0.6118805
0.620141
0.6232989
0.618412
0.622863
0.6223366
0.6258951
0.6276867
0.618581
0.6258835
0.6269988
0.6169392
0.6228041
0.622837
0.6157727
0.6197872
0.6169272
0.6132748
0.6162197
0.6081197
0.6073106
0.6118206
0.6048345
0.6052968
0.6066679
0.5994619
0.6024886
0.6044482
0.5976951
0.6023678
0.6042776
0.5971197
0.6006069
0.6013801
0.5937453
0.5961938
0.5988936
0.5964791
0.6031023
0.6014416
0.5944517
0.598858
0.5994272
0.5992039
0.5980686
0.5910363
0.5950221
0.5955551
0.5868975
0.5921147
0.596819
0.5922706
0.5932203
0.5920667
0.5894968
0.5936494
0.5971339
0.5944295
0.5920403
0.5950609
0.5922189
0.5917519
0.5957484
0.5919258
0.5951433
0.6033102
0.5989095
0.5971496
0.6103732
0.6208098
0.6231527
0.6292847
0.6363794
0.633951
0.6317416
0.6463402
0.6504732
0.6457819
0.6375939
0.6647631
0.6907557
0.6658958
0.6919006
0.7077722
0.6944756
0.7002947
0.6992057
0.6938427
0.6847111
0.6936421
0.6941114
0.6862562
0.6962618
0.7017425
0.6904863
0.6848815
0.7021672
0.7041706
0.6908765
0.6926691
0.7015317
0.7024263
0.689116
0.6920575
0.7070403
0.6972462
0.6852331
0.6967743
0.7026166
0.6934029
0.6868595
0.6764724
0.6695629
0.6836148
0.6926812
0.6796946
0.6736639
0.6892608
0.6947471
0.6812398
0.6867846
0.6865844
0.6725903
0.682789
0.6849869
0.678299
0.6948706
0.7041946
0.6902877
0.7030451
0.7156007
0.700873
0.7101919
0.7108263
0.6932309
0.6902553
0.6950823
0.688361
0.6800253
0.6894649
0.6912351
0.6841277
0.6999281
0.7126961
0.7078166
0.729472
0.7423084
0.7258149
0.7425723
0.7724228
0.7478348
0.7295757
0.7478731
0.7309609
0.7321121
0.7528866
0.7439814
0.7407496
0.7453459
0.739451
0.7315392
0.7536391
0.7538743
0.7457274
0.7600423
0.7518074
0.7455519
0.7558348
0.7523221
0.7395427
0.7623495
0.7612327
0.7389507
0.7649647
0.769894
0.7439924
0.7483118
0.754591
0.7381026
0.7446341
0.7729265
0.7803048
0.758369
0.7582617
0.7547481
0.7322366
0.7243196
0.7194455
0.7304677
0.7259819
0.7294032
0.7667983
0.7726724
0.7475885
0.7623579
0.7934152
0.7689501
0.7402361
0.7529516
0.7614115
0.7758574
0.7764066
0.7404783
0.7415421
0.7457717
0.743196
0.7609864
0.7408244
0.7393362
0.7408166
0.7330549
0.7652969
0.7637881
0.7431023
0.7644443
0.7815632
0.7659764
0.7885083
0.7908784
0.7568971
0.7904579
0.8063183
0.7872141
0.8085197
0.8163209
0.7913821
0.7870951
0.7980351
0.7909294
0.8120902
0.8183132
0.7929486
0.7890565
0.7905019
0.7908207
0.7775506
0.7978828
0.8110567
0.8062222
0.7984253
0.7609093
0.7707564
0.7716305
0.7540323
0.7653584
0.758311
0.7465185
0.7424694
0.7609178
0.7730257
0.760422
0.7817082
0.8087715
0.7898992
0.7591793
0.7399559
0.7343462
0.7271884
0.7191882
0.7237628
0.7193359
0.7279413
0.7155666
0.7286088
0.7581641
0.7203617
0.7310677
0.7547253
0.7565749
0.7913979
0.7660847
0.7306818
0.7661681
0.7684797
0.7608199
0.7696181
0.7689439
0.779701
0.7683166
0.7734048
0.7666203
0.733583
0.7571943
0.7721104
0.763054
0.7604643
0.7446179
0.7662574
0.7856277
0.7742399
0.7964383
0.8122045
0.8013413
0.800132
0.7916242
0.7691446
0.7650249
0.7809185
0.7804061
0.7724874
0.7724513
0.7771051
0.7835249
0.7853613
0.783346
0.7864917
0.7963829
0.7956176
0.7842642
0.7661392
0.7608082
0.7608071
0.7594326
0.7527694
0.7314851
0.7371003
0.744503
0.7530104
0.7614713
0.7633522
0.7960809
0.8150314
0.8081266
0.8140719
0.8163415
0.8148478
0.8173889
0.8148366
0.7973624
0.7603788
0.75077
0.7500161
0.7558985
0.7689431
0.776652
0.7825631
0.7580052
0.7680832
0.7733171
0.7413559
0.7514064
0.7585215
0.7554783
0.7514142
0.7387896
0.7382862
0.7353847
0.7497692
0.7640677
0.7601749
0.7521459
0.7345201
0.7469913
0.7583833
0.7490545
0.7540165
0.7622589
0.7648714
0.7479344
0.7525335
0.7703993
0.7630007
0.7690154
0.7839055
0.7925101
0.7943615
0.7878882
0.8165741
0.8192139
0.7795298
0.79226
0.8082996
0.8039928
0.8120167
0.7964873
0.7731884
0.7714076
0.77004
0.7506049
0.7407629
0.7621681
0.7839396
0.7936828
0.7992543
0.8126328
0.8030567
0.7753385
0.7695853
0.7880474
0.8107696
0.8233419
0.8388574
0.8471843
0.8423885
0.8392094
0.8328579
0.8293781
0.8331518
0.8205942
0.7874907
0.7790256
0.801751
0.8032294
0.7936197
0.8013632
0.8030102
0.7889591
0.810868
0.8188328
0.8063027
0.8091894
0.8045209
0.8109393
0.8165112
0.7996725
0.7842986
0.8111927
0.8081561
0.8044215
0.8256348
0.8250025
0.8366572
0.8375464
0.8136312
0.7991915
0.8185545
0.8186673
0.7923172
0.779083
0.7856023
0.8039625
0.8113101
0.820625
0.833853
0.8354399
0.8149348
0.8103738
0.8007871
0.7697919
0.7878028
0.7955153
0.8009233
0.8077924
0.8055277
0.8098474
0.7846626
0.7922916
0.8131509
0.7919681
0.7709279
0.783751
0.7663826
0.7484212
0.7766516
0.7896697
0.7896307
0.7968336
0.8058988
0.8008822
0.7908022
0.7849608
0.7960651
0.8214126
0.8024295
0.7703453
0.7915007
0.7947646
0.7856649
0.7959523
0.7885645
0.7920686
0.7975019
0.7850381
0.7835842
0.788462
0.7767393
0.7829531
0.8005571
0.7966631
0.7842134
0.7987602
0.8121433
0.7946985
0.7987265
0.8162759
0.8236472
0.822534
0.8022622
0.7897622
0.8062766
0.8137278
0.7989177
0.7855938
0.7953292
0.789058
0.7724651
0.7839792
0.7788159
0.7733579
0.7841879
0.7841153
0.7801729
0.7754572
0.7787591
0.7663678
0.7523316
0.7703534
0.7800865
0.7838425
0.7692962
0.7690777
0.7886363
0.7841066
0.7981066
0.7948592
0.7709988
0.7739767
0.7860032
0.7924252
0.7935914
0.8088831
0.809045
0.7821729
0.7936588
0.8256772
0.8188901
0.8114765
