0.7858752
0.8006583
0.8370942
0.8026728
0.7708328
0.7922881
0.814691
0.7937545
0.7783881
0.7847649
0.7810129
0.7805573
0.7843175
0.7833037
0.788758
0.7852322
0.7638975
0.7787984
0.8057813
0.8024373
0.7837211
0.8020291
0.8336232
0.7953481
0.7666965
0.7908317
0.7810606
0.7911432
0.8240641
0.7873801
0.7668847
0.780446
0.766298
0.7810041
0.8146983
0.7904859
0.7708086
0.7911184
0.7829479
0.7895448
0.8216561
0.7915775
0.7700966
0.7861968
0.7824103
0.779025
0.7788819
0.7781488
0.766688
0.7856915
0.8150189
0.7838878
0.7689108
0.7834015
0.77709
0.7815564
0.7902428
0.7777189
0.7698064
0.7772943
0.778994
0.7796025
0.7819887
0.7788353
0.7719463
0.7876581
0.8060169
0.7907591
0.7821689
0.7728234
0.7687398
0.7859444
0.7888633
0.7879216
0.7940389
0.7899201
0.7839227
0.7916874
0.7930238
0.7886636
0.7891619
0.7867002
0.7844613
0.7935758
0.7945252
0.7875358
0.7993929
0.7916044
0.7755228
0.7928802
0.8040651
0.7814179
0.7714363
0.7807461
0.7867191
0.7838859
0.7759727
0.7849521
0.7907917
0.7942088
0.7978102
0.787726
0.7833393
0.7886155
0.788903
0.7896243
0.7875537
0.7874791
0.7874981
0.7942339
0.8055139
0.795489
0.7899853
0.7867834
0.7890223
0.7878073
0.7896901
0.7907227
0.7695167
0.7784229
0.7764936
0.7790651
0.8003521
0.7898776
0.7821865
0.7770153
0.7673034
0.773005
0.7462611
0.7451823
0.7656489
0.769797
0.7670266
0.7518389
0.7451979
0.7354359
0.7561476
0.7795533
0.7747697
0.7743702
0.7689611
0.7480734
0.7548082
0.7668729
0.7627355
0.756427
0.7660976
0.7753318
0.7517772
0.7415173
0.7669571
0.7747002
0.7781939
0.7897647
0.7722009
0.7559748
0.7678123
0.7726631
0.7745486
0.7695087
0.7633119
0.7791989
0.7640094
0.7521319
0.7530808
0.7324256
0.7489982
0.7577526
0.753079
0.7637047
0.7599986
0.7685971
0.7812335
0.7928257
0.7705383
0.730191
0.7650157
0.8075963
0.7826641
0.7670603
0.7601312
0.7313728
0.7400785
0.7495513
0.7599128
0.7516578
0.7538775
0.7778877
0.7845115
0.7720772
0.7637698
0.7732624
0.7614569
0.7476081
0.7343939
0.748487
0.7447498
0.7477218
0.7615605
0.7395901
0.7391376
0.7581942
0.767438
0.7568345
0.7480892
0.7579516
0.7590861
0.7587175
0.7584944
0.7504703
0.7459333
0.7685275
0.7932348
0.7710527
0.7564611
0.7744664
0.7859138
0.7809762
0.7739089
0.7784293
0.7709676
0.7725952
0.7961578
0.7888279
0.7710874
0.7741986
0.7842478
0.7775364
0.7628361
0.7634033
0.7453964
0.7502135
0.7708462
0.7630977
0.7616204
0.7651948
0.7555996
0.7567393
0.7713432
0.7687597
0.7683689
0.7674464
0.7645275
0.7749019
0.7823608
0.7759077
0.7609231
0.7585808
0.7737656
0.7609297
0.7506442
0.7900254
0.8169948
0.8026203
0.8067144
0.8109678
0.7851783
0.7887783
0.8112584
0.7956879
0.7781591
0.7778074
0.7660187
0.7675628
0.7800064
0.7868311
0.7865848
0.7792511
0.7741485
0.7750899
0.7745113
0.7861806
0.7992783
0.7910068
0.7793507
0.7873688
0.8071539
0.7971817
0.7752164
0.7724079
0.7811917
0.7745837
0.7553029
0.7659724
0.7801194
0.7769619
0.7717387
0.7833365
0.7900753
0.7875331
0.8016134
0.7894717
0.7796926
0.7914129
0.7755719
0.7772979
0.8056424
0.7886286
0.7721577
0.7672799
0.7466159
0.7533845
0.7573157
0.753127
0.7606688
0.7506853
0.7510536
0.7713069
0.7778893
0.7883209
0.8006715
0.7999567
0.7770748
0.7751009
0.7928003
0.7655535
0.7481299
0.7547222
0.7513766
0.7474649
0.740356
0.7528976
0.7681332
0.7514682
0.7382996
0.753978
0.7608104
0.7595464
0.762547
0.7586293
0.7552515
0.7731096
0.7770611
0.7650868
0.778439
0.7708214
0.7651207
0.7655886
0.7611883
0.7749526
0.7710404
0.7669475
0.7854501
0.7672808
0.7400295
0.7562495
0.7612913
0.7572041
0.7645025
0.7583734
0.7505745
0.7703932
0.7783911
0.7656334
0.7981184
0.7931786
0.7628432
0.7745762
0.7624897
0.7593935
0.7645998
0.7704777
0.7742191
0.7691543
0.7779339
0.7747108
0.7716631
0.7790664
0.7783466
0.7760769
0.7723454
0.7793677
0.7746833
0.7714151
0.7886511
0.7783786
0.7720032
0.7734398
0.7706735
0.7671312
0.7574119
0.7726834
0.7748364
0.7676588
0.7800276
0.7701761
0.7663771
0.775426
0.7758616
0.770208
0.7636242
0.7743735
0.7823344
0.7709113
0.765475
0.7746848
0.7785959
0.7697797
0.7697749
0.7763669
0.7790819
0.7758404
0.7688406
0.773734
0.7798169
0.7800104
0.7768033
0.7700038
0.7743676
0.7826775
0.7846033
0.7748867
0.7600866
0.770614
0.7761594
0.783228
0.7937491
0.7796774
0.7715205
0.7800424
0.7816665
0.78031
0.7876295
0.7820715
0.7840199
0.7802891
0.762967
0.7715072
0.7811331
0.7823374
0.7820328
0.7737554
0.7710441
0.7781978
0.7822308
0.7796416
0.7730652
0.7717874
0.7736963
0.7814354
0.7905814
0.7870649
0.7888482
0.7857201
0.7793716
0.7858956
0.7962405
0.7753229
0.7484891
0.7753697
0.7938888
0.7838363
0.7868141
0.787269
0.7831668
0.7894991
0.7891272
0.7881863
0.7763498
0.7681865
0.790907
0.7913302
0.7768604
0.7887298
0.7671485
0.7372647
0.7792452
0.7800679
0.7112688
0.7441267
0.7685917
0.7412171
0.7508849
0.7442971
0.7397349
0.7363583
0.724671
0.7010385
0.7219551
0.7453085
0.7247969
0.7152558
0.7269313
0.7288517
0.7124287
0.7108591
0.7020935
0.6884376
0.7097198
0.7166026
0.6939577
0.6871545
0.6818964
0.6726295
0.6762
0.673286
0.6646208
0.6654777
0.6608442
0.6535534
0.6516139
0.6402207
0.642375
0.6428524
0.6339277
0.646569
0.6454853
0.6399951
0.6468251
0.6399029
0.6345331
0.6424317
0.6327471
0.6342558
0.6390927
0.6289805
0.636844
0.6353429
0.6311902
0.6317769
0.6221809
0.6251923
0.6284617
0.61625
0.621927
0.6279305
0.6484075
0.6640137
0.6309737
0.6315235
0.6364403
0.6226174
0.628394
0.6223463
0.616986
0.6183966
0.6102074
0.6212152
0.6256703
0.6103571
0.6202797
0.6188892
0.6090499
0.6146399
0.6106599
0.6093188
0.6121422
0.6031494
0.6069048
0.6099678
0.5986403
0.610164
0.6086559
0.5941523
0.6024463
0.5998001
0.5969299
0.6010815
0.5925703
0.5960431
0.5959691
0.5904431
0.5952339
0.5922706
0.5948054
0.5948563
0.5866055
0.5890632
0.5890022
0.5855772
0.588515
0.5869134
0.5789908
0.5800537
0.5853487
0.581258
0.5849577
0.5843745
0.5765263
0.5864489
0.5843016
0.5785695
0.585943
0.584627
0.584979
0.5831889
0.5861442
0.5862185
0.5808434
0.5851129
0.5832874
0.5812946
0.5824564
0.578223
0.5785824
0.5796913
0.5765906
0.5764389
0.5743245
0.5785852
0.5779928
0.5707245
0.5736326
0.5781837
0.571851
0.5650667
0.5725186
0.5698251
0.5679138
0.5719782
0.5671959
0.5693639
0.5643144
0.5578588
0.565451
0.5576097
0.5492777
0.5620645
0.5577923
0.5499768
0.5556814
0.5549846
0.5498846
0.5508908
0.5535033
0.5516289
0.5558863
0.552826
0.5483077
0.5513575
0.5483363
0.5482832
0.5447275
0.5412723
0.5466615
0.5446202
0.5409233
0.5398054
0.5440298
0.5447667
0.5398387
0.5423403
0.541084
0.5360979
0.5329101
0.5368326
0.5359135
0.532027
0.5380819
0.5325901
0.5345217
0.5466129
0.5406991
0.5363251
0.5349693
0.5303967
0.5296402
0.5316107
0.5297319
0.527934
0.5342575
0.5316033
0.5273692
0.5293103
0.5298638
0.5276724
0.52471
0.5275167
0.5280127
0.5262158
0.5245718
0.5270788
0.5269974
0.5213375
0.5231124
0.5232665
0.5211108
0.5218137
0.5199956
0.5181972
0.519989
0.5195938
0.5165429
0.5177722
0.5166661
0.5136991
0.5131958
0.515171
0.5141455
0.5113513
0.5148123
0.5124046
0.5081876
0.5098399
0.5133263
0.5131175
0.5112653
0.5138168
0.5183056
0.5180736
0.5130404
0.5145349
0.5203456
0.5257288
0.5278527
0.5261633
0.5248617
0.5275326
0.5356478
0.540866
0.5355032
0.5323621
0.5365458
0.5382885
0.5353869
0.5329911
0.5384613
0.5418686
0.5413915
0.5391636
0.5350861
0.5362137
0.5375036
0.5387774
0.5444008
0.5448777
0.5447836
0.5523655
0.5571948
0.5589168
0.5554207
0.5533973
0.5585414
0.5668544
0.5724644
0.5692892
0.5704107
0.5819939
0.5880143
0.5794363
0.5778513
0.5825214
0.5714433
0.5684451
0.5858171
0.5905906
0.5770704
0.5721797
0.58661
0.5983123
0.5940836
0.5827729
0.5881303
0.592905
0.581334
0.5783316
0.5861447
0.5843665
0.5664148
0.5656146
0.5620658
0.5503964
0.5604329
0.5595891
0.5516386
0.5553665
0.5608093
0.5615147
0.5520921
0.5523199
0.5600614
0.5619382
0.5596192
0.5601213
0.5656712
0.5592752
0.5538846
0.5646626
0.5646511
0.5572556
0.5632514
0.5692409
0.5618546
0.5573545
0.5736297
0.5870888
0.5867344
0.5830957
0.5846192
0.594554
0.6031294
0.5965918
0.5851716
0.5886364
0.5948452
0.5905659
0.5837559
0.5869819
0.6014692
0.6105041
0.6027501
0.5961136
0.5923232
0.5859694
0.5775163
0.5701082
0.5778685
0.5739183
0.5647431
0.5779593
0.5902395
0.579088
0.5686609
0.5798748
0.5838223
0.5751481
0.5714017
0.5792752
0.5859179
0.5795113
0.5697001
0.5735286
0.5738752
0.573662
0.5727244
0.561839
0.5695622
0.5781253
0.5704756
0.5662891
0.5731081
0.5749716
0.5780801
0.5785942
0.5708607
0.5760486
0.5877275
0.5860907
0.5717499
0.571944
0.5735066
0.5716856
0.5712707
0.5662912
0.5767799
0.5848987
0.5867623
0.5818628
0.576459
0.5913633
0.6102332
0.6235882
0.6130701
0.5977663
0.6036322
0.6100249
0.6006537
0.5872411
0.6018193
0.6026712
0.5871049
0.5990202
0.6041368
0.6008152
0.600556
0.5933381
0.5913163
0.6046505
0.6150756
0.6050379
0.6037749
0.618053
0.6175597
0.6089732
0.6005065
0.5908927
0.6007654
0.6128054
0.6078272
0.606976
0.6230028
0.6311909
0.6251088
0.6241303
0.6136248
0.6092693
0.624952
0.6542658
0.6477319
0.6256264
0.651031
0.6494642
0.6413494
0.6428524
0.6271269
0.6331945
0.6350382
0.6255308
0.625948
0.6198896
0.6165611
0.6174316
0.6074277
0.6055734
0.6056269
0.6006407
0.6006153
0.5911299
0.5877719
0.612267
0.6333321
0.6450858
0.6340951
0.6126169
0.6185669
0.6365162
0.6398586
0.6270628
0.6195763
0.6162207
0.6252946
0.6229888
0.6129068
0.6256022
0.6266602
0.6225296
0.6115583
0.6036802
0.6274191
0.6414575
0.6366793
0.6411614
0.6404494
0.6343734
0.6355718
0.6342131
0.6330194
0.6395652
0.6357572
0.6185006
0.626956
0.6400802
0.6349572
0.6322617
0.6440484
0.6422024
0.6237989
0.6308915
0.6239348
0.6094434
0.6220379
0.6288727
0.6228604
0.6107642
0.6053127
0.6107611
0.6262221
0.6295095
0.6215742
0.6323138
0.6327059
0.622115
0.6255443
0.6187133
0.6109285
0.6157618
0.611598
0.6181762
0.6329107
0.6268019
0.6059266
0.6178026
0.6629844
0.675813
0.6704714
0.6641397
0.6616554
0.6707745
0.6831381
0.6591069
0.6345976
0.6554913
0.6607715
0.6525391
0.6553121
0.6678697
0.6731838
0.6553153
0.6400277
0.6694932
0.6828555
0.6543787
0.651041
0.6587002
0.6565198
0.6475427
0.6428468
0.6611967
0.6607784
0.6591151
0.6457568
0.6782076
0.7007858
0.6571537
0.6763897
0.6837344
0.6654341
0.6597268
0.6507691
0.6283097
0.6189998
0.6231071
0.616673
0.6307077
0.6594659
0.6570717
0.6465307
0.6716294
0.6693165
0.6622341
0.6775834
0.6757891
0.6704658
0.6652955
0.6643938
0.6606128
0.6529731
0.6622241
0.6626466
0.6523512
0.6606097
0.6627873
0.6536177
0.6562202
0.6645462
0.6603671
0.648956
0.646686
0.6514106
0.649827
0.6512533
0.6515469
0.6493947
0.6600118
0.6593958
0.6603638
0.6641769
0.6504283
0.6459445
0.6573613
0.6749886
0.6837227
0.6724543
0.6669805
0.6671841
0.6565021
0.6659353
0.6868381
0.6916944
0.6945632
0.688205
0.6742218
0.6592467
0.6476404
0.6577668
0.663346
0.6539616
0.6592835
0.6700458
0.6716591
0.674797
0.6877871
0.686077
0.6773144
0.6895064
0.6882534
0.6758048
0.6865898
0.7036814
0.6797126
0.682744
0.6958647
0.6760496
0.6839637
0.6898042
0.6931662
0.6980209
0.6860115
0.6582981
0.6784451
0.6865394
0.6676248
0.6716308
0.6739339
0.6787688
0.6745754
0.6868153
0.7121795
0.7143802
0.6947559
0.7187084
0.7126599
0.6851456
0.7239281
0.7288651
0.7176598
0.719206
0.7176197
0.7233243
0.7096901
0.7030321
0.7152373
0.7017847
0.6747606
0.6912924
0.6953362
0.6866962
0.6894772
0.684534
0.6950912
0.6895879
0.6859274
0.6881817
0.6840333
0.6853262
0.6829242
0.671917
0.660163
0.6778669
0.6894577
0.6766408
0.6721385
0.6793152
0.672784
0.671691
0.6697438
0.6700605
0.6701068
0.6573772
0.6832099
0.6890973
0.6800151
0.7044064
0.7046196
0.7009439
0.7109356
0.7111531
0.7207483
0.7135806
0.7071705
0.7089421
0.7053824
0.7090568
0.705769
0.6934521
0.6914119
0.7076544
0.7008458
0.7092612
0.7109183
0.7062326
0.7228674
0.7132623
0.7136644
0.6965608
0.6870115
0.6919452
0.6915338
0.7055056
0.6903834
0.6780186
0.6745148
0.6843612
0.6937104
0.7054729
0.7084124
0.6994453
0.7142015
0.7146401
0.7155701
0.7206587
0.738454
0.7352125
0.7477913
0.744533
0.7075861
0.7362181
0.7403961
0.7260323
0.7126421
0.7131508
0.7230474
0.6980729
0.6984871
0.7045491
0.6857947
0.6824929
0.7049377
0.7075365
0.6864933
0.6833687
0.6953659
0.6945465
0.6946372
0.684052
0.6844146
0.7041657
0.701933
0.6932916
0.6922904
0.7078791
0.70612
0.69488
0.7009472
0.6949522
0.7104137
0.7184349
0.7021504
0.6986096
0.6878705
0.6866549
0.6780384
0.6759584
0.6830087
0.6833118
0.6900466
0.7021631
0.7113141
0.7190604
0.7410711
0.7459934
0.7576534
0.7429126
0.7202399
0.7491668
0.7477822
0.7216568
0.7183089
0.7169337
0.6923763
0.6750803
0.6797858
0.6955115
