1.20754
1.172141
1.196174
1.205857
1.200526
1.188369
1.15779
1.147155
1.160422
1.163975
1.149752
1.148938
1.162937
1.163802
1.152137
1.153276
1.162125
1.16706
1.158309
1.150412
1.152971
1.144479
1.14726
1.157821
1.154647
1.157524
1.170356
1.173769
1.162562
1.144369
1.149122
1.174573
1.194109
1.190798
1.166031
1.166841
1.187368
1.187242
1.173736
1.178182
1.198585
1.1996
1.195694
1.203218
1.200822
1.193631
1.179146
1.177426
1.197281
1.205817
1.196164
1.173479
1.171013
1.178552
1.176914
1.167834
1.148317
1.145272
1.155546
1.163378
1.148276
1.148711
1.159641
1.132441
1.12924
1.152916
1.166904
1.171258
1.168868
1.16036
1.168131
1.188733
1.195994
1.189865
1.172041
1.167451
1.177616
1.180555
1.175421
1.165049
1.15334
1.161353
1.176731
1.17766
1.168929
1.159396
1.151445
1.14374
1.148378
1.165859
1.179498
1.187555
1.181949
1.176572
1.189881
1.194779
1.188368
1.184783
1.189994
1.191878
1.177537
1.167502
1.165284
1.152851
1.136612
1.135524
1.142155
1.151448
1.168801
1.168038
1.154806
1.161448
1.173913
1.175587
1.1724
1.158479
1.144651
1.149153
1.151852
1.152977
1.147497
1.135322
1.138477
1.148442
1.158665
1.161441
1.155537
1.148349
1.153015
1.163203
1.154595
1.144445
1.142367
1.146473
1.156289
1.151397
1.139141
1.132963
1.131422
1.138056
1.147793
1.148393
1.144999
1.144964
1.143973
1.143103
1.135063
1.116677
1.099734
1.092925
1.095397
1.101685
1.109383
1.114251
1.111288
1.105918
1.100914
1.100767
1.110607
1.123322
1.133478
1.134787
1.13034
1.126609
1.121272
1.120308
1.125792
1.136678
1.140059
1.12976
1.126125
1.135347
1.14749
1.149617
1.147868
1.137766
1.117531
1.115047
1.124652
1.125751
1.122374
1.116207
1.105761
1.105329
1.115724
1.122881
1.124981
1.11934
1.112178
1.116518
1.127485
1.130693
1.127448
1.118846
1.106461
1.105431
1.109181
1.116592
1.128062
1.124719
1.113688
1.114115
1.121854
1.129129
1.130238
1.12022
1.112572
1.114665
1.122729
1.132005
1.132315
1.122273
1.112129
1.106999
1.101874
1.100667
1.103186
1.108227
1.10219
1.090831
1.092527
1.094103
1.095219
1.105419
1.110391
1.106905
1.108315
1.116142
1.13116
1.135401
1.136732
1.135908
1.124314
1.116905
1.114393
1.11795
1.119495
1.12218
1.120706
1.114956
1.120582
1.12584
1.131813
1.133033
1.124044
1.112621
1.100655
1.100293
1.103092
1.106597
1.113022
1.114877
1.107221
1.098578
1.101886
1.105705
1.117552
1.128048
1.123794
1.118224
1.103825
1.08909
1.082898
1.07381
1.071163
1.073377
1.072787
1.069796
1.069953
1.078145
1.096867
1.115064
1.119557
1.11485
1.106342
1.113076
1.128415
1.144134
1.148073
1.136033
1.126081
1.125828
1.122989
1.106782
1.099376
1.093642
1.091744
1.107761
1.115903
1.106591
1.092401
1.093189
1.093133
1.090247
1.08402
1.094473
1.106091
1.066845
1.057288
1.076629
1.089803
1.110566
1.114263
1.106721
1.103781
1.101821
1.098425
1.086419
1.071421
1.064604
1.059559
1.060958
1.060309
1.056042
1.052705
1.048451
1.050006
1.062715
1.075581
1.085849
1.083376
1.080339
1.081376
1.047606
1.040034
1.059568
1.039046
1.008928
1.016361
1.039183
1.037665
1.033172
1.027909
1.021935
1.021842
1.021338
1.009261
0.993782
0.996049
1.002569
0.9987178
0.982712
0.9780564
0.9798568
0.9711173
0.9719155
0.9786818
0.9745728
0.9768464
0.9753347
0.9421391
0.9183836
0.9029749
0.905567
0.9235119
0.924633
0.9341036
0.9397569
0.9263728
0.895669
0.8787439
0.8696723
0.8609481
0.8602822
0.8628264
0.8627928
0.8491514
0.8404232
0.8365106
0.8291964
0.8232399
0.8262728
0.8236135
0.8204467
0.8130463
0.7964947
0.7911472
0.7907317
0.7881621
0.7859856
0.7883456
0.790278
0.7898491
0.7900951
0.7899159
0.7968211
0.8078805
0.80494
0.802268
0.7961615
0.7770344
0.7689337
0.7622474
0.7555727
0.7586352
0.7555028
0.7467676
0.7413078
0.7400617
0.7351857
0.7261253
0.726567
0.7289452
0.7226242
0.7157477
0.7155896
0.7161488
0.7115704
0.699969
0.6940964
0.6933828
0.6943113
0.6938476
0.6884754
0.6888035
0.6833022
0.6809216
0.6833638
0.6763527
0.6700003
0.6725909
0.6725389
0.6734309
0.6779859
0.6714235
0.6707934
0.6643791
0.6696858
0.6842238
0.6698101
0.6607178
0.6528875
0.6533866
0.6599831
0.663301
0.6663907
0.6509626
0.6491181
0.6512175
0.6489901
0.6501611
0.6539658
0.6579235
0.6454528
0.6387834
0.6520892
0.6594059
0.6492549
0.6446721
0.6449098
0.6410788
0.6413675
0.6478389
0.6572669
0.6576752
0.6427657
0.6378484
0.6403173
0.6357771
0.637824
0.6384219
0.636015
0.6335411
0.6297654
0.633747
0.6287977
0.6258711
0.629111
0.6273823
0.6284366
0.6208712
0.6217285
0.6249179
0.6206481
0.6224241
0.6178314
0.619583
0.6265537
0.6142778
0.6164121
0.6290017
0.6192229
0.6207456
0.6289961
0.6283197
0.6284496
0.6232147
0.6203737
0.6303958
0.6341756
0.6259897
0.6245581
0.6351651
0.6372076
0.6249053
0.6230889
0.6331734
0.6324202
0.6186075
0.6199665
0.6225933
0.6248029
0.625658
0.6392229
0.6652073
0.6544875
0.6527679
0.6601091
0.6522578
0.6523861
0.6457524
0.644698
0.6449941
0.6386084
0.6440362
0.648184
0.6436828
0.6439544
0.64443
0.6429826
0.640495
0.644738
0.6479167
0.6503499
0.6623339
0.6458623
0.6243516
0.6348096
0.6315847
0.6358073
0.6661043
0.6751476
0.7021192
0.6848477
0.6641463
0.6817078
0.6611369
0.6727821
0.685791
0.6886625
0.68714
0.6934494
0.6913519
0.6945747
0.7118929
0.6846333
0.6897981
0.6969839
0.6885892
0.6999202
0.7227885
0.7477207
0.7515412
0.7473511
0.7505351
0.7658605
0.7683934
0.7613408
0.7594723
0.7588458
0.7745615
0.7855301
0.7762394
0.7748223
0.7898524
0.8066607
0.8126881
0.8055759
0.7958882
0.8012349
0.8155935
0.8228259
0.8196567
0.823613
0.8438344
0.854734
0.8444624
0.8365949
0.8484275
0.8617024
0.8640099
0.864037
0.8706068
0.8822892
0.883734
0.872952
0.8668568
0.8792905
0.8915431
0.8879505
0.8812251
0.8835553
0.8957006
0.9002406
0.8958783
0.9088308
0.9326022
0.9391459
0.9383289
0.9561656
0.9710256
0.9578203
0.9498908
0.9692825
0.9840568
0.9683902
0.962159
0.9708693
0.9622757
0.9580394
0.9659253
0.961847
0.958453
0.9765118
0.9889276
0.9815426
0.9940917
1.005113
1.010039
1.019262
1.011951
1.0278
1.045951
1.034134
1.002711
1.006122
1.025758
1.019644
1.035248
1.040799
1.023769
1.032368
1.038203
1.014061
1.009771
1.024394
1.020485
1.025588
1.041479
1.037341
1.041742
1.055124
1.047827
1.052484
1.061684
1.045464
1.046176
1.052809
1.054705
1.073571
1.074229
1.070507
1.067871
1.062458
1.054997
1.068793
1.082398
1.061538
1.072405
1.080079
1.061684
1.050291
1.065546
1.076122
1.058202
1.057269
1.054017
1.041746
1.048499
1.06979
1.078604
1.06571
1.061938
1.072977
1.07182
1.065878
1.073898
1.084609
1.087005
1.087142
1.097825
1.103701
1.086317
1.073106
1.085136
1.08985
1.079583
1.087952
1.096537
1.090423
1.089125
1.088385
1.078096
1.062906
1.06938
1.084217
1.079077
1.074711
1.082817
1.090623
1.086699
1.093066
1.110318
1.111612
1.098988
1.087537
1.090457
1.086863
1.064877
1.061331
1.067485
1.059171
1.050093
1.043954
1.050319
1.053022
1.045564
1.062415
1.078527
1.073276
1.070146
1.080898
1.079807
1.076224
1.083029
1.084301
1.092915
1.084904
1.075085
1.079421
1.084111
1.084951
1.07483
1.072177
1.078794
1.069561
1.054465
1.057415
1.065218
1.066457
1.061181
1.057332
1.060944
1.064808
1.061705
1.052095
1.052122
1.05943
1.059225
1.054659
1.052736
1.057583
1.062058
1.058447
1.057308
1.065971
1.072528
1.067781
1.060661
1.061767
1.063916
1.065322
1.063051
1.054961
1.052635
1.056414
1.056107
1.050851
1.045145
1.0455
1.053682
1.045398
1.0564
1.058842
1.019909
1.034221
1.059842
1.059335
1.061801
1.061803
1.06604
1.065626
1.062412
1.061828
1.074312
1.078693
1.064322
1.057454
1.058617
1.058139
1.054804
1.051227
1.051107
1.058336
1.058474
1.054257
1.058952
1.063861
1.071628
1.070996
1.0592
1.054334
1.049091
1.044559
1.042
1.037206
1.035963
1.041593
1.043453
1.036578
1.043887
1.052818
1.048028
1.053175
1.062011
1.056263
1.043748
1.035714
1.035667
1.032638
1.027875
1.037088
1.049261
1.049086
1.041817
1.032011
1.028863
1.030799
1.031397
1.034692
1.036011
1.045107
1.052607
1.046213
1.038867
1.034352
1.033852
1.029541
1.021692
1.018574
1.020716
1.026365
1.030382
1.031572
1.021259
1.026557
