0.8484943
0.841941
0.8211171
0.853435
0.8502663
0.7911228
0.7795054
0.8002867
0.8197858
0.817143
0.8045561
0.8111038
0.7892365
0.7853182
0.813518
0.7924439
0.7850371
0.833366
0.8398089
0.8090934
0.8428062
0.8695594
0.8379092
0.8402061
0.8784763
0.8698949
0.8573113
0.9126536
0.904699
0.880202
0.8861067
0.8356326
0.8533334
0.9154002
0.9203433
0.8913281
0.8664357
0.848539
0.8438842
0.8565177
0.8891965
0.8885734
0.8652613
0.9257511
0.9426326
0.9063736
0.9489424
0.9593459
0.9190091
0.9468318
0.9653445
0.9252969
0.9241708
0.9491137
0.9243546
0.9035998
0.9472446
0.9596086
0.9379459
0.9768989
0.9727007
0.9295919
0.9732789
0.9665253
0.9127013
0.951892
0.9434902
0.9015911
0.9464911
0.9332931
0.8941876
0.9358596
0.927848
0.8981556
0.9415577
0.9466886
0.9163169
0.9493739
0.9472177
0.9083109
0.9462762
0.941639
0.899485
0.9155359
0.8978852
0.8606233
0.9156069
0.9516549
0.885249
0.8898327
0.8962827
0.8668094
0.9175689
0.9232989
0.8941512
0.9358814
0.9446008
0.9360988
0.9785846
0.9692626
0.9453498
0.9836005
0.9744443
0.9431766
0.9793192
0.9760211
0.9402057
0.9481918
0.9676186
0.9485019
0.9159603
0.9495602
0.9538219
0.9163947
0.9386941
0.9388827
0.8859302
0.8947818
0.9191438
0.9126758
0.9392206
0.9194556
0.9157998
0.9367918
0.915659
0.9298659
0.9200758
0.9289533
0.9402756
0.9011717
0.9306179
0.932704
0.9048089
0.931434
0.9136329
0.9231883
0.9374918
0.920527
0.9381005
0.9261557
0.9336393
0.941618
0.9334165
0.9680738
0.9576797
0.9263573
0.9694634
0.9590676
0.9293628
0.9628814
0.9712157
0.9595789
0.9542975
0.9566299
0.9706797
0.9682734
0.9612903
0.9518909
0.926209
0.9487861
0.9376609
0.9459408
0.9533674
0.9066034
0.9532919
0.9561898
0.925816
0.9566388
0.9421194
0.9483087
0.9676518
0.9494208
0.9740293
0.9906805
0.9673932
0.9870687
0.9885484
0.9495624
0.9840875
0.976854
0.9400865
0.9756043
0.9569901
0.92724
0.9456102
0.9411269
0.936076
0.957518
0.9520467
0.9418944
0.9691095
0.963412
0.9368654
0.9500519
0.951826
0.9342537
0.95356
0.9591815
0.9416306
0.9525646
0.9654458
0.9506186
0.9285528
0.9442639
0.9666209
0.9537781
0.9385736
0.956581
0.9619279
0.9385285
0.9418345
0.958179
0.9480081
0.9333287
0.9529563
0.9470646
0.93753
0.9530154
0.9460767
0.9326616
0.9084702
0.9324875
0.9453804
0.9152049
0.9500772
0.9521814
0.8931006
0.9118323
0.9246057
0.8877128
0.9124781
0.9373413
0.8947142
0.87908
0.9178716
0.9326405
0.9411907
0.9444158
0.9032961
0.8586162
0.8693184
0.8797147
0.8645541
0.8735002
0.894873
0.8914912
0.8540121
0.8415831
0.8410809
0.8379809
0.8573269
0.8774469
0.8620273
0.8397775
0.8699524
0.895868
0.893305
0.8603092
0.8438192
0.8885115
0.9052014
0.8729151
0.8521888
0.8663952
0.8989588
0.9138181
0.9048941
0.8874994
0.8678713
0.8924221
0.8949605
0.8563082
0.8677071
0.8971864
0.8978813
0.8711562
0.8660933
0.8919182
0.8968663
0.8778156
0.8908946
0.8865564
0.8629593
0.8753212
0.8627678
0.8680232
0.9089518
0.9120828
0.8991911
0.9413464
0.9428213
0.9160265
0.9416608
0.9430973
0.9541609
0.9499705
0.9358498
0.9660042
0.9503005
0.90083
0.9326182
0.9437532
0.9179787
0.9526732
0.9418718
0.9204635
0.9674185
0.9588362
0.9174453
0.9489711
0.9571474
0.9255333
0.9273112
0.9645925
0.9444405
0.9111383
0.9141128
0.8718614
0.8760692
0.9023283
0.8980504
0.8957832
0.9045479
0.9209247
0.9175137
0.9185137
0.9574657
0.9160726
0.8710007
0.9113917
0.8716414
0.8720034
0.9248979
0.9402359
0.9399845
0.8950811
0.8486971
0.8450351
0.8691671
0.8869617
0.8993374
0.8766632
0.8398427
0.8663355
0.8600228
0.8323653
0.8612117
0.882403
0.8615428
0.8438453
0.8715609
0.8911778
0.8697504
0.8416131
0.8588094
0.8768582
0.8832429
0.9019577
0.8973829
0.8944499
0.923046
0.9480823
0.920203
0.8925339
0.9071984
0.9187396
0.9057307
0.8648573
0.8492187
0.8426643
0.8253129
0.8166245
0.8230318
0.8538936
0.8606345
0.870128
0.9025278
0.921387
0.9195091
0.8762234
0.8509453
0.8695152
0.8634203
0.8722162
0.8632747
0.8419244
0.8544532
0.8314142
0.8545983
0.8728706
0.8615347
0.8668141
0.8467139
0.8559698
0.8592745
0.8602335
0.8266071
0.7958557
0.8059988
0.804967
0.8152632
0.815438
0.8035916
0.8125782
0.8312774
0.8330836
0.8076832
0.7859357
0.7980167
0.7887803
0.7849985
0.7991119
0.8015445
0.8171946
0.814086
0.8005306
0.7868384
0.7749868
0.7799646
0.7683302
0.7675175
0.7766888
0.7805436
0.7730232
0.7665172
0.7711146
0.72515
0.7090215
0.7451983
0.742271
0.715771
0.7014753
0.6850538
0.6639194
0.665506
0.6547673
0.637243
0.6365205
0.6166998
0.6015758
0.6062374
0.5964209
0.5858401
0.5871547
0.5765971
0.5667232
0.5726216
0.5723861
0.5693059
0.5726839
0.5685312
0.5653569
0.5706487
0.5685673
0.567303
0.5725099
0.5676102
0.5644537
0.5670944
0.5626048
0.5565286
0.5547967
0.555092
0.5538578
0.5543776
0.5520906
0.5438081
0.5408559
0.5441384
0.5423299
0.540164
0.5383826
0.5348901
0.5341252
0.5361546
0.5352566
0.530975
0.5312774
0.5258671
0.5221692
0.528895
0.5271462
0.5213895
0.5205991
0.5204836
0.5204414
0.5184251
0.5167438
0.5162084
0.5147411
0.5155497
0.516136
0.5138781
0.5121654
0.511949
0.5119606
0.5076762
0.5081939
0.5100804
0.5060171
0.5052314
0.5067649
0.5071137
0.504718
0.5058196
0.505492
0.5007281
0.5027703
0.5058396
0.5029179
0.4992454
0.5023018
0.5051265
0.5017952
0.5027339
0.5037446
0.5014253
0.4994401
0.5010769
0.5034879
0.5003629
0.5012052
0.5022479
0.5010639
0.4995941
0.4999395
0.5027916
0.4998676
0.4997718
0.5018145
0.4990966
0.4981828
0.4964515
0.4960552
0.4987662
0.4969327
0.4942821
0.4948419
0.4961086
0.4935355
0.4908037
0.493422
0.493035
0.4913734
0.490278
0.4879393
0.4903442
0.4878557
0.4837765
0.4885231
0.4898123
0.4829966
0.4829042
0.4865942
0.4820366
0.4795514
0.4835446
0.4851022
0.4783764
0.4777935
0.4859603
0.4797703
0.4757257
0.4840881
0.4808761
0.4748641
0.4795222
0.4773728
0.4724381
0.4789605
0.4789514
0.4713335
0.4734046
0.4781385
0.4733088
0.4726883
0.4779339
0.4722948
0.4698094
0.4737665
0.4709415
0.4717321
0.4726027
0.46966
0.468238
0.4691059
0.4717364
0.4666015
0.4654848
0.4711442
0.4672143
0.463444
0.4666324
0.4647565
0.4639695
0.464437
0.4607142
0.4649778
0.4659865
0.4592293
0.460391
0.4642763
0.4602177
0.4585396
0.4600386
0.459129
0.4598786
0.4555809
0.4565116
0.4607446
0.4560575
0.4555854
0.4547313
0.4528427
0.4572477
0.4549548
0.4517461
0.4552631
0.4542494
0.4510023
0.451099
0.4507529
0.4515119
0.4533358
0.4491859
0.4497948
0.4524393
0.450883
0.4509679
0.4478422
0.4510123
0.4541273
0.4477286
0.4481337
0.4512949
0.4486652
0.4475329
0.4462536
0.4460763
0.4489119
0.4476694
0.4456693
0.4496203
0.4485611
0.4461106
0.4487557
0.4480212
0.4494279
0.4511569
0.4477119
0.4500273
0.4533386
0.4484275
0.4494309
0.4518615
0.4515575
0.4521144
0.4488055
0.4519565
0.4519479
0.4488182
0.4532097
0.4533093
0.4486717
0.4510926
0.4564535
0.453078
0.4515897
0.4530544
0.4531579
0.4536733
0.4545316
0.4574846
0.4593885
0.459555
0.4605935
0.4668039
0.4716551
0.4713405
0.4750933
0.4806649
0.4799088
0.4795605
0.4856498
0.4854789
0.4831662
0.4924086
0.4942335
0.4927782
0.5023773
0.5080531
0.5056652
0.5058926
0.5166626
0.5211153
0.5183442
0.5274503
0.5300706
0.524549
0.5299886
0.5321251
0.52923
0.5342507
0.5359143
0.5256628
0.5180374
0.5214251
0.5296198
0.5417508
0.543816
0.5522943
0.548276
0.5474954
0.5936927
0.5753002
0.5197881
0.5501943
0.5965021
0.5701283
0.518584
0.5516347
0.5907912
0.548147
0.5417406
0.5666813
0.5650965
0.5463096
0.5652693
0.6221559
0.600083
0.5508061
0.5661242
0.6010114
0.6023066
0.5944043
0.5969922
0.5739071
0.5758479
0.6019544
0.6137303
0.6200041
0.6184333
0.6238689
0.6243006
0.6433438
0.6482134
0.6038842
0.6271548
0.6620314
0.6285675
0.6093363
0.6301197
0.6361357
0.6025647
0.6257239
0.6478816
0.6314375
0.6331615
0.6162747
0.6182839
0.6335578
0.609442
0.6135365
0.6297662
0.6101465
0.6155865
0.6251118
0.627429
0.6278277
0.6088723
0.6195568
0.6344594
0.6126484
0.6225968
0.6455289
0.6269647
0.625329
0.6412285
0.6493978
0.6457257
0.6309818
0.6532143
0.6733704
0.6527389
0.6712883
0.6885484
0.6541625
0.6548271
0.6562651
0.6285668
0.6195763
0.6326052
0.6351013
0.6181378
0.6173286
0.6307024
0.6364628
0.625619
0.6276594
0.6513477
0.6466482
0.6323415
0.6601107
0.6784404
0.6579054
0.6601541
0.6907824
0.6798985
0.6582882
0.6879366
0.696626
0.6645028
0.6793245
0.7005213
0.6746655
0.6838466
0.6959497
0.6713825
0.6831177
0.6920903
0.670472
0.6724575
0.676869
0.6762761
0.6643862
0.6563595
0.6903286
0.712766
0.6937646
0.7015307
0.7393464
0.7174752
0.7046593
0.7626852
0.760627
0.7166336
0.7491871
0.7618973
0.7247552
0.7501997
0.771397
0.7449796
0.7577848
0.7838509
0.7580362
0.7421218
0.77262
0.7679224
0.7557456
0.7849558
0.7785867
0.7483512
0.7668566
0.773705
0.7405055
0.7486488
0.7673071
0.7398707
0.7286651
0.7569705
0.755221
0.7334766
0.7643845
0.7768024
0.7420285
0.7641468
0.7923167
0.7586964
0.7432043
0.773756
0.7819202
0.7569002
0.7748118
0.7958012
0.76066
0.7661706
0.7988691
0.7661889
0.7471983
0.7854586
0.7724744
0.7372439
0.7657686
0.7919741
0.7646299
0.7501212
0.7909722
0.7984066
0.7637735
0.7838191
0.813618
0.7858693
0.7698853
0.8080799
0.8202025
0.7699276
0.7859404
0.8346427
0.7865559
0.7628159
0.8159255
0.8425354
0.8186755
0.8230997
0.8673273
0.8508353
0.8216634
0.8677871
0.8880301
0.8522367
0.8690503
0.8834029
0.8355798
0.8332393
0.8644878
0.8477154
0.8333338
0.8521185
0.8345962
0.8155257
0.8533601
0.8493349
0.8169791
0.8484447
0.8421444
0.8061293
0.8455622
0.8534121
0.8146978
0.8455351
0.8661532
0.8313025
0.8532367
0.8752303
0.8380561
0.8576506
0.8788076
0.8415693
0.866631
0.8832806
0.8416557
0.8552363
0.8767044
0.8402387
0.8328925
0.8785747
0.8769655
0.8397336
0.8595949
0.8611434
0.8251555
0.8399017
0.834963
0.8055932
0.8305904
0.8249964
0.7847594
0.8037362
0.8071223
0.7797745
0.8003925
0.8091928
0.7802358
0.7882374
0.7951772
0.7711376
0.7721974
0.7924989
0.7859724
0.7739791
0.7978563
0.7988973
0.7769187
0.7944348
0.7954721
0.7787458
0.8056417
0.8162515
0.7933137
0.8069862
0.8162482
0.787505
0.7989887
0.8071689
0.7832889
0.793894
0.7882026
0.7748969
0.8000654
0.7969905
0.7760695
0.8017951
0.8116665
0.7894884
0.8020214
0.817813
0.7964279
0.7831915
0.8115839
0.8183584
0.7944612
0.8109867
0.8309257
0.8087116
0.7978495
0.8212015
0.8212918
0.8055427
0.8287337
0.8274007
0.7996789
0.8158785
0.8315036
0.8102176
0.7957847
0.8225638
0.8445855
0.8192675
0.8039335
0.823556
0.8149773
0.7919656
0.8015306
0.8053686
0.7863157
0.7926839
0.8194723
0.8117255
0.795144
0.8125776
0.8240739
0.7994625
0.7895532
0.8163012
0.8204596
0.7912576
0.7944445
0.8191222
0.8030041
0.799166
0.8381889
0.8349997
0.8150413
0.8396196
0.8390663
0.8136197
0.8345953
0.8406104
0.8192991
0.8424896
0.848956
0.8243142
0.8463428
0.8545401
0.8312532
0.8448472
0.8311737
0.803307
0.8187887
0.8229169
0.80841
0.8200202
0.8270678
0.8058613
0.8121078
0.8245803
0.8065068
0.8185898
0.8369793
0.8107399
0.8169686
0.8479345
0.8311179
0.814892
0.8416343
0.8431792
0.8148537
0.8341398
0.8505646
0.819743
0.8280839
0.8427578
0.8182656
0.8317168
0.8542608
0.8264449
0.8268261
0.8503456
0.8287162
0.8273625
0.8534564
0.8417321
0.8244978
0.8486407
0.8419675
0.8209052
0.8483422
0.8395897
0.8147836
0.8334306
0.8423257
0.8229315
0.8217323
0.8385009
0.8261966
0.8174852
0.8423811
0.8420941
0.8223798
0.8456883
0.8558563
0.8275358
0.8359502
0.8524134
0.8346048
0.8353341
0.860284
0.8481867
0.8263103
0.8231709
0.8080868
0.8093849
0.820142
0.8000772
0.7819033
0.7809325
0.7780276
0.7895337
0.7930629
0.7907206
0.7873916
0.7834292
0.7842554
0.773877
0.7931175
0.7984161
0.7806113
0.7891417
0.8160451
0.8181501
0.7949871
0.8043047
0.8066693
0.7959782
0.8122173
0.8118322
0.7954271
0.8195972
0.8232079
0.8080003
0.8308046
0.8287681
0.8277688
0.8345116
0.8143696
0.8115813
0.8106656
0.8112455
0.8140816
0.8087265
0.8314273
0.8376827
0.8229964
0.8407492
0.840617
0.8276631
0.8464027
0.8432168
0.8289992
0.8561526
0.8580269
0.829594
0.8611146
0.8764703
0.8405293
0.8547687
0.856626
0.8299689
0.8470541
0.8415366
0.8123767
0.8273715
0.8328786
0.8109777
0.8193634
0.8272419
0.8105599
0.8148526
0.8343389
0.8210047
0.8165937
0.8408325
0.8356334
