1.017327
1.040129
1.060118
1.073989
1.063312
1.083662
1.066391
1.029482
1.047438
1.032132
1.017355
1.02447
0.9959431
0.9989759
1.008825
0.9881529
1.013755
1.023682
1.014906
1.040092
1.041389
1.055481
1.069657
1.046235
1.055302
1.055191
1.040809
1.063057
1.052626
1.05393
1.07679
1.053631
1.058955
1.070071
1.059626
1.100046
1.106719
1.097878
1.105235
1.065702
1.066633
1.061379
1.055548
1.074099
1.048604
1.055067
1.054523
1.050522
1.084435
1.067209
1.066938
1.079244
1.063626
1.089929
1.096425
1.087604
1.090615
1.08193
1.098155
1.085737
1.076732
1.091286
1.068783
1.075201
1.071776
1.05929
1.072339
1.054803
1.068334
1.084842
1.067397
1.077246
1.075933
1.079393
1.086687
1.068549
1.077025
1.0798
1.081234
1.082739
1.056342
1.069783
1.068543
1.050341
1.076453
1.069233
1.06656
1.080388
1.058939
1.069068
1.083365
1.088204
1.111138
1.092087
1.071529
1.077675
1.07074
1.079502
1.078192
1.078258
1.089468
1.068398
1.074616
1.07137
1.053052
1.068042
1.054893
1.048931
1.066757
1.052129
1.055931
1.058924
1.044369
1.069532
1.065484
1.055918
1.070198
1.060115
1.069643
1.076295
1.068211
1.082662
1.076263
1.063097
1.07074
1.058303
1.060163
1.06912
1.048471
1.058139
1.060477
1.040556
1.052806
1.049152
1.042582
1.068069
1.065298
1.048897
1.05979
1.050379
1.045981
1.067383
1.063593
1.069448
1.068826
1.04103
1.054466
1.056873
1.037487
1.055054
1.055609
1.046731
1.067005
1.069367
1.065616
1.078118
1.06326
1.059537
1.063475
1.049637
1.082143
1.088294
1.062944
1.081448
1.073351
1.06592
1.084562
1.062678
1.060122
1.064846
1.045662
1.064884
1.060028
1.048339
1.055258
1.036426
1.057056
1.071846
1.063847
1.081129
1.069883
1.081521
1.106481
1.091277
1.116202
1.116745
1.045756
1.032877
1.06974
1.071738
1.082658
1.104649
1.108508
1.103386
1.106599
1.13732
1.143131
1.130248
1.125881
1.133009
1.127799
1.092183
1.049041
1.01466
1.018695
1.050927
1.100256
1.145087
1.160461
1.142469
1.129089
1.137673
1.145484
1.147776
1.13877
1.140854
1.145828
1.142628
1.138856
1.135729
1.1081
1.073316
1.042709
1.035763
1.067511
1.015719
1.00841
1.071444
1.002925
1.024805
1.101084
1.050372
1.044815
1.050147
1.067119
1.088031
1.093152
1.102064
1.089446
1.08825
1.085935
1.099562
1.083842
1.06771
1.084181
1.075247
1.070799
1.082903
1.074198
1.066844
1.076959
1.063779
1.052705
1.065311
1.053047
1.043926
1.058614
1.043724
1.046839
1.058499
1.035503
1.049388
1.061537
1.052278
1.066373
1.066502
1.065504
1.074551
1.064364
1.070437
1.072319
1.053768
1.059733
1.047886
1.035431
1.051235
1.050336
1.053525
1.05213
1.044564
1.041184
1.0258
1.038142
1.036432
1.019373
1.048721
1.045776
1.023708
1.029778
1.021188
1.036354
1.048819
1.030788
1.047245
1.053661
1.031405
1.055413
1.067512
1.050488
1.063704
1.067063
1.065668
1.085883
1.08426
1.066939
1.076724
1.075445
1.071058
1.101072
1.108405
1.100512
1.109337
1.10212
1.104428
1.10035
1.085762
1.099071
1.088584
1.073249
1.081397
1.06541
1.062125
1.07617
1.051442
1.048216
1.064148
1.050348
1.061823
1.076324
1.05807
1.062982
1.081391
1.06451
1.068826
1.083981
1.071269
1.088659
1.094157
1.092244
1.120545
1.113986
1.118669
1.127068
1.120629
1.133737
1.122306
1.132986
1.116897
1.092325
1.10655
1.101546
1.110871
1.104001
1.115013
1.129319
1.120954
1.1318
1.12677
1.128359
1.130579
1.139155
1.157101
1.144409
1.131007
1.115339
1.111572
1.116427
1.102601
1.110684
1.109
1.10508
1.113101
1.099428
1.106201
1.106484
1.097894
1.100958
1.099738
1.110869
1.105814
1.099355
1.091309
1.074055
1.099041
1.097011
1.075926
1.042874
0.9757255
0.9880666
0.9956379
0.9880582
0.971274
0.9812152
1.01002
0.9632299
0.9610081
0.9532711
0.9488495
0.9909403
1.014292
1.015096
1.018824
1.045699
1.060504
1.061875
1.041445
0.9707645
0.9699011
1.000135
0.9942599
1.024202
1.005815
0.9759574
0.9742413
0.9546755
0.9488594
0.9425542
0.9326526
0.9310128
0.9304338
0.9200886
0.9082291
0.9177057
0.9083739
0.896252
0.8885934
0.8626287
0.8539771
0.8499001
0.8429157
0.8486066
0.8437584
0.8455807
0.8503961
0.8467319
0.8498569
0.8457957
0.8482384
0.8462609
0.8453528
0.8451031
0.8388021
0.832268
0.8290074
0.8301858
0.8249432
0.8233089
0.8191753
0.81873
0.8139021
0.8139843
0.8107827
0.7962545
0.7973586
0.7935049
0.7907473
0.7891198
0.7847205
0.7882794
0.7827626
0.7816615
0.7887823
0.7868144
0.7879127
0.7871654
0.7856784
0.7901017
0.7873619
0.7830036
0.7797472
0.7820936
0.7840216
0.7791449
0.7803283
0.7778073
0.7750299
0.7732367
0.7703849
0.7736379
0.7718019
0.7719697
0.7722729
0.7680016
0.7726674
0.7698763
0.7631663
0.7691291
0.7644523
0.7599888
0.7634016
0.7571921
0.7579497
0.7611683
0.7569261
0.7608407
0.7621137
0.7606423
0.7630067
0.763105
0.7739141
0.7761632
0.7676202
0.7686019
0.7713638
0.7702625
0.7691052
0.7697135
0.7626588
0.7638381
0.7646234
0.7592668
0.7560713
0.749203
0.7481352
0.7453449
0.7443664
0.7406313
0.7396631
0.7402015
0.7364846
0.7406628
0.7351687
0.7378644
0.7434025
0.7359601
0.7365223
0.7336306
0.7323908
0.7316392
0.7291469
0.7282337
0.7240394
0.7230231
0.7185495
0.7194448
0.7194689
0.7129238
0.7134277
0.7086647
0.7076372
0.7138223
0.7096218
0.7104669
0.7103421
0.7064513
0.7072505
0.7013394
0.7039728
0.7056098
0.6989296
0.7015085
0.6995771
0.6984188
0.7009777
0.6958101
0.694846
0.6979249
0.6991037
0.6975827
0.6979279
0.7008315
0.7033705
0.7098427
0.7114282
0.7233971
0.7397822
0.7375509
0.7488891
0.7444013
0.7213485
0.7358685
0.7420324
0.7279268
0.7309191
0.7275651
0.7261561
0.7363474
0.7304506
0.7258928
0.7397031
0.7425429
0.7362466
0.7444999
0.7438094
0.7428533
0.7537335
0.7557431
0.7510753
0.7572512
0.766776
0.7605321
0.7619708
0.7736024
0.7702417
0.7758625
0.7888065
0.7880814
0.7925824
0.8045411
0.8096079
0.8018939
0.8214872
0.8400197
0.822687
0.836941
0.8536948
0.8326822
0.8455139
0.8560475
0.8238835
0.8425521
0.8665779
0.8388257
0.8521022
0.873866
0.8515078
0.8525934
0.8812121
0.8753412
0.8522919
0.8782487
0.895267
0.8686059
0.8828385
0.8910853
0.8508753
0.8693608
0.9018853
0.8790211
0.90302
0.9302835
0.8925512
0.9037835
0.913748
0.8890623
0.9211177
0.924696
0.9028011
0.9309892
0.9256845
0.9262628
0.9603249
0.9392684
0.9572608
0.9696147
0.9456786
0.9611931
0.9546014
0.9542645
0.9415645
0.9464646
0.9682934
0.9452066
0.9670351
0.9875885
0.9797952
1.019875
1.059395
1.030066
0.9803692
1.000679
1.038129
0.9945034
0.9262655
0.9552272
0.9675204
0.9853126
1.028366
0.9453334
0.9176558
0.9552455
0.9772029
1.001607
1.008762
1.048286
1.071995
1.078954
1.082764
1.079804
1.069895
1.061573
1.078638
1.057072
1.060898
1.062943
1.040645
1.062419
1.048778
1.055137
1.056411
1.049138
1.060254
1.038929
1.042518
1.028138
1.025439
1.036428
1.001899
1.028196
1.041511
0.9735451
1.015137
1.071768
1.060117
1.088191
1.094168
1.087095
1.093013
1.085456
1.112755
1.08413
1.005142
1.057388
1.081595
1.055066
1.047249
1.028255
1.053958
1.036244
1.039799
1.039781
0.9949037
0.9940608
0.9795297
1.000643
1.025589
1.026658
1.037083
1.019186
1.033998
1.051055
1.062275
1.072264
1.050885
1.053499
1.058353
1.057156
1.05638
1.033781
1.005454
1.013111
1.01021
0.9795362
0.9945394
1.002658
1.013424
1.026766
1.021029
1.034169
1.002951
0.9853688
1.008622
0.9955514
1.010201
1.029541
1.00733
0.960165
0.9692822
1.010816
0.9561787
0.9299486
0.9464336
0.9419728
0.9443418
0.9731332
0.9946208
1.012214
1.02326
0.9917761
0.9981886
0.9992854
0.9901616
0.9926136
0.9822592
0.9595652
0.9466419
0.9895577
0.9761522
0.9410202
0.9570397
0.9739996
0.9920792
0.9975062
1.027502
1.06196
1.074235
1.079868
1.0805
1.076659
1.062045
1.049466
1.052692
1.056177
1.068933
1.076399
1.066427
1.057898
1.05206
1.045953
1.034466
1.042137
1.02907
1.024635
1.026305
1.003132
1.014027
1.025918
1.023641
1.035269
1.041223
1.02941
1.038125
1.031747
1.0265
1.030198
1.019595
1.043226
1.051312
1.063593
1.077694
1.061859
1.057836
1.041131
1.022722
0.9843138
0.9445025
0.9628179
0.9707674
0.9875833
1.00179
0.9934559
1.021096
1.020357
1.00796
1.021457
1.002723
0.9975253
0.9989223
0.9827783
0.9978127
0.9935601
1.002455
1.027203
1.03539
1.029534
1.011227
1.029917
1.040033
1.038821
1.037292
1.037811
1.035821
1.035749
1.051334
1.052009
1.060471
1.057883
1.064762
1.087239
1.078461
1.093337
1.066457
1.020701
1.052183
1.05036
1.021213
1.010121
0.9962514
0.9879654
0.9753621
0.9577854
0.959057
0.9757262
0.9679052
0.9415016
0.9441596
0.955048
0.9478332
0.9480726
0.9614038
0.9863456
0.984027
0.9480466
0.949871
0.9668068
0.9667181
0.9578277
0.9519438
0.9507834
0.9338213
0.9511995
0.9699215
0.9643977
0.9872822
1.004432
0.9950519
0.9910295
1.005882
0.9989019
0.968882
0.9818751
0.9775382
0.924955
0.9240026
0.9532255
0.9814399
1.011041
1.02257
1.034904
1.048785
1.047975
1.02827
1.020773
1.016527
1.011042
