0.875
0.866
0.892
0.864
0.886
0.849
0.856
0.869
0.877
0.891
0.935
0.912
0.901
0.921
0.938
0.922
0.92
0.939
0.953
0.926
0.906
0.932
0.913
0.892
0.92
0.889
0.914
0.894
0.902
0.935
0.955
0.924
0.927
0.962
0.96
0.932
0.972
0.97
0.945
0.964
0.963
0.951
0.918
0.959
0.973
0.942
0.928
0.97
0.981
0.971
0.942
0.974
0.994
1.012
0.967
0.96
0.999
1.004
0.974
0.963
1
0.983
0.997
0.958
0.963
0.989
0.954
0.958
0.986
0.964
0.958
0.984
0.982
0.945
0.966
0.987
0.953
0.935
0.979
0.979
0.937
0.937
0.956
0.974
0.954
0.94
0.979
0.98
0.958
0.96
0.985
0.985
0.979
0.956
0.955
0.988
0.954
0.972
0.996
0.955
0.983
0.994
0.969
0.99
0.976
0.934
0.96
0.974
0.976
0.949
0.984
1
0.971
0.981
0.975
0.992
1.016
1.019
1.028
0.994
1.015
1.013
1.002
1.028
0.979
0.999
0.998
0.988
1.014
0.983
0.977
0.992
1.002
0.977
0.982
1.003
0.969
0.953
0.988
0.988
0.969
0.991
0.945
0.967
0.963
0.946
0.973
0.998
0.966
0.953
0.995
0.979
0.966
0.991
0.944
0.9718857
0.9715984
0.993
0.968
1.001
0.978
0.971
1.004
0.98
0.966
0.991
0.967
0.938
0.979
0.982
0.965
0.936
0.969
0.965
0.947
0.974
0.956
0.927
0.946
0.974
0.951
0.98
0.983
0.971
0.96
0.979
0.987
0.949
0.954
0.957
0.943
0.942
0.957
0.919
0.938
0.949
0.96
0.932
0.937
0.982
0.945
0.964
0.985
0.971
0.961
0.979
0.952
0.964
0.981
0.979
0.944
0.952
0.975
0.989
0.974
0.948
0.945
0.966
0.949
0.946
0.964
0.949
0.97
0.978
0.944
0.952
0.973
0.941
0.944
0.964
0.946
0.934
0.931
0.926
0.937
0.908
0.914
0.933
0.916
0.905
0.928
0.953
0.976
1.001
0.974
0.994
1.008
0.977
0.979
0.985
0.961
0.963
1.001
0.963
0.959
0.98
0.946
0.961
0.987
0.959
0.981
1
0.961
0.99
1.008
0.965
0.98
0.989
0.969
0.972
0.971
0.922
0.95
0.952
0.968
0.974
0.953
0.981
0.972
0.979
0.956
0.985
0.98
0.938
0.973
0.924
0.908
0.927
0.927
0.947
0.954
0.94
0.943
0.958
0.986
0.947
0.951
0.979
0.96
0.965
0.955
0.961
0.978
0.979
0.949
0.973
0.993
0.988
0.958
0.98
0.953
0.964
0.972
0.931
0.944
0.939
0.941
0.944
0.944
0.944
0.948
1.003
1
0.978
0.963
0.986
1.015
0.974
0.973
0.991
0.997
1.021
0.981
0.988
0.986
0.95
0.964
0.946
0.976
0.966
0.934
0.977
0.963
0.991
0.974
0.964
0.96
0.99
0.98
0.981
0.961
0.999
1.002
0.961
0.997
0.989
1.006
0.984
0.965
0.979
0.938
0.957
0.925
0.949
0.939
0.938
0.952
0.958
0.955
0.962
0.941
0.966
0.938
0.953
0.928
0.943
0.95
0.96
0.971
0.91
0.927
0.906
0.924
0.896
0.919
0.91
0.896
0.896
0.879
0.857
0.865
0.851
0.839
0.844
0.851
0.85
0.828
0.817
0.817
0.805
0.813
0.797
0.81
0.802
0.795
0.812
0.797
0.803
0.808
0.799
0.796
0.804
0.791
0.789
0.791
0.78
0.794
0.801
0.778
0.776
0.79
0.799
0.774
0.78
0.787
0.771
0.772
0.776
0.771
0.764
0.771
0.771
0.761
0.763
0.762
0.753
0.752
0.755
0.745
0.756
0.755
0.748
0.754
0.751
0.742
0.729
0.735
0.735
0.726
0.728
0.72
0.718
0.715
0.703
0.702
0.705
0.705
0.694
0.693
0.699
0.696
0.691
0.694
0.698
0.689
0.69
0.698
0.696
0.689
0.688
0.685
0.685
0.687
0.692
0.679
0.678
0.672
0.675
0.678
0.673
0.676
0.659
0.662
0.667
0.65
0.655
0.657
0.658
0.658
0.648
0.653
0.656
0.66
0.663
0.664
0.665
0.665
0.672
0.676
0.671
0.677
0.678
0.677
0.686
0.692
0.683
0.68
0.692
0.682
0.687
0.693
0.685
0.683
0.701
0.696
0.698
0.713
0.706
0.724
0.74
0.726
0.714
0.711
0.701
0.693
0.691
0.692
0.686
0.68
0.675
0.672
0.667
0.666
0.673
0.665
0.666
0.669
0.663
0.658
0.659
0.664
0.658
0.66
0.661
0.657
0.657
0.66
0.658
0.651
0.654
0.656
0.649
0.648
0.653
0.646
0.646
0.657
0.646
0.649
0.651
0.65
0.645
0.647
0.653
0.646
0.646
0.659
0.661
0.671
0.702
0.7
0.715
0.725
0.708
0.711
0.702
0.712
0.688
0.712
0.702
0.706
0.715
0.713
0.699
0.688
0.725
0.724
0.729
0.725
0.748
0.762
0.76
0.75
0.766
0.778
0.766
0.792
0.797
0.792
0.796
0.817
0.814
0.803
0.818
0.817
0.811
0.831
0.823
0.803
0.806
0.805
0.798
0.775
0.773
0.767
0.763
0.775
0.79
0.775
0.784
0.811
0.806
0.802
0.846
0.814
0.801
0.809
0.784
0.786
0.78
0.77
0.771
0.768
0.77
0.761
0.769
0.77
0.763
0.771
0.77
0.776
0.792
0.806
0.792
0.793
0.765
0.786
0.775
0.765
0.767
0.758
0.76
0.771
0.757
0.77
0.765
0.761
0.75
0.757
0.753
0.747
0.752
0.771
0.802
0.801
0.793
0.812
0.842
0.855
0.846
0.866
0.868
0.854
0.855
0.869
0.896
0.877
0.896
0.928
0.893
0.892
0.902
0.87
0.85
0.879
0.88
0.875
0.873
0.859
0.889
0.879
0.902
0.921
0.903
0.916
0.911
0.904
0.927
0.919
0.933
0.883
0.892
0.877
0.871
0.887
0.856
0.883
0.866
0.859
0.898
0.902
0.869
0.898
0.875
0.896
0.905
0.882
0.914
0.885
0.894
0.902
0.882
0.913
0.888
0.898
0.914
0.914
0.905
0.927
0.926
0.908
0.956
0.937
0.902
0.938
0.89
0.907
0.933
0.892
0.886
0.922
0.935
0.903
0.892
0.926
0.938
0.914
0.924
0.929
0.894
0.916
0.876
0.868
0.881
0.858
0.854
0.872
0.866
0.855
0.887
0.888
0.862
0.894
0.872
0.87
0.89
0.863
0.854
0.873
0.883
0.854
0.878
0.907
0.871
0.896
0.922
0.922
0.913
0.93
0.909
0.896
0.926
0.938
0.926
0.906
0.946
0.955
0.909
0.928
0.926
0.906
0.938
0.922
0.914
0.941
0.905
0.936
0.934
0.933
0.964
0.92
0.928
0.946
0.909
0.945
0.927
0.942
0.923
0.938
0.933
0.892
0.93
0.92
0.899
0.927
0.933
0.895
0.932
0.915
0.891
0.908
0.927
0.907
0.905
0.938
0.91
0.885
0.921
0.937
0.904
0.921
0.947
0.901
0.931
0.947
0.925
0.918
0.946
0.932
0.9
0.928
0.938
0.928
0.897
0.915
0.938
0.921
0.919
0.949
0.951
0.922
0.912
0.942
0.945
0.913
0.923
0.949
0.952
0.918
0.948
0.904
0.878
0.894
0.909
0.899
0.93
0.916
0.943
0.966
0.936
0.956
0.978
0.944
0.955
0.988
0.956
0.964
0.984
0.956
0.956
0.96
0.953
0.979
0.979
0.993
1.025
0.988
1.004
1.003
0.972
1.002
0.974
0.952
0.971
0.928
0.944
0.952
0.93
0.937
0.947
0.935
0.927
0.95
0.937
0.944
0.952
0.93
0.922
0.948
0.912
0.896
0.946
0.944
0.95
0.945
0.957
0.955
0.92
0.956
0.967
0.948
0.931
0.964
0.9608236
1.053
0.97
0.974
0.975
0.989
0.959
0.984
1.008
1.007
1.014
0.986
1.002
1.012
0.978
0.979
0.976
0.977
0.989
0.962
0.978
0.987
0.949
0.985
0.949
0.981
0.986
0.954
0.983
0.978
0.974
0.965
0.969
0.986
0.988
0.95
0.999
0.988
0.947
0.976
0.941
0.971
0.954
0.96
0.983
0.947
