0.9475388
0.9786345
0.9912401
1.025133
1.039426
1.022747
0.9904306
1.012091
1.034463
1.03464
1.027483
1.028228
1.054786
1.084538
1.104059
1.107665
1.116125
1.096077
1.091338
1.102975
1.083418
1.069818
1.068213
1.024288
1.033858
1.129034
1.122317
1.094058
1.104671
1.127936
1.135835
1.120992
1.122954
1.093816
1.11693
1.142593
1.132062
1.146967
1.148602
1.137483
1.139858
1.140633
1.134105
1.14835
1.112954
1.094534
1.141926
1.134865
1.128408
1.11789
1.096684
1.104843
1.098052
1.083202
1.078629
1.101431
1.104418
1.038455
0.9603958
1.011377
1.106447
1.100147
1.058436
1.011688
0.9948462
0.9898723
1.014538
1.081518
1.127174
1.113914
1.105511
1.122774
1.066139
1.052485
1.103744
1.104719
1.130831
1.126079
1.086716
1.093344
1.08949
1.080091
1.082582
1.095885
1.09964
1.083763
1.064474
1.078843
1.081616
1.059273
1.065896
1.078575
1.074148
1.052289
1.060443
1.07556
1.056867
1.049949
1.074564
1.07765
1.064413
1.062745
1.0488
1.036867
1.036709
1.038971
1.034655
1.052007
1.062619
1.04922
1.024775
1.013635
1.05891
1.058747
1.016112
1.028877
1.052253
1.04431
1.001439
0.9823184
1.017675
1.029888
1.007943
1.018676
1.069989
1.077749
1.064272
1.08312
1.08578
1.072655
1.076727
1.094319
1.099304
1.101812
1.105161
1.098845
1.090986
1.091016
1.097682
1.102416
1.103054
1.095625
1.078694
1.076549
1.102136
1.087984
1.062723
1.097956
1.100962
1.071715
1.086228
1.081833
1.044645
1.028052
1.038059
1.046683
1.036599
1.046196
1.078395
1.064105
1.05158
1.07671
1.075186
1.063886
1.075457
1.090574
1.090826
1.069496
1.045947
1.069592
1.068229
1.039009
1.04329
1.060808
1.061295
1.030275
1.053927
1.07008
1.03221
1.041477
1.070973
1.058106
1.029113
1.04769
1.053119
1.008822
1.013397
1.044148
1.020572
0.9966746
1.017836
1.049793
1.052488
1.036229
1.054723
1.076693
1.059788
1.066193
1.076208
1.040573
1.033682
1.057283
1.068438
1.065335
1.055143
1.058846
1.077772
1.074238
1.059577
1.073641
1.080367
1.089923
1.116593
1.105952
1.077636
1.095668
1.109594
1.079496
1.051652
1.046608
1.062324
1.049758
1.017032
1.022175
1.027652
1.002262
0.9846443
1.022283
1.038532
0.9965008
0.9991876
1.03234
1.023722
1.011875
1.048662
1.076898
1.066459
1.07521
1.110972
1.115553
1.0953
1.096067
1.103244
1.104859
1.099279
1.095806
1.078667
1.058546
1.075115
1.103468
1.093951
1.086888
1.138462
1.138775
1.105434
1.101456
1.09991
1.105474
1.139105
1.119718
1.059106
1.100879
1.113006
1.050198
1.026754
1.06143
1.058405
1.033443
0.9930826
0.9780674
1.04268
1.015537
0.9958653
1.002142
0.986542
1.068023
1.139338
1.129761
1.120134
1.127795
1.122955
1.089246
1.070089
1.066186
1.037972
1.015474
1.013217
0.9943367
0.9471177
0.9262052
0.9233817
0.9322677
0.9589632
0.943338
0.9262012
0.9584762
0.9774412
0.9530658
0.9418126
0.9716468
0.9717556
0.9595409
0.9941006
1.014794
1.019638
0.9981495
0.9327123
0.9364119
0.9831607
0.9563953
0.9577736
0.9475827
0.8879721
0.9033946
0.9226426
0.9121841
0.8919581
0.8965162
0.9211264
0.9239287
0.928168
0.9092954
0.8723312
0.8663087
0.8600236
0.8636953
0.8877363
0.8525827
0.8405378
0.8965238
0.8897935
0.8470916
0.8464653
0.8661189
0.85729
0.842692
0.846242
0.8554181
0.845954
0.8343984
0.8656601
0.8245905
0.7641096
0.7556861
0.7464304
0.7430762
0.7404993
0.7390435
0.7284488
0.7314995
0.7457328
0.7399183
0.731115
0.7262696
0.7258088
0.7273211
0.717335
0.7136769
0.7148178
0.7055932
0.6948339
0.6915258
0.6892205
0.6836931
0.6806563
0.6813927
0.679255
0.673741
0.6682673
0.6649522
0.6663229
0.6640135
0.6616437
0.6552771
0.6364909
0.6289256
0.6295191
0.6289091
0.6320598
0.6338251
0.6352545
0.6388998
0.6418751
0.6420549
0.6431073
0.6425619
0.6395037
0.6386651
0.6382061
0.6357072
0.6311636
0.6247704
0.618286
0.6161126
0.6145535
0.609401
0.6080454
0.6076048
0.6033414
0.5997872
0.5983026
0.5965827
0.595611
0.5941428
0.5909178
0.5891784
0.5899953
0.5919512
0.5907712
0.5906145
0.5888277
0.5855753
0.5886943
0.5909443
0.5912072
0.5894253
0.5868593
0.5860405
0.5861586
0.5866855
0.5830287
0.5814795
0.5811399
0.5790566
0.5800742
0.5785238
0.5746309
0.5735068
0.5723524
0.5718581
0.5708803
0.5693198
0.5685651
0.5686372
0.5680957
0.5648901
0.563294
0.5626191
0.5625296
0.5611896
0.5601196
0.5596328
0.5574342
0.556648
0.557436
0.5585103
0.5561845
0.5541516
0.5547948
0.5541197
0.5540274
0.5515764
0.5499016
0.5509028
0.5501026
0.5499616
0.5488743
0.5483491
0.5484988
0.5475359
0.5464125
0.5456804
0.5452595
0.5425599
0.5395923
0.53733
0.536946
0.5401575
0.5393104
0.5370751
0.535622
0.5358594
0.5367255
0.5332289
0.5331807
0.5334424
0.5350797
0.5363605
0.532675
0.5304429
0.5318202
0.5351195
0.5345302
0.5326879
0.5333595
0.5346596
0.5341281
0.5330239
0.531813
0.5325565
0.5352833
0.5333889
0.5319912
0.5328688
0.5332151
0.5325995
0.531539
0.5325401
0.5344798
0.5353918
0.5334336
0.5317724
0.5311291
0.5321446
0.5325135
0.5305861
0.5293918
0.5275633
0.5276877
0.5280907
0.5258521
0.5253931
0.5242942
0.5229976
0.5250659
0.5234855
0.5230881
0.5245328
0.5235947
0.5233511
0.5215374
0.5217926
0.5229753
0.5220324
0.5209446
0.5212226
0.5216232
0.5203548
0.5208539
0.5208885
0.5203038
0.5205966
0.5215755
0.5222168
0.5218885
0.5198227
0.5174317
0.5187002
0.5168373
0.5157021
0.5158992
0.515429
0.5175124
0.5161862
0.5151452
0.5156908
0.5142651
0.5161261
0.5207774
0.5241882
0.5267574
0.5259394
0.5231563
0.5230284
0.5712335
0.6023927
0.5472095
0.5212763
0.5321205
0.5390716
0.5479386
0.548136
0.5577875
0.5683893
0.5671877
0.5685007
0.5765188
0.592279
0.6090274
0.6122367
0.6132693
0.6365763
0.6640143
0.6645555
0.6760288
0.7019077
0.7069567
0.701019
0.7307734
0.7928461
0.7717545
0.7204559
0.7476168
0.776729
0.7237795
0.6605965
0.7469668
0.8059984
0.7967519
0.8031494
0.7490361
0.7293646
0.7477249
0.7963845
0.7706525
0.7229959
0.7200789
0.7067467
0.7279078
0.7077528
0.696349
0.7381682
0.8138943
0.8688505
0.8238523
0.7415016
0.7329341
0.8198463
0.8988058
0.9016416
0.8747753
0.8600942
0.8595262
0.8621952
0.8729356
0.8806099
0.8754943
0.8603418
0.8827918
0.9229434
0.9130366
0.9063202
0.9216506
0.9273633
0.9146808
0.9168423
0.9007025
0.8858932
0.9118108
0.922922
0.9422082
0.9639175
0.9558089
0.9373745
0.945216
0.9330848
0.9272825
0.9884169
1.000729
0.9695307
0.9639095
0.9329782
0.9021443
0.9567536
0.9845139
0.8981726
0.8479546
0.8717298
0.8765887
0.8486279
0.8424557
0.8767308
0.8932033
0.8718716
0.8690027
0.8985447
0.9144703
0.9014598
0.9758358
1.035294
0.9782807
0.977032
1.003591
0.9593072
0.8991154
0.949093
0.9673497
0.8923637
0.9409711
0.9494586
0.9190001
1.000345
1.019774
0.9809581
0.956864
0.9937519
1.014979
0.9815167
0.9859929
1.007271
1.00833
0.9710181
0.9649303
1.011702
1.012849
0.9833656
0.9768436
0.9911457
0.9813176
0.9711873
1.023947
1.028867
1.01761
1.024867
1.014829
0.9820756
1.003767
1.065631
1.035231
1.004917
1.015224
1.043535
1.026967
1.0139
1.040411
1.028189
1.003941
1.00679
1.018405
1.002495
1.022386
0.9902403
0.917889
0.9656636
0.9825195
0.9579209
0.9817515
1.003339
0.9596816
0.9487527
1.040671
1.052444
1.007447
1.008527
1.035202
1.012898
0.9944049
1.012115
0.974528
0.9558227
0.9960481
0.9823927
0.9446203
0.9540581
0.9212145
0.9161534
0.9584873
0.9461053
0.9220775
0.9401883
0.9786996
0.9749511
0.9703034
0.9833055
0.9792889
0.9873968
1.031743
1.060467
1.037909
1.001224
0.9937233
1.045597
1.013184
0.9710044
1.052907
1.079323
1.029386
0.9721333
0.988075
1.002563
0.9664571
0.9652018
0.9943489
0.9760963
0.9428785
1.008591
1.030293
1.014907
1.020062
1.027177
1.055862
1.040443
1.037577
1.058964
1.033556
1.012371
1.038721
1.064083
1.044353
1.023044
1.011601
1.019831
1.004219
0.9473777
0.9814726
1.044416
1.000232
0.9494201
0.9906444
1.008862
0.998627
0.997886
1.003245
1.024279
1.013878
1.038681
1.041432
1.021008
1.031854
0.9729181
0.9255292
0.9700828
1.04923
1.026842
0.9479179
0.9784996
1.041506
1.070945
1.06709
1.071778
1.100939
1.087889
1.093225
1.103145
1.096765
1.105971
1.095182
1.067927
1.075657
1.098337
1.085968
1.075977
1.057144
1.043258
1.012566
1.011765
1.023195
0.9946208
1.016935
1.042893
1.02349
0.9963057
1.009122
1.035928
1.040695
1.06136
1.075944
1.052766
1.067529
1.087752
1.08337
1.089633
1.081885
1.081359
1.084818
1.098035
1.079791
1.053539
1.050593
1.055059
1.036902
0.9968232
1.020145
1.027166
1.009967
0.9951531
1.008724
1.035828
1.017862
1.034054
1.030998
1.015653
1.053289
1.068389
1.067214
1.061727
1.078703
1.071292
1.0145
1.043797
1.088536
1.091746
1.073731
1.058036
1.076838
1.071767
1.040905
1.017177
1.028436
1.001969
0.9566343
1.003496
1.014599
0.9928368
0.9997555
1.005532
1.025701
1.013667
1.034428
1.061102
1.038127
1.045889
1.077626
1.088675
1.086643
1.091797
1.088914
1.098713
1.115385
1.10462
1.076548
1.060559
1.091263
1.071598
1.036962
1.053927
1.041032
1.014577
1.015727
1.032631
0.9829847
0.9557674
0.9977904
0.9848491
0.9815269
1.021688
1.006225
0.9919913
1.015809
1.013647
1.006355
1.00642
1.033675
