0.835
0.836
0.833
0.845
0.863
0.863
0.844
0.856
0.854
0.86
0.869
0.877
0.869
0.902
0.915
0.896
0.921
0.934
0.922
0.916
0.927
0.933
0.906
0.918
0.934
0.938
0.953
0.943
0.957
0.955
0.962
0.958
0.947
0.989
0.97
0.951
0.972
0.982
0.955
0.946
0.954
0.973
0.952
0.973
0.951
0.967
0.941
0.942
0.989
0.948
0.955
0.953
0.98
0.963
0.954
0.957
0.968
0.947
0.944
0.943
0.921
0.914
0.912
0.918
0.941
0.953
0.947
0.95
0.965
0.974
0.954
0.959
0.967
0.979
0.968
0.963
0.979
0.99
0.979
0.991
0.99
1.001
0.981
0.991
0.992
0.986
0.975
0.995
0.996
0.987
0.981
0.984
0.994
0.968
0.9547222
0.9624157
0.984
0.989
0.981
1.002
1.004
0.994
0.999
1.019
1.018
0.99
1.01
1.005
0.981
0.981
0.967
0.95
0.942
0.944
0.966
0.965
0.942
0.965
0.981
0.978
0.965
0.975
0.996
0.992
0.972
0.979
0.987
0.979
0.956
0.964
0.976
0.964
0.945
0.96
0.971
0.966
0.955
0.98
0.989
0.991
0.977
0.996
1.001
0.994
0.99
1.006
1.011
0.988
0.994
1.008
1.005
0.983
0.994
1.002
1.001
0.992
1.015
1.014
0.995
0.994
1.001
1.001
0.976
0.984
0.992
0.99
0.975
0.991
0.998
0.998
0.99
0.963
0.948
0.949
0.938
0.953
0.958
0.964
0.95
0.974
0.975
0.981
0.957
0.982
0.99
0.971
0.967
0.984
0.984
0.976
0.971
0.983
0.985
0.973
0.974
0.983
0.988
0.972
0.967
0.978
0.979
0.95
0.959
0.967
0.963
0.945
1.017103
0.965
0.9831131
0.9840679
0.983
0.978
0.971
0.992
0.99
0.967
0.988
0.991
0.989
0.971
0.996
0.993
0.971
0.981
0.992
0.994
0.969
0.991
0.99
0.979
0.97
0.993
0.985
0.984
0.983
1.006492
0.9779574
0.999
0.971
0.998
0.999
0.984
0.979
1.001
0.991
0.961
0.979
0.993
0.984
0.96
0.987
0.987
0.973
0.981
1
0.995
0.966
0.98
0.976
0.953
0.958
0.94
0.954
0.964
0.963
0.941
0.964
0.974
0.969
0.95
0.977
0.98
0.963
0.957
0.979
0.977
0.957
0.949
0.973
0.967
0.951
0.951
0.9225904
0.9359715
0.962
0.943
0.952
0.966
0.963
0.945
0.968
0.983
0.985
0.968
0.998
0.995
0.979
0.979
0.992
0.99
1.002
0.999
0.994
0.962
0.946
0.967
0.949
0.966
0.97
0.953
0.94
0.963
0.958
0.938
0.943
0.933
0.934
0.948
0.946
0.96
0.974
0.975
0.967
0.977
0.989
0.979
0.965
0.9422634
0.9790924
0.987
0.9587169
0.9590117
0.974
0.994
0.994
0.967
0.983
0.998
0.987
0.967
0.986
0.983
0.979
0.967
0.979
0.987
0.981
0.967
0.987
0.988
0.978
0.973
0.9271118
0.910718
0.984
0.960038
0.9297661
0.8732607
0.9313977
0.9037541
0.8890727
0.9066925
0.8873244
0.8926783
0.8937616
0.8687934
0.9238248
0.9071094
0.8767586
0.9285984
0.9084765
0.890658
0.96
0.913673
0.949
0.931
0.931
0.916
0.937
0.9017682
0.8985245
0.915
0.8915954
0.8866188
0.91
0.902
0.8670811
0.8597616
0.905
0.9
0.891
0.879
0.877
0.869
0.86
0.838
0.849
0.814
0.825
0.83
0.812
0.836
0.832
0.814
0.829
0.82
0.832
0.822
0.829
0.824
0.83
0.842
0.844
0.845
0.843
0.845
0.847
0.847
0.844
0.838
0.835
0.833
0.832
0.828
0.834
0.835
0.832
0.837
0.833
0.831
0.819
0.818
0.811
0.826
0.804
0.817
0.805
0.812
0.8
0.817
0.797
0.82
0.801
0.821
0.792
0.804
0.817
0.794
0.792
0.785
0.799
0.793
0.789
0.784
0.789
0.775
0.787
0.782
0.776
0.79
0.785
0.772
0.787
0.784
0.778
0.786
0.785
0.778
0.786
0.773
0.787
0.767
0.774
0.775
0.771
0.791
0.767
0.795
0.766
0.797
0.762
0.77
0.769
0.769
0.762
0.77
0.764
0.781
0.749
0.784
0.752
0.764
0.762
0.775
0.746
0.778
0.746
0.782
0.75
0.759
0.753
0.758
0.751
0.741
0.745
0.767
0.731
0.74
0.739
0.734
0.732
0.728
0.727
0.721
0.717
0.717
0.713
0.71
0.721
0.712
0.711
0.717
0.715
0.716
0.714
0.722
0.72
0.719
0.725
0.724
0.719
0.724
0.724
0.725
0.725
0.731
0.724
0.722
0.726
0.725
0.72
0.727
0.726
0.72
0.718
0.725
0.723
0.719
0.728
0.723
0.718
0.725
0.725
0.725
0.722
0.727
0.727
0.725
0.729
0.721
0.719
0.722
0.72
0.723
0.722
0.729
0.723
0.721
0.723
0.72
0.717
0.726
0.719
0.717
0.723
0.722
0.717
0.72
0.721
0.719
0.714
0.721
0.713
0.707
0.715
0.705
0.701
0.704
0.698
0.694
0.692
0.703
0.704
0.707
0.711
0.709
0.717
0.72
0.714
0.718
0.716
0.71
0.719
0.719
0.712
0.745
0.709
0.744
0.714
0.723
0.723
0.716
0.717
0.713
0.723
0.728
0.736
0.726
0.74
0.751
0.776
0.754
0.774
0.776
0.774
0.771
0.774
0.771
0.765
0.77
0.771
0.766
0.762
0.773
0.787
0.759
0.773
0.775
0.771
0.813
0.792
0.806
0.806
0.838
0.824
0.83
0.831
0.85
0.837
0.84
0.843
0.861
0.844
0.838
0.827
0.846
0.817
0.817
0.826
0.814
0.818
0.816
0.855
0.841
0.846
0.856
0.889
0.865
0.872
0.885
0.877
0.871
0.874
0.909
0.883
0.883
0.904
0.884
0.869
0.88
0.874
0.86
0.866
0.87
0.852
0.871
0.854
0.866
0.843
0.835
0.871
0.864
0.851
0.855
0.852
0.856
0.836
0.859
0.837
0.849
0.835
0.845
0.841
0.833
0.83
0.849
0.84
0.829
0.832
0.833
0.8918935
0.841
0.868
0.85
0.865
0.874
0.859
0.882
0.906
0.895
0.917
0.917
0.939
0.92
0.922
0.933
0.945
0.918
0.938
0.949
0.942
0.947
0.938
0.971
0.953
0.963
0.956
0.986
0.976
0.972
0.986
0.984
0.976
0.966
0.99
0.968
0.977
0.988
0.978
1
0.974
1.001
0.97
0.989
0.982
0.968
0.969
0.975
0.936
0.952
0.93
0.953
0.956
0.956
0.944
0.976
0.978
0.968
0.97
0.976
0.986
0.972
0.985
0.987
0.967
0.986
0.995
1.002
0.985
0.999
0.993
0.991
0.972
1.001
0.989
0.973
0.97
0.974
0.979
0.949
0.975
0.975
0.965
0.95
0.979
0.977
0.957
0.959
0.97
0.967
0.944
0.96
0.972
0.967
0.967
0.949
0.967
0.969
0.962
0.961
0.97
0.97
0.954
0.963
0.977
0.98
0.975
0.982
0.979
0.967
0.987
0.979
0.97
0.964
0.934
0.946
0.923
0.939
0.971
0.959
0.95
0.952
0.971
0.974
0.954
0.963
0.969
0.97
0.951
0.961
0.965
0.966
0.976
0.972
0.989
0.977
0.982
0.98
0.986
0.97
0.974
0.979
0.987
0.973
0.979
0.985
0.987
0.96
0.971
0.966
0.928
0.94
0.943
0.939
0.926
0.919
0.925
0.928
0.938
0.95
0.96
0.938
0.952
0.953
0.948
0.943
0.957
0.956
0.947
0.961
0.964
0.954
0.95
0.966
0.969
0.948
0.962
0.977
0.96
0.97
0.98
0.996
0.986
1.005
1.009
0.988
0.956
0.979
0.979
0.983
0.977
0.968
0.976
1.001
0.976
0.98
0.997
0.991
0.99
0.997
0.952
0.959
0.997
0.973
0.965
0.938
0.935
0.955
0.959
0.959
0.954
0.967
0.988
0.982
0.979
0.991
0.984
0.956
0.954
0.949
0.982
0.954
0.966
0.97
0.96
0.951
0.98
0.981
0.955
1.008
1.006
0.987
0.996
1.002
0.993
0.952
0.952
0.983
0.995
0.963
0.972
0.971
0.964
0.944
0.929
0.947
0.971
0.938
0.941
0.936
0.932
0.95
0.937
0.918
0.921
0.925
0.911
0.926
0.928
0.923
0.943
0.954
