0.919073
0.9279975
0.851
0.879
0.901
0.912
0.905
0.914
0.915
0.915
0.925
0.878
0.9
0.899
0.906
0.914
0.915
0.917
0.909
0.9
0.905
0.901
0.901
0.9
0.908
0.892
0.899
0.906
0.905
0.922
0.93
0.943
0.94
0.938
0.928
0.906
0.897
0.896
0.896
0.881
0.887
0.908
0.918
0.92
0.932
0.91
0.881
0.907
0.975
0.982
0.972
0.939
0.927
0.892
0.887
0.875
0.879
0.895
0.912
0.935
0.961
0.958
0.972
0.976
0.975
0.964
0.961
0.941
0.933
0.938
0.929
0.931
0.933
0.904
0.885
0.884
0.879
0.891
0.89
0.885
0.893
0.898
0.903
0.896
0.899
0.905
0.911
0.915
0.915
0.904
0.904
0.897
0.892
0.884
0.873
0.879
0.878
0.893
0.891
0.884
0.896
0.895
0.899
0.894
0.886
0.897
0.898
0.9
0.893
0.889
0.891
0.886
0.887
0.886
0.889
0.895
0.9
0.896
0.898
0.904
0.919
0.921
0.911
0.911
0.905
0.902
0.896
0.896
0.914
0.914
0.91
0.907
0.921
0.93
0.933
0.937
0.923
0.917
0.923
0.92
0.902
0.895
0.894
0.896
0.885
0.879
0.882
0.883
0.875
0.869
0.877
0.873
0.872
0.867
0.858
0.87
0.871
0.871
0.86
0.873
0.864
0.867
0.861
0.86
0.868
0.871
0.861
0.863
0.872
0.873
0.872
0.866
0.87
0.87
0.872
0.867
0.87
0.89
0.89
0.897
0.896
0.907
0.917
0.924
0.939
0.939
0.914
0.91
0.914
0.916
0.914
0.911
0.894
0.88
0.888
0.884
0.892
0.896
0.89
0.878
0.884
0.883
0.877
0.869
0.864
0.856
0.865
0.861
0.868
0.865
0.867
0.867
0.88
0.874
0.874
0.878
0.879
0.884
0.875
0.875
0.872
0.872
0.865
0.86
0.858
0.858
0.851
0.852
0.855
0.859
0.86
0.862
0.874
0.874
0.875
0.877
0.892
0.903
0.911
0.908
0.909
0.917
0.921
0.912
0.91
0.912
0.91
0.912
0.9
0.9
0.9
0.9
0.891
0.907
0.92
0.912
0.893
0.896
0.892
0.884
0.873
0.88
0.878
0.87
0.873
0.885
0.902
0.904
0.898
0.92
0.914
0.916
0.905
0.915
0.913
0.907
0.898
0.892
0.896
0.894
0.901
0.906
0.914
0.925
0.936
0.932
0.95
0.949
0.947
0.938
0.932
0.938
0.932
0.924
0.91
0.906
0.9
0.882
0.871
0.876
0.873
0.87
0.856
0.867
0.874
0.879
0.89
0.882
0.894
0.903
0.896
0.899
0.915
0.914
0.914
0.913
0.918
0.917
0.918
0.913
0.909
0.908
0.905
0.902
0.896
0.89
0.901
0.896
0.901
0.897
0.899
0.902
0.909
0.908
0.902
0.909
0.914
0.906
0.896
0.896
0.9
0.9
0.891
0.884
0.893
0.895
0.907
0.903
0.905
0.923
0.932
0.92
0.907
0.905
0.905
0.892
0.881
0.887
0.887
0.879
0.877
0.891
0.889
0.892
0.895
0.89
0.894
0.884
0.893
0.888
0.888
0.896
0.891
0.885
0.885
0.886
0.892
0.881
0.873
0.861
0.869
0.868
0.861
0.862
0.871
0.869
0.871
0.871
0.863
0.868
0.865
0.859
0.863
0.861
0.868
0.864
0.858
0.852
0.859
0.86
0.857
0.852
0.857
0.863
0.865
0.859
0.88
0.888
0.865
0.832
0.787
0.808
0.788
0.762
0.767
0.775
0.8914223
0.8501717
0.774
0.771
0.769
0.776
0.773
0.771
0.8554959
0.9003974
0.813
0.8648388
0.8158017
0.794
0.8309727
0.8369146
0.8831121
0.8578254
0.8581429
0.8491574
0.8295818
0.8949936
0.8579004
0.7876442
0.8622979
0.8284925
0.8110395
0.834375
0.8108983
0.8186075
0.8208413
0.7901463
0.8606617
0.8405495
0.8032562
0.8699041
0.8456135
0.8242512
0.8567949
0.8551878
0.8523878
0.8473497
0.8421739
0.8233228
0.8148689
0.8110972
0.8004476
0.8122959
0.7804333
0.8752731
0.8459254
0.838
0.7754031
0.7932534
0.788895
0.8214618
0.7943993
0.8011591
0.7904067
0.7871643
0.8241374
0.7762215
0.726
0.8195333
0.7300418
0.721
0.7843506
0.7683932
0.7680584
0.7697669
0.7419832
0.7439073
0.732
0.7189875
0.7147773
0.750957
0.752461
0.7385788
0.7600499
0.7885003
0.7130761
0.6577909
0.7471707
0.6943282
0.6902998
0.7338748
0.6919298
0.6604281
0.6948278
0.6805291
0.6792997
0.6846711
0.6579814
0.6813074
0.721
0.6463842
0.6568466
0.6734318
0.6498785
0.6236813
0.6607931
0.678
0.6480252
0.6316463
0.6193758
0.5916902
0.6449436
0.5870557
0.6633508
0.6423528
0.5898162
0.5647891
0.570929
0.5953895
0.5782712
0.5724796
0.5524502
0.5750493
0.5511585
0.5232298
0.5565993
0.5903205
0.5452142
0.5757514
0.5101052
0.5514769
0.5650592
0.556344
0.5483797
0.5249822
0.463
0.514834
0.469
0.466
0.463
0.46
0.463
0.465
0.466
0.466
0.466
0.471
0.472
0.475
0.477
0.473
0.475
0.478
0.476
0.479
0.479
0.478
0.474
0.474
0.474
0.476
0.476
0.473
0.474
0.473
0.478
0.479
0.479
0.48
0.48
0.48
0.488
0.5
0.516
0.533
0.544
0.588
0.5423933
0.5767211
0.5489248
0.5642638
0.5734758
0.6354928
0.664
0.617
0.596
0.588
0.581
0.581
0.579
0.574
0.568
0.567
0.568
0.581
0.584
0.594
0.606
0.603
0.6
0.604
0.632
0.646
0.649
0.643
0.679
0.679
0.664
0.654
0.669
0.686
0.679
0.664
0.686
0.71
0.7
0.682
0.694
0.724
0.716
0.695
0.699
0.696
0.686
0.673
0.666
0.669
0.664
0.655
0.67
0.71
0.723
0.717
0.71
0.752
0.755
0.749
0.731
0.763
0.781
0.784
0.767
0.772
0.824
0.817
0.791
0.785
0.7570844
0.784078
0.7815562
0.84
0.805
0.818
0.837
0.843
0.833
0.809
0.788
0.831
0.863
0.877
0.864
0.829
0.801
0.806
0.811
0.817
0.807
0.8
0.789
0.819
0.836
0.851
0.825
0.806
0.823
0.827
0.829
0.813
0.8
0.82
0.821
0.816
0.806
0.8
0.815
0.822
0.809
0.795
0.812
0.827
0.839
0.829
0.813
0.822
0.842
0.868
0.882
0.867
0.848
0.866
0.863
0.812
0.796
0.805
0.783
0.767
0.777
0.785
0.805
0.842
0.853
0.839
0.83
0.831
0.814
0.797
0.807
0.806
0.799
0.786
0.793
0.807
0.806
0.795
0.793
0.807
0.817
0.813
0.808
0.806
0.814
0.819
0.805
0.803
0.816
0.822
0.821
0.811
0.825
0.832
0.841
0.832
0.817
0.83
0.829
0.819
0.818
0.826
0.831
0.829
0.816
0.826
0.831
0.826
0.819
0.824
0.834
0.834
0.826
0.827
0.837
0.845
0.842
0.827
0.835
0.843
0.838
0.833
0.831
0.842
0.832
0.818
0.828
0.833
0.829
0.82
0.835
0.841
0.85
0.844
0.829
0.836
0.841
0.851
0.84
0.832
0.839
0.843
0.837
0.825
0.832
0.843
0.844
0.836
0.823
0.83
0.834
0.837
0.829
0.828
0.83
0.837
0.83
0.818
0.823
0.826
0.819
0.81
0.813
0.824
0.8225356
0.805
0.808
0.816
0.816
0.811
0.803
0.811
0.817
0.829
0.829
0.821
0.83
0.846
0.845
0.843
0.834
0.849
0.854
0.869
0.866
0.846
0.854
0.868
0.869
0.864
0.855
0.829
0.826
0.871
0.8500059
0.8927508
0.864663
0.925
0.892
0.864
0.84
0.814
0.817
0.811
0.82
0.829
0.84
0.845
0.839
0.829
0.826
0.824
0.828
0.833
0.832
0.832
0.839
0.845
0.852
0.846
0.847
0.846
0.839
0.834
0.837
0.827
0.83
0.826
0.833
0.836
0.833
0.842
0.843
0.846
0.848
0.839
0.841
0.835
0.834
0.841
0.838
0.846
0.854
0.854
0.853
0.848
0.854
0.849
0.856
0.855
0.855
0.85
0.851
0.845
0.834
0.839
0.833
0.83
0.827
0.83
0.834
0.844
0.851
0.849
0.844
0.845
0.844
0.845
0.845
0.834
0.836
0.834
0.833
0.831
0.837
0.829
0.83
0.837
0.852
0.854
0.842
0.853
0.861
0.864
0.864
0.849
0.81
0.837
0.832
0.81
0.786
0.763
0.768
0.772
0.787
0.799
0.817
0.821
0.825
0.818
0.833
0.832
0.837
0.843
0.843
0.843
0.843
0.842
0.833
0.84
0.848
0.85
0.854
0.853
0.849
0.84
0.836
0.83
0.821
0.824
0.82
0.821
0.814
0.815
0.813
0.82
0.815
0.813
