0.954
0.994
0.976
1.01
1.008
0.994
1
1
0.991
0.982
1.01
1.008
1.009
0.99
0.9778329
0.9797499
1.006
1.03
1.014
0.988
1.02
1.003
1.034
1.006
1.044
1.045
1.018
1.049
1.034
1.022
1.047
1.019
1.026
1.044
1.023
1.035
1.049
1.029
1.054
1.048
1.023
1.057
1.026
1.032
1.038
1.012
1.039
1.021
1.016
1.034
1.004
1.035
1.028
1.013
1.05
1.024
1.037
1.033
1.062
1.041
1.064
1.071
1.047
1.07
1.058
1.061
1.07
1.052
1.065
1.074
1.056
1.077
1.054
1.067
1.077
1.049
1.071
1.059
1.053
1.063
1.043
1.062
1.063
1.043
1.065
1.047
1.058
1.068
1.044
1.065
1.063
1.034
1.055
1.043
1.015
1.05
1.053
1.035
1.066
1.046
1.068
1.074
1.053
1.079
1.066
1.063
1.081
1.062
1.082
1.076
1.063
1.087
1.063
1.075
1.077
1.048
1.072
1.045
1.057
1.061
1.035
1.059
1.046
1.04
1.064
1.04
1.063
1.06
1.037
1.065
1.046
1.063
1.063
1.04
1.061
1.049
1.039
1.058
1.041
1.06
1.066
1.041
1.072
1.068
1.056
1.087
1.068
1.083
1.091
1.067
1.094
1.09
1.074
1.09
1.074
1.085
1.089
1.068
1.081
1.079
1.061
1.076
1.053
1.059
1.055
1.02
1.051
1.045
1.047
1.037936
1.037495
0.995
1.036452
0.974
1.138
1.055
1.04
1.013
1.061
1.056
1.042
1.063
1.073
1.074
1.053
1.072
1.051
1.082
1.084
1.045
1.077
1.062
1.061
1.067
1.04
1.068
1.063
1.038
1.068
1.057
1.048
1.062
1.044
1.061
1.061
1.04
1.061
1.056
1.043
1.059
1.051
1.054
1.064
1.052
1.06
1.06
1.042
1.062
1.057
1.032
1.049
1.044
1.027
1.048
1.024
1.033
1.04
1.012
1.047
1.014555
1.014794
0.942
1.077
1.005
1.034
1.028
1.003
1.029
1.007
1.03
1.036
1.02
1.05
1.018
1.012
1.021893
0.931
1.122
1.029
1.002
0.973
0.995
0.989
0.989
1.023
1.007
1.04
1.05
1.039
1.061
1.076
1.051
1.08
1.067
1.052
1.067
1.037
1.056
1.063
1.038
1.065
1.044
1.061
1.063
1.047
1.076
1.068
1.076
1.082
1.064
1.091
1.097
1.068
1.097
1.091
1.081
1.095
1.083
1.068
1.078
1.063
1.063
1.063
1.039
1.059
1.055
1.032
1.056
1.036
1.035
1.053
1.035
1.048
1.049
1.023
1.046
1.024
1.022
1.037
1.015
1.024
1.024
1.001
1.012
0.999
0.977
1
0.999
0.997
1.021
1.012
1.029
1.049
1.031
1.057
1.055
1.048
1.069
1.051
1.075
1.08
1.061
1.089
1.079
1.06
1.026
0.956
0.986
0.956
0.999
1
1.026
1.002
1.039
1.017
1.022
1.026
1.005
1.029
1.022
0.994
1.03
0.998
1.02
1.023
1
0.993
0.959
0.956
0.888
0.867
0.869
0.849
0.851
0.84
0.846
0.833
0.816
0.804
0.795
0.791
0.793
0.777
0.789
0.774
0.763
0.764
0.771
0.756
0.761
0.766
0.754
0.741
0.756
0.754
0.75
0.738
0.738
0.737
0.734
0.723
0.729
0.728
0.718
0.718
0.725
0.71
0.716
0.724
0.715
0.722
0.714
0.705
0.714
0.713
0.711
0.7089963
0.7062426
0.708
0.704
0.698
0.705
0.697
0.694
0.698
0.688
0.691
0.691
0.684
0.688
0.688
0.688
0.687
0.683
0.676
0.678
0.669
0.673
0.67
0.669
0.6561556
0.6549993
0.664
0.658
0.657
0.659
0.655
0.656
0.656
0.655
0.657
0.65
0.65
0.649
0.654
0.646
0.646
0.646
0.645
0.646
0.644
0.644
0.644
0.639
0.639
0.641
0.636
0.566
0.701
0.631
0.639
0.636
0.637
0.639
0.638
0.642
0.643
0.64
0.639
0.641
0.641
0.642
0.639
0.641
0.646
0.641
0.644
0.648
0.642
0.645
0.646
0.645
0.643
0.645
0.6267673
0.626799
0.656
0.646
0.641
0.645
0.64
0.64
0.642
0.64
0.639
0.636
0.639
0.637
0.638
0.638
0.638
0.639
0.637
0.639
0.635
0.636
0.634
0.639
0.634
0.639
0.639
0.635
0.638
0.641
0.636
0.639
0.638
0.641
0.639
0.642
0.638
0.637
0.635
0.634
0.637
0.632
0.634
0.634
0.638
0.632
0.637
0.639
0.633
0.636
0.639
0.632
0.634
0.639
0.642
0.647
0.647
0.655
0.661
0.701202
0.817
0.683
0.675
0.682
0.679
0.704
0.701
0.717
0.724
0.724
0.742
0.75
0.754
0.763
0.755
0.768
0.775
0.77
0.77
0.778
0.785
0.782
0.799
0.795
0.781
0.809
0.809
0.814
0.809
0.808
0.833
0.824
0.806
0.813
0.849
0.833
0.826
0.83
0.838
0.835085
0.847
0.845
0.856
0.845
0.843
0.846
0.845
0.87
0.852
0.842
0.857
0.858
0.868
0.85
0.864
0.876
0.872
0.867
0.884
0.898
0.9
0.882
0.903
0.918
0.921
0.895
0.892
0.9
0.919
0.91
0.894
0.912
0.921
0.922
0.905
0.924
0.94
0.918
0.913
0.933
0.945
0.93
0.927
0.942
0.952
0.954
0.937
0.95
0.963
0.976
0.969
0.954
0.969
0.981
0.991
0.99
0.962
0.974
0.988
0.998
0.977
0.977
0.986
0.999
1.019
0.994
0.99
1.005
1.012
1.025
0.99
0.994
1.002
1.017
0.981
0.995
0.997
1.008
0.982
0.985
0.999
1.013
1.023
1.006
1.004
1.024
1.033
1.012
1.003
1.019
1.027
1.036
1.004
1.015
1.021
1.025
1.035
1.009
1.002
1.021
1.03
1.025
1.009
1.029
1.033
1.039
1.056
1.05
1.019632
1.11
1.003
0.985
0.988
0.973
0.995
1.025
1.033
1.021
1.046
1.029
1.05
1.052
1.041
1.054
1.041
1.055
1.067
1.044
1.043
1.001
1.02
1.001
0.982
1.01
0.982
1.021
1.035
1.015
1.043
1.024
1.038
1.057
1.022
1.041
1.052
1.026
1.043
1.028
1.038
1.049
1.036
1.05
1.063
1.038
1.052
1.058
1.027
1.043
1.025
1.025
1.042
1.026
1.034
1.045
1.024
1.042
1.049
1.017
1.044
1.026
1.015
1.029
1.011
1.021
1.029
0.997
1.024
1.02
1.003
1.025
1.008
0.999
1.019
0.997
1.023
1.027
1.01
1.034
1.021
1.034
1.047
1.02
1.045
1.05
1.024
1.039
1.017
1.021
1.028
1.004
1.022
1.036
1.008
1.036
1.042
1.028
1.048
1.042
1.041
1.06
1.03433
1.034496
1.079
1.043
1.059
1.043
1.025
1.049
1.037
1.052
1.062
1.038
1.056
1.06
1.027
1.053
1.035
1.031
1.04
1.02
1.031
1.039
1.013
1.027
1.026
1
1.027
1.015
1.003
1.019
1.003
1.022
1.037
1.016
1.062
1.043
1.078
1.084
1.068
1.096
1.075
1.093
1.099
1.06
1.078
1.059
1.045
1.061
1.033
1.054
1.052
1.029
1.049
1.041
1.045
1.058
1.032
1.052
1.025
1.037
1.049
1.029
1.061
1.041
1.043
1.066
1.051
1.089
1.085
1.083
1.066
1.068
1.068
1.05
1.061
1.026
1.053
1.03
1.04
1.047
1.024
1.046
1.021
1.047
1.024
1.03
1.034
1.013
1.043
1.027
1.019
1.034
1.017
1.031
1.042
1.021
1.048
1.043
1.023
1.052
1.034
1.054
1.057
1.034
1.062
1.045
1.046
1.057
1.03
1.05
1.042
1.035
1.046
1.03
1.049
1.065
