0.8099735
0.8401894
0.8561418
0.7741912
0.8333759
0.8595745
0.8273022
0.8272196
0.790378
0.8189281
0.8053145
0.7668157
0.8208199
0.8174917
0.8130825
0.8261929
0.7948373
0.8044585
0.7851963
0.8019513
0.8714717
0.8304333
0.816526
0.8472238
0.8232551
0.7936733
0.7990935
0.815276
0.8100997
0.7932973
0.7818736
0.7889038
0.7930101
0.7814186
0.7545385
0.7464927
0.7295352
0.7113021
0.7263769
0.7308219
0.7349454
0.7493754
0.7587724
0.7714232
0.7329878
0.7516266
0.8535518
0.8736289
0.8428179
0.7971686
0.7932504
0.8362877
0.834435
0.8026862
0.7779311
0.780317
0.7689868
0.8192075
0.8327232
0.7658603
0.8472027
0.8616747
0.792631
0.7766671
0.7756083
0.8042519
0.8138803
0.7972113
0.7907778
0.783102
0.8073931
0.8321622
0.7455204
0.7666096
0.8552727
0.8302857
0.8196733
0.8362366
0.827145
0.7894541
0.7810373
0.7713356
0.8026183
0.799831
0.7530782
0.8390218
0.8477236
0.80735
0.8336113
0.8370142
0.817993
0.8135376
0.808914
0.7688978
0.7727679
0.810869
0.8303754
0.816898
0.77928
0.7717147
0.7743696
0.7675454
0.7661084
0.7574784
0.7634794
0.7807528
0.7913053
0.7848398
0.7701464
0.7615065
0.7751982
0.7455182
0.7336453
0.8284539
0.8284359
0.7627406
0.7552251
0.7645915
0.7769028
0.7751143
0.7560442
0.7490749
0.7563051
0.7576987
0.7582037
0.7700961
0.7793227
0.7714537
0.769382
0.7745462
0.7772676
0.7664938
0.7557478
0.7751986
0.7948792
0.782677
0.7696833
0.7670503
0.75413
0.735038
0.7280743
0.7375487
0.740097
0.7310311
0.7296523
0.7309465
0.7291258
0.7345686
0.7464127
0.7463488
0.7424889
0.754331
0.7523944
0.7408678
0.746703
0.74045
0.746719
0.7620709
0.7793418
0.759307
0.7390173
0.7834961
0.7642643
0.7326702
0.7327379
0.7227974
0.7517762
0.7593953
0.7551844
0.8060506
0.8298577
0.8218783
0.8256236
0.8153997
0.798916
0.7951062
0.7829951
0.776496
0.7644247
0.7638706
0.7527149
0.7875556
0.8064952
0.7561382
0.8270289
0.8463608
0.8137676
0.8068105
0.7939926
0.8169849
0.8076219
0.7708811
0.7391443
0.7347131
0.7382732
0.7227231
0.7017033
0.6931908
0.6994775
0.7125731
0.7186337
0.7252144
0.7543149
0.7842432
0.8030216
0.7926345
0.7850001
0.7751293
0.8261721
0.8596748
0.7940089
0.8216589
0.8128498
0.7969466
0.8349822
0.8613607
0.8324604
0.793675
0.8357236
0.8163984
0.8109439
0.7856156
0.7463539
0.7670013
0.8133576
0.7865605
0.7594929
0.8464965
0.8317746
0.8180608
0.8610949
0.8757537
0.8445566
0.8500015
0.8487314
0.8072952
0.8384719
0.8506871
0.865948
0.8900194
0.844686
0.7839865
0.839623
0.8768208
0.8320854
0.8082107
0.790102
0.8218487
0.7983702
0.7609376
0.8478858
0.8537283
0.8361892
0.8390466
0.8048005
0.8061057
0.8047022
0.7722076
0.7853373
0.8520509
0.8488142
0.82852
0.8293791
0.8050641
0.804003
0.8365932
0.8241071
0.808906
0.8131319
0.7809909
0.7555988
0.7521254
0.7838682
0.7636529
0.746108
0.8398836
0.8458551
0.8234057
0.8215026
0.7681583
0.7487652
0.7617272
0.7647288
0.763353
0.7738148
0.8007572
0.8265494
0.827524
0.8049126
0.7782199
0.7617242
0.7587604
0.7646944
0.7831755
0.806462
0.8410989
0.8037394
0.7764897
0.8733879
0.8410955
0.7871334
0.777296
0.771725
0.7953348
0.735831
0.7935186
0.8950463
0.8601267
0.8559454
0.8296476
0.7702667
0.841264
0.898068
0.8558238
0.8646792
0.8257759
0.7744585
0.8686712
0.883856
0.8471373
0.8489358
0.8264246
0.8064866
0.7754282
0.7636976
0.7689719
0.7710177
0.7796925
0.7875064
0.769577
0.7826083
0.7772668
0.7830305
0.8814545
0.8727506
0.79808
0.7800714
0.776278
0.7723594
0.7623614
0.7451569
0.7518474
0.7491581
0.784893
0.8334049
0.7738929
0.8093105
0.8891324
0.8794552
0.8610341
0.8312801
0.789093
0.7599063
0.7523812
0.7431512
0.7365991
0.7419023
0.7565868
0.7652929
0.7738071
0.783184
0.7872659
0.7935127
0.7885224
0.7934943
0.7929016
0.8106376
0.8344666
0.8427926
0.8084428
0.779939
0.8679835
0.8834295
0.838817
0.8319181
0.8186773
0.8068797
0.8023284
0.7694757
0.8049318
0.8585815
0.8000633
0.7952465
0.8330282
0.8878108
0.8892337
0.8337097
0.8074348
0.763563
0.7652488
0.7401071
0.7513815
0.8615729
0.8339202
0.7820277
0.8093917
0.8327679
0.8281132
0.8072997
0.8063886
0.8249824
0.8335927
0.8484968
0.8231662
0.779204
0.8349527
0.8450736
0.80679
0.7895703
0.7720363
0.7811728
0.7839464
0.764599
0.750399
0.7355327
0.7317005
0.7314437
0.7191402
0.7330424
0.7210402
0.7345731
0.7681268
0.7300053
0.723388
0.7318061
0.7343833
0.7620793
0.764824
0.744877
0.7500767
0.7683497
0.7537538
0.7916885
0.7818228
0.7593332
0.8639273
0.8380364
0.7840318
0.8137375
0.8513252
0.8460911
0.7912559
0.8492347
0.8125504
0.7526229
0.8718432
0.8751045
0.7828655
0.8241662
0.8835145
0.8700179
0.8407888
0.8303928
0.7791089
0.7552888
0.8375084
0.8537265
0.8230924
0.8278223
0.7953338
0.7702968
0.8400834
0.8703657
0.8408746
0.8242426
0.7931093
0.7726676
0.7648927
0.7609517
0.7739973
0.7412157
0.7421286
0.7994861
0.7708171
0.7530284
0.7462931
0.7505455
0.772483
0.7687816
0.7872994
0.8000061
0.793679
0.7966137
0.802394
0.7896418
0.7617211
0.7305757
0.7180985
0.709653
0.7027593
0.7036503
0.7005151
0.7051386
0.7270308
0.7208344
0.7392092
0.818844
0.8190298
0.7933675
0.7906584
0.7659983
0.7637065
0.7794978
0.7852367
0.7765007
0.7644074
0.7415479
0.7620776
0.7375389
0.6927016
0.7375234
0.7408732
0.7537344
0.7353606
0.6885415
0.710855
0.7047482
0.6852332
0.6758557
0.6626514
0.6543602
0.6500483
0.6488745
0.6415537
0.6317567
0.630874
0.6361449
0.6474761
0.6589143
0.6640275
0.6645455
0.661506
0.6685021
0.676607
0.6764073
0.6755042
0.6701102
0.6608693
0.657803
0.6533816
0.6472537
0.6534077
0.6622106
0.6790159
0.6812156
0.6623266
0.6531575
0.6421661
0.6293139
0.6430087
0.6555465
0.6298633
0.6148539
0.6072062
0.6008725
0.5917549
0.601622
0.5695762
0.5472518
0.613244
0.5931745
0.5667345
0.5750229
0.5664383
0.5693099
0.5652053
0.5646546
0.5667667
0.5665682
0.5683009
0.5698061
0.5654703
0.5646214
0.5621116
0.5568667
0.5511
0.5482402
0.5465422
0.5435374
0.5392474
0.5360872
0.5370093
0.5378899
0.5336726
0.5286833
0.5284645
0.5272865
0.5270633
0.525439
0.5252055
0.527407
0.5221981
0.5205753
0.5219698
0.5268535
0.5290383
0.5243437
0.5259384
0.5233366
0.5225837
0.5248106
0.5256484
0.5258225
0.5212003
0.5223906
0.5240702
0.5265539
0.5276786
0.5235325
0.5237131
0.5218226
0.5207255
0.5219741
0.5222206
0.5192446
0.5140567
0.5153233
0.5140259
0.5126126
0.5118137
0.5062578
0.5062572
0.5039883
0.5028898
0.5056383
0.5021782
0.5012752
0.4991414
0.4986114
0.5020555
0.5007794
0.5004899
0.5002455
0.5022572
0.5042367
0.5018035
0.5024852
0.5009971
0.4984039
0.4995946
0.4992443
0.4966835
0.4933021
0.4941599
0.4954207
0.4903279
0.4882408
0.489549
0.4872839
0.4848671
0.4830447
0.4832585
0.4834343
0.4794318
0.4790884
0.4794677
0.4755192
0.4748388
0.4748792
0.4732237
0.4716859
0.4704349
0.4705931
0.4680988
0.4662807
0.4676795
0.4660395
0.4631049
0.4630554
0.4616401
0.4607162
0.4655336
0.4668466
0.4621374
0.4590497
0.4590937
0.4609546
0.4607824
0.4593474
0.4608311
0.4619522
0.461051
0.4599217
0.4602606
0.4616701
0.4600829
0.4592431
0.4606703
0.4579817
0.4576109
0.4589802
0.457084
0.4581663
0.458505
0.4577034
0.4593464
0.4572043
0.4552665
0.4588449
0.4575266
0.4549712
0.4547806
0.4544531
0.4565714
0.4550163
0.4522703
0.4539056
0.4548449
0.4531236
0.4530855
0.4537831
0.4532148
0.4528041
0.4532696
0.4558835
0.4556644
0.4524741
0.4549897
0.4564332
0.4525852
0.4539463
0.4555475
0.452464
0.4517775
0.4520861
0.4520096
0.4518901
0.451144
0.4519899
0.452881
0.4509503
0.451478
0.453222
0.451737
0.4514282
0.4503225
0.4500106
0.4507692
0.4480877
0.4483681
0.4492384
0.4456884
0.4468859
0.4497116
0.4460007
0.4456406
0.4491237
0.4475813
0.4467932
0.4480478
0.4490885
0.4497334
0.4493345
0.4507938
0.4531754
0.4536547
0.4534422
0.4546061
0.4552954
0.4546637
0.4566541
0.4568373
0.4543941
0.4568968
0.456507
0.4538498
0.4541004
0.452784
0.4535517
0.4540883
0.4519939
0.4532808
0.45443
0.4558923
0.4567182
0.4565682
0.4594673
0.4602766
0.4576129
0.4566804
0.4582952
0.4574719
0.4567744
0.4570859
0.4581313
0.4585894
0.4586476
0.4591637
0.4589477
0.4612017
0.4580815
0.461305
0.4575744
0.4646915
0.4474735
0.4744997
0.5461753
0.4867793
0.451849
0.4701415
0.4632043
0.4698878
0.4726009
0.4793349
0.4868072
0.4906696
0.4937735
0.4978902
0.4957896
0.4901577
0.4871746
0.4856467
0.4845808
0.4865076
0.4895184
0.4913288
0.4950227
0.5086772
0.5226571
0.5247539
0.5279511
0.5403111
0.5523978
0.5593514
0.5591433
0.5594123
0.5623096
0.5627043
0.554359
0.5421721
0.540396
0.5413212
0.5508723
0.5609946
0.5554887
0.5533875
0.5674419
0.577284
0.5679674
0.5610325
0.5651325
0.5619318
0.5500919
0.540077
0.5375439
0.5549391
0.5759608
0.5803874
0.5931439
0.608611
0.6012211
0.5995507
0.6054798
0.5924927
0.573948
0.5589898
0.5451951
0.5361179
0.5466379
0.5643674
0.5681555
0.5746022
0.5828278
0.578407
0.5643398
0.5532251
0.5433399
0.5308167
0.5213493
0.5125558
0.5035127
0.5000031
0.5009519
0.5032338
0.5111783
0.5194435
0.5301975
0.5501305
0.5694798
0.5822111
0.5794638
0.56458
0.5616368
0.5625539
0.5531676
0.547504
0.5474128
0.5465936
0.5475918
0.5481794
0.5423745
0.5438391
0.5549677
0.5673589
0.5725548
0.5652072
0.5614052
0.5602633
0.5557078
0.549105
0.5442688
0.5449388
0.5436464
0.5394631
0.5387989
0.5401521
0.5441792
0.5485229
0.5505282
0.5468173
0.5383334
0.5361849
0.5320916
0.5287067
0.5355778
0.543219
0.5509988
0.5610201
0.5754237
0.5912865
0.6036319
0.6053252
0.597738
0.5935585
0.5891173
0.5830335
0.5745638
0.5635726
0.5556108
0.5482716
0.5430719
0.5353145
0.5227964
0.5167789
0.5218124
0.536629
0.5519866
0.5629319
0.5652374
0.5731895
0.5970647
0.6217685
0.6475076
0.6508521
0.6347334
0.6287512
0.6171734
0.5891676
0.5615302
0.5482921
0.5393379
0.5311087
0.5335737
0.535709
0.5290833
0.5243211
0.5214769
0.5187359
0.5182941
0.5198913
0.5208567
0.521345
0.5202904
0.5168191
0.5152748
0.5225638
0.5485741
0.5787251
0.6011611
0.6150503
0.6231243
0.6418227
0.65796
0.6530337
0.656901
0.6668011
0.658584
0.6410469
0.6132378
0.5899555
0.5735805
0.5590815
0.5498081
0.5402748
0.5339848
0.5400613
0.5615162
0.5706003
0.5624653
0.5567215
0.548869
0.5393662
0.5315798
0.5245546
0.5228753
0.536288
0.5696554
0.5978558
0.5953962
0.5811024
0.5708227
0.5624538
0.5554094
0.5610685
0.5720114
0.5650147
0.5601883
0.5578739
0.5482972
0.5407456
0.5343318
0.5253161
0.5260671
0.5365803
0.5623869
0.6200043
0.665304
0.6868834
0.70004
0.6928931
0.6783981
0.6699491
0.667318
0.6755632
0.6824078
0.6840746
0.6854079
0.6726188
0.6592985
0.6524696
0.6491308
0.645207
0.6403574
0.6305553
0.6238599
0.6133188
0.5767552
0.560293
0.5704713
0.6020206
0.6357139
0.6483261
0.6628341
0.6669038
0.676994
0.680403
0.6585312
0.6432282
0.6403212
0.6460401
0.6415173
0.6290909
0.6207301
0.6124584
0.6278516
0.6785675
0.716683
0.7103766
0.7001498
0.7049054
0.7011397
0.6945132
0.6911818
0.6903915
0.6979126
0.7125327
0.7303607
0.7421036
0.743321
0.7341585
0.7265231
0.7165483
0.7041214
0.6933876
0.6853925
0.6611077
0.6329873
0.6407009
0.6508702
0.6593839
0.6874233
0.7102154
0.7063293
0.7032066
0.702514
0.7017587
0.7121449
0.7073487
0.6942849
0.6866553
0.6816854
0.6747684
0.6621789
0.6443171
0.6261551
0.6251879
0.6345607
0.63919
0.6329074
0.6214487
0.6247537
0.6369863
0.6481621
0.6574949
0.6590242
0.6738617
0.6881997
0.679284
0.6724524
0.6703058
0.6712638
0.6721601
0.6656322
0.6618673
0.6654042
0.6749598
0.6914033
0.7116332
0.7122607
0.6960698
0.6818029
0.6661815
0.6631648
0.6638832
0.6606518
0.6533873
0.6365643
0.6306339
0.6341669
0.6369535
0.6466562
0.6500701
0.6408721
0.632246
0.6236377
0.6177676
0.6162909
0.6191034
0.6192174
0.6306576
0.6559275
0.6714592
0.680465
0.6717387
0.6541186
0.6437944
0.6265635
0.6068126
0.597962
0.5959895
0.5907099
0.5844915
0.5771929
0.5735036
0.5809784
0.5874317
0.6031347
0.6249435
0.6190541
0.6039785
0.6113598
0.6227223
0.6252644
0.6433945
0.6653505
0.6823849
0.6976979
0.6920013
0.6784728
0.6650661
0.6502458
0.6365622
0.6337807
0.6386882
0.6326918
0.6303099
0.6399586
0.6620909
0.7072954
0.7332903
0.6875508
0.632392
0.5984572
0.6226232
0.6954887
0.6845837
0.6364093
0.6121193
0.595122
0.5943497
0.603194
0.617879
0.629751
0.628202
0.6223954
0.6170565
0.6069928
0.6070235
0.6203654
0.6421355
0.6521193
0.6526254
0.6525708
0.6521996
0.660998
0.6619791
0.6574635
0.6464029
0.6335406
0.6305592
0.6284311
0.6232569
0.6158157
0.6114349
0.6073454
0.5994753
0.5939519
0.5908798
0.5861091
0.5830864
0.5807952
0.5749476
0.562626
0.5586851
0.5606246
0.566479
0.598142
0.6336421
0.6595626
0.6807312
0.6852135
0.6809148
0.6803512
0.6748628
0.6655158
0.6560981
0.6395336
0.621701
0.6040877
0.5883183
0.5755975
0.5691489
0.5788049
0.5993956
0.619335
0.632186
0.636379
0.6377591
0.6379805
0.6315808
0.6225836
0.6098584
0.5932943
0.5798861
0.5703413
0.5637423
0.5739482
0.6078644
0.6502132
0.6893724
0.72463
0.7402996
0.7289146
0.7268557
0.7287961
0.720468
0.7178733
0.7180814
0.7089812
0.6943749
0.6836821
0.677765
0.6706628
0.6572423
0.6617446
0.6886316
0.6981596
0.6868493
0.6840392
0.6821718
0.6705917
0.6664276
0.6603511
0.6381699
0.6331174
0.6364842
0.6354495
0.6447028
0.6463408
0.6442185
0.644473
0.6459662
0.6453744
0.6363999
0.6345812
0.6402256
0.6515694
0.663721
0.6614679
0.6560042
0.6549939
0.6450667
0.6303691
0.6218472
0.6095367
0.6004163
0.5983784
0.5924121
0.5879569
0.5971108
0.6180674
0.6476667
0.6765205
0.6974565
0.7230593
0.7293904
0.7060247
0.6892568
0.688111
0.6853508
0.6787858
0.6776509
0.6791952
0.6787485
0.6883707
0.6940989
0.6870864
0.6852776
0.6855814
0.677695
0.680117
