0.741
0.756
0.754
0.747
0.739
0.757
0.757
0.744
0.733
0.743
0.751
0.753
0.74
0.755
0.761
0.761
0.744
0.754
0.765
0.758
0.747
0.747
0.756
0.761
0.755
0.758
0.764
0.768
0.752
0.736
0.748
0.754
0.76
0.747
0.741
0.754
0.754
0.752
0.742
0.756
0.756
0.7
0.825
0.754
0.776
0.787
0.787
0.775
0.779
0.796
0.789
0.771
0.771
0.787
0.782
0.771
0.775
0.792
0.794
0.789
0.803
0.799
0.811
0.799
0.777
0.775
0.781
0.792
0.793
0.804
0.782
0.779
0.791
0.794
0.79
0.777
0.785
0.8
0.798
0.783
0.786
0.807
0.804
0.796
0.777
0.79
0.799
0.791
0.771
0.778
0.79
0.787
0.783
0.781
0.799
0.806
0.792
0.78
0.775
0.789
0.807
0.784
0.791
0.807
0.795
0.793
0.785
0.774
0.781
0.784
0.771
0.762
0.767
0.769
0.764
0.741
0.744
0.734
0.735
0.737
0.751
0.742
0.729
0.737
0.74
0.729
0.734
0.75
0.752
0.76
0.746
0.731
0.73
0.739
0.743
0.748
0.739
0.747
0.755
0.744
0.729
0.73
0.741
0.747
0.757
0.777
0.773
0.762
0.748
0.749
0.75
0.754
0.736
0.74
0.749
0.757
0.75
0.756
0.76
0.746
0.752
0.753
0.755
0.739
0.739
0.734
0.742
0.757
0.775
0.778
0.793
0.798
0.803
0.813
0.796
0.78
0.781
0.787
0.788
0.793
0.788
0.771
0.748
0.733
0.73
0.736
0.749
0.75
0.766
0.767
0.783
0.771
0.774
0.774
0.772
0.769
0.766
0.75
0.749
0.757
0.744
0.727
0.717
0.711
0.696
0.695
0.692
0.688
0.684
0.679
0.684
0.694
0.717
0.734
0.744
0.757
0.746
0.755
0.753
0.757
0.736
0.738
0.744
0.75
0.758
0.76
0.756
0.747
0.752
0.741
0.733
0.732
0.742
0.745
0.753
0.749
0.762
0.769
0.779
0.763
0.774
0.772
0.759
0.747
0.749
0.755
0.74
0.743
0.751
0.758
0.773
0.756
0.757
0.757
0.753
0.753
0.762
0.767
0.776
0.778
0.775
0.777
0.782
0.785
0.792
0.796
0.804
0.792
0.791
0.785
0.792
0.797
0.807
0.812
0.813
0.795
0.782
0.782
0.774
0.772
0.78
0.776
0.764
0.757
0.75
0.759
0.765
0.77
0.755
0.76
0.767
0.769
0.772
0.756
0.753
0.748
0.733
0.735
0.73
0.734
0.738
0.743
0.737
0.743
0.75
0.739
0.737
0.738
0.739
0.75
0.759
0.745
0.745
0.754
0.761
0.765
0.761
0.745
0.753
0.755
0.758
0.768
0.774
0.762
0.775
0.777
0.781
0.779
0.756
0.744
0.746
0.749
0.741
0.752
0.762
0.758
0.744
0.747
0.753
0.761
0.749
0.737
0.74
0.751
0.763
0.767
0.774
0.767
0.75
0.753
0.756
0.77
0.773
0.771
0.75
0.75
0.762
0.771
0.776
0.777
0.792
0.803
0.809
0.8
0.784
0.789
0.788
0.776
0.774
0.758
0.739
0.742
0.745
0.758
0.768
0.754
0.767
0.77
0.752
0.74
0.743
0.742
0.749
0.753
0.766
0.77
0.784
0.799
0.78
0.8
0.807
0.811
0.782
0.78
0.783
0.78
0.765
0.756
0.755
0.756
0.745
0.756
0.762
0.767
0.767
0.754
0.765
0.765
0.764
0.768
0.771
0.771
0.781
0.793
0.789
0.799
0.805
0.791
0.79
0.789
0.776
0.781
0.777
0.777
0.772
0.764
0.744
0.758
0.761
0.761
0.744
0.753
0.758
0.76
0.769
0.763
0.768
0.776
0.77
0.786
0.793
0.792
0.793
0.782
0.785
0.79
0.8
0.807
0.819
0.83
0.829
0.821
0.828
0.82
0.818
0.826
0.832
0.815
0.818
0.816
0.815
0.812
0.795
0.798
0.791
0.778
0.765
0.762
0.762
0.757
0.751
0.731
0.717
0.71
0.709
0.71
0.709
0.717
0.718
0.721
0.713
0.697
0.695
0.675
0.669
0.662
0.651
0.646
0.646
0.644
0.647
0.649
0.652
0.658
0.663
0.662
0.666
0.67
0.677
0.68
0.683
0.676
0.686
0.689
0.695
0.705
0.723
0.723
0.72
0.713
0.704
0.708
0.707
0.692
0.704
0.707
0.698
0.675
0.685
0.682
0.671
0.662
0.656
0.652
0.642
0.638
0.635
0.634
0.627
0.622
0.618
0.617
0.615
0.615
0.609
0.611
0.612
0.608
0.604
0.608
0.611
0.61
0.614
0.611
0.607
0.61
0.608
0.601
0.601
0.598
0.603
0.605
0.602
0.597
0.603
0.606
0.606
0.606
0.604
0.606
0.607
0.604
0.601
0.604
0.605
0.599
0.602
0.601
0.598
0.598
0.601
0.604
0.599
0.597
0.601
0.6
0.596
0.597
0.596
0.603
0.599
0.598
0.599
0.598
0.599
0.603
0.603
0.602
0.602
0.601
0.601
0.59
0.586
0.584
0.581
0.583
0.583
0.577
0.581
0.58
0.583
0.582
0.58
0.578
0.581
0.58
0.578
0.574
0.574
0.575
0.575
0.573
0.568
0.567
0.567
0.566
0.56
0.559
0.561
0.558
0.559
0.554
0.552
0.55
0.554
0.554
0.549
0.548
0.55
0.551
0.545
0.545
0.545
0.545
0.545
0.542
0.542
0.54
0.546
0.544
0.541
0.539
0.542
0.542
0.537
0.538
0.538
0.541
0.535
0.536
0.536
0.536
0.534
0.537
0.534
0.538
0.536
0.535
0.538
0.538
0.536
0.534
0.533
0.532
0.532
0.531
0.532
0.531
0.533
0.537
0.54
0.538
0.543
0.546
0.538
0.535
0.537
0.536
0.538
0.532
0.53
0.528
0.528
0.527
0.524
0.524
0.521
0.518
0.518
0.516
0.519
0.517
0.513
0.514
0.513
0.515
0.51
0.509
0.509
0.511
0.512
0.507
0.508
0.508
0.511
0.506
0.507
0.507
0.51
0.507
0.507
0.506
0.508
0.508
0.511
0.51
0.505
0.506
0.506
0.508
0.512
0.506
0.507
0.505
0.51
0.513
0.52
0.524
0.522
0.521
0.523
0.529
0.528
0.526
0.526
0.531
0.528
0.534
0.535
0.536
0.535
0.548
0.55
0.545
0.545
0.546
0.553
0.56
0.553
0.554
0.557
0.568
0.575
0.575
0.57
0.582
0.599
0.592
0.588
0.599
0.609
0.601
0.598
0.608
0.622
0.615
0.603
0.61
0.623
0.624
0.621
0.606
0.605
0.615
0.619
0.609
0.604
0.618
0.627
0.633
0.634
0.623
0.621
0.604
0.606
0.606
0.614
0.606
0.599
0.606
0.614
0.603
0.596
0.6
0.607
0.618
0.621
0.626
0.626
0.614
0.62
0.636
0.64
0.623
0.626
0.644
0.644
0.653
0.643
0.633
0.645
0.644
0.653
0.644
0.64
0.645
0.631
0.627
0.638
0.646
0.643
0.641
0.635
0.624
0.625
0.633
0.643
0.638
0.644
0.638
0.653
0.651
0.646
0.638
0.623
0.62
0.62
0.615
0.613
0.62
0.623
0.628
0.632
0.637
0.632
0.637
0.648
0.648
0.647
0.643
0.632
0.62
0.616
0.629
0.629
0.624
0.642
0.628
0.623
0.638
0.642
0.648
0.652
0.633
0.644
0.651
0.642
0.629
0.637
0.652
0.663
0.651
0.64
0.651
0.664
0.655
0.662
0.673
0.683
0.699
0.71
0.712
0.705
0.679
0.666
0.67
0.678
0.706
0.683
0.69
0.68
0.692
0.688
0.688
0.687
0.676
0.652
0.648
0.65
0.689
0.701
0.689
0.681
0.681
0.707
0.741
0.698
0.686
0.698
0.702
0.693
0.679
0.692
0.703
0.705
0.698
0.693
0.69
0.699
0.693
0.68
0.676
0.688
0.672
0.653
0.658
0.676
0.689
0.68
0.666
0.674
0.685
0.697
0.689
0.669
0.656
0.655
0.659
0.669
0.684
0.716
0.704
0.731
0.726
0.729
0.709
0.686
0.683
0.691
0.693
0.67
0.666
0.673
0.685
0.72
0.703
0.717
0.724
0.719
0.696
0.684
0.685
0.688
0.695
0.672
0.673
0.684
0.713
0.692
0.679
0.688
0.706
0.71
0.719
0.718
0.718
0.704
0.688
0.692
0.693
0.696
0.686
0.687
0.688
0.688
0.683
0.673
0.653
0.654
0.667
0.682
0.707
0.681
0.706
0.687
0.698
0.678
0.658
0.664
0.662
0.668
0.694
0.681
0.685
0.693
0.697
0.684
0.683
0.68
0.687
0.685
0.678
0.673
0.667
0.652
0.644
0.648
0.656
0.674
0.677
0.675
0.663
0.691
0.695
0.685
0.69
0.716
0.716
0.713
0.715
0.71
0.696
0.683
0.682
0.68
0.677
0.671
0.666
0.659
0.655
0.662
0.665
0.655
0.658
0.671
0.721
0.722
0.711
0.702
0.706
0.744
0.736
0.735
0.708
0.712
0.73
0.727
0.72
0.714
0.71
0.709
0.696
0.687
0.69
0.7
0.708
0.713
0.718
0.712
0.696
0.698
0.697
0.707
0.719
0.725
0.729
0.725
0.706
0.707
0.708
0.706
0.702
0.701
0.71
0.715
0.728
0.738
0.74
0.741
0.727
0.713
0.713
0.717
0.72
0.736
0.75
0.753
0.737
0.726
0.719
0.715
0.716
0.716
0.723
0.731
0.74
0.745
0.736
0.715
0.714
0.711
0.709
0.706
0.701
0.701
0.71
0.716
0.712
0.719
0.722
0.727
0.714
0.706
0.711
0.706
0.703
0.708
0.708
0.7
0.693
0.692
0.694
0.696
0.69
0.681
0.686
0.685
0.69
0.696
0.706
0.71
0.7
0.695
0.693
0.693
0.691
0.688
0.682
0.676
0.682
0.688
0.697
0.699
0.699
0.703
0.702
0.7
0.697
0.692
0.692
0.69
0.693
0.686
0.679
0.68
0.685
0.688
0.696
0.698
0.69
0.687
0.685
0.688
0.692
0.7
0.704
0.705
0.695
0.69
0.688
0.691
0.692
0.694
0.676
0.676
0.68
0.679
0.688
0.697
0.703
0.712
0.722
0.735
0.737
0.73
0.725
0.727
0.713
0.701
0.698
0.694
0.692
0.701
0.698
0.698
0.704
0.697
0.696
0.696
0.704
0.701
0.704
0.712
0.719
0.714
0.707
0.719
0.718
0.717
0.719
0.707
0.714
0.716
0.719
0.716
0.729
0.728
0.734
0.728
0.719
0.719
0.721
0.717
0.715
0.722
0.717
0.714
0.72
0.724
0.714
0.717
0.728
0.725
0.722
0.718
0.725
0.727
0.727
0.715
0.719
0.723
0.722
0.729
0.726
0.717
0.722
0.723
0.721
0.726
0.727
0.715
0.711
0.717
0.712
0.703
