0.869484
0.842451
0.8066928
0.7823708
0.8227632
0.8734513
0.8871895
0.7907248
0.7640592
0.807565
0.8273013
0.8825852
0.9106553
0.8854832
0.8514419
0.8176605
0.7954598
0.8114521
0.8768521
0.927261
0.9027124
0.8626796
0.8486766
0.8618348
0.8936204
0.9148052
0.8899037
0.8307739
0.7972521
0.7849636
0.8399199
0.8963525
0.8754793
0.8921876
0.8692227
0.8441439
0.8776774
0.8869389
0.8931196
0.8730507
0.8393387
0.8443612
0.8768372
0.9122773
0.9297068
0.9070802
0.8729145
0.8536656
0.8616269
0.9025616
0.9342765
0.9189155
0.8681554
0.835707
0.8470542
0.8693393
0.8722185
0.8461697
0.8137718
0.803637
0.814132
0.8408071
0.8661089
0.8585008
0.8173481
0.7768748
0.7637944
0.7784664
0.803351
0.861325
0.9156096
0.8799613
0.8187712
0.7988536
0.8120137
0.8284666
0.8584854
0.8785073
0.8616014
0.8408879
0.8653971
0.8814221
0.8682415
0.922329
0.9129683
0.8567919
0.8485035
0.8558518
0.8862235
0.9111235
0.8941039
0.8430787
0.7939376
0.7685542
0.7865318
0.8121935
0.8392259
0.8674842
0.8734525
0.8494462
0.8189722
0.8121012
0.8092498
0.8131074
0.8198387
0.8071668
0.8038113
0.8639096
0.9087597
0.9079284
0.9167643
0.8843703
0.845848
0.8326021
0.833434
0.8379152
0.8293592
0.8169606
0.7890856
0.7787163
0.7953304
0.8115848
0.8352862
0.8431733
0.8279247
0.8096588
0.7772664
0.7615712
0.7757445
0.7899425
0.8133421
0.8352119
0.8304193
0.805863
0.7886275
0.7898282
0.7996233
0.8055128
0.7901023
0.7742342
0.7718532
0.776837
0.7948482
0.8023579
0.8183293
0.8417724
0.8237482
0.803496
0.8045043
0.7999032
0.7968531
0.7564468
0.7565276
0.8304212
0.7935352
0.7361539
0.755608
0.7522183
0.7333178
0.7375928
0.7850561
0.8412128
0.8751752
0.9094722
0.8980542
0.8506167
0.8171918
0.8566994
0.8986693
0.8270814
0.8120112
0.8821128
0.9106243
0.8735055
0.8397162
0.8463274
0.8738352
0.9054341
0.9026687
0.8779062
0.850209
0.8439378
0.8815481
0.9099991
0.8702542
0.8304906
0.8332543
0.8494152
0.8737815
0.8946527
0.8935983
0.8596812
0.8327798
0.8236335
0.8284245
0.8503236
0.851769
0.838595
0.82276
0.834831
0.8756086
0.8868317
0.879801
0.8647161
0.8397206
0.8383354
0.8790537
0.9206499
0.9034378
0.8842676
0.8739628
0.8425816
0.8253699
0.8210384
0.8333056
0.8363797
0.8165129
0.8066506
0.8072951
0.809974
0.8328937
0.8495805
0.8301302
0.8123337
0.828822
0.8740572
0.8821414
0.8269832
0.7808443
0.7812411
0.7447825
0.7607261
0.8229741
0.7742506
0.7907283
0.8564964
0.871969
0.8775179
0.8416195
0.7984784
0.7856208
0.8012919
0.8357821
0.8701286
0.8569425
0.8082364
0.7830698
0.7855418
0.8146595
0.8654244
0.8952847
0.8769144
0.8578089
0.8675089
0.8659888
0.8477483
0.8216892
0.8048463
0.7953989
0.7808133
0.7692986
0.7776912
0.8075894
0.8348516
0.8460069
0.8370068
0.8067337
0.7910679
0.796341
0.8470465
0.8818915
0.8641484
0.8938838
0.8856001
0.8545081
0.8513308
0.838848
0.8236909
0.8043259
0.8036279
0.8124201
0.833868
0.8626145
0.8740785
0.8572405
0.8292645
0.816876
0.8240486
0.8332399
0.8245877
0.809953
0.8245973
0.8544589
0.8453732
0.8256743
0.7984878
0.7791822
0.7434093
0.7605896
0.7980629
0.7771373
0.7716844
0.7662551
0.8622313
0.8544656
0.7515399
0.768573
0.7998142
0.8117618
0.8247746
0.8153166
0.8592264
0.8752909
0.7960276
0.8371533
0.8223453
0.8092525
0.9166014
0.90668
0.8590585
0.8670771
0.908292
0.9359028
0.9013385
0.850726
0.8181095
0.80401
0.8189348
0.8397415
0.8371075
0.8295205
0.830786
0.8576052
0.8917802
0.8844529
0.8549755
0.839024
0.8553881
0.8912593
0.8991381
0.8683861
0.8291992
0.8159542
0.8297468
0.8424356
0.8364057
0.8095548
0.792521
0.7988719
0.8002056
0.7883216
0.7671732
0.7653748
0.788733
0.8110493
0.824201
0.8163292
0.7991589
0.7924584
0.8004784
0.8153031
0.8153558
0.7925747
0.7750498
0.7796629
0.796964
0.8233705
0.841412
0.8330143
0.8111362
0.8087735
0.8297843
0.8484056
0.8372622
0.8137659
0.8181493
0.8453437
0.8799453
0.893549
0.8767468
0.859959
0.8511808
0.8516563
0.8782656
0.9059232
0.8836127
0.8406736
0.8349713
0.8539941
0.8652171
0.8542266
0.8243341
0.8074819
0.8231337
0.851604
0.8661928
0.8620309
0.8342522
0.813172
0.8270998
0.8472896
0.8650663
0.8635399
0.8428285
0.8396546
0.8659762
0.8879321
0.8732966
0.8428002
0.8210235
0.8282106
0.8523445
0.8626395
0.8555402
0.8270186
0.8073582
0.8274632
0.8544411
0.8828006
0.8885732
0.8515331
0.8221712
0.8255847
0.846508
0.8550971
0.8498355
0.8363652
0.8056091
0.7944897
0.8158394
0.825609
0.832655
0.8401258
0.8224373
0.7871408
0.7478606
0.7293284
0.7260981
0.7056586
0.691218
0.6981631
0.7144412
0.7421627
0.7613303
0.7622502
0.7586971
0.7598528
0.7527225
0.7255905
0.7036439
0.6899979
0.6752431
0.6638732
0.6620146
0.6634447
0.6584138
0.6515324
0.6467423
0.6453408
0.6424152
0.6353968
0.6344302
0.6382479
0.6353668
0.6319634
0.6287237
0.6256017
0.6253791
0.6279333
0.6263136
0.6199373
0.6171954
0.6135795
0.6140801
0.6119864
0.6065995
0.6074759
0.603988
0.5994357
0.5985251
0.5963843
0.5914069
0.591318
0.589807
0.586923
0.5888554
0.5836083
0.581231
0.5778206
0.5729765
0.5749457
0.5771576
0.5764285
0.5704289
0.5681013
0.5675567
0.5689945
0.5682207
0.5653418
0.5665245
0.5653615
0.5614637
0.5577283
0.5585621
0.555764
0.5495492
0.5453505
0.5418205
0.5402113
0.5398931
0.5378168
0.5354416
0.5344455
0.5348112
0.5360212
0.5337823
0.531399
0.5305854
0.5305079
0.5303951
0.5285154
0.5265669
0.5243193
0.5239979
0.524804
0.5242506
0.5236945
0.5222686
0.5218776
0.522034
0.5242743
0.5252878
0.5238963
0.5229687
0.5210631
0.5199934
0.5200712
0.5187124
0.5175217
0.5184701
0.5173162
0.5158663
0.5150144
0.514098
0.5160973
0.5154254
0.5128512
0.5109426
0.5115268
0.5131091
0.5086132
0.5069651
0.5088272
0.5069899
0.5063157
0.5075836
0.5062414
0.5071736
0.5050933
0.5025958
0.504142
0.5016991
0.50172
0.500757
0.4986445
0.4992397
0.4998808
0.4977008
0.4957408
0.496058
0.4938798
0.4955933
0.4957715
0.4924994
0.4925842
0.4911746
0.4901023
0.4919266
0.4918431
0.4902251
0.4909544
0.4896516
0.488789
0.4911062
0.4895944
0.4887784
0.4889534
0.4871008
0.4881515
0.4907607
0.4877318
0.4859023
0.4856277
0.4825459
0.484849
0.4844732
0.4819811
0.4818096
0.4802536
0.4797996
0.4802418
0.4796027
0.4773863
0.4767963
0.4748811
0.4757337
0.4777773
0.4752267
0.4738984
0.4741426
0.4726311
0.4727693
0.4739392
0.4709089
0.4705221
0.4711545
0.46886
0.4694278
0.4692006
0.4669584
0.4682564
0.4684077
0.4667357
0.4695998
0.4697816
0.466468
0.4644155
0.464977
0.4678774
0.4657359
0.4636575
0.4631108
0.4609505
0.4612477
0.4626733
0.4599698
0.4596374
0.4598085
0.4586
0.4614165
0.4612524
0.4577235
0.4576673
0.4590991
0.4600878
0.4595658
0.4565135
0.456755
0.4547382
0.4527743
0.455174
0.4556776
0.4531508
0.4521856
0.4526265
0.4525018
0.4534872
0.4545298
0.4532029
0.4520865
0.4517013
0.4492979
0.4489164
0.4500268
0.4498993
0.446868
0.4466631
0.4468468
0.4477156
0.4498563
0.4481675
0.4479656
0.4467995
0.4465301
0.4472441
0.4491025
0.4493845
0.4468289
0.4472745
0.4476105
0.4496883
0.4509239
0.4480276
0.4472439
0.4476056
0.4474951
0.4496426
0.4522703
0.451453
0.455318
0.464469
0.4659324
0.4654621
0.4673973
0.4697917
0.4731176
0.4759176
0.4790861
0.4785154
0.4801119
0.4812081
0.4780197
0.4814515
0.4839821
0.4798844
0.4841299
0.4922667
0.5126272
0.5313008
0.5161868
0.4782532
0.5106482
0.5924165
0.579739
0.5481041
0.5372462
0.5219331
0.5214535
0.5133555
0.5114939
0.5130136
0.5155904
0.5289433
0.5313696
0.525435
0.5253814
0.5280943
0.5426839
0.554215
0.5480141
0.5417502
0.5489019
0.5632006
0.5777203
0.5867827
0.5811645
0.5692205
0.5685888
0.568678
0.5690892
0.5802818
0.5924502
0.5914249
0.5806731
0.597098
0.6265011
0.6301846
0.616272
0.5966707
0.5830141
0.5871829
0.5927698
0.5792616
0.5735278
0.5844401
0.6023284
0.6276924
0.6410157
0.627436
0.6141426
0.6348706
0.6628855
0.6668156
0.6469735
0.6272499
0.6276514
0.6363202
0.6569735
0.6632109
0.6349641
0.6180582
0.6299609
0.6543368
0.6783246
0.6852084
0.6632094
0.6413919
0.6457726
0.6679407
0.6870198
0.6724693
0.6457576
0.6447266
0.6560987
0.6413147
0.6184152
0.6260819
0.6248063
0.6005367
0.5798254
0.5766655
0.5951261
0.6286752
0.6480244
0.6337234
0.6240135
0.6421941
0.6628607
0.6595535
0.6470628
0.6454716
0.663014
0.6715495
0.6541488
0.6461449
0.6553816
0.6752102
0.6717382
0.6481945
0.6450238
0.6562813
0.6662809
0.6548996
0.6305508
0.6216272
0.6367314
0.6496826
0.6327482
0.6147037
0.6058105
0.6067091
0.6144988
0.6032872
0.5986174
0.6247275
0.6531744
0.6484185
0.6306107
0.6458489
0.6807694
0.7055409
0.6977066
0.6643516
0.6618472
0.7002753
0.733
0.714295
0.6853264
0.6929113
0.7154273
0.722616
0.6890367
0.6675916
0.6803959
0.7048461
0.7288665
0.7098806
0.6869566
0.6966497
0.7336242
0.762217
0.7249934
0.6945076
0.7176535
0.7356408
0.7127491
0.6809171
0.6550461
0.6748084
0.7479752
0.7698234
0.7387957
0.6952652
0.6907979
0.7319558
0.7643672
0.7817202
0.7377147
0.7452966
0.7649685
0.7007904
0.745794
0.7390114
0.7079455
0.7599498
0.7682412
0.8066927
0.8095256
0.7887654
0.7802347
0.7561199
0.7337049
0.7036653
0.723198
0.7798584
0.7823684
0.7396275
0.7119688
0.7302891
0.7696773
0.7680233
0.7439043
0.7336297
0.7395457
0.7497295
0.7409983
0.7210943
0.7097129
0.7298025
0.7753722
0.7991529
0.7786466
0.7306518
0.7088108
0.724711
0.7553201
0.7912059
0.7736232
0.7286566
0.7299471
0.7415365
0.7238937
0.7022541
0.6917766
0.7203114
0.7765224
0.7990922
0.766466
0.7339918
0.7552199
0.7475137
0.7084413
0.689756
0.6855783
0.7112373
0.7257726
0.6977214
0.6809784
0.6945189
0.711329
0.7322579
0.739735
0.70703
0.6999057
0.7368065
0.7522119
0.7387187
0.7141851
0.6821154
0.6718902
0.7012872
0.7215737
0.7314685
0.7236158
0.7264257
0.7720532
0.7794295
0.7468717
0.7048252
0.7093997
0.7647343
0.7798899
0.7754132
0.7590262
0.7279875
0.7182472
0.7264078
0.7394527
0.7392926
0.7244075
0.7255885
0.7442623
0.7338123
0.7040771
0.6672889
0.6784022
0.7290841
0.7201342
0.6982858
0.6852216
0.6722845
0.6569571
0.6418215
0.6431366
0.6539032
0.669575
0.667023
0.6464797
0.6360896
0.6375973
0.6487322
0.6811893
0.7362786
0.7923581
0.7719278
0.6959186
0.6594046
0.6423239
0.6539816
0.681374
0.6646085
0.6495938
0.6509301
0.6637593
0.6989076
0.7165807
0.7059422
0.7067426
0.70534
0.6912365
0.6760754
0.6773477
0.7005437
0.719072
0.7395142
0.736414
0.723636
0.7572072
0.7999141
0.8117003
0.7733973
0.750088
0.7789327
0.7935439
0.7699456
0.7700692
0.7743554
0.73886
0.7447198
0.775436
0.8078857
0.799225
0.7862041
0.8192279
0.8277538
0.7859512
0.7622554
0.7821387
0.7868672
0.7765371
0.7526247
0.7594596
0.7955441
0.8135428
0.8067533
0.7719981
0.729425
0.7240823
0.7418502
0.7390453
0.7147951
0.6936974
0.6951957
0.7114712
0.7222853
0.711699
0.7002229
0.6922222
0.6843459
0.6793948
0.6670879
0.6655682
0.6816319
0.7060499
0.7246546
0.712381
0.7084658
0.7315364
0.7555624
0.7569488
0.7362035
0.7458531
0.7829926
0.8022768
0.7923724
0.7494977
0.73123
0.7499469
0.7498948
0.743605
0.7312554
0.7401243
0.7663259
0.7720635
0.7607465
0.7349106
0.7307172
0.7557394
0.7685105
0.7588738
0.736385
0.7289449
0.7586462
0.7653329
0.7515243
0.7789743
0.8054211
0.812096
0.8049251
0.7824368
0.7736477
0.7709063
0.7775281
0.7873782
0.7731762
0.7682486
0.7935143
0.8120079
0.8192858
0.8051609
0.7824903
0.7811058
0.7792481
0.780753
0.76771
0.7358392
0.7192219
0.7362713
0.771114
0.7696698
0.7562859
0.7807547
0.819737
0.8241184
0.7955473
0.7812991
0.7970183
0.8104196
0.8130002
0.7999275
0.7793527
0.7963317
0.8308339
0.8548987
0.8469936
0.8223465
0.8196284
0.8174541
0.8065408
0.7976811
0.803664
0.8312742
0.8610122
0.8571546
0.8213007
0.8109349
0.823221
0.8143942
0.7982143
0.7944924
0.8031028
0.7911289
0.7629262
0.7495881
0.7615708
0.7877713
0.7892797
0.7783568
0.7770186
0.7923677
0.8060724
0.7926206
0.7708032
0.7722265
0.7994697
0.8257305
0.8095933
0.7796225
0.7904712
0.7902683
0.7866294
0.7824118
0.759582
0.7721626
0.7940784
0.8055813
0.8010682
0.7738895
0.7550313
0.7740464
0.8140967
0.8291177
0.8145433
0.7830046
0.7782781
0.7846063
0.7781607
0.7631701
0.7272942
0.7046371
0.6914291
0.7053709
0.7377786
0.7421075
0.7370113
0.7262745
0.738907
0.7866145
0.8181574
0.8277537
