0.8492552
0.8334668
0.8401875
0.8471878
0.8522303
0.826056
0.8018674
0.8207571
0.8261986
0.801683
0.7875293
0.7989593
0.8295779
0.8419596
0.8142727
0.8032547
0.8324649
0.858478
0.8476944
0.822625
0.8305375
0.8528166
0.8714437
0.8523094
0.8306734
0.8552194
0.872076
0.8617598
0.8357473
0.8410519
0.8707211
0.8781588
0.8580535
0.8332368
0.8319579
0.8409297
0.850216
0.8272315
0.812156
0.835514
0.8487471
0.8541669
0.8364797
0.8300637
0.8479596
0.8492657
0.8382032
0.8128154
0.8027874
0.8194248
0.8386345
0.833764
0.8053522
0.8100243
0.829122
0.816369
0.7874313
0.7822796
0.8138907
0.8292201
0.7988439
0.7892905
0.8052708
0.7954433
0.8004038
0.8080306
0.7853336
0.773443
0.7897582
0.811627
0.8105673
0.7980264
0.8133183
0.8506654
0.8637942
0.8465385
0.8492352
0.8754767
0.892878
0.8705756
0.846817
0.8674801
0.8792878
0.8775099
0.8544451
0.8461604
0.8740536
0.8894088
0.8805751
0.8591071
0.8617569
0.8643759
0.8664319
0.8564941
0.8298121
0.8386294
0.8602843
0.8739595
0.8732814
0.8501023
0.8544166
0.864694
0.8550973
0.8707804
0.8930358
0.8882982
0.8710467
0.870357
0.8937856
0.8902221
0.8621865
0.8646218
0.8475059
0.8214194
0.8325884
0.8489522
0.8565855
0.8414757
0.8331827
0.8587317
0.8787725
0.87188
0.8398094
0.8410142
0.8667523
0.8656473
0.848231
0.8331357
0.8465024
0.8643305
0.8717364
0.8557245
0.8476528
0.8780288
0.8982136
0.8894924
0.8584447
0.8500051
0.8672574
0.8721781
0.8729482
0.8527074
0.8416015
0.8680549
0.8853184
0.8776791
0.8547043
0.8509404
0.8709217
0.8800729
0.8732457
0.8463132
0.8436948
0.864802
0.8700242
0.867312
0.8486701
0.84492
0.8728326
0.8891954
0.8700252
0.84068
0.8317725
0.8428891
0.8567378
0.8616968
0.8389428
0.832097
0.8605945
0.8707808
0.8539965
0.8383459
0.8368009
0.8395004
0.8466702
0.825128
0.8153117
0.8454686
0.8578773
0.8563003
0.8377278
0.8416153
0.8673479
0.8702819
0.8540666
0.8274912
0.8412043
0.8562397
0.8456064
0.8344974
0.8356985
0.8661988
0.8857477
0.8617036
0.8445753
0.8707136
0.8824803
0.8607942
0.8400285
0.8571485
0.8791946
0.8791278
0.8650731
0.8495735
0.8684043
0.8898992
0.8861301
0.8560643
0.8469535
0.8671195
0.8766888
0.8753514
0.8433736
0.8354398
0.8691425
0.8865555
0.8891859
0.8764505
0.8739987
0.8883231
0.8978483
0.8935173
0.8600399
0.8420365
0.8574109
0.8664756
0.8465805
0.8173811
0.8323167
0.8637244
0.8807121
0.8878069
0.8666963
0.8681866
0.9001474
0.9090883
0.8975097
0.8679991
0.8474367
0.8662886
0.8760236
0.8688826
0.8566765
0.841445
0.8521743
0.8721864
0.8880108
0.8814261
0.8584012
0.8637689
0.8768783
0.8782335
0.8852526
0.8766077
0.8540649
0.8513566
0.8682963
0.886147
0.8820977
0.8496607
0.8310394
0.8625533
0.8815304
0.8657125
0.8500624
0.8352513
0.8416769
0.8473112
0.8247209
0.7921985
0.7845032
0.8047445
0.812712
0.8242035
0.8426111
0.8538137
0.8513151
0.8384631
0.853727
0.8579134
0.8412444
0.8324266
0.8351173
0.8462276
0.8552019
0.8699814
0.8691916
0.8451842
0.8281792
0.8193171
0.8034468
0.7945227
0.7843792
0.7758941
0.7667646
0.7598059
0.7704858
0.771167
0.7610391
0.7563266
0.76357
0.7760906
0.7691995
0.7535899
0.7554667
0.7630825
0.7703293
0.762687
0.7497363
0.7569716
0.7587439
0.7527174
0.7423647
0.7426795
0.757844
0.7658798
0.7632728
0.7538557
0.7596183
0.7771501
0.7906565
0.7989909
0.8028939
0.8050353
0.7947205
0.7722393
0.7688126
0.7785224
0.7847779
0.7931446
0.7908023
0.7804
0.7905697
0.8104901
0.8125662
0.8266447
0.8512565
0.8478883
0.8282491
0.8142042
0.7981282
0.783715
0.7795206
0.7752341
0.7699007
0.7728376
0.7876812
0.786062
0.7852835
0.8145421
0.8346682
0.8417438
0.8253685
0.8229977
0.8396438
0.8344041
0.8363014
0.8066639
0.7874738
0.8064141
0.8179123
0.8309207
0.8196871
0.810971
0.8336896
0.8387897
0.8347679
0.8250759
0.8172806
0.8395354
0.8593958
0.8663059
0.8561956
0.8530368
0.8597758
0.8619273
0.8509874
0.817743
0.8068905
0.8099441
0.7897689
0.768391
0.7821595
0.7940965
0.7843591
0.7931402
0.8102385
0.8039095
0.7991032
0.8318486
0.858563
0.8693432
0.8640541
0.8529329
0.8678266
0.8756695
0.8827544
0.8831115
0.8606093
0.8644511
0.8852822
0.8970251
0.8918852
0.8716062
0.8765671
0.8879362
0.8906464
0.8938199
0.8855005
0.881651
0.8938966
0.9032504
0.903658
0.8843523
0.8724153
0.888808
0.8892889
0.8840058
0.8731067
0.8572583
0.8670876
0.8809974
0.8870927
0.8815931
0.8544344
0.8521657
0.8782248
0.8853899
0.8773948
0.8508636
0.8282965
0.8256461
0.8167523
0.8044942
0.7944981
0.8035172
0.8325841
0.8489765
0.8341691
0.8409661
0.8456785
0.7898503
0.7852158
0.8331571
0.8540837
0.8323772
0.7883407
0.7823436
0.8271319
0.8462669
0.8291404
0.8393368
0.777246
0.739855
0.8183566
0.823366
0.7898436
0.7838535
0.7740464
0.7606776
0.7319801
0.7179061
0.7120783
0.7036643
0.6933975
0.682471
0.6783824
0.6759378
0.6704172
0.6574406
0.6525558
0.6518935
0.6449993
0.6392263
0.6357953
0.6343977
0.6379298
0.6373038
0.6330831
0.6374351
0.6420773
0.6374294
0.6353333
0.6373369
0.6378339
0.6357197
0.631505
0.6283861
0.6280127
0.6287005
0.6217835
0.6169528
0.6179233
0.6181187
0.6200193
0.6195975
0.6176216
0.619574
0.6156053
0.6111657
0.6138113
0.6128287
0.607022
0.6011169
0.5980432
0.6003666
0.5999325
0.5942101
0.5942564
0.5976283
0.5948364
0.5883041
0.588238
0.5871075
0.5810242
0.5748328
0.5738614
0.576864
0.5748846
0.5689491
0.5677133
0.5699957
0.5655892
0.5596658
0.556355
0.5559287
0.5524672
0.5469164
0.5484477
0.550213
0.5476718
0.5432444
0.5421962
0.5447427
0.5462038
0.5433994
0.5466351
0.5570928
0.5548371
0.5510739
0.5480983
0.5469191
0.5494557
0.5443641
0.5409982
0.5421124
0.5438419
0.5473965
0.5502959
0.5485178
0.5477781
0.5491488
0.5487359
0.5450319
0.5467755
0.5484051
0.5437509
0.5424468
0.5436168
0.5431465
0.542021
0.5396836
0.5365251
0.5377264
0.5390333
0.5390734
0.5376673
0.535513
0.5321825
0.5358621
0.5390403
0.5386841
0.5442128
0.5443177
0.546356
0.5434482
0.538536
0.5401711
0.5432772
0.5462618
0.5447216
0.5466625
0.5489947
0.5513506
0.5510205
0.5461266
0.5462567
0.5463569
0.5392709
0.5365636
0.539162
0.5354458
0.529736
0.530797
0.5338838
0.5319
0.5247732
0.525369
0.532141
0.5259842
0.5210162
0.5215659
0.5218208
0.5195229
0.5148864
0.51523
0.515663
0.514249
0.5117215
0.5126756
0.5139623
0.5131814
0.5082351
0.5055914
0.5092471
0.5073257
0.5039478
0.5019213
0.5024827
0.5020034
0.4970367
0.4941419
0.4950846
0.497885
0.4978456
0.4962605
0.4923922
0.4957141
0.5014326
0.4951541
0.4915404
0.4944541
0.497573
0.4970113
0.493045
0.4911136
0.4920283
0.4939345
0.4927795
0.4903745
0.4930028
0.4933825
0.4898156
0.4893095
0.4896554
0.4881883
0.4869971
0.488055
0.488867
0.4880378
0.4870395
0.4847464
0.4869415
0.4927522
0.4918447
0.4882776
0.4857052
0.4855693
0.4884776
0.4892501
0.4844321
0.48439
0.489312
0.4872484
0.4829557
0.4855692
0.4889913
0.4868622
0.4831133
0.4822117
0.4848354
0.4859591
0.4827935
0.4805514
0.4825516
0.483203
0.4840646
0.4824012
0.4845338
0.4876333
0.4923728
0.5021534
0.5000677
0.5021513
0.5080303
0.5037114
0.5018011
0.5030163
0.5019226
0.5011751
0.5007626
0.5014118
0.5035735
0.5054066
0.5043034
0.5040795
0.5090902
0.5136975
0.5151855
0.5136079
0.5137839
0.5171624
0.5198146
0.5199418
0.5169752
0.5174736
0.5192081
0.5200119
0.5207625
0.5203392
0.5217531
0.5231531
0.5272224
0.5280609
0.5241549
0.5251464
0.5266012
0.5331935
0.5378024
0.5332327
0.5399207
0.5503174
0.5559405
0.5640657
0.5651889
0.5632314
0.5691835
0.570961
0.5662047
0.5683591
0.5767338
0.5795908
0.5853957
0.5916669
0.5815392
0.5757083
0.5778901
0.5738552
0.5671137
0.5643359
0.5634101
0.5628863
0.565107
0.564613
0.5647316
0.5682866
0.5683238
0.568031
0.5687177
0.569549
0.5768695
0.5791835
0.5739687
0.57113
0.5721821
0.5735378
0.5747245
0.5771434
0.5800391
0.5883502
0.5928591
0.5935259
0.5940769
0.5965201
0.6111717
0.6194652
0.6122619
0.6072416
0.6078492
0.6124854
0.6227772
0.6295934
0.6304018
0.6282953
0.6304583
0.6451062
0.6425087
0.6298099
0.6347316
0.6475617
0.6601159
0.6553814
0.6411151
0.6475768
0.6648754
0.673787
0.6713528
0.6561604
0.6570211
0.6656137
0.6703438
0.6780085
0.6722188
0.6654507
0.6566671
0.6482542
0.6588291
0.6802307
0.6894203
0.6712874
0.6863945
0.7181665
0.7143079
0.6986132
0.7156931
0.7396789
0.6934084
0.6822066
0.6902054
0.696779
0.7512816
0.7202709
0.6670537
0.7283021
0.7641032
0.7053829
0.6684289
0.6608617
0.6516769
0.6640617
0.6962953
0.7227363
0.7078714
0.7315947
0.7604846
0.733905
0.7353097
0.7278665
0.7322007
0.7378734
0.7139254
0.6903111
0.683194
0.6897437
0.6884954
0.7051562
0.7289447
0.733974
0.7581262
0.7928944
0.7778234
0.75907
0.8048495
0.8121709
0.7572362
0.756029
0.746866
0.7103514
0.7091604
0.7217865
0.7253051
0.7084527
0.6929299
0.6989633
0.7051609
0.7072848
0.7237874
0.7367685
0.7519028
0.7708258
0.7547508
0.729728
0.7115118
0.7044231
0.722275
0.7265986
0.7539599
0.8027432
0.8001274
0.7835254
0.7567475
0.7612858
0.8014412
0.787076
0.7522463
0.7185511
0.6958077
0.7018752
0.711855
0.714657
0.7100487
0.7152849
0.7393716
0.7841572
0.800289
0.7681709
0.7598852
0.7811818
0.786013
0.7740156
0.7630664
0.7618825
0.788057
0.7860259
0.7447479
0.7392564
0.7706314
0.8058909
0.8047432
0.7745571
0.7798928
0.8147769
0.8271801
0.8119451
0.7947196
0.7888105
0.7982834
0.8042529
0.7822585
0.7691703
0.7810353
0.7983325
0.8063164
0.7882886
0.7700882
0.7794442
0.8080563
0.8039936
0.7865431
0.7856704
0.7683832
0.771743
0.7930227
0.7851321
0.7732967
0.779141
0.7754104
0.7664903
0.7564956
0.7521108
0.7774173
0.7952673
0.7739088
0.7663746
0.7817619
0.7825616
0.8020924
0.8089115
0.7948837
0.8015006
0.8036426
0.7962025
0.7811486
0.7665482
0.7483781
0.7374614
0.7401339
0.7589782
0.781274
0.7710394
0.7572746
0.7758229
0.8164059
0.8384032
0.8194662
0.7950902
0.809442
0.8307614
0.8162528
0.7894333
0.7897449
0.7990237
0.8014884
0.8006508
0.7879584
0.7877504
0.8087833
0.8218411
0.7987144
0.7735108
0.7784459
0.7858591
0.7883122
0.7815428
0.7656377
0.7714775
0.7830081
0.7799681
0.7815429
0.7706274
0.7680864
0.7841656
0.7905599
0.7899781
0.7771958
0.7724821
0.785737
0.794578
0.7851817
0.7604383
0.7560954
0.7692145
0.7746662
0.7804926
0.7684634
0.7543617
0.7598851
0.7614502
0.7487035
0.7428729
0.7599714
0.78167
0.7858379
0.7806685
0.7915162
0.7911112
0.7779105
0.7841166
0.7931553
0.7992634
0.789659
0.7715172
0.7801313
0.7993385
0.8092057
0.8069728
0.7903272
0.7833987
0.80152
0.8106076
0.7968534
0.7792827
0.7783363
0.777004
0.7667095
0.7666584
0.7759612
0.7954998
0.8239836
0.8312981
0.8260991
0.8193388
0.8032371
0.8061997
0.803797
0.7866496
0.7710692
0.7708318
0.7802909
0.7918032
0.7918972
0.7857427
0.8053355
0.8133654
0.7985184
0.7891793
0.8025171
0.8213685
0.8072669
0.7975619
0.7987605
0.79544
0.800214
0.7939687
0.7878634
0.7946674
0.7973687
0.7827687
0.7692032
0.7580831
0.7488274
0.7504059
0.7501691
0.7536482
0.7810613
0.8048461
0.8226109
0.8331716
0.813896
0.8062658
0.8153354
0.822905
0.8174831
0.7987204
0.7957425
0.8084507
0.8090811
0.8037586
0.8051058
0.7981537
0.7938685
0.7957617
0.7953666
0.7799156
0.7648421
0.7661272
0.7578991
0.7557124
0.7715823
0.7904381
0.8084526
0.8065545
0.7954684
0.796822
0.7911455
0.8027069
0.8222873
0.814868
0.8058029
0.7897931
0.7713546
0.7669828
0.7727502
0.7773987
0.7724379
0.7755811
0.7984862
0.822571
0.8306857
0.8234353
0.8052937
0.7936647
0.7768269
0.754055
0.7545159
0.7672041
0.7800976
0.7813744
0.7731507
0.7910858
0.8119912
0.8105753
0.7965243
0.7901908
0.7964204
0.8007699
0.7994403
0.7860794
0.7779537
0.7879236
0.7982351
0.7974329
0.804757
0.8086958
0.8050509
0.8056506
0.8044588
0.7900348
0.7676288
0.754709
0.7509168
0.7620311
0.7718883
0.7643566
0.7619385
0.7877464
0.8124524
0.826191
0.8278951
0.8110617
0.8006606
0.7906594
0.7821815
0.7751279
0.7540858
0.7494305
0.777509
0.7932489
0.8089938
0.8247665
0.8181048
0.8344532
0.8543649
0.8625823
0.8626055
0.8397963
0.8201341
0.8099345
0.7977917
0.7787541
0.757462
0.7430481
0.7496618
0.7712044
0.7795346
0.7687035
0.7770869
0.8175047
0.8511932
0.8527126
0.8309204
0.838553
0.8616011
0.8663086
0.8539835
0.8372601
0.8495604
0.8526462
0.851724
0.848682
0.8302917
0.8318396
0.8240425
0.808229
0.8171061
0.8288627
0.8255808
0.8118753
0.8177342
0.8426705
0.8467198
0.8296615
0.8174711
0.8311247
0.8419846
0.8529133
0.8653477
0.8549845
0.8458086
0.8497871
0.8502457
0.8596678
0.8638672
0.8351193
0.8248443
0.8342721
0.8335387
0.8281602
0.8164752
0.8060191
0.810012
0.8228955
0.8161218
0.8054494
0.8106558
0.7972769
0.7871318
0.7965219
0.7957518
0.7927377
0.7920148
0.7778093
0.7577484
0.7522291
0.7602196
0.7795264
0.790889
0.8128103
0.8322257
0.8360972
0.8440062
0.8272907
0.8204554
0.8071112
0.7876794
0.7898059
0.7838561
0.7886122
0.8029289
0.8197996
0.8498649
0.8592917
0.8539976
0.8610127
0.8612629
0.844685
0.8183355
0.8150823
0.8081069
0.8062436
