0.8028185
0.8003012
0.7964368
0.789501
0.7814428
0.7646961
0.7638428
0.7715187
0.7824651
0.7823873
0.7727512
0.7809982
0.7870172
0.7862512
0.7921882
0.7838672
0.7694318
0.7866062
0.7988334
0.7983891
0.7850242
0.7704329
0.7762662
0.7719647
0.7756473
0.7607826
0.7558344
0.7795777
0.7783768
0.7810809
0.7722428
0.7567286
0.7603166
0.7557805
0.7421636
0.7356412
0.7374317
0.7462359
0.7629293
0.7642863
0.7520644
0.758561
0.7703751
0.7782758
0.7827071
0.7672056
0.7619649
0.7702976
0.7772993
0.7796082
0.7646626
0.7758227
0.7922479
0.8008562
0.8112256
0.7870451
0.7861416
0.8069655
0.7999929
0.8019963
0.8185507
0.820344
0.8049465
0.7931425
0.8097702
0.8218354
0.8301645
0.8131612
0.77925
0.8063134
0.8314264
0.8171712
0.8021503
0.7808671
0.7680045
0.7741283
0.7841505
0.7923817
0.7787813
0.7806934
0.795157
0.7887938
0.7867068
0.7803408
0.7612703
0.7476992
0.75448
0.7624684
0.7694801
0.7810529
0.787917
0.786208
0.7712704
0.7707759
0.7724016
0.7699953
0.7810264
0.7874672
0.770576
0.7499909
0.7506891
0.7427153
0.7494311
0.7620452
0.7543326
0.759667
0.7664907
0.77112
0.7752127
0.7750001
0.7691969
0.7636312
0.7552427
0.7480049
0.7385091
0.7289727
0.7737208
0.7734667
0.7185011
0.7180276
0.7409094
0.7518981
0.7387459
0.7435006
0.762787
0.7729637
0.7687683
0.7544288
0.7638865
0.7760879
0.7800699
0.774795
0.7626107
0.7711739
0.7800773
0.7830447
0.7791039
0.7657541
0.7725106
0.7814558
0.7917167
0.7898282
0.7764098
0.7835196
0.7905419
0.7861965
0.7809722
0.7680459
0.7593865
0.7702412
0.7788991
0.7846542
0.7818936
0.781845
0.7947881
0.7952626
0.7979169
0.7908806
0.7765522
0.7809971
0.7876911
0.7946485
0.7897615
0.7725248
0.7663576
0.7753617
0.7916924
0.7993363
0.7864697
0.782683
0.7959665
0.7959835
0.7927202
0.7806458
0.7735095
0.7831012
0.784414
0.7827573
0.7698877
0.7474581
0.7453406
0.7573524
0.7655521
0.7757547
0.7803459
0.7777999
0.7850931
0.8020323
0.8065287
0.7907722
0.7793885
0.788628
0.8040033
0.8048293
0.7974743
0.783526
0.7761696
0.7814711
0.7880198
0.79448
0.776433
0.770984
0.7846132
0.7865559
0.7927207
0.7788919
0.7599565
0.7702846
0.78493
0.789826
0.7798475
0.7671967
0.7670825
0.7788977
0.7945245
0.789917
0.7722642
0.7634922
0.7670534
0.7670217
0.7624209
0.7592919
0.7537395
0.7582964
0.7704721
0.7794186
0.7831391
0.766113
0.763116
0.7830789
0.7915086
0.7987818
0.7869062
0.7687419
0.7740926
0.7790292
0.7815991
0.7792537
0.7645935
0.7629317
0.7705197
0.7746655
0.7713629
0.7686734
0.7640903
0.7568672
0.7670085
0.7838199
0.7869022
0.7669432
0.7539465
0.7579595
0.7576814
0.7588281
0.7529174
0.7306057
0.7122935
0.7049671
0.703378
0.7146328
0.7308838
0.7431823
0.7535475
0.7469298
0.7428621
0.7550636
0.7647447
0.7666233
0.7567701
0.744591
0.7476574
0.7656723
0.7784446
0.7780483
0.7718458
0.769687
0.7734001
0.7786779
0.7753338
0.7682608
0.7700837
0.7793585
0.785912
0.7883869
0.7801872
0.7677963
0.771969
0.7729263
0.7742133
0.7767826
0.7702619
0.7726323
0.7922996
0.8005647
0.8029502
0.8089124
0.7828432
0.7686554
0.7884316
0.7950974
0.7979737
0.7976136
0.7810929
0.7708648
0.7780118
0.7940504
0.7953292
0.7806013
0.7698925
0.7730808
0.7859701
0.7967572
0.7851515
0.7739862
0.7841252
0.7892322
0.7933007
0.7870801
0.7682029
0.773015
0.7867043
0.7849455
0.7811943
0.7687479
0.7674913
0.7841622
0.7911634
0.7862535
0.7735017
0.7708046
0.7790436
0.7814975
0.7839627
0.7832407
0.77138
0.7611741
0.7647241
0.7695079
0.7720203
0.7777961
0.7677133
0.7600307
0.7700994
0.7763695
0.7809871
0.7789542
0.7614737
0.751937
0.7594526
0.7615901
0.7644427
0.7697877
0.7604297
0.7592123
0.7682259
0.7672851
0.7650693
0.7547172
0.7456297
0.7482605
0.743018
0.7253966
0.7093557
0.7084945
0.71213
0.7140662
0.7235327
0.7350891
0.7496011
0.7591888
0.7455715
0.7372247
0.7446435
0.7525385
0.7546711
0.740386
0.7344369
0.7556028
0.7729549
0.7815644
0.7820596
0.7655178
0.765667
0.7740136
0.773355
0.7822891
0.7776319
0.7656765
0.7708202
0.776768
0.7792812
0.7660024
0.7504767
0.7596518
0.7670299
0.767566
0.770043
0.7600294
0.7510023
0.7564993
0.7631175
0.7669741
0.7575301
0.7412434
0.7439929
0.7467742
0.7494473
0.749002
0.7340132
0.7312636
0.7441056
0.7531213
0.7571225
0.7549858
0.7406143
0.7324398
0.7334788
0.7357306
0.7391871
0.7384527
0.7245133
0.7239307
0.7348383
0.7397608
0.743517
0.7360168
0.7317955
0.7296069
0.7314125
0.7369635
0.7337334
0.7238693
0.723534
0.7386992
0.7473835
0.7476446
0.7405508
0.7276397
0.7241662
0.7277758
0.7312702
0.7302023
0.7192856
0.7026196
0.6887728
0.6837684
0.6876261
0.6987462
0.7076473
0.7192438
0.7342222
0.7269642
0.7265744
0.7426224
0.7458247
0.7486929
0.7451082
0.7410397
0.7479741
0.7505522
0.7562509
0.7585915
0.7437523
0.7378469
0.7527506
0.7553531
0.7443875
0.7045458
0.6822532
0.7546425
0.7506644
0.6916198
0.7559281
0.7539285
0.6951754
0.7036113
0.7110738
0.734491
0.7242243
0.7051282
0.7055832
0.6922496
0.6934523
0.6870422
0.6703812
0.6643139
0.661315
0.6602614
0.6558026
0.6455184
0.639624
0.6376471
0.6350124
0.6312043
0.6331908
0.6432683
0.6499099
0.6480103
0.6527729
0.6451346
0.6268319
0.6271694
0.6267493
0.618506
0.6124718
0.6087997
0.6093775
0.6116211
0.6099689
0.6039836
0.6036618
0.6059704
0.6050571
0.6038883
0.603219
0.6026883
0.6001975
0.5990596
0.5976551
0.5944388
0.5937321
0.5931053
0.5908895
0.5869318
0.5843972
0.5834405
0.5805139
0.5808793
0.5817845
0.5791813
0.5791214
0.5807546
0.5812492
0.5817473
0.5811393
0.5799083
0.5757334
0.5716329
0.5714103
0.573825
0.5770224
0.5756475
0.573613
0.5733092
0.5738586
0.5728043
0.5703892
0.5695878
0.57063
0.5699729
0.5649648
0.5645862
0.5671763
0.566742
0.5641075
0.5632284
0.5602099
0.5562527
0.5578735
0.5567059
0.5534995
0.5514133
0.5508328
0.5498819
0.547223
0.5446848
0.5435561
0.5466485
0.5468406
0.5455095
0.5463721
0.5433346
0.5455089
0.5509975
0.548671
0.5466978
0.5494302
0.5535928
0.5562223
0.5522674
0.5493527
0.554923
0.5563655
0.5550554
0.5523795
0.5480064
0.550313
0.5478659
0.5493727
0.5492127
0.5436293
0.5497659
0.5513591
0.5468742
0.5451881
0.544897
0.5439485
0.5432302
0.5403643
0.5381053
0.5387294
0.5394455
0.5392872
0.5400806
0.5393956
0.5335874
0.5374507
0.5415345
0.5376379
0.5375968
0.5371227
0.5394539
0.5419913
0.5389775
0.5360643
0.5373357
0.5382238
0.5392291
0.5392099
0.5348978
0.5355147
0.5371838
0.538031
0.5353855
0.5354881
0.5345259
0.5334478
0.5337211
0.5318875
0.5339111
0.528506
0.5297822
0.5286783
0.5223048
0.5246304
0.5241367
0.5230317
0.5229029
0.5187361
0.5179856
0.5206536
0.5203985
0.5183611
0.5147087
0.5157131
0.5135284
0.5123348
0.5152341
0.5137323
0.5123096
0.5117383
0.5123373
0.5114278
0.5097232
0.5081384
0.5081706
0.5096759
0.5103946
0.5127028
0.5152222
0.5133938
0.5131584
0.5155687
0.5154356
0.5167085
0.5148129
0.5159901
0.5205657
0.5214935
0.5202144
0.5190945
0.519788
0.5191935
0.5188516
0.5158192
0.5147135
0.5148892
0.5166785
0.5165515
0.5139581
0.5182602
0.5158084
0.5186855
0.5252051
0.5263354
0.533792
0.5287623
0.5438021
0.5697891
0.5642962
0.5641869
0.5654778
0.5568056
0.5568289
0.5598533
0.5601796
0.5608208
0.5633814
0.5631182
0.5701527
0.5798585
0.5667184
0.5649
0.5791814
0.5848254
0.5867781
0.5830149
0.5892474
0.6055538
0.6037309
0.6019933
0.6148201
0.6217433
0.6152801
0.6220987
0.6407742
0.6436889
0.6368145
0.6307697
0.6268728
0.611119
0.594202
0.5920695
0.6390112
0.6507511
0.6245015
0.6500222
0.6532568
0.6452808
0.6494655
0.6448602
0.637526
0.6211313
0.6108575
0.6101651
0.6109704
0.6163803
0.6156174
0.6076212
0.605791
0.6060134
0.6050579
0.6105517
0.6079881
0.6010056
0.6096505
0.6008519
0.603896
0.604051
0.5827352
0.5972626
0.6027893
0.5947239
0.6180803
0.6310154
0.6114586
0.6066212
0.6180121
0.6416472
0.6254929
0.6250229
0.6490472
0.6158407
0.6135335
0.624493
0.6321299
0.6179434
0.6297249
0.68634
0.6698804
0.6461293
0.6743474
0.6943037
0.6883052
0.6764698
0.677068
0.7053131
0.7153876
0.7024862
0.6930008
0.6801579
0.6576647
0.6478514
0.646529
0.6473131
0.6634676
0.6551703
0.6539376
0.657456
0.6410465
0.6344914
0.6458634
0.6813251
0.7209231
0.7373862
0.7398237
0.7341053
0.7156176
0.7021941
0.6856664
0.6773388
0.6797943
0.6842876
0.6796684
0.6754141
0.6927867
0.6954609
0.6815396
0.6674413
0.6603137
0.6607274
0.6768947
0.6912969
0.6764206
0.7066209
0.7664675
0.7604955
0.7489535
0.7666883
0.7679285
0.7471278
0.7246375
0.723893
0.7403976
0.7461798
0.751158
0.764374
0.7490847
0.7244724
0.7245803
0.7310374
0.7339732
0.7292026
0.7749556
0.7694777
0.710406
0.7276427
0.7416893
0.7668592
0.7534045
0.7202522
0.7284572
0.7323814
0.7468984
0.7484535
0.7390363
0.7384011
0.7214377
0.6946906
0.6793895
0.6791171
0.7180837
0.7338621
0.7150335
0.7357062
0.7398042
0.7403057
0.7841615
0.7993442
0.7895088
0.7952865
0.7941928
0.7732303
0.7523559
0.7444243
0.7491296
0.7621995
0.7754951
0.7664518
0.7609781
0.7790811
0.7979394
0.7734653
0.7815693
0.7904813
0.75119
0.7933608
0.8057559
0.7834656
0.7836899
0.7730026
0.7511232
0.7186305
0.7235674
0.7371472
0.7388884
0.7433647
0.748446
0.7448245
0.7363978
0.7317824
0.720314
0.7141495
0.7162606
0.7049078
0.6973213
0.6972421
0.6971983
0.6929137
0.6968413
0.7370048
0.7344045
0.7067551
0.7352294
0.7772123
0.7824687
0.8023995
0.7914748
0.7440749
0.7964594
0.8113194
0.7755574
0.749601
0.7176029
0.7063874
0.6889673
0.687346
0.7031839
0.7159632
0.7166087
0.7257125
0.7416924
0.7590481
0.7717167
0.7610556
0.7624443
0.7842067
0.780448
0.7702138
0.7769122
0.7840034
0.7754269
0.7559969
0.7645316
0.771807
0.7732374
0.7914946
0.8041857
0.7880955
0.761516
0.7594617
0.7531066
0.7574552
0.7541779
0.7389246
0.7295986
0.7075332
0.7054439
0.7170219
0.726266
0.7309665
0.741407
0.7634437
0.7700797
0.7741233
0.7619632
0.7309613
0.7247293
0.7275341
0.7257143
0.7307623
0.7268109
0.716997
0.7239671
0.7277303
0.7338177
0.7340121
0.7162638
0.7107522
0.708585
0.7283985
0.773643
0.7617221
0.7389094
0.7852294
0.8032102
0.7645096
0.7470088
0.7574195
0.7704263
0.7804087
0.7952716
0.811156
0.8207526
0.8247474
0.8242816
0.8281465
0.8280021
0.817786
0.811881
0.7942098
0.7666561
0.7764174
0.786548
0.7640409
0.7570033
0.7711935
0.7744561
0.7644987
0.751193
0.7224898
0.7027765
0.7008332
0.704108
0.7191982
0.7389922
0.7711194
0.7881781
0.7809616
0.781743
0.7881458
0.7905424
0.7938673
0.7821331
0.7586233
0.7591589
0.7567479
0.7532284
0.7542777
0.7484948
0.7293186
0.7344323
0.7618518
0.7739297
0.7696383
0.7175696
0.6995663
0.7293419
0.7575884
0.7753773
0.7724724
0.7596287
0.7473276
0.7413878
0.7303597
0.7110148
0.7094922
0.7258929
0.728238
0.7351088
0.7560274
0.7667611
0.7673829
0.7662923
0.7717207
0.7828703
0.7867737
0.7749186
0.7645455
0.7729755
0.7714528
0.7790854
0.7852179
0.7691331
0.7781677
0.7830982
0.7786453
0.7746606
0.7621314
0.7736113
0.7857114
0.7912758
0.7833084
0.7750799
0.7910908
0.7988694
0.8027599
0.7965437
0.7778336
0.7766382
0.7882413
0.7954113
0.7951518
0.7785609
0.7807041
0.7967224
0.7652957
0.7328001
0.7280314
0.7365388
0.7728235
0.795363
0.7961545
0.7783666
0.7645295
0.7785114
0.7656095
0.752218
0.7423238
0.7265093
0.7274236
0.7230894
0.7284177
0.7374682
0.7332446
0.7301632
0.7352962
0.7469309
0.7622288
0.7731493
0.7722217
0.7725387
0.782745
0.8041541
0.822638
0.8360326
0.8302748
0.8132257
0.8331803
0.8422661
0.8345093
0.8211208
0.8083101
0.8265355
0.8334217
0.8373039
0.8286467
0.8059171
0.8092731
0.8125258
0.8223714
0.8182577
0.8018111
0.8074518
0.8088358
0.808718
0.7886187
0.7758148
0.7906719
0.7946979
0.800075
0.7950545
0.7741378
0.7727294
0.7837115
0.7926298
0.7987316
0.784791
0.7784933
0.8001765
0.8165982
0.8079839
0.7916153
0.7937376
0.8171579
0.8421081
0.8430963
0.8257654
0.8139557
0.8224686
0.8311219
0.8280497
0.8023945
0.804044
0.8300936
0.8253102
0.836573
0.8293932
0.8182188
0.8250724
0.8159497
0.7936355
0.7830136
0.7946914
0.7842704
0.7782302
0.7901672
0.7924123
0.7928135
0.7918127
0.7871775
0.7694503
0.7564177
0.7437533
0.7400184
