0.836
0.837
0.832
0.852
0.856
0.858
0.872
0.884
0.887
0.876
0.884
0.887
0.886
0.873
0.873
0.867
0.854
0.856
0.867
0.868
0.867
0.855
0.865
0.863
0.858
0.854
0.86
0.856
0.831
0.835
0.843
0.848
0.844
0.842
0.849
0.851
0.846
0.835
0.853
0.863
0.872
0.872
0.865
0.867
0.875
0.886
0.895
0.882
0.886
0.889
0.891
0.893
0.887
0.885
0.884
0.884
0.883
0.863
0.862
0.867
0.861
0.868
0.852
0.858
0.865
0.868
0.877
0.866
0.877
0.877
0.881
0.867
0.872
0.875
0.859
0.869
0.868
0.849
0.856
0.862
0.845
0.862
0.86
0.859
0.858
0.862
0.866
0.853
0.847
0.85
0.847
0.84
0.858
0.853
0.841
0.857
0.864
0.865
0.867
0.858
0.86
0.863
0.853
0.85
0.858
0.864
0.869
0.863
0.869
0.876
0.876
0.871
0.879
0.887
0.886
0.879
0.866
0.876
0.876
0.864
0.853
0.866
0.861
0.863
0.875
0.877
0.865
0.857
0.864
0.862
0.868
0.861
0.85
0.847
0.848
0.857
0.867
0.8504353
0.8557818
0.816
0.813
0.824
0.832
0.84
0.832
0.842
0.85
0.838
0.842
0.854
0.856
0.863
0.86
0.851
0.864
0.872
0.871
0.864
0.87
0.865
0.879
0.885
0.876
0.878
0.863
0.824
0.817
0.827
0.836
0.835
0.848
0.857
0.866
0.86
0.868
0.876
0.881
0.883
0.866
0.852
0.864
0.865
0.86
0.873
0.877
0.88
0.869
0.876
0.881
0.881
0.884
0.861
0.877
0.877
0.872
0.867
0.878
0.881
0.881
0.869
0.879
0.884
0.883
0.868
0.871
0.872
0.868
0.875
0.88
0.874
0.851
0.859
0.868
0.867
0.877
0.874
0.863
0.855
0.862
0.853
0.836
0.848
0.852
0.863
0.869
0.871
0.85
0.826
0.837
0.852
0.862
0.868
0.862
0.873
0.885
0.884
0.888
0.876
0.877
0.893
0.899
0.9
0.889
0.893
0.894
0.893
0.876
0.875
0.879
0.88
0.888
0.896
0.904
0.883
0.889
0.894
0.895
0.889
0.874
0.872
0.878
0.884
0.87
0.885
0.893
0.896
0.878
0.856
0.872
0.865
0.869
0.875
0.88
0.883
0.872
0.885
0.894
0.89
0.879
0.889
0.896
0.883
0.884
0.896
0.9
0.889
0.893
0.898
0.896
0.891
0.896
0.896
0.898
0.886
0.896
0.904
0.905
0.892
0.888
0.9
0.902
0.893
0.894
0.905
0.904
0.896
0.908
0.898
0.896
0.913
0.924
0.925
0.923
0.909
0.907
0.914
0.898
0.899
0.9
0.889
0.883
0.89
0.894
0.895
0.895
0.892
0.899
0.877
0.882
0.882
0.882
0.875
0.885
0.897
0.88
0.85
0.853
0.87
0.863
0.873
0.879
0.885
0.874
0.876
0.864
0.875
0.877
0.882
0.886
0.89
0.883
0.896
0.899
0.906
0.907
0.905
0.902
0.884
0.897
0.904
0.897
0.887
0.862
0.854
0.882
0.882
0.892
0.897
0.889
0.884
0.868854
0.8426259
0.8415378
0.878
0.876
0.8611272
0.8386548
0.8085045
0.8158128
0.8176375
0.8426199
0.8262712
0.8245165
0.8172617
0.8037756
0.834
0.79
0.78
0.783
0.786
0.776
0.781
0.769
0.765
0.765
0.765
0.77
0.771
0.772
0.779
0.779
0.786
0.783
0.77
0.758
0.745
0.738
0.738
0.738
0.741
0.741
0.742
0.737
0.736
0.739
0.741
0.745
0.754
0.7326453
0.7089508
0.666039
0.716
0.696
0.673
0.668
0.66
0.657
0.649
0.642
0.637
0.633
0.629
0.626
0.621
0.615
0.611
0.602
0.605
0.602
0.601
0.593
0.591
0.59
0.582
0.582
0.578
0.577
0.572
0.569
0.571
0.563
0.562
0.561
0.56
0.561
0.552
0.553
0.548
0.552
0.55
0.545
0.545
0.543
0.539
0.539
0.537
0.533
0.539
0.531
0.534
0.529
0.529
0.527
0.526
0.525
0.525
0.52
0.524
0.521
0.517
0.52
0.519
0.515
0.513
0.516
0.513
0.516
0.51
0.513
0.51
0.508
0.504
0.505
0.505
0.504
0.502
0.505
0.503
0.501
0.503
0.5
0.499
0.5
0.5
0.499
0.495
0.495
0.496
0.497
0.495
0.493
0.497
0.493
0.49
0.491
0.493
0.494
0.494
0.487
0.493
0.492
0.489
0.487
0.488
0.49
0.487
0.485
0.488
0.489
0.485
0.482
0.487
0.485
0.486
0.48
0.485
0.482
0.484
0.478
0.483
0.481
0.481
0.48
0.479
0.479
0.479
0.481
0.478
0.479
0.478
0.481
0.477
0.476
0.477
0.477
0.473
0.476
0.475
0.478
0.474
0.476
0.472
0.477
0.473
0.472
0.474
0.473
0.473
0.473
0.469
0.47
0.474
0.466
0.469
0.472
0.47
0.467
0.469
0.472
0.466
0.468
0.466
0.468
0.469
0.465
0.465
0.467
0.468
0.463
0.464
0.463
0.465
0.465
0.462
0.461
0.464
0.464
0.461
0.462
0.461
0.465
0.458
0.463
0.46
0.466
0.459
0.463
0.46
0.464
0.463
0.459
0.459
0.465
0.458
0.462
0.459
0.466
0.458
0.461
0.461
0.466
0.458
0.464
0.458
0.464
0.46
0.46
0.457
0.464
0.46
0.461
0.459
0.46
0.462
0.458
0.459
0.458
0.46
0.459
0.46
0.461
0.462
0.461
0.462
0.466
0.47
0.469
0.4944402
0.4760309
0.474
0.466
0.468
0.47
0.474
0.475
0.475
0.479
0.484
0.48
0.484
0.495
0.501
0.507
0.505
0.501
0.505
0.507
0.507
0.503
0.508
0.511
0.507
0.508
0.514
0.522
0.52
0.52
0.524
0.532
0.527
0.525
0.529
0.54
0.536
0.536
0.532
0.553
0.536
0.544
0.54
0.556
0.541
0.547
0.545
0.538
0.535
0.543
0.537
0.53
0.529
0.515923
0.530906
0.563
0.545
0.533
0.537
0.532
0.538
0.546
0.546
0.546
0.547
0.56
0.563
0.579
0.554
0.56
0.567
0.566
0.563
0.556
0.556
0.566
0.551
0.55
0.555
0.558
0.55
0.547
0.561
0.564
0.557
0.551
0.541
0.538
0.547
0.541
0.545
0.553
0.56
0.553
0.551
0.557
0.551
0.557
0.564
0.571
0.572
0.573
0.589
0.589
0.585
0.595
0.595
0.584
0.584
0.592
0.589
0.586
0.594
0.604
0.596
0.597
0.615
0.608
0.604
0.607
0.617
0.614
0.609
0.601
0.609
0.601
0.601
0.598
0.604
0.601
0.605
0.617
0.604
0.608
0.611
0.618
0.61
0.61
0.617
0.608
0.61
0.622
0.633
0.627
0.624
0.637
0.624
0.625
0.637
0.638
0.631
0.629
0.633
0.622
0.616
0.602
0.61
0.614
0.607
0.62
0.629
0.622
0.626
0.631
0.645
0.634
0.642
0.65
0.651
0.641
0.648
0.662
0.629
0.626
0.634
0.647
0.66
0.647
0.643
0.658
0.652
0.656
0.65
0.63
0.636
0.64
0.64
0.648
0.624
0.629
0.63
0.636
0.646
0.637
0.635
0.645
0.651
0.659
0.674
0.673
0.661
0.641
0.636
0.638
0.641
0.65
0.647
0.64
0.649
0.655
0.663
0.671
0.65
0.649
0.654
0.663
0.68
0.697
0.714
0.711
0.683
0.665
0.666
0.67
0.673
0.675
0.669
0.668
0.674
0.681
0.68
0.68
0.687
0.702
0.7
0.699
0.698
0.701
0.708
0.693
0.693
0.691
0.688
0.693
0.691
0.695
0.715
0.716
0.726
0.711
0.697
0.689
0.678
0.683
0.675
0.678
0.677
0.676
0.681
0.681
0.678
0.678
0.675
0.667
0.664
0.67
0.673
0.674
0.688
0.694
0.689
0.698
0.696
0.692
0.702
0.705
0.702
0.713
0.711
0.701
0.705
0.705
0.706
0.703
0.698
0.705
0.696
0.692
0.698
0.702
0.71
0.725
0.73
0.729
0.718
0.719
0.725
0.729
0.72
0.72
0.715
0.715
0.712
0.712
0.704
0.7
0.694
0.69
0.692
0.693
0.696
0.699
0.713
0.713
0.715
0.71
0.718
0.723
0.714
0.727
0.736
0.736
0.744
0.738
0.731
0.742
0.741
0.74
0.742
0.746
0.743
0.747
0.754
0.757
0.753
0.747
0.748
0.757
0.752
0.748
0.752
0.754
0.75
0.747
0.751
0.758
0.754
0.744
0.75
0.757
0.749
0.745
0.745
0.746
0.74
0.732
0.728
0.73
0.729
0.719
0.725
0.723
0.72
0.715
0.705
0.702
0.698
0.7
0.706
0.706
0.72
0.729
0.729
0.743
0.741
0.736
0.736
0.736
0.738
0.747
0.753
0.75
0.747
0.733
0.736
0.734
0.73
0.734
0.73
0.74
0.744
0.733
0.739
0.738
0.733
0.723
0.726
0.729
0.722
0.723
0.73
0.734
0.739
0.737
0.736
0.729
0.737
0.749
0.754
0.753
0.768
0.78
0.773
0.779
0.788
0.774
0.782
0.787
0.798
0.79
0.795
0.794
0.774
0.776
0.784
0.778
0.78
0.784
0.777
0.781
0.781
0.783
0.771
0.763
0.764
0.754
0.753
0.753
0.744
0.745
0.75
0.753
0.746
0.747
0.751
0.737
0.738
0.748
0.75
0.751
0.759
0.771
0.775
0.782
0.789
0.781
0.786
0.782
0.78
0.788
0.792
0.791
0.797
0.797
0.786
0.785
0.791
0.79
0.785
0.775
0.777
0.778
0.783
0.792
0.789
0.767
0.776
0.774
0.771
0.771
0.772
0.778
0.78
0.773
0.77
0.779
0.769
0.757
0.76
0.76
0.759
0.76
0.746
0.752
0.755
0.749
0.749
0.755
0.758
0.768
0.761
0.76
0.75
0.758
0.756
0.762
0.769
0.776
0.78
0.784
0.773
0.779
0.773
0.773
0.76
0.757
0.743
0.74
0.733
0.738
0.743
0.753
0.761
0.764
0.772
0.775
0.783
0.786
0.787
0.802
0.794
0.799
0.796
0.785
0.794
0.789
0.782
0.789
0.784
0.779
0.767
0.759
0.762
0.761
0.771
0.775
0.776
0.789
0.798
0.807
0.811
0.812
0.81
0.813
0.793
0.782
0.782
0.782
0.794
0.791
0.795
0.794
0.804
0.804
0.801
0.795
