0.96
0.957
0.962
0.955
0.963
0.955
0.961
0.943
0.899
0.857
0.859
0.864
0.894
0.923
0.94
0.941
0.959
0.946
0.966
0.973
0.945
0.951
0.967
0.949
0.969
0.979
0.994
1.007
1.016
1.012
1.002
0.985
0.992
0.972
0.967
0.962
0.911
0.917
0.914
0.915
0.926
0.904
0.888
0.899
0.914
0.92
0.923
0.925
0.887
0.9245527
0.934737
0.886
0.928
0.944
0.963
0.98
0.979
0.974
0.982
0.985
0.978
0.982
0.986
0.978
0.958
0.975
0.974
0.943
0.972
0.971
0.979
0.952
0.947
0.972
0.973
0.957
0.97
0.963
0.956
0.941
0.938
0.927
0.906
0.921
0.919
0.918
0.913
0.92
0.921
0.93
0.919
0.92
0.925
0.893
0.883
0.859
0.863
0.881
0.896
0.901
0.917
0.931
0.928
0.935
0.934
0.93
0.939
0.937
0.951
0.949
0.949
0.949
0.953
0.943
0.914
0.924
0.915
0.931
0.934
0.923
0.938
0.948
0.962
0.945
0.953
0.948
0.92
0.931
0.924
0.88
0.853
0.899
0.926
0.938
0.944
0.937
0.96
0.96
0.952
0.905
0.921
0.922
0.933
0.931
0.931
0.919
0.902
0.895
0.883
0.887
0.895
0.895
0.894
0.904
0.908
0.926
0.942
0.921
0.918
0.932
0.919
0.914
0.926
0.925
0.927
0.932
0.925
0.934
0.943
0.933
0.918
0.927
0.93
0.93
0.926
0.923
0.927
0.915
0.911
0.911
0.907
0.915
0.925
0.924
0.927
0.932
0.917
0.894
0.881
0.88
0.877
0.881
0.896
0.893
0.904
0.892
0.904
0.908
0.889
0.902
0.894
0.872
0.875
0.877
0.877
0.877
0.886
0.888
0.887
0.849
0.83
0.841
0.87
0.894
0.908
0.92
0.926
0.938
0.938
0.938
0.941
0.919
0.875
0.89
0.916
0.934
0.953
0.971
0.968
0.961
0.927
0.923
0.914
0.924
0.918
0.891
0.908
0.906
0.902
0.918
0.921
0.928
0.946
0.927
0.915
0.902
0.87
0.836
0.833
0.844
0.859
0.865
0.903
0.931
0.948
0.938
0.96
0.963
0.958
0.949
0.957
0.947
0.955
0.942
0.945
0.934
0.936
0.923
0.905
0.934
0.939
0.921
0.94
0.949
0.953
0.952
0.926
0.938
0.944
0.953
0.948
0.946
0.931
0.94
0.915
0.927
0.933
0.917
0.914
0.931
0.931
0.908
0.936
0.94
0.915
0.925
0.933
0.912
0.927
0.946
0.931
0.921
0.935
0.93
0.934
0.943
0.929
0.926
0.936
0.919
0.923
0.941
0.934
0.927
0.943
0.929
0.922
0.938
0.93
0.92
0.939
0.933
0.926
0.946
0.922
0.947
0.968
0.93
0.892
0.908
0.918
0.911
0.911
0.897
0.86
0.9702317
0.836
0.9225353
0.9237
0.9725187
0.9325564
0.8777929
0.894952
0.9015135
0.9526332
0.837
0.897
0.931
0.927
0.958
0.967
0.972
0.966
0.983
0.986
0.979
0.986
0.98
0.969
0.9009826
0.9001637
0.973
0.8867987
0.8637787
0.9347488
0.8922322
0.8129755
0.8940512
0.8550808
0.8341956
0.907
0.878
0.85
0.837
0.837
0.832
0.832
0.823
0.82
0.81
0.808
0.815
0.842
0.85
0.854
0.869
0.873
0.887
0.889
0.855
0.841
0.85
0.86
0.863
0.836
0.848
0.866
0.884
0.835
0.816
0.786
0.763
0.741
0.739
0.717
0.72
0.701
0.7
0.688
0.691
0.691
0.694
0.688
0.691
0.69
0.68
0.677
0.674
0.685
0.686
0.686
0.687
0.696
0.676
0.676
0.677
0.662
0.665
0.668
0.659
0.662
0.679
0.653
0.656
0.662
0.656
0.655
0.659
0.653
0.661
0.65
0.653
0.649
0.651
0.654
0.644
0.646
0.648
0.639
0.644
0.645
0.64
0.638
0.635
0.642
0.632
0.632
0.634
0.624
0.624
0.622
0.621
0.621
0.622
0.624
0.617
0.616
0.617
0.604
0.609
0.606
0.604
0.6
0.599
0.595
0.598
0.599
0.602
0.596
0.602
0.604
0.601
0.601
0.606
0.604
0.604
0.603
0.609
0.604
0.606
0.604
0.599
0.601
0.605
0.607
0.605
0.616
0.603
0.604
0.615
0.601
0.605
0.608
0.6
0.602
0.606
0.596
0.601
0.604
0.604
0.598
0.6
0.598
0.603
0.593
0.594
0.593
0.596
0.592
0.593
0.594
0.588
0.594
0.59
0.594
0.589
0.594
0.589
0.595
0.588
0.592
0.589
0.589
0.592
0.591
0.592
0.592
0.589
0.593
0.587
0.592
0.587
0.591
0.587
0.589
0.585
0.586
0.591
0.587
0.59
0.586
0.592
0.584
0.59
0.591
0.588
0.587
0.587
0.584
0.584
0.581
0.584
0.581
0.586
0.589
0.588
0.587
0.59
0.585
0.593
0.587
0.589
0.584
0.593
0.587
0.597
0.589
0.604
0.596
0.597
0.597
0.598
0.597
0.6
0.602
0.599
0.6
0.596
0.595
0.591
0.591
0.593
0.589
0.607
0.612
0.613
0.62
0.63
0.643
0.63
0.627
0.632
0.63
0.648
0.631
0.642
0.641
0.651
0.641
0.642
0.651
0.657
0.657
0.666
0.721
0.709
0.708
0.7
0.663
0.67
0.663
0.643
0.64
0.645
0.664
0.704
0.721
0.713
0.737
0.778
0.759
0.703
0.718
0.717
0.726
0.747
0.735
0.738
0.724
0.73
0.723
0.681
0.681
0.709
0.726
0.746
0.756
0.772
0.767
0.775
0.786
0.743
0.73
0.734
0.712
0.695
0.707
0.723
0.772
0.763
0.755
0.747
0.744
0.734
0.741
0.779
0.731
0.729
0.775
0.766
0.751
0.796
0.756
0.729
0.719
0.693
0.698
0.729
0.734
0.767
0.779
0.769
0.792
0.826
0.815
0.821
0.852
0.85
0.824
0.857
0.871
0.844
0.863
0.88
0.85
0.86
0.876
0.85
0.858
0.877
0.848
0.829
0.845
0.838
0.82
0.807
0.804
0.788
0.762
0.849446
0.8262089
0.8374831
0.78
0.794
0.806
0.835
0.86
0.844
0.84
0.839
0.889
0.863
0.87
0.855
0.881
0.876
0.89
0.854
0.86
0.906
0.878
0.845
0.891
0.946
0.952
0.945
0.979
0.959
0.946
0.981
0.966
0.97
0.8774095
0.97
0.979
0.984
0.937
0.95
0.963
0.94
0.971
0.951
0.947
0.979
0.943
0.952
0.968
0.935
0.962
0.953
0.911
0.934
0.961
0.944
0.949
0.991
0.961
0.974
0.8531695
0.975
0.988
0.961
0.956
0.984
0.958
0.93
0.943
0.925
0.894
0.871
0.82
0.9289365
0.907366
0.84
0.826
0.826
0.823
0.8667035
0.9415337
0.9158542
0.8935534
0.9310121
0.9307464
0.821
0.9294821
0.811
0.812
0.9260158
0.82
0.83
0.853
0.844
0.896
0.89
0.875
0.831
0.846
0.823
0.869
0.831
0.834
0.867
0.827
0.844
0.926
0.983
0.992
0.966
0.9247938
0.9056345
0.973
0.946
0.96
0.938
0.966
0.97
0.95
0.986
0.974
0.968
0.986
0.949
0.968
0.941
0.901
0.917
0.909
0.938
0.876
0.892
0.919
0.896
0.898
0.894
0.825
0.828
0.879
0.943
0.947
0.932
0.951
0.926
0.923
0.93
0.922
0.936
0.925
0.89
0.921
0.937
0.923
0.95
0.949
0.95
0.968
0.944
0.966
0.964
0.968
0.99
0.966
0.979
0.983
0.957
0.96
0.961
0.928
0.945
0.965
0.95
0.973
0.968
0.968
0.964
0.931
0.931
0.94
0.915
0.93
0.941
0.929
0.93
0.899
0.884
0.891
0.894
0.887
0.92
0.907
0.898
0.873
0.917
0.9
0.885
0.862
0.816
0.88738
0.8843755
0.8739143
0.8885159
0.8549135
0.9616906
0.9311998
0.804
0.8576081
0.853
0.875
0.847
0.871
0.892
0.865
0.8789221
0.87677
0.814
0.891
0.94
0.96
0.96
0.959
0.927
0.917
0.863
0.84
0.856
0.844
0.812
0.87
0.89
0.855
0.886
0.903
0.852
0.819
0.843
0.852
0.857
0.882
0.87
0.892
0.906
0.921
0.907
0.92
0.945
0.953
0.934
0.965
0.9151857
0.888442
0.935
0.911
0.873
0.851
0.876
0.907
0.912
0.904
0.9
0.888
0.868
0.841
0.806
0.9032937
0.8948948
0.8948696
0.9394045
0.824
0.809
0.891005
0.828
0.873
0.913
0.948
0.953
0.955
0.965
0.956
0.938
0.953
0.977
0.972
0.969
0.955
0.968
0.972
0.944
0.924
0.949
0.942
0.918
0.901
0.865
0.864
0.886
0.907
0.92
0.929
0.944
0.941
0.939
0.944
0.934
