0.8115076
0.8467118
0.8118492
0.8129782
0.8443915
0.8550474
0.856547
0.8500101
0.8490182
0.854653
0.8618395
0.8641535
0.8601908
0.8643192
0.8782006
0.8755325
0.8648928
0.870385
0.8920439
0.8967359
0.8836024
0.8923716
0.9039511
0.8900345
0.8826717
0.8957836
0.900919
0.8874101
0.8765393
0.8945617
0.9100722
0.9017811
0.9056493
0.9144399
0.916791
0.9044243
0.8946323
0.9021373
0.8922579
0.873399
0.8728804
0.8863132
0.882693
0.8726196
0.8910803
0.9069459
0.9018107
0.8964039
0.8936629
0.8913115
0.8898031
0.8902932
0.9040064
0.9076286
0.8827247
0.8724682
0.8847145
0.8837032
0.8627766
0.8629738
0.8811768
0.8829366
0.889452
0.8995362
0.8971603
0.8884775
0.8921937
0.9051059
0.8951838
0.8822036
0.8873194
0.896597
0.8909065
0.8733359
0.8755057
0.8854761
0.8787828
0.877533
0.8806079
0.8798463
0.8875983
0.9038549
0.9095801
0.9071209
0.9074752
0.8989961
0.8961245
0.8871059
0.8776136
0.8698493
0.8415164
0.8343528
0.8602704
0.8872148
0.9031362
0.9072681
0.9034929
0.9098118
0.9125001
0.8995354
0.8931207
0.9007008
0.9017928
0.8836869
0.8826337
0.8888087
0.8868948
0.8865693
0.8781076
0.8803451
0.8911016
0.8991677
0.9053658
0.8976295
0.8893139
0.8918928
0.8904789
0.881333
0.8740519
0.8754829
0.8814624
0.8820198
0.8802526
0.8773557
0.8862844
0.8928231
0.8800282
0.8749333
0.8757268
0.876624
0.8680223
0.8548486
0.8557683
0.8689046
0.8746414
0.8685655
0.8677869
0.8746696
0.8830299
0.8789581
0.8717196
0.8735613
0.8851912
0.8859037
0.8702762
0.8701839
0.8860397
0.8883015
0.8713264
0.862954
0.8659677
0.8769521
0.8803245
0.8744194
0.8822912
0.8944509
0.902358
0.8997198
0.8938626
0.890856
0.8952016
0.8930555
0.8694187
0.857326
0.8560739
0.8466652
0.8365178
0.830763
0.8283041
0.8356655
0.8422868
0.8353272
0.8347305
0.8465193
0.8526317
0.8469749
0.8447845
0.8457938
0.8510793
0.8515381
0.8406462
0.8402809
0.8498398
0.8478168
0.8354328
0.8300575
0.8322513
0.8400296
0.8353773
0.8301558
0.8331819
0.8353945
0.8391969
0.8365285
0.8326146
0.8348964
0.8443497
0.8421768
0.8347411
0.8329354
0.8403628
0.8484038
0.8378686
0.8368654
0.8420542
0.8436464
0.8501741
0.848097
0.8478222
0.8639951
0.8757179
0.8730499
0.8701587
0.8687939
0.8683509
0.8607485
0.8464446
0.8480409
0.8639887
0.8643345
0.8587122
0.857731
0.8568347
0.8510875
0.8337687
0.8253106
0.8165814
0.8074881
0.8152186
0.8242077
0.8244418
0.8338805
0.8472078
0.8495436
0.8561566
0.8598332
0.8530755
0.8560426
0.852111
0.8342665
0.8286466
0.8290793
0.8224491
0.8160466
0.8172621
0.8240138
0.8262317
0.8218232
0.8237955
0.8322726
0.8384127
0.8315269
0.8256389
0.829192
0.8296504
0.822728
0.8159039
0.8195718
0.8285088
0.8273442
0.8190502
0.818358
0.8205369
0.8314951
0.834649
0.8248381
0.8269316
0.8371573
0.8377352
0.8271989
0.8280716
0.8409226
0.8362312
0.8237977
0.8223313
0.8249735
0.8299703
0.8239195
0.8193467
0.8244037
0.8332454
0.8365175
0.8318851
0.8322387
0.8404692
0.8421294
0.8331487
0.8380375
0.8505848
0.8538085
0.8444721
0.8397326
0.8473693
0.8488822
0.8397415
0.8362291
0.8473448
0.8535645
0.8471973
0.8466559
0.8498894
0.8424371
0.835266
0.8380856
0.8360503
0.8181376
0.8007275
0.8013065
0.8116951
0.815621
0.8134156
0.8171778
0.8268531
0.8304773
0.8196687
0.8159319
0.8236799
0.8283873
0.8335988
0.8338964
0.8324213
0.8312982
0.8344318
0.8479328
0.851672
0.8389895
0.8341802
0.8464536
0.8477542
0.8333836
0.8284778
0.8303794
0.8283482
0.8180516
0.8142325
0.8216721
0.8294601
0.8296003
0.8237018
0.8247271
0.8381531
0.8475402
0.8332687
0.8300939
0.8399156
0.8389344
0.8326563
0.8256791
0.8301993
0.8360643
0.8371696
0.8375164
0.841144
0.8452457
0.8393043
0.8331201
0.8353432
0.8416217
0.8361755
0.8265902
0.8233097
0.8253524
0.8291732
0.818803
0.8115499
0.8208442
0.8230091
0.8161891
0.8141137
0.8182381
0.8280058
0.8276851
0.8198283
0.8283918
0.8419112
0.837939
0.8297673
0.8326985
0.8403322
0.839772
0.8301691
0.8332265
0.8464514
0.8431231
0.8336542
0.8380303
0.8411529
0.8312933
0.819004
0.8178771
0.8284801
0.8302277
0.8208945
0.8243313
0.8408208
0.8435773
0.8314538
0.8329534
0.8458417
0.8426675
0.8298001
0.8278891
0.8331823
0.8354242
0.8245888
0.8223007
0.8343204
0.8292548
0.8230497
0.8311568
0.8396808
0.8485143
0.8505756
0.8433545
0.8412563
0.8436022
0.8331928
0.8096228
0.7922117
0.7917423
0.7957794
0.7985669
0.8066454
0.8151918
0.8172903
0.8180905
0.8229581
0.829131
0.8313638
0.8252614
0.8191081
0.8135894
0.8110249
0.808349
0.7962861
0.7896519
0.7890465
0.783761
0.7750722
0.7738867
0.77768
0.7728421
0.7698283
0.7720544
0.7740371
0.7747358
0.7766161
0.7790952
0.7744403
0.7722884
0.7733188
0.7729235
0.7706343
0.7610363
0.7423317
0.72997
0.7233327
0.7118534
0.707738
0.7014403
0.6898194
0.6823602
0.6833525
0.6805323
0.6764495
0.6804187
0.6802793
0.682245
0.6875872
0.6847131
0.6786498
0.6741527
0.672327
0.6768653
0.6752978
0.6668083
0.6658843
0.6632417
0.655046
0.6499986
0.6483116
0.6497033
0.6445957
0.6412962
0.6456164
0.6427079
0.6433417
0.6502736
0.6448017
0.6323905
0.6249411
0.618873
0.6100186
0.603317
0.5963157
0.5901386
0.5878139
0.5829674
0.5771486
0.5740193
0.5708036
0.5662301
0.5628635
0.5601072
0.5535173
0.547968
0.5459159
0.5408857
0.5374846
0.5352704
0.531847
0.5291079
0.5281223
0.5254718
0.5229475
0.5206579
0.5176621
0.5161775
0.511663
0.5120097
0.5100771
0.5033277
0.501821
0.4999968
0.4959508
0.4932429
0.4928029
0.4932443
0.4925931
0.4904076
0.4886354
0.4884937
0.4883801
0.4865665
0.4844554
0.4825438
0.4826724
0.4831481
0.4851977
0.4863633
0.4847862
0.4864013
0.4851037
0.4833423
0.4856402
0.485075
0.4819383
0.4790776
0.478106
0.4788964
0.479032
0.4790244
0.4789076
0.476968
0.4774076
0.4804965
0.4780109
0.4732405
0.4718667
0.4733252
0.4744475
0.4724506
0.4717927
0.4709438
0.4692281
0.4698464
0.4689156
0.4661261
0.4638906
0.4643805
0.4654049
0.4646185
0.4633022
0.4583984
0.4595391
0.4638589
0.4598653
0.4564741
0.4554349
0.456923
0.4587555
0.4583274
0.4564352
0.4548328
0.4562142
0.4555196
0.4547373
0.4517756
0.4509354
0.4559743
0.4555379
0.4526958
0.450096
0.449303
0.4516271
0.4511467
0.4488921
0.4460019
0.4475754
0.4510479
0.4487161
0.446536
0.4441949
0.4432181
0.4446199
0.4454855
0.445298
0.4437778
0.4410152
0.4404207
0.443535
0.4420207
0.4392958
0.4386022
0.4408057
0.4427602
0.440197
0.4378709
0.4383583
0.4405974
0.4401648
0.4389952
0.4378471
0.4385008
0.4402689
0.4385984
0.4376058
0.4350219
0.4356942
0.4399702
0.4399073
0.4380228
0.4360362
0.4350057
0.4361859
0.4387709
0.4379083
0.4363376
0.435493
0.4369157
0.4387154
0.4361977
0.43615
0.4354316
0.4316651
0.4338685
0.437778
0.4348541
0.4325826
0.4310597
0.432624
0.4358699
0.4329895
0.4335102
0.4306312
0.4294015
0.4342025
0.4325078
0.4307782
0.4300404
0.4268858
0.4287141
0.4329391
0.4307284
0.4297325
0.4276969
0.4258988
0.4301435
0.4315103
0.4294769
0.4275469
0.4265252
0.4276268
0.4303975
0.4291546
0.4283384
0.4271269
0.426466
0.4304294
0.4280003
0.4266878
0.4267715
0.4256409
0.4283522
0.4272524
0.4261419
0.4255148
0.4237034
0.4254544
0.4274092
0.4264159
0.4246807
0.4243734
0.4235142
0.4248275
0.4269121
0.4260356
0.4249999
0.4239647
0.4230873
0.4240555
0.4258936
0.4259715
0.4250588
0.4238831
0.4232302
0.4260199
0.4264845
0.4236643
0.4234633
0.4234263
0.4248369
0.4258588
0.424158
0.4239867
0.4216388
0.4220243
0.4256553
0.4230016
0.4236948
0.4223987
0.4204375
0.4243459
0.4233532
0.4218989
0.4208967
0.4203564
0.4238124
0.4258713
0.4229156
0.4236914
0.4224931
0.4224436
0.4282365
0.4251455
0.4236399
0.4226267
0.421047
0.4248474
0.42374
0.4226772
0.423058
0.4209433
0.4213182
0.4236242
0.4220207
0.4203246
0.421649
0.418953
0.4187032
0.4220167
0.4219014
0.419991
0.4203569
0.4202446
0.4190383
0.4221329
0.4223972
0.4208853
0.4210045
0.4177495
0.4267952
0.4349715
0.4206979
0.4171702
0.4229436
0.4222611
0.421529
0.4206672
0.4190577
0.4194262
0.4212428
0.4208556
0.4199961
0.418036
0.4215052
0.4238333
0.424671
0.4303342
0.4322668
0.4341243
0.4421341
0.4473081
0.4511042
0.4566703
0.4625927
0.4658644
0.4630343
0.4701131
0.4744501
0.471184
0.4693311
0.4659976
0.4682651
0.468229
0.4671688
0.4664718
0.4647829
0.4663011
0.468709
0.4679463
0.4685418
0.4689503
0.4662269
0.470315
0.4763485
0.4752334
0.4764287
0.4779428
0.4774766
0.4827052
0.4803079
0.4787696
0.4816156
0.4805904
0.4780429
0.4775396
0.4802132
0.4796972
0.4805354
0.4789793
0.4786338
0.4866341
0.4996248
0.5120573
0.5164073
0.5178178
0.5189252
0.5170131
0.5183965
0.5213608
0.5182393
0.5174016
0.5203581
0.5239492
0.5266493
0.5242094
0.521951
0.525502
0.52569
0.5205561
0.5218796
0.5237417
0.523405
0.5223752
0.5252577
0.5269878
0.5276544
0.5287485
0.5309673
0.5411586
0.5416965
0.5346476
0.535883
0.5443498
0.547898
0.5485481
0.550101
0.545612
0.5484483
0.558224
0.5614078
0.5627678
0.5729923
0.5843691
0.5829148
0.5762514
0.575172
0.5822678
0.5803399
0.5735379
0.5710385
0.5739571
0.5848938
0.584007
0.5920332
0.6032651
0.5931868
0.5878633
0.5865052
0.5761795
0.5762315
0.5808385
0.5884038
0.6008715
0.6072058
0.6159739
0.6170325
0.6302442
0.6524262
0.6514596
0.6339032
0.630196
0.6423826
0.6338514
0.6338108
0.6413244
0.6350889
0.6306919
0.6187284
0.6158057
0.6551192
0.6860735
0.6804529
0.6841668
0.6525631
0.6208415
0.6269339
0.6411506
0.6635637
0.6571783
0.6544975
0.6485129
0.6439833
0.6806917
0.6573266
0.6234959
0.6569869
0.6478728
0.6338638
0.6475513
0.6366773
0.6420799
0.6394163
0.630592
0.6679035
0.6577443
0.6442542
0.6703487
0.6784421
0.7050094
0.7015619
0.6844212
0.6765772
0.6538535
0.6228408
0.6137828
0.6516908
0.677197
0.6774538
0.676079
0.6745117
0.6708786
0.6604398
0.6561219
0.6528859
0.6511197
0.6553457
0.6394388
0.6592011
0.6977085
0.6939164
0.6902844
0.6733123
0.6627699
0.6767353
0.675114
0.6808092
0.6817676
0.6714669
0.689265
0.7014058
0.6971973
0.6853982
0.6818807
0.6967854
0.6981154
0.6888669
0.6746233
0.6564741
0.6362047
0.62061
0.6201758
0.6256636
0.6270656
0.6203479
0.6199005
0.621016
0.6209419
0.6488597
0.6634253
0.6675647
0.6832159
0.6749384
0.6773278
0.6701967
0.6809593
0.6861031
0.6308846
0.6190158
0.6238469
0.6722296
0.6916554
0.6637624
0.6657779
0.6386817
0.6639467
0.6896319
0.677526
0.6735478
0.6663836
0.6634155
0.6527738
0.6373085
0.6429049
0.6500446
0.6413323
0.6389602
0.6445924
0.6609917
0.6841363
0.6887828
0.6832204
0.6833806
0.6829567
0.6905526
0.6889689
0.6841702
0.6808465
0.6670289
0.6653803
0.6799194
0.700409
0.705653
0.7023866
0.7130439
0.7223869
0.7266455
0.7246632
0.7185969
0.7176874
0.7226481
0.7146482
0.7048675
0.7124498
0.7124302
0.7116046
0.7214916
0.7146457
0.7055739
0.701657
0.7042738
0.7320436
0.7288001
0.6962638
0.6782003
0.6737754
0.6882434
0.706095
0.7235218
0.7419693
0.7437837
0.7376211
0.7420972
0.7517288
0.7592191
0.7567852
0.7452496
0.738188
0.736994
0.7425352
0.744565
0.7429501
0.7460305
0.7500925
0.7503868
0.7422432
0.729658
0.7186023
0.7216235
0.7319185
0.7313975
0.735807
0.7444338
0.7477665
0.7521434
0.7491708
0.7510246
0.7583585
0.7551447
0.7546377
0.7568688
0.7563324
0.7543094
0.7397223
0.7185509
0.7005061
0.6880243
0.6888502
0.6981722
0.7044881
0.7142114
0.7229894
0.7318149
0.7459404
0.7457981
0.7353785
0.7299745
0.7291567
0.725402
0.7176133
0.7104358
0.7057814
0.6998685
0.6911896
0.6827807
0.6764704
0.6725284
0.6706954
0.6702247
0.6698673
0.6701035
0.670995
0.674145
0.6744104
0.6773125
0.6810532
0.681202
0.6804475
0.6788097
0.6769048
0.6743075
0.6770431
0.6784679
0.6833905
0.6888029
0.6872705
0.6878826
0.6890199
0.6855962
0.6739161
0.6614932
0.659163
0.6650482
0.672954
0.6788295
0.6832314
0.6888345
0.6895876
0.6865948
0.6876501
0.6880341
0.6871477
0.686719
0.6864291
0.6875744
0.688387
0.687469
0.695634
0.7065539
0.7071706
0.7070245
0.7045328
0.6974222
0.6906595
0.6865376
0.6856016
0.6797391
0.6739253
0.6762718
0.6729306
0.6698998
0.6740254
0.6702113
0.6632163
0.6630802
0.6614673
0.6633548
0.6692459
0.6684472
0.6712388
0.6785527
0.6822768
0.6847629
0.6905453
0.692771
0.6859585
0.6893938
0.694422
0.6919728
0.6907634
0.682786
0.6780017
0.6776818
0.6765488
0.6763156
0.675789
0.675088
0.6728753
0.6745742
0.6759411
0.6764532
0.6760564
0.6742892
0.6712286
0.6649096
0.665703
0.6689426
0.6690848
0.6666117
0.6669932
0.6685232
0.6677134
0.6693033
0.6684188
0.6656614
0.6621822
0.6545341
0.6467335
0.6434788
0.6403188
0.635733
0.6323413
0.6307775
0.6268548
0.6202275
0.617055
0.6136366
0.6129615
0.6124587
0.6110226
0.6161935
0.6171448
0.6174485
0.6191005
0.6225391
0.6280388
0.6255387
0.6206296
0.6229673
0.6265693
0.6231531
0.6168161
0.6157736
0.6235697
0.6299359
0.6354706
0.6456088
0.6530242
0.6502689
0.6541372
0.6629821
0.6573727
0.6545687
0.6536935
0.6485988
0.6497704
0.6508507
0.6525987
0.6583775
0.659114
0.6593407
0.6580438
0.655433
0.6542398
0.6519741
0.6498241
0.6406344
0.6330797
0.6262865
0.6182119
0.6125437
0.60668
0.6033653
0.602889
0.5984369
0.595385
0.5984377
0.595061
0.5970018
0.5989345
0.5899797
0.592296
0.5977606
0.5931154
0.5913082
0.5903587
0.5844509
0.5821167
0.5848506
0.5893705
0.5933514
0.5957608
0.6037122
0.6118327
0.6207013
0.6320237
0.64324
0.6500287
0.6578069
0.6653305
0.6669038
0.6733793
0.6714502
0.6641537
0.6595241
0.6525508
0.6509406
0.6495962
0.6422315
0.6371856
0.6391359
0.6393603
0.6402094
0.637886
0.6271281
0.6258595
0.6241011
0.6207725
0.6229334
0.62092
0.6215004
0.6231971
0.6217763
0.6224739
0.6277604
0.6296463
0.631996
0.6421899
0.6448263
0.6493574
0.6545261
0.6483977
0.6606153
0.6790255
0.6872594
