0.844
0.835
0.876
0.867
0.892
0.886
0.869
0.903
0.899
0.875
0.902
0.884
0.878
0.9
0.885
0.917
0.902
0.938
0.934
0.943
0.962
0.958
0.962
0.976
0.953
0.97
0.975
0.977
0.938
0.966
0.931
0.889
0.887
0.869
0.849
0.856
0.836
0.867
0.867
0.882
0.898
0.879
0.88
0.902
0.881
0.885
0.911
0.915
0.926
0.887
0.912
0.877
0.906
0.884
0.902
0.898
0.911
0.906
0.89
0.896
0.901
0.906
0.94
0.938
0.94
0.954
0.921
0.929
0.946
0.922
0.946
0.925
0.913
0.907
0.914
0.9
0.925
0.901
0.913
0.912
0.916
0.922
0.9135002
0.889
0.878
0.857
0.9238048
0.9735944
0.9326718
0.9345611
0.9787093
0.9442449
0.8967139
0.9129529
0.9198565
0.9662933
0.9425841
0.857
0.899
0.918
0.952
0.916
0.954
0.944
0.95
0.951
0.929
0.964
0.985
0.985
0.97
0.995
0.998
0.963
0.98
0.986
0.953
0.967
0.98
0.965
0.951
0.955
0.926
0.921
0.94
0.945
0.921
0.954
0.968
0.931
0.954
0.962
0.947
0.968
0.975
0.96
0.98
0.998
0.968
0.965
0.982
0.94
0.955
0.952
0.88
0.877
0.899
0.917
0.895
0.897
0.926
0.926
0.915
0.947
0.95
0.935
0.95
0.929
0.927
0.912
0.9
0.916
0.893
0.909
0.921
0.905
0.916
0.934
0.917
0.934
0.927
0.908
0.935
0.938
0.93
0.951
0.949
0.923
0.951
0.952
0.924
0.954
0.962
0.933
0.95
0.949
0.901
0.922
0.923
0.896
0.929
0.934
0.916
0.935
0.924
0.919
0.936
0.938
0.918
0.937
0.927
0.925
0.925
0.899
0.924
0.921
0.911
0.921
0.905
0.932
0.935
0.921
0.95
0.942
0.884
0.854
0.875
0.877
0.851
0.863
0.868
0.837
0.87
0.845
0.839
0.845
0.872
0.876
0.887
0.912
0.916
0.876
0.874
0.875
0.881
0.886
0.891
0.895
0.903
0.89
0.875
0.823
0.832
0.898754
0.8903598
0.83
0.872
0.906
0.902
0.906
0.906
0.909
0.906
0.869
0.888
0.896
0.91
0.905
0.892
0.891
0.868
0.866
0.873
0.894
0.899
0.907
0.914
0.914
0.892
0.889
0.853
0.867
0.869
0.862
0.885
0.907
0.893
0.925
0.932
0.934
0.916
0.922
0.911
0.881
0.879
0.883
0.88
0.834
0.852
0.859
0.863
0.867
0.864
0.832
0.851
0.862
0.876
0.884
0.894
0.881
0.901
0.908
0.903
0.9
0.872
0.877
0.88
0.85
0.868
0.836
0.857
0.869
0.887
0.891
0.893
0.893
0.9
0.897
0.858
0.877
0.856
0.868
0.874
0.892
0.88
0.9
0.901
0.878
0.893
0.896
0.882
0.912
0.926
0.875
0.893
0.883
0.88
0.842
0.835
0.849
0.87
0.879
0.891
0.893
0.896
0.895
0.886
0.866
0.882
0.875
0.866
0.828
0.84
0.86
0.883
0.911
0.914
0.914
0.897
0.867
0.878
0.873
0.862
0.812
0.819
0.841
0.831
0.861
0.875
0.7810152
0.8421627
0.8027603
0.7308067
0.8009038
0.7646547
0.744442
0.833
0.831
0.841
0.7532303
0.7272816
0.7319784
0.823
0.7280015
0.808
0.783
0.759
0.764
0.756
0.745
0.739
0.718
0.71
0.703
0.695
0.679
0.672
0.659
0.652
0.641
0.633
0.63
0.625
0.62
0.607
0.604
0.595
0.595
0.596
0.588
0.582
0.578
0.571
0.572
0.572
0.565
0.563
0.564
0.561
0.558
0.555
0.559
0.558
0.546
0.545
0.542
0.546
0.546
0.545
0.544
0.542
0.539
0.548
0.544
0.538
0.535
0.532
0.531
0.533
0.528
0.525
0.524
0.527
0.521
0.522
0.522
0.524
0.524
0.52
0.519
0.52
0.518
0.52
0.519
0.517
0.519
0.508
0.514
0.516
0.518
0.511
0.513
0.505
0.512
0.513
0.514
0.515
0.517
0.507
0.513
0.51
0.509
0.506
0.51
0.503
0.503
0.501
0.498
0.507
0.507
0.505
0.502
0.502
0.511
0.506
0.507
0.4484452
0.502
0.499
0.498
0.498
0.497
0.498
0.495
0.497
0.502
0.499
0.498
0.491
0.492
0.49
0.498
0.491
0.489
0.484
0.486
0.483
0.484
0.49
0.482
0.486
0.487
0.483
0.484
0.481
0.477
0.479
0.481
0.478
0.474
0.479
0.474
0.481
0.478
0.472
0.474
0.475
0.472
0.47
0.473
0.473
0.468
0.469
0.465
0.47
0.468
0.467
0.47
0.472
0.465
0.467
0.468
0.467
0.463
0.461
0.467
0.463
0.468
0.461
0.463
0.466
0.4958271
0.46
0.46
0.463
0.459
0.462
0.462
0.459
0.458
0.456
0.459
0.462
0.463
0.46
0.458
0.464
0.462
0.459
0.461
0.462
0.459
0.46
0.462
0.456
0.462
0.459
0.459
0.457
0.459
0.453
0.457
0.456
0.464333
0.457
0.45
0.459
0.455
0.453
0.454
0.454
0.447
0.459
0.457
0.45
0.453
0.456
0.451
0.454
0.453
0.453
0.453
0.458
0.448
0.456
0.455
0.453
0.451
0.456
0.455
0.456
0.451
0.453
0.459
0.453
0.451
0.461
0.459
0.449
0.453
0.456
0.45
0.453
0.452
0.457
0.448
0.457
0.447
0.453
0.455
0.454
0.452
0.454
0.455
0.45
0.452
0.458
0.459
0.462
0.457
0.462
0.461
0.467
0.463
0.461
0.464
0.467
0.467
0.465
0.468
0.474
0.473
0.471
0.471
0.475
0.475
0.475
0.47
0.476
0.476
0.477
0.477
0.479
0.479
0.479
0.478
0.48
0.485
0.485
0.485
0.487
0.492
0.5
0.51
0.518
0.511
0.519
0.534
0.541
0.539
0.529
0.544
0.567
0.552
0.55
0.556
0.589
0.585
0.57
0.593
0.591
0.582
0.604
0.592
0.594
0.602
0.615
0.601
0.586
0.579
0.572
0.558
0.545
0.545
0.548
0.557
0.562
0.571
0.576
0.563
0.558
0.559
0.562
0.564
0.576
0.58
0.6
0.588
0.59
0.582
0.568
0.566
0.562
0.556
0.562
0.577
0.599
0.621
0.5798225
0.649
0.628
0.64
0.661
0.663
0.671
0.645
0.634
0.631
0.628
0.626
0.611
0.596
0.601
0.615
0.609
0.617
0.638
0.631
0.638
0.628
0.635
0.613
0.602
0.6
0.615
0.625
0.629
0.62
0.621
0.652
0.6957058
0.731
0.698
0.668
0.711
0.6797212
0.738
0.694
0.71
0.6653428
0.743
0.715
0.719
0.719
0.753
0.714
0.695
0.683
0.709
0.755
0.716
0.682
0.682
0.72
0.717
0.703
0.676
0.686
0.711
0.706
0.694
0.681
0.663
0.641
0.7381085
0.7393754
0.66
0.699
0.719
0.746
0.731
0.704
0.671
0.7514927
0.7494709
0.664
0.707
0.754
0.75
0.747
0.696
0.685
0.674
0.685
0.712
0.709
0.687
0.721
0.733
0.703
0.694
0.77
0.762
0.721
0.7771589
0.7618124
0.774
0.761
0.78
0.753
0.787
0.79
0.762
0.789
0.789
0.755
0.741
0.742
0.755
0.77
0.769
0.796
0.84
0.848
0.83
0.853
0.869
0.837
0.837
0.876
0.869
0.814
0.826
0.822
0.79
0.759
0.749
0.764
0.787
0.77
0.789
0.816
0.813
0.803
0.826
0.85
0.821
0.832
0.858
0.844
0.827
0.854
0.851
0.819
0.832
0.848
0.824
0.825
0.857
0.841
0.814
0.834
0.858
0.848
0.842
0.86
0.842
0.869
0.868
0.866
0.896
0.872
0.9
0.89
0.856
0.872
0.858
0.844
0.86
0.821
0.821
0.843
0.82
0.852
0.857
0.839
0.87
0.868
0.838
0.855
0.846
0.826
0.833
0.821
0.815
0.786
0.789
0.809
0.794
0.795
0.822
0.82
0.813
0.836
0.838
0.809
0.823
0.834
0.804
0.817
0.826
0.84
0.82
0.82
0.847
0.831
0.828
0.852
0.832
0.829
0.846
0.828
0.815
0.837
0.831
0.824
0.832
0.801
0.802
0.78
0.797
0.801
0.782
0.806
0.8
0.788
0.796
0.795
0.767
0.776
0.744
0.8158931
0.8140141
0.747
0.799
0.862
0.842
0.809
0.806
0.818
0.852
0.859
0.842
0.84
0.863
0.88
0.852
0.834
0.857
0.825
0.849
0.834
0.825
0.846
0.822
0.84
0.854
0.831
0.856
0.835
0.854
0.837
0.839
0.859
0.854
0.844
0.823
0.829
0.841
0.843
0.809
0.809
0.784
0.767
0.8082321
0.821495
0.763
0.782
0.812
0.861
0.837
0.834
0.827
0.809
0.798
0.803
0.807
0.842
0.868
0.882
0.853
0.878
0.895
0.878
0.867
0.884
0.88
0.853
0.86
0.869
0.858
0.848
0.865
0.871
0.845
0.855
0.863
0.845
0.841
0.847
0.846
0.827
0.849
0.846
0.823
0.842
0.841
0.827
0.842
0.849
0.829
0.843
0.861
0.866
0.855
0.862
0.853
0.832
0.829
0.827
0.834
0.823
0.805
0.819
0.794
0.786
0.805
0.793
0.772
0.788
0.788
0.761
0.791
0.77
0.779
0.805
0.786
0.785
0.759
0.757
0.758
0.739
0.723
0.722
0.765385
0.8599413
0.8328343
0.7678
0.7872167
0.7849279
0.8189037
0.725
0.731
0.733
0.738
0.72
0.746
0.782
0.79
0.81
0.824
0.84
0.832
0.8
0.816
0.842
0.857
0.823
0.8
0.8
0.813
0.806
0.816
0.827
0.838
0.839
0.82
0.827
0.824
0.813
0.794
0.801
0.784
0.783
0.799
0.794
0.779
0.791
0.774
0.776
0.761
0.746
