0.8700407
0.8342912
0.7852182
0.7878926
0.8011095
0.8238989
0.8583207
0.8879541
0.9066124
0.8979352
0.8705413
0.8753858
0.878505
0.8637133
0.860266
0.8768717
0.8940512
0.8864049
0.8646494
0.8601144
0.8807827
0.8890064
0.8849031
0.8622266
0.8564252
0.877791
0.8799667
0.8744649
0.8456412
0.8117138
0.8215516
0.8333947
0.8423545
0.8586731
0.8395586
0.7989395
0.8010763
0.8352949
0.8614864
0.8776764
0.8930776
0.8991876
0.884334
0.880285
0.8816697
0.8722333
0.8639897
0.8613823
0.8402946
0.8122992
0.8109165
0.8255596
0.8444082
0.8636673
0.8665258
0.8312558
0.8104944
0.8255353
0.8314742
0.8408826
0.8564061
0.858933
0.8393988
0.8214353
0.8339482
0.8478109
0.8535751
0.8668297
0.8707836
0.8488724
0.832004
0.8441866
0.8611249
0.8607342
0.8660044
0.8723729
0.8357064
0.7981168
0.7980181
0.813491
0.8200598
0.8140627
0.802195
0.7849831
0.775673
0.7745334
0.7900148
0.8166102
0.8348864
0.8559067
0.8482754
0.8215239
0.8293245
0.8289656
0.8321146
0.8325149
0.7970714
0.7847874
0.7913428
0.8120175
0.8426761
0.866957
0.8746597
0.842517
0.831541
0.8550408
0.869414
0.8763456
0.8772594
0.8591245
0.8348426
0.8425695
0.8555758
0.8537087
0.8643246
0.8656625
0.8383228
0.8196017
0.8205503
0.8268641
0.8427299
0.8296166
0.8137457
0.8347891
0.8556576
0.8657589
0.8568138
0.8531736
0.8655276
0.8788761
0.8838343
0.8604646
0.8506695
0.865831
0.8694499
0.8721749
0.8618193
0.829911
0.8140532
0.8259085
0.8415273
0.8402536
0.8233113
0.8206293
0.8386117
0.8650388
0.8901743
0.9011139
0.8824753
0.859475
0.8779537
0.8787508
0.8482393
0.8177756
0.8162662
0.8437532
0.8276226
0.81877
0.8422509
0.8590195
0.8678747
0.8448673
0.8068009
0.805402
0.8268021
0.8367888
0.8521921
0.8443757
0.825935
0.8446802
0.8536753
0.845116
0.8516904
0.8674756
0.8733076
0.8621114
0.8604792
0.8645301
0.85503
0.8453958
0.8529981
0.8661991
0.8639752
0.8417375
0.8162015
0.8143611
0.8209681
0.8254816
0.8267232
0.8213765
0.8210543
0.8372598
0.8534216
0.8576358
0.8612428
0.8492296
0.8305994
0.8316492
0.840976
0.8448199
0.8539414
0.8465545
0.8109731
0.8001089
0.8144726
0.8278409
0.8531011
0.8510764
0.8196411
0.8144076
0.8241219
0.8355272
0.8468108
0.8488782
0.8302477
0.8060373
0.811847
0.8194589
0.8149562
0.8207116
0.8244025
0.8039326
0.7826462
0.8009553
0.8295266
0.8300281
0.8091612
0.7987536
0.826343
0.8624607
0.8730394
0.854373
0.8351565
0.8476631
0.8560862
0.8630057
0.8676636
0.8380489
0.8249861
0.8365822
0.8444565
0.843581
0.837871
0.8215574
0.7915706
0.7948091
0.8123177
0.8228153
0.8017159
0.7919492
0.8283315
0.8197931
0.8402135
0.8853939
0.8813411
0.8515533
0.8122038
0.8278936
0.8907816
0.9117145
0.9015013
0.8968725
0.8805155
0.860735
0.8432575
0.846989
0.8597139
0.8569477
0.8622417
0.8720451
0.8760568
0.8742244
0.8680343
0.8717531
0.87434
0.8709343
0.8678225
0.8632684
0.8496877
0.8386216
0.8504904
0.8612841
0.862981
0.8457564
0.820677
0.8261109
0.838875
0.8398996
0.8436091
0.8334142
0.8057145
0.7994162
0.8024369
0.7990317
0.7966029
0.7847697
0.7829107
0.8060478
0.8267351
0.8217742
0.8178231
0.8392599
0.8550622
0.8582878
0.8445737
0.8204676
0.8211031
0.8257497
0.8259255
0.8130181
0.7899674
0.788305
0.7975769
0.809859
0.8261258
0.8261776
0.8276713
0.8529957
0.8682771
0.8633127
0.8424153
0.834195
0.837401
0.8376956
0.8427057
0.8177271
0.7939689
0.8050088
0.8137733
0.8246696
0.8370434
0.8335707
0.8465524
0.8525916
0.8246802
0.8160876
0.8328181
0.8402999
0.8296701
0.8205158
0.8314155
0.8382209
0.8418024
0.8317333
0.8172669
0.8250857
0.8269312
0.8335567
0.8276304
0.8077046
0.8103426
0.8237469
0.8338111
0.8436022
0.8384019
0.8280502
0.8420708
0.8535388
0.8637153
0.8561584
0.8378309
0.8448565
0.8480518
0.8476614
0.8499033
0.8201547
0.7852421
0.7928501
0.8078366
0.8235538
0.8345582
0.836358
0.8164322
0.7956915
0.8165795
0.8069249
0.7752454
0.7726553
0.7738427
0.7645531
0.7628523
0.7797007
0.8001237
0.8132853
0.820699
0.8238688
0.8108549
0.79849
0.8074126
0.812254
0.8148414
0.8114298
0.7960338
0.8039653
0.8221142
0.8341623
0.8466027
0.8485215
0.8469901
0.8499752
0.8508353
0.8457239
0.8273128
0.817565
0.8332412
0.8500747
0.8576297
0.8657226
0.8515774
0.8259057
0.8308426
0.8353653
0.8293099
0.8319308
0.8359793
0.824468
0.8063916
0.8089245
0.8207393
0.8326019
0.8305923
0.8102814
0.8054826
0.8164141
0.8243757
0.8340112
0.8312983
0.811599
0.8059915
0.8283729
0.8289621
0.799534
0.803495
0.8085964
0.7797256
0.7599082
0.7695702
0.7945707
0.8013664
0.7953431
0.7944936
0.771312
0.7489711
0.7457661
0.736899
0.7240114
0.718899
0.7187104
0.7075185
0.6928898
0.6832262
0.6770232
0.6729525
0.6590319
0.6539129
0.6447113
0.6613975
0.6891106
0.6536135
0.6393575
0.6469813
0.6446264
0.6472965
0.6542309
0.6657228
0.6639198
0.6602393
0.6588426
0.6592678
0.6517872
0.6430222
0.6464564
0.6456136
0.6453809
0.6535071
0.6582474
0.655173
0.6513248
0.6560863
0.6593438
0.6565916
0.6511936
0.6482838
0.650813
0.6541785
0.6511556
0.6440827
0.6489383
0.6585419
0.6567778
0.6515353
0.6528431
0.6582067
0.664882
0.6653767
0.6563604
0.6524406
0.6543767
0.649038
0.6412932
0.6378273
0.6373699
0.6408485
0.6349423
0.627058
0.6300947
0.6304719
0.6265026
0.6191675
0.6177914
0.6251743
0.6284236
0.6230704
0.6151664
0.6165806
0.6176343
0.6124972
0.6073727
0.6050537
0.6125569
0.6153335
0.6076743
0.6070618
0.607291
0.6073368
0.6103484
0.6050937
0.6038922
0.606527
0.6045689
0.5989485
0.5890863
0.5866644
0.5879794
0.5893865
0.587947
0.5856264
0.5928028
0.5941529
0.5892291
0.589989
0.5919161
0.5931004
0.5915996
0.5885353
0.5864311
0.5857531
0.5850613
0.5796232
0.5781062
0.5794684
0.5776179
0.5752401
0.5717885
0.5726368
0.5739913
0.5720305
0.5710512
0.5709608
0.5732816
0.5743429
0.5716345
0.5716786
0.572042
0.5699815
0.5668857
0.565419
0.5654325
0.5646298
0.5643646
0.5624688
0.5618305
0.5630683
0.5628827
0.5609857
0.5591527
0.561109
0.5614599
0.5597541
0.5580299
0.556172
0.5580171
0.5553136
0.5512076
0.5517633
0.5511414
0.5498871
0.5469017
0.5443559
0.5446905
0.5452911
0.5445898
0.5423689
0.5418524
0.541996
0.5399215
0.5370801
0.5372347
0.5385759
0.5362236
0.5339894
0.5318027
0.5282623
0.526903
0.5282136
0.5274509
0.5246717
0.5244787
0.5254989
0.5265239
0.526324
0.5257933
0.5273051
0.5285704
0.5261667
0.5241356
0.5248522
0.5251117
0.5248717
0.5240875
0.522912
0.5232481
0.5247108
0.5241127
0.5230105
0.5252153
0.5309292
0.5391956
0.5465871
0.5479989
0.5449436
0.5432587
0.5515973
0.5773894
0.6025582
0.600634
0.5914023
0.5904338
0.5864073
0.5839134
0.5818067
0.5783284
0.5789717
0.5819776
0.5794935
0.5759205
0.5749392
0.5731118
0.5719025
0.5722473
0.5759583
0.5809738
0.5816344
0.579458
0.5797056
0.5823878
0.5844537
0.5833726
0.5795071
0.5733737
0.5711591
0.5760591
0.5862849
0.6019447
0.6111436
0.60852
0.6136333
0.6360391
0.6493258
0.6365588
0.6257649
0.6339108
0.6491637
0.6558582
0.6464162
0.6339947
0.6327772
0.6370283
0.6310906
0.6236297
0.625651
0.6281151
0.6289465
0.6244269
0.6191161
0.6267025
0.6378554
0.6384746
0.6291451
0.6269929
0.6405249
0.6550635
0.6603737
0.6517142
0.6499231
0.6697187
0.6807101
0.6695193
0.652652
0.6451673
0.6503509
0.6584374
0.6545055
0.6427228
0.6444782
0.6541573
0.6620149
0.6619796
0.6497371
0.6420245
0.6476188
0.6616261
0.6672432
0.6628283
0.6580632
0.6619598
0.6749805
0.6713179
0.6606435
0.6649799
0.6761144
0.6912094
0.6941875
0.6795565
0.6691449
0.6726197
0.6867396
0.6919617
0.6817025
0.6716557
0.6720929
0.683295
0.6842336
0.6651209
0.6611199
0.6867695
0.7089777
0.7078069
0.687375
0.665266
0.6598559
0.6696247
0.7000784
0.7346535
0.735001
0.7275178
0.750142
0.7766033
0.7668254
0.7444118
0.7481074
0.7602669
0.7544623
0.7410001
0.7409538
0.7534124
0.7595545
0.7498003
0.7465293
0.7721961
0.7880416
0.7623337
0.7463136
0.7557237
0.7540711
0.7375662
0.7285915
0.7438044
0.7621282
0.7496917
0.7308077
0.7396165
0.7557304
0.746217
0.7279068
0.7312561
0.7491127
0.7597572
0.7446548
0.7243881
0.7303367
0.7470779
0.74111
0.7279419
0.7407484
0.7636244
0.7546391
0.7349693
0.7389154
0.752184
0.7545673
0.7432332
0.7342103
0.7387813
0.7465664
0.7339299
0.7204889
0.7305764
0.7481486
0.7438136
0.7291318
0.7395754
0.7619803
0.769939
0.7625181
0.7561343
0.7659205
0.7738262
0.7601484
0.7458069
0.7524536
0.766016
0.7605003
0.7415669
0.7312786
0.7353969
0.7444485
0.7358418
0.7189982
0.7111069
0.7116818
0.689083
0.6929458
0.7726296
0.760145
0.6959872
0.7156065
0.7291595
0.7229927
0.7381012
0.7695276
0.7829421
0.7664287
0.7502343
0.7441725
0.7406933
0.7274054
0.7089505
0.7030154
0.7014835
0.6966712
0.6966834
0.7070558
0.7440115
0.7943322
0.8096263
0.7975227
0.7976159
0.8139613
0.8137092
0.7968689
0.7996213
0.8063033
0.8015666
0.796532
0.8002986
0.8094381
0.800966
0.7881739
0.7913746
0.7940181
0.7898724
0.7717629
0.7480056
0.7309316
0.7163997
0.7202049
0.7365101
0.7415898
0.751858
0.7840038
0.8105424
0.8044683
0.7895916
0.7966658
0.8108246
0.8045251
0.7869331
0.7830568
0.7800445
0.770125
0.7607645
0.7591653
0.7668891
0.7616924
0.746691
0.7487241
0.7654076
0.7690879
0.7623128
0.7630832
0.7701898
0.7686213
0.7598021
0.7630484
0.7694325
0.7671743
0.7574285
0.7535927
0.7605226
0.7628792
0.7579497
0.7543631
0.7536248
0.7534464
0.7490356
0.7433475
0.7461676
0.7571825
0.7684992
0.7630488
0.7584981
0.7718445
0.7814142
0.7801872
0.7725327
0.77144
0.7773237
0.7716973
0.7640704
0.766191
0.7752837
0.7831078
0.7736795
0.7679207
0.7736968
0.7774747
0.7757756
0.7672537
0.7654233
0.7728801
0.7819911
0.7743714
0.7572645
0.7557452
0.7643097
0.7726072
0.7770711
0.7890432
0.8075303
0.799049
0.7691058
0.7487517
0.7418063
0.7368451
0.7381669
0.7521588
0.7743848
0.796008
0.7929988
0.7944672
0.817325
0.827549
0.8185472
0.8026261
0.7995575
0.804058
0.8116533
0.8085008
0.8031088
0.819591
0.82784
0.8189161
0.8237839
0.8508608
0.8584356
0.8394655
0.8284759
0.8377187
0.8415114
0.8240106
0.8131707
0.8082757
0.7987937
0.7891164
0.7744466
0.7622518
0.7645833
0.7654241
0.7610141
0.7330623
0.7383729
0.7965157
0.81042
0.7765054
0.7406877
0.7589915
0.7896318
0.7917318
0.8039754
0.8330995
0.8505983
0.8329985
0.8154054
0.8127698
0.8156358
0.8190125
0.8133891
0.8093797
0.8126165
0.8153324
0.8064996
0.7954326
0.7980834
0.8059514
0.8062104
0.7999382
0.8006506
0.8096337
0.8202549
0.8207919
0.8189055
0.823032
0.8158351
0.7948412
0.7846197
0.7928693
0.7983492
0.7966773
0.7964486
0.804276
0.8142232
0.8131099
0.809269
0.8109332
0.8207222
0.8283993
0.8264644
0.8313969
0.8379085
0.8403571
0.8345004
0.82976
0.8395095
0.8492167
0.8512467
0.8465832
0.8527279
0.8612076
0.8564606
0.8384733
0.8217233
0.8218631
0.821497
0.8122001
0.7930642
0.7803495
0.7839603
0.7877486
0.784835
0.7793053
0.7835906
0.7930608
0.7933148
0.7832167
0.7777397
0.7767809
0.7745658
0.7731744
0.7598228
0.7483818
0.7575941
0.7675037
0.7561542
0.7463512
0.7606923
0.7741733
0.7835251
0.7860564
0.7771551
0.7809765
0.7960833
0.8029914
0.7886953
0.7768798
0.7846084
0.785144
0.7716193
0.7631514
0.7640688
0.7736228
0.7882178
0.7906585
0.7890364
0.7973139
0.8053056
0.8063404
0.7935545
0.7827609
0.7853349
0.7864112
0.7834124
0.7785692
0.7823608
0.790129
0.78614
0.7647544
0.7467032
0.7556942
0.7682889
0.7751194
0.7758257
0.760541
0.7517812
0.7663605
0.7793275
0.7807675
