0.9095163
0.8764177
0.8783463
0.8977329
0.8858911
0.8834806
0.916934
0.9081973
0.8773357
0.8952844
0.906371
0.8867295
0.9029567
0.9137874
0.8897918
0.9069765
0.9343286
0.9065455
0.8875032
0.9254663
0.9222129
0.8867024
0.9084245
0.9282483
0.9033585
0.9014623
0.9522823
0.9481742
0.9164542
0.9542572
0.9316543
0.8982991
0.9206261
0.9110843
0.9235262
0.9157263
0.8979701
0.9340133
0.9275118
0.901951
0.933629
0.9378973
0.9169102
0.9544624
0.9597597
0.9303546
0.9731539
0.9727797
0.9264334
0.9575294
0.9661333
0.93501
0.9575077
0.9609644
0.9243312
0.9499449
0.9523264
0.912999
0.9474662
0.9608418
0.9268495
0.9438419
0.9436528
0.9036491
0.911054
0.9193355
0.904874
0.8999203
0.8942051
0.8909269
0.8991561
0.8820905
0.861266
0.8705568
0.8639412
0.8642969
0.8610888
0.8720179
0.9063455
0.911177
0.917453
0.9407098
0.9227792
0.8890656
0.9064883
0.9161372
0.8961037
0.9214458
0.9347319
0.9078497
0.9241249
0.9353693
0.9371359
0.9371768
0.9107123
0.904541
0.8959503
0.8808736
0.8808965
0.8735559
0.8804997
0.8874448
0.8812203
0.8829548
0.8860094
0.9024384
0.9079626
0.8980017
0.9014497
0.8950604
0.8951093
0.8801351
0.8522584
0.8500589
0.8375336
0.8181497
0.8103946
0.8008747
0.7997414
0.8087089
0.8256865
0.8552465
0.8691697
0.8946323
0.9004966
0.8873696
0.8848882
0.8739626
0.8788568
0.8799192
0.9048216
0.9249317
0.9218685
0.9171573
0.8983263
0.9015148
0.9191715
0.9014022
0.8672998
0.8799321
0.8906319
0.878381
0.8834327
0.8865493
0.8805012
0.8643854
0.84431
0.8485631
0.8558882
0.8469428
0.8471974
0.8700478
0.8759138
0.8620407
0.860284
0.851667
0.8311229
0.8156195
0.8163523
0.8233359
0.8332895
0.8363582
0.8367069
0.8484287
0.8582334
0.8748206
0.8732034
0.8684403
0.8695342
0.8503505
0.8620223
0.8680041
0.8627871
0.885355
0.8783844
0.8741668
0.8971542
0.9082718
0.8946953
0.8757734
0.8858158
0.898918
0.9056787
0.8881616
0.8643317
0.8557889
0.8493082
0.8671639
0.8798144
0.8888228
0.9008597
0.9079338
0.9074776
0.8914691
0.8912514
0.8798472
0.8624181
0.87107
0.8872351
0.8911685
0.8831681
0.8688259
0.8530263
0.8549976
0.8715141
0.8700791
0.8615822
0.8683702
0.8723846
0.876915
0.8650549
0.8686017
0.8716937
0.859385
0.8721872
0.880798
0.8690696
0.8726825
0.8642989
0.8489885
0.8650346
0.8563293
0.8550956
0.8657327
0.8630308
0.8803158
0.8749459
0.8452213
0.8547563
0.8542008
0.842685
0.8493485
0.8410371
0.8359139
0.8345298
0.8162419
0.8024624
0.8078576
0.8172436
0.8344843
0.8607394
0.8680354
0.8707011
0.9048905
0.9082646
0.8724421
0.8760096
0.9052489
0.8942438
0.8765581
0.906688
0.9069083
0.8762338
0.9048875
0.9116836
0.896416
0.912829
0.9121182
0.9164689
0.9321389
0.9158827
0.8811445
0.8927175
0.9167342
0.9139888
0.896759
0.8895512
0.9134194
0.9085792
0.9000307
0.9092334
0.9039759
0.9211868
0.9230278
0.9068559
0.8980366
0.8778733
0.8627488
0.8308591
0.8096617
0.8698158
0.8790851
0.8100148
0.8201812
0.8440716
0.8385728
0.8830599
0.8959742
0.8799351
0.9100258
0.9344111
0.9290072
0.915745
0.9237478
0.888157
0.8652804
0.9015236
0.9153006
0.9053726
0.8937783
0.9155984
0.9414505
0.9250387
0.9006276
0.9013607
0.8971266
0.9068607
0.9172177
0.8919421
0.8892862
0.9166553
0.8963723
0.8822504
0.9173201
0.8995287
0.884963
0.9242283
0.914397
0.8849016
0.913984
0.9218953
0.9000879
0.9226087
0.9178106
0.8903809
0.9193856
0.9220692
0.8897844
0.9098934
0.9181807
0.8943549
0.9091912
0.9041658
0.8950448
0.9192644
0.9177047
0.8951048
0.9044591
0.9139963
0.8967173
0.9153618
0.9212081
0.9082352
0.9165711
0.8966383
0.8660248
0.8632512
0.8604721
0.8522275
0.8429654
0.8506284
0.8599531
0.8415366
0.8441991
0.8605056
0.8667247
0.8652307
0.8515247
0.8432984
0.8437999
0.8463143
0.8395969
0.8447445
0.8644511
0.8553074
0.8380807
0.8372636
0.848684
0.8458651
0.8347053
0.841634
0.8457274
0.8521579
0.8556461
0.8584809
0.8457486
0.8285505
0.8424316
0.8555006
0.8484423
0.8382879
0.8503248
0.8486109
0.8352207
0.8577386
0.866891
0.8519341
0.8797573
0.8807152
0.8617043
0.9043898
0.9184993
0.8990709
0.8927418
0.9076919
0.9206657
0.9306625
0.9410507
0.9254973
0.914428
0.9003266
0.8881187
0.8843241
0.8667816
0.8558061
0.8870652
0.8945541
0.8772042
0.9047803
0.9020338
0.8879556
0.9087349
0.9105752
0.9232595
0.9213668
0.895473
0.8954147
0.9046822
0.8930103
0.8757021
0.8742606
0.8682996
0.8811234
0.8922774
0.8954827
0.9021195
0.8936875
0.8866531
0.878934
0.8759823
0.8608115
0.8375395
0.8442779
0.8553638
0.8558785
0.8513464
0.8396751
0.8562897
0.8593103
0.8519988
0.8771156
0.887181
0.8785485
0.8741713
0.8958609
0.8902217
0.8589942
0.8590975
0.8576466
0.856658
0.8538448
0.8450175
0.8517644
0.8562109
0.8440618
0.8394626
0.8629815
0.8653405
0.8505242
0.8534882
0.8430886
0.8132863
0.8157447
0.826053
0.8126455
0.8164759
0.815942
0.797779
0.7906666
0.7850451
0.7658054
0.7541441
0.7418383
0.7324917
0.7287724
0.7283071
0.71417
0.714925
0.6947727
0.6734007
0.6949579
0.6697459
0.7149885
0.7698049
0.7305651
0.7247905
0.6966681
0.6930135
0.751441
0.7063386
0.6715531
0.6521827
0.6353493
0.6817996
0.6877787
0.6444359
0.6472192
0.6646747
0.6589882
0.6634169
0.6503288
0.6592489
0.6435771
0.6733998
0.6835459
0.6599457
0.6690112
0.6757904
0.6645004
0.6420284
0.635082
0.6724903
0.6808731
0.6506923
0.6654909
0.6669137
0.6642502
0.6582316
0.6645937
0.6638286
0.6515316
0.6547457
0.661333
0.6586047
0.6464638
0.6456651
0.6508363
0.6466774
0.6394892
0.6390576
0.6506668
0.6402875
0.6498652
0.6477474
0.6534675
0.6134937
0.6350401
0.6910663
0.5913893
0.6397878
0.6690106
0.6288678
0.6440998
0.6309346
0.6437768
0.6408468
0.6386019
0.6314292
0.6547602
0.6109637
0.6234683
0.679074
0.6686218
0.6811037
0.6741154
0.6811456
0.6752263
0.6559965
0.6569069
0.668296
0.63364
0.6464333
0.6684691
0.6257971
0.6108654
0.6434932
0.6716793
0.5928503
0.618668
0.6638591
0.6168835
0.6352749
0.6021255
0.5974838
0.6253375
0.6002523
0.6209963
0.6361667
0.6159325
0.6183608
0.6046411
0.6260674
0.6237136
0.5913358
0.6021777
0.5921002
0.5927548
0.5989781
0.593001
0.5926096
0.6107346
0.6222202
0.5924718
0.5952724
0.606917
0.5976901
0.5965573
0.5951683
0.6030891
0.6027854
0.5922612
0.5928672
0.5985392
0.6006817
0.5964213
0.5891587
0.5979569
0.6035938
0.5942767
0.5926663
0.5970203
0.5956934
0.5935016
0.5924207
0.5939306
0.599105
0.6015737
0.5925325
0.5889362
0.5956876
0.5926557
0.5889274
0.592232
0.5978531
0.5951868
0.5872129
0.5872311
0.5895699
0.5938321
0.5910189
0.5858852
0.5924453
0.5914238
0.5829168
0.5758999
0.5704487
0.5708171
0.5742394
0.5732368
0.567821
0.5676779
0.5723295
0.5755076
0.5752975
0.5704027
0.5715332
0.5781055
0.580852
0.5797883
0.5740812
0.5747191
0.5766131
0.5813553
0.5833905
0.5780892
0.5824513
0.584795
0.5824652
0.5825271
0.5847038
0.5893231
0.5924975
0.5867388
0.5821482
0.5847211
0.5807151
0.5802193
0.5832149
0.5852495
0.5895225
0.5836326
0.58833
0.6116762
0.6208181
0.6229474
0.6219579
0.6211566
0.6285992
0.6232999
0.6065972
0.6084664
0.6306105
0.6421982
0.6528996
0.6495156
0.6270554
0.6390066
0.6688168
0.6647873
0.6773616
0.7028533
0.6932239
0.6702947
0.660582
0.6851617
0.700074
0.7057111
0.7327647
0.7608705
0.7448341
0.7161232
0.7304646
0.7270758
0.7043415
0.7069128
0.7299986
0.7396742
0.7183838
0.7099115
0.7241957
0.7353686
0.7258866
0.7146758
0.7283936
0.7470594
0.7386268
0.727391
0.7322951
0.7258172
0.7123306
0.7018377
0.739028
0.7895094
0.7795749
0.786076
0.8235422
0.8149802
0.7807918
0.7810754
0.8033824
0.8094447
0.7933936
0.7889987
0.8136786
0.8241435
0.8048978
0.8140599
0.8419606
0.8275522
0.8319169
0.8478335
0.8287176
0.8220449
0.83865
0.8355776
0.8142696
0.8163527
0.8313929
0.8245514
0.8062998
0.8180125
0.8319053
0.8193887
0.8263765
0.843979
0.8236623
0.8138001
0.8473171
0.846993
0.8344019
0.8457283
0.8202566
0.7902832
0.7780498
0.77901
0.8078763
0.8328236
0.8272547
0.8350811
0.8704957
0.8634443
0.8342813
0.8441095
0.856802
0.8290126
0.8291177
0.8745359
0.8784264
0.8524592
0.8769861
0.9138736
0.8864804
0.8882438
0.9325203
0.9174502
0.8847143
0.9046858
0.9215904
0.8765988
0.8658244
0.909501
0.8983895
0.8754738
0.8940424
0.9001229
0.9257784
0.9200019
0.8728495
0.8755635
0.8992361
0.8793676
0.8589733
0.8834199
0.8690936
0.859939
0.8577656
0.8432242
0.8679294
0.8638815
0.8357668
0.8478262
0.8528366
0.8507515
0.8699024
0.8693652
0.8627226
0.8785632
0.8896491
0.8967142
0.8972313
0.8709992
0.8503608
0.8348171
0.8312717
0.8309833
0.8341236
0.8244127
0.8095019
0.8247694
0.8231797
0.8353209
0.8650335
0.8644093
0.8440662
0.8659124
0.875852
0.8596207
0.8663283
0.8391447
0.8504451
0.8675811
0.8474592
0.8599426
0.8726826
0.8711896
0.8621406
0.8289842
0.8182592
0.8421521
0.8307057
0.8228116
0.8224683
0.8110863
0.8339773
0.8513797
0.831307
0.8422843
0.8900033
0.9008124
0.8956899
0.8818919
0.8797576
0.9223106
0.9299335
0.8964865
0.8798705
0.9074371
0.9129244
0.8829728
0.8956281
0.9155367
0.9006221
0.8750991
0.8916182
0.88413
0.8648801
0.8886517
0.88603
0.883274
0.8994172
0.8980421
0.8931246
0.9122467
0.8967245
0.87349
0.8816051
0.8847781
0.8822354
0.8596335
0.8733298
0.8833152
0.8605861
0.8598327
0.8508832
0.8514003
0.8534813
0.8422295
0.852312
0.8598811
0.837795
0.8367503
0.8502387
0.8525974
0.8466944
0.8488663
0.8628165
0.8283939
0.832459
0.8613043
0.8340052
0.8290436
0.8607822
0.8934949
0.9049877
0.902001
0.873295
0.8410337
0.8634054
0.8839641
0.8644342
0.8697954
0.8738355
0.8584866
0.8554961
0.8312805
0.8169909
0.8273389
0.8484698
0.8865063
0.8797932
0.875123
0.8978537
0.8899338
0.8934903
0.8948541
0.8890442
0.8863908
0.8652192
0.866546
0.8576047
0.8616116
0.8785359
0.871821
0.8916214
0.8918723
0.8893403
0.9020571
0.9011022
0.8952181
0.8749422
0.8504526
0.8574798
0.8645972
0.8511552
0.8504355
0.8634207
0.8778785
0.8906435
0.9061208
0.9232939
0.9235002
0.8912826
0.8812798
0.9069207
0.9004932
0.8728535
0.880528
0.8970215
0.9022384
0.9198055
0.923708
0.914382
0.91341
0.900542
0.8729516
0.8623482
0.8904369
0.8875028
0.8655496
0.8690894
0.8901179
0.8983207
0.8894367
0.9087865
0.9011401
0.9141097
0.9321789
0.9080808
0.9003918
0.9010128
0.8971044
0.8849029
0.8954963
0.8826275
0.8758967
0.8852804
0.8542789
0.8522169
0.8435946
0.824487
0.8367426
0.8367329
0.8211472
0.8160836
0.836361
0.8483158
0.8420878
0.8544737
0.8557968
0.8468482
0.8844178
0.8876959
0.8532027
0.8692326
0.8819863
0.888093
0.903846
0.8945729
0.8648493
0.8458621
0.8509704
