1.021389
1.014542
1.043285
1.0674
1.086372
1.076847
1.052353
1.055349
1.062374
1.066608
1.056943
1.047534
1.062571
1.082881
1.083598
1.062633
1.048899
1.049034
1.038956
1.048082
1.060196
1.049073
1.048804
1.046057
1.049763
1.051174
1.022737
1.017837
1.038263
1.053041
1.055337
1.043828
1.045387
1.047451
1.05197
1.055506
1.05119
1.059442
1.072427
1.066733
1.045462
1.033304
1.044383
1.060457
1.048772
1.05376
1.082183
1.084072
1.085638
1.075407
1.052176
1.051637
1.060547
1.064774
1.04877
1.027088
1.025138
1.034869
1.047421
1.077097
1.09516
1.070023
1.042547
1.042812
1.047273
1.061695
1.064066
1.05049
1.066028
1.092622
1.099665
1.079138
1.072528
1.082563
1.090081
1.090529
1.069604
1.062747
1.0682
1.069403
1.068803
1.064611
1.076693
1.076732
1.075734
1.083752
1.06381
1.050308
1.056672
1.058914
1.076076
1.078363
1.047721
1.042924
1.036232
1.043038
1.041849
1.010031
1.018323
1.046412
1.079367
1.061488
1.019065
1.037842
1.075214
1.06579
1.029354
1.055063
1.083845
1.084251
1.082416
1.051888
1.040868
1.042738
1.041308
1.0385
1.032339
1.024664
1.036382
1.055337
1.048188
1.041315
1.039741
1.046034
1.053293
1.041353
1.028953
1.039124
1.053212
1.050699
1.041706
1.047445
1.052313
1.032302
1.005349
1.004786
1.018597
1.026384
1.032453
1.044321
1.055871
1.04452
1.03867
1.053301
1.085591
1.076107
1.022542
1.040343
1.054373
1.073443
1.096122
1.054528
1.047469
1.050612
1.064435
1.074076
1.045364
1.049683
1.05542
1.054808
1.057292
1.038346
1.03686
1.049417
1.064582
1.070436
1.048625
1.024018
1.033989
1.052954
1.045292
1.040797
1.038329
1.042216
1.05408
1.048815
1.047732
1.059028
1.060136
1.065107
1.065127
1.04669
1.038583
1.044638
1.061255
1.059961
1.038717
1.038864
1.051918
1.068692
1.08237
1.055262
1.018039
1.044371
1.075753
1.080289
1.070116
1.046008
1.057641
1.064172
1.064344
1.062977
1.03488
1.035271
1.050103
1.063357
1.067188
1.051171
1.054514
1.068974
1.067896
1.051629
1.057145
1.076546
1.09574
1.098207
1.071797
1.078718
1.089136
1.088883
1.082445
1.058365
1.062839
1.055733
1.06659
1.071454
1.042984
1.060426
1.086025
1.081326
1.048337
1.039556
1.054003
1.051666
1.045232
1.060121
1.081177
1.081317
1.061033
1.046192
1.047264
1.046038
1.030107
1.009225
1.018642
1.025187
1.013007
0.9996788
1.002322
1.020296
1.008996
0.9965953
1.012837
1.032044
1.027575
1.004881
1.01067
1.016817
1.014838
1.015819
1.013136
1.01767
1.014735
1.031991
1.03933
1.007391
1.000642
1.015618
1.017767
1.007541
1.009429
1.019461
1.035259
1.036483
1.02772
1.045923
1.044345
1.056876
1.07667
1.068872
1.072828
1.077554
1.066387
1.070261
1.075204
1.056873
1.064823
1.070209
1.061244
1.059015
1.048893
1.053785
1.048459
1.026546
1.030142
1.042047
1.044797
1.041746
1.042067
1.032026
1.031932
1.04556
1.05333
1.06745
1.061669
1.049542
1.04479
1.040449
1.050606
1.055816
1.037251
1.045514
1.048124
1.02111
1.022672
1.023464
1.022182
1.016733
1.029248
1.016057
0.9860989
0.9942283
0.9780608
0.9883433
0.9930782
0.9508277
0.9221338
0.9169572
0.9295452
0.9467393
0.9343594
0.9259156
0.9124629
0.8934026
0.906809
0.8908825
0.863183
0.867088
0.8728355
0.859194
0.88158
0.8924279
0.8696653
0.8961343
0.9001364
0.882729
0.8710056
0.8525489
0.8428178
0.8260753
0.8157043
0.8470874
0.8639102
0.8064088
0.7795022
0.7704744
0.766308
0.7568414
0.7505947
0.7844576
0.7732387
0.7554388
0.757681
0.7422527
0.7246346
0.7423292
0.7319938
0.6972269
0.7236867
0.7463384
0.7156787
0.7161223
0.7272762
0.6986612
0.7066781
0.723758
0.6853579
0.6818154
0.7005854
0.6917038
0.7060181
0.7047381
0.6672448
0.6510173
0.6973222
0.6706319
0.6355254
0.7087546
0.6679237
0.626316
0.7051609
0.6815451
0.6264225
0.6636323
0.6840942
0.6284156
0.6319627
0.6639304
0.6276017
0.6640148
0.6768139
0.6395402
0.6769951
0.6641604
0.6383099
0.6714472
0.6455647
0.6238649
0.660907
0.6413453
0.6235934
0.6490271
0.6385626
0.6267002
0.6295951
0.6253566
0.6340577
0.6145498
0.5992913
0.6352777
0.630891
0.6113393
0.6148669
0.6145176
0.6107355
0.6103724
0.6072259
0.6075412
0.6032
0.5901381
0.6066456
0.6079676
0.5982542
0.6019385
0.5980716
0.5950025
0.5963944
0.6004946
0.6001468
0.5980244
0.5969109
0.6006679
0.6014378
0.5946595
0.593876
0.5947651
0.5978228
0.5871386
0.5780707
0.5999916
0.6029435
0.5882595
0.5903034
0.5876362
0.5921861
0.5880776
0.5746778
0.5917877
0.5919584
0.5800167
0.5802987
0.5770088
0.5792697
0.5836785
0.5816989
0.582184
0.5874364
0.582911
0.5765477
0.5800335
0.5833695
0.5772268
0.5700699
0.5737808
0.5795901
0.5726982
0.5705101
0.5749849
0.5739369
0.572053
0.5688141
0.5675246
0.5661251
0.5641662
0.5659362
0.5635195
0.5632518
0.5640942
0.5600432
0.5580351
0.5569881
0.5548763
0.5566719
0.561053
0.557371
0.555384
0.5595059
0.5636014
0.5627714
0.5596098
0.5559573
0.5614402
0.5683087
0.5614983
0.5569316
0.558261
0.5628954
0.5601714
0.5566809
0.5534993
0.5536748
0.5575407
0.5522803
0.5524746
0.5505465
0.5495285
0.5517372
0.5506491
0.5544843
0.5472093
0.5468246
0.5528146
0.5462174
0.5475922
0.5463185
0.5492106
0.5589871
0.5520507
0.5471236
0.5461159
0.545708
0.5510781
0.5460366
0.5430675
0.5442686
0.5420323
0.5463597
0.5490785
0.5469741
0.5427495
0.5485894
0.5573836
0.552164
0.5551553
0.5619242
0.5768583
0.5734196
0.5826389
0.619853
0.5997988
0.6081422
0.6460365
0.6468724
0.6438068
0.6237167
0.6350805
0.6427302
0.634816
0.6702099
0.6476453
0.6356112
0.6678012
0.6516869
0.6709423
0.7114371
0.6866776
0.6756584
0.7035926
0.7228992
0.7335823
0.7111442
0.7014777
0.7309531
0.7123848
0.6808263
0.7232531
0.7376847
0.7244908
0.7203552
0.7321956
0.778221
0.7932687
0.8015247
0.8007261
0.784382
0.7909264
0.8045082
0.7990468
0.7855499
0.7740659
0.7656413
0.7700011
0.7821821
0.7924307
0.794045
0.7965761
0.8021209
0.8149512
0.8246457
0.812446
0.8183764
0.838276
0.8368167
0.8160526
0.8028795
0.8293765
0.8452456
0.8208853
0.8149266
0.8148863
0.8417831
0.8967924
0.9064866
0.9061784
0.8849477
0.8527706
0.8518064
0.8651244
0.8622335
0.8426458
0.8537111
0.8738947
0.8621262
0.8531474
0.8479815
0.8719671
0.8983358
0.8605927
0.8291431
0.8507192
0.8816947
0.8654766
0.8586246
0.875812
0.855827
0.8846912
0.9440052
0.9082629
0.8813571
0.8594625
0.8790529
0.9666069
0.9743025
0.9448683
0.943974
0.9566123
0.9441515
0.9354852
0.9436555
0.9522484
0.9496682
0.9485719
0.9695147
0.9769753
0.9633037
0.9549822
0.9735731
0.9717124
0.9577215
0.9740449
0.9812232
0.972869
0.972927
0.9856099
0.9933293
0.9839237
0.9737414
0.9826042
0.9809388
0.9627767
0.9579117
0.9668581
0.970849
0.9643349
0.9775657
0.9804403
0.9735196
0.9843999
0.9879017
0.9840169
0.9688761
0.9688238
0.9818579
0.9765209
0.9744446
0.969262
0.9528453
0.9438286
0.9501129
0.9514201
0.9419042
0.9439971
0.9472211
0.9438663
0.9411096
0.9501613
0.9551377
0.9472
0.9473121
0.962799
0.9624144
0.9769471
1.014293
0.9836785
0.9524816
0.9470817
0.9401983
0.9592609
0.9715666
0.9656859
0.965682
0.9861068
0.9881654
0.9704777
0.9696603
0.9826605
0.9949428
0.9963004
0.9896063
0.9936172
0.9915138
0.9826404
0.9865554
0.9924586
0.9996649
0.9871272
0.982965
0.9968479
0.9979946
0.9991654
1.002951
1.010311
1.014045
1.00528
0.9941459
1.001366
1.00583
0.9987549
0.9938937
1.000688
1.016703
1.010567
1.003014
1.012169
1.010505
1.0077
1.016299
1.013498
1.007351
1.001869
1.010388
1.019407
0.9975372
0.9945078
1.002624
1.00236
1.001604
0.9903196
0.994376
1.009049
1.014558
1.022043
1.031571
1.015067
1.004972
1.017362
1.005772
0.9940846
1.005498
1.023628
1.02106
1.004807
1.005069
1.013967
1.006243
1.000787
1.0097
1.008774
0.9965603
0.9952573
1.007338
1.007845
1.019108
1.016471
1.009491
1.015968
0.995756
0.9710452
0.9651388
1.006687
1.033982
1.007691
1.009614
1.016618
1.000734
0.9893938
0.9919451
1.008158
1.008011
0.986572
0.9882898
1.005482
1.00263
0.9947244
0.9981136
1.007703
1.00744
0.9985
1.001858
1.009205
1.00669
0.9988527
0.9995004
1.013563
1.017282
1.006323
0.9928007
0.9902318
0.9944526
1.010066
1.036565
1.038177
1.019992
1.024204
1.034211
1.026503
1.02549
1.030112
1.026408
1.027589
1.038435
1.045099
1.036786
1.032785
1.040926
1.043808
1.036369
1.029517
1.046069
1.047779
1.024764
1.021812
1.031999
1.024302
1.016373
1.031373
1.022345
1.00842
1.014977
1.021636
1.022095
1.008711
0.9999727
1.001419
0.9920481
0.9768723
0.9924544
1.006004
0.9971744
0.9942728
1.003568
1.011442
1.015103
1.009358
1.012074
1.028994
1.026934
1.019578
1.016344
1.014925
1.008251
0.9948635
0.9932664
0.9994222
1.00369
0.998164
1.001967
1.024924
1.019151
1.003758
0.9995095
1.009753
1.012157
0.9948523
1.000569
1.007096
0.9986599
0.9895088
0.9926168
0.9974387
0.9947086
0.9943997
1.00013
0.9885094
0.9790831
0.999472
1.009924
1.00171
0.9847313
0.987961
0.9991914
0.9872053
0.9731832
0.9706403
0.9786504
0.99046
0.9834418
0.9755658
0.9919923
0.9928007
0.985556
0.9948312
1.014923
1.008525
1.005368
