0.991387
0.9837845
0.9771456
0.9776817
0.971815
0.9734838
0.9785791
0.9710222
0.9879627
0.9838274
0.9838181
0.9969207
0.9880174
0.9969249
0.9949878
0.9919871
1.005815
0.9969926
1.004974
1.008599
0.9938928
1.007617
1.002929
0.9940853
1.000512
0.9923503
0.9993924
0.9946172
0.9859636
0.988653
0.9817138
0.9849988
0.9793449
0.9788567
0.9778913
0.9673498
0.9809588
0.9824537
0.9796835
0.988391
0.9819335
0.9880718
0.9882988
0.9860715
0.9902327
0.9832909
0.9862285
0.9713738
0.9548475
0.9580098
0.9678364
0.9683323
0.966224
0.9798843
0.9772914
0.9778674
0.9835086
0.9879934
0.9913897
0.9807448
0.9868936
0.983456
0.9802152
0.9849562
0.9787128
0.9838162
0.9807974
0.9831569
0.9870508
0.973947
0.9823229
0.9870187
0.9838045
0.9948808
0.9863654
0.9929863
1.003022
0.9905974
1.000097
0.9990994
0.9898305
0.996972
0.9885862
0.9909953
0.9956615
0.9839529
0.9914615
0.9868439
0.9829244
0.9927594
0.9846638
0.9959604
1.001844
0.9961267
1.005495
0.9981148
1.002519
1.004601
0.9950502
1.002045
0.9954215
0.9790866
0.9858433
1.015662
1.011216
0.981207
0.9782228
0.9831865
0.9850801
0.9810253
0.9813294
0.9835144
0.9833989
0.9859716
0.9830812
0.988772
0.9854202
0.9891335
0.9967218
0.9899017
1.000292
1.000433
0.9919301
0.9938024
0.9887322
0.9915678
0.9963362
0.9850665
0.9869157
0.991378
0.9807334
0.9869335
0.9867228
0.9843977
0.9914744
0.981895
0.9873196
0.9879609
0.982069
0.988167
0.9834558
0.9901225
0.9895331
0.9887957
0.993444
0.9826902
0.9900925
0.9948452
0.9913459
1.00307
0.9988283
0.9942364
1.002004
0.9857139
0.9887295
1.004977
0.9946373
0.999336
0.9991778
0.9926341
0.9933168
0.9814023
0.982223
0.9820464
0.9805443
0.9855524
0.9791459
0.9832673
0.9828392
0.9797761
0.9866586
0.9816514
0.9893835
0.9920465
0.9833212
0.9932841
0.9907961
0.993692
0.9957292
0.986679
0.9935988
0.9888964
0.9936015
0.9989707
0.9888184
0.9951306
0.9930325
0.9885531
0.9961346
0.9874616
0.9867866
0.9915381
0.9827029
0.9908489
0.9929624
0.9851818
0.9900046
0.9858626
0.9879252
0.9892042
0.9795076
0.9843115
0.9821323
0.9849517
0.9902232
0.979962
0.9844052
0.9848003
0.9838524
0.9880367
0.9797585
0.9848586
0.9861188
0.9779034
0.9846544
0.9817706
0.9810307
0.9890978
0.9810751
0.9850149
0.988888
0.9787275
0.9854381
0.9834813
0.977136
0.985835
0.9840916
0.9886469
0.9903093
0.9872343
0.9931737
0.9826838
0.9859064
0.9895477
0.9829135
0.9867286
0.9772231
0.9801362
0.9846762
0.979484
0.9888979
0.981998
0.9806972
0.9896947
0.9821689
0.9850681
0.9820727
0.9798704
0.9871921
0.9802383
0.9878713
0.99608
0.9905147
0.9949461
0.9895563
0.9883869
0.9910774
0.9844775
0.9869224
0.983006
0.9868889
0.9912686
0.9799127
0.9823637
0.9843062
0.9781712
0.984687
0.9847763
0.98363
0.9908466
0.9819787
0.9866224
0.9951909
0.9850172
0.989301
0.9900027
0.9873384
0.987633
0.9817426
0.9736491
0.9704789
0.9584588
0.9667475
0.9841202
0.9654355
0.9713047
0.961475
0.9591234
0.9793209
0.9749672
0.9703825
0.9741494
0.9906644
0.9829653
0.9843655
0.9897212
0.9829072
0.9899245
0.9793909
0.9715813
0.9645261
0.9584722
0.9659591
0.9613306
0.9708761
0.9787395
0.9721153
0.9851001
0.9898111
0.9797145
0.9876653
0.9892868
0.9851537
0.9859235
0.973619
0.9797889
0.9824308
0.976438
0.986375
0.9823366
0.9857371
0.9925494
0.9834884
0.9856597
0.9837628
0.9773366
0.9817034
0.9773343
0.9759422
0.9792806
0.9735379
0.97657
0.978171
0.9745352
0.9785683
0.9733517
0.959854
0.973842
0.9840645
0.9705199
0.9714208
0.972676
0.9753803
0.9730299
0.9739
0.9774534
0.9655627
0.967926
0.96503
0.9497014
0.9547148
0.9554135
0.9531448
0.9658809
0.9657333
0.9690146
0.9778208
0.97513
0.975212
0.967478
0.9489363
0.9314962
0.9366053
0.9432683
0.9453772
0.9513894
0.9433618
0.9426605
0.9423595
0.9460409
0.9428311
0.9325504
0.9209262
0.909632
0.912282
0.9047267
0.910692
0.9090904
0.9003763
0.9000417
0.8928124
0.8964843
0.8979904
0.8950674
0.8940791
0.8949732
0.8903971
0.8963435
0.8918094
0.8847736
0.8910486
0.8803357
0.8692396
0.8749605
0.8830941
0.8773904
0.8721767
0.877353
0.8787145
0.8701723
0.8843381
0.8869295
0.8674755
0.8727279
0.8791972
0.8769583
0.8637256
0.8617825
0.8664024
0.8569244
0.8612009
0.8567527
0.8489383
0.8525803
0.8569814
0.8581117
0.8430901
0.8455542
0.8589564
0.847957
0.8349139
0.8423804
0.8425555
0.82683
0.8331075
0.8321961
0.8225814
0.8193108
0.8224764
0.8268655
0.8162037
0.8269917
0.8266366
0.8189625
0.8259906
0.8229985
0.8233672
0.8187396
0.8219847
0.8174719
0.8086125
0.8137843
0.8087404
0.8048575
0.803848
0.8135807
0.8095362
0.8019758
0.8135302
0.809297
0.8093258
0.8090157
0.8075174
0.8092955
0.7985718
0.8087696
0.8032273
0.7899603
0.7992315
0.7895789
0.7918718
0.7869117
0.7845824
0.7919468
0.7783065
0.7890103
0.7918419
0.7786101
0.7771842
0.7738164
0.7746237
0.7771139
0.7824489
0.7835403
0.7721531
0.7723796
0.7720264
0.7737911
0.7887884
0.7801353
0.7798214
0.7948406
0.7759135
0.7707896
0.7867313
0.7714518
0.7765126
0.7803991
0.7590222
0.7744413
0.7722345
0.7611529
0.7762204
0.7690595
0.7705766
0.771751
0.7673307
0.7770839
0.7674553
0.773679
0.776866
0.7627637
0.774315
0.7721592
0.7704094
0.773537
0.7653189
0.7769173
0.770997
0.7717983
0.7824459
0.776565
0.7882962
0.8058486
0.8124329
0.7858266
0.784413
0.8126127
0.8059603
0.7940509
0.8065107
0.8155685
0.8131396
0.8235028
0.8182011
0.8220624
0.8424151
0.846377
0.8497709
0.8396548
0.836012
0.8308081
0.834499
0.8561475
0.8582551
0.868166
0.8672722
0.8506266
0.8513034
0.8573315
0.8506967
0.8554807
0.8614691
0.8631235
0.8709337
0.8656239
0.8810027
0.8874253
0.8774116
0.8867999
0.8847847
0.8904406
0.8941262
0.8894213
0.8951307
0.8868392
0.8915653
0.8959994
0.8892558
0.8981388
0.8941027
0.8963154
0.9060618
0.8976433
0.9042363
0.9175986
0.9126313
0.9014866
0.9071724
0.9199136
0.9028544
0.8942726
0.9023602
0.8998927
0.9057314
0.9027091
0.9132862
0.9181113
0.9112583
0.9200206
0.9152743
0.9204817
0.9168268
0.9195367
0.9287907
0.9210922
0.9297519
0.9272227
0.9337599
0.9402529
0.9288444
0.9404924
0.9376398
0.938634
0.9479732
0.9339535
0.9391482
0.9392079
0.9361018
0.9448389
0.9330538
0.9377985
0.9400901
0.9263262
0.9379362
0.936415
0.9386279
0.948095
0.9370127
0.9504704
0.9573522
0.9525966
0.9641796
0.9693694
0.960609
0.942417
0.9469569
0.9483354
0.9470959
0.9487817
0.9413815
0.9479276
0.942499
0.943783
0.9460375
0.9470064
0.9513009
0.9441875
0.9507701
0.9483186
0.9522685
0.9583717
0.9460421
0.9480586
0.947577
0.9512233
0.9505169
0.9486169
0.9540204
0.9515065
0.9579079
0.955777
0.9613515
0.9653539
0.9599473
0.9659567
0.9654516
0.9718713
0.9710404
0.9622025
0.9625212
0.9593909
0.9589846
0.9541751
0.9575268
0.9607586
0.9617158
0.9617079
0.9574162
0.9568533
0.945766
0.9513775
0.9575367
0.9568235
0.9636078
0.9564937
0.9538801
0.9629832
0.9531549
0.9515781
0.9608323
0.9563019
0.9548934
0.9528436
0.9559653
0.9525339
0.955659
0.9625451
0.9479868
0.953612
0.9587362
0.9449156
0.9549513
0.9551426
0.947988
0.9576577
0.9509698
0.9477711
0.9523043
0.9487684
0.9641569
0.9665455
0.9497241
0.9598514
0.9561089
0.9474072
0.9503008
0.9473771
0.9561834
0.9518711
0.9559614
0.9646963
0.9513105
0.9588967
0.9635908
0.9600526
0.9674594
0.9582771
0.963508
0.9687032
0.9595733
0.9713583
0.9692426
0.9705142
0.9750765
0.9625261
0.9699835
0.9629803
0.9571832
0.9673372
0.9603306
0.9686159
0.9663205
0.9614738
0.9701608
0.9580041
0.9614815
0.9773399
0.9782618
0.9757769
0.9608734
0.9543624
0.9630013
0.9571
0.967522
0.9744915
0.9580202
0.9604651
0.9720104
0.9645026
0.955865
0.9679556
0.9757726
0.964482
0.9599801
0.9443869
0.9538962
0.9731806
0.9566137
0.9599137
0.9579104
0.9677937
0.9665611
0.9559441
0.9734359
0.9823162
0.9931365
0.9876939
0.9679271
0.9808278
0.9955758
0.983152
0.9868189
0.9868235
0.9820273
0.9894075
0.9882571
0.993783
0.9801546
0.9669528
0.9807949
0.9955543
0.9921824
0.9779324
0.9896994
0.9882763
0.9688471
0.9758166
0.9768982
0.9694909
0.9721867
0.9651033
0.9687383
0.9623633
0.9599537
0.9666955
0.9535564
0.9647617
0.9692064
0.9559575
0.9641412
0.9582769
0.9500561
0.9527647
0.9498174
0.9577491
0.9656849
0.9616135
0.9492082
0.9548783
0.9588566
0.9522958
0.9522384
0.9477609
0.9398807
0.930298
0.9406252
0.9503924
0.9472244
0.9564694
0.9580251
0.9549964
0.9508658
0.9450992
0.9344167
0.9263428
0.9368606
0.9435298
0.9321772
0.9278584
0.9353532
0.9289702
0.9394911
0.9489337
0.9452563
0.9426688
0.9426806
0.9362946
0.926355
0.9371885
0.9359986
0.9325788
0.9310426
0.9270797
0.9361767
0.929949
0.9250674
0.9281731
0.9157773
0.9093123
0.9159853
0.9326287
0.9336269
0.9252037
0.9337953
0.9372817
0.9428625
0.9524123
0.954528
0.9531644
0.9465934
0.9474309
0.9362791
0.9227612
0.9382622
0.9458824
0.9428482
0.942729
0.9404677
0.9383508
0.9391372
0.9337198
0.9306734
0.9380318
0.9396578
0.9349879
0.9314902
0.9358625
0.9374955
0.9413847
0.9435535
0.9410109
0.9350654
0.9288275
0.9367776
0.9423683
0.9440759
0.9465622
0.9431803
0.9490544
0.9390327
0.9255107
0.951072
0.9550686
0.9509321
0.9515713
0.9507735
