0.7264449
0.7174267
0.7266247
0.7274386
0.729645
0.7200226
0.7192434
0.727438
0.7292018
0.7322993
0.7362943
0.737855
0.7400641
0.7363964
0.72872
0.7301222
0.7421584
0.743424
0.7360852
0.7417818
0.7506902
0.7542758
0.7532739
0.7510471
0.75979
0.769472
0.7669809
0.7656933
0.7747215
0.7794049
0.7722152
0.7718894
0.7787665
0.7766256
0.7739231
0.7782728
0.7836385
0.7827945
0.7739251
0.7698627
0.7753586
0.7736606
0.7667723
0.7698467
0.7747248
0.7718893
0.7661947
0.7663375
0.7716792
0.7695114
0.7617025
0.7664044
0.7737699
0.7642759
0.7535481
0.7515496
0.7504475
0.7540525
0.7641311
0.7657973
0.7605438
0.7651567
0.7679508
0.7709649
0.7752539
0.7795253
0.7870375
0.7832016
0.7773461
0.7800052
0.779287
0.771695
0.7732931
0.7791706
0.775341
0.7733406
0.7821154
0.790374
0.7868976
0.7827611
0.7852832
0.7809486
0.7723717
0.7677226
0.7665501
0.7685077
0.7704308
0.7704272
0.7763393
0.7829701
0.7807904
0.780666
0.7820352
0.784365
0.7872985
0.786661
0.7875395
0.7871233
0.7850376
0.7827838
0.7792609
0.7756893
0.7723892
0.7751748
0.7760606
0.7722033
0.771909
0.7753758
0.77828
0.7721057
0.7721669
0.779308
0.7850718
0.7860424
0.778997
0.7809091
0.7854636
0.7812365
0.7793059
0.7849516
0.7841056
0.7771973
0.776115
0.7812267
0.7842066
0.7795544
0.7746589
0.7746429
0.7773419
0.7751578
0.7745041
0.7771862
0.7801536
0.780198
0.7760028
0.7796213
0.7838153
0.7821271
0.7798705
0.7815471
0.784131
0.785011
0.7836058
0.7850815
0.7861927
0.779734
0.777819
0.7778314
0.7741255
0.7698582
0.7684611
0.7683561
0.7666586
0.7664878
0.7686076
0.7680102
0.7561868
0.7424099
0.7424523
0.7449441
0.7454499
0.7439437
0.7404532
0.7438801
0.7500792
0.751452
0.7463313
0.7464372
0.7524142
0.758775
0.760552
0.7565064
0.7557863
0.7582579
0.7629303
0.7612063
0.7552055
0.7572298
0.7615804
0.7633353
0.7613546
0.7600241
0.7608218
0.7624164
0.7610307
0.7561535
0.757298
0.7582278
0.7592568
0.7591373
0.7561677
0.7569202
0.7602656
0.7590692
0.7542093
0.7551215
0.7554902
0.7559027
0.7545143
0.755298
0.7603392
0.7660995
0.7691788
0.7658683
0.7687369
0.7705461
0.767677
0.7662523
0.7648172
0.7630815
0.7620994
0.7595547
0.7567653
0.7583797
0.7582961
0.7602424
0.7633407
0.7604431
0.761154
0.7634122
0.7627088
0.7610715
0.7579964
0.7594095
0.7656994
0.7655074
0.7585742
0.7580174
0.7618549
0.7641053
0.7614127
0.7613466
0.7653206
0.7667428
0.7681972
0.7654156
0.7674836
0.7707429
0.7650896
0.7623896
0.7646554
0.7684622
0.7668478
0.7614419
0.7607679
0.764486
0.7649126
0.764612
0.7626925
0.7554399
0.7574003
0.7575705
0.7574253
0.7609681
0.7557092
0.7551049
0.7573855
0.7612961
0.7638825
0.7580501
0.7575839
0.7589787
0.7582327
0.757564
0.7543731
0.7539859
0.7547798
0.7554405
0.7552493
0.7517071
0.7539468
0.7564243
0.7570042
0.7586833
0.7550705
0.7544965
0.7550562
0.7553647
0.7562784
0.7503569
0.7517835
0.7586503
0.7614907
0.7587825
0.7514569
0.7532683
0.7549978
0.7556191
0.7545897
0.7509231
0.7554266
0.7624943
0.7651153
0.7616306
0.7653882
0.7696459
0.7710151
0.7711987
0.7660216
0.7696922
0.7713852
0.7713556
0.7697358
0.7637074
0.7645777
0.7651005
0.7651739
0.7622336
0.7593667
0.7649222
0.7641175
0.7594333
0.7595196
0.7628724
0.7645597
0.7570357
0.7538242
0.756989
0.7568488
0.7551486
0.7572559
0.7593369
0.7599113
0.7586463
0.7556091
0.7554382
0.7555437
0.7554538
0.7510985
0.7485389
0.7513956
0.7536012
0.7508821
0.7453362
0.7461131
0.7508565
0.7461795
0.7339916
0.7296674
0.7290666
0.731522
0.737233
0.744138
0.7448357
0.7417961
0.7474947
0.7532171
0.7546146
0.7521455
0.7523798
0.7587419
0.7606681
0.7596064
0.7692493
0.7721873
0.7664615
0.7687341
0.7721959
0.7714276
0.766511
0.7671354
0.7693903
0.7643095
0.7634348
0.76956
0.7675907
0.7640977
0.769112
0.7725074
0.7691615
0.7662113
0.7679063
0.7700204
0.7709253
0.7699283
0.7703701
0.7702749
0.7689504
0.7678478
0.7674259
0.7695715
0.7680434
0.7663214
0.7665163
0.7666384
0.7694957
0.7723722
0.771348
0.7743576
0.7768859
0.7720981
0.7724617
0.7741147
0.7719007
0.7690127
0.769422
0.7623539
0.7469948
0.7439572
0.7433471
0.7445389
0.7422027
0.7434322
0.7582576
0.7686644
0.7815323
0.7677487
0.740412
0.7439364
0.7488632
0.7476936
0.7512483
0.7570467
0.7592823
0.7524293
0.7514827
0.7562037
0.7588958
0.7598178
0.7559643
0.7578605
0.7637346
0.7674414
0.7691741
0.766774
0.7687387
0.771872
0.7733416
0.7721655
0.7680133
0.7660378
0.7650114
0.763934
0.7653877
0.7639894
0.7592843
0.761134
0.7646205
0.7720402
0.775926
0.7700803
0.7705835
0.7707131
0.7687715
0.7700877
0.7721296
0.7713558
0.7656367
0.7682505
0.770862
0.7718546
0.7690253
0.7604926
0.7631732
0.7650792
0.7610409
0.7568196
0.756759
0.7588941
0.7626208
0.7680433
0.7643278
0.7602643
0.762845
0.767237
0.7672151
0.7606411
0.7601442
0.7601203
0.7617943
0.7655061
0.7591283
0.757767
0.7585658
0.7590703
0.7581424
0.7532235
0.7506591
0.7473832
0.7524559
0.7487815
0.7505564
0.7520791
0.7350429
0.7403983
0.73118
0.7124141
0.7140638
0.72035
0.7313278
0.7257065
0.7233965
0.716653
0.7157883
0.7277928
0.7261026
0.7375723
0.7435126
0.7393341
0.7314253
0.7227325
0.7185901
0.7106907
0.7120007
0.7088354
0.7041702
0.7009799
0.683345
0.6764655
0.6730943
0.6681833
0.6702789
0.6633011
0.660567
0.6642415
0.6623638
0.656623
0.6559223
0.6555691
0.6526708
0.6501267
0.6481339
0.6477782
0.6461783
0.6448991
0.640717
0.6505499
0.6732141
0.6615974
0.6360998
0.6325751
0.6331867
0.6513783
0.6535241
0.6398096
0.6391418
0.6349058
0.6396062
0.629137
0.6213292
0.6243477
0.6202212
0.6206957
0.6225312
0.6219912
0.6192544
0.6176159
0.6165772
0.6174294
0.6163612
0.6147956
0.6152621
0.6156745
0.6175426
0.6203382
0.6193852
0.6178275
0.6192772
0.6217232
0.6198169
0.6164933
0.6187898
0.6231445
0.6223809
0.6176777
0.620006
0.6223075
0.6176436
0.6156915
0.6207091
0.6225554
0.6174457
0.6159329
0.6169562
0.6181753
0.6163743
0.6128994
0.6109925
0.6102372
0.6084211
0.6047218
0.6045027
0.6042716
0.603944
0.6027488
0.5982048
0.5960991
0.5980225
0.5964913
0.590527
0.5900323
0.5916294
0.5904119
0.5884705
0.5855431
0.583541
0.5835917
0.5832324
0.5807157
0.5783524
0.5777673
0.578223
0.5765635
0.5746201
0.5743756
0.5735693
0.5724531
0.5704286
0.5698414
0.5699634
0.5668949
0.5665325
0.5660247
0.5642884
0.5646165
0.5633056
0.5628641
0.5630304
0.5630608
0.5628193
0.5600317
0.5582203
0.5576598
0.5563846
0.5556254
0.5543053
0.5538559
0.5540509
0.5540183
0.5527859
0.550275
0.5498884
0.5500009
0.5478734
0.5463122
0.5444729
0.5416368
0.541543
0.5412568
0.5420582
0.5425993
0.5415782
0.5424435
0.5424436
0.5426961
0.5420718
0.5411266
0.5429695
0.5449489
0.5438027
0.5413027
0.5408031
0.5400661
0.5412695
0.5423857
0.5406591
0.5249682
0.5201132
0.5401208
0.5447405
0.5298502
0.524509
0.5399478
0.5391038
0.5293913
0.5302272
0.5322831
0.5319549
0.5318285
0.5295372
0.5281481
0.5370297
0.5337044
0.528347
0.529264
0.5267643
0.5264367
0.5275102
0.526302
0.5259793
0.5257491
0.5232868
0.522896
0.5240884
0.5226495
0.5205421
0.5238365
0.5321534
0.5323452
0.5222474
0.5185
0.5203428
0.5184165
0.5168636
0.5148026
0.5136244
0.5152441
0.5146542
0.5144927
0.5143639
0.5148438
0.5149043
0.5142749
0.5157703
0.5160569
0.5172071
0.516313
0.512901
0.5132859
0.5112742
0.5102723
0.5136428
0.5163746
0.5174311
0.5187958
0.5177197
0.5167791
0.5179444
0.5182402
0.5174617
0.5157365
0.5174259
0.5194468
0.5228238
0.5236348
0.5271971
0.529878
0.5163341
0.5169487
0.5367995
0.5351864
0.5293855
0.5330408
0.5353956
0.5404535
0.5412473
0.5420531
0.5426214
0.5415288
0.5425435
0.5444817
0.5442656
0.5417436
0.5437224
0.5469426
0.5470653
0.5502501
0.5534345
0.5569118
0.5630195
0.5656858
0.5664032
0.5686716
0.5735266
0.5793806
0.5846505
0.5858932
0.5853774
0.5854098
0.5813734
0.5846115
0.585115
0.5817501
0.585093
0.5846659
0.5902052
0.594827
0.5968685
0.6017341
0.6021986
0.6062471
0.6136626
0.6102885
0.6100962
0.6161818
0.6118797
0.6046789
0.612594
0.6261684
0.6207569
0.6197868
0.6186522
0.6078926
0.6020854
0.5936602
0.5878727
0.5938348
0.5971815
0.6030706
0.61088
0.6113998
0.6179578
0.6247045
0.6305367
0.6362047
0.6308948
0.6294094
0.6473358
0.6581704
0.6581807
0.659619
0.6504628
0.6548893
0.6609289
0.6422775
0.6307585
0.6412244
0.6590192
0.6572889
0.6531486
0.6516978
0.6448903
0.6419275
0.643761
0.6477813
0.6538976
0.6571177
0.6542213
0.6581614
0.6636156
0.6730248
0.6700247
0.6568519
0.6555217
0.6552124
0.6584253
0.656382
0.6503942
0.6538237
0.6602776
0.6666081
0.6623928
0.6597748
0.6603999
0.6592365
0.6659596
0.6594469
0.6554077
0.6651977
0.6729856
0.6853101
0.6828314
0.6743984
0.6753639
0.679174
0.6877961
0.6816777
0.6736466
0.6772582
0.6841873
0.6902789
0.6794708
0.6721473
0.6742272
0.6719368
0.6755191
0.6667175
0.6625333
0.6727346
0.6751786
0.6824142
0.6799713
0.6754206
0.6824052
0.6886957
0.6862848
0.6814822
0.6845854
0.6873066
0.6908927
0.6871324
0.6794258
0.6809953
0.687058
0.6839171
0.6766748
0.6798311
0.6882149
0.6844574
0.6764184
0.6765707
0.677525
0.6861938
0.6805794
0.6734918
0.6798573
0.6812709
0.6904173
0.6865172
0.6803042
0.6850292
0.6840335
0.6884782
0.682958
0.6753895
0.6783775
0.6684969
0.6563941
0.6570633
0.6630397
0.6621305
0.6595198
0.6657649
0.6730614
0.6756111
0.6720737
0.6693247
0.6729498
0.6846257
0.6834411
0.6780477
0.6813851
0.6818821
0.6929686
0.689661
0.6822792
0.683711
0.6830811
0.6955048
0.6944905
0.6868104
0.6922766
0.6976238
0.6957091
0.6906232
0.6872224
0.6884171
0.6966908
0.692931
0.6861257
0.6877026
0.6894916
0.7002625
0.7087415
0.7049602
0.7002388
0.6933314
0.688296
0.689763
0.6922898
0.6957566
0.6991939
0.6984099
0.6913206
0.6883877
0.689311
0.6899614
0.6941386
0.69546
0.6913702
0.6856248
0.6804393
0.6744073
0.6699079
0.6714104
0.6721954
0.6743425
0.6816661
0.6848929
0.6863627
0.6918007
0.6981301
0.7005237
0.7016933
0.7031164
0.7006648
0.6952401
0.6876236
0.6828085
0.682204
0.6784512
0.6793888
0.6830597
0.6831095
0.6882598
0.6933663
0.7001887
0.7061672
0.7069259
0.7102521
0.7124509
0.7126331
0.7111019
0.7113511
0.7145024
0.7131709
0.7121931
0.7081156
0.7024032
0.7071862
0.7089006
0.7043515
0.6982306
0.6877244
0.6762146
0.6760434
0.6912788
0.6989782
0.6858431
0.6725667
0.6784338
0.686833
0.6926249
0.7012123
0.7110863
0.7183384
0.7218412
0.7238182
0.7299625
0.7239763
0.7169781
0.7279663
0.7268068
0.715331
0.7090831
0.7169979
0.7081515
0.6919193
0.6950545
0.6957099
0.6965446
0.6938258
0.6896501
0.6926295
0.6961479
0.697887
0.6978955
0.6972533
0.6999505
0.7028692
0.707491
0.708799
0.7065337
0.7097077
0.7085986
0.7070485
0.7075176
0.711262
0.7093625
0.6980157
0.7033693
0.7148975
0.7101134
0.6992318
0.7029659
0.7102066
0.7086972
0.7018338
0.7001858
0.7077691
0.7130309
0.7125643
0.709574
0.714079
0.7193488
0.7252949
0.7187419
0.7111072
0.7219998
0.7239491
0.7160638
0.7056571
0.7102003
0.7194379
0.7144188
0.7052907
0.7049249
0.7171934
0.7185346
0.7141307
0.7169684
0.7210655
0.7248697
0.7236664
0.7228369
0.7249728
0.7283483
0.7212218
0.7030411
0.7059192
0.7125127
0.7089871
0.7088732
0.7137984
0.7084448
0.70222
0.7162539
0.717972
0.7142252
0.7195336
0.7202195
0.7154515
0.7153725
0.7169818
0.7153184
0.7189392
0.7183598
0.7139354
0.7153902
0.7173361
0.7133069
0.7112595
0.7125239
0.7147995
0.7056733
0.7002442
0.7183199
0.7181946
0.7071367
0.7100018
0.716213
0.7169996
0.7166699
0.7178163
0.71643
0.7209468
0.7245834
0.7222569
0.7210176
0.7219357
0.7231414
0.7214787
0.7165572
0.7169701
0.7175168
0.7135164
0.7083248
0.7061529
0.7077694
0.704827
0.6993041
0.6980114
0.7000219
0.6985804
0.6945432
0.6947849
0.6982246
0.6973057
0.6939017
0.6942915
0.6944958
0.6913649
0.6854842
0.6819103
0.6820917
0.681863
0.6800109
0.67811
0.6790712
0.679714
0.6782817
0.6767075
0.6753233
0.6780835
0.6793522
0.6756916
0.6767643
0.6788911
0.6759148
0.6722016
0.6709409
0.6732985
0.6743211
0.6705535
0.6687827
0.6668657
0.6655493
0.6684845
0.6703709
0.6717166
0.6732116
0.6704061
0.6713746
0.6617236
0.665607
0.7067895
0.7029813
0.6798428
0.6814063
0.688678
0.6907091
0.6666683
0.6611785
0.671661
0.6791875
0.6869936
0.6892383
0.6926535
0.6976184
0.6986997
0.6921797
0.6893283
0.6894809
0.6897189
0.6900959
0.6911619
0.6948579
0.6924813
0.6890704
0.6909348
0.6930907
0.694841
0.6928303
0.6926966
0.6961557
0.7000364
0.7004002
0.6967381
0.6964832
0.7007755
0.7015997
0.6963879
0.6961495
0.6963605
0.6994315
0.7016909
0.6963884
0.6982932
0.7011228
0.7045212
0.7044708
0.6978429
0.6997438
0.6994364
0.6982954
0.6969513
0.6902348
0.6891765
0.6918009
0.6930795
0.6906485
0.6886715
0.6892816
0.6908683
0.6896898
0.6865444
0.6865545
0.6874389
0.6885965
0.6893225
0.6930783
0.6942479
0.6887188
0.6889195
0.6917164
0.6890735
0.6861019
0.6860286
0.6858273
0.6863982
0.6874243
0.689907
0.6961597
0.696108
0.6922192
0.6907041
0.6882761
0.6846133
0.6804439
0.6798796
0.6787358
0.6776555
0.6781158
0.6758221
0.6776781
0.6809737
0.6787968
0.6775287
0.6794864
0.6815049
0.6823833
0.6826654
0.6877979
0.6893621
0.690425
0.6962954
0.6930185
0.6907769
0.6928872
0.692148
0.6941011
0.694484
0.6927024
0.6933697
0.6923836
0.6930361
0.6924092
0.6888343
0.6882365
0.6876991
0.6896254
0.6898728
0.6839808
0.6781746
0.6727055
0.6674354
0.6658083
0.6672745
0.667513
0.6710473
0.676606
0.6906349
