1.054
1.035
1.047
1.042
1.026
1.03
1.04
1.043
1.035
1.068
1.085
1.097
1.075
1.084
1.088
1.064
1.067
1.079
1.063
1.051
1.063
1.072
1.052
1.053
1.063
1.055
1.045
1.063
1.08
1.054
1.071
1.068
1.055
1.039
1.063
1.073
1.055
1.052
1.072
1.074
1.057
1.066
1.063
1.062
1.039
1.059
1.066
1.057
1.043
1.063
1.07
1.058
1.048
1.063
1.072
1.07
0.989
0.996
1.007
0.969
0.988
1.014
0.999
1.016
1.042
1.05
1.047
1.066
1.083
1.072
1.063
1.074
1.085
1.063
1.066
1.073
1.068
1.045
1.062
1.075
1.066
1.06
1.075
1.094
1.08
1.063
1.064
1.052
1.021
1.024
1.032
1.023
1.024
1.038
1.055
1.05
1.076
1.101
1.091
1.063
1.071
1.04
1.048
1.061
1.065
1.053
1.071
1.08
1.071
1.086
1.095
1.079
1.087
1.085
1.077
1.064
1.083
1.083
1.054
1.07
1.083
1.066
1.056
1.073
1.059
1.056
1.049
1.062
1.069
1.06
1.084
1.1
1.08
1.088
1.1
1.087
1.053
1.072
1.082
1.056
1.064
1.077
1.08
1.067
1.079
1.085
1.067
1.073
1.097
1.094
1.066
1.074
1.094
1.085
1.066
1.089
1.097
1.093
1.056
1.07
1.063
1.062
1.054
1.073
1.093
1.062
1.066
1.091
1.079
1.063
1.067
1.086
1.067
1.051
1.076
1.058
1.046
1.025
1.055
1.049
1.056
1.08
1.083
1.067
1.065
1.069
1.063
1.001
1.01
1.018
1.013
0.988
0.98
1.008
0.99
1.021
1.043
1.03
1.063
1.072
1.073
1.055
1.07
1.069
1.045
1.059
1.046
1.052
1.046
1.051
1.073
1.08
1.057
1.033
1.002
1.038
1.045
1.033
1.06
1.079
1.087
1.076
1.09
1.104
1.098
1.077
1.093
1.099
1.091
1.086
1.104
1.11
1.083
1.02
1.088233
1.018
1.028
1.043
1.045
1.059
1.086
1.11
1.121
1.124
1.144
1.143
1.138
1.134
1.14
1.129
1.103
1.117
1.121
1.114
1.101
1.106
1.11
1.078
1.091
1.107
1.118
1.101
1.121
1.142
1.154
1.155
1.147
1.166
1.159
1.137
1.145
1.155
1.16
1.148
1.137
1.156
1.165
1.145
1.15
1.161
1.163
1.103
1.113
1.156
1.141
1.146
1.144
1.14
1.138
1.138
1.137
1.138
1.139
1.129
1.146
1.149
1.144
1.148
1.139
1.126
1.138
1.148
1.125
1.122
1.14
1.138
1.115
1.128
1.136
1.125
1.115
1.126
1.137
1.129
1.113
1.147
1.15
1.172
1.123
1.125
1.13
1.125
1.103
1.101
1.093
1.055
1.096
1.091
1.079
1.106
1.113
1.093
1.089
1.109
1.104
1.087
1.095
0.9994506
1.079
1.079
0.9799217
0.973301
0.9666557
0.9600044
0.9533656
0.946758
0.9402001
0.9337105
0.9273077
1.005
0.9148371
0.9088063
0.9029367
0.8972469
0.947
0.908
0.889
0.869
0.85
0.842
0.798
0.768
0.786
0.768
0.8377779
0.8314043
0.734
0.739
0.724
0.716
0.703
0.7907995
0.783823
0.7768396
0.674
0.7629312
0.7560458
0.7492327
0.7425116
0.642
0.638
0.633
0.632
0.622
0.622
0.622
0.626
0.619
0.621
0.617
0.614
0.611
0.613
0.613
0.611
0.609
0.607
0.607
0.604
0.604
0.605
0.602
0.599
0.599
0.599
0.594
0.593
0.591
0.588
0.587
0.586
0.583
0.58
0.581
0.574
0.575
0.573
0.57
0.57
0.568
0.566
0.567
0.564
0.563
0.563
0.562
0.562
0.558
0.556
0.555
0.554
0.551
0.551
0.549
0.549
0.546
0.549
0.545
0.543
0.542
0.541
0.541
0.542
0.54
0.54
0.54
0.538
0.537
0.537
0.536
0.533
0.536
0.532
0.534
0.529
0.532
0.53
0.529
0.532
0.529
0.528
0.528
0.526
0.524
0.526
0.523
0.522
0.523
0.526
0.522
0.521
0.521
0.52
0.518
0.521
0.519
0.517
0.517
0.521
0.515
0.514
0.513
0.517
0.514
0.514
0.514
0.514
0.512
0.512
0.512
0.51
0.508
0.511
0.507
0.508
0.508
0.51
0.507
0.506
0.511
0.507
0.507
0.507
0.507
0.504
0.506
0.506
0.509
0.506
0.506
0.508
0.508
0.504
0.507
0.508
0.504
0.503
0.509
0.473
0.531
0.504
0.505
0.501
0.503
0.505
0.502
0.5
0.502
0.503
0.503
0.502
0.503
0.502
0.5
0.501
0.504
0.501
0.499
0.504
0.498
0.5
0.502
0.497
0.497
0.499
0.498
0.496
0.496
0.499
0.497
0.493
0.496
0.499
0.494
0.5252891
0.506
0.507
0.506
0.509
0.51
0.507
0.506
0.507
0.512
0.505
0.508
0.51
0.51
0.507
0.508
0.516
0.513
0.513
0.521
0.517
0.515
0.518
0.526
0.534
0.534
0.542
0.553
0.566
0.571
0.576
0.584
0.587
0.586
0.59
0.603
0.616
0.62
0.62
0.622
0.623
0.622
0.611
0.601
0.595
0.598
0.601
0.6
0.605
0.615
0.61
0.621
0.639
0.641
0.637
0.649
0.656
0.65
0.639
0.644
0.65
0.639
0.637
0.646
0.641
0.632
0.638
0.637
0.626
0.621
0.632
0.641
0.636
0.625
0.631
0.633
0.637
0.634
0.634
0.643
0.645
0.64
0.65
0.658
0.656
0.652
0.66
0.669
0.667
0.662
0.669
0.675
0.668
0.664
0.672
0.681
0.681
0.674
0.689
0.714
0.724
0.716
0.721
0.732
0.726
0.71
0.705
0.714
0.723
0.715
0.708
0.714
0.723
0.713
0.692
0.678
0.683
0.693
0.695
0.707
0.735
0.736
0.729
0.759
0.775
0.763
0.746
0.758
0.772
0.762
0.765
0.781
0.774
0.758
0.772
0.783
0.771
0.775
0.791
0.784
0.769
0.778
0.793
0.778
0.78
0.799
0.802
0.797
0.809
0.812
0.793
0.767
0.757
0.774
0.79
0.792
0.817
0.846
0.831
0.832
0.846
0.836
0.82
0.831
0.842
0.83
0.841
0.855
0.86
0.844
0.849
0.862
0.844
0.854
0.877
0.872
0.861
0.879
0.884
0.875
0.875
0.886
0.875
0.86
0.869
0.882
0.868
0.877
0.891
0.886
0.883
0.9
0.92
0.9
0.902
0.915
0.904
0.889
0.898
0.921
0.908
0.904
0.92
0.921
0.903
0.926
0.964
0.941
0.916
0.928
0.927
0.902
0.917
0.937
0.925
0.916
0.927
0.947
0.936
0.933
0.946
0.956
0.938
0.957
0.976
0.967
0.962
0.979
0.99
0.956
0.961
0.98
0.972
0.972
0.992
0.993
0.976
1.004
1.021
0.993
0.992
0.998
0.984
0.977
0.991
1.003
0.983
0.999
1.015
0.981
0.981
0.999
0.985
0.97
0.987
0.997
0.974
0.985
1.015
1.003
0.991
1.01
1.02
0.994
0.996
1.016
1.007
0.979
0.999
1.013
0.999
0.996
1.016
1.01
0.984
1.002
1.006
0.971
0.926
0.938
0.946
0.937
0.941
0.961
0.972
0.956
0.968
0.984
0.974
0.962
0.976
0.98
0.959
0.959
0.97
0.981
0.957
0.973
0.994
0.991
0.973
0.978
0.983
0.963
0.935
0.951
0.972
0.954
0.945
0.965
0.986
0.962
0.964
0.957
0.941
0.916
0.927
0.942
0.936
0.91
0.935
0.923
0.928
0.946
0.94
0.953
0.968
0.981
0.979
0.984
0.999
1.005
0.989
0.989
1.002
1.012
0.998
0.997
1.003
0.985
0.974
0.985
0.977
0.956
0.962
0.969
0.957
0.962
0.98
0.986
0.975
0.969
0.982
0.978
0.962
0.966
0.981
0.995
0.981
0.975
0.984
0.991
0.972
0.975
0.988
0.994
0.971
0.974
0.98
0.973
0.955
0.968
0.991
0.975
0.973
0.987
0.996
0.987
0.992
1.002
0.994
0.974
0.984
0.995
0.973
0.968
0.976
0.976
0.969
0.973
0.991
1.002
1.014
1.028
1.024
0.998
1.001
1.009
1.016
0.988
0.985
0.998
0.982
0.971
0.985
0.993
0.976
0.983
0.995
0.994
0.978
0.983
0.996
0.997
0.98
0.998
1.01
0.982
0.931
0.941
0.932
0.943
0.952
0.946
0.957
0.974
0.972
0.967
0.98
0.991
0.994
0.987
0.994
1.006
1.002
0.979
0.987
0.984
0.974
0.968
0.986
0.975
0.967
0.983
0.994
0.983
0.988
1.008
1.015
1.002
1.004
1.017
1.015
0.992
0.997
1.005
0.998
0.984
0.988
1.003
0.999
0.995
1.002
1.016
1.008
0.979
0.979
0.981
0.951
0.928
0.932
0.936
0.942
0.946
0.963
0.979
0.972
0.973
0.986
0.988
0.976
0.98
0.987
0.989
0.977
