0.933
0.901
0.868
0.888
0.881
0.87
0.845
0.842
0.875
0.902
0.911
0.884
0.849
0.858
0.873
0.865
0.836
0.864
0.889
0.889
0.864
0.872
0.873
0.88
0.857
0.846
0.863
0.881
0.87
0.847
0.881
0.894
0.896
0.901
0.876
0.852
0.868
0.872
0.855
0.841
0.86
0.87
0.855
0.831
0.845
0.883
0.908
0.902
0.852
0.838
0.814
0.8474567
0.8557329
0.9017661
0.862971
0.823
0.873
0.901
0.884
0.846
0.848
0.846
0.852
0.839
0.834
0.856
0.874
0.891
0.887
0.904
0.921
0.921
0.885
0.888
0.892
0.896
0.883
0.858
0.858
0.868
0.874
0.865
0.837
0.86
0.878
0.884
0.86
0.857
0.874
0.899
0.889
0.858
0.863
0.871
0.875
0.857
0.865
0.865
0.875
0.848
0.837
0.847
0.86
0.865
0.846
0.851
0.859
0.862
0.832
0.818
0.808
0.797
0.8
0.824
0.845
0.834
0.808
0.813
0.806
0.8
0.773
0.784
0.804
0.826
0.816
0.809
0.827
0.837
0.813
0.807
0.824
0.838
0.844
0.805
0.8
0.812
0.827
0.836
0.822
0.828
0.844
0.871
0.879
0.858
0.857
0.859
0.866
0.867
0.842
0.824
0.835
0.856
0.871
0.86
0.854
0.871
0.884
0.885
0.862
0.841
0.845
0.863
0.871
0.846
0.827
0.84
0.857
0.87
0.868
0.829
0.831
0.842
0.859
0.867
0.844
0.816
0.833
0.851
0.863
0.839
0.796
0.813
0.827
0.846
0.835
0.835
0.851
0.85
0.823
0.818
0.822
0.82
0.807
0.796
0.815
0.853
0.867
0.858
0.827
0.834
0.83
0.819
0.797
0.807
0.818
0.813
0.775
0.756
0.766
0.79
0.816
0.868
0.888
0.854
0.847
0.833
0.798
0.81
0.814
0.813
0.793
0.789
0.798
0.811
0.82
0.821
0.83
0.839
0.825
0.801
0.807
0.817
0.827
0.823
0.831
0.828
0.815
0.814
0.836
0.85
0.853
0.825
0.827
0.825
0.823
0.798
0.807
0.815
0.825
0.804
0.816
0.82
0.82
0.804
0.804
0.809
0.809
0.789
0.793
0.801
0.817
0.813
0.797
0.817
0.834
0.852
0.845
0.854
0.863
0.854
0.804
0.79
0.795
0.8
0.808
0.824
0.829
0.808
0.799
0.8
0.805
0.802
0.792
0.808
0.834
0.86
0.858
0.846
0.86
0.864
0.854
0.83
0.835
0.845
0.833
0.801
0.798
0.805
0.813
0.803
0.813
0.834
0.84
0.826
0.84
0.847
0.831
0.809
0.813
0.823
0.832
0.82
0.84
0.851
0.839
0.816
0.827
0.831
0.82
0.807
0.821
0.832
0.836
0.816
0.835
0.848
0.843
0.819
0.83
0.841
0.845
0.826
0.832
0.835
0.834
0.811
0.823
0.834
0.828
0.8
0.798
0.791
0.784
0.78
0.782
0.773
0.761
0.762
0.769
0.786
0.778
0.766
0.771
0.75
0.8223589
0.8633969
0.744
0.767
0.762
0.742
0.759
0.775
0.782
0.787
0.765
0.764
0.776
0.787
0.794
0.777
0.785
0.802
0.807
0.782
0.783
0.79
0.792
0.773
0.771
0.791
0.812
0.821
0.806
0.802
0.819
0.834
0.833
0.818
0.83
0.842
0.842
0.82
0.814
0.819
0.826
0.815
0.798
0.806
0.812
0.819
0.8
0.813
0.828
0.842
0.848
0.7847854
0.7380854
0.7509664
0.841
0.835
0.829
0.803
0.794
0.808
0.824
0.816
0.776
0.765
0.776
0.783
0.801
0.794
0.779
0.798
0.7164331
0.7572098
0.788
0.789
0.794
0.7253449
0.791
0.781
0.7197196
0.7100896
0.6907769
0.734
0.706
0.714
0.706
0.713
0.7
0.699
0.682
0.685
0.67
0.655
0.65
0.642
0.627
0.622
0.611
0.597
0.595
0.59
0.588
0.585
0.581
0.576
0.575
0.574
0.57
0.571
0.568
0.569
0.568
0.57
0.572
0.572
0.57
0.564
0.565
0.567
0.562
0.559
0.553
0.551
0.553
0.551
0.547
0.541
0.539
0.542
0.54
0.538
0.535
0.537
0.538
0.534
0.531
0.53
0.532
0.532
0.53
0.526
0.527
0.526
0.526
0.523
0.521
0.523
0.522
0.521
0.522
0.524
0.526
0.528
0.528
0.531
0.53
0.535
0.534
0.533
0.532
0.53
0.532
0.532
0.533
0.531
0.531
0.532
0.534
0.534
0.53
0.532
0.536
0.537
0.542
0.539
0.541
0.54
0.542
0.545
0.541
0.537
0.533
0.533
0.534
0.531
0.529
0.53
0.529
0.532
0.533
0.53
0.529
0.527
0.53
0.528
0.527
0.524
0.522
0.523
0.523
0.518
0.517
0.515
0.514
0.512
0.51
0.508
0.509
0.512
0.508
0.51
0.51
0.51
0.511
0.51
0.51
0.512
0.511
0.509
0.51
0.509
0.507
0.503
0.497
0.498
0.499
0.498
0.496
0.494
0.495
0.497
0.496
0.493
0.493
0.493
0.495
0.494
0.492
0.491
0.491
0.49
0.49
0.487
0.485
0.487
0.487
0.483
0.486
0.493
0.497
0.495
0.495
0.499
0.496
0.496
0.495
0.497
0.496
0.493
0.491
0.493
0.493
0.491
0.49
0.488
0.492
0.491
0.49
0.49
0.486
0.49
0.488
0.486
0.485
0.485
0.487
0.486
0.483
0.483
0.483
0.488
0.484
0.485
0.485
0.483
0.486
0.484
0.481
0.486
0.482
0.485
0.486
0.486
0.486
0.486
0.488
0.49
0.492
0.492
0.493
0.492
0.495
0.493
0.49
0.489
0.49
0.489
0.5493232
0.568
0.488
0.487
0.489
0.488
0.486
0.483
0.485
0.489
0.489
0.487
0.487
0.488
0.493
0.494
0.501
0.511
0.514
0.514
0.511
0.521
0.522
0.527
0.532
0.53
0.524
0.523
0.524
0.524
0.531
0.533
0.541
0.547
0.557
0.562
0.553
0.551
0.553
0.556
0.565
0.575
0.584
0.582
0.583
0.579
0.578
0.585
0.595
0.597
0.595
0.585
0.582
0.578
0.579
0.582
0.592
0.609
0.631
0.658
0.671
0.646
0.627
0.613
0.612
0.617
0.604
0.601
0.607
0.625
0.635
0.625
0.627
0.643
0.661
0.657
0.647
0.647
0.653
0.641
0.628
0.63
0.642
0.646
0.637
0.631
0.638
0.649
0.644
0.634
0.639
0.653
0.671
0.668
0.652
0.652
0.659
0.676
0.693
0.661
0.659
0.66
0.673
0.675
0.66
0.661
0.671
0.698
0.719
0.709
0.683
0.671
0.669
0.694
0.73
0.728
0.7
0.679
0.688
0.709
0.733
0.716
0.692
0.691
0.697
0.719
0.732
0.73
0.696
0.689
0.706
0.734
0.746
0.723
0.719
0.735
0.752
0.75
0.71
0.703
0.707
0.717
0.715
0.688
0.687
0.706
0.739
0.759
0.729
0.706
0.698
0.697
0.702
0.684
0.672
0.687
0.717
0.763
0.798
0.797
0.752
0.733
0.737
0.732
0.715
0.697
0.72
0.735
0.741
0.729
0.718
0.737
0.769
0.774
0.738
0.733
0.777
0.787
0.789
0.746
0.74
0.771
0.809
0.817
0.778
0.752
0.77
0.785
0.763
0.741
0.755
0.771
0.776
0.762
0.73
0.737
0.751
0.764
0.731
0.713
0.724
0.744
0.761
0.744
0.719
0.726
0.753
0.765
0.747
0.726
0.741
0.763
0.781
0.752
0.728
0.742
0.764
0.779
0.754
0.736
0.761
0.767
0.772
0.729
0.699
0.7760051
0.7126492
0.7821461
0.713
0.748
0.761
0.764
0.776
0.741
0.712
0.713
0.715
0.703
0.705
0.717
0.748
0.794
0.815
0.842
0.84
0.823
0.807
0.779
0.748
0.737
0.76
0.787
0.799
0.773
0.761
0.767
0.771
0.799
0.805
0.815
0.827
0.83
0.805
0.763
0.754
0.753
0.768
0.789
0.818
0.78
0.771
0.782
0.808
0.823
0.821
0.795
0.804
0.811
0.821
0.804
0.768
0.78
0.796
0.815
0.802
0.797
0.82
0.832
0.816
0.782
0.795
0.798
0.807
0.785
0.767
0.77
0.787
0.813
0.811
0.781
0.78
0.791
0.811
0.816
0.782
0.772
0.771
0.78
0.791
0.778
0.754
0.76
0.777
0.793
0.784
0.767
0.779
0.796
0.81
0.791
0.766
0.762
0.771
0.786
0.778
0.761
0.759
0.764
0.785
0.803
0.822
0.83
0.799
0.765
0.76
0.764
0.793
0.824
0.849
0.86
0.852
0.821
0.776
0.773
0.786
0.805
0.808
0.783
0.775
0.797
0.802
0.804
0.77
0.751
0.769
0.774
0.797
0.817
0.801
0.769
0.773
0.801
0.822
0.834
0.809
0.776
0.774
0.765
0.771
0.753
0.737
0.739
0.753
0.766
0.765
0.774
0.814
0.824
0.799
0.763
0.763
0.766
0.75
0.726
0.727
0.743
0.769
0.793
0.767
0.754
0.78
0.791
0.782
0.759
0.736
0.742
0.755
0.763
0.749
0.731
0.751
0.769
0.777
0.761
0.758
0.776
0.789
0.783
0.758
0.756
0.775
0.784
0.791
0.761
0.765
0.781
0.79
0.782
0.769
0.781
0.791
0.791
0.761
0.744
0.734
0.735
0.733
0.722
0.704
0.704
0.703
0.714
0.729
0.729
0.719
0.717
0.738
0.762
0.79
0.785
0.759
0.749
0.757
0.761
0.771
0.748
0.742
0.75
0.757
0.772
0.774
0.76
0.79
0.802
0.806
0.76
0.754
0.74
0.733
0.716
0.7
0.697
0.697
0.704
0.724
0.754
0.787
0.769
0.761
0.771
0.789
0.796
0.771
0.775
0.798
0.803
0.778
0.769
0.755
0.753
0.74
0.743
0.743
0.742
0.738
0.738
0.729
0.706
0.693
0.688
0.693
0.713
0.741
0.766
0.794
0.814
0.831
0.831
0.817
0.826
0.821
