0.809328
0.7928667
0.8015983
0.8087724
0.7990759
0.7968662
0.8064352
0.8039955
0.7993397
0.806581
0.8101059
0.7963868
0.7876462
0.7961403
0.8017709
0.7916556
0.7830806
0.7797354
0.7853998
0.7870401
0.7750846
0.7784032
0.7910989
0.8022343
0.8033776
0.7894157
0.7847749
0.792321
0.7906053
0.7850646
0.7870612
0.7899022
0.7864724
0.7753397
0.771632
0.7785143
0.7819785
0.7777126
0.7814403
0.7876711
0.7808383
0.7758467
0.7816029
0.7846627
0.7758144
0.7722682
0.779821
0.7870563
0.7873316
0.7816518
0.7808834
0.7851087
0.7854939
0.7758442
0.7691273
0.7752574
0.7835905
0.7825747
0.7778708
0.7849251
0.7889602
0.784229
0.7863
0.7892656
0.7820993
0.7722529
0.7702197
0.7649678
0.7598599
0.767677
0.7814108
0.7921895
0.7954126
0.7990265
0.8036398
0.8042737
0.7969754
0.786433
0.7817804
0.779228
0.7767741
0.7730945
0.7757005
0.7829999
0.7847095
0.7843642
0.7879804
0.7883302
0.7793771
0.7732097
0.7739307
0.7783157
0.7835249
0.7819146
0.7762142
0.7751461
0.7823689
0.7845879
0.7774696
0.7783135
0.7844637
0.7840681
0.7766597
0.7685372
0.7658386
0.7713015
0.7756901
0.7708739
0.7654327
0.7658827
0.7713295
0.7764208
0.77404
0.7737164
0.7824874
0.7890788
0.7874916
0.7848239
0.7874159
0.79262
0.7916971
0.7843024
0.7867356
0.7869972
0.7783271
0.7793745
0.7865733
0.7889722
0.7870234
0.7916783
0.7932998
0.7846362
0.7775995
0.779062
0.7802472
0.7747367
0.7737578
0.7794523
0.7864783
0.7846572
0.7832511
0.7907843
0.7914559
0.7844984
0.780902
0.7833339
0.7820363
0.7761041
0.7775326
0.7821694
0.7838126
0.7851758
0.7857527
0.7829633
0.7781018
0.7794931
0.7831513
0.7838968
0.7817496
0.7751319
0.7735144
0.7695964
0.7618931
0.7636121
0.7659478
0.7618088
0.7585249
0.7607198
0.7664039
0.7680456
0.7616571
0.7590382
0.7651928
0.767131
0.7651292
0.7670217
0.7688171
0.7703124
0.7715287
0.7659085
0.7584613
0.7578952
0.7622699
0.7643196
0.7615858
0.7651764
0.7679782
0.7596972
0.7538883
0.755287
0.7598742
0.7627878
0.7599421
0.7595914
0.763304
0.763421
0.7583012
0.7551884
0.7612952
0.7694358
0.7745093
0.776187
0.7736742
0.7703823
0.7620266
0.7479617
0.7374221
0.735057
0.7380271
0.739758
0.7380991
0.7404692
0.7485672
0.7552467
0.760823
0.7683089
0.7755314
0.7770234
0.7784108
0.7824331
0.7856365
0.7859934
0.7841438
0.7850052
0.7869613
0.7835002
0.774448
0.7701005
0.7720118
0.7738704
0.7729544
0.7744783
0.7794534
0.7779287
0.7733687
0.7761041
0.779492
0.7773255
0.7725853
0.7730538
0.7788718
0.7774369
0.7718121
0.7714998
0.7723065
0.7706244
0.7661498
0.7621233
0.7631355
0.7668958
0.7700041
0.76974
0.7639305
0.761786
0.7639527
0.7596228
0.7547438
0.7532467
0.7517645
0.7535717
0.7561763
0.7568743
0.7547802
0.7514329
0.7562119
0.7667515
0.7772845
0.7820731
0.793243
0.7966179
0.7895757
0.7948383
0.7898162
0.7867341
0.7870772
0.7770128
0.7713633
0.7685613
0.7688394
0.7709539
0.7654484
0.7601737
0.7597125
0.7571831
0.7538349
0.7467528
0.7418941
0.7453352
0.7528675
0.7598743
0.762971
0.7673154
0.7747214
0.7789012
0.7712245
0.7647799
0.7649098
0.762089
0.7577522
0.7500514
0.7454748
0.745483
0.7466852
0.7459411
0.7421062
0.7433864
0.7462926
0.7478902
0.752215
0.7533424
0.7529387
0.7561633
0.7597756
0.7632734
0.7666665
0.7670789
0.7682564
0.7694052
0.7687419
0.7647607
0.7517873
0.7408831
0.7416819
0.7483753
0.7578624
0.770201
0.7827588
0.788569
0.7773002
0.764689
0.763531
0.7622345
0.7531812
0.7410815
0.7397977
0.7472449
0.7591871
0.7725286
0.7767978
0.7707908
0.7668374
0.7714374
0.7729632
0.7712994
0.7716507
0.771328
0.7695384
0.7631049
0.7595563
0.7401034
0.7369585
0.7600372
0.7782464
0.7788377
0.747991
0.7501759
0.7616365
0.7657784
0.7865638
0.8003558
0.8024944
0.7979498
0.8003379
0.8023329
0.7961309
0.7859893
0.7848397
0.787761
0.7816888
0.7758903
0.7772906
0.7796274
0.7780404
0.7718006
0.7686885
0.7714415
0.7778102
0.7794375
0.7746361
0.7736981
0.7763462
0.778564
0.7737874
0.7666075
0.764537
0.7656551
0.7694336
0.772391
0.7724817
0.7726542
0.7766092
0.7789578
0.7814951
0.7829363
0.7779542
0.774295
0.7737886
0.7742276
0.7714127
0.7712243
0.775623
0.7772356
0.7733224
0.7679674
0.7705844
0.7750601
0.7725589
0.7720303
0.7814284
0.7956187
0.8048059
0.7958545
0.7853177
0.7912487
0.7927134
0.7831615
0.7717694
0.7636447
0.7638173
0.7703973
0.7729646
0.7734543
0.7797387
0.7894279
0.7960856
0.7967704
0.8018361
0.8042806
0.8021161
0.8016685
0.8027034
0.7983565
0.7901792
0.7912627
0.7911713
0.7880778
0.7868725
0.7817652
0.7743537
0.7720685
0.768359
0.7652801
0.7698927
0.772749
0.7744917
0.7807436
0.7881422
0.7893147
0.7935519
0.7942029
0.7641945
0.7413326
0.7440733
0.7506737
0.7676441
0.791917
0.7846237
0.7621256
0.7746086
0.7786626
0.7708091
0.7693995
0.7561409
0.7333078
0.7258687
0.7212529
0.7087979
0.703955
0.7060216
0.7349482
0.7325323
0.7289769
0.7430912
0.7138393
0.7069138
0.7204984
0.729618
0.739328
0.7453352
0.7442533
0.7398027
0.7351165
0.7265551
0.7255734
0.7231454
0.7178312
0.7076818
0.7034275
0.7062056
0.7080642
0.7018094
0.6885807
0.6850534
0.6868774
0.6847775
0.6803186
0.681143
0.6835638
0.678991
0.6789306
0.6791805
0.6741509
0.6762726
0.6727031
0.6659893
0.6660315
0.6603427
0.6575935
0.6555441
0.6510613
0.6541306
0.6521438
0.6528681
0.6530643
0.6473829
0.6478155
0.6446012
0.6409345
0.642033
0.6362757
0.6315214
0.6333795
0.6290683
0.6255698
0.6318215
0.6310453
0.6255945
0.6309015
0.6321769
0.628189
0.6311821
0.637833
0.6362865
0.6323406
0.6358156
0.634525
0.6275324
0.6282212
0.6279209
0.6212663
0.6223652
0.622949
0.6192888
0.6199272
0.6220091
0.6218141
0.6190963
0.6181839
0.6153311
0.6132337
0.6134453
0.6161376
0.6226867
0.6216926
0.6198371
0.6243002
0.6229485
0.6151188
0.6190561
0.6216244
0.6146921
0.614727
0.6204549
0.6185582
0.6141652
0.6179777
0.6140638
0.6132188
0.6169855
0.6152268
0.6146898
0.6166581
0.6201554
0.6196036
0.6185885
0.6149416
0.61491
0.6186351
0.617284
0.6124268
0.6134871
0.614605
0.6096631
0.6107
0.6086065
0.614981
0.6225584
0.6198123
0.62685
0.6289684
0.628992
0.6346416
0.6340678
0.6376629
0.6382934
0.6376117
0.6442566
0.6463998
0.6467551
0.6381433
0.6322447
0.6397862
0.6371034
0.6317221
0.637646
0.6395628
0.6389625
0.6430019
0.6436787
0.6402023
0.6391754
0.6407183
0.6323408
0.6246754
0.626288
0.6254947
0.621371
0.61447
0.6110572
0.6107427
0.6071067
0.6074656
0.6146866
0.6166011
0.6158275
0.6191794
0.6194929
0.6153661
0.6107202
0.6117979
0.6137796
0.613393
0.6134849
0.6158803
0.618811
0.6147607
0.6095444
0.6086016
0.6127946
0.614552
0.6127227
0.6132515
0.6160097
0.6187246
0.6126088
0.6093605
0.6145623
0.6161314
0.6137588
0.6124649
0.6180362
0.6200916
0.6195014
0.6222591
0.6260941
0.61721
0.6319836
0.654952
0.645721
0.6625719
0.6598972
0.6500401
0.6590007
0.6555277
0.6525353
0.6423629
0.6438483
0.6504841
0.6527187
0.6539751
0.6486345
0.6516366
0.6663262
0.6717307
0.6772214
0.6839579
0.6830563
0.6807848
0.6828298
0.6822818
0.6726473
0.6701803
0.672497
0.6725909
0.6756324
0.6758458
0.6756308
0.6759489
0.6731414
0.6775277
0.6873802
0.6944143
0.6940055
0.6935721
0.7017604
0.7087841
0.7078291
0.7065203
0.7084747
0.7105422
0.711303
0.7107088
0.712535
0.7153227
0.7166672
0.7139098
0.717146
0.7275555
0.7231823
0.7179939
0.7240132
0.7266194
0.7208653
0.7145955
0.720197
0.7249174
0.7210628
0.7191633
0.7187695
0.7227606
0.7255863
0.7179638
0.7127392
0.714271
0.7112367
0.7071439
0.7079978
0.7122157
0.7165871
0.7149788
0.7134652
0.7199334
0.7278175
0.7253375
0.7224661
0.7264544
0.7261745
0.720642
0.7167104
0.7219001
0.7264186
0.7234749
0.7228795
0.7149968
0.7116006
0.7178168
0.7181441
0.7211811
0.7278804
0.7373507
0.7396624
0.7356575
0.7354203
0.7433658
0.7563835
0.7609778
0.754491
0.7502806
0.7504055
0.7464808
0.7426419
0.7415225
0.7503648
0.7598117
0.7589203
0.7639754
0.7680224
0.7607888
0.7544996
0.7549204
0.7579334
0.7556542
0.7504494
0.7510612
0.7536355
0.7500136
0.7429766
0.7371621
0.7350947
0.7314857
0.7312947
0.73873
0.7473728
0.7465222
0.7388641
0.737404
0.7296651
0.7223059
0.7258769
0.7333524
0.739252
0.7350804
0.7305492
0.7347422
0.7445602
0.752991
0.7536359
0.7525551
0.7579362
0.7602486
0.7536229
0.7475655
0.7412152
0.7394928
0.7411568
0.7398835
0.7357771
0.7404937
0.7530646
0.7541663
0.7500522
0.7535308
0.7568716
0.7507243
0.746928
0.7456898
0.7391307
0.7297511
0.7114223
0.7169196
0.7369366
0.7240656
0.7161171
0.7199434
0.7284951
0.7404228
0.7403973
0.7419491
0.7459646
0.7456663
0.7457422
0.749207
0.7573363
0.7639616
0.7629323
0.7644417
0.77292
0.7806381
0.7776763
0.7672179
0.7613752
0.769507
0.7742534
0.7666863
0.7638763
0.7638556
0.7600085
0.7538873
0.7493882
0.7576875
0.7673844
0.7653
0.7674642
0.7709066
0.7624683
0.7496995
0.7461007
0.7543498
0.7565623
0.751788
0.7569062
0.7702703
0.7768355
0.774074
0.7743356
0.7820406
0.787328
0.7799683
0.7727505
0.7711208
0.7655969
0.7574036
0.7507594
0.7485453
0.7483646
0.7454352
0.7439136
0.7472505
0.7561753
0.7631981
0.7603906
0.7547181
0.7558964
0.7575381
0.7534194
0.7518973
0.7485984
0.7504496
0.7569983
0.7557283
0.7545554
0.7531349
0.7488752
0.7429376
0.7406331
0.7422054
0.7406229
0.7407267
0.7442888
0.7555037
0.7644661
0.7590458
0.7545388
0.7543304
0.7481722
0.7390077
0.7387529
0.7440752
0.744589
0.7413506
0.7410163
0.7484352
0.7550257
0.7536749
0.753778
0.755992
0.7548876
0.7498136
0.7444551
0.7471236
0.7470032
0.7423963
0.7438434
0.7426368
0.7452905
0.7477631
0.7434689
0.7449039
0.7501228
0.7525565
0.7446753
0.7382463
0.7418961
0.7460105
0.7467239
0.7442
0.7430177
0.7406381
0.7320506
0.7243547
0.7217807
0.7201875
0.7188738
0.7225966
0.7337137
0.7438752
0.7445326
0.7439262
0.747004
0.7433557
0.7392346
0.7418905
0.7506263
0.7599154
0.7639928
0.7703385
0.7762884
0.7742404
0.7677633
0.7634628
0.7638007
0.7639118
0.7588272
0.7556335
0.7585511
0.7634764
0.7640352
0.7577284
0.7526362
0.752525
0.7523021
0.7496103
0.7464253
0.7469285
0.7522236
0.7554006
0.7567859
0.7602466
0.7648405
0.7690296
0.7641419
0.7563834
0.7569725
0.7543304
0.7468565
0.7456145
0.7472146
0.745619
0.7423732
0.7385764
0.737792
0.7412918
0.7423685
0.738443
0.7425986
0.7463133
0.7497449
0.743137
0.7319507
0.7522636
0.7519373
0.7307277
0.7230343
0.7207776
0.7262236
0.7329056
0.7388916
0.7408901
0.7456161
0.7498229
0.7469955
0.7441883
0.7438932
0.7463118
0.7462179
0.7440315
0.7450584
0.7447061
0.740078
0.735101
0.7330264
0.735306
0.7406894
0.7429898
0.7442178
0.7478259
0.7499765
0.7488781
0.7427348
0.7321875
0.7230379
0.714837
0.7163095
0.7242242
0.7289001
0.7362587
0.7458144
0.7595542
0.7685795
0.7683051
0.7689024
0.7710542
0.7684914
0.7614948
0.7567575
0.7553408
0.7557541
0.7572671
0.7598216
0.7575838
0.7527352
0.7524248
0.7524506
0.7526973
0.7509436
0.7449701
0.7380124
0.7321173
0.7324059
0.7353515
0.7333711
0.7330853
0.7391263
0.7446024
0.7429122
0.7382605
0.7391521
0.7471898
0.7543786
0.757638
0.7636342
0.7690302
0.7731731
0.7743058
0.7673627
0.7610336
0.7579084
0.7551929
0.7504966
0.7458154
0.7453138
0.750117
0.7532788
0.7507216
0.7527637
0.7592168
0.7602282
0.7523928
0.7483908
0.7515853
0.7510443
0.7480692
0.7492568
0.750414
0.7508379
0.7486328
0.7402437
0.7385909
0.7454758
0.7479968
0.7427058
0.7387304
0.7415508
0.7486161
0.7529261
0.7486224
0.7437714
0.7444148
0.7420851
0.7349028
0.7326275
0.7342542
0.734744
0.7330245
0.7300773
0.7323745
0.735233
0.7292234
0.7244509
0.7277242
0.7311129
0.7339967
0.7346591
0.735728
0.7424856
0.7459536
0.7507471
0.7499634
0.7526975
