0.85
0.866
0.896
0.901
0.882
0.884
0.907
0.908
0.879
0.88
0.891
0.87
0.845
0.859
0.85
0.819
0.812
0.831
0.823
0.8526748
0.8601813
0.82
0.823
0.811
0.813
0.832
0.835
0.816
0.836
0.853
0.84
0.864
0.878
0.876
0.859
0.892
0.902
0.877
0.867
0.894
0.899
0.872
0.891
0.896
0.884
0.865
0.903
0.885
0.865
0.892
0.887
0.881
0.867
0.896
0.899
0.87
0.897
0.902
0.897
0.885
0.915
0.923
0.903
0.922
0.939
0.9293291
0.938
0.949
0.9014471
0.938
0.926
0.957
0.962
0.94
0.908
0.935
0.951
0.94
0.914
0.914
0.926
0.916
0.883
0.913
0.914
0.888
0.885
0.902
0.915
0.896
0.901
0.927
0.934
0.911
0.904
0.927
0.93
0.899
0.901
0.917
0.916
0.893
0.893
0.905
0.911
0.881
0.884
0.904
0.908
0.885
0.883
0.9
0.909
0.896
0.892
0.923
0.926
0.887
0.889
0.911
0.929
0.917
0.896
0.931
0.941
0.919
0.912
0.948
0.954
0.921
0.929
0.947
0.937
0.908
0.937
0.937
0.908
0.923
0.936
0.927
0.901
0.923
0.933
0.914
0.893
0.914
0.921
0.904
0.898
0.921
0.907
0.882
0.911
0.918
0.893
0.903
0.926
0.907
0.896
0.933
0.93
0.905
0.938
0.934
0.91
0.934
0.943
0.915
0.932
0.946
0.921
0.931
0.955
0.956
0.922
0.943
0.956
0.938
0.915
0.941
0.95
0.915
0.92
0.942
0.938
0.918
0.931
0.95
0.93
0.901
0.927
0.935
0.92
0.904
0.929
0.938
0.914
0.893
0.922
0.93
0.907
0.921
0.932
0.935
0.904
0.925
0.933
0.896
0.897
0.923
0.921
0.894
0.907
0.927
0.921
0.897
0.916
0.917
0.891
0.902
0.91
0.894
0.883
0.91
0.92
0.906
0.892
0.926
0.936
0.919
0.903
0.932
0.933
0.898
0.915
0.928
0.911
0.897
0.924
0.916
0.891
0.907
0.925
0.929
0.9
0.9
0.92
0.905
0.888
0.924
0.924
0.899
0.925
0.929
0.9
0.914
0.93
0.928
0.908
0.92
0.93
0.91
0.896
0.915
0.921
0.893
0.905
0.909
0.88
0.86
0.865
0.854
0.871
0.885
0.879
0.862
0.881
0.896
0.879
0.862
0.891
0.895
0.878
0.873
0.895
0.89
0.864
0.887
0.9
0.893
0.876
0.904
0.913
0.9
0.889
0.917
0.925
0.903
0.924
0.941
0.912
0.918
0.943
0.943
0.92
0.941
0.939
0.919
0.912
0.931
0.925
0.903
0.919
0.926
0.911
0.891
0.915
0.915
0.89
0.896
0.915
0.913
0.896
0.903
0.912
0.894
0.886
0.905
0.912
0.892
0.892
0.91
0.903
0.882
0.898
0.911
0.909
0.887
0.91
0.917
0.896
0.886
0.911
0.921
0.894
0.897
0.915
0.911
0.891
0.905
0.911
0.894
0.876
0.901
0.909
0.892
0.884
0.912
0.92
0.903
0.912
0.929
0.91
0.899
0.935
0.936
0.909
0.926
0.938
0.92
0.899
0.923
0.932
0.905
0.902
0.926
0.924
0.898
0.919
0.924
0.896
0.895
0.917
0.911
0.894
0.917
0.928
0.896
0.891
0.91
0.917
0.891
0.899
0.894
0.869
0.901
0.874
0.883
0.885
0.884
0.861
0.85
0.851
0.859
0.837
0.852
0.834
0.847
0.847
0.832
0.838
0.851
0.826
0.846
0.851
0.844
0.828
0.84
0.841
0.827
0.842
0.831
0.812
0.826
0.806
0.781
0.789
0.8
0.773
0.768
0.776
0.762
0.758
0.767
0.764
0.748
0.765
0.759
0.74
0.746
0.757
0.749
0.739
0.744
0.75
0.737
0.741
0.743
0.736
0.728
0.7739716
0.8041315
0.732
0.72
0.721
0.72
0.743
0.734
0.739
0.756
0.761
0.759
0.768
0.778
0.791
0.808
0.793
0.792
0.799
0.789
0.811
0.787
0.768
0.775
0.782
0.769
0.764
0.773
0.763
0.753
0.76
0.754
0.732
0.743
0.748
0.738
0.742
0.747
0.74
0.739
0.761
0.744
0.736
0.751
0.754
0.744
0.742
0.759
0.739
0.746
0.749
0.744
0.736
0.75
0.752
0.732
0.734
0.753
0.745
0.735
0.732
0.739
0.725
0.729
0.748
0.723
0.717
0.734
0.73
0.723
0.722
0.73
0.719
0.73
0.732
0.712
0.725
0.735
0.729
0.723
0.729
0.732
0.722
0.738
0.733
0.722
0.73
0.741
0.736
0.729
0.734
0.733
0.725
0.737
0.728
0.712
0.723
0.73
0.722
0.719
0.717
0.722
0.713
0.725
0.724
0.708
0.71
0.724
0.71
0.711
0.718
0.715
0.705
0.712
0.726
0.709
0.704
0.719
0.717
0.707
0.714
0.72
0.708
0.712
0.722
0.717
0.708
0.707
0.714
0.726
0.707
0.7
0.715
0.723
0.717
0.718
0.734
0.73
0.729
0.732
0.74
0.733
0.731
0.748
0.734
0.731
0.751
0.75
0.738
0.742
0.769
0.767
0.755
0.754
0.769
0.766
0.762
0.752
0.772
0.771
0.763
0.759
0.786
0.791
0.785
0.793
0.813
0.805
0.809
0.816
0.817
0.805
0.814
0.805
0.781
0.793
0.788
0.779
0.773
0.77
0.771
0.773
0.77
0.798
0.801
0.795
0.792
0.82
0.834
0.838
0.827
0.834
0.854
0.847
0.822
0.833
0.846
0.841
0.817
0.822
0.829
0.825
0.807
0.823
0.824
0.829
0.82
0.839
0.848
0.843
0.815
0.829
0.849
0.838
0.818
0.849
0.86
0.826
0.856
0.861
0.848
0.841
0.876
0.852
0.835
0.847
0.835
0.82
0.817
0.82
0.848
0.863
0.864
0.858
0.891
0.9
0.872
0.854
0.884
0.879
0.856
0.851
0.86
0.85
0.829
0.86
0.872
0.854
0.849
0.89
0.905
0.879
0.885
0.914
0.903
0.882
0.922
0.934
0.909
0.903
0.931
0.924
0.896
0.92
0.918
0.898
0.892
0.917
0.926
0.906
0.891
0.918
0.92
0.893
0.903
0.917
0.916
0.89
0.902
0.925
0.911
0.888
0.908
0.914
0.894
0.881
0.912
0.912
0.892
0.899
0.917
0.908
0.89
0.914
0.914
0.889
0.894
0.907
0.907
0.882
0.914
0.925
0.898
0.893
0.921
0.916
0.896
0.92
0.936
0.908
0.899
0.935
0.945
0.918
0.928
0.949
0.938
0.92
0.958
0.949
0.924
0.952
0.943
0.917
0.944
0.936
0.901
0.915
0.925
0.917
0.903
0.927
0.931
0.896
0.908
0.922
0.923
0.898
0.902
0.92
0.902
0.888
0.919
0.917
0.902
0.917
0.94
0.931
0.919
0.937
0.946
0.922
0.911
0.942
0.938
0.909
0.941
0.945
0.93
0.918
0.937
0.938
0.91
0.94
0.945
0.918
0.912
0.939
0.929
0.908
0.93
0.942
0.912
0.911
0.938
0.92
0.908
0.934
0.935
0.912
0.926
0.943
0.926
0.917
0.946
0.933
0.92
0.955
0.953
0.933
0.962
0.961
0.93
0.957
0.962
0.929
0.938
0.962
0.945
0.962
0.982
0.97
0.946
0.983
0.972
0.946
0.982
0.981
0.95
0.949
0.965
0.952
0.929
0.958
0.965
0.951
0.947
0.973
0.962
0.93
0.951
0.962
0.939
0.925
0.95
0.94
0.914
0.939
0.943
0.923
0.919
0.948
0.941
0.925
0.95
0.953
0.934
0.94
0.955
0.94
0.928
0.95
0.948
0.919
0.939
0.946
0.907
0.893
0.928
0.935
0.909
0.927
0.943
0.938
0.924
0.946
0.959
0.933
0.954
0.96
0.953
0.94
0.972
0.979
0.95
0.962
0.969
0.953
0.935
0.955
0.959
0.939
0.927
0.952
0.953
0.93
0.946
0.954
0.933
0.91
0.935
0.944
0.918
0.922
0.945
0.939
0.924
0.957
0.967
0.936
0.94
0.96
0.951
0.934
0.957
0.957
0.926
0.94
0.953
0.938
0.918
0.948
0.945
0.938
0.925
0.935
0.896
0.927
0.923
0.914
0.887
0.891
0.897
0.905
0.91
0.905
0.88
0.906
0.898
0.885
0.892
0.922
0.912
0.931
0.943
0.935
0.927
