0.782
0.793
0.798
0.784
0.781
0.803
0.804
0.803
0.801
0.798
0.791
0.802
0.789
0.783
0.788
0.791
0.791
0.776
0.782
0.798
0.783
0.785
0.792
0.794
0.798
0.785
0.773
0.779
0.784
0.789
0.781
0.777
0.784
0.79
0.788
0.783
0.791
0.795
0.796
0.785
0.79
0.799
0.794
0.788
0.797
0.807
0.8
0.788
0.797
0.801
0.79
0.774
0.782
0.785
0.785
0.786
0.782
0.798
0.798
0.798
0.79
0.789
0.802
0.791
0.783
0.784
0.784
0.776
0.78
0.782
0.774
0.782
0.791
0.788
0.782
0.791
0.806
0.788
0.785
0.795
0.801
0.787
0.79
0.794
0.791
0.782
0.787
0.796
0.788
0.788
0.798
0.791
0.78
0.788
0.795
0.788
0.779
0.789
0.798
0.786
0.789
0.787
0.775
0.779
0.809
0.799
0.801
0.801
0.802
0.806
0.805
0.806
0.809
0.814
0.816
0.814
0.819
0.818
0.826
0.823
0.826
0.818
0.809
0.805
0.807
0.807
0.79
0.784
0.781
0.776
0.767
0.772
0.77
0.767
0.778
0.776
0.771
0.78
0.787
0.775
0.783
0.79
0.783
0.779
0.79
0.799
0.794
0.787
0.794
0.803
0.8
0.792
0.801
0.812
0.8
0.794
0.799
0.812
0.808
0.804
0.81
0.817
0.808
0.794
0.801
0.805
0.79
0.789
0.795
0.794
0.785
0.796
0.797
0.798
0.792
0.804
0.803
0.796
0.804
0.813
0.809
0.798
0.804
0.813
0.797
0.796
0.8
0.797
0.791
0.799
0.8
0.792
0.802
0.809
0.798
0.799
0.81
0.81
0.8
0.813
0.816
0.807
0.802
0.815
0.82
0.801
0.808
0.814
0.82
0.799
0.804
0.812
0.812
0.802
0.807
0.819
0.816
0.8
0.804
0.81
0.794
0.801
0.807
0.793
0.808
0.813
0.801
0.799
0.812
0.813
0.8
0.811
0.798
0.805
0.81
0.805
0.795
0.808
0.808
0.803
0.799
0.806
0.813
0.807
0.8
0.81
0.813
0.816
0.808
0.805
0.81
0.82
0.816
0.804
0.809
0.814
0.813
0.802
0.813
0.813
0.805
0.813
0.815
0.803
0.805
0.81
0.814
0.797
0.809
0.81
0.799
0.814
0.814
0.808
0.798
0.81
0.812
0.806
0.8
0.807
0.812
0.803
0.787
0.799
0.798
0.782
0.79
0.794
0.799
0.792
0.787
0.797
0.808
0.794
0.799
0.812
0.813
0.817
0.8
0.807
0.811
0.807
0.801
0.806
0.81
0.801
0.79
0.789
0.812
0.806
0.813
0.812
0.813
0.805
0.813
0.818
0.818
0.812
0.823
0.822
0.83
0.828
0.825
0.834
0.829
0.825
0.817
0.817
0.809
0.803
0.804
0.809
0.809
0.8
0.802
0.81
0.811
0.799
0.813
0.817
0.802
0.813
0.811
0.792
0.8
0.808
0.808
0.796
0.805
0.816
0.812
0.807
0.814
0.821
0.811
0.814
0.823
0.827
0.822
0.827
0.83
0.82
0.817
0.825
0.829
0.813
0.822
0.823
0.823
0.81
0.817
0.82
0.823
0.812
0.822
0.827
0.811
0.814
0.822
0.814
0.803
0.815
0.82
0.818
0.802
0.814
0.804
0.791
0.786
0.796
0.787
0.781
0.775
0.772
0.781
0.789
0.781
0.79
0.784
0.78
0.778
0.781
0.792
0.796
0.812
0.831
0.818
0.823
0.838
0.833
0.836
0.83
0.836
0.84
0.845
0.825
0.834
0.838
0.82
0.814
0.823
0.825
0.809
0.802
0.805
0.802
0.81
0.812
0.801
0.812
0.82
0.806
0.811
0.816
0.798
0.796
0.793
0.777
0.764
0.762
0.765
0.759
0.762
0.7729386
0.757
0.76
0.766
0.763
0.771
0.773
0.783
0.789
0.787
0.782
0.7566712
0.7551636
0.769
0.75
0.749
0.7492346
0.7477918
0.7463702
0.7449728
0.734
0.7422617
0.7409536
0.722
0.72
0.716
0.716
0.719
0.717
0.7327227
0.712
0.707
0.712
0.697
0.704
0.7
0.703
0.692
0.692
0.688
0.686
0.688
0.686
0.677
0.671
0.67
0.671
0.672
0.666
0.662
0.658
0.665
0.657
0.657
0.658
0.656
0.655
0.651
0.656
0.658
0.655
0.657
0.6834608
0.65
0.644
0.647
0.645
0.645
0.645
0.638
0.64
0.639
0.639
0.6724541
0.64
0.638
0.639
0.638
0.64
0.638
0.635
0.637
0.634
0.636
0.636
0.633
0.634
0.63
0.633
0.629
0.627
0.63
0.626
0.627
0.624
0.624
0.624
0.624
0.626
0.624
0.623
0.619
0.617
0.626
0.622
0.625
0.625
0.627
0.631
0.636
0.637
0.637
0.641
0.643
0.641
0.648
0.645
0.642
0.646
0.647
0.645
0.65
0.647
0.649
0.65
0.66
0.656
0.656
0.664
0.664
0.663
0.665
0.667
0.667
0.663
0.663
0.666
0.667
0.667
0.672
0.667
0.664
0.66
0.6442454
0.6441958
0.659
0.65
0.65
0.646
0.643
0.646
0.641
0.639
0.64
0.636
0.638
0.634
0.634
0.63
0.635
0.6469897
0.6473313
0.626
0.625
0.627
0.628
0.619
0.618
0.622
0.619
0.618
0.62
0.62
0.625
0.626
0.627
0.629
0.624
0.63
0.628
0.625
0.629
0.631
0.6541134
0.629
0.634
0.638
0.635
0.64
0.635
0.64
0.637
0.646
0.648
0.653
0.651
0.646
0.649
0.655
0.659
0.661
0.66
0.664
0.671
0.67
0.673
0.669
0.672
0.67
0.668
0.669
0.668
0.672
0.677
0.678
0.673
0.673
0.677
0.679
0.676
0.675
0.676
0.68
0.676
0.676
0.676
0.674
0.672
0.672
0.674
0.672
0.67
0.674
0.675
0.67
0.674
0.671
0.669
0.667
0.668
0.665
0.664
0.66
0.659
0.657
0.658
0.658
0.659
0.665
0.668
0.667
0.668
0.664
0.666
0.664
0.665
0.659
0.658
0.659
0.656
0.656
0.659
0.661
0.662
0.662
0.664
0.661
0.655
0.657
0.665
0.667
0.662
0.653
0.668
0.664
0.66
0.658
0.654
0.664
0.662
0.659
0.656
0.661
0.657
0.653
0.649
0.67
0.667
0.67
0.674
0.677
0.684
0.691
0.696
0.688
0.677
0.7
0.684
0.676
0.678
0.671
0.662
0.664
0.668
0.673
0.677
0.673
0.688
0.685
0.685
0.689
0.699
0.699
0.697
0.693
0.691
0.692
0.689
0.6923436
0.6928121
0.6932836
0.693758
0.717
0.708
0.704
0.698
0.708
0.717
0.729
0.729
0.729
0.729
0.723
0.725
0.726
0.723
0.724
0.73
0.729
0.725
0.721
0.727
0.734
0.728
0.724
0.723
0.729
0.727
0.723
0.727
0.737
0.729
0.738
0.738
0.737
0.741
0.745
0.754
0.746
0.75
0.757
0.752
0.746
0.745
0.739
0.74
0.731
0.72
0.713
0.7198867
0.7204802
0.701
0.696
0.691
0.699
0.692
0.693
0.689
0.689
0.69
0.695
0.697
0.703
0.71
0.712
0.716
0.726
0.734
0.736
0.733
0.746
0.75
0.751
0.751
0.756
0.75
0.747
0.753
0.758
0.746
0.742
0.75
0.753
0.75
0.756
0.749
0.744
0.742
0.746
0.744
0.746
0.74
0.745
0.742
0.742
0.737
0.732
0.737
0.741
0.745
0.744
0.748
0.753
0.754
0.746
0.744
0.74
0.731
0.728
0.727
0.734
0.724
0.729
0.743
0.743
0.739
0.755
0.768
0.771
0.769
0.77
0.775
0.791
0.779
0.784
0.796
0.785
0.787
0.8
0.784
0.778
0.773
0.772
0.773
0.768
0.771
0.771
0.764
0.768
0.777
0.77
0.779
0.782
0.775
0.774
0.771
0.776
0.783
0.782
0.773
0.779
0.781
0.772
0.781
0.782
0.779
0.779
0.789
0.775
0.778
0.775
0.775
0.772
0.78
0.773
0.776
0.781
0.775
0.779
0.785
0.787
0.777
0.771
0.779
0.779
0.776
0.772
0.771
0.769
0.773
0.77
0.773
0.773
0.777
0.772
0.78
0.78
0.781
0.778
0.777
0.779
0.802
0.805
0.787
0.797
0.795
0.791
0.779
0.774
0.765
0.76
0.757
0.764
0.756
0.757
0.761
0.762
0.771
0.769
0.767
0.777
0.771
0.769
0.776
0.777
0.771
0.777
0.783
0.779
0.788
0.79
0.778
0.784
0.786
0.794
0.784
0.786
0.787
0.784
0.788
0.783
0.787
0.784
0.779
0.79
0.785
0.781
0.786
0.78
0.774
0.776
0.777
0.777
0.773
0.776
0.78
0.777
0.779
0.783
0.783
0.784
0.789
0.777
0.777
0.779
0.776
0.779
0.786
0.771
0.771
0.772
0.767
0.76
0.766
0.764
0.758
0.764
0.766
0.769
0.761
0.77
0.768
0.771
0.776
0.775
0.777
0.778
0.769
0.769
0.771
0.77
0.769
0.773
0.775
0.774
0.788
0.789
0.785
0.786
0.803
0.788
0.793
0.797
0.794
0.79
0.797
0.797
0.785
0.793
0.796
0.789
0.789
0.793
0.791
0.786
0.787
0.785
0.787
0.797
0.787
0.789
0.791
0.79
0.782
0.786
0.795
0.785
0.791
0.795
0.79
0.782
0.791
0.783
0.782
0.772
0.774
0.771
0.768
0.769
0.762
0.766
0.763
0.763
0.77
0.768
0.766
0.768
0.771
0.77
0.773
0.776
0.772
0.773
0.778
0.77
0.771
0.779
0.777
0.775
0.779
0.776
0.776
0.779
0.773
0.777
0.78
0.778
0.773
0.778
0.778
0.775
0.772
0.777
0.779
0.778
0.781
0.784
0.782
0.779
0.787
0.774
0.778
0.784
0.772
0.773
0.776
0.775
0.768
0.771
0.768
0.765
0.766
0.767
0.771
0.762
0.771
0.767
0.762
0.769
0.768
0.769
0.768
0.773
0.77
0.763
0.769
0.769
0.766
0.77
0.758
0.762
0.753
0.754
0.756
0.761
0.761
0.764
0.769
0.769
0.769
0.767
0.77
0.751
0.75
0.749
0.752
0.754
0.754
0.757
0.77
0.766
0.77
0.772
0.757
0.763
0.765
0.768
0.768
0.768
0.765
0.77
0.77
0.777
0.771
0.763
0.767
0.768
0.767
0.763
0.758
0.763
0.767
0.769
0.77
0.768
0.757
0.758
0.76
0.769
0.773
0.765
0.773
0.785
0.786
0.792
0.791
0.784
0.79
0.809
0.797
0.794
0.794
0.793
0.801
0.797
0.815
0.791
0.792
0.792
0.794
0.786
0.783
0.791
0.791
0.774
0.774
0.774
0.775
0.773
0.781
0.774
0.765
0.766
0.759
0.755
0.752
0.752
0.754
0.75
0.748
