0.9315091
0.9466194
0.9611957
0.9424739
0.8925639
0.8893255
0.9081102
0.8962152
0.8665873
0.8824084
0.8919309
0.8626313
0.8707578
0.9068003
0.9101948
0.8870033
0.9018101
0.9264103
0.9201067
0.9010277
0.9097758
0.9385331
0.9302472
0.8996132
0.9076042
0.9251914
0.927388
0.9133148
0.8922435
0.9036242
0.9133315
0.9159662
0.9109259
0.8950367
0.9125245
0.9321388
0.9187093
0.9054619
0.9091555
0.923334
0.9114221
0.8853242
0.8901994
0.9020092
0.8891812
0.8677165
0.8900048
0.8999732
0.8742843
0.8920453
0.8961872
0.8693049
0.8824263
0.8891691
0.8683228
0.8594492
0.8809896
0.888042
0.8703099
0.8858511
0.9065305
0.905831
0.9014152
0.9253294
0.9421802
0.9313922
0.9311486
0.9414209
0.9375126
0.9178955
0.9233426
0.9283757
0.9015418
0.8711669
0.8825308
0.9004651
0.8827784
0.8839713
0.9031812
0.8891578
0.8666024
0.876012
0.8708334
0.839567
0.8460141
0.847926
0.8479327
0.8697475
0.8607976
0.8563714
0.8536383
0.8625852
0.8812135
0.8631099
0.8512229
0.8606996
0.8704016
0.8727174
0.8617625
0.8798206
0.8986811
0.9077874
0.9111362
0.8915153
0.900895
0.9118624
0.8899042
0.8795548
0.9025014
0.9153795
0.8974916
0.8863494
0.9105396
0.9267263
0.915068
0.9064596
0.9237467
0.92316
0.8972609
0.9093261
0.9210509
0.8990071
0.8992923
0.9295753
0.9181542
0.891509
0.908427
0.9044289
0.8727978
0.8845561
0.8871191
0.8667887
0.8865345
0.8994179
0.8791275
0.8716833
0.9014326
0.9046506
0.8770082
0.8940504
0.8974507
0.8753567
0.8840904
0.9091902
0.9200229
0.9072745
0.9134232
0.9232696
0.8983694
0.8852336
0.9045941
0.9246518
0.9171978
0.8987969
0.9170814
0.9327658
0.9137204
0.9093417
0.9313857
0.923754
0.8926257
0.9134828
0.9277085
0.9007524
0.8983823
0.9177813
0.9090895
0.8865811
0.9006052
0.9108048
0.8972806
0.9015082
0.9314141
0.920337
0.8865101
0.9074216
0.9197393
0.8985637
0.8894016
0.9019223
0.9013742
0.8801461
0.8951598
0.8982785
0.880027
0.8873694
0.9008859
0.9014962
0.8909432
0.906359
0.9302317
0.9217634
0.903173
0.915114
0.9343715
0.9217807
0.8934002
0.9068334
0.9187757
0.8992981
0.9120283
0.9145697
0.8955569
0.8919422
0.9020023
0.8919274
0.8654067
0.8840246
0.890234
0.8640919
0.8699618
0.890537
0.8796418
0.855814
0.8741852
0.8805477
0.8587459
0.8615592
0.8764062
0.8715481
0.8608847
0.8798059
0.8984772
0.8926537
0.8850247
0.9085902
0.9283983
0.9162383
0.9164291
0.9381797
0.9322939
0.9038512
0.9185594
0.9195857
0.8889239
0.8999698
0.9122689
0.8864703
0.8697487
0.8966361
0.9083803
0.8915909
0.9157623
0.9286984
0.9049702
0.9104441
0.9262302
0.9052096
0.8821335
0.8998276
0.894814
0.8749798
0.8932492
0.9014599
0.8830171
0.8734421
0.8954309
0.8931319
0.8678824
0.8834081
0.8848103
0.8613461
0.8553406
0.8768806
0.886656
0.8666647
0.887304
0.9144099
0.8960792
0.8762761
0.9021955
0.912706
0.8809279
0.8818953
0.8866851
0.8649323
0.8490725
0.8731377
0.8909968
0.8809193
0.9047438
0.9129437
0.8867365
0.8795964
0.8899138
0.8816102
0.8616335
0.8768369
0.8972419
0.8897322
0.88342
0.9121246
0.938036
0.9179471
0.9003309
0.9281924
0.9395411
0.9126928
0.914051
0.9207711
0.9117442
0.9049793
0.9206678
0.9233077
0.8955028
0.9124068
0.9252555
0.9011844
0.8975312
0.9239254
0.9227023
0.8970957
0.9236087
0.9362192
0.9165445
0.9246217
0.9377449
0.9240581
0.9034032
0.9178402
0.9296376
0.9106326
0.8921527
0.9132392
0.9265477
0.9061019
0.9153874
0.9307666
0.9069403
0.8789089
0.8948883
0.8912427
0.8652691
0.8828135
0.898956
0.8873444
0.8853729
0.9074486
0.8939771
0.8671915
0.8853888
0.8996112
0.8887395
0.8812688
0.9050189
0.9186222
0.8992561
0.9066956
0.9277948
0.9296871
0.9095
0.8870767
0.8922611
0.9018679
0.8930589
0.8828685
0.8967449
0.9162343
0.9033709
0.8843766
0.9084194
0.910462
0.8858418
0.8921161
0.8978713
0.8796054
0.858632
0.8761994
0.8783406
0.8498898
0.8521189
0.872823
0.8663679
0.8493232
0.8632561
0.8816339
0.8781703
0.8661188
0.8814867
0.9125664
0.8941556
0.8929375
0.9098875
0.8747708
0.8987723
0.9148256
0.9007094
0.9109644
0.8904291
0.9104602
0.9083087
0.8880061
0.8844468
0.855507
0.8882203
0.8887397
0.8408909
0.8687648
0.8904156
0.8359872
0.7979503
0.7983297
0.815783
0.8549449
0.8498863
0.8252114
0.8141254
0.8013605
0.8003999
0.7954149
0.7740399
0.770375
0.7650331
0.753953
0.7632078
0.758117
0.7580932
0.768833
0.7691394
0.7755307
0.7873749
0.7885982
0.7815561
0.774263
0.7557313
0.7484635
0.7469491
0.7344821
0.7377478
0.7287251
0.7108695
0.7181942
0.7134701
0.6988175
0.7062237
0.7014491
0.6890759
0.6864256
0.6751637
0.6721139
0.6696727
0.6563969
0.6536445
0.652482
0.6435738
0.6455159
0.6440328
0.6323408
0.6392494
0.6416886
0.6309859
0.6359986
0.6354273
0.6295909
0.6322922
0.6269786
0.6251149
0.6249735
0.6193605
0.6210796
0.6202068
0.6161733
0.614719
0.6167574
0.6154086
0.6099964
0.6124265
0.6118312
0.6075186
0.6075949
0.6050106
0.6023788
0.6036432
0.6020312
0.5991616
0.6000414
0.5962639
0.5913063
0.5939232
0.5901753
0.5856435
0.5894143
0.5868601
0.5804593
0.5854208
0.5862643
0.5792176
0.580142
0.5770772
0.5770213
0.5779883
0.5689455
0.5690909
0.5733021
0.5672181
0.566867
0.5682288
0.5607411
0.5633554
0.5599081
0.5691701
0.5824513
0.5752876
0.5503037
0.5395785
0.5732237
0.5645013
0.5535371
0.5614136
0.5517879
0.5576451
0.5617353
0.5557049
0.550923
0.5523053
0.5536173
0.5544049
0.5533818
0.5517692
0.5500706
0.5480562
0.5469086
0.5428158
0.5529633
0.5431503
0.5362073
0.5678296
0.5556507
0.5416649
0.5481844
0.542699
0.547504
0.5399927
0.5414583
0.5375202
0.5357278
0.5312201
0.5009295
0.5248337
0.5426105
0.5308241
0.5310046
0.5389908
0.5407855
0.5227534
0.523199
0.5267321
0.5269912
0.5250536
0.5228762
0.5268425
0.5225688
0.5202235
0.5213508
0.5175551
0.5224573
0.5264325
0.5217653
0.5237379
0.5246467
0.5193094
0.5215328
0.5269636
0.5236129
0.5231115
0.5265837
0.5229734
0.5206002
0.5200151
0.5160084
0.5197904
0.5200377
0.5156443
0.5195499
0.5165243
0.5111541
0.512921
0.5172773
0.5215115
0.518986
0.5142871
0.5172486
0.5157443
0.5109115
0.5176549
0.5181154
0.5135878
0.51873
0.5172535
0.5112892
0.5152118
0.5159511
0.5146731
0.5182112
0.5174506
0.5180288
0.5184781
0.5190253
0.5194593
0.5167212
0.518584
0.515599
0.5110533
0.5140956
0.5111203
0.5087251
0.5131495
0.5124331
0.5142519
0.51159
0.5096435
0.5159994
0.5145317
0.5140403
0.5167229
0.5117006
0.5102534
0.5121452
0.5077976
0.5110634
0.5095736
0.5066367
0.5131508
0.5111643
0.5095611
0.5121567
0.5062252
0.5048768
0.5063155
0.5018711
0.5058294
0.5038425
0.5014419
0.5082454
0.5050072
0.5039729
0.5052959
0.5030595
0.503911
0.5062785
0.5129907
0.5197446
0.5198146
0.5229499
0.5330174
0.5340627
0.5359456
0.5436619
0.5450639
0.545062
0.5470188
0.5488915
0.5490133
0.5513116
0.5533344
0.5538618
0.5572434
0.5640087
0.5707351
0.569702
0.5744738
0.5793627
0.5792754
0.5880187
0.5910881
0.5859372
0.5810671
0.5826051
0.5892632
0.5980983
0.6087298
0.6138614
0.6173767
0.6270336
0.6343042
0.6390963
0.6490479
0.6587853
0.6538304
0.6406897
0.641235
0.6463194
0.6510934
0.663276
0.6764603
0.6797597
0.6830157
0.6895557
0.6846664
0.6890953
0.7009242
0.6963216
0.7081694
0.7159056
0.7397164
0.7223102
0.6859963
0.7096908
0.7103589
0.7347759
0.7499524
0.7519254
0.7497599
0.746432
0.7646508
0.7385918
0.7199484
0.7250145
0.734488
0.7484874
0.725648
0.7401598
0.7673733
0.7515501
0.7533914
0.778079
0.7856428
0.7545548
0.7567627
0.7510876
0.7539651
0.7782413
0.7757235
0.7755602
0.7404685
0.7222881
0.7296521
0.7162114
0.72195
0.7458007
0.7515361
0.7392216
0.7449227
0.7655039
0.7592349
0.7384991
0.7423641
0.7658434
0.7732525
0.7605257
0.7756347
0.812502
0.8001669
0.7781412
0.8080316
0.8210101
0.7847499
0.778677
0.8042355
0.7951997
0.7819166
0.8159639
0.8423465
0.8101598
0.7940289
0.8135458
0.8104972
0.7817464
0.7831986
0.8195397
0.8154541
0.7903311
0.8073306
0.8429761
0.835125
0.8043541
0.8234292
0.8495292
0.825187
0.8033625
0.8335825
0.8589614
0.8252571
0.8071736
0.8430975
0.8483984
0.8105503
0.8093725
0.84007
0.8324414
0.7982421
0.8009732
0.8194765
0.8067799
0.7917136
0.8215315
0.8400282
0.8125594
0.8105398
0.8407653
0.8418535
0.8078197
0.8092512
0.8285658
0.809573
0.8025521
0.8389016
0.8533306
0.8204418
0.8224723
0.8559316
0.8360311
0.8238177
0.8750294
0.9015128
0.8686832
0.8730476
0.8917337
0.8478828
0.839215
0.8664807
0.8479932
0.8328902
0.8585275
0.8985763
0.9170413
0.8984265
0.8834945
0.9099544
0.9097854
0.8602646
0.8632261
0.8908913
0.8978
0.8810064
0.8462956
0.8527481
0.88716
0.8861974
0.8642275
0.8736632
0.8644804
0.8587393
0.8899412
0.9079896
0.8824812
0.8537028
0.8720929
0.8542904
0.8441334
0.8769832
0.8540065
0.8332369
0.8740179
0.8845321
0.8546537
0.8811078
0.8925454
0.8523504
0.863136
0.8699593
0.8512498
0.8750264
0.8752061
0.8655197
0.8904042
0.8743499
0.8589669
0.8828632
0.8738304
0.8387233
0.8272142
0.8562537
0.8600871
0.8518649
0.8903327
0.908306
0.9148485
0.9254225
0.9095101
0.8879622
0.8990062
0.8966059
0.864663
0.8711223
0.8747986
0.8525428
0.8625186
0.8925359
0.8698451
0.8523193
0.8870313
0.9037147
0.8847787
0.8768945
0.9142033
0.9137077
0.8854505
0.9144345
0.9437114
0.9183773
0.892474
0.9248248
0.9333624
0.89444
0.889327
0.9084664
0.8986873
0.8735363
0.8951805
0.9059551
0.8811533
0.8992692
0.909473
0.8829024
0.8958994
0.9104643
0.8916478
0.8889408
0.8976789
0.8843744
0.8660416
0.882182
0.8840922
0.8732917
0.9025538
0.923749
0.8935192
0.8643216
0.8873513
0.9032197
0.8756203
0.8441288
0.8456022
0.8745693
0.8976363
0.9077954
0.8808564
0.8590318
0.8873765
0.8972669
0.8713046
0.8506883
0.8538266
0.8845732
0.8959859
0.8739207
0.8835152
0.9053402
0.8887488
0.8688088
0.8888551
0.9129035
0.8859538
0.8614467
0.8863715
0.9006906
0.8705539
0.8591828
0.8816534
0.9034381
0.8964307
0.8651364
0.8947241
0.931136
0.8931495
0.8679108
0.8967366
0.9177962
0.8928099
0.8709098
0.8918984
0.9055152
0.8944672
0.8679133
0.8551635
0.8718694
0.8913955
0.8879102
0.8613477
0.8723615
0.8974112
0.9150318
0.9056773
0.9033561
0.9363375
0.9644555
0.942461
0.9018476
0.9406046
0.9589824
0.9371897
0.9592699
0.9320675
0.8801007
0.9419915
0.9425627
0.8835977
0.8901599
0.8993613
0.8924126
0.8489596
0.8291659
0.8522335
0.8563682
0.8331414
0.8271708
0.8606857
0.8833079
0.8564776
0.849872
0.8773798
0.866294
0.8438311
0.869081
0.8872604
0.8550817
0.8616688
0.8920978
0.8963746
0.9090384
0.9002878
0.8701256
0.8561723
0.8783436
0.8956241
0.8721004
0.8615442
0.8966298
0.9020661
0.8736658
0.8948356
0.9156226
0.8877858
0.8687331
0.8844151
0.906067
0.8972323
0.8717061
0.8821532
0.9098037
0.9025549
0.8816441
0.8981021
0.9219298
0.9013501
0.8814407
0.9020457
0.9135021
0.8858179
0.8656562
0.8783369
0.8861567
0.873151
0.8684143
0.8964839
0.9190354
0.9022974
0.8853474
0.8992668
0.9108751
0.9275142
0.9284374
0.9083979
0.9279462
0.9510892
0.9548266
0.9526312
0.9520852
0.94445
0.9381564
0.9423436
0.943876
0.9481989
0.9415699
0.904331
0.8986886
0.9396808
0.917011
0.860751
0.8413816
0.8449023
0.8622763
0.8828869
0.8972952
0.9170915
0.9096458
0.8791874
0.8926122
0.9044171
0.894232
0.8763012
0.8536693
0.8436967
0.8429067
0.8302356
0.8165109
