0.837
0.8567783
0.838
0.847
0.833
0.851
0.845
0.824
0.822
0.86
0.875
0.891
0.849
0.8571957
0.844
0.856
0.837
0.823
0.844
0.876
0.868
0.858
0.871
0.893
0.88
0.854
0.884
0.894
0.872
0.868
0.874
0.88
0.85
0.859
0.884
0.88
0.856
0.886
0.8737779
0.857
0.872
0.868
0.844
0.848
0.858
0.852
0.855
0.864
0.856
0.842
0.87
0.855
0.838
0.847
0.861
0.829
0.827
0.851
0.854
0.829
0.842
0.874
0.843
0.86
0.859
0.826
0.833
0.846
0.848
0.818
0.848
0.849
0.844
0.84
0.847
0.841
0.811
0.835
0.855
0.85
0.832
0.837
0.852
0.839
0.826
0.846
0.856
0.844
0.821
0.822
0.862
0.867
0.874
0.856
0.819
0.836
0.842
0.833
0.818
0.832
0.833
0.819
0.831
0.831
0.835
0.827
0.838
0.832
0.824
0.831
0.83
0.827
0.834
0.847
0.834
0.82
0.835
0.828
0.813
0.821
0.832
0.814
0.816
0.826
0.813
0.804
0.825
0.814
0.808
0.804
0.813
0.8
0.802
0.809
0.806
0.803
0.823
0.818
0.804
0.813
0.812
0.818
0.814
0.812
0.819
0.805
0.801
0.812
0.818
0.813
0.8
0.817
0.816
0.813
0.8
0.807
0.814
0.799
0.798
0.822
0.813
0.792
0.807
0.811
0.805
0.8
0.824
0.835
0.817
0.813
0.826
0.816
0.809
0.823
0.823
0.814
0.824
0.824
0.813
0.827
0.829
0.813
0.819
0.821
0.816
0.805
0.813
0.814
0.798
0.797
0.807
0.803
0.792
0.811
0.824
0.8
0.817
0.825
0.815
0.815
0.834
0.827
0.812
0.835
0.846
0.826
0.815
0.835
0.836
0.818
0.833
0.836
0.818
0.83
0.829
0.82
0.817
0.844
0.843
0.824
0.849
0.854
0.825
0.831
0.835
0.809
0.816
0.828
0.817
0.805
0.821
0.827
0.814
0.824
0.835
0.821
0.823
0.836
0.848
0.824
0.831
0.838
0.823
0.83
0.841
0.835
0.818
0.838
0.833
0.815
0.832
0.834
0.818
0.819
0.825
0.817
0.804
0.824
0.822
0.804
0.814
0.822
0.811
0.815
0.819
0.807
0.809
0.814
0.815
0.803
0.812
0.823
0.81
0.81
0.814
0.801
0.801
0.81
0.806
0.794
0.806
0.809
0.8
0.8
0.813
0.815
0.796
0.811
0.822
0.818
0.795
0.819
0.825
0.809
0.808
0.813
0.813
0.795
0.793
0.817
0.818
0.815
0.787
0.789
0.793
0.782
0.77
0.777
0.778
0.771
0.766
0.771
0.771
0.762
0.76
0.763
0.757
0.8007226
0.801649
0.769
0.767
0.79
0.811
0.803
0.793
0.805
0.811
0.798
0.786
0.792
0.814
0.819
0.822
0.801
0.797
0.802
0.804
0.783
0.801
0.81
0.816
0.802
0.801
0.808
0.81
0.81
0.801
0.809
0.818
0.81
0.797
0.815
0.813
0.813
0.795
0.801
0.81
0.818
0.802
0.807
0.824
0.823
0.809
0.809
0.821
0.813
0.827
0.809
0.812
0.819
0.827
0.807
0.804
0.815
0.812
0.796
0.801
0.813
0.811
0.791
0.806
0.811
0.804
0.794
0.811
0.813
0.799
0.801
0.82
0.811
0.799
0.812
0.819
0.805
0.807
0.818
0.81
0.81
0.823
0.841
0.815
0.835
0.833
0.813
0.812
0.821
0.812
0.834
0.8282954
0.816
0.789
0.798
0.788
0.784
0.804
0.78
0.794
0.793
0.784
0.808
0.809
0.799
0.822
0.82
0.8
0.821
0.823
0.811
0.7892451
0.824
0.8
0.7602787
0.812
0.811
0.7641816
0.813
0.7647304
0.7871559
0.77338
0.7725561
0.7670199
0.804
0.799
0.782
0.765
0.753
0.748
0.749
0.732
0.735
0.726
0.729
0.73
0.721
0.721
0.713
0.715
0.713
0.705
0.708
0.704
0.704
0.702
0.703
0.706
0.703
0.703
0.704
0.7
0.706
0.697
0.7
0.705
0.694
0.699
0.694
0.695
0.693
0.69
0.696
0.688
0.689
0.689
0.684
0.688
0.688
0.69
0.688
0.686
0.687
0.683
0.684
0.678
0.68
0.676
0.678
0.688
0.681
0.68
0.68
0.684
0.684
0.679
0.679
0.678
0.673
0.675
0.669
0.671
0.673
0.661
0.664
0.665
0.659
0.662
0.656
0.655
0.655
0.651
0.651
0.651
0.651
0.653
0.652
0.651
0.65
0.651
0.652
0.646
0.648
0.651
0.647
0.65
0.651
0.646
0.648
0.645
0.643
0.647
0.636
0.637
0.641
0.632
0.641
0.644
0.635
0.646
0.638
0.64
0.642
0.63
0.638
0.633
0.626
0.637
0.623
0.604
0.608
0.633
0.638
0.643
0.643
0.648
0.642
0.648
0.643
0.638
0.646
0.634
0.639
0.634
0.635
0.638
0.628
0.639
0.635
0.635
0.64
0.627
0.638
0.631
0.633
0.635
0.628
0.64
0.633
0.638
0.637
0.636
0.64
0.628
0.636
0.634
0.631
0.637
0.631
0.634
0.635
0.631
0.638
0.634
0.633
0.639
0.629
0.632
0.627
0.627
0.629
0.61
0.62
0.613
0.615
0.621
0.612
0.624
0.615
0.615
0.611
0.608
0.621
0.611
0.612
0.619
0.608
0.617
0.625
0.616
0.631
0.644
0.637
0.662
0.655
0.674
0.668
0.661
0.673
0.662
0.654
0.663
0.646
0.652
0.652
0.646
0.66
0.644
0.653
0.665
0.64
0.641
0.662
0.666
0.665
0.657
0.656
0.653
0.647
0.643
0.638
0.64
0.653
0.646
0.655
0.665
0.673
0.665
0.692
0.693
0.697
0.676
0.687
0.691
0.679
0.689
0.679
0.674
0.685
0.689
0.674
0.682
0.692
0.688
0.677
0.693
0.69
0.688
0.702
0.7
0.689
0.713
0.705
0.7
0.715
0.708
0.71
0.719
0.699
0.704
0.712
0.696
0.704
0.702
0.7
0.706
0.709
0.713
0.7
0.709
0.719
0.707
0.718
0.712
0.706
0.714
0.721
0.711
0.706
0.725
0.724
0.712
0.726
0.729
0.718
0.73
0.752
0.726
0.733
0.738
0.718
0.727
0.734
0.717
0.72
0.7128505
0.743
0.728
0.72
0.709
0.722
0.724
0.714
0.727
0.729
0.718
0.729
0.737
0.727
0.727
0.734
0.717
0.724
0.733
0.718
0.714
0.724
0.744
0.73
0.737
0.739
0.741
0.736
0.732
0.73
0.731
0.737
0.718
0.726
0.76
0.741
0.754
0.742
0.742
0.748
0.728
0.732
0.721
0.72
0.718
0.706
0.708
0.713
0.706
0.703
0.716
0.718
0.708
0.716
0.728
0.718
0.717
0.733
0.731
0.726
0.738
0.731
0.719
0.731
0.736
0.733
0.737
0.753
0.768
0.759
0.75
0.765
0.765
0.752
0.763
0.777
0.754
0.757
0.775
0.784
0.766
0.768
0.777
0.773
0.757
0.769
0.754
0.75
0.76
0.768
0.747
0.759
0.77
0.754
0.74
0.763
0.76
0.747
0.743
0.757
0.745
0.733
0.741
0.763
0.776
0.784
0.787
0.76
0.75
0.773
0.789
0.8
0.7870448
0.783
0.765
0.765
0.779
0.794
0.789
0.771
0.768
0.767
0.755
0.749
0.766
0.758
0.74
0.756
0.768
0.753
0.768
0.772
0.756
0.773
0.773
0.76
0.765
0.767
0.757
0.759
0.771
0.764
0.758
0.771
0.777
0.761
0.774
0.789
0.77
0.771
0.784
0.781
0.759
0.782
0.773
0.757
0.775
0.775
0.762
0.768
0.78
0.771
0.759
0.781
0.781
0.765
0.77
0.782
0.766
0.757
0.772
0.77
0.75
0.765
0.772
0.756
0.753
0.759
0.752
0.749
0.7910857
0.757
0.775
0.787
0.775
0.77
0.778
0.805
0.82
0.81
0.789
0.818
0.823
0.784
0.794
0.807
0.776
0.771
0.786
0.785
0.763
0.779
0.798
0.772
0.789
0.813
0.813
0.779
0.798
0.813
0.815
0.787
0.809
0.795
0.82
0.831
0.805
0.804
0.821
0.792
0.795
0.804
0.789
0.809
0.82
0.81
0.786
0.811
0.831
0.7738562
0.8121568
0.8
0.79
0.802
0.823
0.801
0.787
0.804
0.813
0.822
0.802
0.779
0.799
0.819
0.836
0.843
0.806
0.817
0.795
0.805
0.823
0.8
0.789
0.815
0.83
0.813
0.813
0.836
0.816
0.812
0.82
0.809
0.789
0.796
0.798
0.783
0.803
0.794
0.778
0.8
0.818
0.805
0.804
0.823
0.826
0.807
0.833
0.84
0.806
0.813
0.822
0.799
0.775
0.774
0.7962082
0.763
0.7877734
0.7999528
0.7884395
0.7927203
0.761
0.797
0.827
0.828
0.8
0.79
0.813
0.818
0.814
0.814
0.818
0.819
0.794
0.78
0.784
0.772
0.771
0.782
0.795
0.779
0.765
0.771
0.764
0.7952146
0.776
0.786
0.795
0.78
0.775
0.789
0.786
0.773
0.792
0.797
0.776
0.778
0.801
0.786
0.775
0.78
0.79
0.773
0.772
0.798
0.812
0.841
0.836
0.819
0.7808566
0.844
0.836
0.821
0.829
0.82
0.812
0.807
0.821
0.823
0.81
0.811
0.823
0.827
0.8
0.801
0.797
0.79
0.795
0.812
0.795
0.809
0.829
0.812
0.827
0.846
0.821
0.828
0.837
0.816
