0.737
0.742
0.746
0.746
0.76
0.743
0.748
0.755
0.766
0.758
0.762
0.759
0.75
0.767
0.761
0.762
0.761
0.763
0.761
0.764
0.765
0.76
0.766
0.767
0.771
0.77
0.767
0.776
0.771
0.767
0.763
0.763
0.771
0.765
0.759
0.762
0.761
0.759
0.753
0.754
0.74
0.741
0.743
0.742
0.743
0.74
0.744
0.753
0.753
0.751
0.752
0.759
0.762
0.764
0.761
0.757
0.749
0.753
0.752
0.749
0.749
0.748
0.747
0.752
0.75
0.749
0.747
0.75
0.755
0.755
0.755
0.748
0.753
0.761
0.758
0.759
0.752
0.755
0.759
0.755
0.75
0.755
0.761
0.76
0.756
0.757
0.761
0.759
0.76
0.757
0.765
0.766
0.768
0.763
0.76
0.767
0.767
0.766
0.76
0.762
0.764
0.765
0.763
0.758
0.765
0.771
0.766
0.767
0.766
0.767
0.769
0.769
0.77
0.764
0.766
0.769
0.77
0.764
0.764
0.769
0.766
0.765
0.766
0.762
0.765
0.763
0.763
0.765
0.758
0.754
0.745
0.739
0.744
0.744
0.745
0.746
0.748
0.748
0.751
0.755
0.755
0.756
0.756
0.76
0.76
0.759
0.759
0.761
0.765
0.767
0.764
0.759
0.761
0.765
0.761
0.762
0.758
0.756
0.761
0.762
0.756
0.756
0.752
0.756
0.757
0.756
0.756
0.757
0.751
0.758
0.759
0.758
0.754
0.754
0.76
0.762
0.76
0.758
0.753
0.759
0.764
0.762
0.765
0.759
0.762
0.769
0.769
0.766
0.763
0.77
0.771
0.769
0.77
0.766
0.763
0.768
0.765
0.767
0.767
0.762
0.759
0.765
0.765
0.762
0.764
0.761
0.759
0.764
0.765
0.764
0.764
0.758
0.758
0.762
0.76
0.758
0.758
0.765
0.767
0.769
0.764
0.769
0.772
0.771
0.765
0.767
0.77
0.769
0.768
0.765
0.76
0.765
0.768
0.768
0.767
0.76
0.756
0.762
0.763
0.762
0.756
0.759
0.764
0.762
0.76
0.755
0.747
0.743
0.745
0.743
0.738
0.741
0.745
0.749
0.748
0.749
0.754
0.76
0.761
0.763
0.762
0.757
0.766
0.764
0.758
0.765
0.77
0.766
0.766
0.767
0.773
0.772
0.769
0.768
0.773
0.776
0.777
0.777
0.77
0.768
0.773
0.771
0.771
0.771
0.766
0.768
0.774
0.771
0.774
0.771
0.769
0.772
0.774
0.771
0.767
0.767
0.776
0.775
0.772
0.766
0.773
0.774
0.772
0.771
0.766
0.768
0.771
0.771
0.77
0.77
0.765
0.773
0.768
0.763
0.765
0.772
0.773
0.769
0.766
0.775
0.774
0.774
0.77
0.771
0.777
0.772
0.771
0.766
0.766
0.772
0.768
0.763
0.759
0.757
0.765
0.769
0.773
0.77
0.767
0.776
0.777
0.769
0.769
0.772
0.775
0.774
0.773
0.764
0.759
0.75
0.757
0.758
0.758
0.758
0.758
0.768
0.769
0.772
0.769
0.768
0.774
0.773
0.773
0.772
0.767
0.768
0.77
0.769
0.77
0.767
0.771
0.776
0.777
0.771
0.769
0.78
0.777
0.774
0.776
0.774
0.778
0.78
0.776
0.771
0.777
0.78
0.78
0.779
0.771
0.782
0.779
0.777
0.771
0.773
0.779
0.776
0.781
0.775
0.774
0.781
0.784
0.776
0.775
0.782
0.781
0.78
0.783
0.787
0.783
0.778
0.78
0.783
0.78
0.78
0.778
0.774
0.782
0.782
0.78
0.776
0.783
0.782
0.783
0.78
0.773
0.777
0.782
0.776
0.772
0.779
0.78
0.782
0.785
0.785
0.779
0.785
0.787
0.79
0.788
0.782
0.78
0.784
0.781
0.781
0.78
0.775
0.771
0.773
0.78
0.776
0.771
0.773
0.778
0.778
0.768
0.772
0.774
0.762
0.765
0.754
0.752
0.747
0.748
0.74
0.747
0.743
0.741
0.741
0.738
0.741
0.743
0.744
0.742
0.741
0.73
0.737
0.73
0.733
0.735
0.729
0.725
0.723
0.725
0.721
0.718
0.714
0.715
0.702
0.707
0.705
0.702
0.697
0.694
0.696
0.69
0.694
0.695
0.693
0.695
0.684
0.683
0.688
0.688
0.693
0.688
0.693
0.693
0.688
0.687
0.686
0.687
0.681
0.682
0.679
0.68
0.683
0.683
0.687
0.678
0.68
0.676
0.677
0.676
0.676
0.676
0.671
0.671
0.67
0.67
0.675
0.674
0.674
0.671
0.667
0.668
0.667
0.667
0.668
0.668
0.665
0.662
0.677
0.682
0.679
0.683
0.679
0.681
0.675
0.669
0.661
0.666
0.66
0.662
0.665
0.669
0.664
0.661
0.659
0.656
0.654
0.653
0.656
0.651
0.65
0.645
0.646
0.645
0.646
0.646
0.644
0.641
0.635
0.638
0.635
0.635
0.64
0.639
0.633
0.637
0.631
0.633
0.629
0.633
0.629
0.63
0.628
0.625
0.63
0.627
0.626
0.628
0.627
0.627
0.627
0.62
0.629
0.624
0.625
0.62
0.62
0.621
0.622
0.62
0.622
0.617
0.623
0.617
0.62
0.616
0.619
0.617
0.617
0.616
0.616
0.621
0.615
0.62
0.617
0.619
0.62
0.618
0.615
0.613
0.613
0.614
0.611
0.615
0.616
0.612
0.612
0.612
0.613
0.609
0.612
0.61
0.613
0.611
0.614
0.611
0.61
0.609
0.609
0.608
0.607
0.605
0.604
0.605
0.608
0.604
0.606
0.601
0.601
0.601
0.598
0.599
0.599
0.6
0.601
0.605
0.604
0.609
0.617
0.61
0.605
0.614
0.608
0.608
0.607
0.611
0.609
0.627
0.62
0.612
0.619
0.613
0.609
0.606
0.611
0.616
0.621
0.616
0.616
0.618
0.626
0.629
0.625
0.622
0.625
0.629
0.634
0.624
0.631
0.634
0.642
0.64
0.639
0.646
0.643
0.642
0.628
0.633
0.636
0.629
0.644
0.64
0.646
0.641
0.637
0.645
0.616443
0.6195136
0.6361066
0.6223204
0.6228764
0.6375895
0.6259766
0.6099909
0.648
0.646
0.646
0.639
0.634
0.632
0.629
0.631
0.623
0.617
0.619
0.622
0.626
0.619
0.617
0.611
0.616
0.618
0.618
0.607
0.611
0.61
0.613
0.618
0.619
0.606
0.607
0.608
0.618
0.618
0.614
0.608
0.614
0.618
0.621
0.618
0.609
0.61
0.614
0.621
0.619
0.612
0.611
0.616
0.618
0.626
0.613
0.615
0.612
0.619
0.622
0.617
0.61
0.611
0.614
0.617
0.615
0.606
0.606
0.613
0.617
0.615
0.604
0.61
0.617
0.62
0.615
0.61
0.613
0.619
0.623
0.621
0.614
0.608
0.618
0.625
0.624
0.618
0.615
0.615
0.623
0.626
0.62
0.619
0.613
0.619
0.626
0.617
0.617
0.614
0.62
0.625
0.628
0.618
0.616
0.621
0.625
0.626
0.62
0.615
0.619
0.63
0.637
0.644
0.636
0.624
0.635
0.652
0.651
0.643
0.633
0.638
0.657
0.657
0.652
0.643
0.639
0.648
0.659
0.655
0.651
0.64
0.639
0.649
0.65
0.645
0.64
0.652
0.661
0.659
0.648
0.64
0.649
0.662
0.658
0.643
0.64
0.652
0.659
0.66
0.646
0.64
0.645
0.659
0.658
0.655
0.646
0.646
0.667
0.669
0.658
0.649
0.666
0.668
0.657
0.65
0.654
0.672
0.673
0.667
0.658
0.655
0.682
0.677
0.678
0.658
0.657
0.673
0.678
0.677
0.672
0.656
0.659
0.678
0.675
0.662
0.654
0.663
0.673
0.672
0.664
0.656
0.663
0.681
0.676
0.661
0.653
0.665
0.684
0.658
0.658
0.654
0.688
0.677
0.684
0.666
0.66
0.685
0.668
0.659
0.659
0.679
0.673
0.673
0.655
0.656
0.67
0.668
0.67
0.659
0.656
0.663
0.672
0.668
0.656
0.653
0.665
0.678
0.669
0.655
0.65
0.67
0.679
0.68
0.676
0.67
0.66
0.658
0.675
0.678
0.67
0.661
0.665
0.678
0.683
0.677
0.669
0.668
0.674
0.688
0.684
0.677
0.662
0.667
0.673
0.677
0.674
0.663
0.658
0.66
0.674
0.685
0.67
0.656
0.657
0.671
0.68
0.68
0.671
0.659
0.669
0.674
0.673
0.677
0.659
0.65
0.658
0.674
0.671
0.664
0.652
0.654
0.663
0.675
0.661
0.656
0.654
0.674
0.678
0.671
0.665
0.66
0.663
0.688
0.685
0.676
0.668
0.672
0.678
0.687
0.683
0.669
0.667
0.664
0.685
0.686
0.688
0.672
0.67
0.678
0.694
0.696
0.7
0.677
0.672
0.68
0.688
0.69
0.681
0.67
0.666
0.687
0.688
0.689
0.679
0.672
0.677
0.691
0.692
0.676
0.673
0.674
0.696
0.704
0.691
0.68
0.68
0.687
0.696
0.689
0.674
0.675
0.69
0.696
0.686
0.676
0.676
0.696
0.693
0.683
0.675
0.682
0.703
0.695
0.683
0.678
0.682
0.698
0.68
0.676
0.685
0.702
0.704
0.695
0.686
0.685
0.693
0.706
0.693
0.675
0.675
0.687
0.706
0.71
0.688
0.676
0.678
0.677
0.688
0.685
0.696
0.703
0.684
0.675
0.685
0.696
0.699
0.709
0.692
0.682
0.678
0.695
0.693
0.689
0.687
0.675
0.678
0.682
0.688
0.685
0.671
0.676
0.682
0.688
0.686
0.681
0.681
0.686
0.684
0.681
0.669
0.673
0.681
0.686
0.684
0.677
0.678
0.682
0.691
0.693
0.684
0.678
0.683
0.698
0.695
0.685
0.676
0.679
0.689
0.684
0.677
0.668
0.674
0.688
0.687
0.679
0.673
0.666
0.6845279
0.667
0.681
0.69
0.673
0.673
0.675
0.689
0.695
0.693
0.689
0.681
0.683
0.698
0.699
0.696
0.683
0.678
0.678
0.691
0.703
0.708
0.701
0.688
0.689
0.702
0.716
0.713
0.701
0.69
0.697
0.702
0.713
0.708
0.706
0.701
0.702
0.719
0.71
0.708
0.701
0.692
0.706
0.709
0.711
0.703
0.695
0.692
0.712
0.712
0.715
0.696
0.701
0.704
0.6920564
0.72
0.707754
0.699852
0.697
0.707
0.704
0.695
0.678
0.682
0.69
0.69
0.7
0.691
0.681
0.682
0.688
0.706
0.697
0.698
0.686
0.688
0.7
0.705
0.698
0.689
0.683
0.692
0.701
0.706
0.686
0.683
0.689
0.701
