0.6790157
0.6943554
0.6935711
0.6790523
0.6833062
0.7051974
0.7116715
0.6827197
0.6941527
0.6993127
0.6840676
0.6875266
0.6942206
0.7211706
0.7194067
0.6934632
0.7034614
0.7169864
0.7115656
0.690199
0.6992475
0.7183695
0.6944717
0.6885889
0.7169675
0.7253668
0.7064109
0.6923256
0.6924367
0.696185
0.6845716
0.670402
0.6946838
0.7103173
0.6820464
0.6826369
0.707212
0.7174227
0.7078545
0.6877566
0.6855177
0.6939559
0.7096335
0.727744
0.712224
0.7108196
0.7308226
0.7256452
0.7153464
0.7046165
0.6967198
0.6867222
0.6969735
0.7062252
0.7133516
0.735676
0.7247903
0.7070161
0.7148846
0.7400397
0.7493648
0.7343368
0.7114905
0.7178624
0.7190771
0.7114706
0.7420088
0.7344946
0.7135882
0.7068217
0.7053246
0.709084
0.7012873
0.6888516
0.6871418
0.6903879
0.6796009
0.6728349
0.6858138
0.6929171
0.6813844
0.6871391
0.6945079
0.6928972
0.685038
0.6893072
0.707855
0.7069267
0.7018541
0.6940799
0.6948926
0.7051299
0.7013699
0.7004278
0.7042806
0.7247669
0.7228168
0.7071515
0.7098153
0.7121871
0.7137221
0.6952572
0.6868224
0.7104868
0.7174396
0.6944755
0.6962177
0.7070485
0.7109541
0.6949404
0.6859014
0.6940738
0.6884997
0.6985794
0.6915335
0.68881
0.7070608
0.6993248
0.6946083
0.7151222
0.7183192
0.6954921
0.6782906
0.6720878
0.6744365
0.6837773
0.6773436
0.6861439
0.7177794
0.7112702
0.6867821
0.6945734
0.7053905
0.7055169
0.7022136
0.6923648
0.6998911
0.7101405
0.7175254
0.6968458
0.6925084
0.7194385
0.7075125
0.6888225
0.688815
0.6996973
0.7029891
0.6985034
0.6940024
0.702907
0.7178177
0.7067108
0.6868349
0.6777596
0.6842938
0.6906321
0.677373
0.6803343
0.697453
0.6991295
0.7046991
0.6847816
0.6837294
0.7129563
0.7155458
0.7235207
0.7112785
0.6944368
0.6946484
0.6886063
0.6910331
0.6810135
0.6832319
0.7011837
0.6948352
0.6914598
0.7050347
0.7251625
0.7121404
0.6962542
0.6892935
0.6944367
0.6965089
0.6817707
0.6893005
0.6921323
0.6988445
0.6950718
0.6976863
0.7061759
0.7094068
0.6884578
0.6922943
0.7149393
0.6875443
0.6767218
0.681678
0.6836021
0.6772434
0.6697963
0.6632603
0.6723307
0.6799221
0.6699734
0.6746781
0.6808223
0.6788169
0.6765124
0.6797427
0.6785336
0.6894726
0.6871177
0.6752921
0.6889929
0.6960172
0.6962564
0.6931128
0.6883466
0.7043911
0.7153326
0.699072
0.6880796
0.6912657
0.710034
0.6995813
0.6910011
0.6969505
0.7008852
0.7165136
0.6929501
0.6819083
0.6858111
0.6927947
0.6973423
0.6802345
0.6766124
0.6747237
0.6807234
0.6899224
0.6969635
0.7224776
0.7321528
0.7135534
0.7047775
0.709295
0.704667
0.6881118
0.6777648
0.6975386
0.7126678
0.703568
0.7265871
0.7346822
0.7151699
0.7071237
0.714069
0.7488196
0.74764
0.7402442
0.7339923
0.7132403
0.7204824
0.725567
0.7269978
0.7262024
0.7088494
0.6854618
0.6846058
0.6821587
0.6700576
0.6677611
0.668769
0.6674559
0.661868
0.7034548
0.7290746
0.6705944
0.6599972
0.6784814
0.6802783
0.6897748
0.6857439
0.6895665
0.6919738
0.7090329
0.6991122
0.6775095
0.6894054
0.6950163
0.6972003
0.6873082
0.6738018
0.6868966
0.6959817
0.6827881
0.6761325
0.6700025
0.6795138
0.7135601
0.7305671
0.7383298
0.7513258
0.7186315
0.6899508
0.7186426
0.7090232
0.699741
0.7047012
0.7081119
0.7402942
0.7375478
0.7278794
0.7310487
0.723938
0.7115145
0.7057344
0.7044961
0.7122194
0.7122534
0.6921477
0.6870339
0.6750602
0.6851778
0.7123887
0.7009662
0.6908129
0.7049751
0.7360193
0.7479707
0.7376924
0.7299078
0.7169455
0.7109352
0.7197491
0.7140325
0.6936361
0.6871656
0.6956071
0.7181042
0.726719
0.7041675
0.6998735
0.720742
0.7271118
0.7296275
0.7203927
0.7049296
0.7188503
0.7535651
0.7544478
0.7399115
0.7436595
0.7411041
0.7492636
0.7383558
0.7102044
0.7068537
0.7231638
0.7331511
0.72122
0.7049509
0.6956096
0.6936044
0.6989585
0.7100883
0.6917543
0.6890536
0.7051198
0.6938174
0.6956299
0.6745007
0.6779651
0.7218348
0.7125296
0.7132394
0.7383896
0.712067
0.6742644
0.6732926
0.6821927
0.6812869
0.6835703
0.6888935
0.6902209
0.6983866
0.6981152
0.6883844
0.7015313
0.7368989
0.7402956
0.7434884
0.7344347
0.7357353
0.7471639
0.7164613
0.7484799
0.760433
0.7525612
0.7701304
0.7457491
0.7224899
0.7272267
0.7309497
0.7181272
0.7024998
0.6980536
0.7090202
0.7389031
0.7468587
0.7129608
0.7060709
0.7245787
0.7214918
0.7094972
0.7031053
0.6973605
0.7268986
0.7390017
0.7209103
0.7255808
0.7265359
0.7329206
0.7463686
0.7290993
0.7203302
0.733563
0.7409238
0.734091
0.719025
0.7083193
0.7140742
0.7273235
0.7033489
0.6945845
0.7078029
0.7252568
0.7315
0.7030843
0.6921803
0.7039488
0.703648
0.6970953
0.6923526
0.6949774
0.7044115
0.7120052
0.7117493
0.7014342
0.6970035
0.7093276
0.7224227
0.6978504
0.6895997
0.6999098
0.702797
0.7345428
0.7381463
0.7042004
0.7051354
0.7166453
0.7084989
0.6992395
0.686673
0.6889853
0.6935994
0.6865886
0.6814176
0.6710249
0.6739373
0.6804842
0.6647411
0.654628
0.6707753
0.6901636
0.6696891
0.6629034
0.6856187
0.6932688
0.6896544
0.6775232
0.6831768
0.6880398
0.693843
0.6925222
0.6765677
0.678199
0.6722321
0.6708174
0.6802816
0.6896044
0.691752
0.6782381
0.6647775
0.684735
0.7047595
0.6721939
0.6689481
0.6849409
0.6877815
0.6971893
0.6856258
0.6768538
0.6743259
0.6705387
0.6528482
0.6395102
0.6678923
0.655301
0.652652
0.6845422
0.6726048
0.670832
0.6611518
0.6407304
0.632695
0.6327318
0.6485025
0.660908
0.6603085
0.6628014
0.6717726
0.6750527
0.669153
0.6681592
0.6664533
0.660484
0.6635305
0.6574964
0.6492423
0.6510849
0.6469577
0.6262491
0.6066624
0.5986477
0.5944446
0.584899
0.575805
0.5731733
0.5697666
0.5685216
0.5682979
0.5656239
0.566868
0.5675843
0.5634513
0.5628901
0.5650564
0.5647344
0.558892
0.5580047
0.5638046
0.5626522
0.556347
0.5574341
0.5576978
0.555959
0.5622299
0.5630005
0.5559427
0.5524953
0.555777
0.5533476
0.5493636
0.5482257
0.5460784
0.5424625
0.5367784
0.5399117
0.5400859
0.5365219
0.537332
0.5377752
0.5347515
0.5306031
0.5338199
0.5367241
0.53639
0.5320757
0.5307769
0.5304758
0.5269289
0.5270541
0.5258193
0.5242745
0.52262
0.5226648
0.5230906
0.5208751
0.5214542
0.5244741
0.5231377
0.5211856
0.5206396
0.5217054
0.5196166
0.5158883
0.5182496
0.5206126
0.519118
0.5148597
0.5145829
0.5161713
0.5158755
0.5139004
0.5123707
0.5125374
0.5114189
0.511781
0.5120043
0.5122083
0.5148349
0.5137278
0.511602
0.5112562
0.5142369
0.5161582
0.5128998
0.5123255
0.5114135
0.5108882
0.5097447
0.5075068
0.5085926
0.5092642
0.5076361
0.5053993
0.508085
0.5115087
0.5104214
0.5085675
0.5086478
0.5158934
0.5224977
0.5190501
0.5153786
0.5144862
0.5136556
0.5132473
0.5150872
0.514301
0.5110507
0.5131639
0.5111899
0.5083665
0.5072582
0.5049953
0.5038714
0.5022045
0.5007411
0.5015536
0.5032445
0.5016059
0.5017297
0.5030622
0.5029985
0.5007055
0.4986115
0.499373
0.4995844
0.4994184
0.4984994
0.4998192
0.5019476
0.5020742
0.4996328
0.4977155
0.4981886
0.4978183
0.4949066
0.4924127
0.4958993
0.496482
0.4960271
0.4976871
0.4973924
0.4975789
0.4962945
0.493693
0.4924644
0.4958672
0.4976278
0.4976987
0.4979989
0.499422
0.501194
0.4976264
0.4923756
0.4899172
0.4923012
0.4933383
0.4939806
0.4935915
0.4950291
0.4974545
0.4978472
0.4978051
0.4952805
0.4970916
0.4973749
0.4948635
0.4940806
0.4940553
0.4926646
0.4927738
0.4950126
0.4949589
0.497325
0.4971195
0.4941434
0.49388
0.4952712
0.4976855
0.4970341
0.4973483
0.498341
0.5000449
0.498194
0.4943575
0.4978664
0.4963825
0.494306
0.4942152
0.4942801
0.4964464
0.4954982
0.49344
0.4927682
0.4931332
0.4906666
0.4863369
0.4838545
0.4864948
0.4880403
0.4849334
0.4854784
0.4883561
0.4862873
0.4829338
0.4809945
0.482434
0.4864047
0.4863294
0.4870171
0.4865104
0.4848393
0.4861231
0.4846204
0.4859333
0.4886624
0.485075
0.4811522
0.4810209
0.4830321
0.4826636
0.4815635
0.4835336
0.4875895
0.489009
0.4847981
0.4859624
0.487295
0.4817182
0.4785197
0.4797052
0.4788549
0.4786535
0.4788837
0.4896962
0.5175197
0.5240125
0.5058528
0.5118303
0.5170138
0.4921967
0.4817175
0.4848001
0.4910127
0.4971685
0.4992166
0.5025321
0.5012318
0.506721
0.5190482
0.5199796
0.515412
0.5201821
0.531964
0.5237823
0.5154561
0.5419853
0.5473376
0.5243473
0.5188104
0.5174755
0.5140141
0.5127257
0.5160182
0.5248196
0.5254836
0.5306931
0.5294488
0.5261975
0.5377156
0.5370893
0.5293555
0.5233859
0.5335789
0.5378288
0.5327821
0.5343002
0.5266496
0.5362185
0.5448103
0.5408341
0.5398359
0.5362176
0.5372165
0.5394833
0.5351165
0.5268746
0.5259018
0.5253682
0.5444306
0.5693936
0.5512292
0.5331579
0.531151
0.5374132
0.5462998
0.5493736
0.5474225
0.5379917
0.5464865
0.5550417
0.547758
0.5482649
0.5542955
0.5556506
0.5686306
0.56761
0.554917
0.5627198
0.5717757
0.5706543
0.5643707
0.5642555
0.5641156
0.5656947
0.565285
0.5524203
0.5566824
0.5690729
0.5621307
0.5534859
0.5572024
0.5644857
0.5684787
0.5647406
0.5632806
0.566156
0.5683339
0.5757269
0.575397
0.5699375
0.5614034
0.5812521
0.6100356
0.6014362
0.6014094
0.5992233
0.574796
0.5714057
0.5829716
0.5734219
0.5653395
0.5736273
0.5791098
0.5762751
0.5733281
0.577858
0.5796689
0.5863146
0.5904352
0.5903734
0.5852876
0.5878599
0.5910588
0.5828143
0.5821084
0.5797997
0.5985113
0.5970477
0.5897806
0.592439
0.5886621
0.6031669
0.6057449
0.6005194
0.589617
0.5826636
0.6062835
0.6386977
0.6297486
0.6215834
0.6309425
0.6171993
0.612627
0.6109635
0.6182133
0.6494674
0.6278801
0.6124192
0.6364508
0.6349876
0.6190455
0.6096082
0.6265198
0.6355167
0.6265505
0.6173585
0.6188616
0.6288098
0.620602
0.609702
0.6269674
0.6343161
0.6245986
0.6155583
0.6196738
0.6353104
0.6316703
0.6239145
0.6221312
0.6275874
0.6315347
0.6342088
0.6236507
0.6057104
0.6248424
0.6413252
0.6259561
0.6247295
0.6256377
0.6184603
0.6405212
0.6578353
0.6401089
0.6174233
0.6185594
0.6328462
0.6254601
0.6126623
0.6214993
0.6359295
0.6406126
0.6324938
0.6322291
0.6521826
0.6534311
0.6359813
0.6275595
0.630052
0.636784
0.6299474
0.6132837
0.6110038
0.6176511
0.6225045
0.6161574
0.6113425
0.6139403
0.6235134
0.6453249
0.6477948
0.6288217
0.6162361
0.613775
0.6145562
0.6173221
0.6029951
0.5953982
0.5927287
0.5990988
0.6106172
0.6160212
0.6190943
0.6172736
0.6265277
0.6356579
0.6340197
0.614405
0.6131038
0.6091023
0.595699
0.6048845
0.6134685
0.6188393
0.6182206
0.6143793
0.6256123
0.631871
0.6454148
0.6503954
0.6334831
0.6334169
0.6381944
0.6398663
0.6309557
0.6233612
0.6320398
0.6416584
0.6427424
0.63268
0.6296388
0.6438653
0.653104
0.6495793
0.6367557
0.6294968
0.6367867
0.6461485
0.6414298
0.6269629
0.6316687
0.6378563
0.6402145
0.6438495
0.6392133
0.6392133
0.6360233
0.6394373
0.6308334
0.6173844
0.6245769
0.6146549
0.629755
0.649789
0.6439873
0.6491956
0.6313719
0.6085309
0.5967321
0.5827774
0.5720543
0.5767408
0.5959714
0.611822
0.6044498
0.5786688
0.5786389
0.5880503
0.5938828
0.5924133
0.5801513
0.5851013
0.5940704
0.6004886
0.5957774
0.5797633
0.5838143
0.5909319
0.5905279
0.5922352
0.5828284
0.5831334
0.5973763
0.595402
0.5994563
0.598116
0.5861947
0.5924093
0.5990295
0.6066359
0.6013363
0.5956508
0.6082974
0.6106697
0.607811
0.6102696
0.6070503
0.6091963
0.623881
0.6323898
0.6302111
0.6237342
0.6240361
0.6241765
0.6224095
0.6176931
0.6177032
0.6279848
0.6293901
0.6256967
0.6200056
0.6187617
0.6174656
0.6174414
0.6243875
0.6284827
0.6281832
0.6203561
0.6165265
0.6248767
0.6293063
0.6200678
0.610526
0.606458
0.5992237
0.5954612
0.5941084
0.5989792
0.6095334
0.6121121
0.6186615
0.6233705
0.6286586
0.6298832
0.6226858
0.6325461
0.633256
0.6339391
0.6416029
0.6443345
0.6489242
0.6382003
0.6377609
0.6383907
0.6372733
0.6338158
0.6278281
0.6326715
0.6490463
0.6640961
0.6451752
0.6355331
0.6402774
0.640427
0.637549
0.6277437
0.6190847
0.6256995
0.6291861
0.6161879
0.6090575
0.6173225
0.6576864
0.6726201
0.6456496
0.6358987
0.6388992
0.6356423
0.6351031
0.6408111
0.6373017
0.6313251
0.6339569
0.6412536
0.6462982
0.6421831
0.6417214
0.6436237
0.6483269
0.6504502
0.6393798
0.633319
0.6381299
0.6513041
0.6608822
0.6609248
0.6501235
0.6398881
0.6413336
0.6368151
0.6264153
0.6286926
0.6301085
0.6422195
0.6622932
0.6519869
0.6462115
0.658497
0.6629698
0.6541613
0.6468675
0.6602909
0.6668231
0.6529036
0.6450053
0.6493817
0.6587593
0.6591511
0.6577491
0.6574691
0.6573273
0.6680201
0.6652066
0.6536429
0.6626827
0.6742595
0.6723773
0.6609815
0.6541407
0.6544971
0.6626929
0.664436
0.6508129
0.6503249
0.6539741
0.6633294
0.6656215
0.6517177
0.6524927
0.6655986
0.6715553
0.6672024
0.6608262
0.6574632
0.660973
0.6679577
0.6583611
0.6583299
0.6769479
0.6801465
0.6703916
0.6577674
0.6551277
0.6642153
0.6734582
0.6627635
0.6531265
0.6619304
0.6632193
0.6557012
0.6461653
0.6314181
0.6304536
0.643113
0.6645791
0.686427
0.6899626
0.680249
0.6571234
0.6446263
0.6449808
0.6431852
0.6372074
0.6314202
0.6360523
0.6449227
0.6496667
0.6503112
0.647328
0.6518222
0.6559935
0.6467775
0.6407926
0.6435615
0.6449374
0.635413
0.6262776
0.628199
0.6348207
0.6333001
0.6214932
0.6141889
0.6194563
0.617093
0.6064876
0.604882
0.6026861
0.6052482
0.6067004
0.6050203
0.6099576
0.6117304
0.615827
0.6173433
0.6173243
0.620327
0.6241032
0.6318899
0.6278706
0.6244299
0.6257748
0.6281269
0.6388558
0.6356951
0.6283077
0.6318425
0.6383177
0.6344279
0.6252704
0.6227298
0.6202795
0.6232874
0.621656
0.618209
0.6182994
0.6204049
0.6274078
0.6269968
0.6254821
0.6274016
0.6331152
0.6316053
0.6229162
0.6190739
0.6182551
0.6263577
0.6317425
0.6259804
0.6203058
0.6166176
0.6224657
0.6307031
0.6257337
0.6197192
0.6149606
0.6170865
0.6221797
0.6164069
0.6110503
0.6132949
0.622047
0.6205267
0.6144149
0.61651
0.6096162
0.6133831
0.6221449
0.6179603
0.6173074
0.62087
0.6350763
0.637761
0.6247439
0.6229343
0.6270087
0.6343983
0.6377706
0.6276345
0.618015
0.6250989
0.6306226
0.6266539
0.6186429
0.611111
0.6142632
0.6207106
0.6239801
0.6172762
0.6138091
0.6212579
0.6241991
0.6228958
0.6164684
0.6113003
0.6137334
0.6151227
0.6126092
0.6062533
0.6021187
0.6075156
0.6195511
0.6257681
0.6240781
0.6198029
0.6231174
0.6292609
0.6387097
