0.7132527
0.7047733
0.7028978
0.6981252
0.6872025
0.6809644
0.6961281
0.7185451
0.7664752
0.7899195
0.7377383
0.739459
0.7677847
0.7522311
0.7662366
0.775802
0.7706003
0.7738942
0.7720711
0.7744022
0.7749346
0.7656973
0.7566958
0.7535268
0.7480018
0.7447048
0.7516722
0.7578696
0.7847749
0.783618
0.764247
0.7736979
0.7717945
0.7894744
0.7934544
0.7775136
0.7771645
0.7682535
0.7526186
0.7442796
0.7369263
0.7321388
0.7379111
0.7284286
0.709203
0.7047219
0.7115468
0.7271068
0.7421893
0.746363
0.7455592
0.7444907
0.7434638
0.7392446
0.7261053
0.7158493
0.7118575
0.706267
0.7073087
0.7215043
0.7446249
0.7649508
0.7854967
0.791523
0.7840301
0.7808748
0.7760434
0.7710179
0.7603221
0.752658
0.7487595
0.7437004
0.7455713
0.7448873
0.7424712
0.7480101
0.7579759
0.7691674
0.7863184
0.8031635
0.8080971
0.795826
0.7776249
0.7700456
0.7589082
0.7448272
0.7371091
0.728903
0.7233667
0.7228986
0.7251199
0.7391032
0.7593331
0.799316
0.814407
0.755275
0.7604135
0.8167509
0.8184162
0.8048038
0.7920689
0.7879701
0.7817689
0.768775
0.7623775
0.7621179
0.763567
0.7602444
0.759183
0.7606573
0.7681363
0.781714
0.7887445
0.7980356
0.8071674
0.8021341
0.7909108
0.7812044
0.77282
0.7652406
0.7543492
0.7441322
0.736678
0.7284277
0.728327
0.7334721
0.7454502
0.7710674
0.7963832
0.813277
0.8143975
0.8025599
0.7926904
0.7886775
0.7805166
0.7644552
0.7541842
0.7464434
0.7445458
0.7513876
0.7620862
0.7768714
0.800058
0.8229853
0.8303258
0.8306191
0.8214356
0.8136582
0.8118816
0.8016903
0.791766
0.7817702
0.7705662
0.7657745
0.7631093
0.7655454
0.7744866
0.7801335
0.7840652
0.7921774
0.8050864
0.8231991
0.8404214
0.8434608
0.8354951
0.8230791
0.8136635
0.8057528
0.7922394
0.7798914
0.765793
0.7570925
0.7591586
0.7605154
0.7606854
0.7667346
0.7762068
0.7914623
0.8091225
0.8228809
0.8326999
0.8304446
0.8217289
0.8175797
0.8164282
0.8066536
0.7861299
0.7717335
0.765237
0.7655067
0.7758087
0.7914383
0.8006356
0.7991642
0.8014307
0.8006531
0.7868924
0.775849
0.7710711
0.7637391
0.7575739
0.7611406
0.7774949
0.79499
0.8047035
0.8101527
0.8104468
0.8042705
0.7957664
0.786071
0.7749402
0.7618409
0.7472171
0.7439208
0.7432147
0.7348402
0.7316526
0.736727
0.7519667
0.7684734
0.781745
0.796157
0.8031586
0.8038607
0.8018317
0.7960832
0.7955528
0.7914322
0.7809066
0.7741527
0.7655978
0.7521334
0.7391905
0.7332219
0.7318511
0.7367365
0.7439185
0.7525831
0.7642302
0.7759659
0.7912082
0.8055194
0.8208619
0.8278778
0.8175517
0.8058764
0.7958719
0.7864403
0.7772756
0.7691143
0.7604418
0.7509116
0.7484849
0.7438896
0.7420241
0.746759
0.7570438
0.7716049
0.7834607
0.7988462
0.8026211
0.7946741
0.7926567
0.7899384
0.7774332
0.7629907
0.7597702
0.7542233
0.7420876
0.7340324
0.7280685
0.7273885
0.7294433
0.740696
0.7611345
0.7764993
0.7806869
0.7806847
0.7854468
0.7859747
0.7821436
0.7731982
0.7611303
0.7518337
0.7455169
0.7424786
0.7473623
0.7606881
0.7754088
0.7927735
0.806679
0.8119578
0.8107172
0.8129773
0.8097486
0.7919916
0.7765082
0.7654603
0.7590621
0.7602123
0.7671211
0.7779604
0.7878589
0.7939164
0.7947575
0.7910928
0.782541
0.7793961
0.778952
0.7653062
0.7581173
0.7615842
0.7557303
0.7577908
0.7730852
0.7857624
0.8006202
0.8093503
0.8086875
0.7982418
0.7867146
0.7831719
0.7743884
0.7750484
0.7844363
0.7851649
0.7851561
0.7810951
0.7699007
0.7714489
0.7709896
0.7549244
0.7447876
0.744545
0.7496913
0.7562182
0.7606513
0.7644077
0.7652227
0.7572155
0.7538347
0.7567834
0.7584648
0.7647759
0.7687352
0.7705246
0.7677318
0.7616663
0.7615654
0.7522279
0.7429893
0.7438609
0.7475907
0.7475608
0.7349607
0.7225365
0.7133033
0.709422
0.7092436
0.6945593
0.688554
0.7339337
0.7617077
0.7546513
0.7391674
0.690705
0.6815429
0.7034939
0.7165279
0.7383815
0.755175
0.7644778
0.7682898
0.7663337
0.7606492
0.7610056
0.7568647
0.7466206
0.7414272
0.7499757
0.7563969
0.7199742
0.7068381
0.7448868
0.7175304
0.6788096
0.7144704
0.6953024
0.6930227
0.7265727
0.7134214
0.7398376
0.7390716
0.7212148
0.7135777
0.6977669
0.698651
0.6832073
0.6724266
0.6765085
0.6727261
0.6656964
0.6678506
0.6650828
0.6552365
0.6532768
0.6511972
0.6459995
0.645276
0.6489082
0.6507148
0.6493247
0.6453644
0.6431286
0.6447899
0.6418006
0.6408211
0.6395236
0.6358844
0.6383523
0.6358906
0.6339182
0.6401379
0.6390327
0.6321912
0.6300849
0.6275988
0.6257887
0.6249235
0.6199284
0.6186077
0.6179233
0.6153457
0.6145761
0.6112301
0.6068551
0.6042463
0.6038903
0.604025
0.605166
0.6055647
0.603438
0.5982344
0.5942186
0.5936974
0.5934115
0.5935215
0.5879452
0.58485
0.5857798
0.5821043
0.5779624
0.5751067
0.5762461
0.5785211
0.5751115
0.5712031
0.5719764
0.5739731
0.5727359
0.5693258
0.570049
0.5727892
0.5731181
0.5729189
0.5708463
0.567225
0.5637154
0.5603604
0.5632198
0.5695684
0.5700209
0.5670258
0.5672695
0.56519
0.5600248
0.5603389
0.5602554
0.5590297
0.5565532
0.5527209
0.553491
0.5554194
0.5543541
0.5505871
0.5497846
0.5510633
0.5509407
0.5477291
0.542375
0.5420522
0.5426141
0.5415477
0.5402679
0.5344359
0.5311266
0.5306052
0.5307313
0.528705
0.5235259
0.5227031
0.52209
0.5233104
0.5242606
0.5229274
0.520801
0.5195647
0.5213933
0.5214631
0.5194619
0.516513
0.5157419
0.5150069
0.514241
0.5146334
0.5099572
0.5054725
0.5033469
0.5041421
0.5054199
0.5048199
0.5061434
0.5023534
0.499219
0.4995774
0.4995897
0.5003189
0.4996219
0.4961436
0.4953772
0.497396
0.4976437
0.4983667
0.4963318
0.4939311
0.4907204
0.48876
0.4923451
0.494387
0.4946983
0.4941228
0.490762
0.4873474
0.4890873
0.4926729
0.4921312
0.4910027
0.489862
0.4893383
0.4895376
0.4895686
0.4892927
0.4865896
0.4857217
0.4860983
0.4860352
0.4880508
0.4876032
0.4844579
0.4826188
0.4847205
0.4869541
0.487157
0.4888939
0.4866331
0.482659
0.4824459
0.4847108
0.488269
0.486152
0.4822371
0.4806159
0.4807124
0.4854491
0.4870592
0.4861683
0.4834066
0.4799446
0.4789664
0.4803745
0.4834618
0.4833657
0.4849881
0.4833095
0.4802467
0.4805528
0.4783868
0.4789632
0.4808222
0.4823583
0.4834101
0.483746
0.4796277
0.4749382
0.4761151
0.4756592
0.4767275
0.4790145
0.4801186
0.4829284
0.4838224
0.4799205
0.4774922
0.4784529
0.4796242
0.481358
0.4814908
0.4805468
0.4793935
0.4787166
0.4793073
0.4818779
0.4816404
0.4874833
0.491165
0.4795745
0.4810673
0.4900853
0.4942496
0.5006518
0.5030211
0.50306
0.5061846
0.5107196
0.5142724
0.5143708
0.5116928
0.5148608
0.5208874
0.5218274
0.5213033
0.522777
0.5230119
0.5231935
0.5247458
0.527435
0.5304149
0.5293032
0.5290716
0.5296378
0.5295878
0.5313812
0.5292337
0.5260411
0.5249008
0.521968
0.5214143
0.524598
0.5251075
0.5273724
0.5324439
0.533294
0.5339472
0.5359545
0.5381654
0.5385187
0.5376703
0.5438865
0.5483743
0.5467162
0.5496815
0.5540712
0.5570245
0.5609862
0.5616554
0.5593935
0.5598439
0.5632285
0.5667093
0.570372
0.5779611
0.5879602
0.5947831
0.602576
0.6133832
0.6180046
0.6293137
0.6347478
0.6524901
0.6546242
0.5978881
0.5920696
0.5968766
0.5855762
0.6273498
0.6168375
0.6053955
0.6531258
0.6403856
0.6180948
0.6199767
0.6376151
0.6692731
0.6593365
0.6363254
0.631532
0.6491502
0.6541021
0.6556664
0.6624603
0.649191
0.6417758
0.6375994
0.6318605
0.6245094
0.6182343
0.6209736
0.6260669
0.6286249
0.6272703
0.6213528
0.6160935
0.6215963
0.6277863
0.6304597
0.6355494
0.631474
0.6275149
0.6380236
0.6484268
0.6513311
0.6494006
0.6423244
0.6349154
0.6379471
0.6479236
0.6548877
0.6578819
0.655814
0.6489877
0.6500426
0.6587332
0.6641448
0.6689088
0.6729626
0.6648853
0.6573211
0.6650916
0.6646264
0.662478
0.660428
0.6508738
0.6530643
0.6627934
0.6712103
0.6742146
0.669551
0.6702495
0.6754224
0.6742341
0.674235
0.6687129
0.6611206
0.6708775
0.6800642
0.6811375
0.6760057
0.6719664
0.6803758
0.6859866
0.6894213
0.6887358
0.6836417
0.6890942
0.6952434
0.69695
0.6944081
0.685569
0.6876016
0.6914159
0.6900162
0.6896622
0.6897009
0.6966673
0.7017674
0.7034356
0.7031557
0.6999434
0.7025744
0.7082268
0.7083928
0.7090381
0.7106309
0.70493
0.6995421
0.6984381
0.6931389
0.6916908
0.6916256
0.6887627
0.686961
0.6797434
0.6814994
0.6899662
0.6963482
0.697819
0.6889189
0.6893258
0.6983381
0.6980122
0.6920415
0.6836491
0.6656457
0.6559351
0.6677575
0.6795464
0.6866556
0.6953049
0.7003545
0.7004646
0.6962609
0.6886544
0.6859476
0.6857111
0.6822943
0.6775612
0.6770264
0.6808456
0.6831192
0.6870957
0.688408
0.6901316
0.6957388
0.696924
0.7018031
0.7120348
0.7198747
0.7249207
0.723613
0.7374523
0.7582131
0.7523062
0.7416759
0.7425574
0.7476543
0.7520611
0.7506045
0.7430904
0.7351721
0.7387826
0.7456015
0.7452584
0.7482319
0.7524044
0.7525324
0.7502796
0.7456585
0.7414467
0.7419455
0.739334
0.7318747
0.7283298
0.726664
0.734327
0.7405277
0.7387784
0.7413743
0.7490045
0.7499063
0.7366926
0.7326799
0.734571
0.7372627
0.7410156
0.7357544
0.7349456
0.7388522
0.7355936
0.7263263
0.722308
0.7247386
0.7283382
0.7326614
0.7317907
0.7240298
0.7206077
0.7122318
0.6938751
0.6872574
0.6861968
0.684256
0.674462
0.6659559
0.6520569
0.6647363
0.7184871
0.7322477
0.7064533
0.6746127
0.6727828
0.6786325
0.6782995
0.6878074
0.6825241
0.6771329
0.6778554
0.6781064
0.6722913
0.6741177
0.686598
0.6896956
0.6908003
0.6950342
0.7069414
0.7258188
0.7354442
0.7374929
0.7362193
0.7350829
0.7402838
0.7408613
0.7342328
0.7265633
0.7085486
0.6914347
0.6880292
0.6912013
0.7001815
0.7128223
0.7139595
0.7074516
0.7101044
0.7078182
0.7085811
0.7134534
0.7062358
0.739331
0.7620017
0.7119948
0.705135
0.7313651
0.7185835
0.7043104
0.6897671
0.6796194
0.6901804
0.6988166
0.6959746
0.7088987
0.7233938
0.7249473
0.7345627
0.7394256
0.7423851
0.7458584
0.7354305
0.7219592
0.7131424
0.7115151
0.7165286
0.7225323
0.7228014
0.7206045
0.7302387
0.7242711
0.711501
0.7076707
0.6885425
0.6848767
0.6895885
0.6894324
0.6974049
0.6990946
0.7003614
0.6977761
0.6973103
0.701047
0.7001014
0.6975844
0.693572
0.6914737
0.6850209
0.691891
0.7227273
0.7547832
0.7576218
0.7431451
0.7347276
0.7331185
0.7410417
0.7331259
0.7034044
0.7087695
0.7475884
0.7647692
0.7684477
0.7611799
0.7508716
0.7433735
0.7297328
0.7161689
0.716384
0.7193539
0.7196231
0.727168
0.7283715
0.736858
0.7415074
0.7282351
0.7172655
0.7129349
0.7111316
0.7120939
0.7171084
0.7249923
0.7295566
0.7305137
0.7291735
0.7281755
0.7319829
0.7269225
0.7210906
0.7204437
0.7088683
0.7079442
0.717332
0.7174088
0.7212475
0.7228612
0.7195053
0.7150075
0.7071219
0.7042812
0.7046551
0.7043354
0.7081058
0.711403
0.7050718
0.7084819
0.7186812
0.72248
0.7319585
0.7293243
0.7095874
0.696168
0.6954138
0.7028713
0.7120224
0.7154831
0.7201374
0.7264134
0.7263686
0.7224394
0.7210174
0.7262259
0.7293061
0.7254272
0.7207558
0.7171765
0.7128079
0.7126524
0.7162874
0.714165
0.7135408
0.7216785
0.7223098
0.7193196
0.7193722
0.7144062
0.7076237
0.7103504
0.7171003
0.7222835
0.7429692
0.7559663
0.7422812
0.7306925
0.7305412
0.7290876
0.720534
0.7163005
0.7118411
0.7192726
