0.782031
0.7884488
0.8096301
0.8123411
0.7911661
0.7815468
0.7996692
0.7913202
0.7793031
0.8039437
0.822128
0.8006087
0.7752491
0.7722541
0.7670046
0.7572623
0.7497009
0.7513032
0.7716741
0.7812041
0.7685786
0.7768441
0.7969871
0.7937091
0.7850239
0.8030647
0.8230523
0.8059109
0.8282992
0.832579
0.7951438
0.8140963
0.8147351
0.8210308
0.8417233
0.823404
0.8066321
0.8205744
0.8162954
0.797279
0.7859592
0.7826481
0.8055075
0.8093268
0.8027404
0.7760723
0.7501988
0.7569772
0.7537952
0.750411
0.7518969
0.754962
0.7907843
0.8282525
0.7951833
0.7463107
0.7521083
0.7563036
0.7613772
0.7602918
0.7456031
0.7996501
0.8288696
0.7458778
0.7434962
0.7924356
0.7474968
0.7404598
0.781678
0.7997394
0.7932515
0.7912291
0.8083068
0.8284846
0.842023
0.8319797
0.8332075
0.8413336
0.8334333
0.8157689
0.8460954
0.8458084
0.7960857
0.8376964
0.8639133
0.8525048
0.8444289
0.8199004
0.8226501
0.843735
0.8492344
0.835797
0.8176773
0.8177713
0.8367766
0.8411284
0.8337255
0.825314
0.8400949
0.8633956
0.8648025
0.848086
0.8309848
0.8407843
0.8549026
0.8560402
0.8391096
0.8127447
0.8065281
0.8102481
0.8050324
0.7817833
0.7773919
0.804789
0.8264216
0.8316344
0.8105314
0.7982323
0.8083731
0.8157273
0.8120026
0.7903777
0.7860702
0.7937472
0.8003188
0.8088189
0.786824
0.7745604
0.7944496
0.81121
0.8102606
0.7936112
0.794353
0.8091686
0.8154039
0.7997083
0.7752549
0.7776123
0.8029461
0.8240488
0.8169824
0.7954602
0.8031848
0.8223812
0.817512
0.7924644
0.7854644
0.8054563
0.8178174
0.8108706
0.7799058
0.7661329
0.7730084
0.7776103
0.7772468
0.7668354
0.7694586
0.7868014
0.8016782
0.7989875
0.7862905
0.790183
0.8189718
0.8367062
0.8222133
0.8022942
0.804538
0.8245003
0.8232186
0.814251
0.8209313
0.8245648
0.8156102
0.8028087
0.8109874
0.8225766
0.8181708
0.8040568
0.7740362
0.7550341
0.7571223
0.768726
0.7793191
0.7661245
0.7624355
0.7791596
0.7974061
0.8026562
0.7904373
0.7561381
0.7447
0.7689442
0.7626143
0.762163
0.7632188
0.7644142
0.786118
0.7949958
0.7815317
0.7645716
0.7607076
0.7715677
0.779889
0.7607558
0.750541
0.7725659
0.7942961
0.7889874
0.779263
0.7862509
0.8167134
0.8395133
0.805234
0.7889149
0.8143437
0.823701
0.818743
0.7981639
0.7880322
0.8057073
0.8191012
0.8130359
0.8146363
0.8368697
0.8540955
0.8541236
0.8312382
0.8285302
0.8167429
0.8028408
0.8412593
0.8350044
0.8276118
0.8443159
0.8271843
0.8092285
0.8070213
0.8181353
0.8118737
0.7916425
0.7774823
0.7756997
0.7987388
0.8128837
0.7917717
0.7862152
0.8121192
0.8274277
0.8229349
0.8097891
0.8031768
0.8080723
0.8048183
0.7844884
0.7765088
0.7897325
0.7985624
0.7914608
0.7856525
0.7936966
0.7997434
0.7901673
0.7776069
0.7902831
0.8016933
0.7943506
0.7955023
0.8011159
0.8050931
0.8030637
0.7828608
0.7722246
0.7840626
0.7900305
0.7846817
0.7740482
0.7542549
0.7299675
0.7304221
0.7513497
0.7796577
0.8173228
0.8356558
0.8432298
0.8330057
0.8082218
0.8048068
0.80561
0.7925049
0.7715517
0.7649017
0.7620453
0.7891731
0.827825
0.8184194
0.7913636
0.8037733
0.8340781
0.812515
0.7953571
0.8034352
0.7950327
0.7831299
0.7751184
0.7744037
0.7763557
0.780071
0.7857047
0.7859507
0.7908893
0.7907328
0.7761188
0.7620916
0.7621893
0.7692667
0.7650891
0.758277
0.7546982
0.7547051
0.7537948
0.7448579
0.7499729
0.7719796
0.7907233
0.7939338
0.7806698
0.7755907
0.7947028
0.8050817
0.7871443
0.7663254
0.7608216
0.7672958
0.771329
0.7750088
0.773059
0.7652552
0.7753167
0.789552
0.7744858
0.7572469
0.7657365
0.7809946
0.7828605
0.7607536
0.747575
0.730707
0.735274
0.7746791
0.7860393
0.8173922
0.7968531
0.7305066
0.7300375
0.7517614
0.7689623
0.7684434
0.7737678
0.7846027
0.7882702
0.7940836
0.7726904
0.7515637
0.7368603
0.7462603
0.7757387
0.8332184
0.8338197
0.7844321
0.838358
0.8387697
0.8200867
0.835675
0.8236478
0.8266121
0.8000062
0.7733725
0.779732
0.7951163
0.8178067
0.8491878
0.8596043
0.8315411
0.7999401
0.8032662
0.8121102
0.8092812
0.8107849
0.8031883
0.8025758
0.8049784
0.7985334
0.790821
0.780555
0.7935217
0.8063913
0.8119208
0.8189225
0.8050281
0.8122507
0.8429489
0.854869
0.8360699
0.8113679
0.8140894
0.811939
0.8100614
0.8079092
0.7882746
0.7763563
0.7684349
0.7619228
0.7512838
0.7382575
0.7330239
0.742218
0.7549094
0.7489993
0.7430922
0.7524252
0.768801
0.789421
0.7902698
0.7731415
0.7743869
0.7884364
0.7927079
0.778161
0.7640121
0.7766419
0.7919911
0.7928455
0.7910366
0.7711753
0.755002
0.7600623
0.7894407
0.807904
0.7712406
0.7338082
0.7276605
0.7340023
0.7222007
0.7240808
0.7189933
0.7065584
0.745101
0.7330819
0.7114185
0.7462057
0.7373196
0.7155471
0.7427259
0.7610483
0.7406194
0.7292392
0.7172281
0.6990592
0.6929239
0.6882469
0.6869379
0.6892607
0.6915357
0.689179
0.6849038
0.685531
0.6793114
0.6627549
0.6484125
0.6366974
0.6308076
0.6235421
0.6149703
0.6132395
0.6160278
0.6175737
0.6165538
0.6175293
0.6194919
0.6192548
0.6178783
0.617046
0.617126
0.6177606
0.6149937
0.612255
0.6072578
0.6011076
0.6023025
0.6066168
0.6037006
0.5998872
0.5988142
0.5941
0.5922928
0.5936483
0.5932225
0.5873296
0.5821988
0.580651
0.5795459
0.5759995
0.5713374
0.5685206
0.5644937
0.561613
0.559345
0.5566522
0.5532787
0.5520128
0.5506896
0.5485186
0.5507367
0.5518963
0.5524017
0.5522287
0.5487968
0.5485098
0.5481791
0.5470475
0.5468216
0.5429215
0.5416086
0.5409281
0.537215
0.5358944
0.5350461
0.5339917
0.5307383
0.5286552
0.5314681
0.5299515
0.5264158
0.5277288
0.5269005
0.5253991
0.5254669
0.5245647
0.5222551
0.5210407
0.5218803
0.5210191
0.5200725
0.5199197
0.520126
0.5197688
0.5182094
0.5179495
0.5167974
0.5143154
0.5137771
0.5119995
0.5113421
0.5102729
0.5079833
0.5080044
0.5057697
0.506801
0.5042501
0.5005808
0.5010224
0.4991278
0.4977797
0.4974168
0.4963079
0.4938219
0.4954864
0.4938577
0.4928655
0.4924748
0.4877247
0.4875599
0.4893632
0.4884241
0.4878244
0.486892
0.4842066
0.4861875
0.4850937
0.4824627
0.4822346
0.4798394
0.4815166
0.4820015
0.4802437
0.4785142
0.4778393
0.4778831
0.4762136
0.476943
0.4768093
0.4730563
0.4724056
0.4766493
0.4757533
0.4748427
0.4735176
0.4709957
0.4740832
0.4734445
0.471936
0.4729498
0.471952
0.472287
0.4724567
0.4705841
0.4705716
0.4680029
0.4687752
0.4694346
0.4647962
0.4677775
0.4672818
0.4644078
0.4653002
0.46485
0.4661886
0.4633297
0.4657045
0.4682827
0.4640065
0.4652914
0.4641551
0.4634433
0.4663392
0.4677181
0.4670037
0.4651549
0.4637315
0.4635088
0.4654827
0.4652978
0.463781
0.4643616
0.4655612
0.463133
0.46011
0.4621853
0.466786
0.4701077
0.4718298
0.472077
0.4719798
0.474209
0.4743856
0.4694838
0.4702447
0.4732654
0.4717451
0.4702467
0.4687631
0.4694571
0.469225
0.4691047
0.4685161
0.4667374
0.4672511
0.4666419
0.4676342
0.4669084
0.4654743
0.4675093
0.4672668
0.4658313
0.4651503
0.4649151
0.4639415
0.4654655
0.4649076
0.4602907
0.4599639
0.4609166
0.4611243
0.4607761
0.4603111
0.4595728
0.4585089
0.4596412
0.4601419
0.4577718
0.4564222
0.4554205
0.4558924
0.4568455
0.4562534
0.4567641
0.4572118
0.4600665
0.4648599
0.4680437
0.4687959
0.4704608
0.4700649
0.4671426
0.4691727
0.4704305
0.4686451
0.468447
0.468486
0.4674696
0.4677072
0.4692542
0.4696643
0.4693396
0.4708502
0.4730307
0.4750739
0.4767866
0.4772177
0.4789114
0.4765292
0.4740165
0.4770203
0.4788153
0.4780823
0.4758633
0.4764917
0.4782753
0.4788277
0.4779145
0.4773837
0.4796091
0.4813466
0.48377
0.4861038
0.4857373
0.4854277
0.4876776
0.4880152
0.4860488
0.4861003
0.4879392
0.4900498
0.4919375
0.4929866
0.4929777
0.4930686
0.4950887
0.4967121
0.497387
0.4996852
0.501155
0.5030496
0.5047224
0.5031645
0.5031071
0.5048069
0.5062522
0.5088057
0.5099921
0.5123319
0.5176595
0.5189197
0.519421
0.5202756
0.5176615
0.5165611
0.5163055
0.5146837
0.5144765
0.5166106
0.5171321
0.5181808
0.520657
0.5179589
0.5154445
0.5210044
0.5276626
0.5280035
0.5272107
0.5310659
0.5379806
0.543864
0.5458834
0.5439521
0.5433531
0.543411
0.5393947
0.5380854
0.5397483
0.5403008
0.5406261
0.5437416
0.5457767
0.5432202
0.5430329
0.5449345
0.5471291
0.5465103
0.5447274
0.5441635
0.5428683
0.5443981
0.5463836
0.5455355
0.5478827
0.5518725
0.5620227
0.5731893
0.5712108
0.5682895
0.5685456
0.57307
0.5783995
0.5741161
0.5693134
0.5675812
0.5677219
0.5679882
0.5660711
0.5671901
0.5652229
0.566731
0.5705602
0.569648
0.5703099
0.5673498
0.5684154
0.5732133
0.5748212
0.5705205
0.5717183
0.5808841
0.5894501
0.5881769
0.5827584
0.5985449
0.6241929
0.6377978
0.6333003
0.6263418
0.6189729
0.6106073
0.60847
0.6120569
0.6153893
0.6147447
0.6152419
0.6124213
0.6065986
0.6048071
0.6094684
0.6131529
0.6105634
0.6132805
0.612507
0.60723
0.6132228
0.6249273
0.6302486
0.6255139
0.6341335
0.6354478
0.623579
0.6236552
0.6286275
0.6319117
0.6288827
0.6319684
0.6284871
0.6161191
0.6076905
0.6051181
0.6098438
0.6085598
0.6070083
0.6132459
0.625092
0.6342907
0.6421895
0.652595
0.6513952
0.6461918
0.6490748
0.648269
0.6395518
0.6384291
0.6488039
0.6589378
0.6626417
0.6578856
0.6480509
0.6491689
0.6718923
0.682799
0.6778341
0.6859095
0.6787372
0.6716222
0.6829673
0.6832782
0.6767547
0.6702102
0.6727879
0.6796682
0.6746159
0.6668091
0.6766265
0.6970585
0.7138748
0.7066543
0.6897994
0.6917301
0.6870416
0.6732228
0.6617617
0.6670187
0.6889625
0.6909495
0.676392
0.6723799
0.6733771
0.6659796
0.6575552
0.6611822
0.6617582
0.6611794
0.6586803
0.6497848
0.6429698
0.6329357
0.6298974
0.6384984
0.6448705
0.6451135
0.6526752
0.6560994
0.6613152
0.6807739
0.6956536
0.7009021
0.7043524
0.7140531
0.7190443
0.7182472
0.7018102
0.6873401
0.6858834
0.6804759
0.6774122
0.6635608
0.6639719
0.6756891
0.6720263
0.6660099
0.6666575
0.6610106
0.6530802
0.6526173
0.6493938
0.6499994
0.6472536
0.6422557
0.6394684
0.6323503
0.635964
0.6520371
0.6623542
0.6654972
0.6619446
0.6541676
0.6501132
0.6533787
0.6694849
0.6878946
0.6900051
0.6820304
0.6817459
0.688188
0.6893173
0.6845556
0.6784274
0.6815683
0.6955842
0.7081056
0.7100926
0.7038394
0.6994225
0.7042964
0.7056086
0.6952547
0.6871158
0.6762229
0.6710413
0.6533767
0.647444
0.7163284
0.7081409
0.6587092
0.6877615
0.6922671
0.7213438
0.7745979
0.7580961
0.7098048
0.6908865
0.7005883
0.6914554
0.6958703
0.754739
0.7646306
0.7594037
0.771378
0.7570651
0.7502873
0.7634673
0.7501464
0.7494101
0.7559907
0.7031216
0.6908213
0.7103779
0.7202187
0.7155607
0.7148431
0.7108785
0.7166002
0.7728796
0.7743727
0.7495476
0.7657676
0.7471952
0.7188055
0.7091741
0.6887019
0.6751531
0.6832803
0.7024524
0.7050669
0.7096184
0.7315291
0.7533098
0.7479903
0.7181173
0.7000179
0.6941367
0.6977064
0.6936448
0.6811095
0.6781469
0.6756453
0.6736119
0.6632519
0.6573556
0.7170363
0.7400433
0.7003584
0.7213782
0.7278928
0.7232346
0.7261862
0.7129592
0.7085143
0.7034277
0.6904943
0.667119
0.6836863
0.7050105
0.7039271
0.7143501
0.7164991
0.7018815
0.6989741
0.7129529
0.719316
0.7164396
0.7071251
0.6961332
0.6867818
0.6873505
0.6941779
0.6901474
0.6854578
0.6921373
0.6959666
0.6887648
0.6859689
0.6967285
0.7008761
0.6932794
0.6922594
0.7068497
0.7288202
0.7314701
0.7208372
0.7243486
0.7464255
0.7464749
0.7321022
0.7373971
0.7465062
0.7499973
0.7367299
0.7347328
0.7518192
0.7596518
0.7567433
0.7471566
0.7491679
0.7604906
0.760675
0.7466605
0.7475808
0.7727364
0.7823002
0.7659246
0.7498862
0.7500093
0.7411466
0.723802
0.715169
0.702426
0.69225
0.6966085
0.708308
0.7119218
0.7214755
0.7713881
0.779316
0.7451256
0.7608911
0.7587991
0.7475433
0.7539823
0.748202
0.7336922
0.7216771
0.7245225
0.7306213
0.7384136
0.7454743
0.750414
0.7400859
0.7316096
0.7394136
0.7498402
0.7520373
0.767484
0.7796482
0.744175
0.7274547
0.7506763
0.7706909
0.7675034
0.7533773
0.7442722
0.7283596
0.7097208
0.6923307
0.6801699
0.6851379
0.7029056
0.7143872
0.7207831
0.7449196
0.7582353
0.7459019
0.7429515
0.7391
0.7336833
0.7229747
0.7023169
0.6869502
0.6762785
0.6800139
0.6993397
0.7171463
0.7287084
0.7326302
0.7281434
0.7241332
0.7295895
0.7379996
0.7352311
0.7269569
0.7155213
0.6995182
0.694614
0.6936722
0.6908423
0.6920718
0.6885082
0.7050327
0.720293
0.7431871
0.7842509
0.726229
0.6970889
0.7663422
0.7613832
0.7301137
0.7285226
0.7223584
0.7078833
0.7051105
0.7641132
0.7816799
0.7008329
0.6732809
0.6824858
0.6805737
0.6895122
0.69616
0.7132726
0.723576
0.7201231
0.7205917
0.7273583
0.7235782
0.7138581
0.7025365
0.6888157
0.6848635
0.684876
0.6943875
0.7066383
0.7093263
0.7317976
0.7719446
0.7989231
0.7938226
0.7705088
0.7683982
0.7902215
0.7976378
0.80891
