0.7100804
0.6854136
0.7013824
0.7196938
0.7150572
0.7097454
0.7055721
0.7033124
0.7186621
0.7198704
0.7205403
0.7310922
0.7389956
0.7335022
0.7347071
0.7439301
0.7400492
0.7348301
0.7493773
0.7644731
0.7562104
0.7481248
0.7596056
0.7739682
0.7683485
0.7578162
0.7671124
0.7714337
0.760399
0.7520521
0.7691869
0.7709513
0.7639892
0.7615476
0.7472193
0.7532838
0.7508773
0.7501376
0.7510187
0.741754
0.7447699
0.7510509
0.7436878
0.7388388
0.748127
0.7546112
0.7438276
0.7360511
0.7470528
0.741048
0.7303564
0.7404316
0.7407505
0.7310049
0.7357717
0.7415593
0.7336652
0.7261504
0.7313795
0.7304394
0.7241802
0.7294136
0.7305614
0.7224904
0.7222885
0.7308586
0.7355889
0.7332135
0.7399457
0.7480387
0.741424
0.7373851
0.7450404
0.7525151
0.750978
0.7473033
0.7534526
0.7542237
0.7472861
0.7480133
0.7486811
0.747421
0.740924
0.7481832
0.753505
0.74427
0.7505981
0.7531334
0.7405377
0.7423078
0.76618
0.7691226
0.7458021
0.7479634
0.7681769
0.7647535
0.7659344
0.7402245
0.7307242
0.7665456
0.7576173
0.7626988
0.7668912
0.7402651
0.7415222
0.7471521
0.7353312
0.7343275
0.7396855
0.7352696
0.731884
0.7267812
0.721539
0.7281308
0.7291243
0.7170512
0.7193225
0.73245
0.7346208
0.7273072
0.7398625
0.7440884
0.7367386
0.7477091
0.7453459
0.7356208
0.7278477
0.728582
0.7356579
0.7330835
0.7323718
0.7389416
0.7480087
0.7469746
0.7427
0.7531835
0.7594922
0.7490651
0.747291
0.7632221
0.7591535
0.7443362
0.7582022
0.7611015
0.7478944
0.7541662
0.7619309
0.7565883
0.7394084
0.7362924
0.7499011
0.7479436
0.7395302
0.7388079
0.7411807
0.7338011
0.7295471
0.7440891
0.7459343
0.7301847
0.7303795
0.7378213
0.739354
0.7292413
0.7305208
0.7517821
0.7398586
0.7259358
0.7391329
0.7416733
0.7311403
0.7322783
0.7411159
0.7382547
0.7376085
0.7431853
0.7456974
0.7395006
0.7377734
0.7549482
0.7567021
0.7441357
0.7421428
0.7484555
0.7482589
0.7368422
0.7406657
0.7471022
0.7374292
0.7269549
0.7300988
0.7294468
0.7212064
0.7232232
0.73095
0.7321922
0.7281028
0.7369702
0.7414988
0.7326164
0.7288036
0.7392855
0.7451365
0.7347245
0.7400789
0.7484345
0.7380765
0.7307305
0.733534
0.7305953
0.7238762
0.7255369
0.7303867
0.7267989
0.7218744
0.7264558
0.7312347
0.7282556
0.7263693
0.7373658
0.7422543
0.7359432
0.7388304
0.7525384
0.7481861
0.7329392
0.7380887
0.7428414
0.7326509
0.7262578
0.7388365
0.7521464
0.742441
0.7352357
0.7493371
0.7440424
0.732968
0.7388074
0.7309739
0.7221392
0.7305704
0.7330964
0.7217748
0.7248768
0.733002
0.7254659
0.7236725
0.734524
0.7318518
0.7253704
0.7317671
0.7347333
0.729948
0.7265132
0.7330815
0.733695
0.7323183
0.7373443
0.7374765
0.7332417
0.7290441
0.7414198
0.7429737
0.7323467
0.7335855
0.7232615
0.7162402
0.718207
0.7147759
0.7145831
0.7173728
0.7151412
0.70557
0.702394
0.7097544
0.7070328
0.7052826
0.7112129
0.7128369
0.7163082
0.7128109
0.7179854
0.7265792
0.7191662
0.7221901
0.7321899
0.7290419
0.7245884
0.734274
0.7427343
0.7378484
0.7358765
0.7467552
0.7520205
0.7426598
0.7392927
0.7513871
0.751688
0.7366137
0.7389195
0.7516476
0.7491811
0.7391965
0.7484578
0.7489635
0.7317438
0.7346764
0.7412922
0.7365389
0.7304935
0.7323033
0.7361108
0.7304785
0.7260604
0.7325526
0.7388097
0.7336196
0.736839
0.7418964
0.7317645
0.7238038
0.7312551
0.7364476
0.729576
0.7324268
0.7378411
0.7361398
0.7315772
0.7412038
0.7454469
0.730921
0.7357551
0.7416845
0.7344905
0.7329292
0.7428648
0.7455787
0.7367603
0.7446663
0.7440022
0.7343839
0.7442914
0.7428334
0.7387663
0.7502788
0.7504823
0.7407028
0.7389607
0.7530469
0.7546249
0.7455819
0.7607694
0.7736342
0.7657744
0.7555696
0.7595881
0.7654487
0.7603584
0.7603735
0.7687806
0.7647525
0.7551231
0.7661858
0.7697094
0.7555261
0.7535245
0.7491772
0.7395652
0.7475501
0.7497207
0.7363698
0.7403716
0.7505377
0.7415287
0.7357456
0.7489888
0.7522197
0.7410515
0.7441873
0.7610199
0.759875
0.7514629
0.7678134
0.7637557
0.7462561
0.7510898
0.7577579
0.7554465
0.7455482
0.7544409
0.7602438
0.7425957
0.7412902
0.7521033
0.7445658
0.7344979
0.742328
0.7431011
0.7311236
0.7286555
0.7389083
0.741745
0.7334238
0.7388598
0.7460409
0.7396228
0.7293015
0.7321663
0.7365234
0.7295955
0.7345389
0.7448985
0.7434136
0.7367249
0.7446829
0.749587
0.7395677
0.7370718
0.745435
0.7462626
0.7380896
0.7418143
0.7497235
0.7499249
0.7426359
0.7503917
0.7631041
0.7529903
0.7451559
0.7578669
0.763347
0.7516229
0.7505296
0.7604843
0.7537387
0.7537518
0.7526388
0.734332
0.7417681
0.7504386
0.7482032
0.7584753
0.7297265
0.6968112
0.7378137
0.745191
0.7371798
0.7361908
0.7204764
0.7263169
0.6993012
0.6788893
0.6971978
0.7237853
0.7176021
0.6919559
0.6877497
0.6790727
0.6689525
0.6724611
0.6649633
0.6553936
0.65748
0.6540655
0.652594
0.6562922
0.6542114
0.6500671
0.653449
0.6514689
0.6462739
0.6521525
0.651759
0.6468531
0.6493124
0.6459024
0.6418107
0.6441557
0.6469225
0.6466819
0.6456279
0.6473561
0.6519639
0.6533789
0.6486271
0.652251
0.6558703
0.6544794
0.6531806
0.6466019
0.6395674
0.6389397
0.6352275
0.6282618
0.6279516
0.6278579
0.6250456
0.6220293
0.623354
0.6208595
0.6145213
0.6080879
0.5967892
0.5987315
0.6007565
0.5848639
0.5852324
0.5901518
0.5787399
0.5751994
0.5741213
0.5747369
0.5776472
0.5664828
0.5621035
0.5695597
0.5655686
0.5612708
0.5624702
0.5604488
0.5608925
0.5573449
0.5544909
0.5606218
0.5572638
0.5549622
0.5584198
0.5544098
0.5563934
0.5566176
0.5540798
0.5556573
0.5531772
0.5566128
0.5595439
0.5555704
0.5535181
0.5513849
0.5531206
0.556553
0.5519221
0.5487576
0.5489132
0.5461029
0.5506588
0.5489145
0.5408444
0.5435324
0.5449574
0.5443368
0.544446
0.5403246
0.5381056
0.5432404
0.5405917
0.5364148
0.5382092
0.536832
0.5373241
0.5352488
0.536533
0.5399057
0.53811
0.5369405
0.5338011
0.5337874
0.5391967
0.5403722
0.5354111
0.5330837
0.5382082
0.5379294
0.5357302
0.5369737
0.5349807
0.5375461
0.5376692
0.5303274
0.5315838
0.5358196
0.5296818
0.527203
0.5294065
0.528674
0.5305174
0.5300469
0.5282486
0.5298107
0.5288654
0.5274041
0.5274897
0.5253853
0.5249118
0.5237146
0.5215577
0.523615
0.5240401
0.5231679
0.5260169
0.5299083
0.5275017
0.5217335
0.5249834
0.5271896
0.5218398
0.5216786
0.5240728
0.5239054
0.5230431
0.5219881
0.5232224
0.5245801
0.5222255
0.5210986
0.5228849
0.5207139
0.5175864
0.5207807
0.5238378
0.5209122
0.5217334
0.5248649
0.5218923
0.5205194
0.5212959
0.5207491
0.5213244
0.5204491
0.5220376
0.5223398
0.5233583
0.5127121
0.5100616
0.5317324
0.523295
0.5146563
0.520971
0.517353
0.5166284
0.5153296
0.517029
0.5174807
0.5157827
0.5172927
0.5186118
0.5160768
0.5120804
0.5155508
0.51544
0.5100074
0.5146041
0.5153813
0.5088632
0.5107831
0.5147911
0.5107891
0.5088482
0.5142943
0.5128341
0.5065256
0.5101648
0.5130669
0.5078436
0.5077919
0.5109069
0.50773
0.5068787
0.5099241
0.5066008
0.5061809
0.5105421
0.5080067
0.5054414
0.5087285
0.5098758
0.5071065
0.5083332
0.510306
0.5064383
0.5062007
0.5117737
0.5049423
0.5084312
0.5021654
0.499632
0.5110426
0.4786593
0.48447
0.5100898
0.5060142
0.5085832
0.509662
0.501072
0.5111665
0.4992736
0.4816849
0.5236431
0.521358
0.5029375
0.5060392
0.5067294
0.5041575
0.4997632
0.499782
0.5030117
0.5028349
0.507367
0.5327334
0.5140691
0.4962139
0.5053531
0.506205
0.501668
0.503088
0.4985244
0.4927337
0.5104945
0.5081552
0.5017678
0.5020091
0.5010917
0.5008822
0.5056716
0.4951591
0.4884072
0.5144933
0.5059503
0.4976295
0.5032639
0.5032459
0.4965379
0.4974865
0.5085577
0.5202499
0.5392908
0.518779
0.5070818
0.5117893
0.5084948
0.5130498
0.5151461
0.5121169
0.5119189
0.5199098
0.5204779
0.5211448
0.5256362
0.5261643
0.5248395
0.5275866
0.5333006
0.5320802
0.5282651
0.5299726
0.5351568
0.5351677
0.5310746
0.5333562
0.537399
0.5374214
0.5355592
0.5356682
0.5406151
0.5439292
0.5419698
0.5390274
0.5370805
0.5403639
0.5442561
0.545885
0.5480282
0.5511634
0.5546859
0.5629672
0.5702772
0.5674032
0.564962
0.5693989
0.5776421
0.5785417
0.5747827
0.5753495
0.5799434
0.5836725
0.5810401
0.5793463
0.5839299
0.588827
0.5911437
0.5905817
0.5885363
0.5919188
0.5956645
0.5975565
0.5936057
0.5958904
0.5908391
0.5748441
0.6022723
0.6270592
0.6170112
0.6102674
0.6023279
0.5962761
0.5945796
0.592527
0.5892355
0.6005432
0.6044349
0.5996077
0.6169537
0.6164635
0.6094283
0.6116581
0.6087087
0.6070619
0.6084923
0.604367
0.6097808
0.6341951
0.6334035
0.6197587
0.6206095
0.6142625
0.6045055
0.5980779
0.6069543
0.6320477
0.631572
0.6181134
0.6127305
0.6107888
0.6075554
0.6074282
0.6132121
0.6169293
0.6254348
0.6297598
0.6273328
0.6278895
0.6255862
0.6262516
0.6414444
0.6602399
0.6701362
0.668243
0.6753253
0.6898971
0.6825685
0.6771697
0.6866645
0.6842434
0.6706716
0.6675128
0.6810672
0.6876128
0.6791195
0.6745639
0.6853749
0.6933912
0.6862417
0.6836016
0.6905696
0.6894002
0.6819689
0.684739
0.6886764
0.6795267
0.6736118
0.6839674
0.6866426
0.6763818
0.6700038
0.6792613
0.6895864
0.6794006
0.6718953
0.6849827
0.6936752
0.6859316
0.681848
0.6862703
0.6805394
0.6679242
0.6679465
0.6726802
0.674372
0.6643379
0.6606188
0.6485421
0.6664641
0.6918686
0.6743668
0.6956159
0.6896887
0.6746198
0.688084
0.6799299
0.6866237
0.7028266
0.6974443
0.6878389
0.6946063
0.6975441
0.6879862
0.6885523
0.6944748
0.6904478
0.6955985
0.7025448
0.6969924
0.6925921
0.7023144
0.7083945
0.7015299
0.6967676
0.6919267
0.6807055
0.6819816
0.6866939
0.692775
0.7176928
0.7220708
0.7037218
0.6871802
0.6821311
0.6887941
0.6896697
0.6864322
0.6969143
0.7077796
0.7095682
0.7206189
0.7178491
0.6984885
0.6914777
0.7002191
0.7079807
0.7012943
0.7111804
0.7247319
0.7213169
0.7259931
0.7192428
0.7069345
0.7027454
0.703049
0.7020155
0.6986767
0.70461
0.7145236
0.7198596
0.7135251
0.7160226
0.7295994
0.7259612
0.7169063
0.7362213
0.7467204
0.727165
0.7247603
0.7290177
0.7220156
0.72277
0.7223169
0.7047941
0.6915462
0.6937442
0.6903781
0.6842031
0.687182
0.694937
0.6895572
0.6906297
0.7148118
0.7203337
0.7037331
0.6929989
0.6990401
0.6993119
0.6937168
0.7016865
0.7110581
0.7134616
0.7070926
0.718198
0.735126
0.7257757
0.7185466
0.7289976
0.7383412
0.7293884
0.7254069
0.7408485
0.7390792
0.7280114
0.7336631
0.7441755
0.7438408
0.7341559
0.7450165
0.7535672
0.7338665
0.7259432
0.7372805
0.7361831
0.7208505
0.7207209
0.7330197
0.7273418
0.7178993
0.7256776
0.7304255
0.7232082
0.7206499
0.7297196
0.7322171
0.7236813
0.727751
0.7374064
0.7273559
0.721304
0.7317811
0.7309388
0.7191899
0.7222443
0.7353866
0.7311476
0.7251305
0.7364183
0.7324191
0.7209555
0.7275794
0.7293761
0.7160744
0.7057941
0.709851
0.7179284
0.7196178
0.7086088
0.7173047
0.7489878
0.7458795
0.7310118
0.7406881
0.7484051
0.742012
0.7299751
0.7392923
0.7495384
0.731662
0.7197694
0.7312688
0.7370939
0.7223745
0.7193968
0.731415
0.738223
0.7306172
0.7258414
0.7374275
0.7348035
0.7252321
0.7369835
0.7488088
0.7391286
0.7311094
0.7304272
0.7188902
0.7078442
0.698613
0.6888766
0.6864004
0.6888417
0.6875187
0.683876
0.6874961
0.6978419
0.7055407
0.7007591
0.7082351
0.7057155
0.7151069
0.7433841
0.7174997
0.6975296
0.6964338
0.6933981
0.7075887
0.7079662
0.7084949
0.7090464
0.7205707
0.7340002
0.7193478
0.7241664
0.7303761
0.7203694
0.7210091
0.7394967
0.7479368
0.737653
0.7378654
0.7487422
0.7495917
0.7388508
0.7511378
0.7561004
0.7416074
0.7366963
0.725331
0.7263287
0.7400848
0.7449165
0.7624201
0.7668646
0.7439638
0.7402314
0.7567067
0.753251
0.7397285
0.7531349
0.7659379
0.7488316
0.7391866
0.7533039
0.7537637
0.7407459
0.740045
0.7469692
0.7484409
0.7445867
0.7515252
0.7628232
0.7503152
0.7363976
0.7452986
0.7483922
0.7396697
0.7391327
0.7547728
0.7557765
0.7432453
0.7475057
0.7539768
0.7549616
0.750528
0.7537954
0.7646859
0.7557383
0.7412527
0.7558238
0.7644747
0.7486421
0.7478266
0.758967
0.7590747
0.7499041
0.7545789
0.7644911
0.7587906
0.7529084
0.7608521
0.7593948
0.7427555
0.7439803
0.7564737
0.7489602
0.7326805
0.7413083
0.7429671
0.7335928
0.7413661
0.7387377
0.7296759
0.7329578
0.7453726
0.7494128
0.7393085
0.7334147
0.7390827
0.7343186
0.7281297
0.7437214
0.7527328
0.7439327
0.745496
0.7526675
0.7490278
0.7430279
0.7492017
0.7567095
0.7453919
0.7356758
0.7531243
0.7621907
0.7435714
0.7458753
0.7610351
0.7570313
0.7484154
0.7547123
0.7600598
0.7528415
0.737801
0.7371879
0.7492711
0.7370756
0.7278961
0.7381879
0.7431672
0.7339823
0.7248765
0.7330935
0.7375383
0.7272775
0.7359004
0.7460867
0.7324064
0.7280889
0.7379083
0.7324853
0.7293641
0.7346768
0.7376728
0.7447148
0.7292344
0.7216943
0.7289377
0.7208073
0.7180109
0.7308183
0.7332579
0.7345441
