0.87
0.878
0.867
0.865
0.879
0.868
0.865
0.867
0.875
0.863
0.854
0.859
0.861
0.855
0.875
0.87
0.85
0.844
0.847
0.828
0.819
0.835
0.821
0.788
0.772
0.769
0.789
0.802
0.801
0.803
0.822
0.824
0.816
0.813
0.813
0.797
0.803
0.811
0.799
0.8
0.818
0.812
0.809
0.823
0.825
0.803
0.826
0.833
0.83
0.83
0.851
0.854
0.852
0.854
0.859
0.854
0.85
0.859
0.866
0.845
0.829
0.832
0.837
0.811
0.816
0.827
0.814
0.813
0.83
0.841
0.839
0.852
0.858
0.849
0.853
0.859
0.851
0.849
0.857
0.857
0.848
0.854
0.854
0.846
0.851
0.861
0.852
0.854
0.869
0.854
0.858
0.856
0.851
0.837
0.837
0.849
0.839
0.845
0.845
0.837
0.833
0.849
0.84
0.829
0.842
0.849
0.846
0.845
0.856
0.852
0.846
0.856
0.862
0.844
0.848
0.854
0.835
0.829
0.84
0.832
0.823
0.826
0.826
0.813
0.82
0.821
0.813
0.823
0.839
0.822
0.83
0.836
0.812
0.804
0.801
0.805
0.796
0.802
0.822
0.815
0.813
0.826
0.803
0.789
0.817
0.823
0.806
0.794
0.822
0.826
0.797
0.801
0.824
0.808
0.79
0.806
0.803
0.802
0.843
0.835
0.82
0.833
0.841
0.823
0.829
0.829
0.826
0.818
0.833
0.835
0.83
0.822
0.833
0.835
0.818
0.813
0.815
0.797
0.793
0.806
0.794
0.795
0.799
0.789
0.781
0.795
0.79
0.772
0.767
0.77
0.735
0.737
0.736
0.741
0.74
0.735
0.743
0.757
0.77
0.778
0.795
0.779
0.775
0.784
0.79
0.768
0.786
0.802
0.813
0.803
0.843
0.839
0.842
0.85
0.839
0.84
0.846
0.84
0.834
0.836
0.837
0.817
0.817
0.818
0.813
0.812
0.824
0.808
0.808
0.807
0.798
0.789
0.795
0.806
0.796
0.81
0.823
0.811
0.806
0.808
0.803
0.791
0.801
0.804
0.797
0.797
0.788
0.774
0.767
0.771
0.78
0.759
0.77
0.776
0.769
0.778
0.791
0.78
0.768
0.798
0.801
0.782
0.787
0.794
0.793
0.781
0.788
0.777
0.774
0.804
0.798
0.791
0.795
0.807
0.79
0.8
0.804
0.792
0.788
0.798
0.794
0.79
0.788
0.795
0.785
0.78
0.81
0.795
0.789
0.791
0.798
0.779
0.769
0.783
0.779
0.762
0.764
0.772
0.751
0.742
0.748
0.74
0.732
0.744
0.766
0.757
0.753
0.769
0.766
0.754
0.755
0.765
0.759
0.769
0.772
0.772
0.768
0.762
0.767
0.767
0.758
0.773
0.791
0.799
0.787
0.807
0.814
0.798
0.813
0.813
0.81
0.831
0.85
0.83
0.825
0.844
0.851
0.844
0.831
0.846
0.832
0.849
0.852
0.844
0.854
0.862
0.859
0.852
0.855
0.851
0.832
0.834
0.831
0.813
0.802
0.793
0.785
0.781
0.779
0.785
0.782
0.788
0.799
0.815
0.793
0.812
0.823
0.814
0.834
0.837
0.835
0.831
0.832
0.822
0.813
0.813
0.81
0.805
0.803
0.808
0.805
0.792
0.798
0.798
0.803
0.796
0.812
0.817
0.818
0.825
0.84
0.825
0.834
0.838
0.825
0.818
0.825
0.818
0.811
0.818
0.82
0.811
0.812
0.827
0.821
0.822
0.823
0.831
0.823
0.828
0.834
0.816
0.822
0.836
0.829
0.821
0.824
0.824
0.814
0.823
0.834
0.814
0.815
0.831
0.839
0.829
0.825
0.828
0.816
0.822
0.828
0.827
0.816
0.7221237
0.7193915
0.7166543
0.713916
0.711181
0.787
0.742
0.726
0.722
0.709
0.701
0.711
0.697
0.685
0.677
0.664
0.657
0.65
0.642
0.636
0.628
0.623
0.619
0.615
0.605
0.602
0.602
0.591
0.591
0.587
0.582
0.579
0.58
0.58
0.572
0.57
0.568
0.568
0.563
0.561
0.559
0.563
0.557
0.557
0.556
0.556
0.558
0.556
0.552
0.549
0.55
0.547
0.547
0.541
0.545
0.545
0.542
0.543
0.54
0.54
0.535
0.541
0.541
0.538
0.536
0.538
0.536
0.532
0.531
0.533
0.531
0.527
0.524
0.525
0.522
0.521
0.52
0.522
0.519
0.515
0.516
0.514
0.513
0.515
0.515
0.511
0.511
0.512
0.51
0.507
0.509
0.512
0.509
0.503
0.504
0.508
0.505
0.503
0.502
0.503
0.5
0.502
0.499
0.501
0.51
0.51
0.514
0.51
0.508
0.514
0.511
0.507
0.51
0.508
0.506
0.509
0.505
0.501
0.507
0.506
0.505
0.508
0.505
0.504
0.5
0.505
0.503
0.501
0.5
0.503
0.498
0.498
0.499
0.503
0.497
0.496
0.496
0.499
0.492
0.493
0.495
0.494
0.492
0.487
0.492
0.489
0.491
0.488
0.49
0.488
0.488
0.485
0.487
0.484
0.485
0.487
0.487
0.487
0.487
0.487
0.486
0.481
0.486
0.484
0.481
0.483
0.482
0.48
0.479
0.481
0.479
0.478
0.477
0.479
0.481
0.477
0.475
0.479
0.473
0.474
0.477
0.475
0.474
0.469
0.471
0.473
0.471
0.47
0.469
0.471
0.465
0.467
0.467
0.468
0.466
0.462
0.463
0.465
0.461
0.461
0.462
0.459
0.457
0.46
0.458
0.458
0.456
0.459
0.458
0.458
0.455
0.459
0.457
0.455
0.454
0.453
0.456
0.453
0.453
0.453
0.455
0.453
0.452
0.452
0.453
0.452
0.45
0.451
0.453
0.451
0.449
0.448
0.45
0.45
0.451
0.449
0.452
0.449
0.45
0.452
0.449
0.446
0.448
0.448
0.448
0.446
0.445
0.448
0.4891984
0.446
0.447
0.45
0.448
0.444
0.449
0.454
0.456
0.454
0.455
0.472
0.471
0.468
0.47
0.47
0.482
0.482
0.486
0.486
0.497
0.494
0.498
0.506
0.503
0.504
0.505
0.516
0.497
0.504
0.506
0.51
0.513
0.511
0.522
0.521
0.525
0.532
0.523
0.537
0.542
0.535
0.544
0.546
0.554
0.56
0.544
0.561
0.557
0.559
0.561
0.563
0.556
0.561
0.583
0.58
0.583
0.592
0.588
0.586
0.608
0.609
0.611
0.62
0.627
0.61
0.624
0.631
0.644
0.634
0.63
0.646
0.63
0.604
0.605
0.597
0.595
0.577
0.589
0.582
0.586
0.571
0.571
0.576
0.574
0.575
0.563
0.574
0.577
0.587
0.58
0.582
0.602
0.604
0.602
0.604
0.623
0.625
0.631
0.619
0.644
0.634
0.63
0.616
0.599
0.591
0.579
0.581
0.583
0.571
0.583
0.59
0.598
0.586
0.607
0.612
0.62
0.62
0.625
0.626
0.62
0.606
0.603
0.604
0.592
0.6
0.603
0.604
0.604
0.619
0.619
0.615
0.61
0.621
0.621
0.616
0.61
0.616
0.617
0.611
0.615
0.624
0.633
0.629
0.628
0.637
0.641
0.621
0.615
0.606
0.601
0.606
0.612
0.617
0.609
0.619
0.626
0.624
0.616
0.616
0.62
0.625
0.62
0.617
0.623
0.627
0.623
0.615
0.623
0.628
0.632
0.622
0.63
0.631
0.633
0.622
0.63
0.632
0.634
0.629
0.635
0.636
0.644
0.642
0.643
0.649
0.651
0.645
0.643
0.648
0.65
0.641
0.646
0.651
0.661
0.649
0.655
0.66
0.664
0.655
0.66
0.666
0.675
0.668
0.664
0.674
0.669
0.666
0.655
0.659
0.656
0.654
0.646
0.651
0.658
0.652
0.644
0.649
0.649
0.647
0.639
0.641
0.646
0.647
0.645
0.646
0.651
0.657
0.649
0.642
0.651
0.652
0.646
0.643
0.649
0.66
0.654
0.651
0.653
0.653
0.649
0.635
0.64
0.64
0.645
0.638
0.641
0.645
0.643
0.631
0.628
0.632
0.638
0.64
0.64
0.655
0.666
0.67
0.659
0.662
0.674
0.668
0.66
0.665
0.669
0.677
0.671
0.675
0.68
0.682
0.676
0.678
0.682
0.675
0.668
0.667
0.668
0.665
0.661
0.667
0.671
0.672
0.665
0.673
0.667
0.669
0.659
0.662
0.662
0.659
0.651
0.652
0.657
0.66
0.66
0.665
0.671
0.674
0.667
0.675
0.671
0.677
0.671
0.676
0.675
0.671
0.657
0.667
0.667
0.661
0.661
0.669
0.673
0.679
0.672
0.685
0.689
0.684
0.681
0.696
0.691
0.688
0.689
0.696
0.689
0.683
0.684
0.686
0.681
0.68
0.682
0.683
0.682
0.669
0.677
0.678
0.672
0.676
0.681
0.69
0.688
0.693
0.7
0.703
0.704
0.696
0.701
0.705
0.692
0.694
0.697
0.692
0.685
0.684
0.687
0.685
0.686
0.689
0.697
0.695
0.704
0.701
0.704
0.699
0.708
0.708
0.698
0.689
0.692
0.699
0.696
0.696
0.708
0.714
0.709
0.703
0.707
0.713
0.709
0.701
0.702
0.705
0.695
0.694
0.695
0.708
0.695
0.694
0.701
0.711
0.706
0.704
0.708
0.699
0.689
0.686
0.675
0.664
0.657
0.655
0.658
0.656
0.66
0.672
0.686
0.682
0.683
0.691
0.692
0.686
0.691
0.691
0.69
0.688
0.691
0.694
0.684
0.672
0.681
0.681
0.679
0.67
0.669
0.67
0.669
0.663
0.667
0.677
0.685
0.688
0.698
0.705
0.712
0.704
0.708
0.709
0.703
0.7
0.706
0.697
0.693
0.687
0.688
0.698
0.698
0.685
0.689
0.703
0.699
0.695
0.703
0.71
0.706
0.708
0.708
0.706
0.713
0.7
0.704
0.707
0.696
0.698
0.693
0.691
0.692
0.684
0.691
0.69
0.69
0.692
0.705
0.698
0.694
0.697
0.702
0.695
0.713
0.715
0.712
0.709
0.709
0.706
0.709
0.71
0.703
0.699
0.696
0.691
0.687
0.682
0.681
0.682
0.68
0.687
0.684
0.691
0.696
0.702
0.711
0.714
0.713
0.707
0.711
0.701
0.691
0.688
0.689
0.687
0.687
0.689
0.692
0.69
0.688
0.688
0.688
0.685
0.679
0.681
0.681
0.678
0.681
0.681
0.679
0.673
0.674
0.67
0.676
0.67
0.667
0.672
0.674
0.677
0.668
0.671
0.682
0.684
0.684
0.7
0.692
0.688
0.677
0.676
0.671
0.655
0.656
0.659
0.661
0.675
0.686
0.708
0.707
0.706
0.713
0.71
0.708
0.7
0.711
0.714
0.718
0.711
0.716
0.729
0.721
0.729
0.728
0.736
0.732
0.721
0.732
0.729
0.731
0.734
0.749
0.754
0.754
0.752
0.738
0.726
0.722
0.721
0.711
0.712
0.718
0.728
0.736
0.744
0.748
0.733
0.723
0.723
0.729
0.722
0.726
0.724
0.713
0.715
0.709
0.71
0.715
0.719
0.719
0.727
0.725
0.715
0.716
0.726
0.73
0.716
0.723
0.72
0.73
0.724
0.728
0.746
0.735
0.746
0.734
0.747
0.739
0.726
0.713
0.715
0.71
0.698
0.7
0.706
0.697
0.711
0.719
0.72
0.724
0.735
0.746
0.73
0.728
0.726
0.724
0.714
0.717
0.713
0.718
0.705
0.713
0.712
0.703
0.696
0.697
0.69
0.701
0.701
0.704
0.706
0.706
0.708
0.715
0.728
0.721
0.721
0.711
0.708
0.705
0.697
0.697
0.694
0.691
0.684
0.684
0.684
0.698
0.699
0.702
0.715
0.719
0.713
0.709
0.697
0.701
0.702
0.704
0.709
0.704
0.685
0.683
0.679
0.677
0.681
0.684
0.695
0.707
0.718
0.725
0.725
0.729
0.73
0.725
0.71
0.694
0.684
0.674
0.678
0.678
0.688
0.713
0.706
0.714
0.712
0.707
0.701
0.693
0.704
0.697
0.7
0.706
0.71
0.731
0.722
0.736
0.742
0.742
0.733
0.724
0.72
0.709
0.709
0.718
0.718
0.725
0.731
0.734
0.732
0.73
0.729
0.727
0.719
0.719
0.715
0.697
0.699
0.697
0.691
0.682
0.693
0.701
0.71
0.722
0.726
0.727
0.719
0.733
0.732
0.728
0.722
0.718
0.723
0.71
0.706
0.717
0.709
0.71
0.711
0.722
0.728
0.731
0.729
0.729
0.73
0.722
0.72
0.722
0.725
0.717
0.712
0.705
0.709
0.708
0.696
0.707
0.708
