0.6807201
0.6801131
0.7047151
0.7216469
0.7256233
0.7413466
0.7376314
0.7255024
0.7357233
0.7393554
0.7358079
0.7387097
0.7306115
0.7186607
0.7227619
0.7167477
0.7174521
0.7206069
0.7255198
0.7471147
0.745836
0.7374646
0.7370779
0.7262807
0.7175824
0.7174599
0.7108086
0.7206658
0.7331356
0.7338186
0.7464932
0.7614342
0.7565447
0.7548093
0.7583988
0.7490244
0.7663737
0.7753436
0.7660064
0.7667029
0.7821445
0.7947039
0.7772826
0.7798401
0.7998833
0.7891435
0.783352
0.8285338
0.8512038
0.8170607
0.8251314
0.852739
0.8278482
0.8092265
0.8197789
0.794425
0.789531
0.8124491
0.7908735
0.7609194
0.7682208
0.8371446
0.8383398
0.787704
0.7898216
0.7681403
0.7581299
0.7698993
0.7485781
0.7459142
0.7816471
0.8010696
0.8212989
0.8368374
0.8486309
0.8721374
0.8793769
0.8502717
0.8108017
0.8444799
0.8724524
0.8413819
0.8309641
0.8408315
0.8302098
0.827594
0.8424463
0.8351781
0.8394118
0.8563382
0.8471553
0.8495763
0.8606004
0.8488149
0.8512737
0.8603347
0.8500103
0.8329317
0.831811
0.8304174
0.8159767
0.8150565
0.8116474
0.8098151
0.8222261
0.8179734
0.8015413
0.8028131
0.8093928
0.8063895
0.8083524
0.829982
0.8293315
0.8204903
0.826227
0.81306
0.8085689
0.7903532
0.7795021
0.7977104
0.7914991
0.7841738
0.804022
0.8092373
0.8022111
0.8244278
0.8313149
0.8077249
0.8010178
0.8087656
0.7929649
0.7784392
0.8055527
0.8190141
0.8055795
0.8096778
0.8107448
0.7961825
0.7998106
0.8132301
0.8066141
0.8151403
0.8331013
0.8271305
0.8228121
0.8394586
0.847346
0.8436237
0.8695351
0.8673387
0.8379129
0.8591883
0.8729135
0.8601927
0.8667348
0.8632827
0.8518582
0.8578384
0.8455347
0.8230136
0.8317367
0.8326931
0.8182516
0.8205735
0.8158585
0.802832
0.7995011
0.7972834
0.7937984
0.7833888
0.790247
0.808299
0.7937088
0.7826568
0.7921461
0.7931557
0.7766985
0.7727701
0.7922306
0.786063
0.7784956
0.7798922
0.7627643
0.7545168
0.7573746
0.7652654
0.7663791
0.7512629
0.7629218
0.795055
0.7934012
0.7776548
0.7768687
0.7822601
0.7820162
0.7749917
0.7825388
0.7899124
0.7764352
0.7699561
0.7793259
0.7850022
0.768308
0.7658889
0.7852094
0.784587
0.7925199
0.8160163
0.8450299
0.8470769
0.8241832
0.8451916
0.8642251
0.8531831
0.8670371
0.8717809
0.8383734
0.8267748
0.8508424
0.8454279
0.8179753
0.8252924
0.8290659
0.807948
0.7904168
0.7889101
0.7933956
0.7681611
0.7645668
0.8154574
0.8307615
0.8169454
0.8033735
0.7970755
0.8049742
0.7895095
0.7728844
0.7813732
0.8027275
0.8342447
0.845661
0.8429409
0.869554
0.8623846
0.8501411
0.8741617
0.8728623
0.8587622
0.8624961
0.8584212
0.8368101
0.8406451
0.8471854
0.8282998
0.8248439
0.8332664
0.8203729
0.8058118
0.812217
0.8109435
0.789798
0.7796181
0.770028
0.7524863
0.7517762
0.7453586
0.7373372
0.7512866
0.750538
0.7429113
0.7535698
0.7560899
0.7492638
0.7423761
0.7494589
0.7645518
0.7570525
0.7582628
0.7705962
0.7668469
0.7615463
0.7694551
0.7697384
0.7622473
0.7726568
0.7846012
0.7793226
0.7726013
0.7911417
0.7933959
0.7804632
0.8045902
0.8115433
0.7892339
0.7983015
0.8093748
0.7941751
0.7826643
0.784953
0.7773895
0.7613759
0.769396
0.7700549
0.7659962
0.7887874
0.7890506
0.7879694
0.8060316
0.7937656
0.7803118
0.7889423
0.7944768
0.7811085
0.7728451
0.7831629
0.7782177
0.7700628
0.7772795
0.7810103
0.7757509
0.7827858
0.807549
0.8074962
0.79628
0.8072903
0.7968777
0.7881301
0.7888631
0.775674
0.7784774
0.7590213
0.7495323
0.7298366
0.7377045
0.8167058
0.8047098
0.7952888
0.8391305
0.8033192
0.7674726
0.7653297
0.797762
0.8058648
0.7380163
0.7350054
0.7588033
0.7812449
0.8182437
0.8306739
0.8378543
0.8613388
0.8676558
0.8553877
0.8704548
0.8767798
0.8516666
0.8369888
0.8547842
0.84783
0.8282196
0.8355779
0.8358797
0.816595
0.8080658
0.8216031
0.819027
0.8051499
0.809609
0.8001643
0.792221
0.8090042
0.8034079
0.7982234
0.8266988
0.8352786
0.8213699
0.8281676
0.8342156
0.8135845
0.809346
0.8259207
0.8160171
0.8138633
0.8369177
0.8279173
0.8103426
0.8236589
0.8239663
0.8087719
0.8147222
0.8152066
0.8069408
0.8235365
0.8299066
0.8120976
0.821803
0.8379796
0.8173523
0.8096839
0.8134915
0.7983306
0.7984617
0.8144166
0.811738
0.8169394
0.8481267
0.8474426
0.8246547
0.8335981
0.846575
0.8379738
0.839552
0.8554321
0.8503733
0.836937
0.8506154
0.8548336
0.8407895
0.8444573
0.8662046
0.8657943
0.8428253
0.8474704
0.8477757
0.8200152
0.8078392
0.8131528
0.8166649
0.806023
0.8042224
0.8249059
0.8247677
0.8290226
0.8465929
0.839151
0.8444502
0.8488541
0.8270776
0.8295508
0.835151
0.8188333
0.8166776
0.8304983
0.823084
0.8063497
0.8137663
0.8088117
0.799109
0.8068074
0.8053048
0.7934947
0.7973607
0.8052037
0.789775
0.7932411
0.8023372
0.7853286
0.7601423
0.75109
0.739399
0.7002088
0.6925077
0.6881262
0.6764722
0.6649427
0.6559057
0.6428184
0.6629662
0.713185
0.6681275
0.633413
0.651635
0.6614269
0.6570112
0.6491913
0.6651126
0.6738221
0.6699108
0.6652804
0.661632
0.6529211
0.6456811
0.6365132
0.6228142
0.6267167
0.6363583
0.6410433
0.6567149
0.6647173
0.6616857
0.666768
0.6717699
0.6800369
0.6803127
0.674718
0.6759746
0.6717546
0.6641598
0.6670305
0.6720007
0.6601972
0.6642823
0.6659868
0.6543338
0.6490142
0.6436311
0.647724
0.6407528
0.631533
0.6288739
0.6245427
0.6211385
0.6171149
0.6170496
0.6178805
0.6181278
0.6166856
0.6144134
0.6125285
0.6105161
0.6095498
0.610597
0.6134466
0.614299
0.6182864
0.6243471
0.6266195
0.6272395
0.6245523
0.6261033
0.6271923
0.6218312
0.6216971
0.6285077
0.6341659
0.6301379
0.6243751
0.6258791
0.6245696
0.6195947
0.6197865
0.6220511
0.6229691
0.6217892
0.62267
0.6239085
0.6233201
0.6268904
0.6264788
0.6228079
0.6267042
0.6319233
0.6307773
0.6272733
0.6259013
0.6249708
0.6230529
0.6231345
0.6214966
0.6176379
0.6165165
0.6175572
0.618342
0.6187154
0.6170074
0.6141482
0.6095082
0.6070675
0.608797
0.6058442
0.6002341
0.6058755
0.622136
0.6198997
0.6069317
0.6054496
0.6030749
0.5992472
0.5987862
0.6003995
0.6035804
0.6041657
0.6051279
0.605518
0.6035915
0.6023739
0.6006023
0.6017273
0.6018358
0.5970884
0.5986537
0.6028856
0.5986848
0.5970116
0.5986406
0.5985228
0.598303
0.5978461
0.5958413
0.5923102
0.5918641
0.5897898
0.5864195
0.5822912
0.5813328
0.5833583
0.5804274
0.5789392
0.5788409
0.5794541
0.5813906
0.5793443
0.5768764
0.5760794
0.5749274
0.5763363
0.5762413
0.5761851
0.576419
0.578133
0.575898
0.5841815
0.5681745
0.551387
0.5876525
0.587459
0.5684424
0.5798704
0.5605731
0.544303
0.5881697
0.5753758
0.5340685
0.5517106
0.5505223
0.5525884
0.5878002
0.5590596
0.5334065
0.5741354
0.5695373
0.5580642
0.5653105
0.5622238
0.5648443
0.5592168
0.5705084
0.5471035
0.5411243
0.5569499
0.5450487
0.5508182
0.5451023
0.5478731
0.5355589
0.5598764
0.563504
0.542517
0.5482868
0.5483018
0.5391409
0.5092253
0.5241415
0.5250085
0.54149
0.5479538
0.517729
0.547972
0.5537435
0.524885
0.5043669
0.5112767
0.5247752
0.5180363
0.5211974
0.5100594
0.5277247
0.5421491
0.5033591
0.5076845
0.519011
0.5112818
0.5179449
0.5136742
0.5175689
0.5502245
0.5226204
0.5023041
0.5342934
0.5034787
0.5029461
0.5183069
0.5121706
0.5164518
0.5120043
0.5142457
0.5176244
0.5182108
0.5167365
0.5164406
0.5175284
0.5173712
0.5177899
0.515794
0.5158375
0.519962
0.5197844
0.5183349
0.5165057
0.5168872
0.5200094
0.5163815
0.5233459
0.515347
0.530393
0.5503897
0.5105058
0.5130812
0.5264738
0.5254492
0.5280059
0.5305362
0.5273145
0.542811
0.5636249
0.5279785
0.5293234
0.5448746
0.5419801
0.5436468
0.542421
0.5504928
0.5530067
0.5499006
0.5472391
0.5502165
0.5544618
0.5566419
0.5648956
0.568026
0.5665681
0.57375
0.5764597
0.5748775
0.5738432
0.572392
0.5770138
0.5759836
0.5705546
0.5682356
0.563745
0.5603947
0.5563972
0.5528595
0.5521863
0.5540341
0.5579655
0.5564611
0.5551307
0.561042
0.5634114
0.5628229
0.5619083
0.5614037
0.5624478
0.5592532
0.5571622
0.5576998
0.5573439
0.5588042
0.5622582
0.5645574
0.5654818
0.5653696
0.5680767
0.5726768
0.570896
0.5729343
0.5696761
0.5678663
0.6102576
0.6157197
0.5710058
0.5743414
0.5806224
0.5718216
0.5716449
0.5663481
0.5639667
0.5606163
0.5601
0.5524282
0.5607299
0.5850559
0.5739186
0.5678993
0.5791009
0.5809071
0.5820108
0.5830661
0.5815896
0.5785943
0.5751773
0.5743215
0.5720278
0.5662556
0.5626945
0.5604997
0.5605424
0.5592775
0.5590076
0.5620578
0.5614954
0.5609535
0.5684458
0.5784166
0.5798161
0.582038
0.5930342
0.5971693
0.6005473
0.6059499
0.6048684
0.6043754
0.6066757
0.6081903
0.6032638
0.5993937
0.5993531
0.5988514
0.588952
0.5960378
0.6082573
0.5829743
0.5720534
0.5720741
0.5650553
0.5633795
0.5600066
0.5633123
0.5641032
0.5644326
0.5661816
0.5727087
0.5682401
0.5761141
0.622609
0.6104787
0.573847
0.5848571
0.5853261
0.5776287
0.5861264
0.5940589
0.6050821
0.5933774
0.6191161
0.654398
0.6409426
0.666875
0.6341105
0.6260375
0.6845507
0.6923386
0.6848079
0.6993789
0.7144914
0.6614423
0.6790874
0.7164663
0.6723795
0.671317
0.6800173
0.6819321
0.6807966
0.6604463
0.6604609
0.6751849
0.6745476
0.6669892
0.6527709
0.6418132
0.6473433
0.6502201
0.6465225
0.6382523
0.6411523
0.6478433
0.6608251
0.6488742
0.6777352
0.7178429
0.6591483
0.6534562
0.6636124
0.6564954
0.650517
0.6500527
0.694074
0.72882
0.6861085
0.6719807
0.7082509
0.6651368
0.719798
0.7082806
0.6697936
0.7015477
0.6760686
0.7184827
0.6681773
0.6819249
0.7172509
0.6877268
0.7332147
0.698362
0.7144379
0.74868
0.7206253
0.6696497
0.6951491
0.7333982
0.6714795
0.658846
0.6871505
0.7404967
0.7346018
0.6701139
0.6934413
0.7550444
0.7370685
0.6606485
0.7065481
0.7421702
0.706595
0.7086081
0.6900132
0.7093724
0.690171
0.6511982
0.7018996
0.7351613
0.6905573
0.7206054
0.7544855
0.7008863
0.6911145
0.7566255
0.7577316
0.7343233
0.7541906
0.7676154
0.7324486
0.7031018
0.7906934
0.7812693
0.7326278
0.7762117
0.7819539
0.7498893
0.7306183
0.7443594
0.7553753
0.7501785
0.7430655
0.7658466
0.762481
0.7144791
0.749466
0.7983429
0.74187
0.7105753
0.7773308
0.7855872
0.7364339
0.7009926
0.732906
0.7869615
0.7631663
0.7520438
0.7832107
0.772068
0.7505588
0.7779801
0.7753035
0.7612073
0.7920234
0.7914299
0.7587268
0.7730847
0.7892997
0.7583349
0.7381707
0.7440759
0.7406974
0.7274918
0.7344474
0.7517004
0.7378702
0.7223845
0.7510187
0.7594446
0.7479936
0.7600499
0.771883
0.7596425
0.7411745
0.7688836
0.7613362
0.7355147
0.7543487
0.7626789
0.7512025
0.7421746
0.7737331
0.7997771
0.7820967
0.7628659
0.7945464
0.8003046
0.7655693
0.797606
0.8023358
0.7641966
0.7643094
0.7786911
0.7732116
0.7645496
0.7824985
0.7892738
0.7679918
0.7545727
0.7754874
0.7718615
0.742022
0.7478611
0.773328
0.7805576
0.766287
0.7798017
0.789731
0.7773846
0.7935052
0.7973043
0.7695557
0.7661547
0.7855405
0.7712042
0.7492465
0.7664356
0.7581979
0.7356588
0.7470685
0.7436373
0.7284116
0.7281156
0.7496633
0.7570643
0.7474073
0.7594075
0.7651131
0.7546603
0.7423725
0.7641959
0.7750809
0.7632435
0.7827402
0.778802
0.7623329
0.7689717
0.7857993
0.7867539
0.7675664
0.7816231
0.7962475
0.7806963
0.7933362
0.817889
0.8071612
0.7968306
0.8319789
0.8437428
0.8298241
0.8446428
0.8152194
0.7758705
0.776232
0.8012707
0.8083282
0.813918
0.8254648
0.797548
0.8321646
0.8767354
0.8609976
0.8385623
0.8493894
0.8629471
0.8409642
0.8526825
0.870293
0.8530523
0.8534663
0.8585031
0.8355752
0.8279635
0.8417576
0.835393
0.8295069
0.8515409
0.8476773
0.8385487
0.854917
0.8437055
0.8360471
0.8483028
0.8368438
0.8238474
0.8394844
0.8361847
0.829823
0.8421415
0.8269944
0.7939837
0.8147114
0.8680347
0.859711
0.8437355
0.8356511
0.8201827
0.8195496
0.8086322
0.8027136
0.8137282
0.8136599
0.8061683
0.8258748
0.8383149
0.8292222
0.8482048
0.8517371
0.8340845
0.8440049
0.8348968
0.8150699
0.8284714
0.8330565
0.8150282
0.8147622
0.8200317
0.809507
0.8056593
0.8178697
0.8161283
0.8015148
0.8091959
0.8092927
0.7957822
0.8033705
0.8070659
0.7970502
0.8002264
0.8113344
0.7997043
0.7916327
0.7941479
0.7837032
0.7880022
0.7900553
0.7806808
0.7850322
0.7791772
0.7714116
0.788638
0.7851226
0.7732327
0.7927251
0.7944403
0.7852422
0.7950856
0.7877756
0.7736428
0.7879403
0.7980327
0.7856182
0.7793834
0.766962
0.7480025
0.7458025
0.7500761
0.7461833
0.7403528
0.7463609
0.7451648
0.7398776
0.7496722
0.7642868
0.7642024
0.7620948
0.7808058
0.7824967
0.773022
0.7846915
0.7876782
0.7742154
0.7676156
0.7750333
0.778948
0.7797411
0.7906362
0.7986861
0.7902513
0.792991
0.8069512
0.7954148
0.7920857
0.8062618
0.8103227
0.8073503
0.8139918
0.817316
0.8136368
0.8249982
0.817361
0.8125814
0.8242082
0.8147793
0.8119276
0.8116358
0.7984384
0.7922247
0.783888
0.7637538
0.7458387
0.7342351
0.7238162
0.7153374
