0.905
0.9301118
1.127
0.941
0.931
0.924
0.9527827
1.049
1.018
0.938
0.914
0.91
0.912
0.926
0.914
0.91
0.895
0.92
0.92
0.91
0.91
0.91
0.897
0.901
0.907
0.897
1.076
1.068063
0.891
0.889
1.033
1.034
0.906
0.848
1.05
1.123
0.9
0.889
1.14
1.062
0.936
0.882
0.9929512
0.933
1.04
0.903
0.9981019
0.917
1.045
0.903
1.088676
0.931
1.043
0.899
1.019976
0.93
0.992
0.922
0.884
0.9250403
1.066
0.941
0.875
0.9587155
0.953
1.09
1.029
0.919
0.882
1.146
1.114
0.915
0.86
0.9748551
1.028
1.003
0.9
0.913
1.142
1.059
0.903
0.864
1.082
1.072
0.937
0.905
0.87
1.156
1.12
0.984
0.875
0.864
1.136
1.148
1.014
0.909
0.87
0.884
1.118
1.141
0.974
0.877
0.854
1.134
1.139
0.943
0.861
1.154
0.919
1.011
0.902
1.069078
0.922
1.031
0.897
1.019619
0.932
1.058
0.889
1.02078
0.932
1.059
0.906
0.885
1.126
0.928
0.996
0.942
0.903
1.001479
0.939
1.072
0.908
0.896
1.143
1.143
0.913
0.902
1.153
1.102
0.953
0.902
0.9567474
0.938
1.068
0.904
0.939
1.116
1.085
0.911
1.082759
0.938
1.022
0.895
0.869
1.139
0.927
0.979
0.888
0.857
1.136
0.916
1.001
0.886
0.863
1.117
1.063
0.923
0.851
1.002133
0.909
1.068
0.97
0.876
0.829
1.099
0.892
1.011
0.861
0.834
1.129
0.909
0.959
0.893
0.841
0.856902
0.91
1.001
0.882
0.844
1.004811
0.897
0.967
0.888
0.827
0.9379028
0.904
0.89
0.828
0.9038346
0.905
0.857
0.839
0.950851
0.943
0.897
0.847
1.123
0.916
1.028
0.883
0.834
0.9045531
0.909
1.04
0.876
0.868
0.9207751
0.915
1.027
0.896
0.862
0.9262195
0.924
1.012
0.912
0.846
0.8666141
0.928
1.021
0.894
0.854
1.00858
0.913
0.986
0.941
0.883
0.841
0.9713567
1.088
0.954
0.854
0.8998676
0.933
0.994
0.936
0.889
0.893
1.107
1.086
0.896
0.834
1.035689
0.911
0.973
0.896
0.829
0.9897143
0.912
1.023
0.896
0.871
0.9497646
0.934
1.021
0.948
0.914
0.895
1.12
0.903
1.021
0.875
0.827
1.085
0.885
1.009
0.86
0.821
1.127
0.901
1.026
0.869
0.84
1.018757
0.917
0.993
0.961
0.904
0.859
1.018116
1.121
0.918
0.861
1.015054
1.05
0.94
0.941
0.876
0.933
1.109
1.007665
0.924
0.867
1.000109
0.933
0.995
0.925
0.887
0.85
1.127
0.911
1.036
0.875
0.85
1.117
0.899
0.934
0.903
0.863
0.841
1.101
0.902
0.893
0.846
0.9659684
0.9
0.871
0.878
0.9529086
0.931
0.863
0.9492882
0.914
1.003
0.889
0.883
1.116
1.095
0.905
0.854
0.9333178
1.098
0.915
0.896
0.9610675
0.944
0.972
1.033
0.92
0.916
0.901893
1.016
0.941
0.921
0.865
1.116
1.119
0.9
0.861
1.141
0.916
0.979
0.876
0.848
1.117
0.909
1.018
0.882
0.872
1.106
0.919
0.988
0.896
0.894
1.132
0.926
0.949
0.946
0.968
1.115
1.004
0.907
0.893
0.927
0.917
1.09962
0.977
0.934
0.918
0.907
0.902
0.896
0.897
0.881
0.881
0.886
0.881
0.864
1.017
1.037213
1.075
0.969
0.909
0.901
0.863
1.055
1.112
0.988
0.879
0.8972365
0.934
1.063
0.901
0.865
0.9309085
1.103
0.893
0.854
0.9204799
0.93
0.927
0.958
0.909
0.979805
0.938
0.957
0.889
0.894
0.9193874
1.025
1.002
0.946
0.916
0.916
0.896
0.903
0.892
0.896
0.887
0.886
0.903
0.9049967
1.042
0.933
0.863
0.834
0.836
0.81
1.033
0.936
0.833
0.815
0.796
0.963
0.876
0.844
0.777
0.774
0.795
0.921
0.842
0.775
0.764
0.766
0.848
0.84
0.804
0.738
0.751
0.747
0.806
0.849
0.797
0.774
0.732
0.728
0.769
0.766
0.818
0.772
0.744
0.726
0.74
0.759
0.724
0.711
0.704
0.69
0.691
0.702
0.807
0.724
0.771
0.742
0.728
0.727
0.695
0.681
0.712
0.751
0.726
0.711
0.703
0.706
0.705
0.704
0.704
0.702
0.706
0.672
0.662
0.677
0.733
0.699
0.69
0.69
0.693
0.702
0.688
0.684
0.665
0.694
0.661
0.662
0.676
0.737
0.695
0.69
0.694
0.692
0.687
0.683
0.684
0.686
0.689
0.681
0.68
0.692
0.699
0.688
0.682
0.691
0.69
0.691
0.683
0.681
0.682
0.662
0.68
0.69
0.67
0.657
0.64
0.635
0.644
0.656
0.742
0.678
0.696
0.682
0.694
0.676
0.657
0.671
0.641
0.7
0.65
0.641
0.642
0.65
0.65
0.715
0.677
0.688
0.676
0.669
0.664
0.677
0.671
0.665
0.663
0.643
0.635
0.639
0.707
0.656
0.653
0.654
0.66
0.654
0.65
0.659
0.665
0.66
0.657
0.662
0.653
0.655
0.669
0.647
0.63
0.632
0.656
0.696
0.671
0.673
0.669
0.659
0.667
0.666
0.635
0.658
0.665
0.675
0.655
0.652
0.662
0.685
0.685
0.678
0.669
0.674
0.68
0.672
0.681
0.679
0.682
0.714
0.688
0.657
0.664
0.779
0.721
0.706
0.683
0.707
0.726
0.723
0.707
0.706
0.701
0.71
0.714
0.68
0.682
0.688
0.707
0.727
0.72
0.721
0.713
0.717
0.713
0.697
0.697
0.703
0.74
0.853
0.743
0.712
0.718
0.702
0.683
0.724
0.758
0.745
0.718
0.747
0.729
0.73
0.727
0.709
0.707
0.726
0.767
0.778
0.77
0.742
0.715
0.719
0.748
0.948
0.89
0.835
0.824
0.836
0.812
0.806
0.82
0.84
0.829
0.813
0.783
0.802
0.935
0.874
0.813
0.802
0.803
0.976
0.839
0.863
0.833
0.809
0.802
0.833
0.85
0.833
0.821
0.837
0.854
0.868
0.855
0.836
0.853
0.898
0.8597291
0.999
0.995
0.889
0.873
0.861
0.852
0.851
0.873
0.88
0.88
0.877
0.885
0.903
0.891
0.879
0.864
0.878
0.883
0.87
0.87
0.879
0.89
0.882
0.865
0.878
0.881
0.874
0.865
0.877
0.894
0.868
0.865
0.871
0.875
0.875
0.862
0.87
0.881
0.878
0.87
0.863
0.88
0.888
0.878
0.862
0.878
0.894
0.901
0.9074866
0.946
1
0.91
0.875
0.881
0.888
0.9875002
1.072
1.048
0.95
0.915
0.896
0.89
0.878
0.875
0.89
0.905
0.883
0.871
0.864
1.065
1.055
0.997
0.897
0.878
0.873
0.865
0.883
0.879
0.868
0.883
0.881
0.872
0.868
0.882
0.883
0.871
0.877
0.877
0.88
0.857
0.874
0.869
0.855
0.857
0.864
0.854
0.85
0.8915682
1.025
0.95
0.876
0.858
0.9883797
1.052
0.992
0.904
0.885
0.86
0.869
0.873
0.874
0.867
0.872
0.876
0.884
0.88
0.862
0.875
0.878
0.884
0.881
0.864
0.884
0.875
0.885
0.886
0.877
0.891
0.9
0.907
0.889
0.892
0.897
0.894
0.883
0.88
0.889
0.886
0.879
0.855
0.856
0.854
0.833
1.04
1.037
0.91
0.843
0.851
0.8210193
1.034
0.91
0.888
0.869
0.857
0.863
0.871
0.874
0.86
0.875
0.891
0.884
0.874
0.897
0.9500447
1.028
0.944
0.911
0.896
0.9276682
1.089
1.029
0.934
0.9
0.91
0.912
0.921
0.904
0.915
0.919
0.924
0.924
0.903
0.918
0.917
0.922
0.904
0.919
0.919
0.921
0.899
0.922
0.933
0.917
0.907
0.933
0.927
0.909
0.92
0.925
0.921
0.905
0.923
0.926
0.906
0.918
0.926
0.918
0.913
0.927
0.926
0.909
0.917
0.923
0.898
0.916
0.928
0.962836
0.9725686
0.942
0.919
0.894
0.9253908
1.072
0.993
0.923
0.917
0.898
0.891
0.909
0.9393006
1.051
0.998
0.95
0.923
0.905
0.911
0.912
0.91
0.891
0.907
0.906
0.903
0.9
0.9080843
1.037
0.972
0.918
0.903
0.9075417
1.079
1.017
0.905
0.891
0.896
0.884
0.9879639
1.054
0.991
0.911
0.93
0.97
0.93
0.857
1.084
1.114
0.877
0.845
1.12
1.089
0.884
0.855
1.003351
0.953
0.979
0.958
0.894
0.85
1.141
1.109
0.952
0.884
0.86
1.142
1.101
0.906
0.866
1.15
1.064
0.94
0.869
1.146
0.925
1.069
0.895
0.857
1.143
1.096
0.873
0.859
1.144
0.916
0.986
0.868
