0.7448859
0.7467102
0.7934339
0.7823155
0.7485436
0.7738327
0.8032243
0.7712391
0.7694895
0.8136261
0.8124773
0.7566464
0.7325839
0.7439234
0.7824383
0.7921602
0.7564443
0.7589906
0.7861757
0.7902143
0.7597534
0.7583462
0.7822236
0.7704419
0.7510937
0.7782839
0.8120307
0.7863844
0.7433665
0.7557293
0.7927814
0.7760274
0.7379082
0.7471569
0.7646482
0.7758866
0.7686256
0.7540947
0.7860978
0.8165456
0.7998321
0.7816334
0.7963791
0.8239638
0.8215234
0.7899094
0.7955957
0.8232147
0.8219226
0.7941438
0.800381
0.8239209
0.7907948
0.7608224
0.7920181
0.8074804
0.7760729
0.7711721
0.8124591
0.8248602
0.792047
0.7903284
0.8251542
0.8201591
0.7876196
0.7925585
0.8162425
0.804183
0.7745346
0.7883348
0.8162902
0.8105248
0.7811699
0.7868324
0.8178412
0.8104289
0.7820919
0.8070096
0.8564811
0.837837
0.8053875
0.8259888
0.8432861
0.8112285
0.778149
0.7991868
0.8238613
0.8077889
0.7848344
0.7961615
0.8246549
0.8133244
0.7848908
0.801667
0.8053979
0.7693361
0.7832007
0.7916956
0.7881353
0.8048693
0.7946687
0.8180296
0.8278417
0.7891681
0.8078804
0.8550785
0.8359616
0.8114262
0.8408864
0.8652644
0.8515648
0.8297492
0.8448323
0.8763178
0.8672509
0.8358194
0.8465629
0.8704414
0.8543326
0.826674
0.8451947
0.8695529
0.8534253
0.8499302
0.8825243
0.8881769
0.8617335
0.8599606
0.8740163
0.8678744
0.8533498
0.8730378
0.8914386
0.8642745
0.841473
0.8590416
0.8820144
0.8657915
0.8382025
0.8566652
0.8699169
0.839937
0.8102389
0.8152494
0.8403871
0.8257805
0.8020933
0.8316545
0.8627609
0.8490973
0.8260543
0.8340734
0.8596528
0.8621883
0.8504654
0.8612579
0.8887856
0.8949116
0.8723642
0.8705488
0.8864038
0.8780924
0.8525974
0.8434374
0.854682
0.8550504
0.8328327
0.8169534
0.8314694
0.8371779
0.8119039
0.8004761
0.8305225
0.84817
0.8248081
0.8291373
0.8652754
0.8666408
0.8427798
0.8456183
0.8602261
0.8570523
0.83352
0.8110162
0.8219809
0.8162605
0.7836603
0.7816482
0.8069242
0.8168866
0.8005232
0.8019446
0.8338007
0.8464234
0.8180213
0.8118846
0.8409231
0.8468269
0.826672
0.8214003
0.8478795
0.8581272
0.8365012
0.8238142
0.8387909
0.8524666
0.8338687
0.8225662
0.8400366
0.847281
0.8208457
0.8029267
0.8233486
0.8444475
0.8221778
0.7935228
0.8139594
0.8412858
0.8125504
0.7824717
0.8084214
0.8313685
0.8101823
0.7781186
0.7936
0.8388211
0.8468292
0.8119979
0.8095989
0.8470067
0.8407811
0.8120557
0.8199764
0.8403011
0.8436269
0.8273788
0.8306794
0.8577744
0.8635176
0.8389951
0.8290289
0.8491203
0.8619655
0.8481322
0.8325897
0.8513051
0.8485314
0.8210206
0.8146605
0.8265894
0.8291744
0.8030287
0.7946431
0.8236306
0.817375
0.7591309
0.7427868
0.7609372
0.763716
0.813513
0.8370008
0.7903683
0.7831024
0.7798508
0.7783845
0.8132118
0.8336754
0.8063971
0.81312
0.8472572
0.8489394
0.8397124
0.8295355
0.8482687
0.8669184
0.8602184
0.8301811
0.8183406
0.8396361
0.8469066
0.829998
0.8175704
0.8294246
0.8494421
0.8395315
0.8082373
0.815013
0.8429732
0.830804
0.7993868
0.7997809
0.8257516
0.8226463
0.7976441
0.8144827
0.843697
0.8250728
0.7893524
0.8012494
0.8355097
0.8305955
0.7961854
0.7877791
0.8049576
0.8077914
0.7813713
0.7722973
0.806615
0.8147035
0.7749244
0.7723785
0.7759661
0.7875315
0.8108628
0.7770047
0.7639766
0.8002467
0.8171503
0.7812028
0.7976393
0.8168069
0.7887627
0.7919668
0.8199162
0.8225257
0.8205482
0.8703305
0.8533941
0.7987274
0.823174
0.8468425
0.827612
0.8425397
0.8774146
0.8891928
0.8811022
0.8703184
0.8815893
0.8935788
0.8895635
0.8573135
0.834842
0.8421461
0.8610952
0.8494317
0.816831
0.8241173
0.8476496
0.8481521
0.8323218
0.8396492
0.8608439
0.8726744
0.8580103
0.8790774
0.9031526
0.8862962
0.8871218
0.896347
0.891722
0.8637436
0.8659808
0.8906646
0.8799533
0.8605066
0.8723353
0.8692481
0.850517
0.8495985
0.8594199
0.8651273
0.8423144
0.8147412
0.8330466
0.8455533
0.8164543
0.8155106
0.8357623
0.8302443
0.8035091
0.8102741
0.8337017
0.817096
0.802297
0.8286551
0.864382
0.8670957
0.8403125
0.8400825
0.8696704
0.8582471
0.8267122
0.8445398
0.8688977
0.8445197
0.8077553
0.8123345
0.8333063
0.8204854
0.7965496
0.8092872
0.837511
0.8399708
0.8023119
0.8191598
0.8375292
0.7791099
0.8128503
0.8399202
0.7701212
0.7805078
0.8381458
0.8170937
0.7850628
0.7887056
0.7720073
0.7655295
0.8074294
0.7752304
0.7252097
0.7690191
0.7451781
0.7390546
0.7869715
0.743906
0.7225034
0.7200921
0.6937902
0.6974955
0.701221
0.6815976
0.6760723
0.6869943
0.6766992
0.6666312
0.6738649
0.6682863
0.6558372
0.6597687
0.6591445
0.653402
0.6637504
0.6774513
0.6723635
0.6801845
0.6882984
0.6593007
0.6490827
0.6608554
0.6699207
0.689403
0.6802502
0.6453817
0.6334029
0.6442191
0.635049
0.6245418
0.6328543
0.6149856
0.6027716
0.6094677
0.5973016
0.5871407
0.592003
0.5856714
0.5763371
0.5789117
0.5785271
0.5713131
0.5660531
0.5650279
0.56276
0.5548573
0.554301
0.5579887
0.5460745
0.5450076
0.5506151
0.5434096
0.5455526
0.5441062
0.5433029
0.5411449
0.5338667
0.5417192
0.5374112
0.5335004
0.5374141
0.5260594
0.5289734
0.5364785
0.5273093
0.5268192
0.5293737
0.5269029
0.5282205
0.526316
0.5274706
0.5309929
0.5233667
0.5230449
0.5303486
0.5249129
0.5209847
0.5215971
0.5206572
0.5190143
0.5139534
0.5169272
0.5157545
0.5112075
0.5146768
0.5117654
0.5110213
0.5112999
0.5057651
0.5035169
0.5023112
0.5008319
0.4989864
0.4972017
0.4989871
0.4952399
0.4926558
0.4960832
0.4957845
0.4930955
0.4899795
0.4914273
0.4920822
0.4934876
0.4915943
0.4903972
0.4930139
0.4877423
0.4880954
0.4913759
0.4873851
0.48279
0.4869601
0.4868363
0.4840903
0.4842945
0.4854178
0.4869087
0.4832445
0.4841307
0.4844592
0.4838522
0.4827883
0.4804352
0.480608
0.485888
0.4849606
0.4819733
0.4846957
0.4809529
0.4807749
0.4827215
0.4803233
0.4787153
0.4806166
0.4819965
0.4800379
0.4790278
0.4790115
0.4800619
0.4797175
0.4784004
0.4797648
0.481063
0.4787253
0.4798522
0.480522
0.4788573
0.4789489
0.4781511
0.4800318
0.4795343
0.4777653
0.4748098
0.474941
0.4775721
0.4742905
0.4730637
0.474906
0.4726965
0.4684903
0.4699178
0.471713
0.4680834
0.4651987
0.4681335
0.4682353
0.4628128
0.4626996
0.4661659
0.4633002
0.4613281
0.4634788
0.4623701
0.4618423
0.4620197
0.4598729
0.4616485
0.4638779
0.4610631
0.4602021
0.4617914
0.4620775
0.4608989
0.4612905
0.4626191
0.4634151
0.4623547
0.4619442
0.4617834
0.4603553
0.4606925
0.461287
0.4594801
0.4588803
0.4599338
0.4568112
0.4567689
0.458878
0.4548245
0.453792
0.4570438
0.4567456
0.454231
0.4529195
0.4575583
0.4574643
0.4541759
0.4545729
0.4535257
0.4545996
0.4541101
0.4542464
0.454399
0.4527674
0.4544122
0.4530956
0.4502335
0.4530354
0.4523248
0.4512796
0.4534561
0.4535929
0.4555504
0.4550465
0.4532167
0.452654
0.4514027
0.4517047
0.4522094
0.4528957
0.4518124
0.4504501
0.450429
0.4529615
0.4545481
0.4514473
0.4519362
0.4538285
0.4531336
0.4529591
0.4552035
0.4543017
0.4498145
0.450629
0.4542206
0.4523534
0.4500238
0.450942
0.4521197
0.4516441
0.449406
0.4509424
0.4538545
0.4540631
0.4528713
0.452255
0.4538525
0.4538737
0.4522237
0.4529273
0.453956
0.4529455
0.4532969
0.4534387
0.4538547
0.4560385
0.454696
0.455831
0.4554857
0.4529682
0.4528289
0.4545728
0.4571091
0.4535672
0.4541969
0.4595363
0.4602414
0.4587491
0.4606151
0.4653206
0.4708285
0.4726312
0.469375
0.473386
0.4812609
0.4779067
0.4749698
0.4799942
0.4883986
0.4927843
0.4858363
0.4885647
0.4999481
0.5003833
0.4957503
0.4944701
0.4955598
0.4941461
0.4887249
0.4901241
0.4887322
0.4840658
0.4891674
0.4979925
0.502379
0.4961263
0.496017
0.5025398
0.5032944
0.4993783
0.4960065
0.5015499
0.503516
0.4942303
0.4895049
0.4914657
0.4913438
0.4852123
0.4803674
0.4805876
0.4826521
0.4918626
0.4927433
0.4925359
0.5089384
0.5267344
0.5267117
0.513444
0.5183154
0.5351928
0.5333194
0.5166011
0.5206733
0.539623
0.5434882
0.5295177
0.5255304
0.5482399
0.5642863
0.5488654
0.5306924
0.5407278
0.5508624
0.5437238
0.5299941
0.5554218
0.5990876
0.5808697
0.5632345
0.5915081
0.6018571
0.5748321
0.5597382
0.5726478
0.57148
0.5513951
0.5407237
0.5536487
0.574853
0.5709999
0.5514947
0.5800887
0.6217025
0.6009189
0.5927964
0.6336599
0.6257328
0.5944039
0.6138163
0.6329322
0.612102
0.5885795
0.6094228
0.6339654
0.6105873
0.5857009
0.5979293
0.6082378
0.5850599
0.5783847
0.6124744
0.6231999
0.6039625
0.6106075
0.6637291
0.6699868
0.6282282
0.6558853
0.6974719
0.663158
0.6650327
0.6757054
0.6577938
0.6883319
0.7053723
0.7106854
0.6624548
0.6699942
0.6975172
0.6757571
0.7031335
0.6807069
0.6998405
0.7386941
0.6950631
0.6846908
0.7159504
0.7027104
0.6583426
0.6828789
0.7347897
0.7060246
0.6670872
0.6948418
0.7210678
0.6843807
0.6404009
0.6583562
0.7082595
0.7167531
0.6782755
0.6698708
0.7090014
0.7123487
0.6638251
0.6585691
0.6876632
0.6735422
0.6894737
0.7413012
0.7372118
0.6987322
0.6763913
0.7031874
0.7011946
0.7117479
0.7518002
0.7699675
0.7906544
0.7524366
0.7547885
0.7685792
0.7852618
0.8035611
0.7811663
0.7990518
0.7897012
0.7592846
0.7726115
0.7872724
0.7798506
0.7842773
0.7617491
0.7436971
0.7560685
0.754717
0.7389785
0.723336
0.7386138
0.7522647
0.737899
0.7496997
0.8053287
0.8170024
0.7761177
0.779428
0.7975947
0.7650263
0.7368124
0.7563949
0.7675031
0.7428203
0.7301215
0.7593645
0.7847412
0.7564916
0.7372238
0.7482601
0.7380085
0.7098302
0.709244
0.7422256
0.732831
0.7074216
0.758389
0.8087347
0.7875947
0.7839198
0.8174987
0.7951817
0.7541635
0.7772601
0.7958395
0.7625892
0.7412384
0.7791952
0.7983904
0.7554658
0.741763
0.7816678
0.8029338
0.7753025
0.7619709
0.7834285
0.7828453
0.7550032
0.7618058
0.7795391
0.751258
0.724059
0.7647961
0.7997368
0.7754808
0.8038584
0.8283972
0.7851956
0.7780143
0.8087821
0.8013931
0.7598231
0.7514671
0.772327
0.773836
0.7537178
0.7438059
0.7459424
0.733802
0.7080126
0.7078817
0.7362308
0.7434231
0.7196543
0.7142021
0.7581577
0.7879917
0.7653153
0.7423469
0.7591944
0.7751724
0.7579563
0.7420537
0.7560979
0.7674683
0.7443216
0.7365073
0.7666735
0.7781753
0.7430538
0.7322885
0.7526561
0.746611
0.719945
0.7170036
0.7330526
0.7209156
0.6856774
0.6988393
0.7431907
0.7488363
0.7359416
0.7399897
0.7343387
0.7305248
0.7935129
0.7746921
0.7201677
0.7208415
0.6965095
0.7123844
0.7734977
0.7988441
0.7263431
0.734941
0.7809679
0.743691
0.7480836
0.7452988
0.7406268
0.7386246
0.7383987
0.76875
0.8150766
0.7906162
0.7501262
0.784265
0.7782299
0.7968814
0.8048829
0.7642146
0.77178
0.7870374
0.7775307
0.7634144
0.7653332
0.7814142
0.7799902
0.7528951
0.7463937
0.7649644
0.7635697
0.7383847
0.730486
0.7506009
0.7613204
0.735948
0.7253425
0.7501003
0.7520489
0.7314183
0.7413401
0.7642753
0.7502022
0.7262806
0.727937
0.7377015
0.7264404
0.7053837
0.7127981
0.7300598
0.7291655
0.7062883
0.6698234
0.6643353
0.6361051
0.6599524
0.7237611
0.6612991
0.6662801
0.7269949
0.7152586
0.7184731
0.7175206
0.7021101
0.6994506
0.6853594
0.686035
0.7131066
0.7233995
0.7047176
0.6664277
0.658665
0.6702889
0.6962731
0.7310982
0.7285891
0.7022028
0.6905619
0.7155392
0.7347509
0.7092372
0.689371
0.7058588
0.7196239
0.7060021
0.6856628
0.6813661
0.6922028
0.6954244
0.6788596
0.6774572
0.704197
0.7155213
0.7010355
0.7042794
0.7275163
0.7272015
0.7013887
0.6861358
0.7094067
0.7409211
0.728067
0.7115592
0.737272
0.7572963
0.7379824
0.7131571
0.7323505
0.741032
0.704849
0.7028824
0.7059139
0.697032
0.7159578
0.7328363
0.7247321
0.7133539
0.7160455
0.7162975
0.714101
0.7036266
0.6847599
0.6926819
0.7187971
0.7201048
0.7086453
0.7256049
0.7499217
0.7253952
0.7158718
0.7371087
0.7310267
0.7326516
0.7436608
0.7327082
0.7197065
0.7169616
0.70209
0.7069404
0.7299458
0.733069
0.7012246
0.6795561
0.6386301
0.6586142
0.6942928
0.6604493
0.7270585
0.6983786
0.6511612
0.71737
0.6886457
0.6918524
0.7148596
0.6606567
0.6491888
0.6491749
0.6584411
0.6892133
0.6810185
0.6872755
0.7202513
0.7219164
0.6948865
0.698551
0.7366464
0.7271297
0.6980264
0.7213526
0.7542822
0.7334021
0.7241402
0.7321399
0.7175763
0.7370587
0.7488755
0.7746655
0.7717645
0.7330215
0.7355496
0.7333837
0.7250296
0.74673
0.7651656
0.7437293
0.7469824
0.7693209
0.7578013
0.7549964
0.7577976
0.7268448
0.7178286
0.7263494
0.7265995
0.7230505
0.7170395
0.7320944
0.7321927
0.7057145
0.6916934
0.7002861
0.7098355
0.7145305
0.7134989
0.6945837
0.6954189
0.7077972
