0.8391649
0.8235377
0.8066238
0.782448
0.7763933
0.7696977
0.76659
0.7664338
0.7732818
0.7833417
0.7806932
0.7760627
0.774506
0.7706865
0.7772134
0.7827861
0.7814893
0.7813585
0.7796245
0.78516
0.7877439
0.7780566
0.7770603
0.7880926
0.7908845
0.7841306
0.7857369
0.7862837
0.7766175
0.773134
0.7746414
0.7743984
0.7701376
0.7641435
0.7664521
0.7712111
0.7671998
0.7578228
0.7458842
0.7378176
0.7484553
0.7648831
0.7728895
0.774682
0.7734246
0.7836847
0.7931188
0.7919594
0.7876276
0.7782531
0.7733368
0.7702683
0.7637638
0.7571975
0.7553381
0.7586749
0.7623476
0.7599936
0.75096
0.7476956
0.7513828
0.7600662
0.7628633
0.7562094
0.7441469
0.7258372
0.7328523
0.7584165
0.7742918
0.7866261
0.7928064
0.7909083
0.7883022
0.7821084
0.7731936
0.7723572
0.7732774
0.775193
0.7784815
0.7818527
0.7825285
0.7808408
0.7787471
0.7777845
0.7800217
0.7821618
0.7846963
0.7796446
0.7739461
0.7662526
0.7619017
0.7646987
0.7744333
0.7833482
0.7761714
0.770464
0.7671536
0.7709825
0.7771258
0.7737623
0.7714618
0.7726863
0.7809039
0.7929053
0.7952678
0.7897243
0.7854136
0.7859613
0.785564
0.7848804
0.7847316
0.7813111
0.7787355
0.7717526
0.7658761
0.7706159
0.7714832
0.7701896
0.7747564
0.7725865
0.7711479
0.7679299
0.7627894
0.7652991
0.7664713
0.7666538
0.7672666
0.7655692
0.7602082
0.755034
0.7541797
0.7614659
0.7689046
0.7689437
0.7692346
0.7628862
0.7581647
0.7650049
0.7718231
0.7727241
0.7692687
0.7713198
0.7752949
0.7790693
0.7836519
0.7830831
0.7754345
0.7691968
0.7699052
0.7688015
0.7685856
0.7668689
0.7646205
0.7730136
0.7835819
0.7859576
0.7795785
0.7650219
0.7559574
0.7582638
0.7549184
0.753056
0.7475891
0.7417237
0.7505103
0.7547786
0.7578009
0.7561235
0.7505398
0.7548405
0.7632087
0.7616994
0.7548262
0.7509663
0.7528474
0.7621193
0.7686216
0.77458
0.7712364
0.7601275
0.7596288
0.7652622
0.7652508
0.7574097
0.7544447
0.7595533
0.7633055
0.7645734
0.7520967
0.7425417
0.7506887
0.7546376
0.7523808
0.7562471
0.7657165
0.7719816
0.7749749
0.7758445
0.7740555
0.7720183
0.7698993
0.7715848
0.7717731
0.7617958
0.7516137
0.7398051
0.7344584
0.7415963
0.7505397
0.7548334
0.7475738
0.7411021
0.7509442
0.7688621
0.7773344
0.777603
0.7729389
0.7719023
0.7757749
0.7817723
0.78767
0.7872172
0.784675
0.7757599
0.7701545
0.7728024
0.779688
0.7812606
0.7771956
0.778964
0.7864834
0.7963129
0.7991527
0.7946012
0.7951871
0.8016443
0.80522
0.8089299
0.8073631
0.8041723
0.8002108
0.7941885
0.7929133
0.7953799
0.7961476
0.7951372
0.7957492
0.7874204
0.7738574
0.7676404
0.7708578
0.773593
0.7714401
0.7729091
0.7747846
0.7776234
0.7799103
0.7770081
0.7740696
0.7674658
0.7699593
0.7737528
0.7652353
0.7646098
0.7623753
0.7651707
0.7660848
0.775564
0.8026455
0.7651654
0.7198715
0.7442874
0.765182
0.760666
0.7498175
0.7420212
0.7520187
0.7652867
0.7660921
0.7586593
0.7527501
0.7569028
0.7659624
0.7740722
0.777387
0.7823253
0.7813368
0.775488
0.7831093
0.7891239
0.7945845
0.7974311
0.7961137
0.79876
0.7968895
0.7988673
0.8036746
0.802111
0.7989331
0.7915823
0.7894537
0.7953585
0.800778
0.8060721
0.8065715
0.8089872
0.8069881
0.8039243
0.8090253
0.8028328
0.7929159
0.7878473
0.7879338
0.7816081
0.7714448
0.7581743
0.7430062
0.7166299
0.738866
0.78518
0.8019752
0.7974364
0.7682337
0.8063916
0.7835423
0.7135464
0.7227235
0.7599701
0.7638095
0.7640288
0.8110767
0.8387749
0.8317026
0.7914148
0.7841581
0.813203
0.8178613
0.8164317
0.8141895
0.8066278
0.8018488
0.8022181
0.8004939
0.8021511
0.8109589
0.8165965
0.8095041
0.8046293
0.8081204
0.8054828
0.8085122
0.810369
0.8016313
0.8023687
0.8014572
0.7940288
0.7898256
0.7864023
0.7890061
0.7893465
0.776957
0.7725861
0.7521777
0.7701057
0.824456
0.7996482
0.7608123
0.7921594
0.8049051
0.7621735
0.7712135
0.7770626
0.7625072
0.7635722
0.7598422
0.7635261
0.7637392
0.7617645
0.7496627
0.7457777
0.7574214
0.7682986
0.7800764
0.7903945
0.7911222
0.7924214
0.7985441
0.7977613
0.7935739
0.7924102
0.7927661
0.795286
0.800999
0.8067164
0.8081119
0.8034168
0.7935035
0.7902826
0.7880338
0.7789256
0.7679141
0.7729392
0.7581115
0.7785621
0.8054431
0.7554342
0.7716835
0.8027646
0.7968852
0.7971093
0.7867823
0.780783
0.7746362
0.7712344
0.758958
0.7569317
0.7630371
0.7633864
0.7631257
0.7600669
0.755591
0.7618886
0.7463239
0.7438453
0.8030797
0.7867006
0.7428998
0.7490866
0.7321334
0.7106778
0.6962533
0.6963485
0.7621432
0.7810169
0.7268507
0.7620934
0.7773193
0.7697635
0.80879
0.817681
0.8268806
0.8343782
0.8345943
0.8187362
0.7839332
0.7650815
0.7447474
0.7389594
0.7299988
0.7422862
0.7577658
0.7396337
0.7162305
0.7081649
0.7695969
0.7989997
0.7429613
0.7082261
0.7446281
0.730891
0.7145799
0.719956
0.7249878
0.7920714
0.7868208
0.7700733
0.7820669
0.7613383
0.7558672
0.7588162
0.7681773
0.7689192
0.7577241
0.751117
0.7451047
0.7464504
0.7468999
0.7410889
0.7371164
0.7359774
0.7528279
0.7179003
0.6532316
0.6501371
0.6609639
0.670131
0.6922562
0.6831769
0.6696244
0.7132842
0.7102081
0.6760143
0.6697072
0.6725357
0.6785587
0.679847
0.6840555
0.6868977
0.6980236
0.6866832
0.6644611
0.6558293
0.6367804
0.6131233
0.592269
0.5959266
0.6435158
0.6714661
0.6432144
0.6220369
0.6658981
0.6945404
0.6701716
0.6495076
0.6478162
0.6637173
0.6775286
0.6677332
0.6479505
0.6384514
0.6358779
0.6394407
0.6455048
0.6459572
0.61306
0.6011371
0.6254961
0.600679
0.5963041
0.5659726
0.5715409
0.6227658
0.5464641
0.5217524
0.5540497
0.5402853
0.5364253
0.5429617
0.5418431
0.5324819
0.534382
0.5401638
0.546331
0.5454278
0.5437296
0.5767818
0.571471
0.5505794
0.5731912
0.5735324
0.5703015
0.5600659
0.5653955
0.6050767
0.5962037
0.5730033
0.5531423
0.5505336
0.5746076
0.550125
0.5284375
0.5282722
0.5212994
0.5208138
0.5200428
0.5201983
0.5138767
0.5025164
0.5033812
0.5003052
0.4913921
0.4840795
0.4808834
0.4793267
0.4796631
0.4736799
0.4847806
0.4930402
0.4543445
0.441591
0.4452011
0.4467939
0.4504265
0.4443255
0.4479492
0.449564
0.4486565
0.4492852
0.4531105
0.4519694
0.4498471
0.4551168
0.45092
0.4504352
0.4558304
0.4541578
0.4573697
0.4566923
0.4518009
0.4556261
0.4600053
0.4576526
0.4568536
0.4578274
0.4584551
0.4615196
0.4600242
0.4606565
0.4605888
0.4590059
0.4641048
0.4642628
0.4621274
0.4650124
0.4678419
0.4646702
0.4663276
0.4698741
0.4683935
0.4718613
0.4692412
0.4711326
0.4735491
0.470156
0.4772457
0.4698202
0.4721431
0.4816524
0.4725917
0.4743013
0.4701914
0.4842322
0.4759919
0.4711419
0.5036705
0.4650004
0.5047526
0.5593511
0.5183282
0.5646841
0.5842039
0.5838053
0.566389
0.5138801
0.5707326
0.5887196
0.5610031
0.5388629
0.519572
0.5390904
0.5347259
0.5259971
0.5206355
0.5157861
0.5174835
0.5170185
0.5108805
0.5119852
0.5377529
0.5098865
0.5008542
0.5714788
0.5844095
0.5765023
0.5831192
0.5757866
0.5727625
0.5685646
0.566314
0.5604231
0.5593483
0.5611881
0.5577147
0.5566353
0.5571868
0.5535487
0.5496928
0.5505649
0.5522647
0.5516625
0.5536875
0.5627001
0.5674637
0.5679176
0.565386
0.5656003
0.565366
0.5444883
0.5292531
0.5240663
0.5185829
0.521673
0.5262254
0.5252976
0.5263931
0.5302029
0.5319874
0.5338283
0.5286109
0.5240157
0.5282946
0.5301379
0.5213022
0.5222954
0.5141413
0.526598
0.5531509
0.5275994
0.5127837
0.5190599
0.5127699
0.4985648
0.5287914
0.5565969
0.544838
0.5371578
0.5544868
0.6019718
0.6024455
0.5874205
0.5984658
0.6040738
0.5981714
0.6004467
0.5996062
0.5927006
0.5971963
0.6008141
0.6007911
0.5972302
0.5982301
0.5993191
0.597863
0.6014918
0.6051574
0.6025289
0.6053612
0.603224
0.5877868
0.5856016
0.5930244
0.5858037
0.5772249
0.5765846
0.5587955
0.5497472
0.5149967
0.5283365
0.5910963
0.5729395
0.5597175
0.5259622
0.5111536
0.5593859
0.5790595
0.5716342
0.5602546
0.5745691
0.5829843
0.5702271
0.5687527
0.5672663
0.560117
0.5625069
0.567102
0.5634146
0.5679353
0.5772175
0.5855271
0.5925976
0.5947595
0.5968789
0.6040121
0.602147
0.5716737
0.5594301
0.5676236
0.5707921
0.5760083
0.5800693
0.5827023
0.5810765
0.5858169
0.6025566
0.6089809
0.595366
0.602475
0.6342926
0.6167262
0.6170989
0.6672291
0.6637312
0.6524911
0.645763
0.6244424
0.6190319
0.6112428
0.6068401
0.6188049
0.6338782
0.6371978
0.6351607
0.6435852
0.6583369
0.6604017
0.6517258
0.6644008
0.6629849
0.6515741
0.6666646
0.6776648
0.6733936
0.659536
0.665642
0.6822932
0.6808626
0.6643941
0.67076
0.6871436
0.6726982
0.6584845
0.6667008
0.6729011
0.6650093
0.6637842
0.6735865
0.68412
0.6717562
0.6582467
0.6682307
0.673829
0.6645397
0.6617811
0.6745359
0.6804219
0.6743587
0.6633372
0.6877029
0.7066891
0.7056203
0.7349131
0.736441
0.7236983
0.7201311
0.7204498
0.7232292
0.7272198
0.7291095
0.6992046
0.6639125
0.6513724
0.6528194
0.653956
0.6552894
0.6609187
0.6669116
0.6677097
0.663098
0.6792908
0.6684683
0.6589056
0.6967225
0.691059
0.6828955
0.6852615
0.6831038
0.6927802
0.6877871
0.68151
0.6796603
0.6826839
0.6848852
0.6797738
0.6801462
0.6910451
0.7039784
0.7136543
0.7114599
0.7083268
0.7149124
0.7118273
0.6994522
0.6917631
0.6918418
0.6937461
0.6889597
0.6854717
0.6921727
0.6947473
0.6906257
0.69265
0.7018296
0.7106532
0.7109654
0.7136684
0.7189725
0.7165734
0.7049017
0.7026138
0.7132333
0.7239275
0.7282377
0.7270127
0.731321
0.7353117
0.7345543
0.7257277
0.7192368
0.7172771
0.7129601
0.7177658
0.7225009
0.7205237
0.7184405
0.7210956
0.7300313
0.7321187
0.7381474
0.7513432
0.7562959
0.7565712
0.753174
0.7434084
0.7340524
0.7389965
0.7461923
0.7435839
0.7473086
0.7530073
0.7508471
0.7493708
0.7417642
0.731858
0.7337671
0.7378358
0.7370487
0.74387
0.7579809
0.7632329
0.759617
0.7543598
0.7497296
0.7507807
0.7528124
0.7590371
0.7762762
0.7833358
0.7754772
0.7699566
0.7579218
0.7283481
0.7039259
0.70555
0.7091866
0.7108706
0.7265496
0.7341804
0.730942
0.7257269
0.7295594
0.7431886
0.7447941
0.733904
0.7234432
0.7221807
0.7301724
0.7262128
0.7090032
0.7040776
0.7077491
0.7214868
0.7341654
0.73716
0.7450291
0.7482958
0.7457675
0.7364527
0.7307035
0.7341066
0.7441528
0.7475947
0.7330643
0.7305088
0.7335041
0.7320089
0.7237657
0.7109802
0.7150539
0.7244768
0.7272952
0.7299114
0.7351598
0.7363394
0.733765
0.7367136
0.7420611
0.7471354
0.7527222
0.7517251
0.7452492
0.7376588
0.7427745
0.7578428
0.7590796
0.7510162
0.7484706
0.7516467
0.7586389
0.7661279
0.7674547
0.76563
0.766578
0.7694132
0.7715185
0.773541
0.7709081
0.7608601
0.7536739
0.7524182
0.7504103
0.7521577
0.761026
0.7630698
0.7603294
0.760588
0.7570988
0.7576398
0.7620278
0.7640555
0.7613629
0.748103
0.7377365
0.7408468
0.7424062
0.7332048
0.7309137
0.7379528
0.7407309
0.7380042
0.7341406
0.7363564
0.7380963
0.7326972
0.7286521
0.736225
0.7416735
0.7329296
0.7312088
0.7397346
0.7427391
0.733494
0.7220397
0.7227062
0.7280407
0.7320752
0.7413637
0.7411996
0.7334348
0.7393781
0.7447486
0.7501253
0.7605317
0.7640881
0.7627783
0.766932
0.7747439
0.7714028
0.7662604
0.7688977
0.7697564
0.7705864
0.77103
0.7679854
0.7672423
0.7642977
0.7566677
0.7527599
0.7611063
0.7656233
0.7572905
0.7443043
0.7366653
0.7372313
0.7233465
0.7112662
0.71812
0.7233192
0.7203828
0.7134985
0.7088571
0.7149172
0.7291739
0.7325906
0.73113
0.730206
0.7238886
0.7314858
0.7369105
0.7315551
0.7281892
0.7295672
0.7362348
0.7429703
0.7509566
0.7513108
0.7513931
0.7530715
0.7477219
0.748088
0.7525326
0.7545954
0.7595857
0.7552485
0.748682
0.7468917
0.7478217
0.7551391
0.75289
0.7511328
0.7498998
0.7457608
0.7415734
0.7348216
0.7366938
0.7376993
0.7266332
0.7093813
0.7027226
0.6984226
0.7045311
0.7205629
0.720661
0.7233931
0.7310753
0.7339486
0.7392878
0.7478119
0.7527049
0.7533274
0.7547218
0.7573603
0.7617416
0.7695146
0.7727502
0.7681586
0.7628576
0.7570753
0.7576644
0.7631085
0.7635952
0.763656
0.7585469
0.753228
0.7591878
0.7598356
0.7578645
0.7576174
0.7490191
0.7403355
0.7379778
0.7301292
0.7149946
0.7032383
0.6971244
0.6938082
0.6947039
0.7002779
0.7057272
0.7101605
0.710522
0.7163754
0.7272582
0.72916
0.7303463
0.7355741
0.7371164
0.7381381
0.7407782
0.7432922
0.7500897
0.7553681
0.7567643
0.7648048
0.7703641
0.7687048
0.7694836
0.7692176
0.7668603
0.7662457
0.7634142
0.7576123
0.7546623
0.7532225
0.7541417
0.7555452
0.7545105
0.7478386
0.7351802
0.7328962
0.7321945
0.729505
0.7312654
0.7284849
0.729126
0.7381479
0.7420362
0.7357002
0.7340591
0.738862
0.743164
0.7444965
0.7290742
0.7166742
0.7269738
0.7306823
0.7257493
0.7230555
0.7201134
0.7233723
0.7316744
0.7403147
0.7475477
0.745623
0.7431481
0.7444829
0.74254
0.7460085
0.744967
0.7451912
0.7467965
0.748194
0.748724
0.7337178
0.7266818
0.727777
0.7421678
0.780405
0.8067688
0.8039797
0.7923372
0.7814228
0.7708537
0.7654111
0.7659563
0.7666969
0.7620849
0.7570933
0.7595106
0.7585263
0.7529523
0.757654
0.7661391
0.771766
0.7717311
0.7706627
0.7711029
0.7722011
0.7746361
0.7731085
0.7699778
0.7703005
0.7692793
0.764773
0.7646359
0.7717171
0.7677649
0.7536836
0.7499615
0.7587099
0.7676375
0.7703599
0.7670006
0.7502222
0.7380402
0.7301506
0.7316499
0.7313609
0.7193956
0.7235496
0.735308
0.744571
0.7468082
0.747667
0.7533692
0.7607745
0.7580079
0.7540878
0.7643094
0.7697932
0.7683756
0.7641603
0.7603462
0.759456
0.7565265
0.7545965
0.7466448
0.7391636
0.7454851
0.746283
0.7514055
