0.674
0.663
0.662
0.651
0.7087145
0.679
0.625
0.641
0.643
0.65
0.643
0.648
0.631
0.631
0.639
0.635
0.641
0.644
0.66
0.642
0.792
0.722482
0.725
0.686
0.675
0.676
0.69
0.698
0.7279263
0.759
0.677
0.706
0.711
0.7317464
0.675
0.675
0.657
0.672
0.647
0.669
0.67
0.662
0.679
0.713
0.692
0.697
0.723
0.682
0.696
0.75
0.679
0.728
0.718
0.729
0.724
0.736
0.714
0.688
0.729
0.692
0.711
0.717
0.691
0.733
0.695
0.71
0.739
0.73
0.732
0.704
0.704
0.713
0.74
0.708
0.778
0.716
0.73
0.775
0.748
0.753
0.709
0.781
0.75
0.745
0.779
0.763
0.741
0.791
0.762
0.751
0.8
0.773
0.758
0.755
0.755
0.761
0.751
0.762
0.773
0.753
0.8
0.782
0.763
0.806
0.796
0.782
0.799
0.803
0.792
0.812
0.804
0.801
0.809
0.809
0.807
0.813
0.801
0.801
0.815
0.803
0.804
0.827
0.818
0.813
0.832
0.822
0.816
0.813
0.822
0.817
0.7922294
0.822
0.842
0.828
0.802
0.82
0.804
0.797
0.833
0.785
0.835
0.815
0.771
0.8
0.79
0.791
0.771
0.778
0.724
0.748
0.715
0.756
0.746
0.746
0.748
0.739
0.733
0.735
0.741
0.745
0.752
0.75
0.707
0.739
0.731
0.693
0.701
0.714
0.736
0.758
0.8035098
0.728
0.764
0.749
0.722
0.741
0.76
0.793
0.721
0.854
0.764
0.764
0.816
0.841
0.776
0.835
0.797
0.822
0.813
0.821
0.802
0.842
0.834
0.792
0.826
0.811
0.813
0.815
0.843
0.792
0.857
0.819
0.786
0.791
0.796
0.796
0.781
0.813
0.811
0.817
0.82
0.837
0.809
0.834
0.846
0.816
0.847
0.817
0.828
0.828
0.831
0.814
0.835
0.831
0.817
0.824
0.809
0.809
0.811
0.815
0.823
0.828
0.811
0.803
0.803
0.796
0.8
0.788
0.783
0.802
0.801
0.813
0.817
0.791
0.813
0.817
0.828
0.839
0.819
0.836
0.847
0.827
0.843
0.838
0.833
0.846
0.826
0.826
0.838
0.841
0.816
0.843
0.853
0.823
0.86
0.848
0.86
0.853
0.854
0.859
0.831
0.878
0.841
0.844
0.857
0.86
0.839
0.858
0.862
0.845
0.856
0.857
0.837
0.847
0.858
0.828
0.842
0.851
0.838
0.897
0.845
0.853
0.843
0.854
0.842
0.83
0.846
0.813
0.827
0.841
0.812
0.868
0.816
0.819
0.838
0.842
0.819
0.84
0.869
0.806
0.839
0.846
0.828
0.853
0.842
0.839
0.834
0.846
0.831
0.827
0.878
0.813
0.829
0.843
0.834
0.823
0.837
0.823
0.814
0.828
0.828
0.816
0.796
0.817
0.826
0.807
0.792
0.784
0.804
0.817
0.858
0.795
0.871
0.819
0.861
0.878
0.86
0.854
0.834
0.851
0.833
0.8459024
0.804
0.805
0.818
0.822
0.816
0.796
0.774
0.799
0.804
0.822
0.825
0.797
0.857
0.799
0.875
0.821
0.88
0.821
0.861
0.86
0.86
0.858
0.896
0.864
0.84
0.843
0.815
0.8
0.804
0.79
0.794
0.798
0.803
0.792
0.81
0.828
0.809
0.835
0.82
0.853
0.8
0.827
0.869
0.795
0.812
0.822
0.841
0.818
0.854
0.832
0.82
0.824
0.831
0.811
0.782
0.806
0.802
0.807
0.827
0.822
0.799
0.813
0.813
0.789
0.801
0.813
0.804033
0.797
0.802
0.806
0.786
0.802
0.796
0.779
0.783
0.773
0.771
0.752
0.728
0.714
0.74
0.724
0.729
0.703
0.711
0.719
0.691
0.763195
0.691
0.718
0.7568253
0.688
0.713
0.693
0.681
0.67
0.803
0.739237
0.651
0.7337337
0.7309334
0.643
0.561
0.711
0.629
0.63
0.613
0.611
0.609
0.7053829
0.7026189
0.589
0.69721
0.572
0.565
0.574
0.561
0.621
0.6823829
0.555
0.555
0.6760629
0.541
0.552
0.544
0.6682645
0.613
0.538
0.541
0.542
0.6571659
0.6548025
0.531
0.649974
0.6475194
0.6450451
0.6425561
0.659
0.52
0.6350542
0.6325595
0.6300765
0.744
0.531
0.524
0.521
0.53
0.518
0.522
0.52
0.521
0.549
0.525
0.536
0.533
0.535
0.526
0.591
0.553
0.453
0.535
0.529
0.523
0.535
0.518
0.53
0.522
0.521
0.5819551
0.537
0.523
0.523
0.515
0.5765691
0.519
0.519
0.405
0.5726937
0.518
0.5708902
0.66
0.519
0.524
0.469
0.572
0.53
0.511
0.538
0.535
0.521
0.562381
0.52
0.531
0.529
0.524
0.529
0.55
0.532
0.543
0.396
0.676
0.528
0.54
0.542
0.5575612
0.544
0.544
0.528
0.547
0.543
0.5594978
0.5599571
0.53
0.532
0.542
0.543
0.549
0.53
0.541
0.556
0.545
0.539
0.525
0.534
0.557
0.573
0.577
0.561
0.563
0.537
0.548
0.532
0.529
0.533
0.52
0.44
0.483
0.54
0.672
0.526
0.516
0.541
0.519
0.522
0.523
0.521
0.524
0.522
0.521
0.513
0.56779
0.523
0.515
0.536
0.52
0.524
0.532
0.526
0.533
0.524
0.523
0.531
0.519
0.505
0.5
0.455
0.53
0.65
0.536
0.5694586
0.5695173
0.529
0.523
0.569725
0.5698044
0.5698885
0.515
0.506
0.523
0.508
0.511
0.528
0.519
0.518
0.544
0.532
0.538
0.546
0.558
0.56
0.553
0.546
0.534
0.5720798
0.545
0.551
0.545
0.463
0.597
0.585
0.562
0.552
0.565
0.557
0.55
0.539
0.534
0.522
0.521
0.562
0.556
0.539
0.574
0.592
0.571
0.565
0.563
0.552
0.551
0.538
0.532
0.531
0.543
0.557
0.549
0.547
0.553
0.548
0.543
0.577
0.591
0.568
0.563
0.605
0.599
0.584
0.584
0.586
0.585
0.574
0.571
0.631
0.607
0.587
0.604
0.623
0.613
0.59
0.59
0.582
0.58
0.571
0.57
0.573
0.563
0.558
0.565
0.566
0.572
0.575
0.568
0.597
0.577
0.576
0.59
0.586
0.582
0.596
0.617
0.597
0.581
0.607
0.733
0.636
0.539
0.677
0.6
0.576
0.575
0.586
0.592
0.592
0.592
0.595
0.593
0.588
0.604
0.595
0.588
0.593
0.593
0.587
0.592
0.59
0.584
0.596
0.607
0.6
0.599
0.616
0.605
0.594
0.607
0.608
0.597
0.604
0.619
0.616
0.612
0.618
0.606
0.61
0.606
0.601
0.604
0.602
0.609
0.612
0.605
0.612
0.613
0.607
0.609
0.601
0.588
0.586
0.588
0.604
0.6
0.6
0.602
0.599
0.597
0.589
0.593
0.585
0.587
0.609
0.608
0.627
0.633
0.638
0.628
0.634
0.638
0.645
0.621
0.623
0.634
0.62
0.642
0.652
0.637
0.63
0.624
0.621
0.633
0.626
0.65
0.661
0.669
0.662
0.657
0.677
0.651
0.648
0.664
0.661
0.647
0.67
0.668
0.667
0.641
0.704
0.6762777
0.804
0.772
0.751
0.752
0.756
0.744
0.734
0.729
0.704
0.702
0.689
0.687
0.691
0.68
0.682
0.669
0.663
0.665
0.6923206
0.676
0.691
0.684
0.69
0.692
0.684
0.688
0.674
0.679
0.678
0.682
0.668
0.676
0.672
0.674
0.683
0.672
0.652
0.651
0.647
0.637
0.658
0.696
0.69
0.7
0.741
0.733
0.725
0.706
0.695
0.718
0.7100749
0.696
0.685
0.68
0.682
0.68
0.674
0.691
0.685
0.695
0.692
0.671
0.656
0.66
0.67
0.689
0.69
0.713
0.713
0.703
0.673
0.679
0.686
0.667
0.668
0.672
0.684
0.698
0.68
0.7181406
0.66
0.654
0.669
0.667
0.668
0.667
0.677
0.67
0.677
0.694
0.679
0.664
0.65
0.649
0.661
0.66
0.655
0.666
0.669
0.658
0.68
0.679
0.665
0.809
0.7338233
0.807
0.775
0.772
0.762
0.743
0.756
0.75
0.734
0.726
0.735
0.729
0.738
0.745
0.744
0.751
0.77
0.775
0.771
0.766
0.741
0.739
0.737
0.739
0.736
0.737
0.761
0.761
0.774
0.79
0.784
0.809
0.798
0.776
0.77
0.77
0.749
0.765
0.757
0.766
0.779
0.765
0.765
0.765
0.808
0.783
0.746
0.778
0.771
0.755
0.748
0.844
0.81
0.783
0.782
0.817
0.782
0.776
0.793
0.818
0.753
0.767
0.737
0.74
0.762
0.748
0.8
0.792
0.792
0.81
0.81
0.777
0.794
0.803
0.786
0.787
0.804
0.796
0.78
0.796
0.8
0.78
0.798
0.806
0.792
0.795
0.812
0.805
0.791
0.806
0.822
0.799
0.813
0.815
0.791
0.805
0.811
0.794
0.787
0.848
0.844
0.847
0.861
0.858
0.829
0.851
0.83
0.821
0.826
0.809
0.813
0.812
0.803
0.812
0.799
0.795
0.803
0.787
0.793
0.791
0.776
0.791
0.767
0.782
0.774
0.762
0.77
0.756
0.752
0.728
0.736
0.743
0.755
0.796
0.791
0.767
0.751
0.757
0.753
0.736
0.734
0.726
0.717
0.72
0.722
0.757
0.736
0.739
0.742
0.726
0.722
0.762
0.723
0.739
0.73
0.744
0.731
0.753
0.755
0.725
0.771
0.745
0.727
0.758
0.755
0.724
0.76
0.753
0.737
0.755
0.749
0.723
0.761
0.746
0.726
0.751
0.749
0.73
0.746
0.746
0.736
0.776
0.75
0.752
0.739
0.743
0.733
0.748
0.788
0.72
0.753
0.751
0.72
0.718
0.741
0.76
0.768
0.722
0.723
0.707
0.692
0.69
0.686
0.682
0.679
0.667
0.673
0.68
0.678
0.699
0.699
0.699
0.738
0.726
0.711
0.738
0.716
0.713
0.743
0.729
0.725
0.721
0.766
0.746
0.732
0.788
0.731
0.722
0.755
0.741
0.725
0.757
0.758
0.74
0.734
0.751
