0.8128955
0.8044441
0.8174853
0.8261201
0.8252736
0.8310298
0.8556594
0.8751041
0.8728406
0.8735259
0.8819215
0.8951403
0.9066136
0.8941002
0.8889649
0.899639
0.9029833
0.8952219
0.8864681
0.8979816
0.9039873
0.8899252
0.8929682
0.9162781
0.9249279
0.9182477
0.920522
0.9316421
0.9309464
0.9126018
0.9105724
0.9227537
0.9159119
0.8982838
0.8950389
0.9016823
0.9041564
0.8958688
0.8892861
0.8948405
0.8999903
0.8973573
0.8975985
0.9141697
0.9232738
0.9199731
0.9123205
0.9021166
0.8936274
0.8767422
0.8654821
0.8744267
0.8803449
0.8724222
0.8760278
0.8895714
0.8860252
0.871186
0.8734035
0.8805248
0.8696468
0.8659386
0.8781575
0.8818459
0.8806334
0.8933589
0.9011253
0.898269
0.9087442
0.9270716
0.9294263
0.9175762
0.9210379
0.9232122
0.9121392
0.9183322
0.9230396
0.9119174
0.9112268
0.9240563
0.9254538
0.9114056
0.9111961
0.920172
0.9138442
0.9082131
0.9206356
0.9358057
0.9339561
0.9121783
0.9041376
0.91337
0.9209477
0.9186971
0.9021487
0.9005878
0.9053425
0.9040934
0.9057808
0.9017404
0.8921529
0.8818817
0.8822018
0.8927997
0.894231
0.8890391
0.8870265
0.8893675
0.895655
0.9012492
0.9113192
0.9110176
0.8983391
0.9009147
0.9094619
0.9159433
0.918206
0.9150752
0.9093719
0.8986513
0.9006706
0.9086352
0.8981065
0.8904555
0.8874756
0.8745425
0.8737176
0.8797457
0.8790848
0.8769267
0.8840407
0.8898547
0.8840201
0.8803316
0.8863405
0.8919447
0.8977963
0.905677
0.903822
0.9005271
0.9049373
0.9163361
0.9195235
0.9125434
0.9031331
0.8920095
0.8920238
0.8952857
0.8995059
0.9025817
0.8941118
0.8829059
0.8598225
0.840887
0.8358732
0.8336626
0.8385511
0.8443291
0.8519895
0.8541067
0.8512745
0.8561589
0.8614508
0.8613727
0.8562738
0.8521865
0.8539734
0.8525252
0.8464921
0.8483205
0.8520697
0.8521531
0.8459616
0.8354697
0.8374116
0.8442208
0.8410981
0.8341825
0.8387492
0.8477917
0.8521755
0.8501841
0.8563135
0.8711031
0.8720152
0.8717414
0.8793324
0.8865549
0.8857056
0.8861729
0.8970472
0.9021201
0.8988295
0.8963013
0.8991339
0.9002497
0.8901865
0.8837614
0.8873476
0.8815529
0.8688133
0.8580267
0.8370584
0.8214191
0.817322
0.812903
0.8189801
0.8318544
0.8364356
0.8278885
0.8287844
0.8373527
0.8275731
0.8197025
0.8254606
0.8258047
0.8180779
0.821183
0.833532
0.8312035
0.8223748
0.8275224
0.8381599
0.8391379
0.8350269
0.8352676
0.8432557
0.84451
0.8412474
0.8491768
0.8518434
0.8485021
0.8496235
0.8569007
0.8646219
0.8617356
0.8600317
0.8660123
0.873056
0.870905
0.8658247
0.8760627
0.8882562
0.8892415
0.8802024
0.8724941
0.8726384
0.8665736
0.8557075
0.8573299
0.8653032
0.8652124
0.8686439
0.8837303
0.8933147
0.8880753
0.8858533
0.8965858
0.8991084
0.891084
0.8893921
0.8971269
0.9031761
0.8939032
0.8884172
0.8944818
0.8961557
0.8915432
0.8822654
0.8840991
0.8888438
0.8775167
0.8605249
0.8534842
0.8275077
0.8272115
0.8620342
0.8968796
0.9064265
0.8373014
0.8119395
0.8371596
0.8538397
0.8690007
0.8707422
0.8836988
0.9024744
0.9101841
0.9003001
0.9036086
0.9209659
0.9295314
0.9334843
0.9196189
0.9085759
0.9206721
0.9275265
0.9286723
0.9212213
0.9150167
0.9232719
0.9269571
0.9174178
0.9149542
0.9261117
0.9233532
0.915661
0.9262553
0.9368258
0.9381129
0.9299507
0.9141826
0.9065421
0.9020674
0.892819
0.8776717
0.8729368
0.886373
0.8925509
0.889557
0.8896624
0.8957498
0.897366
0.8884011
0.8877048
0.8939189
0.8971416
0.8930228
0.8832119
0.8858698
0.8835198
0.8754912
0.8809185
0.8900644
0.88886
0.8771014
0.8771876
0.884261
0.8745147
0.8557583
0.8514992
0.8505978
0.8391966
0.8291521
0.8307257
0.833526
0.8306198
0.832768
0.8381899
0.8349364
0.8196691
0.8159441
0.8258856
0.8240403
0.8164245
0.8236807
0.8323648
0.828237
0.8286394
0.8373627
0.8433459
0.8421919
0.8424156
0.8508429
0.8566187
0.8562735
0.8535872
0.8561011
0.8603989
0.8584407
0.8545117
0.8550026
0.8621901
0.8662913
0.8601454
0.8555854
0.8595879
0.8576072
0.8327864
0.8078028
0.8071799
0.7990443
0.7918286
0.7909696
0.7947187
0.8086701
0.8084443
0.8151757
0.8132951
0.7989145
0.7960966
0.7850204
0.776089
0.7678776
0.7445611
0.7299155
0.7324182
0.7341687
0.7385188
0.7383126
0.72441
0.7243264
0.7250193
0.7222719
0.7238988
0.714798
0.7110728
0.7092581
0.7085251
0.7099158
0.7038567
0.6962023
0.6954694
0.6959915
0.6909616
0.6905757
0.6932055
0.6882082
0.686752
0.6852868
0.6724766
0.6709513
0.6707618
0.6660473
0.6633573
0.6680137
0.6737269
0.6661271
0.6657852
0.6686401
0.6697505
0.6675045
0.6641202
0.6601982
0.6553897
0.6544284
0.6470789
0.6427305
0.6418234
0.634998
0.6304177
0.6284416
0.6233727
0.6188732
0.6194129
0.6169879
0.6157349
0.6134313
0.612553
0.6147918
0.6123716
0.6116438
0.6069189
0.6059108
0.6041835
0.6016356
0.5995994
0.5982367
0.6025236
0.6022328
0.6020189
0.6039565
0.6027345
0.6015818
0.6011812
0.5988521
0.5994205
0.6003445
0.5963739
0.5907313
0.5918805
0.5879739
0.5875382
0.592522
0.5884633
0.5856869
0.5831928
0.5809545
0.5755655
0.5765918
0.5783257
0.5718949
0.5692882
0.5709827
0.5705185
0.5654995
0.567191
0.5646742
0.5602604
0.5613903
0.5618927
0.5617569
0.5582362
0.5536592
0.5472522
0.5497796
0.5544106
0.5538511
0.5539574
0.549782
0.5499356
0.5492591
0.5507779
0.555526
0.5534497
0.5527165
0.5498971
0.5497739
0.5495438
0.5491178
0.550401
0.5498909
0.5521048
0.5493779
0.5483151
0.5503152
0.5509056
0.5463279
0.5436378
0.5503936
0.555389
0.5541725
0.5499485
0.5537811
0.5563567
0.5573372
0.5545737
0.5492446
0.55512
0.5571046
0.5586213
0.5573594
0.5556083
0.5600812
0.5597189
0.5583776
0.5587017
0.56595
0.5689498
0.5688199
0.5739674
0.5814966
0.5868049
0.5806874
0.5815581
0.581051
0.5736076
0.5802174
0.5825008
0.5780724
0.5789104
0.5835032
0.5824915
0.5781636
0.5786941
0.5817106
0.5815492
0.5789316
0.5822099
0.5800773
0.576481
0.5729696
0.5684761
0.5629715
0.5620665
0.5631002
0.5580956
0.5560175
0.5527432
0.5528536
0.5491467
0.5459017
0.5498044
0.5478737
0.5431539
0.5355099
0.539002
0.5469573
0.5394511
0.5366358
0.5376853
0.537906
0.5407831
0.53345
0.5319308
0.5363112
0.5381818
0.5392394
0.5302822
0.5312434
0.5367064
0.5323022
0.5332547
0.5330681
0.5292228
0.5288533
0.5358481
0.5401681
0.534792
0.5314641
0.5394771
0.5431203
0.535045
0.5379486
0.543318
0.5450292
0.5522001
0.5595942
0.5620948
0.5675255
0.5795504
0.592468
0.5965844
0.5992053
0.6098523
0.6178056
0.6255101
0.6376415
0.646904
0.6543598
0.6602066
0.6673656
0.6762438
0.6739695
0.6774219
0.6879318
0.6864483
0.6851961
0.6931293
0.6993662
0.7017293
0.707539
0.7131742
0.7124401
0.7198001
0.7392345
0.7497941
0.7545664
0.7612778
0.7622748
0.764279
0.7728616
0.7753548
0.7740251
0.7748191
0.7730679
0.7721311
0.76949
0.7680117
0.7586549
0.739661
0.7378355
0.7367456
0.7233769
0.723975
0.7347471
0.7365878
0.7402719
0.7494482
0.7510298
0.7390616
0.7245817
0.732097
0.7447686
0.7439405
0.7545587
0.7693865
0.7724236
0.7914549
0.8050977
0.8026511
0.8162993
0.8129565
0.800864
0.8095043
0.8203614
0.8228941
0.8080118
0.8009028
0.8009366
0.7900736
0.7922978
0.8054885
0.8064321
0.8087972
0.8254855
0.826586
0.8239476
0.84055
0.8479846
0.8476619
0.8656217
0.8808011
0.868919
0.858517
0.8464937
0.8596737
0.880013
0.8742288
0.8965546
0.9069752
0.8906739
0.8713589
0.8716816
0.8812546
0.8762727
0.8823697
0.876751
0.8633015
0.858566
0.8501813
0.8342777
0.8238405
0.8342413
0.8390909
0.8401799
0.8628251
0.8750721
0.8579278
0.8489327
0.8581271
0.8522186
0.8296799
0.8264612
0.8413046
0.8469596
0.8483232
0.8616579
0.8742865
0.8677452
0.8735237
0.8903766
0.8809485
0.8762228
0.8917434
0.8961131
0.8955047
0.9060555
0.8995875
0.8927281
0.9038551
0.8955055
0.8927215
0.9101895
0.9111574
0.8968868
0.9077191
0.9142175
0.8940285
0.8893646
0.8998407
0.903203
0.8922411
0.8913813
0.8999967
0.8929745
0.8871844
0.9051664
0.9056336
0.8864966
0.8897355
0.8829771
0.868495
0.8819861
0.8888312
0.8763067
0.8870075
0.9055011
0.9016291
0.8915895
0.8979201
0.9034899
0.8934523
0.9071066
0.918048
0.9064141
0.9119349
0.9121567
0.8937893
0.8953709
0.9109464
0.9077551
0.9190754
0.9334126
0.92578
0.9370198
0.9403447
0.9231214
0.8964109
0.8667447
0.862817
0.8597077
0.8634957
0.8818373
0.885254
0.896479
0.91227
0.9067289
0.9024002
0.9130523
0.9089361
0.8950434
0.9044353
0.9040542
0.8877782
0.8982088
0.9088235
0.9001028
0.8976305
0.9012829
0.8902539
0.8747355
0.8771706
0.8766067
0.8766837
0.9027721
0.9198175
0.9142004
0.9143953
0.8971698
0.8680045
0.8611798
0.883587
0.8903228
0.9117437
0.9243386
0.8726784
0.8602036
0.8669429
0.8750557
0.900808
0.9028222
0.8955693
0.8880065
0.889359
0.9132946
0.9244473
0.9090996
0.9035021
0.9267234
0.9228303
0.9118698
0.9497808
0.9148609
0.8790761
0.9079313
0.9161155
0.9651882
0.9821562
0.9604125
0.9580666
0.9453605
0.9388684
0.9352009
0.9295169
0.9282295
0.9359781
0.9460607
0.9480455
0.9420004
0.9325993
0.9160459
0.894815
0.8744114
0.8689385
0.8827471
0.8943324
0.8865425
0.8863888
0.8900865
0.8732728
0.8664195
0.8722247
0.8669628
0.8652214
0.866962
0.8610464
0.8616316
0.8672185
0.8684742
0.8653731
0.8784919
0.895001
0.9014434
0.9003127
0.8910753
0.8971536
0.9047811
0.9111515
0.9101362
0.8950954
0.8986345
0.8971
0.8805838
0.8815813
0.8945136
0.8962048
0.8880359
0.8908869
0.8908897
0.8768513
0.8713041
0.8789313
0.8700951
0.8518892
0.8610116
0.8622559
0.8601197
