0.565
0.577
0.568
0.565
0.563
0.565
0.565
0.551
0.547
0.547
0.543
0.533
0.535
0.536
0.535
0.538
0.542
0.555
0.564
0.559
0.553
0.555
0.556
0.558
0.549
0.545
0.548
0.56
0.555
0.556
0.556
0.567
0.57
0.562
0.554
0.556
0.558
0.559
0.551
0.546
0.541
0.551
0.555
0.561
0.551
0.551
0.557
0.565
0.574
0.566
0.56
0.56
0.564
0.567
0.561
0.556
0.558
0.569
0.566
0.561
0.554
0.556
0.568
0.581
0.572
0.566
0.573
0.574
0.574
0.566
0.554
0.554
0.556
0.57
0.58
0.571
0.567
0.57
0.57
0.561
0.555
0.548
0.561
0.57
0.585
0.583
0.59
0.6
0.604
0.592
0.59
0.596
0.598
0.602
0.588
0.584
0.588
0.591
0.584
0.582
0.589
0.594
0.594
0.585
0.578
0.579
0.576
0.584
0.577
0.569
0.581
0.592
0.599
0.594
0.589
0.588
0.597
0.586
0.577
0.58
0.591
0.6
0.606
0.601
0.597
0.603
0.601
0.59
0.584
0.59
0.593
0.602
0.607
0.6
0.599
0.607
0.608
0.604
0.609
0.608
0.611
0.609
0.597
0.605
0.609
0.61
0.604
0.602
0.613
0.627
0.5756319
0.625
0.62
0.627
0.5806318
0.617
0.612
0.599
0.596
0.59
0.589
0.602
0.606
0.614
0.61
0.61
0.624
0.6071918
0.619
0.615
0.616
0.616
0.61
0.599
0.592
0.599
0.606
0.626
0.615
0.604
0.607
0.603
0.583
0.581
0.583
0.58
0.57
0.573
0.563
0.554
0.546
0.5851672
0.585922
0.608831
0.549
0.5904162
0.5652576
0.563
0.549
0.555
0.556
0.557
0.567
0.564
0.563
0.572
0.584
0.59
0.59
0.588
0.596
0.606
0.603
0.589
0.584
0.585
0.588
0.582
0.568
0.562
0.567
0.566
0.563
0.563
0.558
0.559
0.56
0.563
0.56
0.556
0.561
0.573
0.581
0.58
0.583
0.579
0.577
0.577
0.58
0.571
0.568
0.56
0.554
0.558
0.557
0.553
0.562
0.562
0.562
0.565
0.57
0.574
0.574
0.57
0.561
0.565
0.571
0.576
0.575
0.567
0.567
0.573
0.583
0.578
0.57
0.567
0.58
0.583
0.584
0.59
0.581
0.575
0.573
0.58
0.58
0.573
0.563
0.562
0.567
0.571
0.57
0.564
0.566
0.571
0.577
0.572
0.567
0.559
0.567
0.569
0.564
0.564
0.575
0.588
0.589
0.588
0.591
0.589
0.591
0.587
0.581
0.589
0.592
0.587
0.586
0.592
0.598
0.595
0.589
0.582
0.586
0.588
0.578
0.575
0.58
0.588
0.59
0.586
0.579
0.583
0.593
0.593
0.583
0.58
0.585
0.585
0.58
0.576
0.578
0.584
0.593
0.579
0.572
0.565
0.566
0.574
0.576
0.566
0.56
0.554
0.557
0.564
0.576
0.59
0.605
0.604
0.594
0.588
0.583
0.583
0.583
0.573
0.568
0.572
0.581
0.583
0.576
0.574
0.575
0.577
0.583
0.578
0.576
0.576
0.572
0.571
0.568
0.562
0.572
0.574
0.581
0.583
0.575
0.571
0.574
0.575
0.571
0.572
0.574
0.581
0.591
0.594
0.605
0.604
0.599
0.593
0.597
0.605
0.606
0.603
0.598
0.597
0.604
0.608
0.618
0.601
0.596
0.587
0.595
0.595
0.594
0.59
0.588
0.582
0.578
0.575
0.578
0.578
0.576
0.565
0.559
0.559
0.563
0.576
0.583
0.589
0.586
0.589
0.589
0.605
0.611
0.611
0.617
0.617
0.633
0.627
0.615
0.622
0.63
0.641
0.5938802
0.645
0.638
0.646
0.5989548
0.6235627
0.6113916
0.6123475
0.6084898
0.621
0.606
0.601
0.602
0.611
0.613
0.604
0.596
0.598
0.604
0.608
0.601
0.595
0.604
0.606
0.605
0.6
0.599
0.601
0.593
0.589
0.59
0.588
0.594
0.596
0.586
0.592
0.596
0.598
0.593
0.588
0.576
0.568
0.568
0.576
0.591
0.595
0.601
0.602
0.604
0.601
0.597
0.595
0.594
0.604
0.616
0.632
0.628
0.621
0.606
0.61
0.607
0.605
0.594
0.59
0.6
0.605
0.604
0.604
0.603
0.602
0.608
0.618
0.612
0.609
0.611
0.615
0.617
0.625
0.617
0.607
0.605
0.604
0.601
0.61
0.604
0.598
0.593
0.604
0.606
0.604
0.601
0.593
0.591
0.594
0.593
0.599
0.596
0.588
0.584
0.581
0.582
0.579
0.581
0.596
0.612
0.621
0.626
0.618
0.618
0.601
0.596
0.58
0.587
0.59
0.603
0.611
0.618
0.608
0.613
0.621
0.622
0.573739
0.618
0.619
0.6049926
0.5853714
0.5486941
0.5864946
0.5685435
0.5589981
0.5704221
0.5577921
0.5612028
0.5618138
0.5455173
0.5812653
0.5704554
0.5508432
0.5846895
0.5718289
0.5605128
0.5769477
0.5758753
0.5742398
0.5714825
0.5686624
0.5588252
0.5543484
0.5522986
0.597
0.597
0.594
0.594
0.589
0.584
0.587
0.5389467
0.5448002
0.5282242
0.5768101
0.561597
0.526486
0.535637
0.5333973
0.5501598
0.576
0.562
0.545
0.537
0.526
0.519
0.512
0.504
0.499
0.496
0.492
0.493
0.489
0.484
0.481
0.479
0.477
0.475
0.474
0.471
0.469
0.467
0.5064707
0.47
0.465
0.464
0.465
0.464
0.461
0.46
0.46
0.461
0.457
0.455
0.458
0.459
0.457
0.458
0.454
0.455
0.454
0.452
0.451
0.451
0.454
0.449
0.446
0.45
0.448
0.445
0.449
0.445
0.449
0.447
0.449
0.447
0.448
0.448
0.446
0.443
0.447
0.443
0.44
0.439
0.44
0.439
0.438
0.437
0.438
0.436
0.438
0.435
0.436
0.435
0.432
0.431
0.435
0.432
0.431
0.428
0.429
0.427
0.426
0.424
0.428
0.428
0.426
0.425
0.426
0.425
0.423
0.423
0.426
0.423
0.421
0.422
0.426
0.422
0.421
0.424
0.421
0.417
0.419
0.419
0.416
0.416
0.42
0.416
0.414
0.414
0.412
0.411
0.409
0.413
0.412
0.408
0.41
0.411
0.405
0.408
0.41
0.408
0.406
0.407
0.405
0.403
0.405
0.407
0.404
0.404
0.407
0.403
0.402
0.406
0.402
0.401
0.402
0.404
0.401
0.4
0.404
0.403
0.4
0.406
0.403
0.399
0.399
0.402
0.399
0.397
0.401
0.402
0.401
0.4
0.402
0.401
0.399
0.399
0.4
0.398
0.401
0.397
0.399
0.395
0.395
0.398
0.396
0.396
0.397
0.398
0.394
0.397
0.397
0.399
0.397
0.396
0.398
0.394
0.392
0.396
0.396
0.393
0.394
0.396
0.396
0.392
0.396
0.396
0.391
0.393
0.396
0.388
0.393
0.393
0.393
0.391
0.395
0.393
0.392
0.395
0.389
0.389
0.392
0.394
0.391
0.39
0.394
0.391
0.388
0.39
0.391
0.389
0.389
0.391
0.387
0.385
0.39
0.387
0.386
0.39
0.385
0.386
0.388
0.388
0.384
0.387
0.386
0.382
0.38
0.385
0.384
0.382
0.384
0.386
0.373
0.383
0.382
0.377
0.38
0.38
0.379
0.382
0.382
0.38
0.379
0.379
0.379
0.377
0.379
0.375
0.376
0.38
0.381
0.375
0.38
0.374
0.376
0.377
0.377
0.373
0.379
0.374
0.372
0.376
0.376
0.378
0.378
0.38
0.375
0.378
0.38
0.372
0.374
0.371
0.374
0.374
0.372
0.373
0.375
0.374
0.379
0.369
0.372
0.374
0.372
0.374
0.378
0.372
0.373
0.374
0.371
0.37
0.374
0.371
0.37
0.377
0.371
0.367
0.374
0.372
0.375
0.374
0.371
0.372
0.368
0.374
0.372
0.371
0.378
0.367
0.372
0.37
0.372
0.368
0.372
0.374
0.376
0.377
0.372
0.374
0.38
0.373
0.379
0.378
0.383
0.381
0.382
0.385
0.384
0.384
0.388
0.387
0.387
0.388
0.394
0.392
0.392
0.391
0.389
0.389
0.393
0.392
0.39
0.389
0.387
0.387
0.384
0.384
0.383
0.383
0.384
0.382
0.384
0.385
0.383
0.387
0.385
0.386
0.386
0.389
0.387
0.387
0.387
0.387
0.39
0.389
0.386
0.388
0.392
0.387
0.39
0.389
0.393
0.394
0.397
0.396
0.396
0.395
0.396
0.396
0.402
0.402
0.403
0.409
0.409
0.416
0.415
0.417
0.415
0.42
0.417
0.416
0.415
0.416
0.414
0.419
0.419
0.415
0.416
0.422
0.418
0.416
0.423
0.418
0.421
0.423
0.416
0.421
0.422
0.4144826
0.4108537
0.4111077
0.434
0.427
0.423
0.422
0.422
0.42
0.422
0.418
0.424
0.424
0.42
0.423
0.422
0.422
0.421
0.422
0.414
0.42
0.418
0.417
0.415
0.417
0.416
0.418
0.419
0.423
0.418
0.425
0.427
0.421
0.424
0.424
0.427
0.423
0.427
0.428
0.425
0.42
0.422
0.419
0.417
0.419
0.42
0.419
0.424
0.427
0.429
0.435
0.433
0.432
0.437
0.435
0.438
0.433
0.432
0.428
0.426
0.425
0.424
0.424
0.424
0.427
0.427
0.425
0.433
0.43
0.438
0.442
0.445
0.443
0.443
0.445
0.446
0.448
0.449
0.446
0.442
0.438
0.44
0.437
0.439
0.439
0.438
0.437
0.433
0.436
0.435
0.437
0.439
0.44
0.44
0.442
0.445
0.445
0.451
0.454
0.448
0.453
0.452
0.456
0.46
0.47
0.469
0.461
0.469
0.465
0.47
0.467
0.464
0.46
0.456
0.451
0.453
0.451
0.45
0.456
0.458
0.453
0.456
0.456
0.46
0.468
0.469
0.475
0.477
0.469
0.473
0.469
0.469
0.472
0.484
0.481
0.493
0.494
0.495
0.491
0.49
0.497
0.496
0.508
0.506
0.511
0.499
0.495
0.487
0.487
0.482
0.479
0.472
0.472
0.471
0.467
0.463
0.462
0.464
0.47
0.47
0.477
0.47
0.471
0.476
0.48
0.486
0.479
0.477
0.474
0.474
0.473
0.472
0.469
0.466
0.462
0.463
0.461
0.46
0.457
0.456
0.454
0.459
0.465
0.472
0.476
0.476
0.472
0.473
0.477
0.478
0.474
0.478
0.478
0.485
0.487
0.494
0.496
0.491
0.492
0.493
0.496
0.488
0.487
0.487
0.491
0.498
0.506
0.508
0.504
0.507
0.51
0.511
0.504
0.509
0.509
0.519
0.51
0.52
0.518
0.512
0.504
0.51
0.516
0.529
0.524
0.511
0.515
0.515
0.524
0.516
0.518
0.511
0.503
0.498
0.488
0.489
0.486
0.485
0.481
0.488
0.494
0.501
0.498
0.494
0.494
0.501
0.507
0.509
0.508
0.503
0.503
0.501
0.498
0.492
0.483
0.481
0.481
0.484
0.487
0.486
0.483
0.481
0.494
0.504
0.506
0.514
0.517
0.516
0.52
0.522
0.523
0.517
0.513
0.51
0.5
0.492
0.487
0.484
0.489
0.501
0.51
0.515
0.514
0.517
0.523
0.522
0.514
0.521
0.522
0.529
0.527
0.524
0.531
0.535
0.527
0.528
0.528
0.521
0.517
0.518
0.517
0.517
0.523
0.519
0.521
0.527
0.529
0.527
0.53
0.531
0.526
0.522
0.524
0.527
0.528
0.539
0.533
0.527
0.524
0.522
0.516
0.513
0.513
0.513
0.513
0.515
0.51
0.512
0.521
0.529
0.536
0.544
0.531
0.523
0.516
0.509
0.51
0.509
0.516
0.519
0.52
0.517
0.517
0.514
0.51
0.504
0.498
0.492
0.497
0.507
0.512
0.5385875
0.5155065
0.553
0.534
0.536
0.535
0.53
0.525
0.52
0.511
0.505
0.501
0.502
0.504
0.507
0.513
0.52
0.515
0.511
0.505
0.503
0.498
0.495
0.496
0.499
0.508
0.511
0.521
0.521
0.525
0.53
0.527
0.523
0.521
0.519
0.511
0.504
0.503
0.506
0.514
0.522
0.523
0.529
0.536
0.542
0.536
0.533
0.526
0.521
0.519
0.518
0.517
0.512
0.515
0.524
0.537
0.546
0.551
0.546
0.545
0.551
0.558
0.552
0.554
0.557
0.56
0.55
0.55
0.548
0.547
0.545
0.541
0.533
0.528
0.523
0.52
0.517
0.518
0.523
0.528
0.534
0.533
0.534
0.531
0.531
0.538
0.53
0.523
0.521
0.522
0.523
0.523
0.519
0.516
0.514
0.514
0.521
0.519
0.516
0.516
0.524
0.528
0.522
0.527
0.53
0.527
0.531
0.522
0.519
0.517
0.513
0.51
0.509
0.509
0.506
0.503
0.5
0.498
0.501
0.5
0.503
0.508
0.513
0.522
0.524
0.529
0.526
0.526
0.526
0.526
0.523
0.518
0.516
0.521
0.528
0.529
0.526
0.534
0.542
0.557
0.563
0.563
0.561
0.559
0.563
0.565
0.569
0.567
0.563
0.562
0.57
0.574
0.58
0.574
0.578
0.582
0.579
0.571
0.573
0.58
0.578
0.573
0.573
0.577
0.573
0.569
0.57
0.577
0.578
0.575
0.572
0.569
0.562
0.558
0.545
0.541
0.546
0.551
0.562
0.564
0.561
0.561
0.559
0.561
0.561
0.563
0.563
0.563
0.557
0.553
0.554
0.551
0.553
0.552
0.555
0.568
0.571
0.571
0.573
0.569
0.575
0.566
0.556
0.553
0.553
0.549
0.546
0.545
0.538
0.537
0.533
0.534
0.537
0.545
0.552
0.553
0.552
0.56
0.566
0.567
0.57
0.574
0.574
0.571
0.568
0.57
0.571
0.57
0.561
0.563
0.56
0.554
0.545
0.551
0.556
0.569
0.584
0.587
0.579
0.572
0.564
0.565
0.569
0.563
0.561
0.563
0.56
0.563
0.568
0.57
0.569
0.572
0.576
0.572
0.578
0.577
0.577
0.581
0.575
0.568
0.564
0.563
0.559
0.556
0.552
0.555
0.565
0.569
0.577
0.585
0.586
0.584
0.592
0.596
0.589
0.587
0.593
0.595
0.602
0.592
0.588
0.583
0.569
0.559
0.553
0.554
0.559
0.557
0.552
0.547
0.563
0.577
0.586
0.587
0.589
0.588
0.587
0.579
0.568
0.574
0.575
0.58
0.582
0.583
0.579
0.566
0.563
0.559
0.549
0.543
0.537
0.535
0.543
0.552
0.561
0.563
0.568
0.568
0.564
0.567
0.568
0.563
0.568
0.574
0.58
0.578
0.585
0.594
0.604
0.6
0.592
0.586
0.586
0.59
0.583
0.586
0.594
0.585
0.576
0.566
0.564
0.564
0.566
0.565
0.566
0.564
0.56
0.556
0.556
0.555
0.553
0.548
0.548
0.543
0.536
0.537
0.544
0.549
0.546
0.539
0.537
0.54
0.54
0.539
0.544
0.543
0.543
0.542
0.546
0.554
0.562
0.569
0.58
0.587
0.584
0.579
0.576
0.577
0.578
0.573
0.567
0.57
0.565
0.565
0.566
0.567
0.561
0.565
0.563
0.558
0.555
0.552
0.549
0.54
0.54
0.544
0.543
0.549
0.556
0.561
0.572
0.58
0.576
0.577
0.58
0.588
0.594
0.601
0.592
0.594
0.597
0.604
0.605
0.606
0.603
0.605
0.601
0.6
0.606
0.616
0.625
0.6045586
0.5601765
0.5912318
0.5846442
0.5860797
0.5885548
0.5758568
0.62
0.5785128
0.5686692
0.5679991
0.627
0.622
0.5882656
0.621
0.614
0.618
0.621
0.618
0.604
0.595
0.599
0.609
0.608
0.599
0.589
0.584
0.577
0.563
0.556
0.555
0.559
0.561
0.566
0.572
0.565
0.561
0.565
0.565
0.566
0.563
0.567
0.571
0.578
0.572
0.574
0.582
0.583
0.58
0.576
0.571
0.579
0.577
0.576
0.579
0.575
0.579
