0.9737846
0.9740748
1.00869
1.002207
0.9802636
0.9918001
1.022119
1.01501
0.9899666
1.003085
1.034829
1.024852
0.9987667
1.015092
1.029887
0.9971111
0.9761364
1.005981
1.021376
1.007139
1.017995
1.046762
1.047524
1.021345
1.022692
1.047778
1.044789
1.025974
1.0274
1.037099
1.017285
0.986133
1.011406
1.038218
1.011507
0.9981798
1.000818
0.9774361
0.9632838
0.9858754
1.003434
0.9866287
1.007261
1.015546
0.9758456
0.9978002
1.013117
1.011139
0.9973584
0.9696765
0.9803365
0.9917277
0.9775038
0.9811514
0.9830039
0.9479439
0.9422037
0.9567951
0.9622404
0.94984
0.9470995
0.9472683
0.9283488
0.9347022
0.9345611
0.9173763
0.9141612
0.9035171
0.8905606
0.8885135
0.8942322
0.8955583
0.8876794
0.902477
0.9084333
0.8967994
0.9005971
0.8916622
0.8875921
0.8898184
0.8816766
0.8839253
0.8965702
0.8977207
0.8945301
0.9068574
0.8985798
0.8877092
0.8960275
0.8896883
0.8847431
0.8932452
0.8894704
0.8869461
0.9036695
0.9017464
0.885305
0.8976865
0.8980535
0.8814106
0.8875282
0.8868116
0.8724032
0.8785524
0.8878215
0.8811185
0.8951283
0.9052102
0.8908733
0.8961096
0.8997377
0.8810602
0.8777661
0.8788722
0.8671334
0.8648603
0.8788644
0.8867668
0.8789417
0.8847939
0.8904499
0.8762053
0.8755769
0.8869029
0.8785386
0.8722378
0.8894702
0.8967734
0.8860833
0.8951454
0.9046754
0.8865881
0.8871133
0.896076
0.8845741
0.8772129
0.8901421
0.9013176
0.8931841
0.9009979
0.9054671
0.8854866
0.8879266
0.9052293
0.8980278
0.9074724
0.9282208
0.9203142
0.9171592
0.9225199
0.9222015
0.8986213
0.8689085
0.8630837
0.8557665
0.8584377
0.8658596
0.861611
0.8792266
0.8790583
0.8652129
0.872776
0.8679244
0.863411
0.8660039
0.8618711
0.8560786
0.8454624
0.8406045
0.8308071
0.8218725
0.8358689
0.8415073
0.8336966
0.8473673
0.8661036
0.8720782
0.8844113
0.8870789
0.8927478
0.9096068
0.9069816
0.8921404
0.899032
0.9091346
0.8996287
0.9051996
0.9076416
0.8915617
0.8975666
0.9211622
0.9194356
0.9012264
0.9099555
0.9144115
0.8969026
0.9021899
0.9032738
0.8852446
0.8851281
0.8956192
0.8921609
0.8812748
0.8892844
0.893786
0.87912
0.8806879
0.8814155
0.8668685
0.868562
0.8733324
0.8676721
0.8802488
0.8894767
0.87533
0.8731239
0.8848982
0.8848294
0.8709891
0.8829123
0.8929915
0.8773938
0.8812776
0.8917462
0.8865793
0.8799398
0.8881041
0.8857407
0.8755928
0.8806824
0.87713
0.8741143
0.890712
0.8962992
0.8882499
0.8936175
0.8995777
0.8884199
0.8742662
0.8790467
0.8825003
0.8680639
0.8634039
0.8837703
0.8962197
0.8909162
0.9038761
0.915154
0.9011464
0.8909561
0.9022047
0.9013576
0.8810228
0.8851828
0.8952334
0.8852335
0.8741893
0.8835411
0.8960631
0.8837062
0.8771354
0.8900836
0.8825332
0.8681261
0.8799879
0.8784873
0.8625089
0.8710874
0.8736849
0.8653932
0.8799397
0.8891656
0.8764082
0.8707695
0.8806961
0.8785654
0.868316
0.8700698
0.8670394
0.8604788
0.8629574
0.8622725
0.8525426
0.8470942
0.8535229
0.8564951
0.8483089
0.8555119
0.8581897
0.8454848
0.8496184
0.8588127
0.8565463
0.8529548
0.8640999
0.8636179
0.8491922
0.8529134
0.8570218
0.8520885
0.8545857
0.8656438
0.8704685
0.8642536
0.873675
0.8823138
0.8649525
0.8645742
0.8739265
0.865719
0.8665944
0.8771099
0.8737175
0.8671164
0.8778834
0.8846998
0.8716161
0.8669575
0.8736694
0.8695615
0.8618245
0.8649346
0.8672191
0.8595796
0.8616466
0.8731204
0.8717573
0.8614172
0.871572
0.8825228
0.8788371
0.8848242
0.8938336
0.8901707
0.8790361
0.8856285
0.8950003
0.8831281
0.8695649
0.8724818
0.8821881
0.8720465
0.8628151
0.8667091
0.8573696
0.8530855
0.8562454
0.8448915
0.8329048
0.8302881
0.8263829
0.8230013
0.8173779
0.8123006
0.8125871
0.8068939
0.7994392
0.7967285
0.799704
0.8051212
0.8088784
0.82995
0.843419
0.8315355
0.8329096
0.8279798
0.8175502
0.8270206
0.8252184
0.8313837
0.8268887
0.8038847
0.8104651
0.8082574
0.8104889
0.808298
0.7902401
0.785643
0.7792883
0.7716442
0.757765
0.7549991
0.7488832
0.7332273
0.7277351
0.7200734
0.7187916
0.7150877
0.6998113
0.6842609
0.672016
0.6686438
0.6657464
0.6583928
0.6559906
0.6569845
0.6546937
0.6526548
0.6543959
0.6566027
0.6605864
0.6630657
0.6674872
0.6697298
0.6675906
0.6695184
0.6680099
0.6653392
0.6656238
0.6653548
0.662381
0.6577032
0.6565888
0.6550774
0.6498659
0.6463722
0.6479222
0.6487022
0.6463419
0.6536329
0.6636837
0.6628507
0.6626854
0.6628091
0.6615505
0.6667742
0.6662995
0.6600132
0.657022
0.6516964
0.6466105
0.6443846
0.6404388
0.6356486
0.636902
0.6352396
0.6313877
0.6291561
0.6251083
0.6228121
0.618002
0.616537
0.6137884
0.6097499
0.6068298
0.6035528
0.6033938
0.6003556
0.5968451
0.5917913
0.5887889
0.5900846
0.5887658
0.5873762
0.5843041
0.5809901
0.5799565
0.5791175
0.5788712
0.576965
0.5729793
0.5713222
0.5715783
0.5703663
0.5686343
0.5651838
0.5642656
0.5643958
0.5638739
0.5639158
0.5620981
0.5598416
0.5582935
0.558787
0.557997
0.5549843
0.5520419
0.5500303
0.5523554
0.5530912
0.5511832
0.55181
0.5510504
0.5578917
0.5629813
0.5569743
0.5510824
0.5515303
0.5551968
0.5512749
0.5472415
0.5499542
0.5506357
0.5462383
0.5474834
0.5510388
0.5499485
0.5479704
0.5472427
0.5487838
0.5490558
0.5468422
0.5430983
0.5433871
0.544181
0.5452836
0.54959
0.5512577
0.556245
0.5623727
0.5634795
0.5680321
0.5735592
0.5754674
0.5864657
0.5976174
0.5959457
0.5989891
0.6009634
0.5885671
0.5758708
0.5693425
0.5657547
0.563264
0.5573566
0.5543266
0.5565442
0.5552099
0.5562909
0.557189
0.5550059
0.5527965
0.5492611
0.5490302
0.5464282
0.5463834
0.5490962
0.5435526
0.5400099
0.5408951
0.5366592
0.5328293
0.5342349
0.5301179
0.5288277
0.526072
0.5241124
0.5283584
0.5220574
0.5188539
0.5185399
0.5146933
0.5133363
0.5127115
0.511141
0.5089401
0.5058892
0.504452
0.5065837
0.504987
0.5023304
0.5015503
0.4983092
0.4981576
0.5006554
0.5024582
0.504448
0.5055524
0.5097767
0.5149998
0.521342
0.531745
0.5376982
0.5382928
0.539814
0.539931
0.5437107
0.5543744
0.5600097
0.5611295
0.5694964
0.5789975
0.5706212
0.5572307
0.558461
0.5654559
0.57153
0.5797059
0.5947871
0.6085844
0.6141781
0.6133851
0.6075157
0.6049301
0.6082472
0.6059865
0.602668
0.6053063
0.6110468
0.6154599
0.60999
0.6056828
0.6095024
0.6155474
0.6247346
0.6317546
0.6309278
0.6304238
0.6324965
0.6334667
0.6289956
0.6245442
0.6243673
0.6259019
0.6301113
0.6315868
0.633792
0.6413994
0.6472206
0.6609996
0.6770165
0.6739529
0.6632735
0.6703774
0.6690853
0.6256504
0.6290657
0.6781036
0.6743662
0.6723452
0.6788428
0.6739665
0.6909254
0.6905507
0.6787689
0.6680207
0.6471177
0.6335145
0.6287907
0.627239
0.6302087
0.6322451
0.6298312
0.6304081
0.6313958
0.6317313
0.6299143
0.6295986
0.633314
0.6367431
0.639085
0.6388108
0.6393829
0.6393608
0.6332531
0.6271315
0.6271299
0.6299014
0.6319958
0.6318729
0.6323183
0.6313401
0.6310769
0.6315877
0.6305882
0.6303123
0.6297578
0.6314045
0.6334784
0.636767
0.6399796
0.6399294
0.6379588
0.6339363
0.6301987
0.6266905
0.6223303
0.6198471
0.6135756
0.6159104
0.6309444
0.6406369
0.6508352
0.6550624
0.6534204
0.6566064
0.6570804
0.6605489
0.6716249
0.6832604
0.6937315
0.6986953
0.6960776
0.6942309
0.6947056
0.699851
0.7056628
0.6973302
0.6897569
0.694451
0.7038364
0.7094814
0.7040293
0.7029184
0.7099988
0.7193207
0.7227362
0.713915
0.7110641
0.7146348
0.7220749
0.7258261
0.7169387
0.7161517
0.7225126
0.7288172
0.729231
0.7219034
0.7205979
0.7266808
0.7408994
0.7432696
0.737726
0.740116
0.7308069
0.7245974
0.7190703
0.7154648
0.7176069
0.7371595
0.7319253
0.7207824
0.7759377
0.7860691
0.7746488
0.7815696
0.7658185
0.7553513
0.7656737
0.7852816
0.7779153
0.7631015
0.756778
0.7570375
0.7526572
0.7442199
0.7448616
0.7438862
0.7389475
0.7331254
0.7300965
0.7266361
0.7214491
0.7164898
0.7216385
0.7351121
0.7503204
0.7585057
0.7588394
0.7621275
0.7637274
0.7665464
0.7579775
0.7461551
0.7526457
0.7640748
0.765107
0.7589525
0.7720169
0.7883597
0.776261
0.7663491
0.7716464
0.7785251
0.7808195
0.7749768
0.7681197
0.7763797
0.7896498
0.7776532
0.7660896
0.7708959
0.7772858
0.7745714
0.7670656
0.7693287
0.7857743
0.7942849
0.7735704
0.7626033
0.7668266
0.7707072
0.771425
0.7612978
0.7576651
0.7600023
0.7757456
0.7848004
0.765679
0.774826
0.8048758
0.8108843
0.7861052
0.7832162
0.8129013
0.8173131
0.8057904
0.7851429
0.7895711
0.8048616
0.7883481
0.7758681
0.7896928
0.8037733
0.7853267
0.7698913
0.7773028
0.776652
0.7630231
0.7548811
0.7573332
0.752705
0.7438059
0.7469551
0.7469509
0.740458
0.7319169
0.7226294
0.7172353
0.7141429
0.7227097
0.7314567
0.7370432
0.7379644
0.7334547
0.7358557
0.7333117
0.7226654
0.7258138
0.734267
0.7314637
0.7321767
0.7298633
0.7270432
0.730738
0.7445486
0.7592598
0.7616288
0.7645399
0.7818071
0.7954649
0.7768567
0.7667156
0.7757349
0.7870578
0.7858238
0.7730794
0.7722784
0.7892391
0.8084847
0.7942577
0.7967667
0.8282698
0.8429138
0.8378186
0.8223542
0.8142499
0.8184443
0.8161796
0.7952231
0.7855671
0.7901454
0.7873653
0.7807155
0.7775741
0.7863998
0.8057361
0.8038921
0.7879963
0.7989498
0.817954
0.8170393
0.8002963
0.7978806
0.8172415
0.8366404
0.8487033
0.8453227
0.8483252
0.8599356
0.8528274
0.8319567
0.8213419
0.80808
0.782162
0.7789982
0.7870227
0.773703
0.7773639
0.7872235
0.778195
0.7928912
0.8036018
0.7993226
0.8014269
0.8038581
0.7957435
0.7865399
0.7984005
0.7928176
0.7824602
0.7946413
0.8006002
0.7915766
0.7866826
0.7943883
0.7914131
0.7910626
0.7960224
0.7919378
0.7970756
0.7985213
0.7909276
0.7970742
0.800653
0.7957214
0.7965079
0.8084394
0.8105795
0.8000656
0.808265
0.8141614
0.8081558
0.8103979
0.820923
0.8206122
0.8097374
0.8123354
0.8246139
0.8263208
0.8221209
0.8218525
0.8155356
0.8068234
0.7910746
0.7749921
0.7768335
0.7749473
0.7654704
0.7695422
0.7745433
0.7659343
0.7665633
0.7747354
0.7762645
0.7866729
0.7996621
0.8063361
0.8115069
0.8088206
0.7957563
0.786018
0.7918518
0.7894042
0.7795588
0.7873389
0.7947214
0.7932876
0.7950399
0.8077942
0.8147606
0.8138533
0.8270184
0.8311569
0.8234134
0.8238835
0.8315828
0.8389118
0.8332189
0.8321373
0.839386
0.8337282
0.8292859
0.8358633
0.84417
0.8461263
0.8363375
0.8406919
0.8430701
0.8283643
0.8232096
0.8159995
0.8132638
0.8205287
0.8209571
0.8215775
0.8296777
0.8425735
0.8461964
0.8377606
0.8337494
0.837567
0.8354948
0.8278558
0.8286881
0.8420957
0.8506031
0.8441149
0.844939
0.8538621
0.8555757
0.8446523
0.841992
0.8438397
0.834106
0.8317246
0.8361651
0.8409854
0.8492252
0.8609301
0.8684756
0.867186
0.8516481
0.8343297
0.8311892
0.8294386
0.8234905
0.820939
0.8331947
0.8311632
0.8228116
0.833191
0.8326538
0.8336648
0.8451191
0.8493325
0.8498228
0.8566957
0.849277
0.8327932
0.8295326
0.817182
0.8040175
0.798601
0.797205
0.7993644
0.795422
0.7851201
0.7832252
0.7959756
0.7931827
0.7929268
0.7985884
0.7859661
0.7846758
0.7837174
0.7694885
0.7653734
0.7674146
0.7687198
0.7712783
0.7703563
0.770077
0.7772796
0.7821137
0.7830851
0.7915021
0.7920834
0.7878196
0.7944249
0.7946578
0.7897128
0.7871702
0.7905746
0.7936453
0.7994202
0.805552
0.8025071
0.8072568
0.8153303
0.8185727
0.8203721
0.8260977
0.8235602
0.8173994
0.8239869
0.8250428
0.8147269
0.8067504
0.8099524
0.8122492
0.8078413
0.8186776
0.8242476
0.8231202
0.8326357
0.8314822
0.8382347
0.8484098
0.8478079
0.8447109
0.8339625
0.8289719
0.827461
0.8194164
0.8262802
0.835245
0.8285797
0.8372104
0.8460181
0.8368562
0.8417537
0.8511068
0.8510381
0.8463269
0.8379176
0.8444112
0.854656
0.8474326
0.8393925
0.8385413
0.8419776
0.8432781
0.8343907
0.8315824
0.8284057
0.8234147
0.8255135
0.8454406
0.8600433
0.8498557
0.8526118
0.8503957
0.8318754
0.8206204
0.8177711
0.8170634
0.810482
0.8129254
