0.8452468
0.8644418
0.8537102
0.8386845
0.8664371
0.8385693
0.8226899
0.8640991
0.8759963
0.8566051
0.8781112
0.896884
0.8658641
0.8734652
0.9013466
0.8717762
0.8733935
0.8978478
0.8726713
0.8813878
0.8973142
0.8693501
0.8845416
0.898429
0.8701486
0.888161
0.8953911
0.8706852
0.8999347
0.9004073
0.8722256
0.9011729
0.8846257
0.8708704
0.8945898
0.8754223
0.8811991
0.8760233
0.8584449
0.8768899
0.8622862
0.8553469
0.870335
0.8569921
0.8727534
0.8650207
0.8516051
0.8768505
0.8546889
0.8529251
0.8816832
0.8593105
0.8668542
0.8895844
0.8716879
0.8853741
0.8917971
0.8588783
0.8522185
0.8624701
0.8527308
0.8363691
0.8284191
0.8420737
0.8319201
0.8400124
0.8670559
0.8491281
0.8608143
0.8632686
0.8622855
0.8924486
0.8747662
0.878254
0.8895502
0.8715531
0.8935677
0.8839745
0.8744954
0.9052862
0.8788954
0.8619166
0.8855599
0.8619778
0.8664459
0.8812184
0.8570011
0.8819724
0.8802344
0.8562056
0.8972214
0.896998
0.8699509
0.8900809
0.8785442
0.8724
0.9013621
0.8806295
0.8704982
0.9106865
0.9030833
0.877219
0.8962147
0.8974797
0.883183
0.9116712
0.9237414
0.895601
0.9027861
0.8986294
0.8760055
0.8958423
0.8951417
0.8703288
0.85858
0.8755423
0.9068498
0.9108782
0.9288678
0.9295601
0.8930885
0.9054145
0.9181228
0.8889148
0.9081634
0.9188549
0.8821197
0.8996328
0.9154339
0.8912813
0.907238
0.9288387
0.9019674
0.8864223
0.9070019
0.88956
0.8696138
0.9028244
0.9010433
0.8755898
0.9000462
0.9052893
0.8790515
0.8917144
0.8866479
0.8641495
0.8946482
0.8954152
0.8719647
0.9068099
0.9078462
0.8838555
0.9130585
0.9028686
0.8787319
0.9072237
0.8944657
0.8785068
0.9038846
0.8917653
0.8672792
0.8717314
0.8874472
0.9022812
0.9080314
0.9259395
0.9564166
0.9447814
0.9128811
0.9005191
0.8914259
0.8994347
0.9177978
0.9202947
0.9281819
0.9363736
0.9496027
0.9467201
0.8963194
0.8976743
0.9292949
0.9042332
0.9059998
0.9345008
0.9237401
0.9063154
0.8986605
0.8969961
0.8819329
0.8817044
0.8973324
0.8768148
0.8671876
0.8746098
0.8804229
0.8932891
0.8802657
0.8772344
0.9134041
0.9276421
0.9132939
0.9211102
0.9407322
0.9157125
0.8875063
0.9028751
0.9188024
0.8987184
0.8944284
0.930708
0.9112738
0.8738446
0.88854
0.8907582
0.8616348
0.8576234
0.876539
0.8550311
0.8434465
0.8678783
0.8593133
0.8314586
0.8306219
0.8426564
0.8472832
0.8539977
0.8573685
0.8546192
0.8569269
0.8718599
0.8661769
0.8585848
0.8942168
0.8986923
0.8732389
0.8959106
0.8988576
0.8722546
0.8791721
0.8707856
0.8532957
0.8579622
0.8393191
0.8237212
0.8417932
0.826131
0.8210634
0.8470173
0.8270544
0.8280909
0.8499637
0.8373399
0.8455566
0.851284
0.842325
0.8587455
0.8572976
0.8388662
0.853456
0.8592982
0.8369739
0.8438352
0.8503156
0.8374961
0.8481727
0.8558409
0.8508042
0.8678859
0.8619993
0.8516437
0.8775405
0.8596527
0.8489081
0.8754695
0.8596819
0.8587332
0.8802202
0.8638273
0.8638593
0.8801731
0.8554636
0.8532776
0.8744469
0.8488963
0.8472882
0.8756961
0.8585056
0.8424081
0.8513184
0.8699852
0.878656
0.8609144
0.8793327
0.8929091
0.871115
0.8890559
0.8989205
0.8733635
0.88084
0.8901501
0.8719561
0.877437
0.8843175
0.8662993
0.8659492
0.8814789
0.8713883
0.853971
0.8456277
0.8333592
0.841845
0.8566141
0.8395679
0.8356344
0.8646409
0.8639485
0.846716
0.8620585
0.8726672
0.8534593
0.855676
0.8705219
0.8539649
0.8565714
0.876747
0.8600408
0.8576866
0.891393
0.8853287
0.866614
0.8898747
0.886863
0.8688116
0.8963241
0.8910822
0.8709382
0.901382
0.8965764
0.8690686
0.8837395
0.8861591
0.8576803
0.8664084
0.8844905
0.866838
0.8588542
0.8794733
0.9069201
0.9134816
0.9245976
0.9173887
0.8961431
0.9223329
0.9202011
0.9071077
0.9460803
0.9355004
0.9182106
0.9402282
0.9276843
0.9266146
0.9485111
0.9368169
0.9136431
0.9323145
0.9227465
0.8897154
0.9105046
0.9189749
0.8873083
0.8844499
0.9175926
0.9044817
0.8813902
0.9068651
0.89493
0.8765996
0.9081352
0.8965808
0.8712487
0.89288
0.879271
0.8599779
0.8922132
0.8866
0.862651
0.883866
0.8911458
0.8720587
0.8806598
0.8963724
0.8947671
0.8841412
0.8766993
0.8704066
0.8594027
0.8454799
0.830529
0.833337
0.8145133
0.7878039
0.7865682
0.7772013
0.7568719
0.7538859
0.750292
0.7465101
0.7493911
0.7404606
0.7406505
0.7368132
0.7338112
0.7450699
0.7493077
0.7510513
0.7603918
0.760154
0.7547555
0.766103
0.7669276
0.764722
0.7693499
0.7645867
0.7639078
0.7647592
0.7655695
0.768305
0.7685583
0.7629606
0.7553031
0.7529983
0.7316944
0.709521
0.7062603
0.6984815
0.6997297
0.6954785
0.6890874
0.6845416
0.6775738
0.6769843
0.6652848
0.660138
0.6532561
0.6474649
0.6474208
0.6376686
0.6327526
0.6267069
0.626444
0.6286675
0.6211976
0.6150801
0.6086043
0.6106063
0.6143691
0.605301
0.601595
0.5997003
0.600264
0.599647
0.5939005
0.5975433
0.5954022
0.5914623
0.5943992
0.5899606
0.5834621
0.5838413
0.5826941
0.5784427
0.5778016
0.5758116
0.572428
0.5716025
0.5669646
0.5658392
0.5665509
0.5625628
0.562766
0.5606616
0.5544803
0.5528592
0.5518679
0.5481134
0.5516781
0.5533284
0.551274
0.5513482
0.547629
0.5422148
0.5358399
0.5346531
0.5338997
0.5324769
0.5311575
0.5302519
0.5315739
0.5292112
0.530376
0.5320953
0.5277982
0.5322298
0.5322797
0.5288428
0.528345
0.5251863
0.5279027
0.5265822
0.5271302
0.5293319
0.5278131
0.5237759
0.5229769
0.5245173
0.5215082
0.5218166
0.5207092
0.5175483
0.5175256
0.5173884
0.5166323
0.5164027
0.5143723
0.5117951
0.5123704
0.5101712
0.5083245
0.5083808
0.5089702
0.5119288
0.5219139
0.5322841
0.5257314
0.5226161
0.5279259
0.5235048
0.5235343
0.5256465
0.5226315
0.5268547
0.5283736
0.5271036
0.5309603
0.5282862
0.5254501
0.5317813
0.5335002
0.5307459
0.5336
0.5337707
0.5316126
0.5367771
0.5384664
0.5347159
0.5400622
0.5395401
0.5377207
0.5449767
0.5456286
0.5512954
0.5534049
0.5570576
0.5582166
0.5572888
0.5617775
0.5605529
0.5646818
0.5657616
0.5611994
0.5590997
0.5599084
0.5555367
0.5610632
0.562953
0.5594629
0.560611
0.5601448
0.5679753
0.5636178
0.5587335
0.5695756
0.5800797
0.579047
0.576686
0.570139
0.5775047
0.5960297
0.5898252
0.601173
0.6139832
0.6011538
0.6077613
0.6120822
0.601501
0.6076859
0.6007412
0.5837736
0.5946512
0.6026164
0.5910544
0.6016099
0.6127921
0.6003074
0.6099268
0.6221098
0.6114412
0.61557
0.6283301
0.6239616
0.6298271
0.6565903
0.6617069
0.6480095
0.6555121
0.6495441
0.6366706
0.654339
0.6570749
0.6348791
0.6389388
0.6566885
0.6489983
0.6390795
0.6556379
0.6794057
0.6734082
0.6521688
0.6581254
0.6869999
0.7046945
0.6958044
0.6956153
0.7150353
0.6996384
0.6757962
0.6841703
0.6884288
0.6628189
0.6581435
0.6774232
0.6635055
0.6573895
0.6808365
0.68489
0.6704288
0.6875909
0.7043464
0.6837756
0.6809788
0.7006374
0.7006749
0.6988121
0.7167962
0.7110951
0.6915524
0.7041983
0.6991868
0.6799235
0.6967793
0.7023236
0.6840599
0.693479
0.7108181
0.6943115
0.6887102
0.7112378
0.7058691
0.7033219
0.7339942
0.7277973
0.7079725
0.7274018
0.7293816
0.706176
0.7101341
0.7235548
0.7076615
0.6966361
0.7252513
0.7527426
0.7422538
0.7462825
0.7848249
0.7771928
0.7564
0.7830119
0.7838559
0.7685739
0.7775581
0.7572135
0.7627469
0.7828286
0.7757259
0.7910916
0.783379
0.7878899
0.8227721
0.8139521
0.7829855
0.8091033
0.8157524
0.7776693
0.8092651
0.8262588
0.7861934
0.8011649
0.8109269
0.7818847
0.7868992
0.7755939
0.7549243
0.7435374
0.7476357
0.7555993
0.7429942
0.7762545
0.7960784
0.7697124
0.7982983
0.817724
0.7780102
0.7818541
0.8064751
0.7887222
0.7744478
0.7984201
0.8093334
0.7807425
0.7957884
0.8151347
0.7947474
0.814621
0.8048846
0.7822479
0.804342
0.7936017
0.8047672
0.8214458
0.8014716
0.8185196
0.8131193
0.8049494
0.836137
0.8242266
0.8291913
0.8567791
0.8339251
0.8483011
0.8680387
0.844
0.8658008
0.8627777
0.8372701
0.8731645
0.8703101
0.837
0.8640637
0.8740721
0.845745
0.8688698
0.8825146
0.8502547
0.8716394
0.8756303
0.8466156
0.8707496
0.8680526
0.8371694
0.8603122
0.8697605
0.8344406
0.8429898
0.861647
0.8326894
0.843134
0.8675138
0.8448744
0.8697541
0.880081
0.8553866
0.8770388
0.8660946
0.8681438
0.8863205
0.8572245
0.874082
0.8738024
0.8453376
0.8701465
0.8574049
0.8495606
0.866042
0.8432043
0.8597021
0.8697059
0.8430119
0.8721665
0.88157
0.8515293
0.8806134
0.8790034
0.8460732
0.8731895
0.8603271
0.8303493
0.8603013
0.8553649
0.8342621
0.8611806
0.8559865
0.8419084
0.8550726
0.8433152
0.8368563
0.8679352
0.8758252
0.8476019
0.8737067
0.8832347
0.8481098
0.8717497
0.8741484
0.8445786
0.8571427
0.8511802
0.8119889
0.7952079
0.8168527
0.8284167
0.8391029
0.8634663
0.8544229
0.8501826
0.8426854
0.8352191
0.8425994
0.8520446
0.8657623
0.852592
0.8468364
0.859701
0.8604863
0.8467984
0.8563728
0.8586898
0.8243808
0.8196737
0.8387865
0.8297851
0.8239807
0.8473314
0.837895
0.8300461
0.8532959
0.8349732
0.8234786
0.8489748
0.8298623
0.8024214
0.8301157
0.8326958
0.8142756
0.8426983
0.832221
0.8151652
0.8566264
0.8371485
0.8225967
0.8769306
0.8521945
0.8321788
0.8728553
0.8459788
0.847148
0.8845505
0.8445829
0.8467299
0.8657374
0.8356078
0.8463633
0.8387236
0.8133134
0.8379311
0.8427323
0.8185437
0.8310547
0.8254324
0.8122861
0.8459358
0.8508038
0.8207722
0.8297725
0.8442622
0.8139758
0.8151025
0.8515479
0.8363495
0.8318864
0.8614723
0.8386344
0.8319658
0.8601091
0.8385711
0.8223054
0.8527493
0.8530094
0.8286308
0.8495067
0.8535822
0.8315754
0.8505987
0.847938
0.8265481
0.8485465
0.8524483
0.8319844
0.8518394
0.8545241
0.8325043
0.8540687
0.8529653
0.8296565
0.8492512
0.8442437
0.8347921
0.8564571
0.845891
0.8279862
0.8336219
0.8521288
0.8644695
0.8612941
0.8545674
0.8531295
0.8533484
0.8575992
0.8927112
0.8989277
0.8797527
0.8952247
0.892808
0.8921415
0.8817847
0.8660446
0.9044949
0.8650677
0.825527
0.8846311
0.8840824
0.8557423
0.844971
0.8655784
0.9034318
0.8823343
0.8630958
0.8847961
0.866041
0.8515746
0.8725516
0.8407502
0.8301904
0.8377855
0.8172709
0.833558
0.8384054
0.819079
0.8329402
0.8358884
0.816975
0.8283604
0.8269538
0.8179276
0.8405301
0.8305749
0.8135764
0.8364853
0.831509
0.813076
0.8311982
0.8216012
0.7970171
0.8137237
0.8126594
0.7907577
0.8101889
0.8187131
0.7949793
0.8127052
0.8272773
0.799242
0.8126097
0.833313
0.804541
0.8135987
0.8434575
0.8220767
0.8104152
0.83491
0.8296203
0.8137302
0.8359417
0.8371713
0.8130381
0.8323378
0.856835
0.8295225
0.8300602
0.8593976
0.8377635
0.8361937
0.8605905
0.8398613
0.836523
0.8587966
0.8361404
0.8251547
0.8380738
0.8215938
0.8169926
0.828077
0.8186925
0.8196276
0.8345266
0.8224738
0.8206005
0.8372844
0.8269816
0.8301774
0.8471143
0.8322351
0.8297209
0.8396353
0.8198758
0.8241505
0.8389326
0.8204752
0.8300797
0.841564
0.8181031
0.824368
0.8323412
0.8130736
0.8314899
0.8376529
0.8185352
0.8383911
0.8419634
0.8233387
0.8523928
