0.809
0.816
0.817
0.816
0.822
0.834
0.829
0.826
0.842
0.85
0.843
0.842
0.85
0.848
0.831
0.841
0.836
0.815
0.818
0.807
0.787
0.769
0.763
0.778
0.792
0.797
0.807
0.817
0.83
0.811
0.817
0.827
0.828
0.811
0.823
0.815
0.806
0.797
0.8
0.805
0.791
0.793
0.806
0.81
0.793
0.799
0.807
0.801
0.788
0.785
0.794
0.784
0.778
0.784
0.769
0.79
0.797
0.804
0.802
0.786
0.808
0.816
0.807
0.83
0.833
0.821
0.837
0.829
0.81
0.805
0.826
0.832
0.828
0.839
0.834
0.807
0.831
0.838
0.835
0.813
0.816
0.815
0.818
0.812
0.797
0.805
0.809
0.79
0.806
0.806
0.803
0.783
0.793
0.799
0.782
0.79
0.797
0.805
0.788
0.807
0.814
0.81
0.807
0.797
0.794
0.799
0.791
0.8
0.81
0.818
0.791
0.813
0.826
0.822
0.794
0.821
0.828
0.833
0.818
0.833
0.839
0.834
0.803
0.811
0.814
0.819
0.804
0.811
0.809
0.81
0.792
0.797
0.798
0.795
0.78
0.777
0.785
0.782
0.779
0.791
0.793
0.777
0.794
0.797
0.778
0.792
0.794
0.793
0.793
0.79
0.783
0.761
0.75
0.777
0.778
0.775
0.778
0.761
0.764
0.762
0.754
0.746
0.754
0.756
0.751
0.751
0.753
0.753
0.757
0.763
0.754
0.763
0.762
0.747
0.744
0.762
0.769
0.752
0.773
0.786
0.775
0.781
0.786
0.8
0.808
0.801
0.815
0.813
0.81
0.8
0.798
0.79
0.753
0.759
0.764
0.77
0.761
0.745
0.755
0.764
0.772
0.771
0.767
0.772
0.748
0.747
0.764
0.761
0.742
0.774
0.776
0.767
0.789
0.799
0.812
0.81
0.79
0.791
0.805
0.801
0.813
0.798
0.779
0.79
0.799
0.804
0.808
0.809
0.827
0.818
0.803
0.796
0.782
0.771
0.783
0.772
0.774
0.781
0.782
0.782
0.777
0.782
0.78
0.772
0.763
0.751
0.751
0.761
0.76
0.749
0.742
0.75
0.766
0.773
0.786
0.769
0.791
0.794
0.789
0.778
0.768
0.766
0.756
0.749
0.761
0.749
0.748
0.746
0.73
0.729
0.726
0.721
0.722
0.731
0.736
0.736
0.732
0.733
0.739
0.74
0.754
0.771
0.778
0.785
0.782
0.773
0.793
0.786
0.768
0.784
0.792
0.801
0.801
0.797
0.802
0.784
0.804
0.804
0.8
0.78
0.796
0.81
0.814
0.813
0.786
0.804
0.801
0.773
0.777
0.779
0.77
0.777
0.771
0.765
0.755
0.763
0.771
0.774
0.756
0.771
0.773
0.785
0.791
0.785
0.781
0.787
0.7720965
0.7784519
0.8126545
0.784353
0.7855818
0.838
0.819
0.795
0.799
0.789
0.779
0.776
0.78
0.781
0.773
0.776
0.767
0.769
0.766
0.768
0.763
0.76
0.765
0.767
0.771
0.775
0.765
0.754
0.757
0.755
0.763
0.766
0.784
0.798
0.793
0.786
0.812
0.811
0.787
0.807
0.801
0.795
0.78
0.793
0.782
0.777
0.761
0.772
0.771
0.769
0.764
0.777
0.774
0.777
0.782
0.771
0.775
0.767
0.757
0.751
0.759
0.753
0.76
0.752
0.768
0.772
0.78
0.773
0.774
0.771
0.766
0.756
0.765
0.774
0.773
0.775
0.773
0.777
0.759
0.765
0.755
0.75
0.74
0.763
0.763
0.77
0.767
0.763
0.757
0.768
0.755
0.766
0.78
0.781
0.771
0.775
0.788
0.791
0.791
0.777
0.791
0.779
0.771
0.78
0.777
0.773
0.773
0.768
0.755
0.751
0.76
0.753
0.754
0.768
0.776
0.777
0.758
0.754
0.756
0.739
0.73
0.73
0.736
0.741
0.727
0.745
0.759
0.761
0.755
0.736
0.731
0.732
0.711
0.728
0.727
0.731
0.732
0.729
0.73
0.727
0.715
0.689
0.691
0.684
0.668
0.667
0.671
0.667
0.666
0.673
0.662
0.666
0.669
0.665
0.658
0.663
0.666
0.662
0.656
0.662
0.659
0.651
0.663
0.661
0.652
0.649
0.659
0.655
0.645
0.65
0.65
0.635
0.644
0.643
0.644
0.638
0.646
0.641
0.646
0.646
0.648
0.646
0.639
0.65
0.644
0.64
0.646
0.644
0.631
0.628
0.636
0.633
0.627
0.629
0.641
0.633
0.625
0.631
0.631
0.63
0.621
0.627
0.629
0.627
0.623
0.629
0.63
0.619
0.622
0.629
0.628
0.623
0.619
0.629
0.628
0.622
0.621
0.626
0.626
0.621
0.623
0.63
0.622
0.612
0.617
0.621
0.614
0.608
0.614
0.612
0.61
0.615
0.611
0.599
0.593
0.586
0.617
0.631
0.629
0.616
0.62
0.621
0.615
0.609
0.617
0.615
0.604
0.605
0.604
0.6
0.598
0.602
0.596
0.598
0.604
0.595
0.594
0.591
0.598
0.596
0.593
0.598
0.602
0.597
0.602
0.605
0.6
0.602
0.603
0.598
0.605
0.607
0.604
0.604
0.605
0.597
0.603
0.601
0.598
0.603
0.598
0.602
0.604
0.6
0.601
0.599
0.591
0.597
0.6
0.598
0.599
0.598
0.601
0.599
0.59
0.6
0.598
0.6
0.6
0.596
0.59
0.595
0.598
0.586
0.592
0.592
0.591
0.594
0.592
0.583
0.594
0.593
0.585
0.586
0.589
0.587
0.593
0.589
0.588
0.592
0.593
0.595
0.597
0.588
0.594
0.596
0.595
0.593
0.594
0.589
0.594
0.596
0.594
0.595
0.607
0.615
0.618
0.624
0.621
0.625
0.629
0.631
0.618
0.604
0.607
0.623
0.624
0.626
0.646
0.654
0.632
0.644
0.658
0.64
0.654
0.682
0.678
0.67
0.682
0.691
0.682
0.679
0.688
0.685
0.678
0.693
0.699
0.703
0.708
0.708
0.697
0.698
0.703
0.705
0.684
0.693
0.715
0.71
0.726
0.722
0.701
0.722
0.728
0.719
0.738
0.749
0.756
0.747
0.722
0.704
0.709
0.729
0.746
0.7577332
0.7348649
0.774
0.771
0.786
0.783
0.77
0.78
0.78
0.774
0.765
0.75
0.746
0.737
0.748
0.729
0.713
0.724
0.736
0.741
0.737
0.725
0.723
0.728
0.743
0.745
0.759
0.775
0.794
0.786
0.751
0.755
0.786
0.79
0.775
0.795
0.787
0.773
0.767
0.774
0.748
0.728
0.74
0.746
0.751
0.763
0.773
0.753
0.749
0.735
0.718
0.714
0.718
0.741
0.739
0.746
0.757
0.771
0.77
0.761
0.749
0.746
0.752
0.753
0.762
0.773
0.783
0.792
0.777
0.748
0.75
0.739
0.742
0.746
0.747
0.756
0.751
0.762
0.767
0.761
0.765
0.769
0.765
0.745
0.748
0.741
0.742
0.737
0.74
0.747
0.754
0.752
0.753
0.748
0.744
0.736
0.733
0.751
0.768
0.773
0.766
0.768
0.772
0.767
0.76
0.755
0.755
0.755
0.756
0.739
0.74
0.752
0.769
0.769
0.776
0.787
0.794
0.794
0.789
0.774
0.751
0.757
0.764
0.77
0.758
0.744
0.757
0.764
0.771
0.76
0.776
0.771
0.773
0.77
0.751
0.74
0.734
0.74
0.736
0.741
0.742
0.726
0.717
0.719
0.7425844
0.712
0.728
0.754
0.766
0.771
0.789
0.795
0.781
0.783
0.79
0.771
0.761
0.775
0.78
0.776
0.786
0.792
0.785
0.799
0.794
0.804
0.787
0.786
0.784
0.771
0.772
0.78
0.775
0.785
0.796
0.796
0.792
0.766
0.742
0.756
0.761
0.769
0.767
0.743
0.761
0.772
0.775
0.775
0.768
0.763
0.778
0.79
0.796
0.827
0.7616119
0.7663159
0.812
0.772
0.791
0.808
0.814
0.811
0.807
0.803
0.795
0.777
0.768
0.756
0.766
0.762
0.753
0.762
0.757
0.766
0.756
0.748
0.741
0.74
0.73
0.728
0.725
0.728
0.731
0.743
0.76
0.775
0.793
0.794
0.78
0.767
0.771
0.775
0.772
0.766
0.742
0.744
0.743
0.74
0.756
0.767
0.771
0.783
0.784
0.815
0.808
0.791
0.785
0.774
0.773
0.771
0.778
0.783
0.79
0.794
0.793
0.797
0.787
0.78
0.769
0.774
0.775
0.78
0.778
0.785
0.783
0.773
0.771
0.771
0.777
0.791
0.805
0.79
0.799
0.806
0.813
0.804
0.798
0.779
0.77
0.759
0.747
0.744
0.741
0.753
0.77
0.79
0.786
0.785
0.774
0.767
0.751
0.745
0.744
0.733
0.721
0.727
0.725
0.712
0.7873644
0.7709031
0.7717162
0.7662172
0.7535404
0.708
0.737
0.756
0.771
0.791
0.802
0.805
0.796
0.796
0.782
0.777
0.769
0.755
0.753
0.757
0.754
0.755
0.749
0.763
0.772
0.781
0.795
0.8
0.792
0.794
0.787
0.788
0.781
0.775
0.775
0.765
0.767
0.767
0.764
0.768
0.764
0.76
0.757
0.746
0.748
0.753
0.771
0.771
0.77
0.772
0.764
0.749
0.742
0.748
0.753
0.756
0.737
0.74
0.745
0.756
0.755
0.753
0.753
0.759
0.77
0.775
0.785
0.783
0.802
0.805
0.78
0.787
0.771
0.778
0.784
0.783
0.781
0.785
0.781
0.777
0.77
0.777
0.779
0.781
0.782
0.802
0.805
0.81
0.814
0.824
0.825
0.816
0.811
0.803
0.791
0.793
0.794
0.798
0.795
0.794
0.784
0.788
0.777
0.787
0.779
0.772
0.779
0.807
0.803
0.798
0.796
0.797
0.809
0.802
0.794
0.784
0.793
0.789
0.788
0.791
0.799
0.791
0.776
0.774
0.776
0.775
0.769
0.776
0.78
0.793
0.798
0.807
0.796
0.809
0.825
0.823
