0.892427
0.865
0.868
0.8982458
0.858
0.855
0.9302026
0.9034988
0.895
0.926
0.948
0.9044109
0.921
0.947
0.9327165
0.9102023
0.942
0.913
0.92
0.915
0.891
0.91
0.927
0.91
0.929
0.93
0.904
0.925
0.926
0.899
0.919
0.922
0.913
0.915
0.913
0.893
0.884
0.896
0.902
0.887
0.895
0.902
0.897
0.874
0.895
0.899
0.885
0.87
0.889
0.896
0.883
0.895
0.907
0.903
0.88
0.895
0.91
0.906
0.881
0.898
0.901
0.897
0.874
0.888
0.902
0.909
0.885
0.896
0.916
0.918
0.897
0.901
0.913
0.919
0.885
0.881
0.894
0.897
0.872
0.861
0.891
0.906
0.89
0.904
0.922
0.925
0.905
0.925
0.933
0.92
0.91
0.928
0.942
0.922
0.904
0.922
0.926
0.924
0.896
0.9
0.909
0.918
0.898
0.891
0.91
0.918
0.897
0.884
0.898
0.901
0.894
0.87
0.888
0.893
0.889
0.865
0.877
0.88
0.886
0.868
0.863
0.878
0.892
0.867
0.864
0.878
0.883
0.865
0.859
0.878
0.887
0.89
0.863
0.875
0.883
0.884
0.861
0.873
0.888
0.888
0.87
0.879
0.885
0.895
0.886
0.884
0.901
0.907
0.896
0.881
0.897
0.907
0.91
0.891
0.898
0.9
0.87
0.893
0.901
0.912
0.896
0.888
0.901
0.907
0.908
0.885
0.895
0.903
0.904
0.884
0.874
0.889
0.894
0.889
0.867
0.883
0.893
0.896
0.877
0.881
0.89
0.896
0.879
0.881
0.901
0.904
0.878
0.882
0.897
0.906
0.888
0.877
0.9
0.909
0.903
0.884
0.89
0.901
0.9
0.873
0.871
0.885
0.888
0.882
0.862
0.869
0.88
0.883
0.868
0.862
0.885
0.896
0.889
0.872
0.891
0.9
0.904
0.884
0.878
0.898
0.904
0.888
0.888
0.906
0.912
0.892
0.882
0.903
0.914
0.899
0.887
0.904
0.912
0.91
0.893
0.916
0.935
0.938
0.907
0.917
0.928
0.926
0.891
0.903
0.908
0.89
0.865
0.882
0.877
0.858
0.879
0.858
0.841
0.8667712
0.849
0.863
0.865
0.851
0.85
0.874
0.877
0.888
0.905
0.919
0.904
0.918
0.922
0.919
0.897
0.907
0.907
0.898
0.874
0.881
0.882
0.882
0.859
0.863
0.876
0.893
0.892
0.874
0.893
0.905
0.911
0.895
0.899
0.913
0.917
0.899
0.877
0.896
0.893
0.894
0.898
0.88
0.868
0.883
0.885
0.888
0.865
0.863
0.874
0.884
0.881
0.862
0.881
0.9
0.868
0.88
0.915
0.929
0.896
0.905
0.916
0.921
0.917
0.893
0.881
0.891
0.894
0.882
0.866
0.873
0.881
0.895
0.89
0.874
0.896
0.908
0.915
0.896
0.915
0.924
0.927
0.896
0.899
0.904
0.889
0.859
0.888
0.903
0.895
0.884
0.915
0.926
0.912
0.905
0.921
0.927
0.923
0.896
0.905
0.914
0.898
0.906
0.912
0.92
0.897
0.904
0.915
0.921
0.923
0.895
0.896
0.905
0.907
0.908
0.908
0.896
0.892
0.902
0.907
0.911
0.907
0.888
0.884
0.898
0.906
0.908
0.878
0.884
0.903
0.907
0.91
0.898
0.877
0.895
0.899
0.903
0.898
0.909
0.895
0.865
0.881
0.908
0.918
0.902
0.893
0.922
0.896
0.9
0.923
0.926
0.898
0.918
0.8618248
0.8646438
0.89305
0.912
0.8744911
0.8736729
0.8669119
0.917
0.903
0.904
0.8481491
0.8881702
0.86
0.86
0.83
0.828
0.828
0.84
0.84
0.832
0.857
0.852
0.84
0.858
0.85
0.843
0.859
0.846
0.825
0.839
0.826
0.814
0.813
0.819
0.796
0.803
0.803
0.782
0.785
0.783
0.768
0.758
0.774
0.779
0.758
0.761
0.761
0.75
0.74
0.741
0.736
0.733
0.725
0.736
0.729
0.707
0.716
0.713
0.707
0.709
0.717
0.713
0.698
0.704
0.699
0.7
0.695
0.698
0.702
0.693
0.684
0.688
0.684
0.679
0.669
0.678
0.678
0.676
0.668
0.671
0.672
0.668
0.661
0.663
0.662
0.663
0.654
0.654
0.655
0.652
0.651
0.646
0.651
0.649
0.645
0.642
0.645
0.643
0.646
0.641
0.639
0.638
0.642
0.636
0.634
0.635
0.638
0.632
0.63
0.63
0.635
0.632
0.63
0.633
0.635
0.63
0.63
0.633
0.638
0.632
0.632
0.635
0.638
0.632
0.631
0.632
0.634
0.63
0.628
0.629
0.629
0.625
0.624
0.628
0.629
0.625
0.622
0.625
0.621
0.62
0.618
0.616
0.621
0.619
0.619
0.616
0.617
0.616
0.611
0.61
0.613
0.611
0.611
0.608
0.61
0.609
0.607
0.603
0.598
0.598
0.61
0.619
0.619
0.618
0.617
0.616
0.616
0.609
0.606
0.605
0.607
0.601
0.6
0.598
0.601
0.595
0.595
0.596
0.599
0.597
0.603
0.599
0.599
0.602
0.6
0.599
0.6
0.601
0.603
0.601
0.601
0.601
0.598
0.599
0.599
0.596
0.593
0.592
0.593
0.592
0.588
0.586
0.584
0.591
0.593
0.59
0.6
0.602
0.601
0.601
0.605
0.603
0.608
0.617
0.625
0.63
0.633
0.624
0.615
0.613
0.615
0.621
0.615
0.609
0.61
0.616
0.618
0.616
0.622
0.629
0.624
0.622
0.622
0.626
0.619
0.617
0.619
0.626
0.629
0.625
0.626
0.634
0.637
0.632
0.632
0.642
0.645
0.638
0.64
0.641
0.649
0.646
0.64
0.642
0.653
0.653
0.647
0.646
0.652
0.658
0.653
0.646
0.645
0.649
0.65
0.64
0.641
0.646
0.657
0.657
0.66
0.662
0.658
0.654
0.656
0.642
0.634
0.637
0.65
0.662
0.672
0.68
0.667
0.664
0.674
0.681
0.67
0.677
0.688
0.686
0.68
0.691
0.698
0.702
0.701
0.697
0.709
0.695
0.692
0.709
0.697
0.699
0.709
0.719
0.715
0.719
0.703
0.692
0.702
0.719
0.706
0.712
0.73
0.722
0.729
0.744
0.764
0.749
0.745
0.758
0.749
0.73
0.747
0.754
0.729
0.72
0.709
0.702
0.697
0.688
0.7
0.714
0.726
0.716
0.729
0.744
0.758
0.754
0.759
0.766
0.771
0.765
0.767
0.761
0.749
0.732
0.727
0.74
0.723
0.728
0.733
0.768
0.782
0.777
0.789
0.761
0.77
0.782
0.797
0.787
0.748
0.756
0.755
0.751
0.755
0.729
0.742
0.774
0.777
0.761
0.753
0.758
0.792
0.765
0.76
0.783
0.808
0.825
0.7899079
0.824
0.7468454
0.815
0.806
0.776
0.785
0.802
0.817
0.813
0.797
0.813
0.813
0.795
0.782
0.786
0.789
0.78
0.797
0.806
0.793
0.811
0.817
0.817
0.804
0.818
0.818
0.822
0.813
0.786
0.794
0.793
0.797
0.781
0.787
0.792
0.784
0.777
0.791
0.796
0.79
0.771
0.782
0.785
0.779
0.777
0.782
0.782
0.781
0.792
0.791
0.797
0.79
0.784
0.766
0.769
0.766
0.769
0.778
0.791
0.782
0.798
0.805
0.788
0.795
0.799
0.782
0.788
0.792
0.772
0.774
0.772
0.761
0.763
0.78
0.787
0.781
0.794
0.799
0.792
0.791
0.783
0.794
0.797
0.791
0.775
0.762
0.767
0.767
0.77
0.77
0.755
0.761
0.766
0.757
0.764
0.775
0.788
0.798
0.808
0.795
0.813
0.823
0.828
0.821
0.811
0.806
0.797
0.793
0.792
0.79
0.793
0.799
0.802
0.796
0.796
0.808
0.785
0.782
0.794
0.803
0.814
0.817
0.807
0.779
0.762
0.768
0.77
0.771
0.764
0.778
0.789
0.788
0.788
0.778
0.776
0.775
0.783
0.797
0.798
0.803
0.79
0.79
0.792
0.801
0.8
0.801
0.797
0.775
0.779
0.771
0.767
0.764
0.765
0.766
0.769
0.77
0.768
0.75
0.767
0.781
0.781
0.802
0.813
0.809
0.803
0.815
0.816
0.82
0.827
0.827
0.822
0.807
0.793
0.763
0.766
0.771
0.779
0.784
0.787
0.787
0.785
0.782
0.779
0.76
0.776
0.799
0.809
0.815
0.795
0.819
0.83
0.83
0.809
0.82
0.852
0.8213079
0.8006412
0.7903518
0.8059539
0.7918431
0.859
0.839
0.805
0.799
0.798
0.797
0.797
0.798
0.792
0.789
0.79
0.773
0.773
0.777
0.771
0.775
0.8
0.824
0.844
0.865
0.8030752
0.857
0.861
0.857
0.846
0.831
0.816
0.781
0.782
0.778
0.779
0.771
0.778
0.788
0.801
0.814
0.825
0.83
0.831
0.833
0.816
0.829
0.833
0.839
0.837
0.845
0.849
0.844
0.848
0.848
0.85
0.837
0.842
0.842
0.841
0.825
0.834
0.808
0.814
0.822
0.833
0.837
0.829
0.821
0.825
0.815
0.828
0.839
0.838
0.821
0.83
0.828
0.816
0.814
0.826
0.836
0.824
0.835
0.833
0.818
0.794
0.781
0.784
0.776
0.772
0.796
0.813
0.831
0.824
0.852
0.861
0.863
0.855
0.844
0.84
0.831
0.821
0.814
0.818
0.819
0.822
0.825
0.828
0.834
0.836
0.822
0.837
0.831
0.826
0.825
0.82
0.811
0.815
0.808
0.788
0.795
0.794
0.797
0.802
