0.6249251
0.6411412
0.698
0.7271432
0.657003
0.697
0.6608397
0.7366589
0.711
0.6781397
0.5966963
0.714
0.6251726
0.6371325
0.725
0.717427
0.6768886
0.714
0.6798285
0.6665482
0.714
0.6358811
0.7476131
0.713
0.6873723
0.5708303
0.718
0.6984735
0.643195
0.708
0.6158837
0.6567066
0.7
0.6192682
0.6338383
0.711
0.6396867
0.5897301
0.718
0.7105071
0.6784568
0.724
0.6180209
0.7320432
0.728
0.6936349
0.6598091
0.734
0.71719
0.7168126
0.737
0.7149798
0.7090903
0.738
0.7035329
0.6747075
0.733
0.663946
0.6608184
0.742
0.6467115
0.6702303
0.73
0.6208182
0.7842936
0.729
0.7394502
0.6291521
0.733
0.6641273
0.6614839
0.735
0.7214417
0.6808252
0.737
0.6975626
0.6845503
0.737
0.6846072
0.7519953
0.737
0.6770118
0.7600997
0.735
0.6152593
0.716911
0.737
0.6957244
0.700439
0.72
0.7088877
0.6673421
0.716
0.6760322
0.6438141
0.722
0.641932
0.7075569
0.73
0.7150575
0.6966033
0.733
0.7384968
0.7923557
0.73
0.672297
0.5862632
0.738
0.7442618
0.6631225
0.749
0.6647102
0.7463663
0.75
0.6847166
0.640557
0.754
0.7076924
0.6927666
0.752
0.7001882
0.7184835
0.746
0.732
0.6834033
0.7318701
0.746
0.691332
0.717817
0.762
0.757
0.7549131
0.7237459
0.776
0.764
0.6883448
0.7586139
0.777
0.751
0.751953
0.7310511
0.768
0.749
0.717036
0.6761102
0.757
0.7709817
0.6780896
0.763
0.8108922
0.7800184
0.766
0.753
0.6966878
0.65935
0.772
0.6747695
0.7209053
0.775
0.76
0.6975997
0.6930105
0.769
0.6647219
0.7079668
0.767
0.6732178
0.6314644
0.766
0.692932
0.7547703
0.764
0.6840761
0.740384
0.753
0.6349073
0.7091909
0.756
0.7366714
0.7263895
0.744
0.7172584
0.6818874
0.735
0.6720969
0.6638787
0.73
0.7182214
0.667708
0.733
0.6895334
0.7007339
0.744
0.8005906
0.6821546
0.746
0.722
0.7245438
0.7171643
0.739
0.731
0.6681166
0.710528
0.757
0.746
0.7829343
0.7359422
0.777
0.771
0.766
0.76
0.7173428
0.6954989
0.791
0.78
0.786
0.6187637
0.7701555
0.812
0.78
0.6475977
0.752264
0.796
0.769
0.8082986
0.6492563
0.774
0.744
0.7516593
0.7060576
0.764
0.738
0.6443732
0.6472752
0.756
0.6434964
0.6945078
0.76
0.736
0.6508288
0.7530791
0.757
0.8204864
0.6598263
0.759
0.7586984
0.7579879
0.755
0.74
0.7377851
0.6743224
0.754
0.7169471
0.7095248
0.753
0.7500351
0.7058585
0.759
0.736
0.7706942
0.7067798
0.756
0.7750918
0.6755589
0.759
0.6660954
0.8801113
0.762
0.7069805
0.7412168
0.759
0.751
0.7581201
0.7051965
0.772
0.771
0.7535192
0.7467579
0.795
0.773
0.7197641
0.7333309
0.794
0.784
0.7292868
0.832181
0.809
0.788
0.6964805
0.6798092
0.787
0.763
0.759
0.7342388
0.7473223
0.776
0.753
0.7536855
0.7113105
0.776
0.752
0.6829182
0.7934963
0.783
0.767
0.717213
0.692814
0.797
0.776
0.7229727
0.7249207
0.794
0.776
0.7872579
0.7386678
0.782
0.773
0.7707226
0.7113011
0.788
0.776
0.745479
0.719978
0.784
0.784
0.796
0.7403085
0.6934144
0.814
0.81
0.81
0.797
0.809
0.81
0.6745768
0.8317929
0.809
0.776
0.7659027
0.6781061
0.796
0.77
0.7089372
0.6818133
0.786
0.8428094
0.8008677
0.788
0.758
0.7264033
0.7649346
0.773
0.755
0.7199071
0.7171127
0.773
0.768
0.7027097
0.7120613
0.777
0.774
0.8190993
0.7382747
0.776
0.767
0.7468882
0.7529209
0.782
0.773
0.8002267
0.7173103
0.783
0.773
0.6950018
0.8218025
0.791
0.773
0.7216283
0.708367
0.798
0.771
0.6843951
0.6822337
0.789
0.757
0.7164118
0.7731567
0.764
0.754
0.7969507
0.7779946
0.766
0.751
0.751
0.7276891
0.7479279
0.783
0.771
0.7120105
0.7115274
0.792
0.774
0.779
0.7879959
0.697848
0.805
0.777
0.8391212
0.7420363
0.788
0.774
0.7566012
0.7113535
0.79
0.762
0.7191046
0.6838143
0.781
0.771
0.7375636
0.7661041
0.786
0.772
0.7614679
0.7089051
0.782
0.764
0.7083938
0.886
0.765
0.763
0.78
0.788
0.799
0.814
0.821
0.824
0.823
0.824
0.823
0.7209979
0.8157944
0.813
0.788
0.6904744
0.7358817
0.796
0.788
0.785
0.8343277
0.7391015
0.798
0.771
0.6790238
0.7119274
0.796
0.78
0.7662413
0.7252579
0.787
0.765
0.7161417
0.726406
0.776
0.77
0.7467884
0.8183158
0.804
0.795
0.7379702
0.7934177
0.803
0.797
0.807
0.808
0.7716353
0.7362
0.829
0.815
0.811
0.801
0.6683183
0.7162525
0.818
0.792
0.785
0.717247
0.7426106
0.8
0.79
0.779
0.8014964
0.8484706
0.786
0.762
0.8125052
0.7324905
0.771
0.759
0.6547635
0.719507
0.756
0.729
0.7416272
0.7773325
0.748
0.7825539
0.7691665
0.754
0.736
0.6698935
0.7763157
0.758
0.7144085
0.7437302
0.752
0.743
0.7383953
0.7549845
0.767
0.76
0.7351774
0.6545949
0.765
0.7682538
0.7513506
0.748
0.7198489
0.7377761
0.756
0.7378962
0.7416875
0.763
0.8083825
0.7196797
0.753
0.738
0.7367941
0.7838331
0.767
0.746
0.7769329
0.7807479
0.773
0.751
0.6973715
0.8193397
0.772
0.726322
0.8112415
0.77
0.76
0.6567318
0.72129
0.786
0.764
0.7778545
0.6839321
0.773
0.752
0.680296
0.6708412
0.75
0.747
0.6635098
0.69208
0.763
0.754
0.7265891
0.6145531
0.749
0.738
0.7182378
0.7662123
0.762
0.754
0.758
0.8014787
0.7658125
0.79
0.775
0.7378378
0.6191699
0.79
0.751
0.6702533
0.6812777
0.756
0.773
0.802
0.819
0.832
0.832
0.725217
0.783
0.754
0.735
0.6830053
0.6272914
0.731
0.7650949
0.7274084
0.707
0.6934414
0.7390249
0.696
0.6156493
0.813
0.681
0.7076751
0.812
0.683
0.6485937
0.7049495
0.696
0.6677414
0.6997759
0.677
0.7313569
0.6674189
0.676
0.7137031
0.6081033
0.677
0.6284395
0.733867
0.67
0.6775848
0.5611343
0.665
0.5915588
0.773
0.657
0.6432263
0.791
0.661
0.6901321
0.787
0.661
0.6403369
0.78
0.655
0.670923
0.6855256
0.654
0.646
0.7154845
0.774
0.646
0.6350455
0.637
0.6275052
0.737
0.618
0.61
0.542193
0.739
0.61
0.605
0.608
0.601
0.595
0.6
0.599
0.588
0.598
0.601
0.594
0.597
0.601
0.601
0.598
0.604
0.602
0.598
0.606
0.607
0.597
0.607
0.609
0.599
0.604
0.61
0.607
0.605
0.605
0.604
0.601
0.606
0.604
0.596
0.599
0.6
0.595
0.599
0.601
0.602
0.594
0.6
0.595
0.593
0.596
0.594
0.589
0.597
0.593
0.591
0.593
0.598
0.591
0.592
0.597
0.593
0.584
0.594
0.589
0.584
0.589
0.589
0.578
0.585
0.59
0.584
0.58
0.587
0.584
0.577
0.588
0.583
0.574
0.579
0.584
0.573
0.576
0.58
0.571
0.576
0.576
0.571
0.57
0.579
0.574
0.572
0.575
0.577
0.567
0.581
0.573
0.571
0.569
0.577
0.572
0.567
0.574
0.572
0.565
0.574
0.571
0.561
0.578
0.57
0.5792265
0.5470744
0.564
0.565
0.5271562
0.56
0.573
0.561
0.564
0.57
0.564
0.567
0.564
0.567
0.565
0.56
0.57
0.566
0.559
0.568
0.564
0.558
0.559
0.563
0.559
0.565
0.561
0.557
0.557
0.56
0.557
0.554
0.559
0.554
0.555
0.562
0.555
0.554
0.561
0.547
0.568
0.557
0.549
0.562
0.558
0.551
0.563
0.559
0.555
0.561
0.559
0.5621785
0.555
0.55
0.546
0.563
0.559
0.547
0.563
0.555
0.555
0.56
0.555
0.554
0.561
0.56
0.557
0.563
0.566
0.566
0.564
0.567
0.567
0.566
0.567
0.568
0.564
0.577
0.572
0.569
0.573
0.572
0.567
0.565
0.579
0.587
0.576
0.574
0.569
0.577
0.58
0.578
0.571
0.582
0.58
0.576
0.574
0.58
0.581
0.577
0.58
0.581
0.577
0.58
0.586
0.585
0.588
0.59
0.591
0.594
0.588
0.597
0.597
0.596
0.593
0.6
0.603
0.604
0.609
0.609
0.612
0.617
0.622
0.616
0.621
0.624
0.629
0.622
0.625
0.629
0.623
0.623
0.628
0.625
0.625
0.627
0.633
0.627
0.628
0.631
0.625
0.627
0.632
0.634
0.627
0.634
0.638
0.642
0.639
0.646
0.646
0.645
0.646
0.646
0.651
0.645
0.645
0.644
0.65
0.645
0.649
0.65
0.648
0.648
0.653
0.666
0.667
0.666
0.667
0.666
0.661
0.66
0.657
0.656
0.646
0.638
0.637
0.644
0.653
0.659
0.667
0.683
0.698
0.695
0.702
0.718
0.72
0.713
0.718
0.729
0.716
0.719
0.72
0.723
0.712
0.712
0.716
0.725
0.726
0.716
0.691
0.687
0.679
0.673
0.67
0.666
0.673
0.682
0.687
0.688
0.689
0.691
0.688
0.695
0.703
0.701
0.703
0.705
0.716
0.714
0.722
0.737
0.737
0.729
0.732
0.737
0.736
0.735
0.749
0.755
0.745
0.76
0.767
0.753
0.752
0.763
0.752
0.754
0.77
0.764
0.759
0.766
0.765
0.755
0.761
0.771
0.754
0.757
0.765
0.75
0.746
0.749
0.752
0.737
0.739
0.746
0.737
0.74
0.748
0.752
0.748
0.754
0.763
0.757
0.756
0.764
0.759
0.748
0.751
0.755
0.743
0.75
0.763
0.755
0.76
0.768
0.769
0.764
0.774
0.779
0.768
0.772
0.78
0.771
0.77
0.783
0.778
0.775
0.78
0.78
0.764
0.77
0.784
0.773
0.779
0.789
0.771
0.774
0.779
0.771
0.771
0.775
0.767
0.762
0.764
0.763
0.751
0.747
0.755
0.748
0.748
0.759
0.764
0.76
0.758
0.763
0.763
0.759
0.765
0.771
0.76
0.763
0.769
0.765
0.761
0.765
0.77
0.758
0.757
0.761
0.761
0.761
0.777
0.78
0.776
0.784
0.784
0.773
0.776
0.776
0.77
0.771
0.773
0.761
0.766
0.773
0.76
0.756
0.76
0.743
0.731
0.732
0.726
0.727
0.741
0.748
0.748
0.757
0.771
0.762
0.771
0.786
0.77
0.779
0.783
0.769
0.762
0.766
0.765
0.758
0.768
0.776
0.766
0.765
0.773
0.766
0.768
0.781
0.781
0.769
0.769
0.774
0.761
0.759
0.765
0.772
0.769
0.772
0.775
0.764
0.762
0.769
0.767
0.764
0.767
0.782
0.772
0.775
0.779
0.771
0.766
0.771
0.777
0.766
0.769
0.775
0.774
0.778
0.786
0.797
0.785
0.791
0.794
0.782
0.784
0.792
0.775
0.773
0.774
0.763
0.757
0.758
0.759
0.746
0.749
0.751
0.744
0.744
0.748
0.752
0.745
0.751
0.76
0.759
0.766
0.78
0.784
0.775
0.78
0.788
0.775
0.776
0.781
0.767
0.771
0.778
0.771
0.779
0.791
0.777
0.783
0.793
0.78
0.789
0.8
0.785
0.788
0.797
0.791
0.7899953
0.646729
0.7206135
0.745988
0.6975809
0.7553919
0.7586137
0.7370471
0.6210611
0.8597914
0.7274725
0.7676743
0.749283
0.7844685
0.7741667
0.7249059
0.7523509
0.689027
0.774134
0.7110755
0.8472497
0.653615
0.7095046
0.7702502
0.7547987
0.702099
0.6822702
0.7359704
0.7279362
0.6431078
0.7292584
0.7361475
0.7349053
0.6760031
0.7481973
0.7905349
0.7462219
0.6701161
0.7028309
0.7394277
0.6917424
0.6194839
0.7633953
0.6814871
0.6931039
0.7912133
0.6825025
0.7588799
0.658315
0.7007972
0.7135926
0.661044
0.6858455
0.7140644
0.7467277
0.6359498
0.6971601
0.749127
0.6870649
0.7228816
0.7348996
0.7236808
0.7414175
0.768
0.703439
0.6890564
0.779
0.5820594
0.7025881
0.787
0.7263005
0.7307252
0.796
0.772
0.6772329
0.78753
0.7160631
0.7078907
0.785
0.7611635
0.6660626
0.6782212
0.8128722
0.769
0.698407
0.7748694
0.776
0.6278338
0.6865113
0.778
0.7123575
0.708048
0.773
0.6448687
0.6929422
0.640272
0.7246776
0.772
0.7411442
0.5833785
0.772
0.7464914
0.6282738
0.779
0.7075676
