0.8337588
0.8167649
0.8354814
0.8464548
0.8453319
0.8438427
0.8285224
0.8254002
0.8417309
0.8301962
0.813312
0.8252194
0.8171391
0.816263
0.8320992
0.8307212
0.8104654
0.8026627
0.8254373
0.8183054
0.8086896
0.8261766
0.8115688
0.7955353
0.8050588
0.8109652
0.8149807
0.8161077
0.8113526
0.8005485
0.8219505
0.8323935
0.8108897
0.8234202
0.8530782
0.8477275
0.8290609
0.8458989
0.8464185
0.8394764
0.8628269
0.8634729
0.8552958
0.8726286
0.8614353
0.8382328
0.8553563
0.8585879
0.8323575
0.825771
0.8246808
0.790359
0.7935629
0.8278244
0.8081554
0.7889433
0.811352
0.8254784
0.8206949
0.8262202
0.8542395
0.8599452
0.8569518
0.8832428
0.8718864
0.8355406
0.8462802
0.879429
0.8752182
0.8413728
0.8195139
0.8184281
0.836059
0.8526931
0.8527477
0.8755435
0.8920538
0.8691922
0.8465891
0.8448302
0.8427126
0.8273459
0.8227308
0.8260279
0.8169018
0.8070968
0.8192196
0.8247702
0.8201681
0.8349388
0.841039
0.8413747
0.848979
0.8320804
0.8215304
0.8421493
0.8386217
0.8323138
0.8547895
0.8491377
0.8383979
0.8650098
0.8725713
0.8608074
0.8622032
0.8738706
0.8771724
0.8651688
0.8680629
0.8684397
0.8623779
0.8568621
0.850845
0.8365767
0.8230833
0.8259879
0.8311828
0.8355603
0.830724
0.8148238
0.8120101
0.8057972
0.7960192
0.8107521
0.806469
0.8112689
0.8137483
0.8005829
0.8094075
0.8175277
0.8132256
0.8023244
0.8033888
0.8060684
0.8073239
0.8026586
0.8095823
0.8139018
0.804126
0.8105572
0.8111424
0.8043827
0.8171543
0.8247637
0.8177774
0.8252031
0.8339566
0.8283697
0.8200115
0.8216643
0.8237005
0.8181319
0.8186816
0.8329537
0.8284264
0.8242282
0.8324258
0.8275388
0.8291864
0.8333545
0.824757
0.8172463
0.8321128
0.8364125
0.827687
0.8326595
0.8391547
0.8304237
0.82427
0.8392694
0.8351754
0.8224708
0.8400838
0.8394336
0.8290181
0.8397644
0.834794
0.830745
0.8367807
0.8337348
0.8262847
0.8209154
0.8181604
0.8169241
0.8216175
0.8224314
0.8146078
0.8264266
0.8296293
0.8110112
0.821412
0.8243801
0.8167041
0.8271219
0.821342
0.8140326
0.8211118
0.8232189
0.8176388
0.8326806
0.8402066
0.8300382
0.8319974
0.8317322
0.8248384
0.8141952
0.8283938
0.8352411
0.8197676
0.8187498
0.8210869
0.8207993
0.8225273
0.8330776
0.8332187
0.8312637
0.8381916
0.8286102
0.8230082
0.8307859
0.8216325
0.8152406
0.8245431
0.8180003
0.8103381
0.8168164
0.8095814
0.7963922
0.8060458
0.8132585
0.8081348
0.8158247
0.8209444
0.8173684
0.8266792
0.8318344
0.8231957
0.8315704
0.8441024
0.8360519
0.8367137
0.8487182
0.8508025
0.8492978
0.8576415
0.8631162
0.8513006
0.8549111
0.8488568
0.8311445
0.8496811
0.8562274
0.8472222
0.8584659
0.8586818
0.8446683
0.8444366
0.8444884
0.8300577
0.8299034
0.8402434
0.8304884
0.8252575
0.8300554
0.817835
0.8097065
0.818543
0.8126528
0.7948989
0.7966037
0.8011989
0.7959603
0.7987254
0.8027185
0.7979082
0.7990987
0.8099102
0.809943
0.8079946
0.8217228
0.8255104
0.8203072
0.8360907
0.8380521
0.8263642
0.8331722
0.8448002
0.8427873
0.8350174
0.8461763
0.8554289
0.8504652
0.8467752
0.8552708
0.8469028
0.8356154
0.8506447
0.8516104
0.8476102
0.8475892
0.8583495
0.8608385
0.8405711
0.8367564
0.8407394
0.8369435
0.8311642
0.8347129
0.8306013
0.8204466
0.8250653
0.8260379
0.8145425
0.8039749
0.812526
0.8198428
0.8155643
0.8244147
0.8258204
0.8213211
0.8198579
0.8056137
0.7975692
0.7892153
0.7888429
0.8115337
0.810595
0.8036412
0.8094723
0.8087191
0.8170483
0.8318696
0.8338576
0.8297743
0.844589
0.8601238
0.8538624
0.8459804
0.8583108
0.8558349
0.8462711
0.8589737
0.8617317
0.8522733
0.8404748
0.8444416
0.8497877
0.8449029
0.8538687
0.8522414
0.8450624
0.8510206
0.8501783
0.8362401
0.8346444
0.8435831
0.8398517
0.8434918
0.8538769
0.8536322
0.8483241
0.853865
0.8477113
0.8350225
0.8501839
0.8410441
0.8205267
0.8334309
0.8332276
0.823062
0.8372158
0.8459324
0.8381808
0.8475092
0.8500882
0.8422104
0.8523982
0.8585691
0.8521326
0.841749
0.8447864
0.8443071
0.8335103
0.8316118
0.8303313
0.824215
0.8149011
0.8160918
0.8157538
0.8187527
0.8250935
0.8209539
0.8293189
0.8317856
0.8273848
0.8357975
0.8428797
0.8348475
0.8274974
0.8335754
0.83149
0.8294493
0.8242812
0.8267999
0.8335677
0.8310885
0.8405119
0.848764
0.8480092
0.8427411
0.841985
0.8480042
0.8428242
0.8317221
0.8375152
0.8387681
0.8287597
0.8242981
0.8240935
0.8201166
0.8156182
0.8217716
0.8211203
0.8143409
0.8160993
0.8196496
0.8214127
0.8235661
0.8287779
0.8327469
0.8289036
0.8266094
0.8260619
0.8252375
0.8255871
0.8277833
0.8343027
0.8405864
0.8442477
0.8423291
0.8400567
0.8375307
0.8281592
0.825902
0.8296733
0.8237254
0.8190056
0.823205
0.8242514
0.8208192
0.8181954
0.825878
0.8329881
0.8289711
0.8262013
0.8270033
0.8277905
0.8228065
0.8231601
0.8227978
0.8177497
0.8182932
0.8152894
0.8221717
0.8338764
0.8304814
0.8305236
0.8304601
0.8294569
0.8331186
0.8273056
0.824598
0.8214521
0.8162843
0.8199073
0.8172366
0.8157439
0.8176326
0.8166922
0.8137743
0.8141019
0.8150918
0.8190252
0.8016032
0.7772148
0.805938
0.8071909
0.7562445
0.7474663
0.7815885
0.7572326
0.7169182
0.7558555
0.7851545
0.7684463
0.744152
0.7337124
0.7301492
0.7069122
0.7064285
0.718563
0.7024649
0.6842876
0.6771224
0.677236
0.6807663
0.6819876
0.6787921
0.6754082
0.6724348
0.6675169
0.6614055
0.6523628
0.6450518
0.6453353
0.6463553
0.6435503
0.6438744
0.6447601
0.6400105
0.6408042
0.6424736
0.6397889
0.6380481
0.6383281
0.6416129
0.6421567
0.6431177
0.6446703
0.6421071
0.6379469
0.6396144
0.6418884
0.6357173
0.6319285
0.6329316
0.6308865
0.629349
0.6296049
0.6338639
0.6353775
0.6329668
0.6362947
0.6360686
0.6321816
0.6308365
0.6313405
0.6303216
0.6267463
0.6243055
0.6260886
0.6297116
0.6290343
0.6293217
0.6315245
0.6324997
0.6345942
0.6362674
0.6356268
0.6321832
0.6279204
0.6273677
0.6274068
0.6300989
0.6301126
0.6307408
0.6280562
0.6195303
0.6231674
0.6238198
0.619688
0.6180697
0.6161398
0.6135848
0.6117687
0.6132231
0.6125618
0.6105062
0.6140131
0.6163434
0.6137839
0.617781
0.6238756
0.6271726
0.6296978
0.6313383
0.6337018
0.6295726
0.6240007
0.6228977
0.6133078
0.6079315
0.6140418
0.6154929
0.6102674
0.6183804
0.6270282
0.6154253
0.618691
0.6233386
0.6186457
0.6222456
0.6225112
0.6204906
0.6173939
0.6170077
0.616587
0.6157773
0.6137276
0.61066
0.613585
0.6094217
0.6156708
0.6323363
0.622901
0.6206166
0.630109
0.6290515
0.6322358
0.6298934
0.6257917
0.6282118
0.6274486
0.6302693
0.6151152
0.5983268
0.6169697
0.6223305
0.618387
0.619421
0.6152182
0.6178658
0.6177594
0.6120208
0.6061893
0.6062196
0.6041499
0.6014098
0.6001911
0.5992358
0.598344
0.5959139
0.5972231
0.5930625
0.5908585
0.5904054
0.5847852
0.5857157
0.5867996
0.5820715
0.5792596
0.5786408
0.5785105
0.5794514
0.5772555
0.575035
0.5748941
0.5763449
0.5740172
0.5727306
0.5737668
0.5713738
0.5706633
0.5681046
0.5684323
0.5701808
0.5700027
0.5686944
0.5698708
0.570507
0.5677577
0.5716821
0.571438
0.5669989
0.5670367
0.5657923
0.5643587
0.565793
0.5670349
0.5647666
0.5646601
0.5649555
0.5632137
0.5638703
0.566225
0.5698095
0.5708919
0.5691037
0.5690878
0.5686792
0.5685873
0.5692231
0.5666251
0.5679398
0.5684058
0.5670571
0.5676891
0.5652394
0.5661913
0.5674058
0.5656875
0.5687208
0.5696487
0.5665576
0.5665631
0.5651685
0.5641385
0.5636072
0.5614786
0.5605639
0.5604815
0.5582457
0.5593831
0.5621612
0.5597462
0.5595843
0.5601634
0.5588936
0.5569815
0.5596242
0.5673017
0.5691579
0.5736621
0.5897398
0.5924467
0.5853297
0.5890366
0.5869896
0.5849891
0.5953358
0.6019447
0.6054467
0.609187
0.6065008
0.6105191
0.620042
0.6181966
0.619944
0.6264139
0.6254427
0.6236098
0.627994
0.6357591
0.6434834
0.659108
0.6697774
0.6646719
0.6621519
0.6757232
0.6882963
0.6872459
0.7052203
0.7210913
0.7119571
0.7209032
0.724692
0.722032
0.7270551
0.7295957
0.7451247
0.7477975
0.7401954
0.7496079
0.7451214
0.7322657
0.7193398
0.7205467
0.7461414
0.747625
0.7530216
0.775092
0.7755083
0.762471
0.7730421
0.786779
0.7713172
0.7779154
0.7871279
0.7689355
0.7845724
0.8021214
0.7855863
0.7943799
0.8104187
0.7999882
0.7985548
0.8114108
0.7900066
0.7641007
0.7858198
0.787102
0.7678034
0.7762168
0.7858966
0.771442
0.7650729
0.7796203
0.773505
0.7640131
0.7779412
0.7742437
0.7638663
0.7753296
0.7707844
0.7783836
0.7842672
0.7733033
0.7822255
0.7811948
0.7569321
0.7653959
0.7800897
0.7801967
0.7979263
0.7900313
0.79138
0.7977376
0.8209211
0.8377491
0.8154498
0.8325062
0.851771
0.8418729
0.8426054
0.8506928
0.8366754
0.8296998
0.8419553
0.8242238
0.7976651
0.8094992
0.8168648
0.8080645
0.8179822
0.8212712
0.8076948
0.8290243
0.842419
0.822635
0.8536768
0.8660393
0.846921
0.8728774
0.8680773
0.8506333
0.8784327
0.86852
0.8495736
0.8772555
0.8803161
0.8696646
0.8895818
0.8845363
0.8770923
0.8994224
0.8896764
0.8701971
0.8889675
0.8844045
0.8433735
0.8509836
0.8553128
0.8537709
0.8901488
0.8956745
0.8903576
0.9035661
0.8907641
0.8700727
0.8803611
0.8733821
0.8758747
0.9035245
0.8885795
0.8900495
0.9103047
0.8923021
0.8740665
0.8890745
0.9003952
0.8797616
0.883673
0.8845748
0.8594274
0.8782081
0.8826419
0.8495461
0.8598475
0.8618867
0.8387179
0.8514698
0.8520583
0.8367335
0.8494334
0.853487
0.8408283
0.8546523
0.8543788
0.8300506
0.8446273
0.8474544
0.8381872
0.8649781
0.8661523
0.8554651
0.8773569
0.8674657
0.8566099
0.8743315
0.8525575
0.8349986
0.8453969
0.8294236
0.8216183
0.8457069
0.8476276
0.8478597
0.8699619
0.8631656
0.8578648
0.8744113
0.8600496
0.8544105
0.8625882
0.8357125
0.8291291
0.8409749
0.82051
0.8000004
0.8119121
0.8305265
0.8428535
0.8346674
0.8297909
0.8602725
0.8605693
0.8259553
0.8027268
0.8138786
0.8211011
0.8189272
0.8483838
0.8627076
0.8459162
0.8596866
0.888275
0.8753844
0.8574206
0.8621725
0.8762153
0.8714068
0.8480086
0.861467
0.878427
0.8565822
0.8466681
0.8538908
0.835887
0.8206245
0.8349921
0.8270343
0.814451
0.8322737
0.8276296
0.8179337
0.832013
0.8292637
0.8309253
0.8429834
0.8405814
0.8512317
0.8597277
0.8481989
0.8603774
0.867514
0.8566995
0.8830061
0.892515
0.875124
0.8929556
0.9076317
0.8948859
0.878758
0.8578121
0.8520204
0.864702
0.8754303
0.895434
0.9000384
0.9022351
0.9000263
0.8820473
0.8951616
0.8885466
0.8615986
0.8677507
0.8649554
0.8567694
0.8619131
0.8585012
0.8506118
0.8455766
0.842435
0.83623
0.8379406
0.8432709
0.8395635
0.8445165
0.853868
0.8481575
0.8473329
0.8506098
0.8399794
0.8428577
0.8508446
0.84611
0.8431195
0.8440668
0.8435974
0.8415744
0.8414547
0.8393015
0.8402721
0.8422619
0.8397263
0.8417689
0.8493172
0.8543289
0.8511615
0.851744
0.8579435
0.8576875
0.8543569
0.8583744
0.8595994
0.8547896
0.8587469
0.8571278
0.8527011
0.8540833
0.8562111
0.8573949
0.8523404
0.8569438
0.8584445
0.8512492
0.8552378
0.860399
0.8593037
0.8534962
0.8488238
0.8471755
0.8480965
0.8497039
0.8425731
0.8395875
0.8485089
0.8473281
0.8491522
0.8536499
0.8552413
0.865816
0.8626791
0.854269
0.8558362
0.8547818
0.8535851
0.8542438
0.850458
0.8546861
0.865908
0.8607707
0.8555407
0.8590729
0.8522168
0.8455093
0.8521767
0.8535817
0.843441
0.8425085
0.842656
0.8376338
0.8420757
0.8472972
0.8433634
0.8456308
0.8506675
0.8426568
0.8406531
0.845791
0.8395652
0.83752
0.8376214
0.8304716
0.8346291
0.8393273
0.8380896
0.8409234
0.8407458
0.840587
0.8422751
0.847205
0.8478641
0.848013
0.8525759
0.8456191
0.8437199
0.8475455
0.8444594
0.8460271
0.8519459
0.8469264
0.842236
0.8476705
0.8422802
0.8322827
0.8277292
0.831095
0.8340359
0.8345802
0.8381199
0.8366512
0.8367424
0.8391037
0.833175
0.8320538
0.8407544
0.833783
0.8277821
0.8316999
0.8324876
0.8266224
0.8146195
0.8110264
0.8106693
0.8106731
0.8132568
0.8091019
0.8089635
0.8145784
0.8086622
0.8087287
0.8133625
0.8085489
0.8079887
0.8153052
0.8268469
0.8334831
0.8290146
0.826717
0.8290392
0.8255959
0.8194877
0.8190247
0.8150972
0.8062629
0.798489
0.7896463
0.799156
0.8090862
0.8040966
0.7997931
0.802005
0.7997223
0.7908552
0.7971702
0.8116685
0.8164691
0.8135817
0.8136831
0.8107296
0.8000412
0.798113
0.8035058
0.7909841
0.7885959
0.7924872
0.7796654
0.7784024
0.7809301
0.7792984
0.7819225
0.7848933
0.7827512
0.786194
0.7954774
0.7925635
0.7949558
0.8087261
0.8136591
0.8189987
0.8310523
0.8283376
0.8039886
0.7975793
0.7986417
0.7733556
0.7755482
