0.8007828
0.781696
0.8031
0.8095223
0.7800678
0.7478916
0.7701197
0.8006938
0.8108953
0.8107954
0.7974262
0.8375208
0.8300936
0.8121854
0.8359333
0.8286745
0.7960385
0.7766466
0.8002023
0.8206171
0.8393901
0.8597726
0.8543392
0.820556
0.7857685
0.7493906
0.741817
0.7652487
0.7808599
0.7959796
0.7854758
0.7985591
0.837093
0.8517322
0.8423553
0.8141828
0.7738728
0.7588126
0.7471278
0.7845716
0.8592003
0.8133035
0.820833
0.8503519
0.8045068
0.8022347
0.8436344
0.8318855
0.7479765
0.7764692
0.8304283
0.8545053
0.8257565
0.7354867
0.7911288
0.8572734
0.8589755
0.8540789
0.8320588
0.8444347
0.8649288
0.8600265
0.8169925
0.8030608
0.8279883
0.8384337
0.8245789
0.8126074
0.8381688
0.8596213
0.8402821
0.8163271
0.8322765
0.8492254
0.8305071
0.8050487
0.8106773
0.8345195
0.8359139
0.8086246
0.806493
0.8334617
0.8449493
0.8331849
0.7948788
0.7928919
0.8193393
0.8319708
0.8346704
0.808657
0.8098924
0.842914
0.8595496
0.8513665
0.8247738
0.8249075
0.8411074
0.8355845
0.8062051
0.8016232
0.8300314
0.8370566
0.8158778
0.8153702
0.841158
0.853941
0.8502175
0.8265148
0.8007773
0.7983355
0.8247742
0.8136138
0.788528
0.8102744
0.8274396
0.8225143
0.8041086
0.8053418
0.8285251
0.8191731
0.7922764
0.8032747
0.8197527
0.8105039
0.7833491
0.7792297
0.8042699
0.7990342
0.7869374
0.8142518
0.8191975
0.7964272
0.8097596
0.8297573
0.8340699
0.8369518
0.8165705
0.7925197
0.7996856
0.8060214
0.8089073
0.8211519
0.8103564
0.7912589
0.7967185
0.8034371
0.7891944
0.7763184
0.7787889
0.7766133
0.7571606
0.7548783
0.7397239
0.7664072
0.832226
0.7598696
0.7126931
0.7406792
0.7387949
0.7501263
0.7575389
0.7468891
0.7333812
0.733821
0.7294711
0.7163062
0.7040079
0.6939102
0.68086
0.6729081
0.6731934
0.6714958
0.6709351
0.6751368
0.6831989
0.6926076
0.6870006
0.6948072
0.6990038
0.72219
0.7948289
0.7591321
0.6775326
0.7150358
0.7626661
0.7240577
0.710125
0.7225526
0.7181988
0.7467816
0.7626694
0.78898
0.81538
0.7975952
0.795037
0.8269723
0.8433789
0.8502647
0.8380782
0.7987093
0.7941816
0.8022582
0.7935275
0.794736
0.7971251
0.7765941
0.7679407
0.7830312
0.7879198
0.8009932
0.8163331
0.8022326
0.7993903
0.8238713
0.8276851
0.7971301
0.789472
0.8042998
0.8032525
0.7932498
0.7810119
0.7910815
0.8030226
0.7857936
0.7627794
0.7631125
0.7730048
0.7761674
0.7707551
0.7742642
0.7911262
0.8018337
0.7953963
0.7827144
0.8014967
0.8158217
0.8175276
0.7833329
0.7513728
0.7319794
0.7286812
0.7809726
0.7609647
0.7553036
0.7749155
0.7376876
0.7367261
0.7651465
0.7783773
0.7765044
0.7913824
0.8067864
0.7985489
0.7945648
0.8115335
0.8272343
0.8139365
0.8143392
0.8199332
0.795639
0.794202
0.8142224
0.8231858
0.8000133
0.795788
0.8193436
0.8346543
0.8470389
0.8167642
0.7964882
0.8165142
0.8129981
0.7882479
0.7836317
0.791843
0.8007565
0.7984605
0.7907508
0.7975718
0.7995994
0.7978282
0.8012973
0.8034368
0.7902065
0.7972953
0.8164799
0.8078036
0.7944156
0.7881134
0.7891303
0.773912
0.7646775
0.7747738
0.7892358
0.7936991
0.7760294
0.7727626
0.7929181
0.8000235
0.7723648
0.7631993
0.7866834
0.7847504
0.766045
0.7829153
0.792338
0.7745343
0.7744658
0.7689601
0.7457444
0.7102554
0.7004569
0.7188019
0.7380329
0.7414644
0.7260485
0.7305402
0.7370882
0.7231172
0.7276286
0.7516894
0.7793753
0.8232714
0.8134062
0.7961343
0.8229831
0.8275468
0.8274292
0.7952054
0.7642992
0.7801305
0.7853159
0.7935606
0.8048883
0.7876467
0.7697491
0.7697441
0.7731197
0.7793142
0.7941658
0.7859151
0.7635095
0.7678941
0.7761063
0.7704266
0.7639571
0.7778041
0.7891731
0.7908237
0.7832004
0.7579104
0.7520277
0.7594376
0.7593004
0.7511117
0.7435416
0.75591
0.7798611
0.7966071
0.7905135
0.7687071
0.7660991
0.7820544
0.7776417
0.7625329
0.7696377
0.7850711
0.7979505
0.8144053
0.8167492
0.8034443
0.8071591
0.7967461
0.7706982
0.7739509
0.7874854
0.7954949
0.7811664
0.7571494
0.7268742
0.6792732
0.6740539
0.6965445
0.7166
0.7518607
0.7474952
0.7353251
0.7228193
0.7457807
0.7507162
0.66077
0.656823
0.6626118
0.6466579
0.6490043
0.6312068
0.6381993
0.6308841
0.618497
0.6228937
0.6210575
0.6189642
0.614795
0.6093066
0.6147454
0.6090244
0.6031944
0.6043214
0.6040111
0.6058873
0.6049135
0.5965004
0.5959119
0.6035438
0.5964455
0.5940631
0.6003428
0.5939091
0.5889999
0.5941535
0.5919125
0.5878269
0.5923418
0.5930921
0.5867224
0.5883025
0.5885299
0.5796794
0.582325
0.5835171
0.5812785
0.5789123
0.5735841
0.5768241
0.5752606
0.5691775
0.5667728
0.5642662
0.5650412
0.5589236
0.5520295
0.5561837
0.5561623
0.5531791
0.550513
0.5533789
0.5567863
0.551087
0.5494708
0.5502213
0.548864
0.5436427
0.5456095
0.5493227
0.5426485
0.5442545
0.5458403
0.5436681
0.5407441
0.5434367
0.5486485
0.54537
0.5449089
0.5448552
0.5454492
0.5429164
0.5418755
0.5447454
0.5431636
0.539732
0.541971
0.5465758
0.5418973
0.535442
0.5359543
0.5400251
0.5350394
0.5287596
0.5269091
0.524347
0.5247051
0.5241459
0.5206981
0.5174824
0.5221716
0.5216212
0.5160567
0.5180649
0.5186649
0.5174095
0.5143228
0.5120285
0.5151969
0.5163668
0.5136603
0.515827
0.5187672
0.5138041
0.5119531
0.5147839
0.515227
0.514655
0.5133899
0.5137352
0.5152647
0.5167285
0.5171705
0.5190861
0.5206167
0.5205075
0.5203649
0.5174724
0.5180573
0.5195038
0.5186971
0.519245
0.5186973
0.5183853
0.5174683
0.5166932
0.5161722
0.5159992
0.5158298
0.5153035
0.5178921
0.5176092
0.5134839
0.5139027
0.5192287
0.5190598
0.5152693
0.5181006
0.5182458
0.5195277
0.5195676
0.5170691
0.5198517
0.5199434
0.5202883
0.520462
0.5185696
0.51972
0.5210046
0.5189145
0.5172067
0.5168106
0.5183796
0.5182509
0.517
0.516867
0.5162106
0.5168483
0.5170463
0.5181552
0.51857
0.5175537
0.5151793
0.5175934
0.520708
0.5173023
0.5192529
0.5189544
0.5188598
0.5205102
0.5154068
0.5174284
0.5197701
0.5153136
0.5150448
0.5179298
0.5166565
0.5169192
0.5197792
0.5180364
0.5194848
0.519883
0.5152142
0.5151777
0.5199368
0.5205065
0.5165749
0.5178983
0.5185583
0.5167214
0.5172484
0.5133104
0.5135744
0.5157417
0.514592
0.516385
0.5164562
0.5167233
0.5159918
0.516415
0.5183363
0.5176355
0.5174467
0.5186142
0.5248611
0.5860312
0.6092033
0.5348336
0.5126376
0.5233672
0.5168021
0.5178302
0.5173817
0.5163443
0.5193573
0.5218904
0.5215595
0.5254347
0.527366
0.5298966
0.5328896
0.5408485
0.553957
0.5516053
0.5465467
0.5491055
0.5467203
0.545586
0.5440671
0.5444841
0.5516803
0.5524799
0.5488972
0.5513644
0.5488478
0.5458939
0.5490048
0.5487402
0.5485195
0.5448575
0.5463048
0.5609233
0.5881831
0.6034438
0.6077756
0.6343537
0.6347534
0.6049511
0.5966103
0.6112551
0.621405
0.6185633
0.598668
0.6037361
0.6468795
0.6682011
0.680797
0.6652317
0.6396858
0.6446139
0.6613311
0.6665053
0.6537672
0.6644309
0.6675775
0.6681416
0.6770169
0.6511577
0.6313015
0.6537003
0.6584328
0.6455773
0.6681533
0.6743914
0.6531645
0.6490906
0.6848607
0.6921848
0.6785578
0.719456
0.7471346
0.7216637
0.699933
0.7198693
0.739272
0.7216811
0.6988081
0.7136885
0.7355522
0.7314676
0.7185836
0.7377487
0.769218
0.7382206
0.7084728
0.7414566
0.7578641
0.7312761
0.7179878
0.7517116
0.7632466
0.7356658
0.7352945
0.7593209
0.7528432
0.7146437
0.7160507
0.7429457
0.7253623
0.7072768
0.7449731
0.7559568
0.7280025
0.7313421
0.7555126
0.7449677
0.7222688
0.7509154
0.7944748
0.7744189
0.7390732
0.7581839
0.7820624
0.7609405
0.7389667
0.7607453
0.7903713
0.7803236
0.7576483
0.7846213
0.8099337
0.7807589
0.7649608
0.7974136
0.802302
0.7678266
0.7497791
0.7763228
0.8092491
0.7996941
0.7859169
0.8161147
0.8312652
0.7982723
0.7886584
0.8174673
0.8262979
0.7913111
0.78512
0.8186414
0.8123992
0.7909552
0.8054885
0.8245453
0.7986782
0.7731322
0.8096049
0.8277199
0.7945399
0.781306
0.813661
0.8385877
0.8150466
0.7778806
0.7904421
0.8345674
0.841496
0.8182555
0.815115
0.8427651
0.8390426
0.818359
0.8352011
0.8477898
0.8322497
0.8211832
0.8003532
0.7555829
0.7685796
0.7868104
0.7689939
0.7266079
0.7228706
0.7849532
0.798327
0.8090568
0.835805
0.8036325
0.7541389
0.7532422
0.7266655
0.7328896
0.7888008
0.8075896
0.8159153
0.8123213
0.8017002
0.7879478
0.7833732
0.7771297
0.7658341
0.7653427
0.7554924
0.7344957
0.7515314
0.8042037
0.819471
0.8047938
0.7912901
0.7740234
0.78233
0.8172214
0.8382016
0.848218
0.8214824
0.7814091
0.7875817
0.8056874
0.8095388
0.785266
0.7765742
0.7887932
0.7773403
0.7632476
0.7838248
0.8532611
0.8712182
0.8188813
0.7782556
0.7353687
0.7064853
0.7668616
0.7673422
0.7726454
0.8318171
0.7733935
0.7656578
0.7549803
0.7019055
0.7051549
0.7356624
0.7598535
0.7656932
0.7538983
0.7649189
0.8154334
0.8125801
0.7981881
0.759476
0.7130449
0.7211966
0.7307051
0.7448866
0.7495131
0.7350746
0.7482534
0.7681252
0.7762567
0.8000107
0.8181268
0.8200235
0.8083988
0.7838103
0.8316244
0.8177416
0.7783622
0.8473559
0.8180853
0.7392398
0.7219318
0.7699851
0.7716162
0.709306
0.7306459
0.8005268
0.8579894
0.8841943
0.8826973
0.8669015
0.8549003
0.8411089
0.8234765
0.8193657
0.8225637
0.8333031
0.8538673
0.8582544
0.8469693
0.8279953
0.8437015
0.8808674
0.8219577
0.8017764
0.8388661
0.7987358
0.789974
0.7913907
0.7608731
0.7488115
0.7700159
0.7866771
0.7734775
0.7749131
0.8225768
0.8889036
0.8762811
0.815444
0.7839262
0.7493844
0.7231858
0.7397595
0.7629989
0.7840072
0.8049832
0.8148538
0.8108436
0.8008245
0.783764
0.7565786
0.7379859
0.71163
0.6880468
0.6955592
0.7374658
0.771699
0.7592027
0.7357375
0.7335709
0.7322053
0.7198593
0.7159688
0.71669
0.7176795
0.7279285
0.767566
0.8113804
0.8165986
0.820258
0.8238817
0.814618
0.8070627
0.795873
0.7863694
0.779686
0.7766429
0.7863771
0.7877167
0.7713168
0.7725068
0.7848467
0.8381214
0.8450138
0.8084304
0.8452088
0.8432294
0.8391061
0.8769936
0.8768966
0.8426029
0.8235015
0.8245181
0.8232177
0.8242978
0.8441707
0.8353294
0.8115987
0.8209678
0.7868777
0.7555706
0.7496626
0.7385553
0.7327908
0.6821225
0.687926
0.7551811
0.7986431
0.7987104
0.7227727
0.72374
0.7325781
0.7030537
0.7269548
0.7275793
0.7121966
0.7138231
0.7128866
0.7124573
0.7178092
0.7161882
0.7215518
0.733392
0.7468333
0.7610202
0.7695266
0.7667336
0.7573057
0.7666353
0.7753598
0.804836
0.8037408
0.7907883
0.8533727
0.837546
0.8125692
0.825296
0.7942138
0.7621754
0.7729558
0.7593371
0.7430929
0.807684
0.8092288
0.7993223
0.8226335
0.8151607
0.8114413
0.8068664
0.7794103
0.77248
0.7891179
0.8052286
0.8337335
0.8567221
0.863065
0.826632
0.7829005
0.7809812
0.7757918
0.7525268
0.7380861
0.7433849
0.7547885
0.7850264
0.8017299
0.7738021
0.7668841
0.7828452
0.7939085
0.8042631
0.8235035
0.8158954
0.7998107
0.803579
0.8002857
0.8057771
0.8189737
0.8244618
0.8267667
0.8267609
0.8211161
0.7970634
0.771609
0.7646736
0.7368372
0.7074928
0.7027774
0.7035297
0.7075032
0.6969279
0.6866751
0.6957638
0.7193252
0.762675
0.8253669
0.852877
0.7993207
0.7767532
0.807837
0.8139349
0.8147338
0.8167233
0.8132422
0.8075601
0.7971372
0.7861007
0.7757319
0.7676801
0.7610589
0.748584
0.7379694
0.7308457
0.7311203
0.76328
0.8031318
0.805499
0.7978084
0.8166894
0.8514938
0.8527849
0.8147887
0.800098
0.8129197
0.8171561
0.808396
0.7933929
0.784459
0.7745904
0.7576093
0.7569099
0.7588496
0.7648161
0.7872575
0.8119015
0.8258058
0.8349885
0.8185079
0.7807494
0.7765347
0.7688108
0.7552249
0.7462235
0.7272784
0.7249769
0.7384313
0.7767897
0.830623
0.8380669
0.8295591
0.8330852
0.8038071
0.7888079
0.7880841
0.7690957
0.7619777
0.7571954
0.7616015
0.7845602
0.8094857
0.8054062
0.7816216
0.7852442
0.7888929
0.7907846
0.7858134
0.7671422
0.7724317
0.7702003
0.765955
0.7708551
0.7618687
0.7579416
0.7531577
0.7487866
0.752078
0.7527844
0.7611632
0.7822286
0.8011536
0.7892048
0.771868
0.7808364
0.7838283
0.7898241
0.8033148
0.8086895
0.8120988
0.8150663
0.8121471
0.8007439
0.7804238
0.7626805
0.7687266
0.767051
0.7685014
0.7822439
0.7893055
0.7860567
0.7646658
0.7671301
0.7723667
0.7737274
0.7852516
0.7956507
0.7975497
0.7690395
0.7638313
0.7783842
0.7766845
0.7831039
0.7980029
0.8095348
0.7884882
0.7775568
