0.693
0.691
0.687
0.693
0.696
0.692
0.685
0.684
0.685
0.69
0.698
0.688
0.683
0.679
0.683
0.687
0.673
0.666
0.677
0.679
0.679
0.675
0.692
0.702
0.69
0.683
0.681
0.68
0.68
0.675
0.678
0.685
0.69
0.695
0.693
0.692
0.7
0.699
0.687
0.685
0.688
0.691
0.68
0.681
0.685
0.693
0.696
0.697
0.699
0.697
0.704
0.693
0.694
0.691
0.693
0.694
0.703
0.704
0.707
0.71
0.723
0.716
0.713
0.716
0.712
0.698
0.692
0.699
0.709
0.718
0.697
0.695
0.696
0.696
0.701
0.692
0.694
0.692
0.695
0.695
0.69
0.695
0.708
0.71
0.71
0.705
0.704
0.716
0.734
0.6905545
0.719
0.719
0.722
0.717
0.705
0.705
0.707
0.715
0.695
0.692
0.693
0.701
0.69
0.683
0.686
0.694
0.688
0.702
0.696
0.701
0.701
0.711
0.699
0.69
0.688
0.688
0.694
0.686
0.684
0.688
0.692
0.693
0.692
0.693
0.696
0.69
0.69
0.678
0.685
0.69
0.69
0.686
0.688
0.688
0.697
0.693
0.697
0.693
0.691
0.696
0.7
0.689
0.689
0.691
0.695
0.707
0.701
0.7
0.711
0.717
0.71
0.703
0.701
0.7
0.695
0.696
0.697
0.699
0.704
0.7
0.695
0.687
0.695
0.69
0.695
0.687
0.684
0.688
0.695
0.693
0.689
0.69
0.69
0.696
0.704
0.692
0.69
0.687
0.689
0.697
0.696
0.694
0.693
0.702
0.705
0.723
0.724
0.718
0.71
0.713
0.7
0.71
0.704
0.703
0.701
0.703
0.698
0.703
0.701
0.708
0.709
0.7
0.712
0.714
0.702
0.703
0.696
0.693
0.692
0.688
0.687
0.69
0.69
0.688
0.677
0.679
0.672
0.678
0.687
0.688
0.679
0.686
0.69
0.694
0.688
0.691
0.689
0.713
0.716
0.718
0.701
0.694
0.698
0.702
0.698
0.702
0.712
0.706
0.71
0.72
0.707
0.698
0.699
0.697
0.698
0.705
0.691
0.684
0.686
0.695
0.695
0.691
0.692
0.697
0.706
0.699
0.698
0.699
0.698
0.7
0.692
0.695
0.697
0.697
0.703
0.698
0.71
0.705
0.699
0.699
0.689
0.685
0.688
0.687
0.696
0.699
0.688
0.701
0.706
0.709
0.707
0.704
0.71
0.704
0.688
0.688
0.671
0.664
0.655
0.6888061
0.7109103
0.692472
0.6931717
0.7127621
0.697218
0.656
0.668
0.68
0.694
0.703
0.693
0.691
0.691
0.694
0.676
0.679
0.685
0.688
0.683
0.685
0.688
0.692
0.691
0.682
0.683
0.691
0.686
0.691
0.68
0.685
0.684
0.698
0.693
0.688
0.693
0.691
0.694
0.693
0.697
0.696
0.69
0.696
0.702
0.71
0.699
0.7
0.701
0.697
0.689
0.682
0.68
0.685
0.691
0.693
0.687
0.695
0.702
0.696
0.696
0.7
0.703
0.7
0.704
0.705
0.715
0.715
0.706
0.699
0.708
0.705
0.7
0.698
0.688
0.69
0.684
0.687
0.688
0.688
0.689
0.688
0.689
0.692
0.687
0.687
0.685
0.688
0.691
0.687
0.688
0.69
0.689
0.685
0.684
0.679
0.68
0.683
0.689
0.689
0.689
0.693
0.695
0.695
0.684
0.688
0.688
0.691
0.697
0.693
0.688
0.685
0.682
0.687
0.683
0.676
0.685
0.686
0.686
0.687
0.68
0.688
0.685
0.688
0.678
0.678
0.68
0.692
0.698
0.692
0.688
0.688
0.684
0.682
0.671
0.659
0.65
0.663
0.673
0.693
0.691
0.697
0.709
0.684
0.683
0.69
0.694
0.694
0.686
0.687
0.691
0.693
0.68
0.673
0.668
0.671
0.675
0.669
0.67
0.669
0.667
0.659
0.653
0.651
0.657
0.662
0.671
0.674
0.675
0.669
0.671
0.67
0.666
0.672
0.662
0.658
0.654
0.648
0.648
0.643
0.646
0.65
0.66
0.662
0.661
0.661
0.674
0.67
0.665
0.656
0.661
0.671
0.667
0.672
0.671
0.666
0.665
0.673
0.669
0.665
0.661
0.663
0.657
0.657
0.64
0.654
0.661
0.665
0.67
0.67
0.67
0.666
0.669
0.663
0.66
0.648
0.649
0.649
0.652
0.656
0.658
0.657
0.652
0.658
0.655
0.655
0.664
0.657
0.656
0.656
0.652
0.645
0.645
0.65
0.646
0.651
0.653
0.651
0.6008817
0.6069941
0.6089503
0.6285941
0.6169042
0.61643
0.6118783
0.6026887
0.6307485
0.63
0.624
0.613
0.62
0.605
0.605
0.609
0.6
0.596
0.593
0.59
0.591
0.59
0.58
0.569
0.565
0.56
0.559
0.555
0.5936183
0.5619516
0.5937774
0.5780687
0.5695237
0.5788543
0.567676
0.5701725
0.5702818
0.544
0.5548123
0.5848862
0.5752698
0.54
0.5570228
0.585497
0.5741566
0.5641393
0.5777879
0.53
0.532
0.53
0.539
0.525
0.533
0.53
0.53
0.53
0.526
0.528
0.538
0.537
0.551
0.54
0.542
0.54
0.534
0.533
0.539
0.532
0.541
0.552
0.538
0.539
0.541
0.539
0.539
0.536
0.533
0.541
0.536
0.534
0.531
0.535
0.528
0.529
0.534
0.536
0.537
0.537
0.543
0.554
0.55
0.551
0.54
0.54
0.537
0.534
0.533
0.543
0.544
0.547
0.543
0.541
0.534
0.535
0.534
0.523
0.526
0.526
0.52
0.517
0.517
0.517
0.52
0.517
0.513
0.512
0.515
0.513
0.505
0.508
0.507
0.508
0.506
0.503
0.508
0.511
0.509
0.506
0.504
0.502
0.507
0.505
0.5
0.498
0.5
0.501
0.502
0.494
0.492
0.496
0.495
0.492
0.491
0.483
0.486
0.491
0.488
0.486
0.488
0.484
0.485
0.484
0.484
0.488
0.487
0.483
0.481
0.484
0.487
0.484
0.48
0.479
0.48
0.48
0.479
0.476
0.477
0.478
0.479
0.475
0.474
0.474
0.475
0.475
0.474
0.47
0.471
0.468
0.471
0.473
0.468
0.467
0.468
0.472
0.472
0.466
0.469
0.47
0.471
0.471
0.465
0.468
0.469
0.469
0.469
0.465
0.467
0.465
0.466
0.469
0.466
0.467
0.465
0.463
0.47
0.467
0.465
0.465
0.462
0.465
0.465
0.461
0.462
0.46
0.463
0.464
0.464
0.463
0.462
0.467
0.464
0.463
0.463
0.462
0.464
0.465
0.462
0.46
0.463
0.464
0.459
0.456
0.459
0.463
0.463
0.456
0.456
0.458
0.459
0.458
0.456
0.454
0.456
0.454
0.453
0.452
0.456
0.455
0.455
0.454
0.452
0.454
0.458
0.457
0.453
0.452
0.452
0.455
0.455
0.454
0.449
0.45
0.451
0.456
0.454
0.449
0.45
0.45
0.457
0.456
0.456
0.457
0.462
0.469
0.468
0.466
0.463
0.468
0.461
0.466
0.462
0.459
0.5069884
0.464
0.463
0.468
0.473
0.474
0.477
0.486
0.487
0.49
0.492
0.496
0.502
0.5
0.5
0.507
0.513
0.517
0.521
0.52
0.522
0.521
0.523
0.532
0.534
0.531
0.534
0.528
0.524
0.527
0.536
0.541
0.545
0.547
0.559
0.556
0.565
0.566
0.585
0.561
0.582
0.564
0.589
0.587
0.578
0.571
0.592
0.58
0.583
0.599
0.581
0.598
0.604
0.595
0.594
0.584
0.597
0.594
0.589
0.598
0.616
0.604
0.5963489
0.61
0.569
0.589
0.589
0.592
0.6043959
0.605
0.571
0.637
0.612
0.613
0.623
0.597
0.613
0.615913
0.6095933
0.637
0.628
0.641
0.634
0.638
0.629
0.632
0.644
0.646
0.647
0.633
0.643
0.645
0.643
0.656
0.6226892
0.632
0.655
0.6243648
0.6213247
0.643
0.657
0.639
0.648
0.61
0.666
0.6330383
0.643
0.6215084
0.631
0.6655182
0.634
0.613
0.645
0.641
0.632
0.632
0.641
0.643
0.639
0.632
0.637
0.644
0.646
0.64
0.633
0.646
0.648
0.654
0.641
0.634
0.651
0.657
0.66
0.64
0.632
0.6705898
0.636
0.637
0.638
0.658
0.654
0.643
0.646
0.668
0.644
0.695
0.6451413
0.669
0.64
0.6546284
0.635
0.668
0.678
0.656
0.688
0.6548052
0.641
0.6705362
0.646
0.681
0.645
0.6605213
0.6648716
0.666
0.661787
0.66183
0.662
0.647
0.646
0.637
0.6806415
0.696
0.6615993
0.693
0.689
0.6842966
0.667
0.6471121
0.663
0.688
0.693
0.683
0.672
0.678
0.6758822
0.633
0.679
0.668
0.671423
0.659
0.701
0.68
0.661
0.659
0.646
0.6745837
0.6768858
0.6662495
0.6686145
0.6604065
0.6600177
0.649
0.638
0.6778343
0.6798901
0.6752664
0.6862859
0.712
0.688
0.7010371
0.658
0.703
0.6704063
0.6481851
0.6894688
0.705
0.672
0.676
0.677
0.6696534
0.703
0.6704739
0.704
0.6922209
0.685
0.6765475
0.6652337
0.685
0.693
0.66
0.703
0.646
0.6841241
0.696
0.649
0.6809098
0.693
0.698
0.661
0.6836733
0.648
0.6888474
0.6797331
0.658
0.6927629
0.657
0.682532
0.666
0.683
0.6900621
0.714
0.716
0.681
0.7004504
0.652
0.6927249
0.663
0.6837687
0.655
0.7024737
0.706
0.664
0.717
0.7014775
0.696205
0.661
0.719
0.6930851
0.712
0.6828438
0.725
0.699
0.702
0.693
0.711
0.719
0.721
0.706
0.717
0.718
0.717
0.701
0.696
0.689
0.706
0.704
0.7
0.691
0.708
0.703
0.703
0.696
0.695
0.708
0.699
0.705
0.692
0.697
0.706
0.698
0.701
0.692
0.7
0.71
0.7
0.666
0.719
0.706
0.694
0.688
0.683
0.695
0.694
0.696
0.68
0.689
0.692
0.682
0.671
0.688
0.694
0.688
0.687
0.693
0.702
0.698
0.694
0.702
0.7
0.703
0.697
0.689
0.698
0.7
0.704
0.695
0.693
0.704
0.703
0.692
0.699
0.704
0.711
0.701
0.688
0.692
0.697
0.688
0.686
0.684
0.688
0.692
0.684
0.678
0.698
0.709
0.702
0.7
0.694
0.707
0.707
0.71
0.708
0.699
0.703
0.705
0.701
0.702
0.703
0.72
0.713
0.706
0.714
0.722
0.722
0.716
0.704
0.71
0.714
0.709
0.709
0.721
0.724
0.724
0.716
0.71
0.714
0.716
0.72
0.708
0.711
0.714
0.707
0.705
0.697
0.701
0.714
0.726
0.735
0.731
0.724235
0.744
0.744
0.729
0.719
0.713
0.703
0.704
0.693
0.702
0.716
0.712
0.71
0.711
0.716
0.717
0.72
0.713
0.716
0.717
0.725
0.732
0.72
0.729
0.723
0.727
0.726
0.721
0.711
0.704
0.711
0.705
0.703
0.695
0.696
0.711
0.709
0.7
0.695
0.7
0.699
0.691
0.684
0.682
0.693
0.697
0.692
0.693
0.695
0.697
0.698
0.699
0.692
0.702
0.698
0.697
0.692
0.686
0.686
0.692
0.694
0.691
0.693
0.695
0.696
0.689
0.688
0.691
0.688
0.686
0.69
0.683
0.694
0.693
0.692
0.702
0.724
0.735
0.736
0.727
0.722
0.715
0.725
0.715
0.725
0.714
0.704
0.7
0.689
0.688
0.682
0.686
0.697
0.7
0.69
0.693
0.702
0.702
0.697
0.695
0.699
0.706
0.71
0.706
0.703
0.701
0.701
0.708
0.709
0.701
0.704
0.704
0.705
0.71
0.701
0.702
0.704
0.706
0.7
0.699
0.689
0.694
0.703
0.696
0.696
0.697
0.701
0.7
0.694
0.688
0.694
0.691
0.689
0.698
0.693
0.708
0.705
0.706
0.708
0.701
0.704
0.699
0.694
0.696
0.691
0.682
0.678
0.678
0.69
0.688
0.688
0.687
0.693
0.698
0.694
0.699
0.689
0.694
0.694
0.693
0.694
0.687
0.688
0.684
0.686
0.68
0.677
0.678
0.683
0.683
0.673
0.681
0.685
0.687
0.685
0.688
0.696
0.696
0.694
0.691
0.689
0.692
0.686
0.683
0.684
0.679
0.686
0.684
0.681
0.686
0.698
0.702
0.69
0.692
0.696
0.689
0.683
0.688
0.689
0.691
0.697
0.691
0.684
0.688
0.688
0.683
0.681
0.676
0.677
0.684
0.677
0.675
0.676
0.68
0.681
0.688
0.679
0.681
0.679
