0.6987648
0.7014876
0.70762
0.7087437
0.7076596
0.6935635
0.6892458
0.7010175
0.7126158
0.7301611
0.7127051
0.6832846
0.6962195
0.7059366
0.7058748
0.7141991
0.7193969
0.7306459
0.7423605
0.7368105
0.7343441
0.7392831
0.739602
0.7428189
0.7434915
0.7386118
0.7388222
0.7442999
0.7484363
0.739441
0.7295914
0.7338674
0.7398543
0.7386664
0.7333802
0.7297479
0.7272431
0.7303593
0.7385768
0.7386245
0.729171
0.7234248
0.7303133
0.7413908
0.7428943
0.7392804
0.7344126
0.7321718
0.736989
0.7440914
0.754139
0.7535026
0.7439103
0.7391912
0.7459153
0.7541362
0.7393874
0.7262603
0.7309758
0.7313275
0.7302146
0.7348501
0.7368018
0.7362858
0.7378457
0.7389776
0.7346196
0.7319628
0.7361805
0.7384729
0.7364144
0.7291486
0.7234543
0.7280267
0.7347158
0.7426758
0.7431413
0.7317945
0.729193
0.7335546
0.73879
0.7427285
0.7355828
0.733657
0.7388553
0.7391105
0.7366354
0.7290825
0.7233966
0.7204092
0.7234181
0.7279114
0.7238568
0.7226788
0.7262913
0.729719
0.7288132
0.7231526
0.7223998
0.7254493
0.7231354
0.7224521
0.7197469
0.7159375
0.7157618
0.7200055
0.7320508
0.7315706
0.7263026
0.7297437
0.734331
0.7329658
0.7261634
0.7275746
0.7320063
0.7319378
0.7332656
0.7278155
0.7265447
0.7418445
0.7667839
0.7636208
0.7436286
0.7586836
0.7644549
0.7603656
0.7635855
0.7518886
0.7373358
0.7358157
0.7395919
0.7362489
0.7329108
0.7277355
0.7248611
0.7349063
0.7464886
0.7447055
0.7453574
0.7522371
0.7547024
0.7540265
0.7442877
0.7433245
0.7487364
0.7463829
0.743435
0.7329516
0.7260389
0.7256606
0.7290364
0.7333676
0.7259926
0.7208868
0.7252316
0.7307768
0.7294939
0.720412
0.720668
0.726881
0.7302721
0.7290923
0.7219097
0.7207212
0.7230155
0.7252403
0.7286264
0.7213849
0.712422
0.7172243
0.7232596
0.7236618
0.7199863
0.716372
0.7200383
0.7246514
0.7241154
0.7185913
0.7193672
0.7263272
0.7307058
0.7330459
0.7273544
0.72455
0.7282302
0.730881
0.7273559
0.7166491
0.7119838
0.7140992
0.718007
0.7174114
0.7127399
0.7170579
0.7244711
0.7275414
0.7281905
0.7257515
0.7266598
0.7290895
0.7311189
0.7314985
0.7251767
0.7214189
0.7247321
0.7258894
0.7253053
0.7233558
0.719815
0.7226917
0.7247111
0.7246684
0.7261088
0.7248267
0.7232016
0.7251471
0.735379
0.7360897
0.7252189
0.7223134
0.7224785
0.7249757
0.7231093
0.7129279
0.7153674
0.722872
0.7231227
0.7205886
0.71095
0.7082431
0.7189835
0.7286798
0.7252737
0.7228796
0.7344404
0.7406776
0.7461205
0.7487884
0.7378681
0.7331279
0.73676
0.7381112
0.741201
0.7411557
0.7337059
0.7286895
0.7284159
0.7274004
0.7223582
0.715714
0.715939
0.7242632
0.7269384
0.7198269
0.7168436
0.7223859
0.7284384
0.7325303
0.7320146
0.7314337
0.7333854
0.7380856
0.7390489
0.7308493
0.7300318
0.7324261
0.7329148
0.7281944
0.7192505
0.7170125
0.7169546
0.7204539
0.7196873
0.7113748
0.7125665
0.719051
0.7208352
0.7177662
0.7079165
0.7040304
0.7044806
0.7072537
0.7100103
0.7004225
0.7012436
0.7110377
0.7139551
0.7148373
0.711975
0.7136966
0.7145389
0.7185614
0.7234275
0.7174376
0.719553
0.7236675
0.7270329
0.7313691
0.7295824
0.7318994
0.7335484
0.7372171
0.742151
0.7341112
0.7311643
0.736427
0.7397801
0.7396444
0.7366268
0.7419864
0.750761
0.7606044
0.7565644
0.7488823
0.757379
0.7641807
0.7746464
0.774395
0.7634327
0.7628336
0.7696869
0.7723503
0.7667389
0.7690034
0.7723708
0.7718438
0.7664251
0.7591053
0.7546687
0.7528317
0.7483933
0.7354879
0.7304629
0.73343
0.7400643
0.741939
0.7362602
0.7394799
0.7461435
0.7521654
0.7563296
0.7511936
0.7429557
0.739388
0.7430293
0.7431854
0.7335681
0.7314725
0.7384441
0.7378395
0.7345987
0.7353887
0.7322043
0.7269883
0.728533
0.7332843
0.7356461
0.7351184
0.7329431
0.7366125
0.742015
0.7406423
0.7397512
0.7433269
0.7476768
0.752354
0.7520939
0.7491778
0.7454666
0.7396687
0.7364705
0.7389945
0.7393071
0.7326561
0.7342513
0.7358407
0.7325523
0.732384
0.7249081
0.7200791
0.7238405
0.7316693
0.7376229
0.7251383
0.7153893
0.7150796
0.7110598
0.719071
0.7290007
0.7243927
0.7213825
0.7289602
0.735598
0.7283811
0.7194598
0.7241346
0.7293254
0.7330609
0.735406
0.725873
0.72138
0.727486
0.7280645
0.7216464
0.7145736
0.7161159
0.718258
0.7192463
0.7157789
0.7133002
0.7184231
0.7216537
0.7208428
0.7140267
0.7171535
0.7251839
0.7279196
0.7298968
0.7312176
0.7338015
0.7350372
0.7349886
0.7327549
0.7327354
0.7372534
0.7417562
0.7428771
0.7434295
0.7487693
0.7517868
0.7535217
0.7495694
0.7441888
0.7502624
0.7562807
0.7565716
0.749834
0.7404846
0.7379123
0.7390864
0.7387562
0.7328082
0.7288359
0.7311875
0.7271103
0.7169496
0.7092503
0.7071398
0.7077582
0.711694
0.7169983
0.7167201
0.7210478
0.729634
0.7365031
0.7344142
0.7282369
0.7299445
0.7319004
0.7287117
0.7189862
0.7149126
0.7190562
0.7240667
0.7187168
0.7101614
0.7109466
0.7119707
0.7097717
0.7030035
0.7040459
0.7127093
0.7193186
0.7211489
0.7189592
0.7191881
0.7219299
0.7249851
0.7258708
0.7273342
0.729539
0.7293333
0.7309911
0.7293345
0.7194737
0.7175568
0.7232122
0.7234465
0.7183298
0.7128561
0.7147341
0.7200372
0.7207017
0.7171101
0.7130261
0.7132974
0.7178288
0.7197718
0.7193812
0.7239939
0.7286338
0.7326752
0.735933
0.7305462
0.7271889
0.7308131
0.7330371
0.7306231
0.7209505
0.7170895
0.7240085
0.7092411
0.6969392
0.7021579
0.693137
0.6801494
0.6664937
0.6629285
0.6663913
0.6681041
0.6671152
0.6667291
0.6686726
0.6653722
0.6671156
0.6694601
0.669747
0.6655751
0.6577131
0.6567243
0.6569685
0.6562355
0.6544493
0.6517719
0.6489966
0.6473545
0.644127
0.6369774
0.6310469
0.6271427
0.6270725
0.6277962
0.6316675
0.6381439
0.6450947
0.6493858
0.6541875
0.6615046
0.6665649
0.6635086
0.66824
0.6573637
0.6232992
0.6161001
0.6294226
0.6449824
0.6331703
0.6172426
0.6170005
0.6078118
0.6017007
0.5991641
0.5936575
0.5896825
0.5915995
0.5908355
0.5863351
0.5859263
0.5869652
0.5870418
0.5846954
0.5837112
0.5829006
0.5791805
0.5780072
0.5790377
0.5787816
0.5783842
0.5807408
0.5820206
0.5798541
0.57834
0.5764235
0.5737312
0.572241
0.569673
0.5685674
0.5649244
0.5627376
0.5650783
0.5625966
0.5596829
0.5615414
0.5632146
0.5605738
0.5587209
0.5625883
0.5660609
0.5636711
0.5649884
0.5674757
0.5644814
0.5615701
0.5616993
0.5654093
0.5628166
0.5588079
0.5601303
0.5619879
0.5616635
0.5606079
0.5601878
0.5600459
0.5619349
0.5618791
0.5623641
0.5612209
0.5602079
0.5616193
0.5624973
0.5611514
0.5568923
0.5553509
0.5555943
0.5542979
0.5539054
0.5517
0.5486002
0.5472884
0.5435688
0.5428957
0.5426892
0.5405186
0.5371467
0.5342366
0.5369764
0.5342314
0.5315695
0.5375411
0.5410929
0.5453473
0.5435763
0.5358738
0.5399159
0.5454521
0.5456124
0.5407979
0.5380052
0.5418975
0.5417761
0.5348297
0.5297629
0.5313467
0.5280259
0.5245892
0.5229897
0.5236724
0.5302923
0.5300148
0.525199
0.5250835
0.5257127
0.5265088
0.5261476
0.5217722
0.5206515
0.5222073
0.5228361
0.5174898
0.5133072
0.515577
0.5163844
0.5165908
0.5152732
0.51497
0.5136831
0.5126955
0.5119516
0.506952
0.5055212
0.5073497
0.5053783
0.5028331
0.5010342
0.5024365
0.5052409
0.50585
0.506012
0.5038843
0.5056281
0.5090351
0.5078131
0.505191
0.5061869
0.5119372
0.5134962
0.509482
0.5077845
0.5070509
0.5083258
0.5103797
0.5062633
0.5009694
0.4991665
0.5022092
0.5043164
0.5038907
0.5017178
0.4985708
0.5029333
0.506476
0.5045358
0.4979633
0.4937911
0.4972615
0.4995625
0.4993479
0.4964594
0.4948705
0.4972148
0.5008344
0.4973682
0.4911373
0.4943547
0.4993399
0.4994509
0.4975454
0.4976729
0.4992632
0.5019126
0.5015989
0.4963709
0.4973104
0.5002157
0.4976841
0.4976832
0.497981
0.4994817
0.5033002
0.5046581
0.5008367
0.4966274
0.5007925
0.5025314
0.4963036
0.488718
0.4902198
0.4940928
0.4964329
0.4979552
0.4918517
0.4942377
0.5000329
0.4978548
0.4918539
0.4898604
0.4940813
0.4968206
0.4970082
0.493805
0.4937098
0.4971484
0.4999233
0.4985691
0.4913158
0.4893585
0.4913881
0.4883278
0.4860374
0.4846976
0.483592
0.485429
0.4875835
0.4882465
0.485571
0.483696
0.4820626
0.4835035
0.4882829
0.489561
0.4883302
0.4867407
0.490783
0.4946778
0.5000135
0.5041707
0.4997383
0.5020665
0.5007432
0.4983322
0.5067339
0.5051453
0.4984348
0.4998422
0.5053094
0.511629
0.5095454
0.5106128
0.5167659
0.5127855
0.5164725
0.5258727
0.5313702
0.5419204
0.5505905
0.5532656
0.5558708
0.5579357
0.558052
0.5646439
0.5694743
0.5688295
0.5778915
0.5896749
0.5939681
0.5883418
0.5856591
0.5912092
0.5913517
0.6011018
0.6025704
0.5969508
0.6126637
0.6119269
0.6003367
0.6017752
0.5997469
0.5999686
0.608157
0.6134073
0.6146001
0.6142272
0.6195464
0.6201858
0.6076957
0.6077467
0.6100486
0.6110152
0.6242121
0.6297522
0.6252202
0.6252936
0.6251721
0.6198089
0.6208905
0.6202257
0.6185516
0.6200009
0.6158561
0.6190632
0.6342861
0.6437573
0.6397794
0.6401421
0.6432233
0.6441877
0.6454306
0.6436298
0.6468388
0.6496508
0.6495524
0.6559279
0.6592717
0.6491021
0.6485383
0.6612196
0.6650926
0.6596073
0.6525241
0.6542773
0.6592624
0.66531
0.6811516
0.6951972
0.7027708
0.6923628
0.6702699
0.6592684
0.6537749
0.6604685
0.6717752
0.6628446
0.6590811
0.6706074
0.6838894
0.6943119
0.6832149
0.680101
0.6921878
0.6967265
0.7036064
0.7010663
0.6870494
0.6795198
0.681964
0.6890414
0.6936977
0.6874076
0.6860029
0.6980017
0.7077568
0.7219536
0.7229415
0.7063024
0.7039633
0.7219129
0.7346618
0.7243264
0.7091772
0.706652
0.7090372
0.7202002
0.7315858
0.7191089
0.709499
0.7222542
0.7361087
0.7327066
0.7227904
0.7182837
0.7236885
0.7327224
0.7329356
0.7211386
0.7310825
0.7417754
0.733222
0.7424303
0.7462341
0.7512271
0.7270995
0.7283621
0.7465972
0.7269726
0.7335353
0.7382197
0.7358324
0.7557312
0.7455272
0.7140543
0.7350768
0.750261
0.7419173
0.7402558
0.750075
0.7457464
0.7414338
0.7519517
0.742561
0.7328974
0.7326368
0.7317643
0.7252377
0.7176482
0.710514
0.7033171
0.7014103
0.7066129
0.7079564
0.7050227
0.7008695
0.7062441
0.7049368
0.6927318
0.6895524
0.6872567
0.6894033
0.6886284
0.6839252
0.6817925
0.6805877
0.686817
0.6905106
0.6885665
0.6874429
0.6888106
0.6966154
0.70055
0.6975527
0.6965557
0.7087261
0.7198855
0.7103145
0.7049273
0.7076914
0.7084815
0.7071183
0.7074621
0.7079755
0.7108346
0.7155513
0.7088581
0.7027995
0.6976376
0.6963325
0.6935404
0.6805052
0.677509
0.6811808
0.6885161
0.6924252
0.6910785
0.6938527
0.6939314
0.6931988
0.688223
0.6833679
0.6835757
0.6845631
0.6841504
0.6819471
0.6810984
0.6887538
0.6975101
0.6961588
0.6963333
0.6938992
0.694152
0.6959611
0.6889999
0.6898654
0.6935689
0.6958462
0.6976933
0.6919677
0.6886226
0.6947915
0.6974206
0.6881063
0.6805526
0.6783538
0.6768088
0.679473
0.6811399
0.678827
0.6761698
0.6828155
0.6936403
0.6937753
0.6937972
0.6936081
0.6929357
0.693669
0.6891744
0.6883721
0.6937321
0.6991722
0.7004881
0.695149
0.6924976
0.6943291
0.6969249
0.6998565
0.6967217
0.6948316
0.6981668
0.7052281
0.704561
0.6935588
0.6890018
0.692263
0.69323
0.6875783
0.6826945
0.6836491
0.6861729
0.6812152
0.674177
0.6741734
0.6834567
0.6851075
0.6784514
0.680957
0.687009
0.6907846
0.6899333
0.6916164
0.6961331
0.6989366
0.6975515
0.6970541
0.6974328
0.6969941
0.7077622
0.7128855
0.7051044
0.7024465
0.7089721
0.7111503
0.702594
0.6980895
0.6954208
0.6942243
0.6964968
0.6920754
0.6884348
0.689558
0.693776
0.7012318
0.7020608
0.7003819
0.7037034
0.7061154
0.7057753
0.7030859
0.7000123
0.7035919
0.7011703
0.6912789
0.6913205
0.6944008
0.6979247
0.6995493
0.6964813
0.7002051
0.7108378
0.7087794
0.7077075
0.716888
0.7198612
0.721219
0.7160071
0.7118814
0.7127582
0.7147164
0.7112348
0.698877
0.6971316
0.6981517
0.6951393
0.6937401
0.6901492
0.6948353
0.7036121
0.7051795
0.7025901
0.6962436
0.6932797
0.6946551
0.6975731
0.6968103
0.6924239
0.690614
0.6938845
0.6965534
0.6922751
0.6945926
0.7032042
0.7086666
0.7055576
0.6966007
0.6950196
0.6989409
0.7008904
0.6999759
0.696933
0.7008978
0.7109097
0.7101451
0.7020234
0.6993872
0.7028456
0.7058764
0.710578
0.7149308
0.712885
0.7135897
0.7038309
0.6925922
0.6809412
0.6840875
0.7010447
0.691423
0.7008201
0.722202
0.7214378
0.7108894
0.6974815
0.708753
0.7256012
0.7352886
0.734741
0.712436
0.7104169
0.7085376
0.7093908
0.7086127
0.702586
0.7267276
0.7225407
0.7078223
0.7366285
0.7577435
0.7487849
0.7441424
0.7466893
0.7427995
0.7342163
0.7347281
0.7409279
0.7519221
0.7576744
0.7458763
0.7413397
0.7487004
0.7462207
0.7304557
0.7249511
0.7286095
0.7317782
0.7292306
0.7200616
0.7229156
0.7272652
0.7293109
0.7277303
0.7217657
0.7280292
0.7453424
0.7488259
0.7318453
0.7245007
0.7238611
0.7182525
0.7059244
0.6995244
0.7075496
0.714235
0.7153975
0.7103104
0.7083074
0.718346
0.7201289
0.7079188
0.7016619
0.7080974
0.7085072
