0.8746549
0.894204
0.8826538
0.8883044
0.9138364
0.9210935
0.8697947
0.8607813
0.8997033
0.9153554
0.8835787
0.8559222
0.8968138
0.9251217
0.8936294
0.8615583
0.8907184
0.9155477
0.8898522
0.8670539
0.8831458
0.9030577
0.8768721
0.8546126
0.8966955
0.9099532
0.9044135
0.9048507
0.888067
0.9224132
0.9269607
0.8668379
0.8789941
0.93478
0.9177595
0.8794538
0.8625973
0.8833189
0.9272112
0.8885425
0.895523
0.9325874
0.8898804
0.8879574
0.8672182
0.8857523
0.9176925
0.8816899
0.8683169
0.8837136
0.9059812
0.8802574
0.8556186
0.8774069
0.9242084
0.9175304
0.8850016
0.8949508
0.9185364
0.9352511
0.9083576
0.8921633
0.8920093
0.8996399
0.9044087
0.8726907
0.8602446
0.8768916
0.8873151
0.8594343
0.8720966
0.8977432
0.8585741
0.8459063
0.8571361
0.895708
0.8830382
0.8456008
0.9016275
0.9101266
0.8565676
0.8675522
0.9118444
0.9065209
0.869799
0.8775794
0.891713
0.8568186
0.8327977
0.8163896
0.8116555
0.808462
0.8121466
0.8543067
0.8772065
0.87794
0.8498728
0.8581514
0.8992938
0.9055812
0.896971
0.8560676
0.8584653
0.9090937
0.9190539
0.8784615
0.8749364
0.9041187
0.9059372
0.89462
0.848107
0.8424827
0.8794211
0.8786991
0.8770865
0.8717328
0.8250887
0.813825
0.8413571
0.8415774
0.8537499
0.8703949
0.8696213
0.8694232
0.8751587
0.8801845
0.8787951
0.8794402
0.8825889
0.8909302
0.8928754
0.8897876
0.8932399
0.9179801
0.9059142
0.8718714
0.8864793
0.8967077
0.9015351
0.8860809
0.8646747
0.8614938
0.8616948
0.8632608
0.8703688
0.8802997
0.9000707
0.8904566
0.8676202
0.8945577
0.9055846
0.8860463
0.8696551
0.8816392
0.8885286
0.9031162
0.8814069
0.8522876
0.8979084
0.9014535
0.8984983
0.9134393
0.9252978
0.9190541
0.8924438
0.9141603
0.9206256
0.916467
0.9180461
0.9194189
0.9066199
0.8798683
0.8973089
0.9088958
0.9108864
0.9156212
0.9019255
0.8986254
0.9104171
0.903573
0.8930484
0.8845435
0.873608
0.8823142
0.8795531
0.8743186
0.8866659
0.9005073
0.9087258
0.9047541
0.8996461
0.9050651
0.9180192
0.9129989
0.9023933
0.9079172
0.9149293
0.9155494
0.9070044
0.9017939
0.9030953
0.9017345
0.900443
0.8982884
0.9004342
0.9151725
0.920195
0.9165193
0.9138754
0.9129067
0.9145912
0.9125136
0.9137292
0.9094476
0.8986921
0.8893136
0.8941852
0.8959925
0.8877711
0.8917538
0.9035457
0.9073069
0.9007514
0.9053701
0.9083337
0.9086868
0.9093224
0.9118702
0.9228246
0.9166748
0.9108614
0.9168483
0.9145694
0.908626
0.899883
0.8905451
0.8854776
0.8905726
0.8919889
0.8822746
0.8847487
0.8894647
0.8909844
0.8914558
0.8876527
0.8775765
0.8660401
0.8587966
0.855817
0.855892
0.8586862
0.869592
0.87226
0.8793553
0.893806
0.8901178
0.8814306
0.883116
0.8898728
0.883782
0.877548
0.8778076
0.8800458
0.8899055
0.8867714
0.8880137
0.899257
0.9082328
0.9105772
0.9092222
0.922526
0.9301235
0.9349327
0.9344526
0.9241221
0.9233079
0.9144085
0.8992101
0.8864262
0.8773264
0.8779471
0.870978
0.8775236
0.895144
0.8942319
0.902345
0.9055611
0.8995598
0.9067076
0.9062188
0.9103416
0.9229989
0.9222446
0.9125701
0.896992
0.8937482
0.903929
0.901011
0.8935717
0.895874
0.90433
0.9124283
0.9119031
0.9095753
0.9169731
0.9256092
0.9292848
0.9316868
0.9433158
0.9468243
0.9343481
0.9303774
0.930309
0.9322129
0.9264566
0.9186583
0.9202143
0.9185759
0.913244
0.9057029
0.9050807
0.9119239
0.9213435
0.9158104
0.9234235
0.9123722
0.8455068
0.8392382
0.8883253
0.900759
0.881526
0.8666488
0.8578144
0.8408659
0.8312254
0.8339933
0.8267289
0.8195588
0.8121257
0.8018944
0.7943715
0.7807151
0.776159
0.7686558
0.7571018
0.7495646
0.7428565
0.7446165
0.7413834
0.7341995
0.7350676
0.7345154
0.7305403
0.729739
0.7267508
0.7248771
0.7313793
0.7294771
0.7232053
0.7249598
0.7235401
0.7219411
0.7206054
0.7154441
0.7205951
0.7230848
0.715133
0.7188849
0.7175615
0.710373
0.7194051
0.7143273
0.7044317
0.7138481
0.7161175
0.7111532
0.711094
0.7150865
0.7142199
0.7112518
0.7127478
0.7131357
0.7129168
0.7097158
0.7089037
0.7152305
0.7138183
0.7087465
0.7092805
0.7119141
0.7138137
0.7098382
0.7054682
0.7090665
0.7157214
0.7068518
0.7031172
0.713393
0.710731
0.7059179
0.704826
0.7045123
0.7074978
0.7071392
0.7005681
0.7026369
0.7096838
0.7047285
0.7032235
0.7063092
0.7046581
0.7056541
0.7003708
0.6967834
0.7019909
0.6994128
0.6927525
0.6894351
0.6953523
0.6952219
0.6896271
0.6924083
0.6900095
0.6920404
0.6916545
0.6849874
0.6862029
0.6876291
0.6907141
0.6883695
0.6832545
0.6803555
0.6859289
0.6907022
0.6856269
0.6855743
0.6784813
0.6837703
0.6923226
0.6848977
0.6857565
0.6877043
0.6853843
0.6846996
0.6898303
0.6890117
0.6847868
0.6748073
0.6656897
0.697091
0.7202591
0.7064914
0.7028244
0.7066509
0.7053305
0.7081223
0.7103672
0.7031436
0.6963958
0.6979403
0.6975157
0.6925487
0.6896
0.6862042
0.6863675
0.6882415
0.6856814
0.6845462
0.6820864
0.6736499
0.6723691
0.6783819
0.6804508
0.6805037
0.677186
0.6741545
0.6760222
0.6833808
0.6845644
0.6765159
0.6762227
0.6816419
0.6830725
0.6830609
0.6783048
0.6777758
0.6860758
0.6862106
0.6820494
0.6799033
0.6804257
0.6823984
0.6825894
0.6779085
0.6736368
0.6788157
0.6837008
0.6776255
0.6765791
0.6863593
0.6945326
0.6969699
0.6905976
0.6960873
0.7056588
0.7066939
0.7090979
0.7110642
0.7049173
0.6957862
0.709972
0.7242831
0.7160856
0.7119775
0.7202684
0.726241
0.7344899
0.7394298
0.7357394
0.7332145
0.7342025
0.7409931
0.7422244
0.7402162
0.7383593
0.7293055
0.7255936
0.7359974
0.7475307
0.7533364
0.7542835
0.7629069
0.7820088
0.7809466
0.7722969
0.7712638
0.7735232
0.7700886
0.7718478
0.7496908
0.7155001
0.7372106
0.7412086
0.7286211
0.7378527
0.7399168
0.740117
0.7420301
0.7426905
0.744735
0.758027
0.730949
0.7085711
0.7518391
0.7645216
0.7737533
0.7885604
0.7706744
0.768779
0.7723441
0.7721343
0.7668518
0.7566419
0.7547416
0.7618231
0.7853483
0.7905455
0.7910672
0.8002328
0.7893508
0.7903164
0.7999294
0.7964418
0.7865064
0.7877228
0.7845886
0.7978286
0.7827663
0.7475065
0.7815356
0.7807463
0.7755013
0.7624241
0.7373878
0.7861757
0.7985834
0.7944981
0.7915395
0.7973486
0.8351398
0.8387648
0.8087826
0.7730645
0.7482383
0.7480613
0.7934497
0.8133483
0.7992663
0.8242427
0.8514879
0.8575447
0.8645197
0.854636
0.8396719
0.8708965
0.8634528
0.8293875
0.8483731
0.8589821
0.860727
0.8148969
0.8429951
0.8569783
0.8274553
0.8316733
0.7971031
0.8096705
0.8171678
0.8323822
0.7911037
0.763896
0.7796388
0.7511576
0.7432143
0.744375
0.7405045
0.7500302
0.7583028
0.7641032
0.8320519
0.8393946
0.7935431
0.8402958
0.8510667
0.817936
0.7895637
0.8022739
0.8394741
0.7974098
0.7758735
0.789562
0.7929109
0.7832417
0.7736095
0.7601335
0.7494145
0.7614385
0.7413145
0.7700955
0.8096297
0.7669673
0.7647003
0.7604194
0.7341382
0.745252
0.7574748
0.7563939
0.7513153
0.7459447
0.7419395
0.743795
0.7420952
0.7332614
0.7556814
0.7854467
0.7859243
0.7837168
0.7794218
0.7866569
0.7708297
0.7669445
0.747655
0.7600954
0.8078864
0.8002838
0.8126547
0.8165076
0.7811953
0.7708543
0.8329791
0.8327175
0.8046504
0.8016255
0.7812689
0.7865427
0.7748552
0.7671695
0.7654341
0.7740558
0.7667756
0.7649712
0.8426761
0.8446852
0.7810201
0.7899374
0.7968987
0.7785984
0.7721565
0.7594245
0.7526203
0.7553405
0.7721905
0.7613558
0.782471
0.8249585
0.7725986
0.764519
0.776479
0.7684083
0.7808723
0.7883173
0.784281
0.7644535
0.7593683
0.753754
0.7470037
0.7324105
0.7394601
0.7684545
0.7439162
0.7381649
0.7473285
0.725954
0.7305
0.7428723
0.7423994
0.7479667
0.7480929
0.7623382
0.8197924
0.8569323
0.8686602
0.855075
0.8366822
0.8185925
0.7969333
0.8184544
0.8362531
0.8480247
0.848853
0.8369223
0.8488178
0.8425215
0.8305388
0.812414
0.8240671
0.8573289
0.8331815
0.8194029
0.8239472
0.8097211
0.8056866
0.8242963
0.8100138
0.8040895
0.8232175
0.798429
0.8132902
0.8398114
0.8191006
0.8068842
0.7895955
0.7696437
0.773646
0.7892938
0.7913293
0.7930101
0.7924097
0.7910952
0.7971813
0.8259353
0.8429247
0.8026021
0.7866641
0.7901168
0.7785127
0.772442
0.7610405
0.782999
0.8172604
0.8011637
0.8078137
0.7951724
0.8108291
0.8451386
0.8016839
0.8110725
0.8022484
0.8135562
0.8536817
0.8158504
0.8122293
0.7997566
0.805143
0.8389588
0.810349
0.798067
0.7955476
0.7671005
0.7806892
0.8146745
0.7807975
0.7612426
0.7674356
0.7549101
0.7383146
0.7426729
0.7954515
0.7914272
0.7586596
0.7385947
0.7572374
0.8065482
0.784321
0.7877978
0.8049771
0.8054883
0.8183503
0.8408261
0.8383648
0.8152655
0.8479987
0.8684394
0.8589642
0.8149901
0.8381424
0.8561858
0.8309129
0.8529869
0.858349
0.85097
0.8426072
0.8505355
0.858305
0.8580023
0.8364467
0.864323
0.8728663
0.8473485
0.8213903
0.7992769
0.8407711
0.8385676
0.7913405
0.7817219
0.7789371
0.760781
0.771555
0.8010895
0.8100991
0.8220196
0.8405606
0.8409421
0.8449367
0.8615127
0.8713237
0.8718608
0.8730203
0.8673807
0.8835172
0.87498
0.8486436
0.8775666
0.8804769
0.867838
0.8738122
0.8783903
0.8722788
0.8269074
0.8177272
0.8477801
0.8542196
0.860795
0.8638151
0.8654261
0.8673675
0.858721
0.8546763
0.8397808
0.841518
0.8364665
0.80585
0.8351601
