0.942343
0.9433857
0.9527659
0.9464226
0.958314
0.966565
0.9532826
0.9331463
0.9347165
0.92302
0.9101159
0.9246444
0.9429994
0.955767
0.9572782
0.9575451
0.9609643
0.9567169
0.9481453
0.9400418
0.9429317
0.9483632
0.9488164
0.9500906
0.9554316
0.9666686
0.9614991
0.9462713
0.9510729
0.9566665
0.9581614
0.9622886
0.956181
0.9537362
0.9602973
0.9677648
0.9639858
0.9580343
0.9564015
0.9563272
0.9626158
0.9616782
0.9655337
0.9714745
0.967467
0.962489
0.9564422
0.954008
0.9493019
0.9410096
0.9371465
0.9281561
0.9195857
0.9218124
0.9282321
0.9336138
0.9328964
0.9337604
0.9345779
0.931693
0.9190008
0.8940066
0.8924616
0.9022687
0.8963397
0.8944818
0.8949415
0.8978989
0.9024264
0.8983388
0.8994442
0.9041532
0.9081771
0.9125271
0.9100477
0.9140632
0.9233862
0.9164476
0.9086253
0.9114231
0.915683
0.9146524
0.9107041
0.9080791
0.9073364
0.9095613
0.9059218
0.8992779
0.9003355
0.908837
0.9169494
0.920816
0.9143251
0.9052622
0.9151513
0.933308
0.9299627
0.9211941
0.92721
0.9345229
0.9350252
0.9320606
0.9377691
0.9366838
0.9291862
0.9365083
0.935967
0.9366913
0.9432683
0.9374651
0.9407622
0.9428867
0.9432818
0.9424166
0.9318621
0.9319866
0.9388792
0.9351317
0.922969
0.9187712
0.9234229
0.9284195
0.9214778
0.9146355
0.9161316
0.9192752
0.9245421
0.9229125
0.9183202
0.9078238
0.9070596
0.9127371
0.9039378
0.9144231
0.9319604
0.9329042
0.9342765
0.9377665
0.9344745
0.9290604
0.9200221
0.9108849
0.9112067
0.9161943
0.9191948
0.9067895
0.8975615
0.8992387
0.8998483
0.8989002
0.9028705
0.9107741
0.9129798
0.9208661
0.9282333
0.927849
0.9136056
0.9123063
0.9029289
0.9039318
0.9283722
0.9135604
0.9283192
0.9461227
0.946607
0.9544391
0.9491272
0.9443644
0.9357358
0.9271706
0.9245506
0.9250584
0.923069
0.9330694
0.9360513
0.9242694
0.923581
0.9225303
0.920226
0.922501
0.9270074
0.9270084
0.9191455
0.9195762
0.9219021
0.9224296
0.9232718
0.9217804
0.920153
0.9167232
0.9190033
0.9201505
0.9127983
0.9141743
0.9225971
0.9294677
0.9297745
0.9243814
0.9251087
0.9287039
0.924679
0.9209717
0.9240992
0.9301371
0.9355619
0.9306476
0.921719
0.9218732
0.9248306
0.9151293
0.9037318
0.903596
0.905267
0.9023899
0.9011232
0.9026596
0.9090725
0.9173973
0.9127649
0.9181281
0.9262726
0.9264899
0.9323426
0.9310731
0.9305949
0.9274564
0.9155687
0.9145541
0.9200057
0.9153695
0.9157891
0.9126798
0.9031762
0.907419
0.9131422
0.9204657
0.9290607
0.930676
0.9326222
0.9351399
0.9336778
0.9336566
0.9239908
0.9031857
0.9016746
0.912799
0.9181141
0.9218009
0.9219059
0.9146054
0.9101877
0.9172291
0.9187739
0.9168577
0.9189319
0.9179565
0.9127035
0.9132486
0.9171541
0.9091901
0.90373
0.9039495
0.9010408
0.8934776
0.8927228
0.8999159
0.8996588
0.8964554
0.8923334
0.8923106
0.8931349
0.893356
0.8942211
0.8952153
0.9075449
0.9207918
0.9215535
0.9187219
0.9204882
0.9234253
0.9177521
0.9120694
0.9150205
0.9145258
0.9161518
0.9048006
0.8898689
0.9023562
0.9143686
0.9157883
0.9237449
0.9272522
0.9240415
0.9284714
0.9274389
0.9244435
0.9250549
0.9231847
0.9283146
0.9264472
0.9203436
0.9138213
0.9058621
0.9164081
0.925129
0.931037
0.9401337
0.9408063
0.9412272
0.9372779
0.9320857
0.9276283
0.9248333
0.9250199
0.9217633
0.9262734
0.9239706
0.9106188
0.9157422
0.9197825
0.9192054
0.9199458
0.9153383
0.9159259
0.9190808
0.9185202
0.910043
0.9058455
0.9034569
0.9034972
0.9124943
0.9103365
0.9010837
0.903755
0.9187024
0.9305087
0.9288598
0.9289559
0.9348393
0.9324971
0.9279319
0.9303796
0.9277757
0.9217028
0.9158411
0.9118082
0.9131053
0.9061053
0.9031065
0.889569
0.8880212
0.9188016
0.9247546
0.9217429
0.9131729
0.9015936
0.9074842
0.9145635
0.9146506
0.9017658
0.8966366
0.8987229
0.8998125
0.9006226
0.8975303
0.9088369
0.9041025
0.8667313
0.8622505
0.8812085
0.8609804
0.8374339
0.8363468
0.8450773
0.8569397
0.8505514
0.8597499
0.8750618
0.8599103
0.8384517
0.8339796
0.8575496
0.8574191
0.8258087
0.8082365
0.8046434
0.8272647
0.8041843
0.7784928
0.8223747
0.8323117
0.8184941
0.8147651
0.8009062
0.7785225
0.7627464
0.7481045
0.7363494
0.7174416
0.7334541
0.7547378
0.72807
0.7349049
0.7180486
0.7096004
0.7239419
0.704522
0.6903538
0.7025542
0.7165094
0.6975219
0.7013698
0.7146328
0.7014883
0.6761263
0.6831658
0.7174356
0.6997087
0.6902456
0.7001928
0.6567761
0.6395274
0.6456349
0.6377226
0.6433491
0.6418241
0.6354955
0.6347772
0.6361734
0.6334401
0.6298566
0.6336225
0.6346044
0.6295293
0.6276774
0.6306224
0.6285478
0.6217872
0.6238045
0.6255782
0.6202941
0.6181669
0.6186473
0.6195869
0.6179018
0.6144197
0.6191228
0.6188045
0.6115343
0.6119369
0.6148577
0.6105886
0.6048052
0.6054831
0.6062366
0.6025778
0.5985709
0.5976009
0.5972976
0.5934273
0.5887641
0.5885099
0.5882114
0.5847314
0.5813345
0.5809137
0.5831148
0.5814484
0.5733046
0.5727429
0.5755671
0.570265
0.5660138
0.563937
0.5643781
0.5620103
0.5551242
0.5521547
0.5529655
0.5516945
0.5495537
0.550527
0.5502617
0.5477081
0.5442238
0.5430926
0.5437832
0.5420891
0.5388784
0.5350936
0.5353625
0.5373644
0.5343826
0.5330438
0.5359811
0.5356487
0.5335332
0.5323873
0.5295094
0.5288256
0.5300397
0.527722
0.5255294
0.5276774
0.5301501
0.5285975
0.5266089
0.5263694
0.5267141
0.5272195
0.5245073
0.5206444
0.5217258
0.5229154
0.5233653
0.5199454
0.5257139
0.5137554
0.506245
0.5367701
0.5280741
0.5156927
0.5225742
0.5201796
0.5203359
0.520108
0.5205151
0.5197366
0.5190179
0.515983
0.5141422
0.5127835
0.5146291
0.5158973
0.5142706
0.5147877
0.5162541
0.5188202
0.5188364
0.5162303
0.5148305
0.5141889
0.5138207
0.5109004
0.5095437
0.5124638
0.5121917
0.5121804
0.5113624
0.5066876
0.5078819
0.5096043
0.5086242
0.5082066
0.506865
0.5105994
0.5127714
0.5114937
0.5113623
0.5107288
0.5101902
0.5110372
0.5150721
0.5176667
0.5161618
0.5139333
0.5153572
0.5174198
0.517605
0.5150846
0.512186
0.5140459
0.5157007
0.5153401
0.5145767
0.5112343
0.5101982
0.5116297
0.511363
0.5094729
0.5077041
0.5083767
0.5084826
0.5086662
0.5069885
0.5020082
0.4992273
0.499902
0.502133
0.5015332
0.4985489
0.4975821
0.4984843
0.5163047
0.5239731
0.5016523
0.4920667
0.4933632
0.4941535
0.4942572
0.4920925
0.4917501
0.4925252
0.4943057
0.4947192
0.4930345
0.4911956
0.488482
0.485849
0.4894816
0.4931966
0.4926784
0.4924805
0.496842
0.5030282
0.5068522
0.506865
0.5063635
0.5075905
0.5084127
0.5107433
0.5220481
0.5376099
0.5493261
0.5562298
0.5598697
0.5607383
0.5583052
0.5556253
0.5512671
0.5479505
0.5448553
0.5457614
0.5488527
0.5481307
0.5479423
0.5502481
0.5536805
0.5551877
0.5536195
0.5526349
0.555519
0.559436
0.560285
0.5587414
0.5605903
0.5620353
0.5633224
0.5620496
0.5560829
0.5575718
0.5609757
0.5622522
0.5679909
0.5782424
0.5862919
0.5863278
0.5826617
0.5816266
0.5856156
0.5879697
0.5859873
0.5896519
0.5993453
0.6019042
0.5959472
0.5902264
0.5868473
0.5897413
0.5915562
0.5886477
0.5917868
0.5958793
0.5993936
0.6022656
0.6039496
0.6080949
0.6095797
0.6084721
0.6097255
0.6133247
0.6143539
0.6149185
0.6203197
0.6242911
0.6247246
0.6252717
0.6268398
0.6235341
0.6144857
0.6099734
0.6089341
0.6070715
0.6082433
0.6161533
0.6267318
0.6362736
0.6423557
0.646847
0.6520226
0.6537431
0.6521404
0.6510279
0.6531447
0.6546143
0.6522185
0.6521995
0.6568784
0.656511
0.6583306
0.6631439
0.6661956
0.6739628
0.6763063
0.6783981
0.6854178
0.686097
0.6863424
0.6895286
0.6925869
0.6919026
0.6894179
0.6906544
0.6889642
0.6896701
0.6907333
0.6941073
0.6992375
0.6965973
0.6991121
0.7022437
0.7065216
0.7118209
0.712331
0.720305
0.7246788
0.7248989
0.7233352
0.7258628
0.7390664
0.7441468
0.7396264
0.7345406
0.7449256
0.7589974
0.7574283
0.7517077
0.7540025
0.7574042
0.7545261
0.7515312
0.7506329
0.7524944
0.7510269
0.7449671
0.7424087
0.7447309
0.7449026
0.7376838
0.7352333
0.7406837
0.7475486
0.7564322
0.7645009
0.7770376
0.7882881
0.7837158
0.7692341
0.7671219
0.7711728
0.7587984
0.7462075
0.7371607
0.7318673
0.7498872
0.770171
0.7694894
0.7737707
0.7642469
0.7257439
0.7197467
0.735007
0.745764
0.7531044
0.7499156
0.7471043
0.7494168
0.7509835
0.7447979
0.7428702
0.7493491
0.7531487
0.7518112
0.7513181
0.7516385
0.7546936
0.7557648
0.7545338
0.760978
0.7753469
0.7859284
0.7767055
0.7710357
0.7886849
0.7954448
0.7923893
0.789829
0.7846795
0.7887897
0.7916044
0.7894801
0.7840907
0.7827678
0.7936636
0.7948834
0.7966247
0.8112248
0.8181114
0.8211457
0.8168203
0.8054724
0.8031923
0.8067605
0.8046916
0.7984117
0.7936446
0.7938209
0.790326
0.779783
0.7802727
0.7929593
0.8002378
0.8008627
0.812164
0.8193778
0.8249019
0.8308646
0.8217804
0.8237406
0.8268609
0.8216591
0.8168639
0.8182675
0.8296551
0.839231
0.8287673
0.8081639
0.8091881
0.8071349
0.7988882
0.7944957
0.805775
0.8359491
0.840636
0.8335342
0.8408138
0.8478082
0.8455982
0.8317687
0.8223277
0.8315459
0.8360868
0.8268232
0.8272945
0.838747
0.8513308
0.8378383
0.8183606
0.8397554
0.865598
0.8563431
0.8399188
0.8550731
0.8620296
0.8464932
0.8354595
0.8212529
0.8115054
0.8062058
0.7932777
0.786934
0.7965379
0.7959101
0.7968025
0.8097585
0.808142
0.8092445
0.8058995
0.7951777
0.8015496
0.8121717
0.8264981
0.8296527
0.8231801
0.8315545
0.8363311
0.8273287
0.8190924
0.8260953
0.836026
0.835778
0.8376407
0.8444642
0.8525658
0.8559011
0.8563247
0.8564143
0.8557692
0.8561562
0.8569626
0.8579362
0.855841
0.8533389
0.8392589
0.8262571
0.8277581
0.8236328
0.8211496
0.8314136
0.8387097
0.8394777
0.8369913
0.8255995
0.8159988
0.8142298
0.8192594
0.8186568
0.8240611
0.8359002
0.8336511
0.8128378
0.8028123
0.8176511
0.824841
0.8122366
0.7907296
0.7968161
0.8037251
0.796211
0.7966975
0.8041269
0.8053985
0.7981797
0.8013376
0.8052217
0.8092322
0.8133222
0.8148533
0.8192765
0.8258171
0.8275853
0.8267358
0.8304218
0.8311033
0.8324407
0.8340432
0.8365706
0.8466086
0.8494527
0.8424459
0.8390351
0.8388215
0.8349341
0.8279873
0.8244513
0.8300773
0.8398298
0.833573
0.8236356
0.8298623
0.8344688
0.8369787
0.8407019
0.8424042
0.8389447
0.8334963
0.8336545
0.8353577
0.8343431
0.829558
0.8289856
0.8329497
0.8360207
0.835645
0.8323848
0.8352299
0.8359287
0.8324742
0.8324892
0.8325524
0.8301451
0.8159085
0.8054352
0.8086681
0.8077951
0.8134286
0.8216175
0.8158645
0.8174257
0.8338537
0.8375197
0.8321534
0.8395174
0.8434494
0.8442535
0.8439239
0.8383445
0.8368146
0.8417041
0.8523891
0.8557437
0.8557722
0.8557013
0.852494
0.8537856
0.8470918
0.8388694
0.8368212
0.8366906
0.8390616
0.8355669
0.8373633
0.8464794
0.8523336
0.8555778
0.8629461
0.8694373
0.8773269
0.8804005
0.8749748
0.8797241
0.8834711
0.8739308
0.8691721
0.8669979
0.8536527
0.8452147
0.8436428
0.8414323
0.8384066
0.8346807
0.8335009
0.8390253
0.8489087
0.8580824
0.8579434
0.8558215
0.8600881
0.8594885
0.8578222
0.8569511
0.8585348
0.8588447
0.8542588
0.8596958
0.860903
0.8569538
0.8632736
0.8650158
0.8666874
0.8652848
0.8614905
0.865565
0.8581684
0.8477825
0.8461955
0.8504425
0.8728353
0.8892565
0.8844059
0.8732678
0.8721123
