0.929
0.925
0.932
0.927
0.936
0.939
0.943
0.939
0.94
0.951
0.949
0.946
0.938
0.932
0.943
0.932
0.913
0.935
0.95
0.958
0.9412084
0.9417292
0.925
0.911
0.894
0.902
0.904
0.903
0.9
0.915
0.931
0.953
0.96
0.9468019
0.9471207
0.975
0.991
0.988
1.001
1.013
1.007
0.9490007
0.9492237
1.002
0.995
1.01
1.009
1.006
0.996
0.989
1.002
1.011
1.015
1.014
1.001
1.004
1.012
1.018
1.019
1.001
0.996
0.994
1.005
1.005
0.999
0.994
1.001
1.01
1.004
0.999
1.002
1.003
1.009
0.999
0.998
1.001
1.006
1
0.98
0.978
0.978
0.981
0.974
0.953
0.944
0.951
0.953
0.968
0.948
0.945
0.955
0.96
0.963
0.951
0.937
0.94
0.943
0.958
0.961
0.951
0.947
0.951
0.96
0.961
0.967
0.961
0.943
0.951
0.956
0.958
0.956
0.952
0.937
0.931
0.932
0.938
0.945
0.935
0.918
0.903
0.887
0.883
0.891
0.895
0.916
0.93
0.934
0.933
0.941
0.949
0.965
0.967
0.953
0.913
0.919
0.904
0.89
0.863
0.843
0.9289193
0.9285475
0.948
0.9278062
0.92744
0.927079
0.964
0.826
0.87
0.923
0.985
0.9251116
0.9248319
0.9245704
1.034
1.023
1.001
0.975
0.967
0.968
0.968
0.955
0.961
0.962
0.958
0.953
0.936
0.951
0.957
0.938
0.937
0.961
0.978
0.987
1
0.997
0.989
0.963
0.973
0.97
0.957
0.939
0.943
0.947
0.94
0.933948
0.9345685
0.957
0.953
0.944
0.935
0.94
0.964
0.979
0.973
0.969
0.976
0.974
0.9398395
0.9402376
0.965
0.963
0.948
0.919
0.925
0.904
0.886
0.873
0.878
0.907
0.929
0.936
0.949
0.961
0.952
0.942
0.949
0.956
0.964
0.958
0.944
0.949
0.952
0.958
0.957
0.943
0.944
0.952
0.961
0.96
0.952
0.967
0.979
0.982
0.971
0.965
0.97
0.974
0.969
0.961
0.964
0.963
0.967
0.956
0.965
0.962
0.965
0.951
0.956
0.975
0.984
0.978
0.967
0.966
0.972
0.963
0.944
0.956
0.959
0.956
0.956
0.941
0.94
0.933
0.935
0.956
0.96
0.952
0.964
0.979
0.978
0.962
0.967
0.978
0.975
0.967
0.962
0.968
0.973
0.961
0.964
0.968
0.969
0.963
0.953
0.962
0.959
0.957
0.942
0.953
0.96
0.968
0.967
0.963
0.967
0.966
0.966
0.945
0.943
0.95
0.958
0.95
0.936
0.942
0.949
0.942
0.935
0.943
0.953
0.953
0.941
0.959
0.964
0.962
0.94
0.952
0.95
0.944
0.938
0.938
0.938
0.929
0.925
0.932
0.939
0.928
0.936
0.946
0.95
0.948
0.946
0.956
0.958
0.946
0.945
0.96
0.962
0.954
0.953
0.961
0.95
0.952
0.945
0.951
0.956
0.953
0.953
0.962
0.959
0.951
0.936
0.949
0.944
0.942
0.938
0.948
0.959
0.949
0.938
0.943
0.947
0.941
0.938
0.938
0.945
0.933
0.904
0.884
0.87
0.863
0.855
0.868
0.885
0.903
0.916
0.919
0.936
0.938
0.929
0.923
0.913
0.907
0.888
0.809
0.831
0.786
0.788
0.7865058
0.7834561
0.771
0.729
0.718
0.7703125
0.854
0.702
0.692
0.7551843
0.827
0.688
0.678
0.7387301
0.806
0.67
0.7259156
0.798
0.665
0.66
0.7087261
0.8
0.67
0.66
0.6920221
0.779
0.656
0.647
0.65
0.6728284
0.762
0.64
0.634
0.6596254
0.742
0.634
0.63
0.628
0.553
0.678
0.613
0.609
0.615
0.62
0.615
0.617
0.6223844
0.721
0.624
0.616
0.509
0.701
0.615
0.61
0.607
0.519
0.685
0.602
0.603
0.499
0.694
0.598
0.588
0.501
0.674
0.593
0.58
0.514
0.646
0.587
0.572
0.515
0.634
0.583
0.565
0.513
0.625
0.575
0.561
0.521
0.602
0.564
0.564
0.515
0.601
0.56
0.55
0.55
0.491
0.604
0.55
0.496
0.591
0.548
0.489
0.588
0.5
0.577
0.535
0.519
0.549
0.536
0.499
0.556
0.532
0.505
0.547
0.527
0.509
0.537
0.524
0.497
0.541
0.521
0.504
0.533
0.515
0.517
0.52
0.492
0.537
0.515
0.512
0.512
0.513
0.51
0.505
0.517
0.507
0.511
0.51
0.506
0.508
0.51
0.502
0.505
0.507
0.502
0.509
0.505
0.503
0.5
0.504
0.5
0.502
0.503
0.501
0.501
0.503
0.499
0.5
0.5
0.494
0.497
0.495
0.496
0.497
0.495
0.493
0.494
0.493
0.493
0.494
0.492
0.489
0.493
0.493
0.486
0.489
0.486
0.489
0.487
0.491
0.488
0.483
0.49
0.488
0.486
0.487
0.485
0.485
0.489
0.485
0.489
0.487
0.487
0.486
0.488
0.486
0.488
0.484
0.485
0.486
0.484
0.484
0.483
0.483
0.482
0.481
0.486
0.482
0.483
0.483
0.481
0.479
0.485
0.481
0.484
0.481
0.479
0.482
0.484
0.48
0.484
0.479
0.481
0.481
0.481
0.481
0.489
0.486
0.485
0.487
0.488
0.497
0.505
0.5264205
0.619
0.524
0.474
0.564
0.525
0.448
0.596
0.526
0.469
0.553
0.519
0.515
0.52
0.527
0.529
0.532
0.54
0.558
0.589
0.5888562
0.5926532
0.599
0.6002261
0.714
0.6
0.6113908
0.6150226
0.616
0.6220947
0.625516
0.623
0.6320819
0.6352076
0.655
0.6412583
0.6444855
0.641
0.6514453
0.743
0.617
0.6629648
0.6670438
0.709
0.6754873
0.6798274
0.693
0.6886833
0.6931747
0.6976921
0.7022233
0.758
0.7112782
0.7157776
0.703
0.7246592
0.7290169
0.77
0.732
0.7416116
0.7456096
0.798
0.792
0.798
0.759
0.748
0.792
0.798
0.796
0.792
0.766
0.764
0.8
0.813
0.821
0.816
0.797
0.806
0.852
0.848
0.832
0.804
0.805
0.846
0.853
0.84
0.819
0.816
0.875
0.889
0.886
0.86
0.839
0.881
0.89
0.884
0.853
0.847
0.889
0.902
0.89
0.864
0.883
0.919
0.922
0.896
0.874
0.889
0.895
0.892
0.881
0.855
0.876
0.896
0.896
0.882
0.873
0.896
0.904
0.894
0.879
0.901
0.926
0.896
0.888
0.891
0.9
0.869
0.844
0.855
0.872
0.869
0.845
0.832
0.872
0.879
0.888
0.868
0.85
0.878
0.885
0.889
0.871
0.852
0.851
0.871
0.904
0.905
0.897
0.889
0.886
0.903
0.904
0.904
0.893
0.868
0.879
0.886
0.906
0.926
0.912
0.904
0.919
0.916
0.904
0.884
0.866
0.869
0.88
0.899
0.897
0.878
0.868
0.88
0.893
0.893
0.876
0.858
0.87
0.879
0.905
0.911
0.898
0.904
0.908
0.904
0.887
0.881
0.889
0.896
0.883
0.88
0.895
0.894
0.888
0.888
0.906
0.914
0.893
0.895
0.902
0.897
0.875
0.892
0.903
0.902
0.881
0.878
0.893
0.89
0.862
0.885
0.896
0.885
0.864
0.875
0.888
0.876
0.869
0.883
0.901
0.894
0.872
0.884
0.892
0.885
0.868
0.877
0.885
0.888
0.867
0.87
0.872
0.873
0.858
0.852
0.86
0.871
0.877
0.859
0.864
0.879
0.883
0.877
0.879
0.89
0.888
0.864
0.857
0.869
0.867
0.854
0.862
0.878
0.883
0.874
0.888
0.9
0.898
0.896
0.9
0.903
0.908
0.888
0.872
0.855
0.844
0.826
0.821
0.833
0.837
0.837
0.863
0.876
0.872
0.861
0.867
0.869
0.856
0.846
0.852
0.85
0.838
0.845
0.856
0.852
0.838
0.849
0.85
0.857
0.841
0.845
0.862
0.881
0.882
0.885
0.902
0.905
0.903
0.901
0.906
0.901
0.89
0.892
0.913
0.908
0.903
0.904
0.908
0.907
0.889
0.887
0.893
0.894
0.875
0.879
0.894
0.898
0.889
0.886
0.897
0.876
0.86
0.869
0.882
0.87
0.857
0.869
0.872
0.859
0.854
0.86
0.87
0.86
0.867
0.884
0.89
0.882
0.883
0.886
0.884
0.865
0.867
0.876
0.871
0.866
0.87
0.882
0.878
0.868
0.876
0.891
0.894
0.88
0.887
0.892
0.888
0.881
0.896
0.899
0.888
0.882
0.893
0.896
0.886
0.881
0.896
0.905
0.896
0.895
0.893
0.891
0.879
0.877
0.889
0.889
0.878
0.868
0.892
0.891
0.874
0.872
0.892
0.899
0.887
0.888
0.904
0.898
0.883
0.89
0.903
0.892
0.869
0.881
0.887
0.868
0.864
0.878
0.887
0.879
0.887
0.903
0.913
0.894
0.903
0.915
0.903
0.879
0.878
0.881
0.872
0.852
0.864
0.861
0.858
0.846
0.854
0.86
0.868
0.861
0.864
0.885
