1.038424
1.029242
1.010034
0.9973822
1.021034
1.019936
0.9912813
0.9936692
1.034978
1.057083
1.024628
1.002718
1.029599
1.062626
1.034276
1.013384
0.9974842
0.9928356
0.9978663
0.9967866
1.005606
1.053912
1.102033
1.044622
1.01797
1.021639
1.02804
1.034262
0.9682299
1.012399
1.084644
1.033146
1.052209
1.058741
1.024155
1.038069
1.037139
1.029996
1.036287
1.044649
1.035575
1.027284
1.041202
1.039682
1.022814
1.036965
1.031149
1.016842
1.037901
1.019153
0.9918951
1.015418
1.005766
0.9971603
1.016907
1.008002
1.006916
1.017387
1.018301
1.024578
1.047278
1.046375
1.032614
1.047411
1.044716
1.03211
1.059262
1.056174
1.027711
1.047498
1.04717
1.027075
1.055838
1.065201
1.04795
1.063346
1.07943
1.052222
1.062033
1.103001
1.067939
1.070045
1.083129
1.05874
1.080235
1.083909
1.052212
1.059815
1.060419
1.036789
1.057706
1.050869
1.025611
1.04905
1.047668
1.027645
1.046104
1.06298
1.04976
1.042087
1.05974
1.056195
1.038362
1.055805
1.058467
1.041152
1.058935
1.047941
1.019323
1.036218
1.023068
1.002905
1.034597
1.040141
1.031638
1.05494
1.057268
1.043864
1.052311
1.067194
1.054377
1.040993
1.063418
1.068321
1.060608
1.078127
1.07048
1.047268
1.063105
1.065055
1.047753
1.063979
1.088124
1.077054
1.053444
1.056918
1.042871
1.014866
1.086197
1.142813
1.085457
1.070115
1.07553
1.076148
1.100937
1.086876
1.066661
1.081504
1.099684
1.092445
1.080979
1.102029
1.116241
1.095833
1.075053
1.081987
1.091215
1.071531
1.053944
1.076857
1.075814
1.057715
1.076668
1.095988
1.084057
1.058454
1.075542
1.087971
1.060281
1.04587
1.072291
1.087349
1.061714
1.046301
1.06979
1.074093
1.047794
1.05484
1.068192
1.0382
1.011785
1.031052
1.029961
1.010037
1.017898
1.032924
1.024812
1.014187
1.040739
1.059514
1.052511
1.049931
1.075611
1.07508
1.073072
1.069623
1.060034
1.111785
1.077291
1.047091
1.131087
1.138659
1.099113
1.094838
1.10694
1.064567
1.011228
1.086351
1.110027
1.079916
1.098255
1.10539
1.097364
1.07653
1.110345
1.121375
1.087125
1.095919
1.095014
1.070569
1.06594
1.088412
1.088917
1.06296
1.076313
1.08603
1.072134
1.085591
1.095289
1.075745
1.049515
1.064585
1.040144
1.017294
1.063319
1.050889
0.9991486
0.9757421
0.9990522
1.002004
1.008292
1.057996
1.080885
1.089754
1.094134
1.04435
1.016939
1.059737
1.048068
1.013733
1.032021
1.055805
1.027913
1.016063
1.109026
1.03752
0.9737494
1.12129
1.097594
1.008026
1.039329
1.081522
1.071404
1.015877
0.9998563
1.066216
1.076477
1.045945
1.060379
1.056346
1.069771
1.014902
0.9984853
1.09841
1.092523
1.034711
1.01872
1.077269
1.093535
1.069874
1.094782
1.088036
1.071066
1.058272
1.066623
1.075543
1.046258
1.028118
1.049701
1.064796
1.057324
1.046166
1.059979
1.067176
1.031099
0.9800435
0.9824588
1.036332
1.079103
1.080571
1.083377
1.064585
1.089384
1.102434
0.9954119
1.031952
1.102367
1.033741
1.048465
1.123577
1.10936
1.073408
1.030225
1.045059
1.103334
1.086843
1.079998
1.077634
1.050075
0.9964665
1.020683
1.114495
1.071411
1.027642
1.061501
1.080822
1.078579
1.064802
1.086569
1.115853
1.094364
1.066775
1.074852
1.055641
1.042508
1.055053
1.028229
1.019387
1.028938
1.004106
1.016812
1.043774
1.027024
1.048179
1.07636
1.0638
1.057724
1.038348
1.054311
1.067765
1.061027
1.023982
1.003788
1.067275
1.049032
1.037353
1.045337
1.009328
1.019927
1.044269
1.042812
1.036606
1.078002
1.097029
1.06897
1.080177
1.107363
1.110565
1.101178
1.114473
1.123416
1.101429
1.099884
1.116746
1.112384
1.107423
1.107278
1.095827
1.100801
1.1089
1.100676
1.096137
1.09993
1.117453
1.118416
1.07727
1.069577
1.060423
1.021428
1.021888
1.035149
1.017558
1.003063
1.064314
1.095093
1.06061
1.089363
1.094132
1.068124
1.084047
1.063983
1.005981
0.9693059
0.9961087
1.006773
1.001682
1.046089
1.086745
1.098355
1.079308
1.073417
1.063424
1.061597
1.085051
1.100451
1.082529
1.024229
1.017454
1.041073
1.045359
1.039094
1.015637
1.029579
1.050993
1.031071
1.037664
1.044641
0.9894949
0.9366075
0.9480853
0.9916046
1.02683
1.076232
1.114533
1.107964
1.09932
1.100426
1.101864
1.109501
1.122724
1.120412
1.110668
1.105762
1.099683
1.092785
1.086848
1.071528
1.051611
1.052441
1.037882
1.027205
1.048035
1.057528
1.057952
1.066417
1.055128
1.044384
1.057637
1.047916
1.035216
1.005897
0.9680936
0.9991894
1.012668
1.013098
1.017563
1.009449
0.9500205
0.9147231
0.9853529
0.9223393
0.8939084
0.9637755
0.9443911
0.9288478
0.8983328
0.941351
0.9651372
0.8441966
0.7771605
0.7910231
0.8576109
0.8899044
0.8609457
0.8709539
0.9045368
0.8457874
0.7473653
0.7397502
0.7567309
0.7626168
0.7590362
0.765356
0.7555493
0.7801812
0.8614927
0.8230296
0.7468912
0.7394395
0.7400847
0.7481774
0.7554768
0.7550537
0.7566264
0.7621058
0.7581677
0.7512436
0.7544104
0.7412073
0.7516738
0.7211138
0.696753
0.7696477
0.7535572
0.7249125
0.7335541
0.7251831
0.7294096
0.7295682
0.7271856
0.7250909
0.7080552
0.7209595
0.6848514
0.6572341
0.7537898
0.7350101
0.6949425
0.7099156
0.7006693
0.7052003
0.7065995
0.7097899
0.7072118
0.7070406
0.7066878
0.7043771
0.701498
0.7042181
0.6936646
0.6834931
0.6957131
0.6924455
0.6894215
0.6945748
0.6915674
0.6916127
0.690036
0.6916525
0.6981773
0.697201
0.6930896
0.6964036
0.6889683
0.6939732
0.6700292
0.6515449
0.6977058
0.6836906
0.6609969
0.66515
0.657452
0.656677
0.6517565
0.6479251
0.6466647
0.6401955
0.6440323
0.6309541
0.6169631
0.6568028
0.6427408
0.6231297
0.651014
0.6430587
0.635959
0.639105
0.6361912
0.6346583
0.6357715
0.6379065
0.6382236
0.6375408
0.6366755
0.6394975
0.6412127
0.6419767
0.6428449
0.6432887
0.6446774
0.6463908
0.6474746
0.6464359
0.6468019
0.6480538
0.6468289
0.6474871
0.6493209
0.6474834
0.6479562
0.650861
0.6510333
0.6499385
0.6480006
0.6482961
0.6495034
0.6495774
0.6493053
0.6465499
0.6458074
0.6459262
0.6441391
0.6439661
0.6439447
0.6441707
0.6436334
0.6436175
0.6453121
0.6456109
0.6431776
0.641068
0.6408904
0.640085
0.6400175
0.6421077
0.639244
0.631935
0.6349791
0.6392348
0.6402044
0.643614
0.6409236
0.6363388
0.636947
0.6389102
0.6379209
0.6372854
0.6342555
0.628965
0.6294213
0.6313477
0.6294831
0.6276941
0.6272731
0.6267488
0.6262299
0.6258009
0.6273803
0.6294951
0.6282778
0.6269361
0.6269981
0.6270686
0.6268323
0.6251099
0.6240141
0.6217373
0.6195173
0.620574
0.6235359
0.6241013
0.6230957
0.6216621
0.6195036
0.617329
0.6181552
0.6205235
0.6205508
0.6225871
0.6197618
0.6168837
0.6189978
0.6188858
0.6192847
0.6262367
0.6321301
0.6352055
0.6418339
0.6570314
0.6687345
0.6760349
0.674235
0.6602037
0.6519695
0.6326913
0.6360363
0.6571075
0.6486291
0.6406913
0.6475503
0.6452399
0.6429745
0.6553575
0.6605516
0.6576887
0.6673982
0.6842711
0.6887512
0.6853996
0.6690806
0.7228374
0.7985641
0.7286597
0.6739451
0.7617003
0.8247942
0.7912702
0.7632459
0.7542465
0.7374366
0.7488611
0.7552116
0.7799213
0.7991876
0.7432156
0.7818104
0.775292
0.737779
0.8097036
0.7689143
0.7374525
0.7464523
0.7299506
0.7326763
0.7402037
0.7580005
0.7623786
0.7717717
0.787776
0.7891295
0.7921398
0.7904566
0.8102589
0.8378515
0.7885677
0.7896985
0.8511567
0.8433943
0.8484029
0.8516096
0.8319654
0.8337185
0.8602092
0.807502
0.7827368
0.9033751
0.8881718
0.8353051
0.878343
0.8952502
0.8875597
0.9053169
0.9138306
0.8873247
0.9085601
0.9228185
0.8954033
0.9064337
0.9166427
0.8971448
0.9161306
0.9423587
0.9198976
0.934272
0.9635486
0.9453885
0.9467338
0.9794566
0.9218128
0.8404095
0.905735
0.9507261
0.9599086
0.9672637
0.9454886
0.9662499
0.9713593
0.9536193
0.972241
0.9763686
0.950897
0.9594272
0.9749913
0.9626435
0.9462999
0.9666283
0.9752025
0.9426218
0.9463915
0.965181
0.94403
0.9093285
0.907817
0.944019
1.011742
1.041787
0.9729754
0.9375122
0.9690764
0.9768202
0.983132
0.9463681
0.9437351
1.008251
0.9833201
0.9770825
0.9838924
0.9665867
1.001441
0.9996643
0.9893266
0.9536605
0.9153845
0.9946376
1.039738
1.015573
1.012324
1.028869
1.012458
1.010769
1.008318
0.9893597
1.034569
1.027725
1.032172
1.036968
1.01172
1.031327
1.032702
1.01864
1.018486
1.036283
1.025982
1.009053
1.032135
1.016599
0.9860861
1.009972
1.006032
0.9885328
1.015609
1.01313
0.9944176
1.002906
0.9972791
0.9848133
1.002251
0.9995588
0.9641803
0.9950775
1.017802
0.9911007
1.028795
1.042809
1.01631
1.043209
1.047932
1.019419
1.039344
1.034252
1.005672
1.025516
1.0274
1.017433
1.032362
1.014367
0.9857632
1.034334
0.9877463
0.9211874
0.967556
0.9717616
0.9943307
1.001337
1.000199
1.01019
0.991871
1.020668
0.9842125
0.9009813
0.93329
1.029148
1.052791
1.004698
1.01274
1.025299
1.014597
1.031014
1.019547
0.978648
0.9505039
0.9961325
1.025516
1.012343
0.9974803
0.9943425
1.065963
1.107214
1.077073
1.037661
1.033305
1.025349
1.009124
1.037065
1.05018
1.0446
1.04528
1.054771
1.050753
1.037454
1.022031
1.018363
1.053733
1.043269
1.012595
1.030689
1.025577
1.011176
1.038473
1.036823
1.021431
1.054423
1.050865
1.028906
1.054326
1.045865
1.039126
1.053066
1.026462
0.9901825
0.9671058
1.000014
1.001724
0.9979592
1.018482
0.9807753
0.97539
0.9556546
0.9218114
0.9212347
0.9162543
0.955976
1.066923
1.073365
0.9424565
0.9023033
0.9222855
0.9320467
0.9371269
0.9550559
1.03695
1.038426
0.95016
0.9114902
0.9321199
0.9455051
0.9398609
0.9504912
0.9633969
0.9924161
1.007276
0.9776691
0.9543336
0.9480387
0.9322039
0.9299917
0.9356429
0.938419
0.9471474
0.9652504
0.9987729
1.011691
0.9755046
0.9370614
0.9363567
0.9687157
0.9654509
1.001507
1.060951
0.9774764
0.9198223
0.9501694
0.9663424
0.9552694
0.9776507
1.012775
0.9885329
0.995449
1.039488
1.022088
0.9964672
1.038075
1.031272
1.005363
1.025905
1.022275
1.010708
1.001565
1.006665
1.002083
0.9647067
0.9565927
0.9603625
0.9692194
1.009518
1.022903
1.024423
1.027404
1.008452
0.9740612
0.9528129
0.9446997
0.9345754
0.9699534
0.9910055
0.9762561
1.011791
1.0259
1.014742
1.056167
1.070011
1.034611
1.01772
1.044566
1.050992
1.020559
1.041293
1.045065
0.9530361
0.9282588
0.9467394
0.9428898
1.001146
1.034295
1.020285
0.9971733
1.010181
1.022378
0.988162
0.9778179
0.9503996
0.9267844
0.926494
0.9184041
0.9375759
0.9586443
0.9444082
0.9249924
0.9380335
0.960987
0.9605199
0.9398392
0.9467105
0.9649389
0.9655521
0.9525159
0.9226381
0.9122672
0.9208258
0.9256912
0.9308195
0.9334008
0.9062387
0.8824812
0.8711062
0.8905612
0.8672572
0.9113898
1.016045
0.9274668
0.8725784
0.8654147
0.8284454
0.8364415
0.8502893
0.8717876
0.868521
0.8550981
0.8568889
0.8793012
0.9327895
0.9715666
0.9519079
0.9192445
0.898904
0.882347
0.886599
0.8926445
0.8835095
0.8832764
0.9231746
0.9690003
0.9544509
0.9289408
0.9092857
0.8950612
0.9107499
0.9186127
0.8924304
0.8743855
0.8769771
0.8684906
0.8678723
0.894658
0.9162651
0.9187982
0.9524208
0.9718632
0.946078
0.953485
0.9844378
1.000016
0.989807
0.9759886
0.9633392
0.9469368
0.9330531
0.9133417
0.9111087
0.9162158
0.9225938
0.9296702
0.9672903
0.964481
0.9537913
0.9708173
0.9523177
0.9934708
0.9891509
0.9472609
0.9589877
0.9573532
0.9384868
0.9207975
0.939791
0.9675455
0.9582014
0.9580189
0.961106
0.9335322
0.9482997
0.9773794
0.9868739
0.985752
0.9611424
0.9638469
0.9705903
0.9657496
0.9631467
0.9554155
0.9715409
1.013198
