0.721
0.741
0.739
0.806
0.813
0.801
0.772
0.8
0.809
0.779
0.785
0.757
0.788
0.827
0.785
0.78
0.849
0.843
0.837
0.826
0.839
0.85
0.837
0.813
0.831
0.842
0.833
0.819
0.825
0.839
0.828
0.817
0.783
0.747
0.751
0.779
0.79
0.822
0.814
0.832
0.847
0.856
0.855
0.83
0.807
0.808
0.792
0.801
0.823
0.841
0.826
0.82
0.831
0.836
0.821
0.842
0.85
0.86
0.878
0.884
0.912
0.922
0.895
0.888
0.882
0.852
0.836
0.843
0.835
0.833
0.836
0.83
0.846
0.86
0.856
0.849
0.865
0.878
0.872
0.861
0.873
0.881
0.86
0.847
0.831
0.841
0.857
0.865
0.863
0.832
0.82
0.813
0.76
0.767
0.763
0.768
0.766
0.812
0.819
0.82
0.833
0.871
0.881
0.891
0.885
0.853
0.847
0.841
0.848
0.844
0.821
0.782
0.824
0.838
0.86
0.888
0.895
0.864
0.876
0.857
0.845
0.855
0.874
0.862
0.886
0.898
0.901
0.87
0.841
0.844
0.849
0.855
0.833
0.839
0.847
0.831
0.832
0.835
0.822
0.8
0.803
0.787
0.783
0.811
0.826
0.812
0.84
0.844
0.82
0.854
0.852
0.858
0.819
0.824
0.827
0.817
0.807
0.827
0.852
0.813
0.828
0.806
0.779
0.767
0.764
0.764
0.788
0.788
0.784
0.772
0.753
0.787
0.809
0.772
0.807
0.813
0.804
0.835
0.813
0.801
0.799
0.776
0.812
0.84
0.821
0.83
0.844
0.842
0.83
0.846
0.855
0.843
0.856
0.849
0.824
0.831
0.84
0.838
0.854
0.887
0.9
0.884
0.898
0.897
0.876
0.85
0.851
0.855
0.835
0.843
0.856
0.857
0.837
0.852
0.867
0.859
0.851
0.864
0.866
0.86
0.844
0.816
0.806
0.8
0.772
0.783
0.77
0.79
0.785
0.84
0.825
0.82
0.786
0.817
0.824
0.826
0.798
0.829
0.844
0.838
0.81
0.845
0.849
0.849
0.81
0.823
0.834
0.808
0.793
0.814
0.824
0.803
0.83
0.852
0.815
0.815
0.857
0.848
0.812
0.838
0.852
0.822
0.818
0.838
0.842
0.808
0.815
0.828
0.832
0.809
0.815
0.848
0.834
0.815
0.837
0.846
0.866
0.856
0.868
0.888
0.889
0.867
0.865
0.863
0.859
0.841
0.836
0.835
0.819
0.796
0.806
0.818
0.838
0.813
0.813
0.849
0.853
0.849
0.841
0.849
0.833
0.829
0.845
0.847
0.836
0.847
0.863
0.863
0.847
0.855
0.85
0.849
0.825
0.828
0.841
0.832
0.841
0.853
0.846
0.829
0.837
0.838
0.812
0.807
0.818
0.791
0.814
0.82
0.797
0.817
0.828
0.801
0.812
0.831
0.838
0.815
0.852
0.86
0.864
0.848
0.855
0.846
0.832
0.844
0.85
0.826
0.845
0.862
0.876
0.866
0.889
0.884
0.874
0.848
0.837
0.831
0.825
0.798
0.802
0.799
0.783
0.784
0.798
0.807
0.798
0.797
0.833
0.807
0.787
0.792
0.776
0.769
0.805
0.831
0.799
0.837
0.835
0.827
0.829
0.838
0.832
0.812
0.838
0.838
0.817
0.832
0.837
0.812
0.835
0.839
0.815
0.839
0.844
0.838
0.847
0.857
0.853
0.871
0.859
0.859
0.857
0.856
0.869
0.863
0.837
0.828
0.82
0.811
0.827
0.839
0.827
0.833
0.851
0.848
0.838
0.85
0.857
0.846
0.843
0.851
0.85
0.837
0.845
0.858
0.867
0.852
0.856
0.863
0.857
0.838
0.846
0.854
0.839
0.802
0.743
0.746
0.727
0.71
0.723
0.727
0.718
0.728
0.733
0.724
0.734
0.743
0.729
0.74
0.7214921
0.718
0.71
0.698
0.7219153
0.7730526
0.691
0.693
0.686
0.688
0.703
0.68
0.679
0.677
0.663
0.669
0.661
0.666
0.655
0.644
0.649
0.649
0.648
0.643
0.645
0.641
0.638
0.625
0.633
0.627
0.618
0.617
0.619
0.613
0.611
0.613
0.614
0.605
0.61
0.615
0.612
0.604
0.605
0.609
0.604
0.607
0.608
0.601
0.604
0.603
0.601
0.604
0.604
0.599
0.596
0.6
0.602
0.596
0.594
0.603
0.594
0.595
0.593
0.602
0.604
0.599
0.597
0.6
0.603
0.601
0.604
0.612
0.604
0.606
0.604
0.599
0.594
0.599
0.6
0.595
0.596
0.595
0.587
0.584
0.588
0.582
0.58
0.586
0.584
0.584
0.585
0.587
0.582
0.578
0.581
0.586
0.585
0.587
0.593
0.583
0.585
0.587
0.595
0.591
0.589
0.595
0.59
0.592
0.597
0.593
0.59
0.591
0.5877044
0.587
0.589
0.592
0.583
0.584
0.585
0.583
0.58
0.584
0.59
0.584
0.589
0.593
0.59
0.591
0.598
0.587
0.584
0.588
0.588
0.589
0.593
0.593
0.588
0.592
0.589
0.582
0.586
0.584
0.579
0.582
0.583
0.582
0.572
0.565
0.562
0.573
0.581
0.592
0.595
0.5954889
0.6432449
0.583
0.585
0.58
0.572
0.575
0.569
0.573
0.578
0.572
0.57
0.572
0.569
0.566
0.574
0.569
0.571
0.58
0.57
0.578
0.577
0.576
0.584
0.583
0.579
0.584
0.578
0.577
0.582
0.579
0.579
0.582
0.594
0.6222226
0.5711685
0.579
0.575
0.572
0.567
0.563
0.559
0.561
0.564
0.568
0.575
0.579
0.582
0.584
0.595
0.592
0.598
0.607
0.613
0.628
0.631
0.64
0.636
0.645
0.64
0.634
0.645
0.646
0.642
0.639
0.639
0.631
0.626
0.629
0.625
0.624
0.624
0.622
0.617
0.623
0.626
0.627
0.632
0.637
0.63
0.64
0.65
0.655
0.66
0.667
0.667
0.686
0.704
0.693
0.688
0.681
0.698
0.69
0.702
0.688
0.681
0.687
0.691
0.68
0.698
0.726
0.707
0.6784643
0.706
0.742
0.713
0.694
0.701
0.696
0.687
0.714
0.712
0.734
0.752
0.733
0.784
0.756
0.737
0.75
0.711
0.734
0.733
0.72
0.758
0.751
0.729
0.771
0.758
0.734
0.766
0.744
0.725
0.749
0.738
0.727
0.757
0.724
0.788
0.801
0.769
0.836
0.787
0.8
0.771
0.73
0.737
0.716
0.708
0.709
0.717
0.71
0.721
0.757
0.781
0.749
0.803
0.774
0.769
0.786
0.749
0.785
0.769
0.75
0.78
0.802
0.758
0.808
0.81
0.792
0.849
0.815
0.78
0.819
0.83
0.798
0.792
0.829
0.793
0.774
0.844
0.801
0.767
0.808
0.806
0.774
0.808
0.838
0.789
0.798
0.832
0.795
0.766
0.763
0.739
0.7961001
0.768
0.801
0.813
0.823
0.777
0.81
0.817
0.772
0.832
0.854
0.839
0.825
0.857
0.868
0.865
0.857
0.872
0.873
0.86
0.84
0.854
0.874
0.837
0.845
0.849
0.815
0.825
0.838
0.799
0.834
0.831
0.805
0.819
0.777
0.788
0.815
0.777
0.799
0.87
0.865
0.839
0.852
0.852
0.807
0.821
0.809
0.778
0.8
0.818
0.752
0.785
0.805
0.784
0.769
0.814
0.811
0.821
0.842
0.829
0.808
0.838
0.84
0.808
0.823
0.837
0.798
0.824
0.838
0.823
0.831
0.848
0.844
0.817
0.832
0.846
0.821
0.828
0.843
0.831
0.819
0.84
0.813
0.822
0.819
0.82
0.822
0.794
0.804
0.77
0.791
0.781
0.776
0.813
0.796
0.777
0.774
0.779
0.8
0.815
0.825
0.804
0.807
0.805
0.791
0.789
0.775
0.772
0.786
0.778
0.768
0.756
0.765
0.779
0.755
0.765
0.792
0.79
0.777
0.794
0.794
0.8328513
0.8064827
0.813
0.814
0.826
0.821
0.83
0.834
0.832
0.85
0.862
0.854
0.873
0.88
0.862
0.848
0.846
0.823
0.828
0.813
0.813
0.828
0.824
0.822
0.838
0.8033932
0.7945778
0.835
0.817
0.811
0.808
0.813
0.773
0.796
0.8
0.806
0.814
0.81
0.821
0.81
0.819
0.827
0.802
0.805
0.805
0.799
0.775
0.801
0.786
0.777
0.805
0.8
0.805
0.799
0.789
0.774
0.752
0.755
0.762
0.765
0.75
0.749
0.766
0.762
0.755
0.778
0.795
0.771
0.795
0.8
0.77
0.808
0.78
0.808
0.817
0.774
0.752
0.749
0.749
0.741
0.735
0.733
0.757
0.778
0.778
0.835
0.837
0.837
0.827
0.842
0.834
0.812
0.819
0.826
0.81
0.81
0.822
0.813
0.803
0.822
0.841
0.823
0.837
0.85
0.827
0.837
0.846
0.824
0.821
0.834
0.814
0.82
0.836
0.821
0.832
0.844
0.821
0.824
0.843
0.843
0.826
0.837
0.839
0.772
0.819
0.821
0.798
0.842
0.862
0.856
0.867
0.879
0.865
0.843
0.843
0.838
0.825
0.853
0.84
0.836
0.826
0.849
0.823
0.778
0.76
0.734
0.731
0.743
0.764
0.787
0.824
0.814
0.78
0.737
0.739
0.739
0.73
0.758
0.789
0.824
0.836
0.811
0.827
0.827
0.777
0.76
0.82
0.813
0.816
0.818
0.808
0.815
0.821
0.791
0.788
0.772
0.767
0.808
0.821
0.854
