0.714
0.725
0.731
0.743
0.733
0.735
0.727
0.722
0.719
0.723
0.719
0.723
0.728
0.718
0.722
0.73
0.728
0.72
0.722
0.726
0.716
0.72
0.721
0.726
0.716
0.721
0.72
0.719
0.711
0.71
0.711
0.719
0.715
0.718
0.724
0.717
0.722
0.728
0.738
0.738
0.72
0.72
0.714
0.721
0.72
0.715
0.713
0.715
0.708
0.722
0.709
0.724
0.7
0.709
0.706
0.706
0.707
0.707
0.71
0.716
0.722
0.725
0.737
0.744
0.738
0.732
0.737
0.75
0.766
0.764
0.775
0.77
0.782
0.78
0.775
0.769
0.755
0.768
0.761
0.758
0.763
0.771
0.771
0.781
0.797
0.789
0.805
0.803
0.8
0.795
0.794
0.783
0.787
0.789
0.783
0.796
0.793
0.801
0.806
0.803
0.791
0.801
0.803
0.803
0.809
0.815
0.815
0.819
0.828
0.821
0.832
0.826
0.827
0.831
0.815
0.826
0.817
0.829
0.826
0.825
0.841
0.835
0.839
0.843
0.838
0.836
0.824
0.825
0.807
0.822
0.814
0.822
0.827
0.836
0.838
0.835
0.842
0.843
0.839
0.837
0.823
0.83
0.832
0.828
0.836
0.843
0.843
0.847
0.857
0.854
0.839
0.849
0.846
0.839
0.837
0.836
0.84
0.826
0.828
0.835
0.836
0.839
0.844
0.835
0.838
0.842
0.838
0.842
0.849
0.846
0.856
0.851
0.848
0.836
0.837
0.833
0.823
0.812
0.813
0.815
0.814
0.811
0.816
0.812
0.818
0.822
0.825
0.831
0.83
0.84
0.834
0.841
0.839
0.844
0.836
0.825
0.818
0.818
0.813
0.814
0.813
0.808
0.818
0.815
0.82
0.821
0.813
0.818
0.821
0.821
0.82
0.823
0.806
0.813
0.81
0.811
0.813
0.816
0.808
0.82
0.829
0.831
0.843
0.852
0.846
0.855
0.854
0.858
0.874
0.878
0.876
0.873
0.87
0.878
0.875
0.881
0.88
0.886
0.882
0.881
0.866
0.853
0.842
0.832
0.821
0.815
0.814
0.813
0.813
0.806
0.814
0.823
0.831
0.842
0.851
0.848
0.853
0.866
0.867
0.873
0.884
0.881
0.875
0.862
0.86
0.875
0.873
0.871
0.888
0.893
0.893
0.899
0.881
0.888
0.878
0.878
0.869
0.847
0.848
0.845
0.839
0.839
0.839
0.829
0.829
0.829
0.821
0.829
0.826
0.823
0.821
0.817
0.815
0.816
0.818
0.813
0.805
0.8
0.799
0.799
0.797
0.796
0.792
0.796
0.796
0.798
0.795
0.796
0.816
0.83
0.836
0.86
0.868
0.868
0.864
0.858
0.86
0.851
0.857
0.849
0.847
0.842
0.832
0.815
0.824
0.816
0.813
0.815
0.806
0.814
0.825
0.824
0.841
0.857
0.862
0.865
0.869
0.862
0.873
0.876
0.871
0.875
0.86
0.864
0.852
0.861
0.866
0.867
0.869
0.877
0.872
0.884
0.893
0.886
0.891
0.896
0.891
0.893
0.9
0.903
0.897
0.891
0.895
0.887
0.881
0.871
0.866
0.86
0.873
0.873
0.88
0.89
0.889
0.889
0.92
0.925
0.913
0.904
0.905
0.904
0.908
0.902
0.9
0.883
0.89
0.882
0.889
0.889
0.892
0.891
0.889
0.896
0.899
0.907
0.913
0.914
0.908
0.905
0.915
0.91
0.92
0.918
0.915
0.915
0.9
0.9
0.889
0.886
0.889
0.886
0.885
0.895
0.885
0.882
0.882
0.884
0.878
0.884
0.882
0.874
0.875
0.872
0.863
0.872
0.874
0.862
0.847
0.841
0.831
0.839
0.828
0.832
0.833
0.833
0.842
0.844
0.837
0.834
0.829
0.829
0.818
0.802
0.811
0.801
0.798
0.8
0.786
0.808
0.796
0.796
0.797
0.798
0.8
0.798
0.801
0.804
0.797
0.791
0.791
0.781
0.784
0.778
0.773
0.771
0.765
0.753
0.76
0.751
0.716
0.716
0.707
0.697
0.685
0.673
0.664
0.669
0.659
0.655
0.649
0.655
0.652
0.65
0.657
0.656
0.65
0.654
0.66
0.653
0.648
0.651
0.654
0.646
0.639
0.644
0.641
0.63
0.63
0.634
0.628
0.623
0.626
0.63
0.628
0.62
0.627
0.626
0.62
0.616
0.621
0.62
0.615
0.612
0.617
0.612
0.607
0.61
0.609
0.604
0.601
0.606
0.607
0.601
0.609
0.609
0.612
0.61
0.617
0.619
0.615
0.618
0.621
0.617
0.611
0.611
0.623
0.612
0.609
0.605
0.611
0.609
0.606
0.607
0.612
0.606
0.605
0.606
0.605
0.602
0.6
0.607
0.604
0.598
0.6
0.604
0.598
0.592
0.598
0.596
0.594
0.591
0.601
0.594
0.593
0.598
0.596
0.593
0.59
0.596
0.593
0.589
0.592
0.594
0.591
0.587
0.592
0.588
0.587
0.588
0.592
0.589
0.585
0.591
0.586
0.581
0.581
0.583
0.58
0.578
0.583
0.578
0.572
0.581
0.576
0.57
0.569
0.577
0.571
0.564
0.568
0.569
0.569
0.564
0.57
0.57
0.566
0.563
0.565
0.564
0.562
0.564
0.565
0.564
0.563
0.567
0.563
0.562
0.562
0.567
0.563
0.562
0.563
0.566
0.562
0.561
0.564
0.561
0.56
0.556
0.563
0.559
0.555
0.556
0.563
0.56
0.558
0.555
0.56
0.559
0.553
0.557
0.557
0.557
0.554
0.561
0.559
0.557
0.561
0.562
0.564
0.572
0.582
0.589
0.593
0.6
0.612
0.618
0.615
0.622
0.625
0.619
0.623
0.635
0.631
0.632
0.636
0.644
0.637
0.639
0.639
0.643
0.633
0.641
0.657
0.662
0.683
0.696
0.695
0.703
0.722
0.716
0.716
0.728
0.724
0.711
0.713
0.713
0.721
0.726
0.75
0.744
0.746
0.77
0.753
0.742
0.76
0.738
0.731
0.718
0.72
0.731
0.721
0.719
0.739
0.729
0.722
0.73
0.717
0.711
0.717
0.715
0.738
0.731
0.735
0.738
0.732
0.742
0.734
0.743
0.74
0.743
0.753
0.754
0.761
0.759
0.748
0.761
0.749
0.762
0.754
0.762
0.752
0.752
0.76
0.753
0.755
0.766
0.76
0.756
0.771
0.766
0.76
0.764
0.747
0.744
0.737
0.75
0.761
0.757
0.773
0.781
0.799
0.805
0.798
0.798
0.802
0.786
0.74
0.815
0.798
0.778
0.781
0.78
0.789
0.796
0.801
0.813
0.815
0.808
0.806
0.791
0.8
0.794
0.788
0.791
0.796
0.797
0.804
0.801
0.795
0.792
0.794
0.798
0.801
0.802
0.8
0.799
0.791
0.781
0.783
0.779
0.781
0.778
0.778
0.778
0.779
0.789
0.798
0.8
0.801
0.798
0.783
0.782
0.78
0.783
0.788
0.791
0.795
0.786
0.798
0.795
0.799
0.797
0.803
0.797
0.789
0.795
0.797
0.804
0.809
0.815
0.817
0.815
0.813
0.803
0.802
0.802
0.8
0.804
0.81
0.813
0.81
0.817
0.817
0.815
0.823
0.826
0.821
0.825
0.829
0.822
0.822
0.82
0.814
0.813
0.803
0.803
0.797
0.792
0.785
0.784
0.787
0.779
0.779
0.772
0.775
0.779
0.783
0.79
0.805
0.807
0.809
0.811
0.818
0.818
0.827
0.827
0.826
0.82
0.82
0.815
0.802
0.8
0.793
0.799
0.802
0.806
0.814
0.819
0.819
0.836
0.841
0.85
0.853
0.852
0.861
0.86
0.858
0.862
0.852
0.855
0.844
0.829
0.825
0.864
0.841
0.826
0.813
0.795
0.797
0.794
0.799
0.803
0.805
0.814
0.824
0.825
0.835
0.839
0.842
0.852
0.849
0.851
0.839
0.839
0.834
0.831
0.827
0.819
0.814
0.814
0.812
0.809
0.816
0.818
0.82
0.823
0.823
0.826
0.824
0.83
0.825
0.827
0.827
0.817
0.819
0.82
0.823
0.82
0.821
0.827
0.824
0.826
0.824
0.821
0.815
0.815
0.813
0.811
0.814
0.818
0.82
0.827
0.827
0.835
0.835
0.842
0.832
0.833
0.829
0.831
0.828
0.824
0.82
0.813
0.816
0.815
0.813
0.814
0.817
0.817
0.824
0.826
0.83
0.83
0.825
0.827
0.823
0.821
0.824
0.823
0.825
0.82
0.812
0.807
0.802
0.796
0.791
0.789
0.788
0.787
0.781
0.785
0.79
0.784
0.795
0.796
0.797
0.806
0.805
0.817
0.817
0.823
0.823
0.819
0.809
0.803
0.79
0.789
0.782
0.783
0.797
0.794
0.8
0.799
0.804
0.807
0.808
0.806
0.819
0.817
0.83
0.837
0.842
0.836
0.845
0.849
0.847
0.847
0.85
0.854
0.853
0.853
0.858
0.86
0.854
0.854
0.849
0.843
0.845
0.838
0.832
0.824
0.817
0.813
0.801
0.803
0.8
0.795
0.801
0.813
0.822
0.826
0.832
0.827
0.827
0.823
0.818
0.823
0.825
0.826
0.823
0.825
0.827
0.829
0.829
0.828
0.83
0.828
0.836
0.839
0.842
0.841
0.84
0.834
0.836
0.84
0.837
0.84
0.846
0.842
0.851
0.853
0.854
0.852
0.851
0.856
0.852
0.85
0.85
0.841
0.84
0.839
