0.7095543
0.7089306
0.7052631
0.701537
0.7032356
0.6982903
0.6920466
0.6911845
0.6939693
0.7035996
0.7060764
0.7070936
0.7099283
0.7063755
0.717914
0.7208928
0.7131706
0.7147478
0.7275152
0.7156178
0.7099018
0.7404021
0.731091
0.7258451
0.7369445
0.7337578
0.7305363
0.7282705
0.7292671
0.720125
0.7048338
0.7003481
0.706604
0.7123949
0.7164199
0.7163311
0.7125256
0.7119598
0.7138099
0.7131561
0.7151583
0.7142164
0.7100705
0.7078453
0.6996038
0.6987244
0.7091399
0.7133396
0.7149026
0.7191373
0.7283482
0.7304118
0.7295158
0.7374934
0.7466185
0.7507416
0.742604
0.7373554
0.7383436
0.732205
0.7296218
0.7365563
0.7354129
0.733541
0.741548
0.7471042
0.739896
0.737625
0.7470934
0.7404917
0.7372813
0.7473473
0.7402076
0.7254312
0.7277329
0.7379373
0.7394779
0.7399994
0.7517039
0.7557883
0.7518752
0.7541104
0.758088
0.7549639
0.745293
0.7499641
0.7480875
0.7413476
0.7509419
0.7473797
0.7342932
0.7366659
0.7427687
0.7387254
0.7303198
0.7294281
0.736684
0.7352906
0.7314794
0.7344684
0.7387167
0.746468
0.7443
0.7385542
0.7437463
0.7411288
0.7356993
0.7338507
0.7248437
0.7243621
0.7278514
0.7286512
0.7209486
0.7045316
0.7047437
0.708338
0.7070667
0.7021432
0.6988155
0.7030211
0.69707
0.6930419
0.7011248
0.7075315
0.7193875
0.7272745
0.7361699
0.7454234
0.742721
0.7502105
0.7534044
0.7514356
0.7542269
0.7526493
0.7436958
0.7428109
0.7438897
0.7342815
0.7379489
0.745199
0.7414969
0.7400447
0.7428647
0.7384636
0.7286351
0.7316188
0.7407795
0.738628
0.734786
0.7285468
0.7243342
0.7275712
0.7260177
0.7310933
0.7312795
0.7268617
0.7252985
0.7190462
0.7226495
0.7233482
0.7202538
0.7216147
0.7235807
0.7229496
0.7191896
0.7134635
0.7146088
0.7107954
0.7045429
0.714869
0.7123646
0.7115839
0.7126641
0.7040661
0.713061
0.7173109
0.7168164
0.7204972
0.7174823
0.7123105
0.7091042
0.7110221
0.7083691
0.7040655
0.7061772
0.7097326
0.7100118
0.7135924
0.7156418
0.7103488
0.707968
0.7068484
0.7019348
0.6984309
0.7041802
0.7091235
0.7056881
0.7002933
0.704767
0.7214629
0.7338525
0.7390755
0.7372526
0.7376542
0.7429565
0.7428632
0.7400275
0.7381868
0.742219
0.7407997
0.7313318
0.7360325
0.7405879
0.7313337
0.7317674
0.7321234
0.7252195
0.7195701
0.7180793
0.720706
0.7224114
0.724513
0.7220842
0.7203968
0.7247612
0.7301937
0.7291698
0.7340946
0.7385962
0.7359593
0.7346224
0.7305021
0.7364347
0.7359511
0.72786
0.7271033
0.7258847
0.7240637
0.724194
0.7256929
0.7296833
0.7272638
0.7225465
0.7310377
0.7315341
0.728524
0.735469
0.7380806
0.7347416
0.7292041
0.729462
0.7310078
0.7302827
0.7271754
0.7255198
0.7293658
0.7315758
0.7312107
0.7254311
0.7255497
0.7288
0.7273545
0.7265598
0.7221437
0.7148489
0.71382
0.7113601
0.7050538
0.7052151
0.7077686
0.7091209
0.7099326
0.715518
0.7266132
0.7372022
0.7368247
0.7361132
0.7348954
0.725201
0.7269059
0.7290315
0.724308
0.718207
0.7111802
0.7122917
0.7132167
0.7176447
0.7258976
0.724546
0.7274607
0.727197
0.7193441
0.7211327
0.7200917
0.7264668
0.7385806
0.7380357
0.7339772
0.7300208
0.7304436
0.7288827
0.7289645
0.7347952
0.7359516
0.7362063
0.7344202
0.7285187
0.7258876
0.7327035
0.7363734
0.7327833
0.7301622
0.7223435
0.7152247
0.7138092
0.7154831
0.7161146
0.7151156
0.7124816
0.7065758
0.7092754
0.7085074
0.7065883
0.7132186
0.7199893
0.7268078
0.7288958
0.7280959
0.7268673
0.7295864
0.7274471
0.7188362
0.7210201
0.7164059
0.7088583
0.7164787
0.713014
0.7083687
0.7132549
0.713647
0.7144996
0.7175899
0.71916
0.7177784
0.7196238
0.7186795
0.7146964
0.710953
0.7074198
0.7075993
0.7017445
0.7003865
0.7017722
0.7019406
0.7090828
0.7046743
0.6994863
0.7077759
0.7114775
0.7096896
0.712644
0.7160724
0.7225311
0.7266146
0.7257135
0.7238576
0.7170483
0.7212033
0.7278031
0.7285751
0.7290111
0.7249253
0.7234097
0.7290061
0.7323392
0.7319194
0.7273879
0.7155314
0.7113606
0.7089311
0.7056916
0.7027133
0.6976632
0.7052998
0.7071236
0.7016864
0.708832
0.7156109
0.7129495
0.7060417
0.7090096
0.7130525
0.7146245
0.7189938
0.7122104
0.7056041
0.7052406
0.7060373
0.7066672
0.7031953
0.7077943
0.7155492
0.7152578
0.7182856
0.716682
0.7131465
0.7156641
0.7140938
0.7132221
0.7091211
0.7044785
0.7088763
0.7138274
0.7083701
0.7090838
0.7183669
0.7181829
0.721653
0.7244388
0.721908
0.7253787
0.7271558
0.7260001
0.7315522
0.7346349
0.7304062
0.724361
0.7245276
0.7268068
0.725478
0.7309559
0.7288047
0.7241727
0.7277126
0.7303017
0.7315416
0.7325954
0.7343405
0.7289726
0.7304354
0.7388952
0.729935
0.7290916
0.7334286
0.7302585
0.7359945
0.7294566
0.7253487
0.7353337
0.733764
0.7321317
0.7332645
0.7276243
0.7270185
0.7229759
0.7134509
0.7164438
0.71857
0.714793
0.7108236
0.709879
0.7195377
0.7234375
0.7242626
0.7239133
0.7217156
0.7286159
0.7327618
0.7323828
0.7314099
0.7190002
0.6997879
0.6999952
0.7158023
0.7201044
0.7149953
0.7166155
0.7210733
0.7229672
0.7115914
0.7076331
0.7209681
0.7134108
0.710022
0.720159
0.7217587
0.7177292
0.7037303
0.6987638
0.6993258
0.6894865
0.6852978
0.6808953
0.6724888
0.6708406
0.6710233
0.6655116
0.6633021
0.6642138
0.6619334
0.6599509
0.6559519
0.6555222
0.6527573
0.6499598
0.6518142
0.6466733
0.6463475
0.6467037
0.6427949
0.6431576
0.6405796
0.6421178
0.6386569
0.6356122
0.6365378
0.6328222
0.6321379
0.6274828
0.6296127
0.6256483
0.6221386
0.6269532
0.6196787
0.6183133
0.622255
0.6172301
0.6134123
0.6122228
0.6100369
0.6132762
0.6108081
0.6036079
0.6059874
0.6073053
0.6005498
0.602516
0.6021747
0.593226
0.5978011
0.5954395
0.5866403
0.5917481
0.5879202
0.5822131
0.5856152
0.5840299
0.5767207
0.5807229
0.5848463
0.5740046
0.5743227
0.5765517
0.5718412
0.5745491
0.5736834
0.5697615
0.5747324
0.5764279
0.5706197
0.5698664
0.5730647
0.5737377
0.5677576
0.5684517
0.5715979
0.5675981
0.5676317
0.5693124
0.5684779
0.5643881
0.5652709
0.5649421
0.561518
0.5636035
0.5607539
0.5534146
0.5542833
0.558357
0.5563619
0.5493942
0.5473717
0.551513
0.5432977
0.5482855
0.5601156
0.5462995
0.542617
0.5495915
0.5472125
0.5394111
0.5431877
0.547243
0.5412674
0.5430403
0.542397
0.5399783
0.5376567
0.5379884
0.5383719
0.5337381
0.5313936
0.530643
0.5326071
0.5296202
0.5283319
0.5311495
0.5277084
0.5255713
0.5247719
0.5238338
0.5219416
0.5203106
0.5228808
0.5226301
0.5195616
0.5195718
0.5226151
0.5217897
0.5174328
0.5178487
0.5178233
0.5174702
0.5150144
0.5136122
0.5172983
0.5140601
0.5105531
0.5123988
0.5124611
0.5126974
0.5109328
0.5094687
0.5092626
0.5112363
0.5099173
0.5078502
0.5086891
0.5053282
0.5072078
0.504804
0.5055127
0.5093549
0.5001021
0.4969371
0.5007615
0.4989443
0.4962583
0.4946533
0.4945987
0.4974567
0.4971543
0.4950438
0.4960914
0.4956121
0.4946314
0.4930631
0.4923307
0.4945916
0.4942069
0.492897
0.4909298
0.4937487
0.4909831
0.491647
0.5012928
0.4931309
0.4861969
0.4884448
0.4898217
0.488642
0.4857092
0.4863129
0.4866352
0.4863528
0.4844926
0.4837836
0.4818064
0.481813
0.4848919
0.481746
0.4808541
0.4828508
0.4788066
0.4823356
0.4754196
0.4856337
0.5108864
0.4863038
0.4737631
0.4801705
0.4768713
0.4775019
0.475888
0.475893
0.4741405
0.4751138
0.4755782
0.4768109
0.4788892
0.4781089
0.4768417
0.4762826
0.4789319
0.4818858
0.4808784
0.482651
0.4882204
0.491686
0.4932017
0.4915794
0.4940743
0.4995911
0.5013464
0.5049066
0.5066485
0.5077264
0.512264
0.514503
0.5133745
0.5116891
0.512512
0.5121632
0.5099666
0.5090374
0.5090589
0.509935
0.5077477
0.5044528
0.5080773
0.5158282
0.5277016
0.5342014
0.5275021
0.5241474
0.5257236
0.529654
0.5284237
0.5219446
0.5201855
0.5153608
0.5111586
0.5129553
0.5127159
0.512629
0.5175553
0.5222343
0.5258654
0.5245082
0.5219963
0.5239731
0.5260702
0.5267354
0.5229938
0.520398
0.5249666
0.5319207
0.5381114
0.5393317
0.5379505
0.5401449
0.5428095
0.542972
0.5421417
0.5417958
0.5367729
0.5316475
0.5314526
0.5337058
0.5305665
0.5271297
0.5275849
0.5276603
0.5292548
0.5308278
0.5365251
0.5409922
0.54214
0.5426616
0.5458145
0.555387
0.5565205
0.5508541
0.5536664
0.5568526
0.558462
0.5557692
0.5608167
0.5566215
0.5496467
0.5610223
0.5700621
0.5586996
0.53191
0.5482574
0.5706604
0.5735887
0.5761203
0.5691697
0.5603421
0.5578107
0.5583619
0.5517044
0.5497228
0.5478627
0.5477346
0.5409671
0.5354647
0.5446545
0.545327
0.5434191
0.5452272
0.5404291
0.5404202
0.5474765
0.55352
0.5617101
0.5667244
0.5707351
0.5736945
0.5724301
0.5748325
0.5813382
0.5751511
0.5749964
0.5580872
0.5463781
0.5821716
0.5791846
0.5664278
0.5707645
0.5649741
0.5660077
0.5681249
0.5696835
0.5715394
0.5765731
0.5823978
0.5830893
0.5822634
0.5780234
0.5781509
0.5664233
0.5572748
0.5782023
0.5825727
0.5810279
0.5815944
0.5806207
0.5869334
0.5847711
0.5826079
0.5885788
0.5917117
0.5860717
0.5823471
0.5837784
0.5862008
0.5877252
0.5882425
0.5887935
0.584678
0.5797665
0.5792533
0.5787254
0.5805437
0.5821667
0.5841623
0.585432
0.5858877
0.5879637
0.5857299
0.5847041
0.5827656
0.5829934
0.5821328
0.5806784
0.5884884
0.5874059
0.5845082
0.5849279
0.5856699
0.584534
0.5877182
0.5798642
0.5793257
0.6030455
0.5963749
0.5913817
0.5947437
0.5925437
0.5957384
0.5967488
0.5977644
0.5920073
0.5895717
0.5912876
0.5950714
0.5985359
0.604076
0.6014501
0.6068737
0.5905016
0.5763585
0.6153957
0.6001155
0.5899088
0.5879361
0.582895
0.6107465
0.6017186
0.6073655
0.6091417
0.602458
0.6104966
0.6151964
0.6145459
0.6136902
0.6142199
0.6227104
0.6123714
0.5970174
0.6195988
0.6149055
0.6072806
0.6129352
0.6054631
0.6015101
0.6031022
0.6064734
0.6099636
0.6147346
0.6117482
0.6054158
0.6039321
0.6038701
0.6043891
0.6065221
0.6074382
0.6052765
0.6007602
0.6006705
0.6031724
0.6060212
0.607657
0.6063545
0.6034665
0.6029643
0.5992676
0.5954922
0.602932
0.6039677
0.5995578
0.5960076
0.5924235
0.5947717
0.5981408
0.6019982
0.6036275
0.6024504
0.601495
0.5994439
0.5987617
0.6013812
0.6011778
0.5990612
0.600025
0.6031131
0.6056954
0.6029318
0.6015913
0.6009605
0.6016244
0.6073222
0.6071069
0.6041774
0.6049267
0.6048859
0.6008834
0.5985205
0.59942
0.6029133
0.6067944
0.610477
0.6131445
0.6118117
0.613557
0.6094571
0.6066671
0.6087201
0.6075528
0.6106214
0.6097929
0.6065365
0.6042348
0.602001
0.5997628
0.5974674
0.5975538
0.5985177
0.6016386
0.6052577
0.6110784
0.6154304
0.6167396
0.6203313
0.6213232
0.6253418
0.631186
0.6272542
0.6221857
0.6207589
0.6181743
0.6159283
0.6128849
0.6070021
0.6022279
0.6053787
0.611308
0.6113877
0.6119696
0.6182776
0.621108
0.6201012
0.624232
0.6250893
0.6199572
0.6150166
0.6144739
0.61852
0.6213587
0.6237113
0.6228828
0.6270506
0.6343463
0.6333852
0.6329376
0.6372412
0.6404661
0.6382525
0.6382638
0.6393313
0.636681
0.6376933
0.6389592
0.6359354
0.6365545
0.6369299
0.6353828
0.6332417
0.6311376
0.6295361
0.6300092
0.6360314
0.6374411
0.6391141
0.6402767
0.6402018
0.6459325
0.651965
0.6581541
0.6625361
0.6555764
0.649393
0.6526323
0.6519258
0.648197
0.6435871
0.6430598
0.6445012
0.6425831
0.6380572
0.6332755
0.6317339
0.6269103
0.6224879
0.6225917
0.6234033
0.6291194
0.6320655
0.6280105
0.6294987
0.6298746
0.6274571
0.6319395
0.6333382
0.6309883
0.6353989
0.6391435
0.6366561
0.6390607
0.6467841
0.6476469
0.6512068
0.6538418
0.6527121
0.6517518
0.6574915
0.6543248
0.6463514
0.6636393
0.6624158
0.6481525
0.6488596
0.6490765
0.6467151
0.6456277
0.6439692
0.6402124
0.6433319
0.644967
0.6422775
0.6428191
0.6430517
0.6419351
0.6444628
0.6516289
0.6526283
0.6485818
0.6486416
0.6514223
0.6545506
0.6552166
0.6526779
0.6515796
0.6501252
0.653701
0.6563779
0.6495386
0.6492348
0.652353
0.6483024
0.6473716
0.6514871
0.6534241
0.6523463
0.6486017
0.6488744
0.6497089
0.6484912
0.6495489
0.6470338
0.6432496
0.6428214
0.6364838
0.6302186
0.6285658
0.6310907
0.6388
0.6429315
0.6428972
0.6410865
0.6467152
0.6536176
0.6488138
0.6448428
0.6471651
0.6476311
0.6441567
0.6444537
0.650548
0.6530736
0.6507978
0.6516622
0.6607455
0.6609047
0.6547819
0.6596967
0.6648498
0.6606124
0.6547544
0.6544668
0.6565636
0.6561398
0.6495005
0.647331
0.6548615
0.6551851
0.6490908
0.6515348
0.6571772
0.6564368
0.6526248
0.6560808
0.6558212
0.6474168
0.6528008
0.6601937
0.6600122
0.6575401
0.6582428
0.671276
0.6696584
0.6606242
0.661097
0.6644903
0.6623369
0.6597948
0.6659966
0.6610333
0.6536849
0.6488636
0.6412982
0.6312811
0.6289511
0.6279578
0.622681
0.626657
0.6366392
0.645999
0.6531272
0.6630406
0.6649462
0.655912
0.6573336
0.6673255
0.6635633
0.6584001
0.660392
0.6651029
0.6738256
0.6687937
0.6590942
0.6601538
0.6649977
0.6609076
0.6516406
0.6562794
0.6619049
0.6612476
0.6650732
0.6596273
0.6536122
0.6582756
0.6538802
0.6556108
0.659082
0.6498882
0.6467846
0.6524705
0.6526981
0.6464497
0.6426625
0.6359126
0.6362617
0.6443847
0.6440791
0.6411837
0.6374668
0.6383706
0.6476794
0.6528319
0.65091
0.6471546
0.6527702
0.6594135
0.6586174
0.6628865
0.6698992
0.6717724
0.6668371
0.6682204
0.6764443
0.6782092
0.6712124
0.6710919
0.6795046
0.6755984
0.6667801
0.6701257
0.6784995
0.6745773
0.6691914
0.6718938
0.6773072
0.6735204
0.6674062
0.6728918
0.6766251
0.6708545
0.6690885
0.6747528
0.6781685
0.6741225
0.6728829
0.6811114
0.6776615
0.6656632
0.6663514
0.6688222
0.663144
0.6657662
0.6705521
0.6672787
0.6728211
