1.191599
1.145402
1.185731
1.172479
1.164911
1.174512
1.151636
1.163928
1.145237
1.138902
1.165428
1.144201
1.141082
1.167784
1.144023
1.14811
1.15953
1.146217
1.154293
1.137581
1.169702
1.171852
1.131061
1.169377
1.161285
1.127321
1.163476
1.144955
1.133343
1.158209
1.130709
1.151466
1.157839
1.126918
1.154502
1.145182
1.137283
1.146006
1.126751
1.162276
1.156318
1.14223
1.153946
1.134598
1.146116
1.135872
1.145208
1.150261
1.118371
1.153023
1.156267
1.125893
1.153017
1.140935
1.130263
1.154192
1.123597
1.135054
1.147387
1.127802
1.147115
1.129018
1.142145
1.15015
1.109407
1.137279
1.141543
1.118782
1.137246
1.119951
1.130825
1.146953
1.11298
1.126054
1.120997
1.112599
1.135064
1.106932
1.113764
1.129478
1.107277
1.134149
1.12905
1.112546
1.129376
1.103156
1.116486
1.124288
1.10397
1.131862
1.11006
1.105878
1.123485
1.098675
1.126749
1.124642
1.098423
1.13516
1.119753
1.115513
1.133575
1.11776
1.133204
1.136554
1.136308
1.110087
1.119253
1.136232
1.101862
1.136309
1.141423
1.113339
1.146347
1.137553
1.132995
1.145231
1.117303
1.14504
1.14912
1.123594
1.153549
1.140799
1.126711
1.155282
1.135633
1.139984
1.155585
1.119375
1.142979
1.145433
1.117998
1.150944
1.137182
1.130433
1.156408
1.133602
1.146118
1.153636
1.134833
1.155909
1.142733
1.149758
1.161219
1.124743
1.148672
1.153944
1.127044
1.15585
1.150669
1.152558
1.162012
1.13787
1.152323
1.139617
1.146512
1.151117
1.117185
1.151743
1.144964
1.124929
1.143224
1.128093
1.151676
1.149875
1.12739
1.152353
1.131015
1.131971
1.142002
1.114012
1.148579
1.150369
1.121439
1.154274
1.142281
1.129031
1.14471
1.123672
1.148823
1.151287
1.120044
1.152333
1.142885
1.122772
1.149518
1.131462
1.14041
1.154234
1.131234
1.153026
1.145633
1.126465
1.130932
1.150237
1.15283
1.125998
1.15396
1.147442
1.131121
1.154507
1.127549
1.135031
1.142375
1.115619
1.143115
1.136556
1.125274
1.146308
1.117889
1.123508
1.143627
1.122929
1.127144
1.151957
1.126652
1.105141
1.125486
1.105646
1.129876
1.137891
1.094963
1.136051
1.13666
1.09854
1.119497
1.11028
1.110991
1.138574
1.112159
1.114101
1.129008
1.099159
1.116675
1.119991
1.107694
1.142606
1.126734
1.106462
1.129963
1.114498
1.126992
1.133931
1.103166
1.128679
1.124324
1.103987
1.135138
1.123187
1.113754
1.13449
1.109432
1.130519
1.140342
1.110622
1.134021
1.12043
1.112741
1.13416
1.103434
1.109899
1.130233
1.103686
1.128855
1.132312
1.091888
1.122402
1.123169
1.10082
1.128469
1.113771
1.109041
1.124252
1.102559
1.120852
1.119682
1.098692
1.129392
1.119208
1.103622
1.140038
1.129327
1.116037
1.136124
1.11429
1.120227
1.132974
1.123477
1.125264
1.090094
1.07351
1.112783
1.120603
1.091066
1.112663
1.118997
1.080623
1.10319
1.11708
1.095952
1.124232
1.133587
1.060937
1.05006
1.11494
1.090644
1.05005
1.065134
1.062849
1.031052
1.006848
1.009039
1.000993
0.9806798
0.9752152
0.9732605
0.9645508
0.9589682
0.9602361
0.9649202
0.9744333
0.9719463
0.9641093
0.971436
0.9756948
0.9790825
0.9932817
1.000631
0.9984503
1.0032
1.002583
1.003831
1.006953
0.9957503
1.009143
1.012953
0.9901415
0.9857041
0.9881802
0.9786701
0.9326221
0.9050345
0.8996533
0.8824063
0.8778769
0.868308
0.8741322
0.8681848
0.8558207
0.8576747
0.8408587
0.8336188
0.8292017
0.8361809
0.8423511
0.8279445
0.8327926
0.8352141
0.8243797
0.8274997
0.8373293
0.8333878
0.8221217
0.8248457
0.8271416
0.8209779
0.8216212
0.8206044
0.8112945
0.812966
0.8036093
0.7904098
0.7977384
0.8006468
0.7973086
0.7881181
0.7862255
0.7911505
0.784222
0.7751827
0.7776248
0.7817448
0.7791798
0.7724566
0.7748718
0.7767423
0.7685849
0.7723461
0.7734414
0.7613823
0.7576757
0.7643637
0.7582449
0.7499128
0.750915
0.7567695
0.7524744
0.7382313
0.7419602
0.7402768
0.7328833
0.733838
0.7310452
0.7314045
0.7299549
0.725353
0.7269987
0.7275321
0.7212136
0.7161758
0.7159419
0.7137318
0.7071309
0.7100068
0.7150883
0.7085946
0.7128583
0.7188738
0.7109192
0.7122702
0.718003
0.7147781
0.7181357
0.7186504
0.7117843
0.7125911
0.7185807
0.7175013
0.709708
0.7076927
0.7059336
0.6966453
0.6900614
0.6988554
0.7071781
0.7035241
0.7042345
0.7161945
0.7194584
0.7195543
0.7294698
0.7294581
0.7285157
0.7297392
0.7231848
0.7213941
0.717841
0.7105269
0.7131548
0.7150903
0.7054415
0.7049985
0.7067983
0.700556
0.7074798
0.7055498
0.7000431
0.7133502
0.7105567
0.7030375
0.7132391
0.7111911
0.7038164
0.7106793
0.7111502
0.7075952
0.7159128
0.7212663
0.7164847
0.7184798
0.7272735
0.729254
0.7368069
0.7407514
0.7346275
0.7402319
0.7392091
0.7294249
0.7367471
0.7329019
0.7239052
0.7365751
0.7354927
0.7299708
0.7301696
0.7251377
0.7239621
0.7263101
0.716091
0.7222354
0.7597499
0.7648417
0.7684052
0.7668023
0.783972
0.8180375
0.7680063
0.7705662
0.8391668
0.8479902
0.8367328
0.8423229
0.8375247
0.8113735
0.7958504
0.7798782
0.7711588
0.7729096
0.7683566
0.7812155
0.7998188
0.8024619
0.7829147
0.7626309
0.7753027
0.8033912
0.8241399
0.8342006
0.8534265
0.8573287
0.82622
0.8388488
0.8409734
0.7973776
0.8001685
0.8055598
0.8151557
0.8352356
0.8296651
0.8278283
0.8245232
0.8434749
0.8681289
0.877672
0.8596132
0.8399303
0.8719888
0.8750285
0.8611702
0.855495
0.8967996
0.9512988
0.9507962
0.9635035
0.9717231
0.9532303
0.9068749
0.9069185
0.9207431
0.9077658
0.9092523
0.9006661
0.9103436
0.8927698
0.9097666
0.9886904
0.985047
0.9839389
1.003229
0.993545
1.038444
1.037754
0.9993918
1.011426
1.002908
1.01269
1.041746
1.029452
1.030789
1.046486
1.045475
1.0647
1.050608
1.033798
1.058142
1.042721
1.043082
1.065436
1.047827
1.045526
1.063233
1.047475
1.055308
1.079653
1.056356
1.066125
1.082043
1.058637
1.083812
1.094175
1.056798
1.073991
1.090107
1.062142
1.078264
1.090969
1.061328
1.079415
1.086703
1.058425
1.07744
1.109022
1.090195
1.070496
1.089946
1.080569
1.086537
1.093459
1.062552
1.085078
1.089367
1.062947
1.09602
1.092108
1.068706
1.099165
1.089754
1.063555
1.074005
1.077724
1.091621
1.099387
1.066292
1.064315
1.088881
1.065904
1.065718
1.096982
1.066836
1.066492
1.087426
1.060616
1.091426
1.097971
1.07334
1.106444
1.097314
1.082309
1.111763
1.09532
1.089744
1.103201
1.077746
1.081378
1.096736
1.104329
1.08697
1.082042
1.103758
1.081835
1.083011
1.100908
1.077849
1.08677
1.103428
1.079041
1.094721
1.103823
1.079057
1.112174
1.115444
1.079833
1.105343
1.106958
1.085282
1.107066
1.096133
1.089079
1.108505
1.102194
1.118495
1.102396
1.069993
1.103587
1.09878
1.063652
1.093808
1.09799
1.065321
1.093826
1.095158
1.071187
1.100046
1.088451
1.081548
1.104617
1.082442
1.094068
1.109862
1.082669
1.113975
1.121913
1.091108
1.126901
1.119532
1.089658
1.121687
1.101451
1.0669
1.107704
1.102874
1.072892
1.104884
1.09491
1.075277
1.105836
1.09129
1.083273
1.107576
1.101353
1.085725
1.093687
1.115346
1.092971
1.098676
1.1226
1.09912
1.106409
1.097334
1.093474
1.105383
1.078683
1.090295
1.114005
1.087382
1.060169
1.092574
1.092224
1.068511
1.099533
1.08904
1.066069
1.094218
1.083379
1.070846
1.103724
1.086407
1.080686
1.102085
1.076147
1.085328
1.096396
1.071034
1.100304
1.108089
1.070753
1.098249
1.106743
1.077254
1.107002
1.103201
1.083968
1.112954
1.090716
1.073102
1.10199
1.125333
1.117
1.091897
1.123156
1.119058
1.090104
1.117704
1.106378
1.097833
1.116867
1.088419
1.098345
1.119026
1.090397
1.113659
1.112732
1.077228
1.10667
1.098457
1.081492
1.10593
1.084841
1.096886
1.099379
1.076698
1.095617
1.076001
1.07427
1.081394
1.066631
1.06917
1.069831
1.091372
1.08777
1.068425
1.094136
1.082344
1.066777
1.098046
1.087741
1.068531
1.097258
1.089055
1.075017
1.100035
1.084648
1.09096
1.097452
1.069501
1.097447
1.109976
1.073418
1.085303
1.101424
1.078754
1.103024
1.107063
1.070572
1.101959
1.097752
1.082355
