0.744
0.754
0.745
0.73
0.731
0.74
0.737
0.723
0.715
0.704
0.684
0.675
0.69
0.712
0.713
0.72
0.744
0.767
0.771
0.752
0.745
0.779
0.8
0.807
0.771
0.757
0.77
0.75
0.737
0.766
0.778
0.784
0.768
0.771
0.771
0.766
0.753
0.726
0.724
0.722
0.718
0.713
0.733
0.762
0.779
0.769
0.785
0.794
0.793
0.789
0.812
0.828
0.822
0.799
0.812
0.804
0.786
0.777
0.79
0.783
0.787
0.798
0.817
0.82
0.81
0.789
0.776
0.771
0.772
0.806
0.822
0.835
0.813
0.787
0.754
0.736
0.737
0.75
0.745
0.761
0.781
0.799
0.793
0.795
0.823
0.832
0.827
0.831
0.847
0.834
0.825
0.817
0.828
0.801
0.801
0.816
0.812
0.791
0.798
0.788
0.807
0.804
0.779
0.785
0.788
0.771
0.759
0.786
0.81
0.809
0.804
0.799
0.774
0.79
0.794
0.781
0.784
0.768
0.763
0.749
0.754
0.751
0.757
0.753
0.753
0.764
0.76
0.774
0.786
0.771
0.771
0.786
0.762
0.76
0.782
0.806
0.822
0.814
0.774
0.774
0.785
0.79
0.788
0.786
0.788
0.794
0.812
0.8
0.805
0.801
0.823
0.84
0.831
0.805
0.788
0.761
0.753
0.757
0.78
0.809
0.793
0.763
0.759
0.763
0.776
0.799
0.796
0.787
0.785
0.772
0.76
0.743
0.708
0.698
0.724
0.738
0.73
0.736
0.743
0.748
0.745
0.77
0.806
0.796
0.779
0.766
0.77
0.767
0.757
0.735
0.732
0.736
0.742
0.737
0.764
0.792
0.776
0.75
0.743
0.752
0.745
0.75
0.763
0.791
0.789
0.778
0.745
0.738
0.738
0.756
0.752
0.748
0.753
0.78
0.824
0.807
0.804
0.81
0.815
0.795
0.792
0.782
0.766
0.771
0.787
0.796
0.807
0.796
0.829
0.829
0.834
0.816
0.817
0.807
0.788
0.771
0.771
0.784
0.804
0.802
0.783
0.777
0.785
0.807
0.804
0.813
0.792
0.776
0.772
0.791
0.779
0.771
0.771
0.797
0.796
0.794
0.8
0.814
0.83
0.802
0.795
0.805
0.804
0.782
0.773
0.787
0.789
0.764
0.755
0.751
0.758
0.78
0.769
0.756
0.772
0.777
0.781
0.758
0.771
0.784
0.789
0.766
0.771
0.789
0.795
0.802
0.776
0.753
0.767
0.768
0.782
0.775
0.783
0.775
0.764
0.755
0.737
0.725
0.717
0.724
0.728
0.721
0.71
0.709
0.713
0.72
0.723
0.721
0.737
0.757
0.776
0.749
0.771
0.784
0.771
0.799
0.812
0.829
0.787
0.792
0.793
0.788
0.797
0.786
0.779
0.746
0.742
0.755
0.757
0.761
0.759
0.75
0.722
0.707
0.709
0.703
0.705
0.705
0.699
0.696
0.689
0.703
0.714
0.716
0.731
0.758
0.766
0.765
0.768
0.788
0.788
0.773
0.785
0.785
0.788
0.79
0.777
0.759
0.731
0.714
0.722
0.722
0.723
0.746
0.76
0.779
0.792
0.791
0.768
0.771
0.761
0.765
0.747
0.729
0.72
0.715
0.724
0.75
0.756
0.749
0.771
0.777
0.792
0.809
0.816
0.813
0.808
0.78
0.771
0.767
0.776
0.756
0.757
0.776
0.784
0.775
0.754
0.745
0.734
0.709
0.691
0.7
0.699
0.711
0.74
0.765
0.75
0.741
0.753
0.767
0.765
0.743
0.735
0.733
0.735
0.729
0.73
0.732
0.753
0.765
0.785
0.768
0.767
0.776
0.779
0.769
0.757
0.771
0.789
0.791
0.813
0.806
0.805
0.778
0.771
0.768
0.755
0.734
0.718
0.73
0.768
0.775
0.766
0.754
0.735
0.745
0.719
0.695
0.695
0.698
0.7
0.718
0.737
0.742
0.729
0.727
0.724
0.725
0.723
0.73
0.729
0.744
0.738
0.737
0.756
0.78
0.782
0.785
0.761
0.728
0.705
0.7
0.704
0.712
0.709
0.708
0.726
0.745
0.745
0.737
0.756
0.781
0.765
0.763
0.766
0.773
0.767
0.759
0.764
0.777
0.79
0.776
0.766
0.759
0.763
0.75
0.773
0.769
0.75
0.732
0.736
0.735
0.721
0.728
0.728
0.72
0.712
0.701
0.683
0.687
0.712
0.742
0.778
0.759
0.771
0.761
0.783
0.789
0.786
0.779
0.768
0.74
0.718
0.71
0.689
0.679
0.677
0.683
0.695
0.725
0.745
0.795
0.798
0.797
0.793
0.776
0.794
0.775
0.773
0.749
0.753
0.759
0.767
0.795
0.806
0.804
0.795
0.781
0.784
0.784
0.783
0.785
0.758
0.736
0.744
0.771
0.776
0.777
0.787
0.761
0.742
0.758
0.769
0.776
0.791
0.806
0.807
0.79
0.783
0.781
0.735
0.71
0.696
0.668
0.661
0.646
0.656
0.66
0.658
0.657
0.67
0.671
0.665
0.662
0.655
0.648
0.646
0.648
0.644
0.629
0.625
0.632
0.683
0.723
0.737
0.744
0.736
0.722
0.729
0.726
0.71
0.688
0.686
0.686
0.688
0.683
0.692
0.677
0.674
0.67
0.674
0.672
0.671
0.69
0.666
0.67
0.662
0.666
0.655
0.662
0.662
0.658
0.664
0.658
0.66
0.672
0.667
0.655
0.646
0.65
0.648
0.648
0.643
0.634
0.639
0.641
0.639
0.632
0.617
0.604
0.594
0.588
0.577
0.573
0.568
0.562
0.559
0.553
0.552
0.546
0.546
0.542
0.542
0.536
0.538
0.534
0.529
0.527
0.527
0.523
0.523
0.52
0.522
0.519
0.516
0.517
0.514
0.516
0.516
0.513
0.514
0.512
0.51
0.512
0.509
0.51
0.508
0.512
0.506
0.506
0.508
0.504
0.507
0.504
0.503
0.505
0.502
0.499
0.498
0.498
0.495
0.498
0.491
0.493
0.49
0.49
0.489
0.488
0.488
0.486
0.485
0.486
0.483
0.482
0.485
0.482
0.481
0.48
0.481
0.479
0.476
0.48
0.478
0.477
0.48
0.473
0.475
0.477
0.475
0.472
0.477
0.469
0.469
0.472
0.469
0.465
0.472
0.464
0.465
0.465
0.461
0.46
0.462
0.46
0.459
0.46
0.456
0.455
0.458
0.451
0.455
0.453
0.452
0.45
0.451
0.45
0.45
0.449
0.449
0.45
0.444
0.449
0.446
0.445
0.449
0.445
0.446
0.443
0.449
0.442
0.446
0.442
0.446
0.444
0.443
0.443
0.445
0.444
0.443
0.441
0.444
0.444
0.443
0.444
0.443
0.442
0.444
0.44
0.44
0.442
0.442
0.442
0.437
0.439
0.438
0.438
0.438
0.437
0.437
0.438
0.436
0.435
0.438
0.435
0.436
0.437
0.436
0.433
0.435
0.436
0.434
0.433
0.434
0.431
0.434
0.432
0.432
0.433
0.431
0.433
0.436
0.435
0.433
0.433
0.434
0.434
0.434
0.437
0.433
0.433
0.434
0.435
0.434
0.433
0.436
0.435
0.434
0.437
0.432
0.438
0.435
0.431
0.436
0.433
0.434
0.437
0.432
0.433
0.433
0.431
0.433
0.433
0.432
0.428
0.432
0.434
0.429
0.43
0.429
0.428
0.432
0.433
0.432
0.434
0.432
0.433
0.433
0.434
0.434
0.431
0.435
0.432
0.433
0.433
0.43
0.4356375
0.437
0.433
0.435
0.433
0.433
0.434
0.433
0.433
0.433
0.43
0.433
0.432
0.433
0.436
0.432
0.431
0.437
0.429
0.437
0.435
0.436
0.435
0.435
0.435
0.436
0.438
0.434
0.438
0.432
0.436
0.433
0.433
0.436
0.436
0.434
0.437
0.434
0.438
0.438
0.438
0.439
0.443
0.443
0.446
0.448
0.448
0.449
0.446
0.447
0.444
0.445
0.442
0.443
0.441
0.442
0.445
0.442
0.443
0.444
0.451
0.452
0.453
0.459
0.457
0.46
0.461
0.464
0.461
0.461
0.461
0.462
0.462
0.461
0.462
0.46
0.459
0.46
0.459
0.459
0.458
0.459
0.458
0.461
0.458
0.458
0.46
0.463
0.465
0.465
0.472
0.481
0.482
0.479
0.482
0.483
0.484
0.483
0.485
0.487
0.483
0.482
0.484
0.476
0.475
0.477
0.469
0.471
0.47
0.472
0.468
0.468
0.474
0.476
0.477
0.479
0.48
0.481
0.483
0.487
0.485
0.487
0.489
0.495
0.495
0.499
0.496
0.498
0.502
0.507
0.509
0.508
0.509
0.509
0.513
0.511
0.508
0.509
0.506
0.503
0.505
0.512
0.518
0.515
0.522
0.53
0.534
0.529
0.535
0.54
0.542
0.538
0.535
0.529
0.526
0.521
0.52
0.52
0.514
0.511
0.522
0.542
0.562
0.567
0.566
0.562
0.549
0.555
0.564
0.562
0.56
0.559
0.555
0.547
0.542
0.541
0.54
0.533
0.533
0.531
0.525
0.527
0.548
0.549
0.555
0.551
0.553
0.55
0.544
0.545
0.547
0.551
0.558
0.577
0.605
0.609
0.605
0.59
0.602
0.602
0.605
0.597
0.594
0.603
0.602
0.592
0.592
0.601
0.608
0.609
0.599
0.595
0.601
0.602
0.6
0.595
0.603
0.608
0.595
0.597
0.604
0.608
0.619
0.622
0.612
0.605
0.611
0.609
0.604
0.599
0.604
0.604
0.601
0.6
0.601
0.6
0.599
0.61
0.608
0.595
0.59
0.594
0.591
0.587
0.6
0.612
0.614
0.616
0.607
0.602
0.62
0.558
0.6228885
0.629
0.635
0.622
0.622
0.626
0.636
0.629
0.634
0.646
0.654
0.646
0.649
0.643
0.647
0.654
0.666
0.665
0.675
0.667
0.671
0.656
0.649
0.635
0.643
0.647
0.644
0.631
0.642
0.645
0.642
0.639
0.644
0.645
0.652
0.644
0.641
0.645
0.653
0.641
0.643
0.644
0.648
0.649
0.65
0.664
0.666
0.664
0.681
0.679
0.684
0.672
0.65
0.649
0.65
0.654
0.648
0.643
0.641
0.638
0.623
0.625
0.62
0.619
0.613
0.615
0.628
0.631
0.634
0.634
0.631
0.654
0.656
0.651
0.638
0.652
0.652
0.653
0.652
0.658
0.662
0.652
0.652
0.661
0.661
0.66
0.668
0.676
0.666
0.66
0.667
0.666
0.658
0.658
0.663
0.659
0.667
0.659
0.656
0.666
0.673
0.684
0.663
0.664
0.656
0.653
0.646
0.66
0.667
0.662
0.68
0.673
0.664
0.651
0.634
0.627
0.621
0.621
0.619
0.626
0.628
0.626
0.617
0.614
0.612
0.605
0.606
0.608
0.611
0.627
0.631
0.623
0.625
0.625
0.62
0.612
0.616
0.625
0.624
0.622
0.625
0.736
0.6769462
0.6772932
0.6776378
0.6779798
0.762
0.6786557
0.6789894
0.767
0.75
0.736
0.709
0.708
0.721
0.718
0.716
0.728
0.732
0.72
0.701
0.702
0.696
0.694
0.677
0.677
0.678
0.682
0.675
0.688
0.697
0.69
0.69
0.702
0.696
0.688
0.69
0.69
0.695
0.719
0.715
0.717
0.713
0.712
0.683
0.676
0.658
0.645
0.644
0.643
0.642
0.657
0.663
0.66
0.661
0.665
0.676
0.68
0.671
0.676
0.681
0.687
0.68
0.689
0.702
0.703
0.699
0.706
0.718
0.718
0.701
0.703
0.718
0.712
0.695
0.703
0.712
0.72
0.703
0.701
0.709
0.702
0.7
0.705
0.714
0.722
0.707
0.717
0.717
0.72
0.706
0.693
0.693
0.696
0.702
0.698
0.699
0.712
0.729
0.715
0.713
0.718
0.728
0.736
0.718
0.714
0.723
0.709
0.709
0.712
0.701
0.704
0.714
0.714
0.711
0.716
0.718
0.703
0.69
0.688
0.7
0.689
0.687
0.702
0.699
0.691
0.705
0.71
0.715
0.701
0.701
0.708
0.719
0.715
0.711
0.715
0.721
0.729
0.716
0.692
0.678
0.675
0.678
0.677
0.681
0.692
0.701
0.693
0.688
0.689
0.697
0.699
0.692
0.699
0.711
0.728
0.736
0.731
0.715
0.704
0.703
0.709
0.709
0.705
0.7
0.703
0.713
0.721
0.704
0.698
0.702
0.707
0.694
0.689
0.697
0.702
0.708
0.711
0.703
0.691
0.691
0.697
0.696
0.699
0.706
0.71
0.697
0.694
0.701
0.702
0.689
0.686
0.693
0.699
0.714
0.714
0.71
0.696
0.697
0.694
0.697
0.691
0.696
0.708
0.713
0.707
0.713
0.726
0.726
0.717
0.71
0.715
0.721
0.705
0.709
0.717
0.731
0.716
0.712
0.721
0.714
0.721
0.736
0.74
0.748
0.733
0.724
0.726
0.73
0.726
0.709
0.711
0.713
0.703
0.697
0.701
0.709
0.701
0.696
0.699
0.698
0.695
0.676
0.664
0.652
0.637
0.629
0.623
0.635
0.648
0.658
