1.004808
1.022855
1.009127
0.9802966
1.002687
0.9895809
0.9694043
0.9921409
0.9795883
0.9744671
1.025395
0.9996487
0.9710016
1.012784
1.005222
0.9877233
1.020656
1.015997
0.9990534
1.036655
1.041141
1.025989
1.072377
1.091363
1.067357
1.061878
1.050237
1.042009
1.049393
1.062846
1.057982
1.062144
1.05001
1.036713
1.069421
1.059997
1.05394
1.073866
1.058614
1.06074
1.083035
1.044799
1.017524
1.062813
1.049682
1.002197
1.037684
1.048869
1.024863
1.076377
1.080364
1.052535
1.121818
1.130423
1.07229
1.074352
1.061423
1.052191
1.078999
1.059973
1.031007
1.056795
1.057786
1.038492
1.059484
1.060424
1.037435
1.053431
1.088005
1.110285
1.115637
1.08907
1.092376
1.057104
1.04149
1.087121
1.070138
1.070136
1.081823
1.090946
1.077949
1.07077
1.095925
1.080048
1.060361
1.071
1.086988
1.094086
1.086265
1.066078
1.058366
1.07802
1.095875
1.106463
1.123924
1.130544
1.069885
1.030982
1.088632
1.091201
1.112615
1.133164
1.109377
1.120799
1.102933
1.093194
1.111657
1.070161
1.033282
1.056129
1.001002
0.9704616
1.041834
1.055812
1.039326
1.068339
1.05335
1.024498
1.056029
1.046062
1.034698
1.085057
1.07255
1.037458
1.070754
1.058193
1.031353
1.065545
1.04587
1.013359
1.053032
1.073556
1.06588
1.083339
1.05568
1.010447
1.048187
1.062731
1.034876
1.082485
1.102211
1.068447
1.096413
1.114707
1.085119
1.019223
1.001524
1.021525
1.04771
1.130888
1.136305
1.134768
1.125323
1.055176
1.082628
1.078202
1.044921
1.103672
1.133703
1.067792
1.012872
1.026723
1.00268
1.028143
1.041787
1.029551
1.098703
1.086449
1.040882
1.07746
1.075087
1.039903
1.075589
1.067274
1.033138
1.077766
1.077601
1.05127
1.088577
1.068519
1.033842
1.078135
1.078222
1.042658
1.067879
1.069045
1.040942
1.062293
1.052148
1.036869
1.094847
1.08978
1.039856
1.069956
1.060005
1.027672
1.063887
1.058121
1.033925
1.063731
1.0612
1.034296
1.05002
1.005977
1.004871
1.077475
1.048253
1.026187
1.031236
1.053118
1.054348
1.028307
1.061267
1.079616
1.052725
1.008058
1.055929
1.101882
1.097474
1.134512
1.130669
1.147312
1.153614
1.093441
1.006698
0.9872693
1.070609
1.136682
1.146035
1.122809
1.135097
1.121236
1.075015
1.092456
1.081026
1.0583
1.071127
1.080165
1.073079
1.064485
1.091396
1.096242
1.122367
1.104365
1.038892
1.054402
1.045754
1.024789
1.078557
1.083994
1.034673
1.059486
1.054175
1.006714
1.034321
1.049311
1.038313
1.059455
1.047256
1.030558
1.058322
1.064521
1.069508
1.095703
1.071797
1.036499
1.054869
1.054817
1.026515
1.074173
1.122176
1.088895
1.071737
1.044574
1.013725
1.046715
1.046321
1.006479
1.030459
1.049032
1.013795
1.027549
1.036611
1.010517
1.029068
1.057377
1.07282
1.068943
1.040724
1.018211
1.026059
1.016873
0.9981937
1.02896
1.029718
1.014967
1.060738
1.084202
1.069868
1.082958
1.066049
1.033269
1.052952
1.044899
1.021646
1.056996
1.066649
1.044331
1.065254
1.062679
1.038059
1.050069
1.037174
1.013439
1.042524
1.040197
0.9989758
1.031653
1.036813
0.9992055
1.031115
1.025615
0.9961214
1.028694
1.061516
1.056253
1.078927
1.034845
0.9512067
1.038821
1.074688
1.019154
1.038959
1.058948
1.070225
1.027116
1.013817
1.014181
0.9394866
0.9725636
1.001737
1.001225
1.017597
1.003349
0.9942488
0.9750918
0.9700587
0.9535828
0.9445629
0.9196092
0.9064655
0.9080105
0.9028002
0.9040734
0.8793034
0.8833634
0.87909
0.8621158
0.8725746
0.8569849
0.8526429
0.8621961
0.863046
0.8513919
0.8301591
0.8473461
0.8406247
0.8299915
0.846229
0.8279012
0.8279037
0.8316909
0.8223259
0.8271559
0.8145182
0.8185697
0.8223096
0.8101306
0.808548
0.7978066
0.8024646
0.7994546
0.7821131
0.7944526
0.7891154
0.7754358
0.7765777
0.7606016
0.7665319
0.7712015
0.7537272
0.7631876
0.7628648
0.7586746
0.7615298
0.7474811
0.7569955
0.7587037
0.7460844
0.7509761
0.7459124
0.7479486
0.7502146
0.7336323
0.737701
0.7408708
0.7300839
0.7379283
0.734913
0.7356409
0.7424468
0.7304839
0.7364814
0.7380898
0.7370604
0.7469411
0.7369605
0.7338648
0.7347279
0.7278635
0.7305537
0.7285316
0.7252501
0.7331484
0.7280846
0.7237604
0.731688
0.7220043
0.7201276
0.7255065
0.7163219
0.7202322
0.723104
0.7199204
0.723801
0.7196274
0.7238284
0.731033
0.7246737
0.7253638
0.7300171
0.7178234
0.7187177
0.7275825
0.7137175
0.7178862
0.7214456
0.7107137
0.7213868
0.7191498
0.7140068
0.7244859
0.7204935
0.7198841
0.7287372
0.723113
0.7181014
0.7215807
0.715755
0.7166153
0.7203141
0.7125458
0.719107
0.7195995
0.7095848
0.7204335
0.7114549
0.700442
0.7154034
0.7084361
0.7051086
0.7158299
0.7094234
0.7111858
0.7165895
0.7092945
0.7118627
0.7128088
0.7079018
0.7157324
0.7102254
0.7048285
0.7158511
0.707415
0.7071853
0.7139531
0.700806
0.7064151
0.7090498
0.7013996
0.709851
0.7044343
0.7071376
0.7159337
0.7026656
0.7065454
0.7135762
0.7046138
0.709677
0.7150667
0.7078597
0.7046342
0.7019266
0.7151998
0.7320517
0.7363741
0.753558
0.7648924
0.7711179
0.7645179
0.7623101
0.7777221
0.7899047
0.8148117
0.8249082
0.8231169
0.8319833
0.824154
0.8100458
0.8113852
0.7931134
0.7743345
0.7786565
0.7699803
0.7591562
0.7733484
0.8016351
0.8114292
0.8170679
0.8436456
0.8516836
0.8477203
0.8573064
0.8576961
0.8639171
0.8805713
0.8801363
0.883564
0.8978859
0.8981836
0.9066044
0.9089681
0.898058
0.9058951
0.8996669
0.8982825
0.9179954
0.9030699
0.8956581
0.9289066
0.9290319
0.9223064
0.9443975
0.93676
0.9290778
0.9612969
0.9597653
0.944749
0.9666324
0.9532646
0.9532479
0.9923718
0.9784033
0.9704574
1.006305
0.990476
0.9646915
0.9816539
0.9744494
0.9641171
0.983448
0.9705884
0.9394448
0.9555054
0.9592434
0.9518305
0.9775986
0.9660306
0.9688602
1.013682
0.9984335
0.9778919
1.021562
1.014644
0.9713045
1.018282
1.014806
1.003254
1.040877
1.008665
1.013832
1.043281
1.028988
1.012513
1.020576
1.013764
1.015834
1.046598
1.023258
0.9842291
1.022438
1.047508
1.012168
1.028624
1.028873
1.00062
1.024377
1.029678
0.9995249
1.012864
1.020103
1.003403
1.035213
1.024704
0.9931588
1.026868
1.024273
0.9913882
1.005961
0.9983483
0.9802339
1.012503
1.001155
0.9969391
1.050015
1.040414
1.023371
1.059452
1.064442
1.050685
1.077468
1.098804
1.102011
1.09958
1.059896
1.036328
1.061603
1.049522
1.022809
1.047262
1.057127
1.044063
1.051959
1.041031
1.0322
1.075022
1.10992
1.118343
1.122995
1.082947
1.055434
1.094179
1.078457
1.030504
1.060795
1.060698
1.029528
1.064196
1.052148
1.034966
1.077192
1.105143
1.133573
1.122545
1.054295
1.04398
1.099717
1.073984
1.033787
1.077277
1.08487
1.063975
1.113627
1.138114
1.115133
1.110564
1.06546
1.025006
1.073967
1.092889
1.053052
1.07112
1.057347
1.028607
1.084359
1.125088
1.13859
1.153926
1.105866
1.070704
1.115129
1.125437
1.108076
1.12168
1.096465
1.055753
1.075402
1.068658
1.036612
1.057731
1.063283
1.054154
1.08235
1.111218
1.126814
1.129826
1.091132
1.049612
1.072436
1.073184
1.052984
1.099938
1.122573
1.121403
1.137437
1.091143
1.050917
1.08038
1.048889
1.027958
1.074298
1.053343
1.027501
1.048611
1.039036
1.025945
1.044405
1.033103
1.023577
1.05172
1.054283
1.047755
1.073628
1.066505
1.032527
1.064393
1.065432
1.034351
1.071017
1.058412
1.029429
1.048839
1.036546
1.018457
1.056462
1.072276
1.028719
1.03785
1.080076
1.101838
1.1042
1.067655
1.030417
1.050571
1.062582
1.036213
1.056967
1.06557
1.025784
1.042866
1.051603
1.034165
1.064064
1.064607
1.047902
1.090893
1.133246
1.100709
1.069473
1.035003
1.015054
1.059709
1.074359
1.057215
1.091656
1.118691
1.087853
1.104631
1.097346
1.104167
1.115831
1.057949
1.075472
1.091019
1.058405
1.045222
1.06906
1.070269
1.049032
1.11374
1.146069
1.098708
1.106317
1.091265
1.047077
1.071862
1.0995
1.112605
1.130832
1.091673
1.047269
1.070981
1.064591
1.025372
1.048218
1.060026
1.020288
1.049699
1.060332
1.037057
1.070547
1.104944
1.135118
1.134576
1.09568
1.082811
1.124453
1.103695
1.088773
1.11288
1.079154
1.083407
1.100143
1.073755
1.0507
1.090479
1.119171
1.095668
1.089301
1.069288
1.036806
1.051031
1.062882
1.045074
1.071657
1.072942
1.046535
1.05463
1.028602
1.007707
1.029489
1.027842
1.019077
1.053573
