0.8945654
0.8923206
0.9210651
0.9361021
0.9070791
0.8508694
0.8746241
0.9157124
0.9178378
0.8837936
0.8707972
0.9269079
0.9543616
0.9455391
0.9197713
0.9095608
0.9326194
0.9327834
0.9104374
0.8961975
0.9011989
0.9366158
0.942446
0.8903799
0.9092871
0.9582154
0.9357443
0.9200069
0.9433699
0.9438361
0.9159664
0.9050175
0.9051707
0.9034425
0.8974993
0.8993854
0.934207
0.940152
0.9275287
0.9181311
0.9137373
0.9429414
0.9601093
0.9466015
0.9259316
0.9290463
0.9453703
0.9477399
0.9445646
0.9220939
0.9170919
0.9362758
0.9184493
0.913148
0.9094209
0.9284082
0.9847012
0.9931371
0.966301
0.9302927
0.945523
0.9886012
0.9887416
0.9878017
0.9732143
0.9274817
0.9444409
0.9650185
0.9377416
0.9491227
0.9356619
0.8924082
0.9054667
0.8862511
0.8647945
0.9001459
0.8722095
0.8455596
0.8622465
0.9057819
0.9435846
0.9564123
0.9651601
0.9318247
0.8936831
0.9128604
0.9516686
0.9505916
0.9435148
0.9464341
0.9328776
0.906452
0.9227263
0.9603493
0.9505709
0.9360033
0.9326013
0.9108578
0.9221733
0.939422
0.8955277
0.8783424
0.9144096
0.9095139
0.8889035
0.8754328
0.8958036
0.9371773
0.9285645
0.9051288
0.8799991
0.8951226
0.9264684
0.9244146
0.9149164
0.8957296
0.8699257
0.8802312
0.9241619
0.9315916
0.9386118
0.941778
0.8922714
0.8851543
0.9243045
0.9128995
0.900826
0.8783503
0.8643703
0.9091081
0.9254115
0.9063335
0.8611673
0.8689186
0.9061028
0.902578
0.883052
0.8644116
0.8975961
0.9091082
0.8955397
0.8907379
0.8613935
0.8761287
0.9048227
0.8772899
0.8775295
0.8675748
0.8572856
0.8882044
0.88355
0.8596653
0.8618741
0.8769444
0.877729
0.8618369
0.8522642
0.8873493
0.907456
0.8796841
0.8678593
0.8890866
0.889802
0.8779865
0.8639952
0.874622
0.9025917
0.8921382
0.8710044
0.8453788
0.8538362
0.8809147
0.8781878
0.8779752
0.8823457
0.877344
0.8853384
0.90859
0.9046062
0.888967
0.8745933
0.8396776
0.8330364
0.8553012
0.846032
0.8097869
0.810272
0.8196031
0.7949322
0.8052236
0.8402298
0.8529656
0.8502027
0.8375891
0.8458198
0.8638007
0.8603122
0.8509553
0.8417983
0.8491959
0.87137
0.876237
0.8666277
0.846385
0.8478992
0.875579
0.8660103
0.8340348
0.8209103
0.8305476
0.843326
0.8334037
0.822794
0.8432925
0.8770174
0.8838317
0.8668018
0.8540123
0.8545842
0.8581336
0.8499052
0.8298025
0.8206454
0.8309626
0.8526274
0.8636602
0.8594421
0.8621911
0.8652034
0.8784863
0.8951845
0.8931691
0.8870434
0.8773695
0.8761055
0.8978484
0.9046167
0.8873844
0.8852036
0.8977647
0.908024
0.9092318
0.8937506
0.8749127
0.8810621
0.88917
0.8864555
0.8995926
0.893309
0.8856435
0.8985788
0.9010993
0.8908774
0.8621972
0.8784744
0.8892758
0.876483
0.9006612
0.8928134
0.8891541
0.9015761
0.8924152
0.8813975
0.8909627
0.9185832
0.8999923
0.8803179
0.8983531
0.9013928
0.8847873
0.8791954
0.88391
0.8823188
0.8424067
0.8275086
0.8970423
0.8928449
0.8310718
0.8106894
0.8264619
0.8412867
0.8503572
0.880191
0.8633312
0.8438721
0.8808866
0.8982835
0.8775173
0.8756802
0.898752
0.9039264
0.8859513
0.8603678
0.8588542
0.8803533
0.8812658
0.861983
0.8506024
0.8678328
0.884693
0.8760934
0.8726664
0.889738
0.8923288
0.8710884
0.8550428
0.8779371
0.8899325
0.8552724
0.851817
0.8782489
0.8633186
0.8369013
0.8500567
0.8685488
0.862226
0.8537745
0.8608659
0.8652029
0.854098
0.8447908
0.8531896
0.8640945
0.8611604
0.8463287
0.8356172
0.8545685
0.8754496
0.8674872
0.8517558
0.8572411
0.8750646
0.8646484
0.8457424
0.8559393
0.8697617
0.861171
0.8451073
0.8453343
0.8708991
0.8890889
0.8867565
0.8776868
0.8666637
0.8705611
0.8820116
0.8654595
0.8401444
0.8499608
0.870015
0.8698776
0.849045
0.8358375
0.8535437
0.8677004
0.8597183
0.8418158
0.8392716
0.8556374
0.8602085
0.8515489
0.8426706
0.8520358
0.869067
0.8679099
0.8481491
0.8523182
0.8807789
0.8856315
0.8619451
0.8530386
0.8853268
0.8982651
0.8854211
0.8673397
0.8645097
0.8929414
0.8914482
0.8655898
0.8672807
0.886723
0.8962239
0.8823629
0.8590528
0.8612215
0.8802883
0.8913577
0.8784669
0.8791407
0.8523525
0.8111233
0.8699515
0.8546403
0.797503
0.822037
0.8099967
0.8015756
0.7893767
0.7790069
0.825443
0.7897338
0.7385078
0.7826398
0.7633219
0.7469364
0.7501023
0.7563649
0.8141678
0.8006314
0.7730911
0.7563239
0.7381083
0.7440051
0.7454069
0.7472251
0.7323842
0.7046448
0.6919103
0.681813
0.6691979
0.6545798
0.6519032
0.6958214
0.694817
0.675622
0.7232715
0.70727
0.6791924
0.7225894
0.7070538
0.6868216
0.7046001
0.7145067
0.689932
0.6147704
0.5934276
0.6037135
0.6018643
0.6039762
0.6006045
0.6012377
0.5996899
0.6028829
0.6043634
0.6008646
0.6024434
0.598685
0.5952172
0.5974863
0.5975806
0.6017867
0.6069469
0.6078726
0.606014
0.6085649
0.6085895
0.6070958
0.6085278
0.6064814
0.6034002
0.6018834
0.6008881
0.5959212
0.5946609
0.592681
0.5876555
0.5864067
0.5911654
0.5940664
0.5910803
0.5899712
0.5867549
0.5879888
0.5892727
0.5837468
0.5815892
0.5846228
0.5848712
0.5868136
0.5895895
0.5874929
0.5876641
0.5848654
0.5871407
0.5865506
0.5801441
0.5831556
0.5888254
0.5896859
0.588597
0.5915464
0.5886981
0.5849639
0.5847453
0.5856658
0.5836087
0.5810654
0.5838199
0.586262
0.5864145
0.5802412
0.5785794
0.5787985
0.5765646
0.5718057
0.5712698
0.5762355
0.5756758
0.5754479
0.5765711
0.5784944
0.5759707
0.5735782
0.5719541
0.5716533
0.572903
0.5734684
0.575293
0.5769252
0.5766559
0.5723354
0.5754592
0.5765293
0.5741142
0.5756606
0.5776069
0.5790751
0.5779714
0.5792317
0.5816918
0.578822
0.5711581
0.5706133
0.5740338
0.5717129
0.5684399
0.57438
0.5775026
0.5727873
0.5723774
0.5725159
0.5759375
0.5729304
0.5657623
0.5686014
0.5743411
0.5763192
0.5791058
0.5791833
0.5762052
0.5756637
0.5732722
0.5741356
0.5732745
0.5700678
0.567676
0.5712053
0.5715803
0.5660059
0.5704674
0.5761927
0.5709939
0.5658225
0.5703893
0.568743
0.56601
0.5665865
0.5667763
0.5690847
0.5732505
0.5785321
0.581434
0.5779229
0.5714026
0.5720261
0.5747689
0.5696009
0.5650997
0.5657427
0.5630641
0.5623348
0.5612263
0.5591058
0.5565122
0.551628
0.5539977
0.5541417
0.5480618
0.5517678
0.5531582
0.549369
0.5517558
0.5496446
0.551359
0.552586
0.5456021
0.5482239
0.5498444
0.5476886
0.5458073
0.5481419
0.5520781
0.5489569
0.5505006
0.5542776
0.556813
0.5590665
0.5599044
0.5611697
0.560558
0.5574509
0.5545634
0.5536284
0.5588273
0.5569722
0.5518872
0.5540148
0.5583123
0.5567411
0.5507376
0.5548518
0.5618649
0.5638921
0.5608116
0.5619276
0.5656033
0.5654628
0.5632526
0.5632669
0.5665596
0.5684676
0.5727566
0.5758981
0.5817314
0.594356
0.5975622
0.5926639
0.5881506
0.6008524
0.6343389
0.6473032
0.639905
0.641876
0.6499918
0.6458459
0.637917
0.6426576
0.6455753
0.636976
0.6296022
0.6307156
0.6297466
0.6220844
0.6173987
0.6198742
0.6262665
0.629231
0.6278084
0.6317148
0.6469589
0.6590327
0.6541898
0.6496161
0.6523494
0.6669365
0.6706273
0.6580963
0.661905
0.6706106
0.6676413
0.65845
0.6617808
0.6672101
0.675054
0.6848924
0.6784414
0.6722523
0.6861774
0.7048994
0.6983566
0.6935731
0.7186496
0.7329948
0.7294748
0.7372479
0.7461484
0.7320246
0.7166727
0.7329713
0.7382178
0.7167754
0.7052817
0.7070627
0.7074452
0.6946563
0.6934668
0.7147865
0.7180545
0.7020722
0.6980654
0.7094185
0.7077195
0.680442
0.6858468
0.7406955
0.7395792
0.7371669
0.7972708
0.7952759
0.7540339
0.7271747
0.7095966
0.7083571
0.7032846
0.7025296
0.7150587
0.7429778
0.7542257
0.7387495
0.736692
0.7259497
0.702016
0.7003714
0.7194265
0.7231579
0.7172389
0.7404384
0.7661494
0.7643594
0.7520178
0.7530129
0.7718388
0.7813233
0.7535848
0.7400014
0.7599527
0.7555188
0.7487649
0.7889019
0.8004087
0.7653664
0.7801151
0.7988213
0.7736054
0.7680428
0.7790593
0.7640958
0.7475859
0.7597608
0.7718875
0.7632747
0.7534333
0.7628967
0.7616417
0.7429824
0.7434083
0.7621328
0.7634928
0.7402882
0.7426276
0.7667571
0.7651402
0.748362
0.764624
0.7825675
0.75996
0.7498299
0.7740017
0.7881037
0.7704369
0.747462
0.7526078
0.7650977
0.752554
0.7397689
0.7447879
0.7608177
0.7687184
0.7689342
0.7884509
0.8148953
0.8105029
0.7826189
0.7933344
0.823797
0.810446
0.78392
0.7901747
0.8101825
0.7958332
0.7766398
0.7870082
0.7895137
0.7640071
0.748531
0.7731655
0.7847615
0.7784175
0.7959212
0.8316659
0.8387179
0.8023102
0.7779317
0.7806915
0.7758867
0.749228
0.7282579
0.7229049
0.7168592
0.7192694
0.7495437
0.759498
0.7415105
0.7458368
0.7587192
0.7907458
0.7926041
0.7615738
0.7659906
0.7726855
0.7640164
0.758628
0.78509
0.7954969
0.7634323
0.7428508
0.7229366
0.7301388
0.7810624
0.7805696
0.7835255
0.8350972
0.8491409
0.846902
0.8339211
0.8045225
0.7716691
0.7425315
0.7367317
0.7489024
0.7559195
0.7364637
0.7216423
0.7386075
0.7640362
0.7915391
0.8188672
0.8233106
0.8286011
0.8468559
0.829978
0.8266148
0.8540431
0.8320852
0.80192
0.8157158
0.8106579
0.7858873
0.7996339
0.8027195
0.8014695
0.837251
0.8495492
0.8236141
0.806113
0.8160574
0.8145647
0.793776
0.7862873
0.7987563
0.804489
0.7923824
0.7808016
0.7879965
0.8030333
0.8000326
0.7857057
0.7928196
0.8186288
0.812557
0.8017581
0.8121656
0.8318949
0.8319697
0.8142914
0.8187886
0.8264673
0.8175217
0.8028888
0.8077598
0.812587
0.813671
0.8173443
0.8183597
0.802114
0.7831225
0.7859439
0.7923703
0.8004948
0.8030525
0.8109657
0.7933176
0.7831935
0.803509
0.8036596
0.8030964
0.7898037
0.7740348
0.7782348
0.7813847
0.77387
0.7714089
0.793952
0.8066475
0.7862605
0.7725348
0.779896
0.7832501
0.7698333
0.7515719
0.7464054
0.7371898
0.7237712
0.7281464
0.7430473
0.7555005
0.7511808
0.7527606
0.7744175
0.7807908
0.7623849
0.7590281
0.7667258
0.755525
0.7173795
0.7256123
0.75759
0.7157936
0.7114656
0.7374784
0.7300469
0.73135
0.7534486
0.7668329
0.7530138
0.7536676
0.7692245
0.7781873
0.7661878
0.7499943
0.7561869
0.7716059
0.7686627
0.7605197
0.7869477
0.8057834
0.7954009
0.7899338
0.7970613
0.8139771
0.8097526
0.8077524
0.824748
0.8294542
0.8187127
0.8070199
0.8187168
0.823854
0.8028113
0.7848486
0.7943959
0.8055268
0.7695805
0.7399825
0.7417677
0.7412377
0.7351725
0.7339259
0.7721418
0.8287302
0.8306236
0.820784
0.8588679
0.8763
0.8454331
0.8137473
0.8178506
0.8192678
0.7937724
0.777121
0.7811712
0.7486788
0.7433377
0.7722635
0.7859295
0.8511284
0.8547143
0.8182106
0.8232503
0.8517673
0.8723806
0.8532786
0.8329307
0.7972403
0.7683015
0.7793817
0.7887549
0.7925159
0.8163303
0.8386676
0.8356587
0.8118155
0.7988598
0.7932393
0.8066732
0.8327489
0.8319967
0.8301412
0.8310083
0.8284841
0.8137326
0.7979409
0.8058921
0.8109716
0.8072338
0.7990964
0.7827017
0.7732311
0.766081
0.7652769
0.782241
0.790301
0.7903067
0.7967671
0.8143313
0.8393581
0.846013
0.8391934
0.8248007
0.8034731
0.8113348
0.8232895
0.8082347
0.815609
0.8247319
0.8138112
0.8070889
0.8402181
0.8645456
0.8204691
0.814544
0.8475534
0.8512552
0.8348092
0.8326329
0.8477507
0.8382685
0.8141691
0.8217365
0.8304823
0.8236548
0.8284333
0.8156214
0.7899681
0.782346
0.7966552
0.8057981
0.8046635
0.8072698
0.8120237
0.8077274
0.7878798
0.7775142
0.7827377
0.7846621
0.7735631
0.767772
0.779771
0.7816139
0.7740033
0.767496
0.7632427
0.7769107
0.7876241
0.778776
0.7720477
0.7785225
0.7893688
0.7907395
0.7753867
0.7739571
0.7939621
0.7973661
0.7935427
