0.9988226
1.008256
1.012072
0.9898519
1.009662
1.017568
0.9893935
0.9739938
0.9698021
0.9642594
0.9776812
0.9880566
0.9769363
0.9862255
1.013513
1.0195
1.016543
1.02122
1.017086
1.000269
0.9833678
0.9804745
0.9743411
0.9678003
0.977805
0.9775014
0.9794277
0.9950938
1.008104
1.028474
1.033306
1.028942
1.048316
1.068513
1.064054
1.069414
1.079629
1.08144
1.08911
1.07281
1.066303
1.070738
1.070754
1.084168
1.078942
1.067268
1.054396
1.030113
1.040691
1.091904
1.120998
1.112064
1.103963
1.09491
1.077316
1.076198
1.107736
1.106915
1.113184
1.111923
1.077308
1.113672
1.126748
1.118591
1.121208
1.100533
1.083063
1.078727
1.072258
1.04451
1.040196
1.064075
1.055195
1.03538
1.055233
1.057273
1.041322
1.035112
1.022811
1.03148
1.049184
1.044824
1.028953
1.033416
1.030428
1.007638
1.00771
1.013552
1.02587
1.019762
1.006892
1.006804
0.9897038
0.9974067
1.003291
0.9911039
1.013111
1.033503
1.023695
1.043202
1.068513
1.044572
1.030372
1.020099
1.004912
1.016952
1.011319
1.00426
1.019518
1.025753
1.042038
1.050326
1.043738
1.065153
1.070231
1.053034
1.071462
1.0677
1.046274
1.069462
1.076048
1.044405
1.031075
1.059894
1.06459
1.043169
1.061242
1.073761
1.064989
1.089809
1.116603
1.097098
1.062621
1.072324
1.127534
1.10321
1.053349
1.066773
1.05997
1.044357
1.028265
1.034466
1.064298
1.072672
1.073567
1.086459
1.095061
1.105627
1.108918
1.089097
1.09903
1.117774
1.089453
1.062461
1.07813
1.075329
1.047577
1.044076
1.051414
1.042365
1.037273
1.061147
1.07542
1.069927
1.07706
1.102932
1.101157
1.074083
1.076825
1.076996
1.061532
1.066048
1.090473
1.082596
1.056401
1.066426
1.087963
1.082832
1.065035
1.078387
1.094482
1.076
1.060873
1.075384
1.075881
1.044488
1.03439
1.048261
1.029659
1.013699
1.037097
1.038817
1.02682
1.045815
1.076818
1.070621
1.043757
1.059347
1.075622
1.060047
1.071095
1.083953
1.053416
1.046732
1.054663
1.022734
1.00541
1.024265
1.011748
0.9847055
1.007056
1.014623
0.995926
1.012219
1.036477
1.030652
1.020794
1.042045
1.047443
1.029617
1.047045
1.063154
1.040562
1.037818
1.061604
1.048031
1.038792
1.058435
1.042592
1.027455
1.047177
1.053808
1.025519
1.030685
1.057385
1.030934
1.030493
1.047972
1.02309
1.016811
1.046036
1.054976
1.043899
1.053397
1.06559
1.060609
1.04955
1.055037
1.04806
1.021809
1.029954
1.049486
1.033304
1.024707
1.04649
1.062728
1.066767
1.078557
1.090093
1.074382
1.081561
1.094058
1.067164
1.066369
1.081813
1.051136
1.025441
1.038024
1.051619
1.060211
1.046617
1.038089
1.050404
1.056439
1.048213
1.034563
1.037402
1.038443
1.029676
1.019004
1.01726
1.041188
1.058686
1.0597
1.057584
1.05062
1.063244
1.056887
1.016375
1.004373
1.023126
1.032371
1.00977
0.9915521
1.014469
1.025227
1.008137
0.9848436
0.9767839
1.003232
1.026408
1.032109
1.032852
1.039847
1.051998
1.04627
1.0248
1.034411
1.051127
1.032615
1.019179
1.034011
1.047675
1.03596
1.033369
1.070495
1.081929
1.088091
1.06366
1.023087
1.065311
1.068357
1.051919
1.066031
1.054289
1.037899
1.04432
1.058253
1.046458
1.040442
1.03245
1.021076
1.031219
1.01777
0.9609648
0.9199678
0.9177241
0.9387653
0.9659758
0.9544558
0.9564356
0.9791946
0.9597162
0.9336808
0.9381417
0.9352606
0.9166796
0.9271513
0.909584
0.9040661
0.9458703
0.9254421
0.8872848
0.8706526
0.8835248
0.8649812
0.8419896
0.8885763
0.8725397
0.8410392
0.8690061
0.8774974
0.8392734
0.8418794
0.8799311
0.8828228
0.8876249
0.8862783
0.8758608
0.8806001
0.8692392
0.8568087
0.8642405
0.8527084
0.8435985
0.8575268
0.8512107
0.8506605
0.8672809
0.8591662
0.8536622
0.8653212
0.8610092
0.8488299
0.8508278
0.8401794
0.8354369
0.846629
0.8360014
0.8264854
0.8259788
0.8132685
0.8027115
0.8057432
0.8032153
0.8030788
0.8070621
0.7962333
0.7877154
0.7905327
0.7876136
0.7730062
0.7717876
0.774873
0.767346
0.767216
0.7650021
0.7605428
0.7592461
0.7590847
0.7641346
0.7708187
0.7716055
0.7573861
0.7481483
0.7583719
0.7568699
0.7604218
0.7788579
0.7733327
0.7652015
0.7695855
0.7646428
0.7635336
0.7645102
0.760969
0.7709829
0.7777193
0.7711766
0.7716703
0.7814647
0.7712923
0.7586946
0.7631152
0.7547223
0.7498074
0.750226
0.7473979
0.7439084
0.7330022
0.7299123
0.7216244
0.7161342
0.7201062
0.7135411
0.7034382
0.6992018
0.7097153
0.7114397
0.7033715
0.7059403
0.70095
0.6973015
0.7079571
0.7087421
0.7028541
0.7054447
0.7038104
0.700788
0.705422
0.7081688
0.7123967
0.7070242
0.7037794
0.7093472
0.6988277
0.696905
0.7088236
0.7125867
0.7070176
0.7036057
0.7053112
0.7033888
0.7030816
0.7113537
0.7068637
0.7052194
0.7171284
0.7105747
0.707041
0.7111501
0.7078796
0.7017934
0.6999853
0.7049512
0.697837
0.6880976
0.6913381
0.6885944
0.6831924
0.6892283
0.6908892
0.6863375
0.6858666
0.6837561
0.6771461
0.6743549
0.6733307
0.6641194
0.6655544
0.6589198
0.6716504
0.7206718
0.7061075
0.6781442
0.6894411
0.6808767
0.6907522
0.7296867
0.7409535
0.743484
0.748322
0.7461297
0.7634819
0.7909772
0.7794432
0.7826977
0.8230812
0.833054
0.8026442
0.7886461
0.8396456
0.8770653
0.848229
0.8485554
0.9034176
0.8904483
0.8620579
0.880905
0.854762
0.8528119
0.9100227
0.9317725
0.9098182
0.8786145
0.9005644
0.8953935
0.863866
0.8955476
0.9057736
0.881235
0.9037208
0.9118026
0.8715737
0.8925071
0.9435956
0.9238203
0.8556551
0.8438161
0.8741669
0.9071255
0.9015097
0.908149
0.9498992
0.9607954
0.9066427
0.8976913
0.9415501
0.9214569
0.9702002
0.9898666
0.9636158
0.9949849
1.013005
1.003052
0.9973396
0.992345
0.9858075
1.01479
1.027941
1.016758
1.026781
1.035547
1.023978
1.033751
1.046875
1.010247
0.9948741
1.019195
0.9990409
0.9898844
1.030438
1.034373
1.023223
1.055796
1.063565
1.044209
1.059694
1.054186
1.021014
1.011258
1.024944
1.041116
1.032173
1.035873
1.070327
1.077603
1.065411
1.067033
1.06068
1.046813
1.041609
1.049335
1.079042
1.090672
1.073581
1.09414
1.109601
1.086598
1.081046
1.101003
1.108648
1.078736
1.064538
1.081474
1.076165
1.056701
1.067643
1.073474
1.035819
1.019098
1.053368
1.058042
1.04464
1.073098
1.079876
1.068202
1.085812
1.086374
1.056194
1.038562
1.054193
1.061134
1.039524
1.036813
1.051708
1.045548
1.032466
1.047488
1.05921
1.036451
1.042979
1.069724
1.050745
1.039615
1.059276
1.054224
1.047052
1.017288
1.038785
1.110437
1.089573
1.094097
1.09707
1.080724
1.093564
1.062515
1.057114
1.088099
1.098517
1.092089
1.071848
1.072413
1.091257
1.08771
1.095523
1.092053
1.071576
1.085419
1.082855
1.056344
1.069662
1.086728
1.06588
1.060103
1.07958
1.085282
1.076305
1.081615
1.089764
1.065428
1.082782
1.127944
1.108511
1.096856
1.132804
1.130499
1.094658
1.106185
1.110175
1.067542
1.059381
1.093121
1.091662
1.057056
1.070275
1.084501
1.065183
1.056228
1.040663
1.037785
1.059347
1.04917
1.025934
1.054422
1.075431
1.054262
1.059872
1.080588
1.057306
1.043835
1.067996
1.063105
1.045446
1.063806
1.068498
1.046365
1.060613
1.07212
1.042841
1.032161
1.061011
1.04621
1.027117
1.080173
1.085497
1.059528
1.084862
1.082861
1.061356
1.080744
1.096805
1.074608
1.063109
1.083545
1.07471
1.039221
1.045228
1.060276
1.040547
1.039614
1.067241
1.060249
1.034254
1.055199
1.061838
1.03007
1.034884
1.045807
1.016226
1.003523
1.046618
1.08024
1.087074
1.089105
1.083959
1.10583
1.126225
1.106482
1.093528
1.08604
1.050423
1.028566
1.045544
1.036609
1.014887
1.031683
1.056604
1.048636
1.022171
1.032954
1.050651
1.030777
1.018607
1.03838
1.041918
1.023462
1.01412
1.016539
1.00313
0.9857843
0.9660487
0.9595116
1.007706
1.008021
0.9814086
1.012225
1.046508
1.06063
1.061872
1.058097
1.068423
1.079094
1.077047
1.070318
1.042043
1.038172
1.06819
1.078352
1.080233
1.063185
1.052018
1.067602
1.063722
1.053258
1.036049
1.021974
1.028139
1.022502
1.012384
1.008375
1.00269
1.000628
1.011409
1.010297
0.9910855
0.9927342
1.001162
0.9976854
0.9788453
0.9618149
0.9646187
0.9870161
0.998161
0.9839891
1.001171
1.029887
1.01886
1.00846
1.035135
1.03661
1.008525
1.011634
1.025325
1.008494
0.9961627
0.9976386
0.9794881
0.9770434
0.9699326
0.9396445
0.9400151
0.9548526
0.9714672
1.016179
1.027667
1.011576
1.028687
1.025955
