0.839
0.849
0.863
0.852
0.87
0.847
0.826
0.841
0.847
0.829
0.835
0.844
0.834
0.834
0.823
0.805
0.819
0.834
0.828
0.841
0.842
0.834
0.808
0.815
0.816
0.801
0.814
0.811
0.792
0.807
0.814
0.815
0.846
0.852
0.85
0.864
0.863
0.854
0.836
0.836
0.836
0.794
0.772
0.804
0.806
0.804
0.794
0.778
0.808
0.816
0.79
0.797
0.815
0.81
0.809
0.829
0.841
0.847
0.868
0.865
0.851
0.859
0.872
0.852
0.873
0.857
0.846
0.846
0.851
0.853
0.835
0.855
0.86
0.849
0.854
0.857
0.843
0.847
0.853
0.853
0.826
0.845
0.847
0.827
0.85
0.854
0.832
0.838
0.853
0.835
0.825
0.823
0.802
0.804
0.821
0.81
0.816
0.833
0.844
0.832
0.82
0.829
0.816
0.811
0.829
0.831
0.83
0.831
0.795
0.761
0.747
0.79
0.82
0.847
0.842
0.815
0.768
0.8169805
0.8169148
0.816849
0.8167835
0.778
0.784
0.796
0.8
0.804
0.82
0.838
0.831
0.834
0.845
0.838
0.833
0.849
0.846
0.856
0.859
0.843
0.844
0.838
0.829
0.845
0.845
0.828
0.83
0.845
0.846
0.844
0.837
0.844
0.838
0.829
0.832
0.847
0.848
0.814
0.769
0.743
0.765
0.756
0.746
0.782
0.799
0.817
0.806
0.81
0.823
0.827
0.804
0.829
0.828
0.822
0.786
0.769
0.792
0.809
0.823
0.838
0.838
0.846
0.849
0.844
0.847
0.853
0.854
0.843
0.85
0.849
0.849
0.836
0.841
0.843
0.832
0.844
0.853
0.858
0.865
0.872
0.852
0.854
0.819
0.832
0.832
0.827
0.823
0.831
0.829
0.813
0.83
0.833
0.819
0.827
0.828
0.805
0.782
0.816
0.829
0.839
0.829
0.842
0.832
0.811
0.82
0.829
0.818
0.827
0.834
0.835
0.832
0.84
0.862
0.849
0.854
0.866
0.867
0.886
0.867
0.875
0.866
0.846
0.83
0.827
0.812
0.813
0.828
0.84
0.814
0.813
0.816
0.817
0.817
0.785
0.761
0.787
0.805
0.826
0.846
0.842
0.83
0.835
0.829
0.81
0.813
0.815
0.802
0.81
0.814
0.804
0.819
0.825
0.812
0.822
0.842
0.845
0.849
0.859
0.852
0.855
0.862
0.854
0.853
0.819
0.792
0.776
0.774
0.791
0.787
0.783
0.809
0.809
0.79
0.81
0.822
0.818
0.821
0.794
0.81
0.814
0.802
0.813
0.832
0.844
0.839
0.848
0.851
0.837
0.845
0.845
0.832
0.853
0.852
0.854
0.841
0.86
0.854
0.849
0.849
0.834
0.816
0.821
0.824
0.813
0.822
0.821
0.81
0.782
0.818
0.824
0.832
0.831
0.86
0.862
0.846
0.859
0.854
0.842
0.834
0.819
0.822
0.82
0.8
0.82
0.83
0.828
0.828
0.842
0.85
0.833
0.847
0.855
0.845
0.852
0.852
0.841
0.842
0.849
0.84
0.83
0.84
0.846
0.833
0.839
0.834
0.816
0.777
0.768
0.796
0.813
0.823
0.837
0.826
0.822
0.822
0.808
0.804
0.803
0.792
0.804
0.788
0.769
0.744
0.777
0.788
0.81
0.817
0.833
0.851
0.853
0.841
0.836
0.825
0.825
0.825
0.821
0.835
0.844
0.838
0.825
0.834
0.845
0.854
0.813
0.831
0.839
0.827
0.827
0.812
0.813
0.829
0.84
0.822
0.833
0.837
0.844
0.83
0.831
0.822
0.819
0.82
0.828
0.838
0.823
0.842
0.843
0.807
0.807
0.828
0.833
0.817
0.845
0.7417798
0.831
0.832
0.7345038
0.819
0.817
0.817
0.812
0.796
0.797
0.75
0.718
0.722
0.733
0.74
0.749
0.739
0.735
0.715
0.698
0.685
0.66
0.665
0.643
0.636
0.624
0.623
0.614
0.6629687
0.6596513
0.604
0.6
0.586
0.579
0.576
0.572
0.568
0.564
0.56
0.558
0.555
0.556
0.552
0.559
0.567
0.573
0.565
0.573
0.57
0.575
0.56
0.561
0.557
0.559
0.553
0.559
0.563
0.553
0.558
0.555
0.554
0.556
0.554
0.553
0.552
0.559
0.554
0.552
0.543
0.553327
0.546
0.546
0.541
0.543
0.537
0.536
0.533
0.531
0.532
0.525
0.529
0.525
0.523
0.526
0.523
0.523
0.522
0.52
0.519
0.517
0.518
0.516
0.515
0.512
0.515
0.513
0.512
0.511
0.51
0.507
0.508
0.508
0.506
0.503
0.509
0.508
0.506
0.505
0.5
0.504
0.502
0.502
0.504
0.497
0.496
0.494
0.493
0.493
0.493
0.494
0.49
0.492
0.492
0.491
0.49
0.482
0.491
0.488
0.486
0.482
0.48
0.485
0.485
0.482
0.481
0.479
0.4886857
0.477
0.479
0.48
0.483
0.482
0.48
0.484
0.479
0.482
0.481
0.481
0.479
0.48
0.478
0.477
0.478
0.475
0.473
0.479
0.478
0.474
0.476
0.473
0.477
0.476
0.475
0.473
0.476
0.475
0.472
0.474
0.468
0.474
0.472
0.471
0.472
0.468
0.468
0.47
0.471
0.466
0.465
0.464
0.47
0.468
0.466
0.463
0.468
0.465
0.466
0.466
0.463
0.465
0.4659887
0.468
0.466
0.467
0.465
0.466
0.467
0.469
0.461
0.464
0.464
0.464
0.463
0.46
0.462
0.464
0.458
0.461
0.459
0.462
0.456
0.457
0.46
0.461
0.454
0.458
0.457
0.458
0.458
0.454
0.455
0.456
0.453
0.451
0.452
0.457
0.458
0.453
0.457
0.454
0.454
0.456
0.456
0.454
0.454
0.454
0.456
0.453
0.4825287
0.454
0.455
0.454
0.45
0.451
0.454
0.457
0.454
0.458
0.462
0.467
0.466
0.464
0.471
0.474
0.473
0.479
0.479
0.487
0.483
0.483
0.479
0.479
0.481
0.482
0.486
0.486
0.492
0.489
0.496
0.501
0.505
0.512
0.527
0.527
0.528
0.53
0.54
0.54
0.55
0.545
0.558
0.555
0.565
0.581
0.575
0.583
0.583
0.575
0.584
0.585
0.569
0.562
0.579
0.592
0.631
0.625
0.626
0.615
0.607
0.598
0.603
0.601
0.606
0.61
0.635
0.659
0.641
0.642
0.618
0.63
0.635
0.643
0.646
0.675
0.686
0.685
0.673
0.691
0.69
0.688
0.675
0.688
0.685
0.678
0.698
0.707
0.704
0.709
0.728
0.702
0.694
0.672
0.694
0.708
0.702
0.696
0.688
0.694
0.687
0.685
0.671
0.695
0.711
0.712
0.72
0.721
0.711
0.709
0.697
0.708
0.702
0.693
0.708
0.73
0.729
0.729
0.725
0.74
0.732
0.728
0.743
0.754
0.759
0.755
0.749
0.763
0.765
0.748
0.745
0.794
0.806
0.82
0.801
0.795
0.787
0.776
0.756
0.761
0.775
0.777
0.759
0.717
0.688
0.688
0.707
0.718
0.75
0.765
0.757
0.749
0.77
0.781
0.771
0.753
0.765
0.767
0.763
0.759
0.779
0.775
0.771
0.785
0.793
0.769
0.729
0.736
0.744
0.751
0.74
0.743
0.769
0.786
0.765
0.769
0.776
0.774
0.763
0.771
0.772
0.77
0.784
0.784
0.763
0.761
0.782
0.795
0.793
0.794
0.81
0.792
0.778
0.78
0.783
0.764
0.761
0.776
0.762
0.753
0.781
0.774
0.763
0.772
0.779
0.771
0.77
0.774
0.769
0.748
0.753
0.748
0.74
0.727
0.749
0.752
0.743
0.721
0.724
0.77
0.791
0.798
0.778
0.751
0.76
0.757
0.745
0.747
0.756
0.746
0.746
0.763
0.761
0.752
0.771
0.756
0.75
0.738
0.749
0.771
0.763
0.773
0.799
0.786
0.769
0.786
0.787
0.771
0.782
0.784
0.78
0.771
0.784
0.77
0.757
0.771
0.777
0.761
0.766
0.78
0.79
0.785
0.794
0.807
0.799
0.77
0.776
0.762
0.743
0.728
0.741
0.755
0.745
0.744
0.764
0.763
0.749
0.754
0.767
0.751
0.754
0.766
0.769
0.769
0.785
0.786
0.779
0.774
0.784
0.786
0.763
0.768
0.765
0.749
0.765
0.757
0.726
0.702
0.674
0.678
0.691
0.716
0.712
0.732
0.754
0.771
0.756
0.767
0.772
0.765
0.754
0.761
0.773
0.762
0.759
0.781
0.781
0.77
0.79
0.8
0.783
0.779
0.791
0.784
0.771
0.788
0.787
0.77
0.774
0.79
0.785
0.796
0.782
0.771
0.753
0.739
0.708
0.75
0.774
0.792
0.794
0.773
0.779
0.785
0.758
0.755
0.755
0.738
0.726
0.727
0.725
0.729
0.741
0.76
0.765
0.776
0.799
0.82
0.82
0.849
0.855
0.841
0.833
0.823
0.771
0.769
0.77
0.753
0.76
0.741
0.729
0.731
0.761
0.775
0.774
0.778
0.786
0.778
0.763
0.77
0.769
0.748
0.752
0.751
0.753
0.749
0.761
0.77
0.773
0.793
0.796
0.795
0.8
0.806
0.802
0.791
0.807
0.798
0.774
0.783
0.774
0.763
0.771
0.766
0.743
0.747
0.756
0.771
0.769
0.753
0.78
0.778
0.763
0.771
0.782
0.778
0.747
0.752
0.777
0.778
0.764
0.782
0.795
0.77
0.758
0.764
0.758
0.762
0.772
0.762
0.755
0.767
0.766
0.753
0.768
0.775
0.771
0.762
0.773
0.77
0.762
0.771
0.77
0.741
0.729
0.73
0.714
0.703
0.714
0.731
0.746
0.743
0.759
0.763
0.743
0.756
0.761
0.742
0.742
0.748
0.747
0.747
0.762
0.765
0.75
0.755
0.764
0.76
0.757
0.763
0.769
0.758
0.769
0.779
0.772
0.772
0.774
0.76
0.75
0.763
0.761
0.774
0.764
0.769
0.773
0.756
0.758
0.759
0.747
0.742
0.76
0.765
0.756
0.767
0.77
0.756
0.752
