0.7424609
0.7321959
0.725527
0.703085
0.6992695
0.7121373
0.7165648
0.7307648
0.7393085
0.7297021
0.7270182
0.724253
0.7315368
0.7531905
0.7739923
0.7780581
0.7718018
0.7641957
0.7959635
0.7932354
0.7691054
0.7898944
0.7754111
0.7897902
0.7684693
0.7170987
0.7223065
0.7071371
0.7081251
0.7720367
0.7529274
0.6943839
0.7183438
0.7262319
0.7140765
0.7217037
0.7351282
0.7502155
0.7598669
0.752225
0.7525212
0.769493
0.7809058
0.7849136
0.7736552
0.7549944
0.7553652
0.7708732
0.7858301
0.7926024
0.7799101
0.7653837
0.7715019
0.7843197
0.7923536
0.7831536
0.7699125
0.7648889
0.757008
0.7680978
0.7899305
0.7841232
0.7721747
0.7762154
0.7804109
0.7928311
0.7892362
0.7588703
0.744737
0.7440782
0.7486598
0.7569989
0.7508085
0.729822
0.7129856
0.7018038
0.7026799
0.71505
0.7216064
0.7332771
0.7425905
0.7369647
0.7370869
0.7424106
0.7380718
0.7423561
0.7551101
0.7550733
0.7468824
0.7336272
0.7231573
0.7153381
0.6981806
0.6858056
0.6854803
0.685243
0.685037
0.6824296
0.6801372
0.6917658
0.708914
0.7309189
0.7454601
0.738937
0.7371678
0.7503006
0.7620891
0.7500005
0.7312015
0.7282719
0.7274804
0.7278945
0.7298985
0.7323565
0.7343382
0.7348075
0.7260755
0.7080616
0.7020705
0.7013542
0.7001719
0.701575
0.7004067
0.7030099
0.7033329
0.696577
0.6883587
0.6807724
0.673086
0.6605429
0.6522801
0.6505908
0.6484953
0.6497748
0.6632417
0.6812178
0.6971019
0.7114124
0.7227607
0.7430056
0.7587535
0.7577154
0.7467698
0.7368536
0.7275921
0.7168008
0.7057824
0.6935011
0.6834509
0.6680301
0.659183
0.6595799
0.6596194
0.6680691
0.6773279
0.6817663
0.6872499
0.691616
0.6999355
0.7152517
0.7227341
0.7213434
0.7228892
0.7338748
0.7420662
0.7387812
0.7387107
0.7365798
0.7296199
0.7176517
0.700533
0.687739
0.6716402
0.6560324
0.6503419
0.6453584
0.6421263
0.6439197
0.6471903
0.6540819
0.6661974
0.6751941
0.6777326
0.6769948
0.6729261
0.670306
0.6719077
0.6783943
0.6853535
0.6840236
0.6837063
0.6869386
0.6870913
0.6834815
0.6821906
0.6856376
0.6851151
0.6863139
0.6849909
0.6781184
0.6818967
0.6906091
0.6910074
0.6924907
0.6951337
0.6938247
0.6888274
0.6913101
0.6968782
0.6940468
0.6921242
0.6885282
0.6836882
0.6757706
0.6621707
0.6533976
0.6506727
0.6460575
0.6467754
0.6529699
0.6525908
0.6540417
0.6586602
0.6703885
0.6859695
0.6983327
0.7125621
0.7108613
0.7108987
0.7192152
0.7109167
0.7007546
0.695044
0.6936088
0.6961592
0.6924074
0.6879517
0.683712
0.6774061
0.6715201
0.6677804
0.6639049
0.6526286
0.6452495
0.645699
0.6441405
0.6475438
0.6552234
0.6630221
0.669604
0.6790748
0.6826208
0.6722102
0.6742761
0.6818156
0.6801175
0.6756578
0.6760826
0.676138
0.6711041
0.6678407
0.6641717
0.6586169
0.6469492
0.6399808
0.6398065
0.6449697
0.6547405
0.6556095
0.659343
0.6682508
0.678273
0.6859563
0.6871269
0.691084
0.6913112
0.6879106
0.6871459
0.6823746
0.6703379
0.6623803
0.6549581
0.6499594
0.6529685
0.6594726
0.6694533
0.6751706
0.6767708
0.6749239
0.6790075
0.6729952
0.6625323
0.6653414
0.6509712
0.6423199
0.6501264
0.6540135
0.6533681
0.6499584
0.6545609
0.6622451
0.6621249
0.6513837
0.6456346
0.6471097
0.6469761
0.6491854
0.6550377
0.6640756
0.6806017
0.6888468
0.6843607
0.6860877
0.6930126
0.697645
0.6982748
0.705502
0.7149564
0.7145434
0.707228
0.7022471
0.6995153
0.6967151
0.6895988
0.6831586
0.6827172
0.6824224
0.6791206
0.6763975
0.683077
0.686058
0.6865436
0.6890704
0.6935185
0.6900577
0.6740406
0.6645502
0.6570715
0.6526273
0.6554401
0.6641109
0.6722857
0.682537
0.6825606
0.673369
0.6804158
0.6844851
0.685267
0.6882089
0.6879805
0.6889574
0.6890068
0.6890257
0.6855755
0.6784335
0.6727069
0.6682911
0.6603374
0.6508747
0.6475625
0.6406168
0.6309128
0.6316611
0.637279
0.6427671
0.6470606
0.6454928
0.6484292
0.6650986
0.679091
0.6837321
0.6839811
0.6764885
0.6690474
0.6703386
0.6712336
0.6699659
0.6677326
0.6666951
0.6703753
0.6611968
0.6477841
0.6453992
0.644583
0.6456316
0.6438556
0.6371351
0.6432267
0.6550127
0.6566797
0.6642513
0.6729351
0.6819092
0.6901714
0.6898408
0.6935763
0.6936165
0.6897817
0.6891593
0.6855884
0.6782681
0.677575
0.6720743
0.6584151
0.6529618
0.6487974
0.6511292
0.6562372
0.6602843
0.6608238
0.6587971
0.6599138
0.6591799
0.6554053
0.6487
0.6522806
0.6523702
0.6519222
0.6585304
0.6549404
0.653853
0.6578951
0.6635244
0.6690447
0.669893
0.6678657
0.668675
0.6687016
0.6555283
0.6478187
0.6509822
0.6486351
0.6523919
0.6599861
0.6631702
0.6678291
0.666544
0.6661801
0.6683648
0.670036
0.6659559
0.6520106
0.6503162
0.6550338
0.655128
0.6624761
0.6699312
0.6698678
0.6692776
0.6708001
0.6709806
0.6690118
0.6658722
0.6633041
0.65714
0.6481138
0.647523
0.6445933
0.6390103
0.6412074
0.646949
0.6518005
0.657544
0.6709168
0.6824255
0.684205
0.6839497
0.6861554
0.67984
0.6697681
0.6663234
0.6659046
0.6692667
0.6692001
0.6671206
0.670092
0.6760061
0.6818928
0.6916129
0.6985921
0.6984513
0.7041184
0.7047838
0.6963538
0.6863416
0.6725657
0.6629682
0.6646933
0.6610819
0.6582224
0.6655487
0.6681851
0.6789381
0.6966762
0.7013279
0.7011591
0.7103411
0.7179977
0.7200745
0.71511
0.7174799
0.7266479
0.7273282
0.7276589
0.723925
0.7182905
0.712475
0.7078895
0.7060344
0.6973173
0.6894172
0.6908316
0.6840547
0.6815052
0.6856406
0.6757308
0.669261
0.6728043
0.681695
0.7008941
0.7149767
0.7101569
0.7113436
0.719938
0.7187473
0.7220407
0.7195619
0.7045079
0.7017169
0.7069002
0.7080578
0.7056029
0.7015698
0.6994606
0.6975277
0.694353
0.6884816
0.6826925
0.6749244
0.6607861
0.6509585
0.6457887
0.6404458
0.6454076
0.6586089
0.6679691
0.6741134
0.6763965
0.6813786
0.6846676
0.6804988
0.6863976
0.68381
0.6764819
0.679297
0.6740756
0.66628
0.6639403
0.6562773
0.645138
0.6412077
0.6397026
0.6417636
0.6437639
0.640112
0.6381953
0.6409953
0.6438162
0.647459
0.6557573
0.664023
0.6699497
0.6738652
0.6716753
0.6687015
0.6715348
0.6742125
0.679294
0.6819426
0.6759036
0.6781219
0.6809131
0.6729126
0.6697751
0.6732335
0.6722936
0.6711588
0.673786
0.6728981
0.6724658
0.6721863
0.6666014
0.6605631
0.6508886
0.6405942
0.6388227
0.637844
0.6465071
0.6584925
0.6593311
0.6642791
0.6713329
0.6713076
0.6665525
0.6649168
0.6670074
0.669065
0.6730681
0.6745307
0.67362
0.6744087
0.6666615
0.6593101
0.6617522
0.6619483
0.6690837
0.6803168
0.689015
0.6998822
0.698978
0.6959363
0.7043599
0.7044658
0.6968984
0.6953755
0.6955275
0.6955566
0.6930965
0.6879687
0.6840989
0.686495
0.6911495
0.6906634
0.6894467
0.6918225
0.6938741
0.6853084
0.6787175
0.676744
0.6736794
0.6776389
0.6787412
0.6798828
0.6871387
0.6870662
0.6788714
0.6768418
0.6811099
0.6826505
0.683518
0.686541
0.6860265
0.6831575
0.6795842
0.6711623
0.6586606
0.6510309
0.6477351
0.6456239
0.6485487
0.6501377
0.6544651
0.6611847
0.6603701
0.6579003
0.6603484
0.6612383
0.6632986
0.6662597
0.6658233
0.662823
0.6572602
0.6538879
0.652135
0.6508964
0.6478851
0.6453876
0.6445107
0.643586
0.6411588
0.6402576
0.6404405
0.6364173
0.6349999
0.636937
0.6380378
0.6412057
0.6445717
0.647617
0.6490211
0.6480948
0.6500986
0.6471893
0.6467876
0.6439818
0.6367853
0.6372571
0.6298708
0.6241802
0.627746
0.6324478
0.6385011
0.6456675
0.6532028
0.6531228
0.6469033
0.6455883
0.6472325
0.6467189
0.6496985
0.6540264
0.6582361
0.6625078
0.6589183
0.6534581
0.6571295
0.6613398
0.6662666
0.6744732
0.6749733
0.6778289
0.6825678
0.6814133
0.6784104
0.672454
0.661113
0.6548567
0.6570675
0.6634486
0.6734137
0.6759385
0.6776203
0.6910625
0.7053433
0.7080266
0.7061188
0.7047977
0.7043814
0.7056136
0.7063378
0.7021973
0.7016467
0.7026761
0.6962096
0.6943958
0.6964021
0.7044363
0.706047
0.7219818
0.7122831
0.6821987
0.7169638
0.7271812
0.7153457
0.7187347
0.7076576
0.6958757
0.6801776
0.6759837
0.6752169
0.6701261
0.6711797
0.6725478
0.6703481
0.6677097
0.6730777
0.6747441
0.6686107
0.6709265
0.6679808
0.6628849
0.6627759
0.661433
0.6615078
0.6581936
0.6551316
0.6581892
0.6682269
0.6895483
0.6994734
0.6829513
0.6476784
0.618049
0.6203302
0.6322883
0.6642528
0.6960319
0.6974838
0.6923
0.6779483
0.6615918
0.6560052
0.6604577
0.6628633
0.6625261
0.6676624
0.6698365
0.6626796
0.6524834
0.6468335
0.6396921
0.6316917
0.6250701
0.6158988
0.6116521
0.6111973
0.6076241
0.603496
0.5971498
0.5934879
0.5954704
0.5919952
0.5863055
0.5837218
0.5835003
0.5821593
0.5801058
0.5775791
0.5724625
0.5686317
0.5675662
0.5662048
0.5628095
0.560266
0.5576508
0.5588333
0.5596433
0.5575764
0.558522
0.5548972
0.5506142
0.5525286
0.5520789
0.5501583
0.5508839
0.5498926
0.5493816
0.5494001
0.5453933
0.5440999
0.5445959
0.543545
0.5422928
0.539731
0.5406081
0.5421197
0.5397418
0.5351644
0.5332058
0.534799
0.533937
0.5311208
0.5288826
0.5294056
0.5314687
0.5303175
0.5311004
0.5303163
0.5247637
0.5247401
0.5247608
0.5224971
0.5224825
0.5191922
0.5195146
0.5220078
0.5222301
0.5236595
0.5221395
0.5233497
0.5297042
0.5340275
0.5337557
0.5345764
0.5350554
0.5352866
0.5398263
0.5440248
0.5436403
0.5426283
0.5410424
0.5314406
0.5221044
0.5190095
0.5181083
0.5189589
0.5199932
0.5210578
0.5162737
0.5080295
0.5097157
0.5126734
0.5103836
0.5097324
0.5069237
0.501102
0.5004143
0.5034639
0.5044388
0.5034514
0.4982093
0.4965034
0.5003725
0.5003397
0.4976697
0.4931227
0.4913811
0.4946434
0.4961464
0.4925225
0.4876798
0.487623
0.489252
0.4897539
0.4880023
0.4851223
0.4839314
0.4830474
0.4830696
0.4850168
0.4835349
0.4796608
0.4795396
0.4792412
0.4778641
0.4770948
0.4781377
0.4796829
0.4792922
0.4787129
0.4760636
0.47313
0.4729692
0.4740642
0.4748722
0.4762519
0.4753871
0.471673
0.4705392
0.4703481
0.4719543
0.4737649
0.4743909
0.4732688
0.4698265
0.4705142
0.4722565
0.4728517
0.4741101
0.47264
0.4705437
0.470488
0.470486
0.4716646
0.4721071
0.4720707
0.4728362
0.4732161
0.4703934
0.4669294
0.4682532
0.4706806
0.4745363
0.4759936
0.4718894
0.4716339
0.4774877
0.4744522
0.4693944
0.4748711
0.476452
0.4715393
0.4686869
0.4717069
0.4726836
0.4706032
0.4691793
0.4669535
0.4671717
0.4699761
0.4695332
0.4655877
0.4657221
0.4682174
0.4675045
0.4645355
0.4658798
0.4677615
0.4662376
0.4636511
0.4626249
0.4643941
0.4655187
0.4632055
0.4599734
0.4602145
0.4606144
0.4605028
0.4603788
0.4585608
0.4564708
0.4567474
0.4603897
0.4622891
0.4606594
0.4594347
0.4573839
0.4558524
0.4594532
0.4610272
0.4602434
0.4594891
0.4565474
0.4545117
0.4546598
0.4574473
0.4571162
0.4540292
0.4519296
0.452381
0.4556008
0.4561339
0.4549503
0.4539891
0.4541948
0.4524114
0.4532604
0.4574171
0.4563544
0.4525887
0.4517803
0.4564264
0.4580474
0.4572202
0.4542901
0.4534168
0.4573879
0.4585064
0.4595964
0.4613734
0.4592444
0.4582584
0.4628249
0.4648202
0.4665014
0.4692943
0.470771
0.4665636
0.4598357
0.465023
0.4812879
0.4962653
0.5011119
0.5032219
0.4998673
0.4948701
0.4993981
0.4999096
0.4974713
0.4973975
0.495546
0.4968428
0.5033147
0.5061431
0.5027414
0.5016143
0.5044482
0.5075138
0.5127538
0.5146227
0.5103527
0.5067415
0.5154667
0.5265769
0.530635
0.5363255
0.5372062
0.5349286
0.5296162
0.5327283
0.5392914
0.537843
0.5370966
0.5292098
0.5248567
0.5300886
0.5371602
0.5468694
0.5459823
0.5373481
0.5361014
0.5411095
0.5422739
0.5366232
0.5382477
0.5488267
0.5512364
0.5503529
0.5523634
0.5460405
0.5440087
0.5475283
0.5475673
0.5461874
0.5406154
0.5356454
0.5378515
0.5396038
0.540892
0.5482533
0.5444194
0.542064
0.5528387
0.5565084
0.5590225
0.5569639
0.5550668
0.5674054
0.577931
0.5753487
0.5712069
0.5728481
0.5684605
0.5620135
0.5555061
0.5467354
0.5391481
0.5342527
0.5304633
0.5357822
0.542075
0.53797
0.5474156
0.5561207
0.5531058
0.5563261
0.5625603
0.5595807
0.5495321
0.5460482
0.5445847
0.5427423
0.5431704
0.5406004
0.5431717
0.5561556
0.5751519
0.5901149
0.5945019
0.5988805
0.5959673
0.5887281
0.588295
0.5831886
0.5738847
0.5673325
0.5604114
0.5494144
0.5443903
0.5409747
0.5387902
0.5397801
0.5350453
0.5435244
0.5630748
0.5755824
0.5798951
0.5802047
0.5807169
0.578023
0.5729902
0.5668833
0.5635344
0.5633857
0.5626301
0.5657648
0.5632431
0.555162
0.5564187
0.560275
0.5651375
0.5671491
0.567376
0.5681576
0.5637624
0.5593118
0.5590569
0.5540753
0.548757
0.5512337
0.5481931
0.5465251
0.5391548
0.5366824
0.5490468
0.5544938
0.5588506
0.5638757
0.5728109
0.5825917
0.5785458
0.5675867
0.5663021
0.5670205
0.5676471
0.575442
0.5790242
0.57579
0.5723769
0.5717503
0.5677681
0.5625868
0.5603714
0.5620851
0.5656541
0.5662978
0.5700819
0.5757358
0.574745
0.5715405
0.5692729
0.5646669
0.5581966
0.5508472
0.5486534
0.5457737
0.5550864
0.5830193
0.6030397
0.6139382
0.6150507
0.6137005
0.6080996
0.5986991
0.5951164
0.5865411
0.5833722
0.5830108
0.5837191
0.5856837
0.5790006
0.5790231
0.5834144
0.5814802
0.5841067
0.582902
0.5754273
0.577222
0.5813781
0.5939056
0.6124454
0.6099867
0.6053513
0.6125611
0.6183795
0.6247367
0.621091
0.6136843
0.6110437
0.6126799
0.6157477
0.6065275
0.5994204
0.5982594
0.6004105
0.5984898
0.5932606
0.5991643
0.6009791
0.5961792
0.5905778
0.5902185
0.5911181
0.5914896
0.600852
0.6019321
0.5966076
0.5908019
0.5825281
0.5752468
0.5690979
0.5692193
0.571714
0.5665435
0.5656507
0.5808546
0.5955908
0.5987405
0.5918703
0.5878163
0.5968823
0.6064746
0.6061181
0.6130597
0.6208524
0.6181249
0.6159569
0.6117455
0.6086722
0.6070649
0.5984592
0.5933901
0.5955207
0.5986768
0.6043964
0.6038712
0.5994499
0.5941347
0.5904532
0.5970432
0.6000858
0.5971545
0.5924142
0.5847036
0.5839088
0.5835218
0.5819193
0.5840319
0.5915921
0.6009766
0.6026395
0.6047965
0.6045095
0.5974717
0.5916783
0.5850874
0.5781056
0.5740056
0.5709986
0.5646438
0.5699444
0.584438
0.5857924
0.5869571
0.5939037
0.5990448
0.5995134
0.5943319
0.5910201
0.5943266
0.5939365
0.5949484
0.5995451
0.5949957
0.5893474
0.5866176
0.5855979
0.5830223
0.5814651
0.5856542
0.5846815
0.5840151
0.5866353
0.5852964
0.5848681
0.5805575
0.5748717
0.5731138
0.5697289
0.5720286
0.5775546
0.5817183
0.5893777
0.5919937
0.5879295
0.5886526
0.5898112
0.590696
0.582878
0.589022
0.5939846
0.5633091
0.5558831
0.5612782
0.5598388
0.5624742
0.5618707
0.5651994
0.5709903
0.5701162
0.5653682
0.5667998
0.5680088
0.5691785
0.5684319
0.5657538
0.5708849
0.5754128
0.5736226
0.5735203
0.5722093
0.5710804
0.571828
0.5744628
0.5795
0.5867732
0.5961788
0.5947226
0.5922709
0.59867
0.5987187
0.5966714
0.5994478
0.6046938
0.6090731
0.6097713
0.6081381
0.6036513
0.600724
0.6023851
0.5978519
0.591745
0.5923686
0.5969339
0.6062669
0.6132881
0.6145486
0.6133556
0.6128083
0.6086462
0.6027122
0.5991832
0.5925988
0.5922808
0.6041235
0.6120598
0.6141384
0.618952
0.61839
0.6127298
0.6105141
0.6115895
0.6156189
0.6168807
0.611968
0.6105526
0.6066659
0.6031554
0.6023041
0.6101551
0.6284928
0.6289741
0.6273351
0.6331418
0.6316061
0.6262417
0.6253864
0.625039
0.6233991
0.6222105
0.6189626
0.615882
0.6088569
0.6024716
0.5950951
0.5895293
0.5905407
0.5868979
0.5792395
0.5794543
0.5999982
0.6261405
0.6360021
0.638028
0.6354564
0.6252535
0.6116809
0.6017715
0.5973562
0.6002922
0.6108658
0.6130954
0.6148984
0.6339262
0.6432217
0.6436996
0.6488752
0.652373
0.6553209
0.6501256
0.6432505
0.6419632
0.6386043
0.6269526
0.619985
0.629855
0.6459635
0.6488187
0.6468945
0.6510323
0.6460815
0.6351762
0.6246011
0.614692
0.6061603
0.5935576
0.5862875
0.5833219
0.5856249
0.5985497
0.6090163
0.6250003
0.6421011
0.66434
0.6772321
0.6381781
0.6354646
0.6832585
0.6810199
0.6563316
0.6424588
0.6354785
0.6285943
0.6190522
0.6148667
0.6202216
0.6357658
0.6367048
0.6322557
0.6322532
0.6288823
0.6226836
0.6134276
0.6089674
0.605771
0.6069528
0.6072277
0.6042483
0.6091028
0.6235598
0.6422214
0.6554206
0.6678567
0.6809336
0.6887174
0.6955291
0.6832041
0.6531958
0.6402004
0.6296629
0.621751
0.6250149
0.6326843
0.6372935
0.633882
0.6321164
0.6275943
0.6315947
0.6463519
0.6550633
0.6556654
0.661118
0.6693971
0.6691922
0.6703638
0.6754985
0.6772857
0.6766771
0.6708044
0.6691607
0.6656804
0.6524491
0.6439176
0.6413448
0.6405841
0.6360933
0.6356575
0.6367534
0.6355981
0.6317681
0.6267391
0.6273489
0.6275164
0.6264926
0.6187937
0.6198437
0.6249468
0.6269337
0.6381613
0.6497855
0.6578968
0.6541712
0.6496799
0.6421479
0.6306004
0.6241942
0.6202737
0.6229554
0.6224824
0.617616
0.616703
0.6260624
0.6273164
0.6271554
