0.8056119
0.8035879
0.8280037
0.8389865
0.832141
0.8034222
0.7907037
0.8083791
0.8254771
0.8102544
0.7827135
0.7788144
0.80146
0.8164583
0.8025743
0.8040106
0.818816
0.8344443
0.8380233
0.8079571
0.7903812
0.7956972
0.8001312
0.8118046
0.8209976
0.8246111
0.8299639
0.8097634
0.7928571
0.812367
0.8358257
0.8500015
0.8496362
0.8274191
0.8111539
0.8187972
0.8385278
0.853662
0.8613636
0.8484325
0.8123245
0.7926539
0.7957738
0.8066136
0.8202996
0.8359999
0.8360482
0.8191104
0.8296297
0.8574575
0.8687048
0.8577935
0.8310351
0.8253623
0.84602
0.8509358
0.8237158
0.7944127
0.7867426
0.795876
0.8077999
0.8049661
0.7955757
0.8137977
0.849695
0.8578874
0.8542849
0.844936
0.8146306
0.8038658
0.8149438
0.819565
0.8160694
0.8156176
0.8235841
0.8222302
0.8097844
0.8005388
0.7810575
0.7724995
0.7974847
0.8203021
0.8361782
0.8389591
0.8229165
0.8150737
0.8225538
0.8331473
0.8184852
0.7938269
0.7844771
0.787528
0.7993979
0.8083703
0.8056244
0.7911419
0.7905593
0.8008919
0.8184162
0.828489
0.8274307
0.8278004
0.8223546
0.8175591
0.7968469
0.7857637
0.7947439
0.8026334
0.8132803
0.8114932
0.8007923
0.814499
0.8393904
0.8412931
0.8251144
0.7927715
0.7860471
0.7992366
0.8124861
0.83027
0.8077153
0.7920241
0.8075302
0.8251374
0.8443662
0.8429507
0.8294573
0.8284532
0.8354846
0.8425848
0.856014
0.8604364
0.8405465
0.8238027
0.834774
0.8523461
0.8538359
0.8392891
0.8234495
0.8290785
0.8343565
0.8279779
0.813872
0.8025747
0.7998875
0.8032934
0.803151
0.7866809
0.7906445
0.8051422
0.8122957
0.8393694
0.8614371
0.8345927
0.8039796
0.8058808
0.8083152
0.8138122
0.8268574
0.8181798
0.8042261
0.8015597
0.8153968
0.8386396
0.8366612
0.8238994
0.8115873
0.8033568
0.8069471
0.8118921
0.8128475
0.8033045
0.7901636
0.7852354
0.7982611
0.8145913
0.8092707
0.8038577
0.8147336
0.8413352
0.8697918
0.8589304
0.8226656
0.8124931
0.8057056
0.8069429
0.8218519
0.8061182
0.792092
0.8111954
0.8372511
0.8521214
0.8541503
0.8320282
0.8086618
0.8114045
0.8168103
0.8286546
0.8409255
0.8244606
0.7969915
0.790803
0.8112103
0.8273231
0.8375188
0.8465123
0.8364441
0.8120914
0.7973923
0.8189519
0.8384905
0.840183
0.8343489
0.8168923
0.8155699
0.8295873
0.8398601
0.8283978
0.8073302
0.8004383
0.8117108
0.8231586
0.8350152
0.8289153
0.7985975
0.7857322
0.7852449
0.8004329
0.8069767
0.7845557
0.7685937
0.7712192
0.7896349
0.8119194
0.8256201
0.8164229
0.795272
0.7963834
0.7980162
0.7917503
0.8033716
0.8088588
0.7814363
0.766597
0.7826288
0.7880222
0.7966704
0.8123827
0.8006686
0.7848464
0.7820096
0.780248
0.7930299
0.800088
0.8067527
0.8156415
0.7937105
0.7775462
0.7824178
0.7943651
0.8002075
0.7805252
0.7484318
0.7300598
0.733781
0.7407177
0.752271
0.7737927
0.7749988
0.7661479
0.7778782
0.7901533
0.7927987
0.7773379
0.759248
0.7601737
0.7681488
0.7855206
0.8028001
0.8030849
0.7906916
0.7785595
0.7706335
0.7721728
0.7818837
0.7876427
0.7894095
0.792699
0.7872722
0.780628
0.7834736
0.7897914
0.8071043
0.8261867
0.8310178
0.8268251
0.8189424
0.8146713
0.8174603
0.8170728
0.7995893
0.7850606
0.7870314
0.792216
0.8064971
0.8196732
0.8231304
0.7958175
0.7670847
0.7748682
0.782123
0.8000079
0.8223295
0.8196989
0.7994084
0.7862359
0.7988413
0.8199826
0.8255493
0.7995907
0.7866429
0.8010068
0.807514
0.7994242
0.7816111
0.789016
0.8041756
0.8051334
0.8088486
0.7908801
0.7745659
0.7780817
0.7834683
0.7934689
0.8013726
0.7975478
0.7800929
0.777875
0.7851603
0.7917287
0.8073366
0.8057867
0.7873022
0.7674663
0.7444271
0.7396025
0.748854
0.7542863
0.753966
0.7381452
0.7283833
0.7370318
0.74442
0.7532841
0.7642319
0.7651984
0.7652776
0.7663515
0.7569093
0.7445186
0.7476972
0.7578202
0.7721014
0.7904013
0.7856639
0.7790755
0.8034544
0.8369815
0.8605289
0.8705305
0.8524448
0.8245436
0.8210442
0.8251734
0.826291
0.8249891
0.8181458
0.8106506
0.7946558
0.7869086
0.7896325
0.7984721
0.8186169
0.8225865
0.8060446
0.812782
0.8283207
0.8256547
0.8256509
0.8115559
0.7949749
0.7885684
0.7818559
0.7735517
0.7728425
0.7884902
0.8008278
0.7994012
0.7950623
0.8027431
0.8283434
0.8434638
0.8252051
0.8071471
0.7906673
0.7745575
0.767135
0.7535187
0.7465271
0.7438865
0.7406354
0.7524313
0.7723607
0.7750244
0.7663985
0.7582265
0.7557498
0.7622182
0.7475861
0.7448674
0.7695746
0.7816498
0.794173
0.7936241
0.7679235
0.7392109
0.7173813
0.7117349
0.7162183
0.7297878
0.7431883
0.7646909
0.7842217
0.7904626
0.7711559
0.7031757
0.7013098
0.7368921
0.7061105
0.7037793
0.7346962
0.7037458
0.6646096
0.6667344
0.6802711
0.7090846
0.6884754
0.699278
0.7277587
0.6960709
0.7159455
0.7200773
0.7015026
0.6862702
0.6653572
0.6618534
0.646707
0.6328711
0.6240839
0.6182756
0.6078807
0.5991374
0.5998419
0.5911912
0.5783314
0.5751698
0.5768389
0.5714022
0.5652848
0.5601297
0.5532765
0.5541311
0.5510454
0.5477568
0.5500281
0.5454656
0.543293
0.5465182
0.5451899
0.5418944
0.5379531
0.5364576
0.5373879
0.5354655
0.5348154
0.5361089
0.5402694
0.5409889
0.5339317
0.5338882
0.5343447
0.5276694
0.5247086
0.525287
0.5245818
0.5212747
0.5178571
0.5161965
0.5147751
0.5154775
0.5162805
0.5124749
0.5087815
0.5071832
0.5058835
0.5017506
0.5020871
0.5065062
0.5030714
0.4970813
0.4918457
0.4940083
0.4972518
0.491543
0.4867599
0.4864046
0.487594
0.4883631
0.4886265
0.4883243
0.4865719
0.4822619
0.4823709
0.4864115
0.4886119
0.4880758
0.4838467
0.4825393
0.4844102
0.4844466
0.4824858
0.4805886
0.4794133
0.4786259
0.4806297
0.4842896
0.4833004
0.4798499
0.4793068
0.4785096
0.4765513
0.4754816
0.4756123
0.4763588
0.4743826
0.4718134
0.4711968
0.468582
0.4689545
0.4717666
0.4711504
0.4732157
0.4731984
0.4700579
0.4711307
0.4716189
0.4704572
0.4694868
0.4685753
0.469563
0.471387
0.4703623
0.4699534
0.4663987
0.463297
0.4689294
0.4692873
0.4650061
0.4618155
0.461686
0.4640787
0.4627653
0.4613835
0.4582867
0.4550257
0.4538857
0.4554928
0.4593681
0.4582431
0.4537949
0.451382
0.453969
0.4544585
0.4528974
0.451795
0.4504912
0.4525807
0.4520731
0.4501205
0.447629
0.4467967
0.4502278
0.4537583
0.4516615
0.4477244
0.451728
0.4535938
0.452804
0.4517728
0.4484037
0.4510555
0.4534591
0.4515735
0.4504773
0.4494826
0.4485658
0.4507089
0.4519177
0.4512585
0.4505614
0.4473537
0.4492724
0.453327
0.452565
0.4515122
0.4492868
0.4480148
0.4522668
0.4519716
0.4506853
0.4519243
0.4479117
0.4487662
0.4517843
0.4512948
0.452841
0.4495081
0.4461389
0.4499747
0.4494515
0.4480272
0.4453633
0.4433108
0.4476945
0.4445
0.4413054
0.4445713
0.4464004
0.446439
0.4422784
0.4446991
0.4495836
0.4485041
0.4451703
0.4421931
0.4472967
0.4488373
0.4455153
0.4454789
0.4477729
0.4488464
0.4472527
0.4478831
0.4445642
0.4431942
0.4465459
0.4452202
0.4440277
0.4415933
0.4432139
0.444996
0.4423239
0.4415574
0.4382981
0.4370598
0.4411443
0.4445835
0.4442951
0.444923
0.4458952
0.4450999
0.4416217
0.4431894
0.4472643
0.4456852
0.44775
0.4464607
0.4419931
0.4431465
0.4447627
0.4440861
0.4396705
0.4400827
0.4445973
0.4430867
0.4423064
0.4435099
0.4413151
0.4410653
0.4427596
0.4410568
0.4390999
0.4378143
0.4373592
0.4397698
0.4398557
0.4383507
0.4397493
0.4377968
0.4345169
0.4378697
0.4440414
0.4433198
0.4422861
0.442209
0.4400792
0.4420674
0.4415181
0.4431239
0.4419395
0.4421438
0.4472953
0.4500082
0.4526844
0.4545359
0.4428105
0.4587654
0.4506687
0.4318652
0.5092644
0.5361936
0.5029542
0.4844542
0.4751034
0.4977131
0.5249598
0.5311435
0.525505
0.5187261
0.4997557
0.48635
0.4937397
0.5134737
0.5333252
0.5394239
0.5290923
0.5172299
0.5043395
0.4910489
0.4909559
0.5000043
0.5123876
0.5230374
0.5234575
0.5240677
0.517667
0.5038112
0.5064521
0.5204875
0.5289887
0.5353044
0.5391408
0.5289311
0.5123213
0.5166353
0.5494131
0.5702812
0.5708851
0.5697667
0.5540391
0.5325464
0.5309708
0.5451783
0.5541164
0.5625341
0.5629731
0.5434077
0.5298452
0.5259193
0.5190002
0.5143164
0.5205162
0.5400601
0.5537451
0.5406193
0.5459666
0.5861223
0.6000163
0.5937128
0.5819855
0.5580247
0.5428978
0.5449985
0.551578
0.5633987
0.5622559
0.5409621
0.5421985
0.5470193
0.5461635
0.5535206
0.5440149
0.5366785
0.5509044
0.5610856
0.574238
0.5907981
0.5814284
0.5634347
0.5613854
0.5676748
0.5810088
0.5887133
0.5731032
0.5626218
0.5672483
0.5640563
0.5527863
0.5413539
0.5384011
0.5336546
0.5651119
0.6273738
0.6376526
0.6550752
0.6475646
0.6140502
0.6462754
0.5994869
0.5493574
0.5953606
0.5816765
0.5648482
0.5812149
0.5687865
0.573183
0.5769792
0.5593378
0.5636645
0.5817899
0.5829663
0.5731131
0.5828787
0.6088393
0.6019776
0.5851538
0.5900028
0.5970752
0.6060473
0.617044
0.6177817
0.596017
0.5831206
0.5920456
0.5929404
0.5818033
0.5838442
0.5988802
0.5976814
0.5889632
0.5904719
0.5932243
0.5893834
0.5793558
0.5777993
0.5782583
0.5775621
0.5821784
0.584879
0.5814127
0.581691
0.5889413
0.5975721
0.6058804
0.6057793
0.6122553
0.6242977
0.6215923
0.6072938
0.6050978
0.5912842
0.584026
0.5867139
0.5839731
0.5858248
0.587342
0.595156
0.5821478
0.5751869
0.5718623
0.5691536
0.5679942
0.5612706
0.561163
0.5659166
0.5855777
0.6227799
0.6598484
0.669644
0.663143
0.6133615
0.5989204
0.640823
0.6463792
0.6494036
0.6353639
0.6264049
0.6324056
0.6175858
0.6146807
0.62662
0.6324324
0.6340749
0.61973
0.5965303
0.5922017
0.586971
0.6098208
0.6178195
0.6187991
0.6542181
0.6405863
0.6299228
0.6263129
0.6112414
0.619687
0.6407127
0.6764397
0.6833675
0.6562289
0.6314209
0.6304455
0.6308319
0.6084914
0.6029599
0.6356209
0.6353182
0.6112317
0.6107058
0.6025514
0.5964032
0.591806
0.5936667
0.6059623
0.6128363
0.6059079
0.6116898
0.6758787
0.6902986
0.6479011
0.6841163
0.7116604
0.6995427
0.7062405
0.7152168
0.7064529
0.6878372
0.6900741
0.7087501
0.7251897
0.7005319
0.6701414
0.6939022
0.7192183
0.6803334
0.6677054
0.6992006
0.6782777
0.6438146
0.620243
0.6313618
0.6922922
0.7206109
0.6902959
0.6698379
0.7071246
0.7159032
0.7019117
0.7201716
0.7055169
0.6930226
0.7016698
0.71962
0.7269712
0.7053822
0.7044446
0.7171712
0.7257781
0.7107807
0.695646
0.7189895
0.7390258
0.7309959
0.7196302
0.7121543
0.7185227
0.7169633
0.6786729
0.6541438
0.6636307
0.6758871
0.6741139
0.659533
0.6414504
0.6358879
0.6006398
0.6195502
0.6710464
0.6370212
0.6413017
0.6565314
0.6526142
0.6794913
0.6996992
0.6731769
0.6492175
0.6622985
0.6639822
0.6556832
0.6365027
0.6307266
0.6440617
0.6582388
0.6814102
0.6904488
0.6818278
0.6605604
0.6334326
0.6222587
0.6099279
0.6035097
0.6238809
0.6537289
0.6724909
0.6868215
0.6795897
0.6809011
0.7139598
0.7248375
0.711845
0.6950734
0.692508
0.7044414
0.7009845
0.6886526
0.6868186
0.6734976
0.6501251
0.6530259
0.6681092
0.6782321
0.6917892
0.6861644
0.6719782
0.6634798
0.6617801
0.6588279
0.6499373
0.634619
0.6254768
0.6287367
0.6197576
0.6219247
0.6143661
0.6230587
0.6348428
0.614907
0.6155118
0.6037654
0.6064845
0.5958564
0.6171754
0.6715474
0.6234409
0.6004916
0.6077667
0.6026688
0.6124685
0.6190549
0.6499925
0.6798456
0.6835564
0.6601821
0.6494099
0.6625195
0.675542
0.6883768
0.6838741
0.6877606
0.7173144
0.7253376
0.7139625
0.7049912
0.6927052
0.7007442
0.7166355
0.7050881
0.6819664
0.657877
0.6410459
0.6418981
0.6722749
0.6947141
0.6826549
0.6933818
0.7292342
0.7539771
0.7531078
0.7305139
0.7212744
0.7275784
0.7268237
0.7190312
0.707745
0.7009533
0.7044327
0.708213
0.7032145
0.7017289
0.7226984
0.7561972
0.7575093
0.7598979
0.7616251
0.7269153
0.7059695
0.7082753
0.7004886
0.6597275
0.6492539
0.6611235
0.6489621
0.6336162
0.6702983
0.7470137
0.7755924
0.7713349
0.7655798
0.7549958
0.7276601
0.7141429
0.7111669
0.7141527
0.7488787
0.7606685
0.7571703
0.7629727
0.7599528
0.7135406
0.6546485
0.6431679
0.6477071
0.6636186
0.6767637
0.6943198
0.7082098
0.698801
0.7025806
0.7026456
0.6741086
0.6618565
0.675961
0.6947121
0.7035704
0.6886351
0.6809218
0.6869745
0.6853149
0.6911913
0.7051564
0.7038875
0.6919413
0.6824936
0.6842548
0.7139453
0.7472345
0.7403438
0.7240893
0.7320322
0.7454213
0.744628
0.7499705
0.7565629
0.7405133
0.7143418
0.7034121
0.7074098
0.7084567
0.7018711
0.7070424
0.7466832
0.760908
0.7531835
0.7547006
0.739668
0.7328283
0.7334647
0.7387311
0.7396099
0.7221088
0.7175377
0.7318047
0.7536533
0.7636359
0.7428237
0.729508
0.7318089
0.7226661
0.7116625
0.6999321
0.6952134
0.7096648
0.7300873
0.7456472
0.7437783
0.7306025
0.7203224
0.7153086
0.7167409
0.7137417
0.7040713
0.694082
0.6915523
0.6921429
0.6954485
0.6956303
0.6963474
0.7033371
0.6976389
0.6857294
0.6772661
0.6698488
0.67317
0.6857932
0.6948692
0.7034123
0.7022855
0.6887017
0.67757
0.6840139
0.7015761
0.7132079
0.7149658
0.7124046
0.7169783
0.7250031
0.733014
0.7275459
0.7174004
0.7188807
0.7220127
0.725088
0.7232976
0.7034058
0.6995879
0.7121476
0.7106309
0.717473
0.7132555
0.7134856
0.7283145
0.7439729
0.7508082
0.7193701
0.7041654
0.7139359
0.7239932
0.7307268
0.7174395
0.7044228
0.7029317
0.6972739
0.6792108
0.6624409
0.6660598
0.6828277
0.6891858
0.6891228
0.7041632
0.724064
0.7347344
0.7365304
0.7236561
0.71791
0.7259828
0.7408407
0.7508209
0.7370053
0.7276381
0.7355418
0.7399045
0.7536386
0.7667529
0.7474312
0.7272991
0.724836
0.7275784
0.7322061
0.7292038
0.7219359
0.7183087
0.7267174
0.7419801
0.7427973
0.7366947
0.7364296
0.7443056
0.7552871
0.7605125
0.7545017
0.736185
0.7237493
0.7247333
0.7291462
0.7284332
0.7380812
0.7440119
0.7230566
0.7152646
0.7252958
0.73065
0.7319792
0.723339
0.7131826
0.7111538
0.7196176
0.7342638
0.7522025
0.7535832
0.7400574
0.7385734
0.7501777
0.7598693
0.7712635
0.7714171
0.7529349
